# BLASTN 2.8.1+
# Query: NC_011593.1:c2595355-2593832 Bifidobacterium longum subsp. infantis ATCC 15697, complete genome
# Database: blast/blast_all_dna_genomes_echo_cleaned.faa
# Fields: query acc.ver, subject acc.ver, % identity, alignment length, mismatches, gap opens, q. start, q. end, s. start, s. end, evalue, bit score
# 79 hits found
NC_011593.1:c2595355-2593832	NB551033:76:HLGC3BGX5:2:12304:19337:4333_2	98.667	150	2	0	524	673	1	150	3.04e-69	267
NC_011593.1:c2595355-2593832	NB551033:76:HLGC3BGX5:4:22403:7930:14632	98.667	150	2	0	1005	1154	1	150	3.04e-69	267
NC_011593.1:c2595355-2593832	NB551033:76:HLGC3BGX5:1:11310:9929:8139_3	98.649	148	2	0	1032	1179	1	148	3.93e-68	263
NC_011593.1:c2595355-2593832	NB551033:76:HLGC3BGX5:3:21401:6412:15211_2	98.649	148	2	0	999	1146	1	148	3.93e-68	263
NC_011593.1:c2595355-2593832	NB551033:76:HLGC3BGX5:2:11311:6836:15904	98.013	151	3	0	545	695	151	1	3.93e-68	263
NC_011593.1:c2595355-2593832	NB551033:76:HLGC3BGX5:1:11310:9929:8139	98.649	148	2	0	1032	1179	1	148	3.93e-68	263
NC_011593.1:c2595355-2593832	NB551033:76:HLGC3BGX5:1:11310:9929:8139_2	98.000	150	3	0	1069	1218	150	1	1.41e-67	261
NC_011593.1:c2595355-2593832	NB551033:76:HLGC3BGX5:2:13304:3569:16613	98.000	150	3	0	796	945	1	150	1.41e-67	261
NC_011593.1:c2595355-2593832	NB551033:76:HLGC3BGX5:1:22312:22818:16981	98.000	150	3	0	397	546	150	1	1.41e-67	261
NC_011593.1:c2595355-2593832	NB551033:76:HLGC3BGX5:2:13203:7985:11731	97.987	149	3	0	1120	1268	150	2	5.08e-67	259
NC_011593.1:c2595355-2593832	NB551033:76:HLGC3BGX5:4:13506:1859:1815_2	99.296	142	1	0	940	1081	1	142	1.83e-66	257
NC_011593.1:c2595355-2593832	NB551033:76:HLGC3BGX5:3:21606:17282:15588_2	98.621	145	2	0	413	557	145	1	1.83e-66	257
NC_011593.1:c2595355-2593832	NB551033:76:HLGC3BGX5:2:21307:25559:1975_2	97.973	148	3	0	1077	1224	148	1	1.83e-66	257
NC_011593.1:c2595355-2593832	NB551033:76:HLGC3BGX5:2:13304:3569:16613_2	97.351	151	4	0	855	1005	151	1	1.83e-66	257
NC_011593.1:c2595355-2593832	NB551033:76:HLGC3BGX5:4:13506:1859:1815	99.296	142	1	0	940	1081	142	1	1.83e-66	257
NC_011593.1:c2595355-2593832	NB551033:76:HLGC3BGX5:3:21606:17282:15588	98.621	145	2	0	413	557	1	145	1.83e-66	257
NC_011593.1:c2595355-2593832	NB551033:76:HLGC3BGX5:2:21307:25559:1975	97.973	148	3	0	1077	1224	1	148	1.83e-66	257
NC_011593.1:c2595355-2593832	NB551033:76:HLGC3BGX5:2:12304:19337:4333	97.351	151	4	0	707	857	151	1	1.83e-66	257
NC_011593.1:c2595355-2593832	NB551033:76:HLGC3BGX5:2:11201:19186:13377_2	97.333	150	4	0	859	1008	150	1	6.58e-66	255
NC_011593.1:c2595355-2593832	NB551033:76:HLGC3BGX5:1:21304:23632:13187_3	97.297	148	4	0	62	209	1	148	8.51e-65	252
NC_011593.1:c2595355-2593832	NB551033:76:HLGC3BGX5:4:12408:9986:11876_2	97.297	148	4	0	1090	1237	1	148	8.51e-65	252
NC_011593.1:c2595355-2593832	NB551033:76:HLGC3BGX5:2:11311:6836:15904_2	96.689	151	5	0	68	218	1	151	8.51e-65	252
NC_011593.1:c2595355-2593832	NB551033:76:HLGC3BGX5:1:21304:23632:13187_2	96.689	151	5	0	67	217	151	1	8.51e-65	252
NC_011593.1:c2595355-2593832	NB551033:76:HLGC3BGX5:4:12408:9986:11876	97.297	148	4	0	1090	1237	148	1	8.51e-65	252
NC_011593.1:c2595355-2593832	NB551033:76:HLGC3BGX5:1:21304:23632:13187	97.297	148	4	0	62	209	1	148	8.51e-65	252
NC_011593.1:c2595355-2593832	NB551033:76:HLGC3BGX5:2:11107:11512:6617	96.667	150	5	0	57	206	1	150	3.06e-64	250
NC_011593.1:c2595355-2593832	NB551033:76:HLGC3BGX5:3:21401:6412:15211	97.241	145	4	0	1233	1377	145	1	3.96e-63	246
NC_011593.1:c2595355-2593832	NB551033:76:HLGC3BGX5:2:11201:19186:13377	96.000	150	6	0	666	815	1	150	1.42e-62	244
NC_011593.1:c2595355-2593832	NB551033:76:HLGC3BGX5:1:22312:22818:16981_2	95.238	147	7	0	287	433	1	147	3.08e-59	233
NC_011593.1:c2595355-2593832	NB551033:76:HLGC3BGX5:2:21107:2792:1947_2	94.040	151	9	0	147	297	1	151	3.99e-58	230
NC_011593.1:c2595355-2593832	NB551033:76:HLGC3BGX5:2:11107:11512:6617_2	94.040	151	9	0	265	415	151	1	3.99e-58	230
NC_011593.1:c2595355-2593832	NB551033:76:HLGC3BGX5:3:12608:5433:17459_2	94.000	150	9	0	294	443	150	1	1.43e-57	228
NC_011593.1:c2595355-2593832	NB551033:76:HLGC3BGX5:2:21107:2792:1947	94.000	150	9	0	215	364	150	1	1.43e-57	228
NC_011593.1:c2595355-2593832	NB551033:76:HLGC3BGX5:2:13203:7985:11731_2	93.333	150	10	0	879	1028	1	150	6.67e-56	222
NC_011593.1:c2595355-2593832	NB551033:76:HLGC3BGX5:3:13503:11420:10246_2	91.391	151	13	0	406	556	151	1	1.87e-51	207
NC_011593.1:c2595355-2593832	NB551033:76:HLGC3BGX5:3:21407:14967:7577	91.391	151	13	0	397	547	1	151	1.87e-51	207
NC_011593.1:c2595355-2593832	NB551033:76:HLGC3BGX5:3:13503:11420:10246	91.391	151	13	0	397	547	1	151	1.87e-51	207
NC_011593.1:c2595355-2593832	NB551033:76:HLGC3BGX5:4:12406:20267:1805	91.837	147	12	0	412	558	148	2	6.72e-51	206
NC_011593.1:c2595355-2593832	NB551033:76:HLGC3BGX5:4:23610:11302:7636	91.216	148	13	0	397	544	1	148	8.69e-50	202
NC_011593.1:c2595355-2593832	NB551033:76:HLGC3BGX5:3:11605:8586:9169_2	99.099	111	1	0	568	678	1	111	3.13e-49	200
NC_011593.1:c2595355-2593832	NB551033:76:HLGC3BGX5:3:11605:8586:9169	99.099	111	1	0	568	678	113	3	3.13e-49	200
NC_011593.1:c2595355-2593832	NB551033:76:HLGC3BGX5:3:22601:9560:13033_2	95.200	125	6	0	287	411	1	125	1.12e-48	198
NC_011593.1:c2595355-2593832	NB551033:76:HLGC3BGX5:3:22601:9560:13033	95.200	125	6	0	287	411	125	1	1.12e-48	198
NC_011593.1:c2595355-2593832	NB551033:76:HLGC3BGX5:1:13105:23713:11466_2	88.667	150	17	0	357	506	1	150	3.15e-44	183
NC_011593.1:c2595355-2593832	NB551033:76:HLGC3BGX5:3:12504:21045:2346	88.514	148	17	0	372	519	1	148	4.07e-43	180
NC_011593.1:c2595355-2593832	NB551033:76:HLGC3BGX5:2:21104:14835:2714_2	97.059	102	3	0	52	153	6	107	6.81e-41	172
NC_011593.1:c2595355-2593832	NB551033:76:HLGC3BGX5:2:21104:14835:2714	97.059	102	3	0	52	153	102	1	6.81e-41	172
NC_011593.1:c2595355-2593832	NB551033:76:HLGC3BGX5:1:21107:9929:5450_2	86.806	144	19	0	325	468	144	1	1.47e-37	161
NC_011593.1:c2595355-2593832	NB551033:76:HLGC3BGX5:1:22105:1969:8393_2	86.301	146	18	2	191	335	145	1	1.91e-36	158
NC_011593.1:c2595355-2593832	NB551033:76:HLGC3BGX5:1:13105:23713:11466_3	86.014	143	20	0	499	641	151	9	2.47e-35	154
NC_011593.1:c2595355-2593832	NB551033:76:HLGC3BGX5:1:13105:23713:11466	86.014	143	20	0	499	641	151	9	2.47e-35	154
NC_011593.1:c2595355-2593832	NB551033:76:HLGC3BGX5:4:22403:7930:14632_2	89.744	117	12	0	1188	1304	117	1	3.19e-34	150
NC_011593.1:c2595355-2593832	NB551033:76:HLGC3BGX5:1:11201:2523:15132_3	100.000	79	0	0	411	489	1	79	4.13e-33	147
NC_011593.1:c2595355-2593832	NB551033:76:HLGC3BGX5:1:11201:2523:15132_2	100.000	79	0	0	411	489	79	1	4.13e-33	147
NC_011593.1:c2595355-2593832	NB551033:76:HLGC3BGX5:1:11201:2523:15132	100.000	79	0	0	411	489	1	79	4.13e-33	147
NC_011593.1:c2595355-2593832	NB551033:76:HLGC3BGX5:1:11304:21928:1587_2	85.211	142	19	2	201	341	150	10	1.49e-32	145
NC_011593.1:c2595355-2593832	NB551033:76:HLGC3BGX5:1:12202:3300:11883_3	84.000	150	22	2	262	410	150	2	5.34e-32	143
NC_011593.1:c2595355-2593832	NB551033:76:HLGC3BGX5:4:23601:24098:5715_2	86.822	129	15	2	214	341	2	129	5.34e-32	143
NC_011593.1:c2595355-2593832	NB551033:76:HLGC3BGX5:1:12202:3300:11883	84.000	150	22	2	262	410	150	2	5.34e-32	143
NC_011593.1:c2595355-2593832	NB551033:76:HLGC3BGX5:4:23601:24098:5715	86.719	128	15	2	215	341	151	25	1.92e-31	141
NC_011593.1:c2595355-2593832	NB551033:76:HLGC3BGX5:4:13403:10056:4905	86.992	123	14	2	220	341	3	124	2.49e-30	137
NC_011593.1:c2595355-2593832	NB551033:76:HLGC3BGX5:4:12406:20267:1805_2	83.221	149	23	2	267	414	1	148	8.94e-30	135
NC_011593.1:c2595355-2593832	NB551033:76:HLGC3BGX5:3:13406:15611:14420_2	98.630	73	1	0	981	1053	1	73	4.16e-28	130
NC_011593.1:c2595355-2593832	NB551033:76:HLGC3BGX5:3:13406:15611:14420	98.630	73	1	0	981	1053	73	1	4.16e-28	130
NC_011593.1:c2595355-2593832	NB551033:76:HLGC3BGX5:3:23604:18299:17165_2	82.432	148	24	2	249	395	1	147	1.50e-27	128
NC_011593.1:c2595355-2593832	NB551033:76:HLGC3BGX5:3:23604:18299:17165	82.432	148	24	2	249	395	149	3	1.50e-27	128
NC_011593.1:c2595355-2593832	NB551033:76:HLGC3BGX5:1:21106:21974:12083_3	85.124	121	18	0	521	641	124	4	1.93e-26	124
NC_011593.1:c2595355-2593832	NB551033:76:HLGC3BGX5:1:21106:21974:12083_2	85.124	121	18	0	521	641	1	121	1.93e-26	124
NC_011593.1:c2595355-2593832	NB551033:76:HLGC3BGX5:1:21106:21974:12083	85.124	121	18	0	521	641	124	4	1.93e-26	124
NC_011593.1:c2595355-2593832	NB551033:76:HLGC3BGX5:3:13409:22241:7067_2	94.737	76	4	0	481	556	76	1	9.00e-25	119
NC_011593.1:c2595355-2593832	NB551033:76:HLGC3BGX5:3:23410:4653:17404_2	84.167	120	19	0	458	577	1	120	3.24e-24	117
NC_011593.1:c2595355-2593832	NB551033:76:HLGC3BGX5:3:13409:22241:7067	93.151	73	5	0	481	553	3	75	1.95e-21	108
NC_011593.1:c2595355-2593832	NB551033:76:HLGC3BGX5:3:23510:2588:1756_2	96.774	62	2	0	84	145	62	1	2.52e-20	104
NC_011593.1:c2595355-2593832	NB551033:76:HLGC3BGX5:3:23510:2588:1756	96.774	62	2	0	84	145	1	62	2.52e-20	104
NC_011593.1:c2595355-2593832	NB551033:76:HLGC3BGX5:4:11601:13076:13406_2	93.443	61	4	0	246	306	1	61	1.96e-16	91.6
NC_011593.1:c2595355-2593832	NB551033:76:HLGC3BGX5:4:11601:13076:13406	93.443	61	4	0	246	306	61	1	1.96e-16	91.6
NC_011593.1:c2595355-2593832	NB551033:76:HLGC3BGX5:1:21311:3500:11922_3	95.918	49	2	0	262	310	50	2	4.25e-13	80.5
NC_011593.1:c2595355-2593832	NB551033:76:HLGC3BGX5:1:21311:3500:11922_2	95.918	49	2	0	262	310	6	54	4.25e-13	80.5
NC_011593.1:c2595355-2593832	NB551033:76:HLGC3BGX5:1:21311:3500:11922	95.918	49	2	0	262	310	50	2	4.25e-13	80.5
# BLASTN 2.8.1+
# Query: NC_011593.1:c2597106-2595574 Bifidobacterium longum subsp. infantis ATCC 15697, complete genome
# Database: blast/blast_all_dna_genomes_echo_cleaned.faa
# Fields: query acc.ver, subject acc.ver, % identity, alignment length, mismatches, gap opens, q. start, q. end, s. start, s. end, evalue, bit score
# 45 hits found
NC_011593.1:c2597106-2595574	NB551033:76:HLGC3BGX5:1:22312:22818:16981	94.631	149	8	0	398	546	149	1	1.11e-58	231
NC_011593.1:c2597106-2595574	NB551033:76:HLGC3BGX5:3:21606:17282:15588_2	94.406	143	8	0	413	555	145	3	2.41e-55	220
NC_011593.1:c2597106-2595574	NB551033:76:HLGC3BGX5:3:21606:17282:15588	94.406	143	8	0	413	555	1	143	2.41e-55	220
NC_011593.1:c2597106-2595574	NB551033:76:HLGC3BGX5:3:21407:14967:7577	90.667	150	14	0	398	547	2	151	3.14e-49	200
NC_011593.1:c2597106-2595574	NB551033:76:HLGC3BGX5:3:13503:11420:10246	90.667	150	14	0	398	547	2	151	3.14e-49	200
NC_011593.1:c2597106-2595574	NB551033:76:HLGC3BGX5:4:23610:11302:7636	91.608	143	12	0	398	540	2	144	1.13e-48	198
NC_011593.1:c2597106-2595574	NB551033:76:HLGC3BGX5:3:13503:11420:10246_2	90.000	150	15	0	406	555	151	2	1.46e-47	195
NC_011593.1:c2597106-2595574	NB551033:76:HLGC3BGX5:4:12406:20267:1805	89.796	147	15	0	412	558	148	2	6.81e-46	189
NC_011593.1:c2597106-2595574	NB551033:76:HLGC3BGX5:1:13105:23713:11466_2	88.000	150	18	0	357	506	1	150	1.47e-42	178
NC_011593.1:c2597106-2595574	NB551033:76:HLGC3BGX5:2:21107:2792:1947	93.277	119	8	0	215	333	150	32	5.30e-42	176
NC_011593.1:c2597106-2595574	NB551033:76:HLGC3BGX5:3:12504:21045:2346	86.667	150	20	0	372	521	1	150	3.19e-39	167
NC_011593.1:c2597106-2595574	NB551033:76:HLGC3BGX5:1:23310:11376:3414_2	92.793	111	8	0	24	134	111	1	1.48e-37	161
NC_011593.1:c2597106-2595574	NB551033:76:HLGC3BGX5:1:23310:11376:3414	92.793	111	8	0	24	134	1	111	1.48e-37	161
NC_011593.1:c2597106-2595574	NB551033:76:HLGC3BGX5:1:13105:23713:11466_3	84.868	152	21	2	499	649	151	1	8.93e-35	152
NC_011593.1:c2597106-2595574	NB551033:76:HLGC3BGX5:1:13105:23713:11466	84.868	152	21	2	499	649	151	1	8.93e-35	152
NC_011593.1:c2597106-2595574	NB551033:76:HLGC3BGX5:2:21104:14835:2714_2	92.308	104	8	0	47	150	1	104	1.16e-33	148
NC_011593.1:c2597106-2595574	NB551033:76:HLGC3BGX5:2:21104:14835:2714	92.308	104	8	0	47	150	107	4	1.16e-33	148
NC_011593.1:c2597106-2595574	NB551033:76:HLGC3BGX5:2:11201:19186:13377	84.564	149	23	0	667	815	2	150	1.16e-33	148
NC_011593.1:c2597106-2595574	NB551033:76:HLGC3BGX5:1:11201:2523:15132_3	100.000	79	0	0	411	489	1	79	4.15e-33	147
NC_011593.1:c2597106-2595574	NB551033:76:HLGC3BGX5:1:21107:9929:5450_2	88.983	118	13	0	351	468	118	1	4.15e-33	147
NC_011593.1:c2597106-2595574	NB551033:76:HLGC3BGX5:1:11201:2523:15132_2	100.000	79	0	0	411	489	79	1	4.15e-33	147
NC_011593.1:c2597106-2595574	NB551033:76:HLGC3BGX5:1:11201:2523:15132	100.000	79	0	0	411	489	1	79	4.15e-33	147
NC_011593.1:c2597106-2595574	NB551033:76:HLGC3BGX5:3:12608:5433:17459_2	83.660	153	19	4	294	443	150	1	6.95e-31	139
NC_011593.1:c2597106-2595574	NB551033:76:HLGC3BGX5:2:12304:19337:4333	91.176	102	9	0	745	846	113	12	6.95e-31	139
NC_011593.1:c2597106-2595574	NB551033:76:HLGC3BGX5:2:11107:11512:6617	83.893	149	20	4	57	203	1	147	6.95e-31	139
NC_011593.1:c2597106-2595574	NB551033:76:HLGC3BGX5:1:21304:23632:13187_3	84.028	144	19	4	62	203	1	142	8.99e-30	135
NC_011593.1:c2597106-2595574	NB551033:76:HLGC3BGX5:1:21304:23632:13187	84.028	144	19	4	62	203	1	142	8.99e-30	135
NC_011593.1:c2597106-2595574	NB551033:76:HLGC3BGX5:1:21304:23632:13187_2	83.453	139	19	4	67	203	151	15	5.41e-27	126
NC_011593.1:c2597106-2595574	NB551033:76:HLGC3BGX5:2:13203:7985:11731	82.000	150	25	2	1120	1268	150	2	5.41e-27	126
NC_011593.1:c2597106-2595574	NB551033:76:HLGC3BGX5:4:12408:9986:11876_2	83.212	137	21	2	1094	1229	5	140	1.95e-26	124
NC_011593.1:c2597106-2595574	NB551033:76:HLGC3BGX5:2:11311:6836:15904_2	83.333	138	19	4	68	203	1	136	1.95e-26	124
NC_011593.1:c2597106-2595574	NB551033:76:HLGC3BGX5:1:11310:9929:8139_2	82.313	147	22	4	1073	1217	146	2	1.95e-26	124
NC_011593.1:c2597106-2595574	NB551033:76:HLGC3BGX5:4:12408:9986:11876	83.212	137	21	2	1094	1229	144	9	1.95e-26	124
NC_011593.1:c2597106-2595574	NB551033:76:HLGC3BGX5:1:21106:21974:12083_3	84.000	125	18	2	521	644	124	1	9.06e-25	119
NC_011593.1:c2597106-2595574	NB551033:76:HLGC3BGX5:2:21307:25559:1975_2	83.206	131	20	2	1094	1223	131	2	9.06e-25	119
NC_011593.1:c2597106-2595574	NB551033:76:HLGC3BGX5:1:21106:21974:12083_2	84.426	122	17	2	521	641	1	121	9.06e-25	119
NC_011593.1:c2597106-2595574	NB551033:76:HLGC3BGX5:2:21307:25559:1975	84.000	125	18	2	1094	1217	18	141	9.06e-25	119
NC_011593.1:c2597106-2595574	NB551033:76:HLGC3BGX5:1:21106:21974:12083	84.000	125	18	2	521	644	124	1	9.06e-25	119
NC_011593.1:c2597106-2595574	NB551033:76:HLGC3BGX5:1:11310:9929:8139_3	81.290	155	20	8	1032	1182	1	150	3.26e-24	117
NC_011593.1:c2597106-2595574	NB551033:76:HLGC3BGX5:4:22403:7930:14632	82.734	139	16	7	1020	1154	16	150	3.26e-24	117
NC_011593.1:c2597106-2595574	NB551033:76:HLGC3BGX5:1:11310:9929:8139	81.290	155	20	8	1032	1182	1	150	3.26e-24	117
NC_011593.1:c2597106-2595574	NB551033:76:HLGC3BGX5:3:21604:20025:7696_2	80.952	147	26	2	521	666	1	146	1.17e-23	115
NC_011593.1:c2597106-2595574	NB551033:76:HLGC3BGX5:2:13304:3569:16613	78.000	150	33	0	796	945	1	150	1.53e-17	95.3
NC_011593.1:c2597106-2595574	NB551033:76:HLGC3BGX5:3:23510:2588:1756_2	93.103	58	4	0	88	145	58	1	9.19e-15	86.1
NC_011593.1:c2597106-2595574	NB551033:76:HLGC3BGX5:3:23510:2588:1756	91.803	61	5	0	85	145	2	62	9.19e-15	86.1
# BLASTN 2.8.1+
# Query: NC_011593.1:c2598562-2597207 Bifidobacterium longum subsp. infantis ATCC 15697, complete genome
# Database: blast/blast_all_dna_genomes_echo_cleaned.faa
# Fields: query acc.ver, subject acc.ver, % identity, alignment length, mismatches, gap opens, q. start, q. end, s. start, s. end, evalue, bit score
# 62 hits found
NC_011593.1:c2598562-2597207	NB551033:76:HLGC3BGX5:1:21101:8991:18413_3	100.000	151	0	0	765	915	151	1	3.50e-73	279
NC_011593.1:c2598562-2597207	NB551033:76:HLGC3BGX5:4:13505:26421:4312_2	100.000	151	0	0	894	1044	1	151	3.50e-73	279
NC_011593.1:c2598562-2597207	NB551033:76:HLGC3BGX5:3:23401:2031:17941_2	100.000	151	0	0	1072	1222	1	151	3.50e-73	279
NC_011593.1:c2598562-2597207	NB551033:76:HLGC3BGX5:3:21510:21286:3900_2	100.000	151	0	0	701	851	151	1	3.50e-73	279
NC_011593.1:c2598562-2597207	NB551033:76:HLGC3BGX5:1:23104:25675:6186_2	100.000	151	0	0	336	486	1	151	3.50e-73	279
NC_011593.1:c2598562-2597207	NB551033:76:HLGC3BGX5:1:21304:4838:17786_2	100.000	151	0	0	669	819	1	151	3.50e-73	279
NC_011593.1:c2598562-2597207	NB551033:76:HLGC3BGX5:1:13308:8861:13169_2	100.000	151	0	0	1072	1222	1	151	3.50e-73	279
NC_011593.1:c2598562-2597207	NB551033:76:HLGC3BGX5:3:21604:21926:9551	100.000	151	0	0	260	410	151	1	3.50e-73	279
NC_011593.1:c2598562-2597207	NB551033:76:HLGC3BGX5:3:21510:21286:3900	100.000	151	0	0	532	682	1	151	3.50e-73	279
NC_011593.1:c2598562-2597207	NB551033:76:HLGC3BGX5:2:12203:7280:2315	100.000	151	0	0	566	716	1	151	3.50e-73	279
NC_011593.1:c2598562-2597207	NB551033:76:HLGC3BGX5:1:21101:8991:18413	100.000	151	0	0	765	915	151	1	3.50e-73	279
NC_011593.1:c2598562-2597207	NB551033:76:HLGC3BGX5:2:12203:7280:2315_2	100.000	150	0	0	729	878	150	1	1.26e-72	278
NC_011593.1:c2598562-2597207	NB551033:76:HLGC3BGX5:1:21306:4090:19914_2	100.000	150	0	0	1122	1271	1	150	1.26e-72	278
NC_011593.1:c2598562-2597207	NB551033:76:HLGC3BGX5:1:21101:8991:18413_2	100.000	150	0	0	566	715	1	150	1.26e-72	278
NC_011593.1:c2598562-2597207	NB551033:76:HLGC3BGX5:4:13505:26421:4312	100.000	150	0	0	895	1044	150	1	1.26e-72	278
NC_011593.1:c2598562-2597207	NB551033:76:HLGC3BGX5:1:23201:3742:5666	100.000	150	0	0	597	746	150	1	1.26e-72	278
NC_011593.1:c2598562-2597207	NB551033:76:HLGC3BGX5:1:23104:25675:6186	100.000	150	0	0	661	810	150	1	1.26e-72	278
NC_011593.1:c2598562-2597207	NB551033:76:HLGC3BGX5:1:21304:4838:17786_3	100.000	149	0	0	751	899	149	1	4.53e-72	276
NC_011593.1:c2598562-2597207	NB551033:76:HLGC3BGX5:1:13308:8861:13169_3	100.000	149	0	0	1144	1292	149	1	4.53e-72	276
NC_011593.1:c2598562-2597207	NB551033:76:HLGC3BGX5:1:21304:4838:17786	100.000	149	0	0	751	899	149	1	4.53e-72	276
NC_011593.1:c2598562-2597207	NB551033:76:HLGC3BGX5:1:13308:8861:13169	100.000	149	0	0	1144	1292	149	1	4.53e-72	276
NC_011593.1:c2598562-2597207	NB551033:76:HLGC3BGX5:1:21306:4090:19914_3	100.000	148	0	0	1198	1345	148	1	1.63e-71	274
NC_011593.1:c2598562-2597207	NB551033:76:HLGC3BGX5:2:13204:7091:4030_2	99.338	151	1	0	765	915	1	151	1.63e-71	274
NC_011593.1:c2598562-2597207	NB551033:76:HLGC3BGX5:3:22409:3762:16464	100.000	148	0	0	896	1043	148	1	1.63e-71	274
NC_011593.1:c2598562-2597207	NB551033:76:HLGC3BGX5:1:21306:4090:19914	100.000	148	0	0	1198	1345	148	1	1.63e-71	274
NC_011593.1:c2598562-2597207	NB551033:76:HLGC3BGX5:1:23301:14123:13404_2	99.333	150	1	0	152	301	1	150	5.86e-71	272
NC_011593.1:c2598562-2597207	NB551033:76:HLGC3BGX5:1:23201:3742:5666_2	99.333	150	1	0	597	746	1	150	5.86e-71	272
NC_011593.1:c2598562-2597207	NB551033:76:HLGC3BGX5:2:13204:7091:4030	99.333	150	1	0	839	988	150	1	5.86e-71	272
NC_011593.1:c2598562-2597207	NB551033:76:HLGC3BGX5:1:23301:14123:13404	99.324	148	1	0	519	666	148	1	7.58e-70	268
NC_011593.1:c2598562-2597207	NB551033:76:HLGC3BGX5:1:13108:16522:11338_3	100.000	144	0	0	1058	1201	144	1	2.73e-69	267
NC_011593.1:c2598562-2597207	NB551033:76:HLGC3BGX5:1:13108:16522:11338	100.000	144	0	0	1058	1201	144	1	2.73e-69	267
NC_011593.1:c2598562-2597207	NB551033:76:HLGC3BGX5:3:21502:10908:10786	100.000	140	0	0	1	140	140	1	4.56e-67	259
NC_011593.1:c2598562-2597207	NB551033:76:HLGC3BGX5:3:13404:6410:12840	100.000	139	0	0	159	297	1	139	1.64e-66	257
NC_011593.1:c2598562-2597207	NB551033:76:HLGC3BGX5:3:22409:3762:16464_2	97.333	150	4	0	595	744	1	150	5.90e-66	255
NC_011593.1:c2598562-2597207	NB551033:76:HLGC3BGX5:4:21405:2957:4093_2	97.315	149	4	0	820	968	1	149	2.12e-65	254
NC_011593.1:c2598562-2597207	NB551033:76:HLGC3BGX5:3:11409:9455:7722_2	100.000	125	0	0	673	797	1	125	9.94e-59	231
NC_011593.1:c2598562-2597207	NB551033:76:HLGC3BGX5:3:11409:9455:7722	100.000	125	0	0	673	797	125	1	9.94e-59	231
NC_011593.1:c2598562-2597207	NB551033:76:HLGC3BGX5:3:13404:6410:12840_2	94.964	139	7	0	159	297	139	1	7.74e-55	219
NC_011593.1:c2598562-2597207	NB551033:76:HLGC3BGX5:4:13404:13642:9433	100.000	113	0	0	952	1064	1	113	4.66e-52	209
NC_011593.1:c2598562-2597207	NB551033:76:HLGC3BGX5:4:13504:11439:11867_2	100.000	107	0	0	562	668	107	1	1.01e-48	198
NC_011593.1:c2598562-2597207	NB551033:76:HLGC3BGX5:4:13504:11439:11867	100.000	107	0	0	562	668	1	107	1.01e-48	198
NC_011593.1:c2598562-2597207	NB551033:76:HLGC3BGX5:3:23401:2031:17941	99.000	100	1	0	1257	1356	150	51	3.65e-43	180
NC_011593.1:c2598562-2597207	NB551033:76:HLGC3BGX5:3:22401:21526:12473_2	100.000	96	0	0	1058	1153	96	1	1.31e-42	178
NC_011593.1:c2598562-2597207	NB551033:76:HLGC3BGX5:3:22401:21526:12473	100.000	96	0	0	1058	1153	21	116	1.31e-42	178
NC_011593.1:c2598562-2597207	NB551033:76:HLGC3BGX5:4:21604:17878:11902_2	100.000	83	0	0	677	759	83	1	2.21e-35	154
NC_011593.1:c2598562-2597207	NB551033:76:HLGC3BGX5:4:21604:17878:11902	100.000	83	0	0	677	759	1	83	2.21e-35	154
NC_011593.1:c2598562-2597207	NB551033:76:HLGC3BGX5:3:22502:25384:17249	97.619	84	2	0	491	574	84	1	1.33e-32	145
NC_011593.1:c2598562-2597207	NB551033:76:HLGC3BGX5:1:13108:16522:11338_2	100.000	72	0	0	1058	1129	80	151	2.88e-29	134
NC_011593.1:c2598562-2597207	NB551033:76:HLGC3BGX5:2:13209:2398:7475_2	100.000	71	0	0	1275	1345	1	71	1.04e-28	132
NC_011593.1:c2598562-2597207	NB551033:76:HLGC3BGX5:2:13209:2398:7475	100.000	71	0	0	1275	1345	71	1	1.04e-28	132
NC_011593.1:c2598562-2597207	NB551033:76:HLGC3BGX5:3:21502:10908:10786_2	100.000	65	0	0	1	65	87	151	2.25e-25	121
NC_011593.1:c2598562-2597207	NB551033:76:HLGC3BGX5:4:13404:13642:9433_2	100.000	55	0	0	1010	1064	151	97	8.13e-20	102
NC_011593.1:c2598562-2597207	NB551033:76:HLGC3BGX5:3:23410:17290:1218_2	100.000	54	0	0	1011	1064	1	54	2.93e-19	100
NC_011593.1:c2598562-2597207	NB551033:76:HLGC3BGX5:1:13102:9835:17149_3	100.000	46	0	0	1019	1064	1	46	8.19e-15	86.1
NC_011593.1:c2598562-2597207	NB551033:76:HLGC3BGX5:2:21205:10052:11175_2	100.000	46	0	0	626	671	1	46	8.19e-15	86.1
NC_011593.1:c2598562-2597207	NB551033:76:HLGC3BGX5:2:11102:1514:13255_2	100.000	46	0	0	1311	1356	1	46	8.19e-15	86.1
NC_011593.1:c2598562-2597207	NB551033:76:HLGC3BGX5:2:21205:10052:11175	100.000	46	0	0	626	671	46	1	8.19e-15	86.1
NC_011593.1:c2598562-2597207	NB551033:76:HLGC3BGX5:1:13102:9835:17149	100.000	46	0	0	1019	1064	1	46	8.19e-15	86.1
NC_011593.1:c2598562-2597207	NB551033:76:HLGC3BGX5:2:11102:1514:13255	100.000	45	0	0	1312	1356	94	50	2.95e-14	84.2
NC_011593.1:c2598562-2597207	NB551033:76:HLGC3BGX5:3:12605:4131:14400	100.000	36	0	0	1321	1356	1	36	2.97e-09	67.6
NC_011593.1:c2598562-2597207	NB551033:76:HLGC3BGX5:1:21310:11096:5348_2	100.000	34	0	0	138	171	34	1	3.84e-08	63.9
NC_011593.1:c2598562-2597207	NB551033:76:HLGC3BGX5:3:12605:4131:14400_2	100.000	30	0	0	1327	1356	151	122	6.42e-06	56.5
# BLASTN 2.8.1+
# Query: NC_011593.1:2598858-2601929 Bifidobacterium longum subsp. infantis ATCC 15697, complete genome
# Database: blast/blast_all_dna_genomes_echo_cleaned.faa
# Fields: query acc.ver, subject acc.ver, % identity, alignment length, mismatches, gap opens, q. start, q. end, s. start, s. end, evalue, bit score
# 127 hits found
NC_011593.1:2598858-2601929	NB551033:76:HLGC3BGX5:4:11401:2366:4168	100.000	150	0	0	213	362	1	150	2.86e-72	278
NC_011593.1:2598858-2601929	NB551033:76:HLGC3BGX5:3:13410:22125:7566	100.000	149	0	0	1747	1895	150	2	1.03e-71	276
NC_011593.1:2598858-2601929	NB551033:76:HLGC3BGX5:2:21207:14988:15553	100.000	149	0	0	206	354	149	1	1.03e-71	276
NC_011593.1:2598858-2601929	NB551033:76:HLGC3BGX5:4:11401:2366:4168_2	99.338	151	1	0	295	445	151	1	3.70e-71	274
NC_011593.1:2598858-2601929	NB551033:76:HLGC3BGX5:3:13410:22125:7566_2	99.338	151	1	0	1613	1763	1	151	3.70e-71	274
NC_011593.1:2598858-2601929	NB551033:76:HLGC3BGX5:1:13302:1557:7729_2	99.338	151	1	0	2434	2584	151	1	3.70e-71	274
NC_011593.1:2598858-2601929	NB551033:76:HLGC3BGX5:4:12503:1142:14381	99.338	151	1	0	1551	1701	151	1	3.70e-71	274
NC_011593.1:2598858-2601929	NB551033:76:HLGC3BGX5:4:12502:26615:14387	99.338	151	1	0	1551	1701	151	1	3.70e-71	274
NC_011593.1:2598858-2601929	NB551033:76:HLGC3BGX5:4:23411:23094:17594	99.333	150	1	0	166	315	150	1	1.33e-70	272
NC_011593.1:2598858-2601929	NB551033:76:HLGC3BGX5:2:21207:14988:15553_2	99.329	149	1	0	122	270	1	149	4.78e-70	270
NC_011593.1:2598858-2601929	NB551033:76:HLGC3BGX5:1:11311:23210:3113_3	98.675	151	2	0	2348	2498	151	1	1.72e-69	268
NC_011593.1:2598858-2601929	NB551033:76:HLGC3BGX5:3:21506:12381:16508_2	98.675	151	2	0	2434	2584	1	151	1.72e-69	268
NC_011593.1:2598858-2601929	NB551033:76:HLGC3BGX5:3:11507:11634:7423_2	98.675	151	2	0	2810	2960	151	1	1.72e-69	268
NC_011593.1:2598858-2601929	NB551033:76:HLGC3BGX5:1:11311:23210:3113_2	98.675	151	2	0	2273	2423	1	151	1.72e-69	268
NC_011593.1:2598858-2601929	NB551033:76:HLGC3BGX5:3:23604:2988:5649	98.675	151	2	0	2806	2956	151	1	1.72e-69	268
NC_011593.1:2598858-2601929	NB551033:76:HLGC3BGX5:3:13407:13087:4178	98.675	151	2	0	2342	2492	151	1	1.72e-69	268
NC_011593.1:2598858-2601929	NB551033:76:HLGC3BGX5:3:12410:26004:16972	98.675	151	2	0	1364	1514	151	1	1.72e-69	268
NC_011593.1:2598858-2601929	NB551033:76:HLGC3BGX5:1:11311:23210:3113	98.675	151	2	0	2348	2498	151	1	1.72e-69	268
NC_011593.1:2598858-2601929	NB551033:76:HLGC3BGX5:1:22204:15019:16923_3	98.667	150	2	0	2295	2444	1	150	6.18e-69	267
NC_011593.1:2598858-2601929	NB551033:76:HLGC3BGX5:4:23411:23094:17594_2	98.667	150	2	0	92	241	1	150	6.18e-69	267
NC_011593.1:2598858-2601929	NB551033:76:HLGC3BGX5:3:13407:13087:4178_2	98.667	150	2	0	2202	2351	1	150	6.18e-69	267
NC_011593.1:2598858-2601929	NB551033:76:HLGC3BGX5:3:12503:6326:14618_2	98.667	150	2	0	92	241	1	150	6.18e-69	267
NC_011593.1:2598858-2601929	NB551033:76:HLGC3BGX5:1:23310:21312:14875_2	98.667	150	2	0	623	772	150	1	6.18e-69	267
NC_011593.1:2598858-2601929	NB551033:76:HLGC3BGX5:3:12503:6326:14618	98.667	150	2	0	166	315	150	1	6.18e-69	267
NC_011593.1:2598858-2601929	NB551033:76:HLGC3BGX5:2:22208:12629:2849	98.667	150	2	0	2826	2975	150	1	6.18e-69	267
NC_011593.1:2598858-2601929	NB551033:76:HLGC3BGX5:1:22204:15019:16923	98.667	150	2	0	2295	2444	1	150	6.18e-69	267
NC_011593.1:2598858-2601929	NB551033:76:HLGC3BGX5:1:22304:2380:12494_3	98.013	151	3	0	1190	1340	1	151	8.00e-68	263
NC_011593.1:2598858-2601929	NB551033:76:HLGC3BGX5:4:12503:1142:14381_2	98.649	148	2	0	1388	1535	1	148	8.00e-68	263
NC_011593.1:2598858-2601929	NB551033:76:HLGC3BGX5:4:12502:26615:14387_2	98.649	148	2	0	1388	1535	1	148	8.00e-68	263
NC_011593.1:2598858-2601929	NB551033:76:HLGC3BGX5:3:12410:26004:16972_2	98.013	151	3	0	1346	1496	1	151	8.00e-68	263
NC_011593.1:2598858-2601929	NB551033:76:HLGC3BGX5:2:22208:12629:2849_2	98.649	148	2	0	2484	2631	1	148	8.00e-68	263
NC_011593.1:2598858-2601929	NB551033:76:HLGC3BGX5:1:13310:13264:10093_2	98.013	151	3	0	126	276	151	1	8.00e-68	263
NC_011593.1:2598858-2601929	NB551033:76:HLGC3BGX5:1:13208:9398:10026_2	98.013	151	3	0	2830	2980	1	151	8.00e-68	263
NC_011593.1:2598858-2601929	NB551033:76:HLGC3BGX5:1:11307:7835:8866_2	98.013	151	3	0	737	887	151	1	8.00e-68	263
NC_011593.1:2598858-2601929	NB551033:76:HLGC3BGX5:4:21504:6812:9158	98.013	151	3	0	1451	1601	151	1	8.00e-68	263
NC_011593.1:2598858-2601929	NB551033:76:HLGC3BGX5:3:11507:11634:7423	98.013	151	3	0	2643	2793	1	151	8.00e-68	263
NC_011593.1:2598858-2601929	NB551033:76:HLGC3BGX5:1:23310:21312:14875	98.013	151	3	0	555	705	1	151	8.00e-68	263
NC_011593.1:2598858-2601929	NB551033:76:HLGC3BGX5:1:22304:2380:12494	98.013	151	3	0	1190	1340	1	151	8.00e-68	263
NC_011593.1:2598858-2601929	NB551033:76:HLGC3BGX5:1:13302:1557:7729_3	98.000	150	3	0	2313	2462	1	150	2.88e-67	261
NC_011593.1:2598858-2601929	NB551033:76:HLGC3BGX5:1:11307:7835:8866_3	98.000	150	3	0	730	879	1	150	2.88e-67	261
NC_011593.1:2598858-2601929	NB551033:76:HLGC3BGX5:4:11512:20384:3177_2	99.310	145	0	1	1742	1886	1	144	2.88e-67	261
NC_011593.1:2598858-2601929	NB551033:76:HLGC3BGX5:1:22304:2380:12494_2	98.639	147	2	0	1235	1381	147	1	2.88e-67	261
NC_011593.1:2598858-2601929	NB551033:76:HLGC3BGX5:4:11512:20384:3177	99.310	145	0	1	1742	1886	144	1	2.88e-67	261
NC_011593.1:2598858-2601929	NB551033:76:HLGC3BGX5:1:13302:1557:7729	98.000	150	3	0	2313	2462	1	150	2.88e-67	261
NC_011593.1:2598858-2601929	NB551033:76:HLGC3BGX5:1:11307:7835:8866	98.000	150	3	0	730	879	1	150	2.88e-67	261
NC_011593.1:2598858-2601929	NB551033:76:HLGC3BGX5:4:21504:6812:9158_2	97.987	149	3	0	1246	1394	1	149	1.03e-66	259
NC_011593.1:2598858-2601929	NB551033:76:HLGC3BGX5:3:21506:12381:16508	97.987	149	3	0	2574	2722	151	3	1.03e-66	259
NC_011593.1:2598858-2601929	NB551033:76:HLGC3BGX5:1:11212:1813:7370_3	97.973	148	3	0	2917	3064	148	1	3.72e-66	257
NC_011593.1:2598858-2601929	NB551033:76:HLGC3BGX5:4:11604:23101:16919_2	97.351	151	4	0	1112	1262	151	1	3.72e-66	257
NC_011593.1:2598858-2601929	NB551033:76:HLGC3BGX5:2:23311:3221:15384_2	97.351	151	4	0	2912	3062	1	151	3.72e-66	257
NC_011593.1:2598858-2601929	NB551033:76:HLGC3BGX5:1:22204:15019:16923_2	97.351	151	4	0	2707	2857	151	1	3.72e-66	257
NC_011593.1:2598858-2601929	NB551033:76:HLGC3BGX5:1:11212:1813:7370	97.973	148	3	0	2917	3064	148	1	3.72e-66	257
NC_011593.1:2598858-2601929	NB551033:76:HLGC3BGX5:3:23604:2988:5649_2	97.959	147	3	0	2489	2635	1	147	1.34e-65	255
NC_011593.1:2598858-2601929	NB551033:76:HLGC3BGX5:1:11212:1813:7370_2	97.333	150	4	0	2661	2810	1	150	1.34e-65	255
NC_011593.1:2598858-2601929	NB551033:76:HLGC3BGX5:4:11604:23101:16919	97.333	150	4	0	867	1016	1	150	1.34e-65	255
NC_011593.1:2598858-2601929	NB551033:76:HLGC3BGX5:2:21103:19602:12444_2	99.281	139	1	0	2753	2891	1	139	1.73e-64	252
NC_011593.1:2598858-2601929	NB551033:76:HLGC3BGX5:2:21103:19602:12444	99.281	139	1	0	2753	2891	139	1	1.73e-64	252
NC_011593.1:2598858-2601929	NB551033:76:HLGC3BGX5:1:21206:20903:5281_3	97.260	146	4	0	687	832	146	1	2.24e-63	248
NC_011593.1:2598858-2601929	NB551033:76:HLGC3BGX5:1:21206:20903:5281	97.260	146	4	0	687	832	146	1	2.24e-63	248
NC_011593.1:2598858-2601929	NB551033:76:HLGC3BGX5:3:11609:9587:7822_2	95.946	148	6	0	2903	3050	150	3	3.75e-61	241
NC_011593.1:2598858-2601929	NB551033:76:HLGC3BGX5:3:11609:9587:7822	95.333	150	7	0	2638	2787	1	150	1.35e-60	239
NC_011593.1:2598858-2601929	NB551033:76:HLGC3BGX5:1:21206:20903:5281_2	95.302	149	7	0	442	590	1	149	4.85e-60	237
NC_011593.1:2598858-2601929	NB551033:76:HLGC3BGX5:2:22210:10468:20339_2	97.674	129	3	0	1224	1352	1	129	1.36e-55	222
NC_011593.1:2598858-2601929	NB551033:76:HLGC3BGX5:2:22210:10468:20339	97.674	129	3	0	1224	1352	129	1	1.36e-55	222
NC_011593.1:2598858-2601929	NB551033:76:HLGC3BGX5:4:12401:16720:1786	93.706	143	9	0	1399	1541	144	2	2.27e-53	215
NC_011593.1:2598858-2601929	NB551033:76:HLGC3BGX5:2:23311:3221:15384	96.875	128	4	0	2945	3072	151	24	2.27e-53	215
NC_011593.1:2598858-2601929	NB551033:76:HLGC3BGX5:1:23111:6028:3074_2	97.561	123	3	0	2268	2390	1	123	2.94e-52	211
NC_011593.1:2598858-2601929	NB551033:76:HLGC3BGX5:1:23111:6028:3074	97.561	123	3	0	2268	2390	123	1	2.94e-52	211
NC_011593.1:2598858-2601929	NB551033:76:HLGC3BGX5:4:12401:16720:1786_2	90.132	152	13	2	1177	1327	1	151	8.23e-48	196
NC_011593.1:2598858-2601929	NB551033:76:HLGC3BGX5:1:11103:23391:19874_3	98.198	111	2	0	419	529	1	111	2.96e-47	195
NC_011593.1:2598858-2601929	NB551033:76:HLGC3BGX5:1:23309:6411:10193_2	90.066	151	14	1	1311	1461	1	150	2.96e-47	195
NC_011593.1:2598858-2601929	NB551033:76:HLGC3BGX5:1:11103:23391:19874	98.198	111	2	0	419	529	1	111	2.96e-47	195
NC_011593.1:2598858-2601929	NB551033:76:HLGC3BGX5:3:12406:17728:9443_2	96.552	116	4	0	2295	2410	116	1	1.06e-46	193
NC_011593.1:2598858-2601929	NB551033:76:HLGC3BGX5:3:12406:17728:9443	96.552	116	4	0	2295	2410	1	116	1.06e-46	193
NC_011593.1:2598858-2601929	NB551033:76:HLGC3BGX5:1:11103:23391:19874_2	97.297	111	3	0	419	529	111	1	1.38e-45	189
NC_011593.1:2598858-2601929	NB551033:76:HLGC3BGX5:4:13410:11336:11332	89.865	148	13	2	454	600	1	147	1.38e-45	189
NC_011593.1:2598858-2601929	NB551033:76:HLGC3BGX5:2:23310:25547:6233_2	100.000	101	0	0	2437	2537	101	1	4.95e-45	187
NC_011593.1:2598858-2601929	NB551033:76:HLGC3BGX5:2:23310:25547:6233	100.000	101	0	0	2437	2537	1	101	4.95e-45	187
NC_011593.1:2598858-2601929	NB551033:76:HLGC3BGX5:1:13310:13264:10093_3	99.029	103	1	0	1	103	49	151	1.78e-44	185
NC_011593.1:2598858-2601929	NB551033:76:HLGC3BGX5:4:13410:11336:11332_2	88.816	152	15	2	458	608	151	1	1.78e-44	185
NC_011593.1:2598858-2601929	NB551033:76:HLGC3BGX5:1:13310:13264:10093	99.029	103	1	0	1	103	49	151	1.78e-44	185
NC_011593.1:2598858-2601929	NB551033:76:HLGC3BGX5:4:22412:14549:7626	88.667	150	17	0	1677	1826	1	150	6.41e-44	183
NC_011593.1:2598858-2601929	NB551033:76:HLGC3BGX5:2:13106:2663:1609_2	97.170	106	3	0	2967	3072	1	106	8.29e-43	180
NC_011593.1:2598858-2601929	NB551033:76:HLGC3BGX5:3:23507:1284:6130	87.500	152	17	2	462	612	151	1	3.86e-41	174
NC_011593.1:2598858-2601929	NB551033:76:HLGC3BGX5:3:23506:26747:6130	87.500	152	17	2	462	612	151	1	3.86e-41	174
NC_011593.1:2598858-2601929	NB551033:76:HLGC3BGX5:2:11205:18242:14048	87.500	152	17	2	479	629	1	151	3.86e-41	174
NC_011593.1:2598858-2601929	NB551033:76:HLGC3BGX5:4:13505:12061:4975	89.394	132	14	0	1129	1260	16	147	6.45e-39	167
NC_011593.1:2598858-2601929	NB551033:76:HLGC3BGX5:3:22502:4988:13551	86.806	144	19	0	1515	1658	151	8	3.00e-37	161
NC_011593.1:2598858-2601929	NB551033:76:HLGC3BGX5:3:13610:6760:15797	86.000	150	19	2	538	686	149	1	1.08e-36	159
NC_011593.1:2598858-2601929	NB551033:76:HLGC3BGX5:4:21401:2701:10591_2	86.525	141	19	0	555	695	146	6	1.40e-35	156
NC_011593.1:2598858-2601929	NB551033:76:HLGC3BGX5:3:22511:10237:19711	92.593	108	8	0	2965	3072	145	38	1.40e-35	156
NC_011593.1:2598858-2601929	NB551033:76:HLGC3BGX5:4:11406:7478:16233_2	100.000	83	0	0	210	292	83	1	5.02e-35	154
NC_011593.1:2598858-2601929	NB551033:76:HLGC3BGX5:4:11406:7478:16233	100.000	83	0	0	210	292	1	83	5.02e-35	154
NC_011593.1:2598858-2601929	NB551033:76:HLGC3BGX5:2:22308:25012:7295	85.616	146	21	0	1507	1652	3	148	5.02e-35	154
NC_011593.1:2598858-2601929	NB551033:76:HLGC3BGX5:2:13110:5323:2963_2	86.029	136	19	0	2692	2827	136	1	8.41e-33	147
NC_011593.1:2598858-2601929	NB551033:76:HLGC3BGX5:2:11105:15304:13060_2	98.750	80	1	0	356	435	1	80	1.09e-31	143
NC_011593.1:2598858-2601929	NB551033:76:HLGC3BGX5:2:11105:15304:13060	98.750	80	1	0	356	435	80	1	1.09e-31	143
NC_011593.1:2598858-2601929	NB551033:76:HLGC3BGX5:1:13208:9398:10026_3	97.333	75	2	0	2998	3072	150	76	3.04e-27	128
NC_011593.1:2598858-2601929	NB551033:76:HLGC3BGX5:2:13209:13472:5411_2	98.611	72	1	0	2581	2652	3	74	3.04e-27	128
NC_011593.1:2598858-2601929	NB551033:76:HLGC3BGX5:2:13209:13472:5411	98.611	72	1	0	2581	2652	72	1	3.04e-27	128
NC_011593.1:2598858-2601929	NB551033:76:HLGC3BGX5:1:13208:9398:10026	97.333	75	2	0	2998	3072	150	76	3.04e-27	128
NC_011593.1:2598858-2601929	NB551033:76:HLGC3BGX5:2:11105:14368:15572	83.212	137	23	0	1582	1718	148	12	1.09e-26	126
NC_011593.1:2598858-2601929	NB551033:76:HLGC3BGX5:1:13105:8306:18196_3	87.000	100	13	0	1533	1632	100	1	8.52e-23	113
NC_011593.1:2598858-2601929	NB551033:76:HLGC3BGX5:1:13105:8306:18196_2	87.000	100	13	0	1533	1632	1	100	8.52e-23	113
NC_011593.1:2598858-2601929	NB551033:76:HLGC3BGX5:1:13105:8306:18196	87.000	100	13	0	1533	1632	100	1	8.52e-23	113
NC_011593.1:2598858-2601929	NB551033:76:HLGC3BGX5:1:23208:7342:14488	89.286	84	9	0	1177	1260	1	84	1.43e-20	106
NC_011593.1:2598858-2601929	NB551033:76:HLGC3BGX5:4:13606:18959:11757_2	100.000	53	0	0	1174	1226	1	53	2.39e-18	99.0
NC_011593.1:2598858-2601929	NB551033:76:HLGC3BGX5:4:13606:18959:11757	100.000	53	0	0	1174	1226	53	1	2.39e-18	99.0
NC_011593.1:2598858-2601929	NB551033:76:HLGC3BGX5:1:21101:26822:8302_2	78.481	158	23	10	1194	1347	151	1	1.11e-16	93.5
NC_011593.1:2598858-2601929	NB551033:76:HLGC3BGX5:4:11509:11547:3375	96.429	56	2	0	3017	3072	1	56	1.11e-16	93.5
NC_011593.1:2598858-2601929	NB551033:76:HLGC3BGX5:4:22402:1319:13176_2	97.917	48	1	0	622	669	1	48	6.68e-14	84.2
NC_011593.1:2598858-2601929	NB551033:76:HLGC3BGX5:4:22401:26774:13176_2	97.917	48	1	0	622	669	1	48	6.68e-14	84.2
NC_011593.1:2598858-2601929	NB551033:76:HLGC3BGX5:2:13106:2663:1609	92.982	57	4	0	3016	3072	150	94	6.68e-14	84.2
NC_011593.1:2598858-2601929	NB551033:76:HLGC3BGX5:4:21612:9995:6037_2	97.778	45	1	0	2297	2341	1	45	3.11e-12	78.7
NC_011593.1:2598858-2601929	NB551033:76:HLGC3BGX5:4:21612:9995:6037	97.778	45	1	0	2297	2341	45	1	3.11e-12	78.7
NC_011593.1:2598858-2601929	NB551033:76:HLGC3BGX5:1:11211:14821:10546_3	100.000	41	0	0	1405	1445	41	1	1.12e-11	76.8
NC_011593.1:2598858-2601929	NB551033:76:HLGC3BGX5:1:11211:14821:10546_2	100.000	41	0	0	1405	1445	1	41	1.12e-11	76.8
NC_011593.1:2598858-2601929	NB551033:76:HLGC3BGX5:1:11211:14821:10546	100.000	41	0	0	1405	1445	41	1	1.12e-11	76.8
NC_011593.1:2598858-2601929	NB551033:76:HLGC3BGX5:1:12307:6462:20012_3	97.674	43	1	0	627	669	1	43	4.02e-11	75.0
NC_011593.1:2598858-2601929	NB551033:76:HLGC3BGX5:1:12307:6462:20012	97.674	43	1	0	627	669	1	43	4.02e-11	75.0
NC_011593.1:2598858-2601929	NB551033:76:HLGC3BGX5:4:22506:5485:13838_2	91.489	47	4	0	1028	1074	70	116	2.42e-08	65.8
NC_011593.1:2598858-2601929	NB551033:76:HLGC3BGX5:2:23306:15137:10768_2	91.489	47	4	0	1028	1074	47	1	2.42e-08	65.8
NC_011593.1:2598858-2601929	NB551033:76:HLGC3BGX5:4:22506:5485:13838	91.489	47	4	0	1028	1074	90	44	2.42e-08	65.8
NC_011593.1:2598858-2601929	NB551033:76:HLGC3BGX5:4:21412:11711:3449	91.489	47	4	0	1028	1074	59	105	2.42e-08	65.8
NC_011593.1:2598858-2601929	NB551033:76:HLGC3BGX5:1:11204:16706:14758_2	90.909	44	4	0	1028	1071	44	1	1.13e-06	60.2
NC_011593.1:2598858-2601929	NB551033:76:HLGC3BGX5:1:13112:13680:8652_3	100.000	28	0	0	1028	1055	28	1	1.88e-04	52.8
NC_011593.1:2598858-2601929	NB551033:76:HLGC3BGX5:1:13112:13680:8652	100.000	28	0	0	1028	1055	28	1	1.88e-04	52.8
# BLASTN 2.8.1+
# Query: NC_011593.1:c2604454-2602106 Bifidobacterium longum subsp. infantis ATCC 15697, complete genome
# Database: blast/blast_all_dna_genomes_echo_cleaned.faa
# 0 hits found
# BLASTN 2.8.1+
# Query: NC_011593.1:c2605922-2604486 Bifidobacterium longum subsp. infantis ATCC 15697, complete genome
# Database: blast/blast_all_dna_genomes_echo_cleaned.faa
# 0 hits found
# BLASTN 2.8.1+
# Query: NC_011593.1:c2606381-2605944 Bifidobacterium longum subsp. infantis ATCC 15697, complete genome
# Database: blast/blast_all_dna_genomes_echo_cleaned.faa
# 0 hits found
# BLASTN 2.8.1+
# Query: NC_011593.1:c2607314-2606418 Bifidobacterium longum subsp. infantis ATCC 15697, complete genome
# Database: blast/blast_all_dna_genomes_echo_cleaned.faa
# 0 hits found
# BLASTN 2.8.1+
# Query: NC_011593.1:c2608249-2607458 Bifidobacterium longum subsp. infantis ATCC 15697, complete genome
# Database: blast/blast_all_dna_genomes_echo_cleaned.faa
# 0 hits found
# BLASTN 2.8.1+
# Query: NC_011593.1:c2609546-2608269 Bifidobacterium longum subsp. infantis ATCC 15697, complete genome
# Database: blast/blast_all_dna_genomes_echo_cleaned.faa
# 0 hits found
# BLASTN 2.8.1+
# Query: NC_011593.1:c2610356-2609697 Bifidobacterium longum subsp. infantis ATCC 15697, complete genome
# Database: blast/blast_all_dna_genomes_echo_cleaned.faa
# 0 hits found
# BLASTN 2.8.1+
# Query: NC_011593.1:c2611458-2610496 Bifidobacterium longum subsp. infantis ATCC 15697, complete genome
# Database: blast/blast_all_dna_genomes_echo_cleaned.faa
# 0 hits found
# BLASTN 2.8.1+
# Query: NC_011593.1:c2612430-2611477 Bifidobacterium longum subsp. infantis ATCC 15697, complete genome
# Database: blast/blast_all_dna_genomes_echo_cleaned.faa
# 0 hits found
# BLASTN 2.8.1+
# Query: NC_011593.1:c2614109-2612517 Bifidobacterium longum subsp. infantis ATCC 15697, complete genome
# Database: blast/blast_all_dna_genomes_echo_cleaned.faa
# 0 hits found
# BLASTN 2.8.1+
# Query: NC_011593.1:c2615274-2614312 Bifidobacterium longum subsp. infantis ATCC 15697, complete genome
# Database: blast/blast_all_dna_genomes_echo_cleaned.faa
# 0 hits found
# BLASTN 2.8.1+
# Query: NC_011593.1:c2616246-2615293 Bifidobacterium longum subsp. infantis ATCC 15697, complete genome
# Database: blast/blast_all_dna_genomes_echo_cleaned.faa
# 0 hits found
# BLASTN 2.8.1+
# Query: NC_011593.1:c2617928-2616333 Bifidobacterium longum subsp. infantis ATCC 15697, complete genome
# Database: blast/blast_all_dna_genomes_echo_cleaned.faa
# 0 hits found
# BLASTN 2.8.1+
# Query: NC_011593.1:c2619247-2618063 Bifidobacterium longum subsp. infantis ATCC 15697, complete genome
# Database: blast/blast_all_dna_genomes_echo_cleaned.faa
# Fields: query acc.ver, subject acc.ver, % identity, alignment length, mismatches, gap opens, q. start, q. end, s. start, s. end, evalue, bit score
# 2 hits found
NC_011593.1:c2619247-2618063	NB551033:76:HLGC3BGX5:2:23207:20639:9901_2	86.301	73	10	0	100	172	110	38	3.32e-13	80.5
NC_011593.1:c2619247-2618063	NB551033:76:HLGC3BGX5:2:23207:20639:9901	86.301	73	10	0	100	172	68	140	3.32e-13	80.5
# BLASTN 2.8.1+
# Query: NC_011593.1:c2620369-2619413 Bifidobacterium longum subsp. infantis ATCC 15697, complete genome
# Database: blast/blast_all_dna_genomes_echo_cleaned.faa
# 0 hits found
# BLASTN 2.8.1+
# Query: NC_011593.1:c2622143-2620551 Bifidobacterium longum subsp. infantis ATCC 15697, complete genome
# Database: blast/blast_all_dna_genomes_echo_cleaned.faa
# 0 hits found
# BLASTN 2.8.1+
# Query: NC_011593.1:c2624124-2622520 Bifidobacterium longum subsp. infantis ATCC 15697, complete genome
# Database: blast/blast_all_dna_genomes_echo_cleaned.faa
# 0 hits found
# BLASTN 2.8.1+
# Query: NC_011593.1:c2626110-2624512 Bifidobacterium longum subsp. infantis ATCC 15697, complete genome
# Database: blast/blast_all_dna_genomes_echo_cleaned.faa
# 0 hits found
# BLASTN 2.8.1+
# Query: NC_011593.1:c2626386-2626264 Bifidobacterium longum subsp. infantis ATCC 15697, complete genome
# Database: blast/blast_all_dna_genomes_echo_cleaned.faa
# 0 hits found
# BLASTN 2.8.1+
# Query: NC_011593.1:c2628158-2626563 Bifidobacterium longum subsp. infantis ATCC 15697, complete genome
# Database: blast/blast_all_dna_genomes_echo_cleaned.faa
# 0 hits found
# BLASTN 2.8.1+
# Query: NC_011593.1:c2630269-2628314 Bifidobacterium longum subsp. infantis ATCC 15697, complete genome
# Database: blast/blast_all_dna_genomes_echo_cleaned.faa
# 0 hits found
# BLASTN 2.8.1+
# Query: NC_011593.1:c2631106-2630366 Bifidobacterium longum subsp. infantis ATCC 15697, complete genome
# Database: blast/blast_all_dna_genomes_echo_cleaned.faa
# 0 hits found
# BLASTN 2.8.1+
# Query: NC_011593.1:c2632432-2631140 Bifidobacterium longum subsp. infantis ATCC 15697, complete genome
# Database: blast/blast_all_dna_genomes_echo_cleaned.faa
# 0 hits found
# BLASTN 2.8.1+
# Query: NC_011593.1:c2633881-2632562 Bifidobacterium longum subsp. infantis ATCC 15697, complete genome
# Database: blast/blast_all_dna_genomes_echo_cleaned.faa
# 0 hits found
# BLASTN 2.8.1+
# Query: NC_011593.1:c2634683-2633865 Bifidobacterium longum subsp. infantis ATCC 15697, complete genome
# Database: blast/blast_all_dna_genomes_echo_cleaned.faa
# 0 hits found
# BLASTN 2.8.1+
# Query: NC_011593.1:c2635627-2634680 Bifidobacterium longum subsp. infantis ATCC 15697, complete genome
# Database: blast/blast_all_dna_genomes_echo_cleaned.faa
# 0 hits found
# BLASTN 2.8.1+
# Query: NC_011593.1:c2636747-2635629 Bifidobacterium longum subsp. infantis ATCC 15697, complete genome
# Database: blast/blast_all_dna_genomes_echo_cleaned.faa
# 0 hits found
# BLAST processed 31 queries
