# BLASTN 2.9.0+
# Query: NC_011593.1:c2595355-2593832 Bifidobacterium longum subsp. infantis ATCC 15697, complete genome
# Database: db/blast_C0066_6F_1B_S82.faa
# Fields: query acc.ver, subject acc.ver, % identity, alignment length, mismatches, gap opens, q. start, q. end, s. start, s. end, evalue, bit score
# 158 hits found
NC_011593.1:c2595355-2593832	NB551033:76:HLGC3BGX5:2:21205:16898:19174:82#0/1	99.338	151	1	0	987	1137	151	1	3.50e-71	274
NC_011593.1:c2595355-2593832	NB551033:76:HLGC3BGX5:4:11501:5776:6350:82#0/2	99.333	150	1	0	950	1099	150	1	1.26e-70	272
NC_011593.1:c2595355-2593832	NB551033:76:HLGC3BGX5:3:23503:25777:11395:82#0/2	99.333	150	1	0	941	1090	150	1	1.26e-70	272
NC_011593.1:c2595355-2593832	NB551033:76:HLGC3BGX5:2:21205:16898:19174:82#0/2	99.333	150	1	0	949	1098	1	150	1.26e-70	272
NC_011593.1:c2595355-2593832	NB551033:76:HLGC3BGX5:3:13409:13852:2287:82#0/1	99.333	150	1	0	366	515	1	150	1.26e-70	272
NC_011593.1:c2595355-2593832	NB551033:76:HLGC3BGX5:4:23401:9618:4884:82#0/2	99.324	148	1	0	521	668	1	148	1.63e-69	268
NC_011593.1:c2595355-2593832	NB551033:76:HLGC3BGX5:3:13608:14836:13098:82#0/2	98.675	151	2	0	1079	1229	151	1	1.63e-69	268
NC_011593.1:c2595355-2593832	NB551033:76:HLGC3BGX5:2:22309:2843:2764:82#0/2	98.675	151	2	0	1069	1219	1	151	1.63e-69	268
NC_011593.1:c2595355-2593832	NB551033:76:HLGC3BGX5:1:12312:16088:13294:82#0/2	98.675	151	2	0	492	642	151	1	1.63e-69	268
NC_011593.1:c2595355-2593832	NB551033:76:HLGC3BGX5:4:22406:22166:10412:82#0/1	99.324	148	1	0	1032	1179	1	148	1.63e-69	268
NC_011593.1:c2595355-2593832	NB551033:76:HLGC3BGX5:4:11603:10205:15229:82#0/1	98.675	151	2	0	424	574	1	151	1.63e-69	268
NC_011593.1:c2595355-2593832	NB551033:76:HLGC3BGX5:3:13608:14836:13098:82#0/1	99.324	148	1	0	1032	1179	1	148	1.63e-69	268
NC_011593.1:c2595355-2593832	NB551033:76:HLGC3BGX5:1:12111:19457:4709:82#0/1	98.675	151	2	0	383	533	151	1	1.63e-69	268
NC_011593.1:c2595355-2593832	NB551033:76:HLGC3BGX5:4:22601:2977:1590:82#0/2	98.667	150	2	0	1073	1222	1	150	5.86e-69	267
NC_011593.1:c2595355-2593832	NB551033:76:HLGC3BGX5:4:22411:22823:5287:82#0/2	98.667	150	2	0	717	866	1	150	5.86e-69	267
NC_011593.1:c2595355-2593832	NB551033:76:HLGC3BGX5:3:21506:22823:2389:82#0/2	98.667	150	2	0	469	618	150	1	5.86e-69	267
NC_011593.1:c2595355-2593832	NB551033:76:HLGC3BGX5:3:13409:13852:2287:82#0/2	98.667	150	2	0	412	561	150	1	5.86e-69	267
NC_011593.1:c2595355-2593832	NB551033:76:HLGC3BGX5:3:22408:4453:9422:82#0/1	98.667	150	2	0	715	864	150	1	5.86e-69	267
NC_011593.1:c2595355-2593832	NB551033:76:HLGC3BGX5:2:11112:1179:5288:82#0/1	98.667	150	2	0	462	611	150	1	5.86e-69	267
NC_011593.1:c2595355-2593832	NB551033:76:HLGC3BGX5:3:21607:6863:13768:82#0/2	98.658	149	2	0	1127	1275	1	149	2.11e-68	265
NC_011593.1:c2595355-2593832	NB551033:76:HLGC3BGX5:4:12406:11524:9315:82#0/2	98.013	151	3	0	702	852	151	1	7.58e-68	263
NC_011593.1:c2595355-2593832	NB551033:76:HLGC3BGX5:4:11603:10205:15229:82#0/2	98.013	151	3	0	545	695	151	1	7.58e-68	263
NC_011593.1:c2595355-2593832	NB551033:76:HLGC3BGX5:2:23208:19450:6751:82#0/2	98.013	151	3	0	111	261	1	151	7.58e-68	263
NC_011593.1:c2595355-2593832	NB551033:76:HLGC3BGX5:2:22103:8504:13921:82#0/2	98.013	151	3	0	705	855	151	1	7.58e-68	263
NC_011593.1:c2595355-2593832	NB551033:76:HLGC3BGX5:2:11112:18682:1532:82#0/2	98.013	151	3	0	702	852	151	1	7.58e-68	263
NC_011593.1:c2595355-2593832	NB551033:76:HLGC3BGX5:1:22303:16649:4649:82#0/2	98.013	151	3	0	885	1035	151	1	7.58e-68	263
NC_011593.1:c2595355-2593832	NB551033:76:HLGC3BGX5:4:23401:9618:4884:82#0/1	98.649	148	2	0	531	678	150	3	7.58e-68	263
NC_011593.1:c2595355-2593832	NB551033:76:HLGC3BGX5:4:13507:19049:13095:82#0/1	98.013	151	3	0	1178	1328	1	151	7.58e-68	263
NC_011593.1:c2595355-2593832	NB551033:76:HLGC3BGX5:4:12406:11524:9315:82#0/1	98.013	151	3	0	554	704	1	151	7.58e-68	263
NC_011593.1:c2595355-2593832	NB551033:76:HLGC3BGX5:1:23101:21239:3493:82#0/1	98.013	151	3	0	825	975	151	1	7.58e-68	263
NC_011593.1:c2595355-2593832	NB551033:76:HLGC3BGX5:1:12312:16088:13294:82#0/1	98.013	151	3	0	397	547	1	151	7.58e-68	263
NC_011593.1:c2595355-2593832	NB551033:76:HLGC3BGX5:3:22607:6884:11429:82#0/2	98.000	150	3	0	798	947	150	1	2.73e-67	261
NC_011593.1:c2595355-2593832	NB551033:76:HLGC3BGX5:3:21506:23643:6555:82#0/2	98.639	147	2	0	500	646	1	147	2.73e-67	261
NC_011593.1:c2595355-2593832	NB551033:76:HLGC3BGX5:2:12308:13793:11942:82#0/2	98.000	150	3	0	786	935	1	150	2.73e-67	261
NC_011593.1:c2595355-2593832	NB551033:76:HLGC3BGX5:2:11112:1179:5288:82#0/2	98.000	150	3	0	380	529	1	150	2.73e-67	261
NC_011593.1:c2595355-2593832	NB551033:76:HLGC3BGX5:1:22208:19828:9373:82#0/2	98.000	150	3	0	796	945	150	1	2.73e-67	261
NC_011593.1:c2595355-2593832	NB551033:76:HLGC3BGX5:3:22607:6884:11429:82#0/1	98.000	150	3	0	768	917	1	150	2.73e-67	261
NC_011593.1:c2595355-2593832	NB551033:76:HLGC3BGX5:3:11411:2108:10240:82#0/1	98.000	150	3	0	399	548	150	1	2.73e-67	261
NC_011593.1:c2595355-2593832	NB551033:76:HLGC3BGX5:2:12308:13793:11942:82#0/1	98.000	150	3	0	830	979	150	1	2.73e-67	261
NC_011593.1:c2595355-2593832	NB551033:76:HLGC3BGX5:1:23103:4069:4802:82#0/2	97.987	149	3	0	705	853	149	1	9.81e-67	259
NC_011593.1:c2595355-2593832	NB551033:76:HLGC3BGX5:1:23101:21239:3493:82#0/2	97.987	149	3	0	791	939	1	149	9.81e-67	259
NC_011593.1:c2595355-2593832	NB551033:76:HLGC3BGX5:4:22411:22823:5287:82#0/1	97.987	149	3	0	836	984	151	3	9.81e-67	259
NC_011593.1:c2595355-2593832	NB551033:76:HLGC3BGX5:2:21104:20381:17551:82#0/1	97.987	149	3	0	109	257	149	1	9.81e-67	259
NC_011593.1:c2595355-2593832	NB551033:76:HLGC3BGX5:1:13205:22841:17588:82#0/2	97.351	151	4	0	1311	1461	1	151	3.53e-66	257
NC_011593.1:c2595355-2593832	NB551033:76:HLGC3BGX5:2:11307:9977:9056:82#0/2	97.333	150	4	0	118	267	150	1	1.27e-65	255
NC_011593.1:c2595355-2593832	NB551033:76:HLGC3BGX5:1:12212:15660:10811:82#0/2	97.333	150	4	0	82	231	150	1	1.27e-65	255
NC_011593.1:c2595355-2593832	NB551033:76:HLGC3BGX5:1:22103:11915:8064:82#0/1	98.611	144	2	0	419	562	1	144	1.27e-65	255
NC_011593.1:c2595355-2593832	NB551033:76:HLGC3BGX5:4:11602:1223:18363:82#0/2	97.315	149	4	0	332	480	149	1	4.56e-65	254
NC_011593.1:c2595355-2593832	NB551033:76:HLGC3BGX5:4:11601:26743:18372:82#0/2	97.315	149	4	0	332	480	149	1	4.56e-65	254
NC_011593.1:c2595355-2593832	NB551033:76:HLGC3BGX5:4:11501:5776:6350:82#0/1	97.315	149	4	0	849	997	1	149	4.56e-65	254
NC_011593.1:c2595355-2593832	NB551033:76:HLGC3BGX5:2:22305:10926:1572:82#0/1	97.315	149	4	0	849	997	1	149	4.56e-65	254
NC_011593.1:c2595355-2593832	NB551033:76:HLGC3BGX5:2:22305:10926:1572:82#0/2	97.297	148	4	0	883	1030	148	1	1.64e-64	252
NC_011593.1:c2595355-2593832	NB551033:76:HLGC3BGX5:4:22503:25701:5513:82#0/1	97.931	145	3	0	900	1044	145	1	1.64e-64	252
NC_011593.1:c2595355-2593832	NB551033:76:HLGC3BGX5:3:23503:25777:11395:82#0/1	97.931	145	3	0	801	945	1	145	1.64e-64	252
NC_011593.1:c2595355-2593832	NB551033:76:HLGC3BGX5:4:13507:19049:13095:82#0/2	96.667	150	5	0	1273	1422	150	1	5.90e-64	250
NC_011593.1:c2595355-2593832	NB551033:76:HLGC3BGX5:2:23208:19450:6751:82#0/1	96.667	150	5	0	173	322	150	1	5.90e-64	250
NC_011593.1:c2595355-2593832	NB551033:76:HLGC3BGX5:1:23103:4069:4802:82#0/1	96.644	149	5	0	594	742	1	149	2.12e-63	248
NC_011593.1:c2595355-2593832	NB551033:76:HLGC3BGX5:3:22408:4453:9422:82#0/2	96.026	151	6	0	641	791	1	151	7.63e-63	246
NC_011593.1:c2595355-2593832	NB551033:76:HLGC3BGX5:1:11107:24764:9148:82#0/2	96.026	151	6	0	309	459	151	1	7.63e-63	246
NC_011593.1:c2595355-2593832	NB551033:76:HLGC3BGX5:4:22512:25317:9280:82#0/1	96.026	151	6	0	195	345	151	1	7.63e-63	246
NC_011593.1:c2595355-2593832	NB551033:76:HLGC3BGX5:3:21506:23643:6555:82#0/1	96.026	151	6	0	663	813	151	1	7.63e-63	246
NC_011593.1:c2595355-2593832	NB551033:76:HLGC3BGX5:1:13103:20611:11187:82#0/1	96.026	151	6	0	133	283	1	151	7.63e-63	246
NC_011593.1:c2595355-2593832	NB551033:76:HLGC3BGX5:3:22407:4445:3361:82#0/2	96.000	150	6	0	288	437	150	1	2.75e-62	244
NC_011593.1:c2595355-2593832	NB551033:76:HLGC3BGX5:1:22103:11915:8064:82#0/2	96.000	150	6	0	627	776	150	1	2.75e-62	244
NC_011593.1:c2595355-2593832	NB551033:76:HLGC3BGX5:4:13511:24718:12341:82#0/1	96.000	150	6	0	288	437	150	1	2.75e-62	244
NC_011593.1:c2595355-2593832	NB551033:76:HLGC3BGX5:2:22103:8504:13921:82#0/1	96.000	150	6	0	666	815	1	150	2.75e-62	244
NC_011593.1:c2595355-2593832	NB551033:76:HLGC3BGX5:2:11112:18682:1532:82#0/1	95.973	149	6	0	662	810	1	149	9.87e-62	243
NC_011593.1:c2595355-2593832	NB551033:76:HLGC3BGX5:1:13103:20611:11187:82#0/2	95.364	151	7	0	214	364	151	1	3.55e-61	241
NC_011593.1:c2595355-2593832	NB551033:76:HLGC3BGX5:1:22107:20193:4960:82#0/1	95.946	148	6	0	39	186	148	1	3.55e-61	241
NC_011593.1:c2595355-2593832	NB551033:76:HLGC3BGX5:4:22405:12985:19023:82#0/2	95.918	147	6	0	33	179	149	3	1.28e-60	239
NC_011593.1:c2595355-2593832	NB551033:76:HLGC3BGX5:2:21104:20381:17551:82#0/2	96.528	144	5	0	52	195	6	149	1.28e-60	239
NC_011593.1:c2595355-2593832	NB551033:76:HLGC3BGX5:3:22407:4445:3361:82#0/1	95.333	150	7	0	234	383	1	150	1.28e-60	239
NC_011593.1:c2595355-2593832	NB551033:76:HLGC3BGX5:2:13205:24235:1427:82#0/1	95.333	150	7	0	288	437	150	1	1.28e-60	239
NC_011593.1:c2595355-2593832	NB551033:76:HLGC3BGX5:1:22303:16649:4649:82#0/1	97.810	137	3	0	828	964	1	137	4.59e-60	237
NC_011593.1:c2595355-2593832	NB551033:76:HLGC3BGX5:4:22409:17651:18663:82#0/2	97.059	136	4	0	786	921	136	1	7.69e-58	230
NC_011593.1:c2595355-2593832	NB551033:76:HLGC3BGX5:4:22409:17651:18663:82#0/1	97.059	136	4	0	786	921	1	136	7.69e-58	230
NC_011593.1:c2595355-2593832	NB551033:76:HLGC3BGX5:4:13408:24346:3490:82#0/1	97.059	136	4	0	842	977	1	136	7.69e-58	230
NC_011593.1:c2595355-2593832	NB551033:76:HLGC3BGX5:4:12610:20874:7250:82#0/1	97.744	133	3	0	1114	1246	133	1	7.69e-58	230
NC_011593.1:c2595355-2593832	NB551033:76:HLGC3BGX5:1:21110:21184:1189:82#0/2	97.619	126	3	0	1096	1221	1	126	5.99e-54	217
NC_011593.1:c2595355-2593832	NB551033:76:HLGC3BGX5:1:22208:19828:9373:82#0/1	95.522	134	6	0	666	799	1	134	2.15e-53	215
NC_011593.1:c2595355-2593832	NB551033:76:HLGC3BGX5:4:22501:19603:3942:82#0/2	98.333	120	2	0	361	480	1	120	2.78e-52	211
NC_011593.1:c2595355-2593832	NB551033:76:HLGC3BGX5:3:23504:14603:5821:82#0/2	97.561	123	3	0	585	707	1	123	2.78e-52	211
NC_011593.1:c2595355-2593832	NB551033:76:HLGC3BGX5:4:22501:19603:3942:82#0/1	98.333	120	2	0	361	480	120	1	2.78e-52	211
NC_011593.1:c2595355-2593832	NB551033:76:HLGC3BGX5:3:23504:14603:5821:82#0/1	97.561	123	3	0	585	707	123	1	2.78e-52	211
NC_011593.1:c2595355-2593832	NB551033:76:HLGC3BGX5:1:13205:22841:17588:82#0/1	97.561	123	3	0	1348	1470	151	29	2.78e-52	211
NC_011593.1:c2595355-2593832	NB551033:76:HLGC3BGX5:4:22503:25701:5513:82#0/2	96.800	125	4	0	801	925	1	125	1.00e-51	209
NC_011593.1:c2595355-2593832	NB551033:76:HLGC3BGX5:2:22312:16471:3851:82#0/2	98.305	118	2	0	1274	1391	120	3	3.60e-51	207
NC_011593.1:c2595355-2593832	NB551033:76:HLGC3BGX5:1:23302:9917:19421:82#0/2	97.521	121	3	0	864	984	121	1	3.60e-51	207
NC_011593.1:c2595355-2593832	NB551033:76:HLGC3BGX5:4:11608:4680:17001:82#0/2	95.276	127	6	0	204	330	1	127	1.68e-49	202
NC_011593.1:c2595355-2593832	NB551033:76:HLGC3BGX5:1:11102:21649:13589:82#0/2	96.694	121	4	0	155	275	1	121	1.68e-49	202
NC_011593.1:c2595355-2593832	NB551033:76:HLGC3BGX5:1:11102:21649:13589:82#0/1	96.694	121	4	0	155	275	121	1	1.68e-49	202
NC_011593.1:c2595355-2593832	NB551033:76:HLGC3BGX5:4:11601:26743:18372:82#0/1	95.935	123	5	0	272	394	1	123	6.03e-49	200
NC_011593.1:c2595355-2593832	NB551033:76:HLGC3BGX5:3:23501:20595:15928:82#0/2	97.414	116	3	0	842	957	1	116	2.17e-48	198
NC_011593.1:c2595355-2593832	NB551033:76:HLGC3BGX5:3:23501:20595:15928:82#0/1	97.414	116	3	0	842	957	116	1	2.17e-48	198
NC_011593.1:c2595355-2593832	NB551033:76:HLGC3BGX5:2:23202:14511:14730:82#0/2	98.198	111	2	0	897	1007	1	111	2.80e-47	195
NC_011593.1:c2595355-2593832	NB551033:76:HLGC3BGX5:2:23202:14511:14730:82#0/1	98.198	111	2	0	897	1007	111	1	2.80e-47	195
NC_011593.1:c2595355-2593832	NB551033:76:HLGC3BGX5:2:13304:15551:10237:82#0/2	97.345	113	3	0	1358	1470	1	113	1.01e-46	193
NC_011593.1:c2595355-2593832	NB551033:76:HLGC3BGX5:1:22311:3550:3570:82#0/2	97.345	113	3	0	1358	1470	1	113	1.01e-46	193
NC_011593.1:c2595355-2593832	NB551033:76:HLGC3BGX5:3:21607:6863:13768:82#0/1	98.182	110	2	0	1273	1382	110	1	1.01e-46	193
NC_011593.1:c2595355-2593832	NB551033:76:HLGC3BGX5:2:13304:15551:10237:82#0/1	97.345	113	3	0	1358	1470	128	16	1.01e-46	193
NC_011593.1:c2595355-2593832	NB551033:76:HLGC3BGX5:1:22311:3550:3570:82#0/1	97.345	113	3	0	1358	1470	128	16	1.01e-46	193
NC_011593.1:c2595355-2593832	NB551033:76:HLGC3BGX5:1:23303:13925:7511:82#0/2	97.321	112	3	0	821	932	112	1	3.63e-46	191
NC_011593.1:c2595355-2593832	NB551033:76:HLGC3BGX5:3:21506:22823:2389:82#0/1	98.165	109	2	0	450	558	1	109	3.63e-46	191
NC_011593.1:c2595355-2593832	NB551033:76:HLGC3BGX5:1:23303:13925:7511:82#0/1	97.321	112	3	0	821	932	1	112	3.63e-46	191
NC_011593.1:c2595355-2593832	NB551033:76:HLGC3BGX5:1:11305:23051:19550:82#0/1	98.131	107	2	0	1262	1368	1	107	4.69e-45	187
NC_011593.1:c2595355-2593832	NB551033:76:HLGC3BGX5:2:13204:26386:5425:82#0/1	99.029	103	1	0	732	834	1	103	1.69e-44	185
NC_011593.1:c2595355-2593832	NB551033:76:HLGC3BGX5:2:12109:14062:12458:82#0/2	97.222	108	3	0	1311	1418	1	108	6.07e-44	183
NC_011593.1:c2595355-2593832	NB551033:76:HLGC3BGX5:2:12109:14062:12458:82#0/1	97.222	108	3	0	1311	1418	110	3	6.07e-44	183
NC_011593.1:c2595355-2593832	NB551033:76:HLGC3BGX5:4:22606:5024:9110:82#0/2	99.010	101	1	0	929	1029	1	101	2.18e-43	182
NC_011593.1:c2595355-2593832	NB551033:76:HLGC3BGX5:4:22606:5024:9110:82#0/1	99.010	101	1	0	929	1029	101	1	2.18e-43	182
NC_011593.1:c2595355-2593832	NB551033:76:HLGC3BGX5:2:12206:24826:13925:82#0/2	98.990	99	1	0	757	855	99	1	2.82e-42	178
NC_011593.1:c2595355-2593832	NB551033:76:HLGC3BGX5:1:23203:10039:12549:82#0/2	98.039	102	2	0	1167	1268	102	1	2.82e-42	178
NC_011593.1:c2595355-2593832	NB551033:76:HLGC3BGX5:2:12206:24826:13925:82#0/1	98.990	99	1	0	757	855	1	99	2.82e-42	178
NC_011593.1:c2595355-2593832	NB551033:76:HLGC3BGX5:2:22104:7826:7722:82#0/2	98.980	98	1	0	372	469	1	98	1.02e-41	176
NC_011593.1:c2595355-2593832	NB551033:76:HLGC3BGX5:1:11202:18564:18579:82#0/2	98.980	98	1	0	372	469	1	98	1.02e-41	176
NC_011593.1:c2595355-2593832	NB551033:76:HLGC3BGX5:1:11202:22842:13266:82#0/2	98.020	101	2	0	452	552	1	101	1.02e-41	176
NC_011593.1:c2595355-2593832	NB551033:76:HLGC3BGX5:2:22104:7826:7722:82#0/1	98.980	98	1	0	372	469	98	1	1.02e-41	176
NC_011593.1:c2595355-2593832	NB551033:76:HLGC3BGX5:1:11202:18564:18579:82#0/1	98.980	98	1	0	372	469	98	1	1.02e-41	176
NC_011593.1:c2595355-2593832	NB551033:76:HLGC3BGX5:3:11405:10753:8925:82#0/1	97.059	102	3	0	1369	1470	1	102	1.31e-40	172
NC_011593.1:c2595355-2593832	NB551033:76:HLGC3BGX5:4:11602:1223:18363:82#0/1	95.327	107	5	0	272	378	1	107	4.73e-40	171
NC_011593.1:c2595355-2593832	NB551033:76:HLGC3BGX5:1:21103:4026:6772:82#0/2	95.238	105	5	0	672	776	105	1	6.11e-39	167
NC_011593.1:c2595355-2593832	NB551033:76:HLGC3BGX5:4:23601:5143:12902:82#0/1	95.238	105	5	0	281	385	105	1	6.11e-39	167
NC_011593.1:c2595355-2593832	NB551033:76:HLGC3BGX5:1:21103:4026:6772:82#0/1	95.238	105	5	0	672	776	1	105	6.11e-39	167
NC_011593.1:c2595355-2593832	NB551033:76:HLGC3BGX5:3:12606:1119:12091:82#0/2	97.895	95	2	0	1221	1315	1	95	2.20e-38	165
NC_011593.1:c2595355-2593832	NB551033:76:HLGC3BGX5:4:11608:4680:17001:82#0/1	96.000	100	4	0	609	708	100	1	7.91e-38	163
NC_011593.1:c2595355-2593832	NB551033:76:HLGC3BGX5:4:21507:18521:3900:82#0/2	97.849	93	2	0	717	809	93	1	2.84e-37	161
NC_011593.1:c2595355-2593832	NB551033:76:HLGC3BGX5:1:11309:11765:3822:82#0/2	97.849	93	2	0	1289	1381	1	93	2.84e-37	161
NC_011593.1:c2595355-2593832	NB551033:76:HLGC3BGX5:4:21507:18521:3900:82#0/1	97.849	93	2	0	717	809	1	93	2.84e-37	161
NC_011593.1:c2595355-2593832	NB551033:76:HLGC3BGX5:3:21610:2708:15587:82#0/1	96.875	96	3	0	1352	1447	1	96	2.84e-37	161
NC_011593.1:c2595355-2593832	NB551033:76:HLGC3BGX5:1:11309:11765:3822:82#0/1	97.849	93	2	0	1289	1381	93	1	2.84e-37	161
NC_011593.1:c2595355-2593832	NB551033:76:HLGC3BGX5:3:21610:2708:15587:82#0/2	96.842	95	3	0	1353	1447	95	1	1.02e-36	159
NC_011593.1:c2595355-2593832	NB551033:76:HLGC3BGX5:2:12108:16326:18980:82#0/2	95.918	98	4	0	233	330	1	98	1.02e-36	159
NC_011593.1:c2595355-2593832	NB551033:76:HLGC3BGX5:2:12108:16326:18980:82#0/1	95.918	98	4	0	233	330	99	2	1.02e-36	159
NC_011593.1:c2595355-2593832	NB551033:76:HLGC3BGX5:1:23302:9917:19421:82#0/1	97.778	90	2	0	488	577	1	90	1.32e-35	156
NC_011593.1:c2595355-2593832	NB551033:76:HLGC3BGX5:1:21110:21184:1189:82#0/1	96.739	92	3	0	1379	1470	104	13	4.76e-35	154
NC_011593.1:c2595355-2593832	NB551033:76:HLGC3BGX5:2:22312:16471:3851:82#0/1	98.824	85	1	0	1191	1275	1	85	1.71e-34	152
NC_011593.1:c2595355-2593832	NB551033:76:HLGC3BGX5:1:23203:10039:12549:82#0/1	97.701	87	2	0	891	977	1	87	6.16e-34	150
NC_011593.1:c2595355-2593832	NB551033:76:HLGC3BGX5:3:23609:19969:2356:82#0/2	95.604	91	4	0	1094	1184	91	1	7.96e-33	147
NC_011593.1:c2595355-2593832	NB551033:76:HLGC3BGX5:3:23609:19958:2351:82#0/2	95.604	91	4	0	1094	1184	91	1	7.96e-33	147
NC_011593.1:c2595355-2593832	NB551033:76:HLGC3BGX5:3:12606:1119:12091:82#0/1	97.647	85	2	0	1277	1361	85	1	7.96e-33	147
NC_011593.1:c2595355-2593832	NB551033:76:HLGC3BGX5:4:13408:24346:3490:82#0/2	96.471	85	3	0	1386	1470	97	13	3.71e-31	141
NC_011593.1:c2595355-2593832	NB551033:76:HLGC3BGX5:1:21302:18432:14346:82#0/2	95.455	88	4	0	953	1040	88	1	3.71e-31	141
NC_011593.1:c2595355-2593832	NB551033:76:HLGC3BGX5:4:12610:20874:7250:82#0/2	96.429	84	3	0	811	894	1	84	1.33e-30	139
NC_011593.1:c2595355-2593832	NB551033:76:HLGC3BGX5:1:21302:18432:14346:82#0/1	97.500	80	2	0	371	450	2	81	4.79e-30	137
NC_011593.1:c2595355-2593832	NB551033:76:HLGC3BGX5:2:13204:26386:5425:82#0/2	98.684	76	1	0	922	997	76	1	1.72e-29	135
NC_011593.1:c2595355-2593832	NB551033:76:HLGC3BGX5:1:23109:25892:3694:82#0/2	98.667	75	1	0	99	173	1	75	6.20e-29	134
NC_011593.1:c2595355-2593832	NB551033:76:HLGC3BGX5:1:23109:25892:3694:82#0/1	98.667	75	1	0	99	173	75	1	6.20e-29	134
NC_011593.1:c2595355-2593832	NB551033:76:HLGC3BGX5:1:11202:22842:13266:82#0/1	96.250	80	3	0	868	947	80	1	2.23e-28	132
NC_011593.1:c2595355-2593832	NB551033:76:HLGC3BGX5:2:23309:4382:14309:82#0/2	96.203	79	3	0	1106	1184	1	79	8.02e-28	130
NC_011593.1:c2595355-2593832	NB551033:76:HLGC3BGX5:2:11205:24460:17216:82#0/2	96.203	79	3	0	1094	1172	79	1	8.02e-28	130
NC_011593.1:c2595355-2593832	NB551033:76:HLGC3BGX5:1:12111:19457:4709:82#0/2	96.203	79	3	0	272	350	1	79	8.02e-28	130
NC_011593.1:c2595355-2593832	NB551033:76:HLGC3BGX5:2:23309:4382:14309:82#0/1	96.203	79	3	0	1106	1184	80	2	8.02e-28	130
NC_011593.1:c2595355-2593832	NB551033:76:HLGC3BGX5:2:12304:14524:4801:82#0/2	98.485	66	1	0	1405	1470	1	66	6.24e-24	117
NC_011593.1:c2595355-2593832	NB551033:76:HLGC3BGX5:2:12304:14524:4801:82#0/1	98.485	66	1	0	1405	1470	104	39	6.24e-24	117
NC_011593.1:c2595355-2593832	NB551033:76:HLGC3BGX5:4:22601:2977:1590:82#0/1	96.970	66	2	0	1405	1470	150	85	2.91e-22	111
NC_011593.1:c2595355-2593832	NB551033:76:HLGC3BGX5:2:11101:10011:9680:82#0/2	100.000	37	0	0	1434	1470	1	37	1.77e-09	69.4
NC_011593.1:c2595355-2593832	NB551033:76:HLGC3BGX5:3:13410:7197:8872:82#0/1	100.000	34	0	0	1437	1470	1	34	8.25e-08	63.9
NC_011593.1:c2595355-2593832	NB551033:76:HLGC3BGX5:2:22309:2843:2764:82#0/1	100.000	32	0	0	1439	1470	151	120	1.07e-06	60.2
# BLASTN 2.9.0+
# Query: NC_011593.1:c2597106-2595574 Bifidobacterium longum subsp. infantis ATCC 15697, complete genome
# Database: db/blast_C0066_6F_1B_S82.faa
# Fields: query acc.ver, subject acc.ver, % identity, alignment length, mismatches, gap opens, q. start, q. end, s. start, s. end, evalue, bit score
# 19 hits found
NC_011593.1:c2597106-2595574	NB551033:76:HLGC3BGX5:1:12111:19457:4709:82#0/1	95.270	148	7	0	386	533	148	1	1.66e-59	235
NC_011593.1:c2597106-2595574	NB551033:76:HLGC3BGX5:1:12212:15660:10811:82#0/1	95.935	123	5	0	1	123	27	149	6.06e-49	200
NC_011593.1:c2597106-2595574	NB551033:76:HLGC3BGX5:3:13604:19450:13315:82#0/2	95.000	120	6	0	1	120	120	1	1.31e-45	189
NC_011593.1:c2597106-2595574	NB551033:76:HLGC3BGX5:1:13103:20611:11187:82#0/2	95.000	120	6	0	214	333	151	32	1.31e-45	189
NC_011593.1:c2597106-2595574	NB551033:76:HLGC3BGX5:4:22512:25317:9280:82#0/1	95.000	120	6	0	214	333	132	13	1.31e-45	189
NC_011593.1:c2597106-2595574	NB551033:76:HLGC3BGX5:4:13408:24346:3490:82#0/2	97.436	78	2	0	1393	1470	90	13	6.24e-29	134
NC_011593.1:c2597106-2595574	NB551033:76:HLGC3BGX5:2:11307:9977:9056:82#0/1	100.000	68	0	0	1	68	83	150	1.04e-26	126
NC_011593.1:c2597106-2595574	NB551033:76:HLGC3BGX5:2:12304:14524:4801:82#0/2	98.485	66	1	0	1405	1470	1	66	6.28e-24	117
NC_011593.1:c2597106-2595574	NB551033:76:HLGC3BGX5:2:12304:14524:4801:82#0/1	98.485	66	1	0	1405	1470	104	39	6.28e-24	117
NC_011593.1:c2597106-2595574	NB551033:76:HLGC3BGX5:4:22601:2977:1590:82#0/1	96.970	66	2	0	1405	1470	150	85	2.92e-22	111
NC_011593.1:c2597106-2595574	NB551033:76:HLGC3BGX5:2:13205:24235:1427:82#0/2	98.387	62	1	0	1	62	89	150	1.05e-21	110
NC_011593.1:c2597106-2595574	NB551033:76:HLGC3BGX5:1:12111:19457:4709:82#0/2	98.276	58	1	0	273	330	2	59	1.76e-19	102
NC_011593.1:c2597106-2595574	NB551033:76:HLGC3BGX5:1:22107:20193:4960:82#0/2	100.000	44	0	0	1	44	107	150	2.29e-13	82.4
NC_011593.1:c2597106-2595574	NB551033:76:HLGC3BGX5:2:11101:10011:9680:82#0/2	100.000	37	0	0	1434	1470	1	37	1.78e-09	69.4
NC_011593.1:c2597106-2595574	NB551033:76:HLGC3BGX5:3:13410:7197:8872:82#0/1	100.000	34	0	0	1437	1470	1	34	8.30e-08	63.9
NC_011593.1:c2597106-2595574	NB551033:76:HLGC3BGX5:1:12202:12212:16856:82#0/1	100.000	34	0	0	1	34	34	1	8.30e-08	63.9
NC_011593.1:c2597106-2595574	NB551033:76:HLGC3BGX5:4:22512:25317:9280:82#0/2	100.000	32	0	0	1	32	119	150	1.07e-06	60.2
NC_011593.1:c2597106-2595574	NB551033:76:HLGC3BGX5:2:22309:2843:2764:82#0/1	100.000	32	0	0	1439	1470	151	120	1.07e-06	60.2
NC_011593.1:c2597106-2595574	NB551033:76:HLGC3BGX5:3:21612:4287:4937:82#0/2	100.000	31	0	0	1	31	31	1	3.86e-06	58.4
# BLASTN 2.9.0+
# Query: NC_011593.1:c2598562-2597207 Bifidobacterium longum subsp. infantis ATCC 15697, complete genome
# Database: db/blast_C0066_6F_1B_S82.faa
# 0 hits found
# BLASTN 2.9.0+
# Query: NC_011593.1:2598858-2601929 Bifidobacterium longum subsp. infantis ATCC 15697, complete genome
# Database: db/blast_C0066_6F_1B_S82.faa
# Fields: query acc.ver, subject acc.ver, % identity, alignment length, mismatches, gap opens, q. start, q. end, s. start, s. end, evalue, bit score
# 352 hits found
NC_011593.1:2598858-2601929	NB551033:76:HLGC3BGX5:4:21409:11833:13747:82#0/2	100.000	151	0	0	2429	2579	151	1	1.52e-72	279
NC_011593.1:2598858-2601929	NB551033:76:HLGC3BGX5:3:23503:23360:7309:82#0/2	100.000	151	0	0	186	336	151	1	1.52e-72	279
NC_011593.1:2598858-2601929	NB551033:76:HLGC3BGX5:3:22603:16331:5845:82#0/2	100.000	151	0	0	1950	2100	1	151	1.52e-72	279
NC_011593.1:2598858-2601929	NB551033:76:HLGC3BGX5:3:21402:17194:14075:82#0/2	100.000	151	0	0	1967	2117	151	1	1.52e-72	279
NC_011593.1:2598858-2601929	NB551033:76:HLGC3BGX5:3:13603:13157:6211:82#0/2	100.000	151	0	0	1619	1769	1	151	1.52e-72	279
NC_011593.1:2598858-2601929	NB551033:76:HLGC3BGX5:3:13603:13157:6211:82#0/1	100.000	151	0	0	1721	1871	151	1	1.52e-72	279
NC_011593.1:2598858-2601929	NB551033:76:HLGC3BGX5:3:12412:5716:1841:82#0/1	100.000	151	0	0	1721	1871	151	1	1.52e-72	279
NC_011593.1:2598858-2601929	NB551033:76:HLGC3BGX5:3:11605:17363:7284:82#0/1	100.000	151	0	0	1626	1776	151	1	1.52e-72	279
NC_011593.1:2598858-2601929	NB551033:76:HLGC3BGX5:3:22607:3794:19874:82#0/2	100.000	150	0	0	178	327	150	1	5.46e-72	278
NC_011593.1:2598858-2601929	NB551033:76:HLGC3BGX5:3:12506:2540:8118:82#0/2	100.000	150	0	0	1657	1806	1	150	5.46e-72	278
NC_011593.1:2598858-2601929	NB551033:76:HLGC3BGX5:1:11108:18314:16359:82#0/2	100.000	150	0	0	1719	1868	150	1	5.46e-72	278
NC_011593.1:2598858-2601929	NB551033:76:HLGC3BGX5:4:13606:2497:16588:82#0/1	100.000	150	0	0	1623	1772	1	150	5.46e-72	278
NC_011593.1:2598858-2601929	NB551033:76:HLGC3BGX5:4:13503:1666:6524:82#0/1	100.000	150	0	0	1623	1772	1	150	5.46e-72	278
NC_011593.1:2598858-2601929	NB551033:76:HLGC3BGX5:3:23607:6242:3045:82#0/1	100.000	150	0	0	1585	1734	150	1	5.46e-72	278
NC_011593.1:2598858-2601929	NB551033:76:HLGC3BGX5:3:22603:16331:5845:82#0/1	100.000	150	0	0	1973	2122	150	1	5.46e-72	278
NC_011593.1:2598858-2601929	NB551033:76:HLGC3BGX5:3:12506:2540:8118:82#0/1	100.000	150	0	0	1702	1851	150	1	5.46e-72	278
NC_011593.1:2598858-2601929	NB551033:76:HLGC3BGX5:2:21202:6134:4455:82#0/1	100.000	150	0	0	1585	1734	150	1	5.46e-72	278
NC_011593.1:2598858-2601929	NB551033:76:HLGC3BGX5:2:11311:25537:14157:82#0/1	100.000	150	0	0	1623	1772	1	150	5.46e-72	278
NC_011593.1:2598858-2601929	NB551033:76:HLGC3BGX5:1:11310:25149:10471:82#0/1	100.000	150	0	0	926	1075	1	150	5.46e-72	278
NC_011593.1:2598858-2601929	NB551033:76:HLGC3BGX5:3:12412:5716:1841:82#0/2	100.000	149	0	0	1717	1865	1	149	1.96e-71	276
NC_011593.1:2598858-2601929	NB551033:76:HLGC3BGX5:2:12101:20841:4324:82#0/2	100.000	149	0	0	1581	1729	1	149	1.96e-71	276
NC_011593.1:2598858-2601929	NB551033:76:HLGC3BGX5:2:22105:11560:8164:82#0/1	100.000	149	0	0	1606	1754	1	149	1.96e-71	276
NC_011593.1:2598858-2601929	NB551033:76:HLGC3BGX5:4:23508:2318:11317:82#0/2	99.338	151	1	0	960	1110	151	1	7.06e-71	274
NC_011593.1:2598858-2601929	NB551033:76:HLGC3BGX5:4:22401:22165:12316:82#0/2	99.338	151	1	0	267	417	151	1	7.06e-71	274
NC_011593.1:2598858-2601929	NB551033:76:HLGC3BGX5:4:13606:2497:16588:82#0/2	99.338	151	1	0	1758	1908	151	1	7.06e-71	274
NC_011593.1:2598858-2601929	NB551033:76:HLGC3BGX5:3:22609:20407:3438:82#0/2	99.338	151	1	0	960	1110	151	1	7.06e-71	274
NC_011593.1:2598858-2601929	NB551033:76:HLGC3BGX5:2:23310:22447:1323:82#0/2	99.338	151	1	0	234	384	151	1	7.06e-71	274
NC_011593.1:2598858-2601929	NB551033:76:HLGC3BGX5:2:11311:25537:14157:82#0/2	99.338	151	1	0	1767	1917	151	1	7.06e-71	274
NC_011593.1:2598858-2601929	NB551033:76:HLGC3BGX5:1:13303:26676:13178:82#0/2	99.338	151	1	0	1880	2030	151	1	7.06e-71	274
NC_011593.1:2598858-2601929	NB551033:76:HLGC3BGX5:1:11302:17135:3700:82#0/2	99.338	151	1	0	333	483	151	1	7.06e-71	274
NC_011593.1:2598858-2601929	NB551033:76:HLGC3BGX5:3:21612:24721:10662:82#0/1	99.338	151	1	0	1551	1701	151	1	7.06e-71	274
NC_011593.1:2598858-2601929	NB551033:76:HLGC3BGX5:3:21405:11266:5231:82#0/1	99.338	151	1	0	965	1115	151	1	7.06e-71	274
NC_011593.1:2598858-2601929	NB551033:76:HLGC3BGX5:2:23302:13410:14592:82#0/1	99.338	151	1	0	2192	2342	1	151	7.06e-71	274
NC_011593.1:2598858-2601929	NB551033:76:HLGC3BGX5:2:22208:11592:2780:82#0/1	99.338	151	1	0	383	533	1	151	7.06e-71	274
NC_011593.1:2598858-2601929	NB551033:76:HLGC3BGX5:2:13308:13566:18193:82#0/1	99.338	151	1	0	125	275	1	151	7.06e-71	274
NC_011593.1:2598858-2601929	NB551033:76:HLGC3BGX5:1:11206:14022:10043:82#0/1	99.338	151	1	0	2205	2355	1	151	7.06e-71	274
NC_011593.1:2598858-2601929	NB551033:76:HLGC3BGX5:1:11112:13964:1098:82#0/1	99.338	151	1	0	295	445	151	1	7.06e-71	274
NC_011593.1:2598858-2601929	NB551033:76:HLGC3BGX5:4:13503:1666:6524:82#0/2	99.333	150	1	0	1768	1917	150	1	2.54e-70	272
NC_011593.1:2598858-2601929	NB551033:76:HLGC3BGX5:3:21606:12609:6314:82#0/2	99.333	150	1	0	1580	1729	1	150	2.54e-70	272
NC_011593.1:2598858-2601929	NB551033:76:HLGC3BGX5:2:13308:13566:18193:82#0/2	99.333	150	1	0	145	294	150	1	2.54e-70	272
NC_011593.1:2598858-2601929	NB551033:76:HLGC3BGX5:2:11209:17864:9826:82#0/2	99.333	150	1	0	178	327	150	1	2.54e-70	272
NC_011593.1:2598858-2601929	NB551033:76:HLGC3BGX5:1:22305:4062:11423:82#0/2	99.333	150	1	0	311	460	1	150	2.54e-70	272
NC_011593.1:2598858-2601929	NB551033:76:HLGC3BGX5:1:11310:2020:11612:82#0/2	99.333	150	1	0	2224	2373	150	1	2.54e-70	272
NC_011593.1:2598858-2601929	NB551033:76:HLGC3BGX5:4:23508:2318:11317:82#0/1	99.333	150	1	0	959	1108	1	150	2.54e-70	272
NC_011593.1:2598858-2601929	NB551033:76:HLGC3BGX5:4:22609:25269:3770:82#0/1	99.333	150	1	0	312	461	1	150	2.54e-70	272
NC_011593.1:2598858-2601929	NB551033:76:HLGC3BGX5:3:21606:12609:6314:82#0/1	99.333	150	1	0	1983	2132	150	1	2.54e-70	272
NC_011593.1:2598858-2601929	NB551033:76:HLGC3BGX5:3:21402:17194:14075:82#0/1	99.333	150	1	0	1787	1936	1	150	2.54e-70	272
NC_011593.1:2598858-2601929	NB551033:76:HLGC3BGX5:2:23310:22447:1323:82#0/1	99.333	150	1	0	9	158	1	150	2.54e-70	272
NC_011593.1:2598858-2601929	NB551033:76:HLGC3BGX5:2:22105:17037:17820:82#0/1	99.333	150	1	0	951	1100	150	1	2.54e-70	272
NC_011593.1:2598858-2601929	NB551033:76:HLGC3BGX5:2:13310:6868:15198:82#0/1	99.333	150	1	0	2179	2328	1	150	2.54e-70	272
NC_011593.1:2598858-2601929	NB551033:76:HLGC3BGX5:1:13303:26676:13178:82#0/1	99.333	150	1	0	1824	1973	1	150	2.54e-70	272
NC_011593.1:2598858-2601929	NB551033:76:HLGC3BGX5:1:13302:1138:13171:82#0/1	99.333	150	1	0	1824	1973	1	150	2.54e-70	272
NC_011593.1:2598858-2601929	NB551033:76:HLGC3BGX5:1:11302:17135:3700:82#0/1	99.333	150	1	0	270	419	1	150	2.54e-70	272
NC_011593.1:2598858-2601929	NB551033:76:HLGC3BGX5:1:11205:1408:11770:82#0/1	99.333	150	1	0	940	1089	1	150	2.54e-70	272
NC_011593.1:2598858-2601929	NB551033:76:HLGC3BGX5:2:23306:20702:9271:82#0/2	99.329	149	1	0	987	1135	149	1	9.13e-70	270
NC_011593.1:2598858-2601929	NB551033:76:HLGC3BGX5:2:22212:16809:8159:82#0/2	100.000	146	0	0	2392	2537	146	1	9.13e-70	270
NC_011593.1:2598858-2601929	NB551033:76:HLGC3BGX5:1:11310:25149:10471:82#0/2	99.329	149	1	0	987	1135	149	1	9.13e-70	270
NC_011593.1:2598858-2601929	NB551033:76:HLGC3BGX5:1:11206:14022:10043:82#0/2	100.000	146	0	0	2392	2537	146	1	9.13e-70	270
NC_011593.1:2598858-2601929	NB551033:76:HLGC3BGX5:4:23412:15770:6251:82#0/1	99.329	149	1	0	385	533	151	3	9.13e-70	270
NC_011593.1:2598858-2601929	NB551033:76:HLGC3BGX5:4:22512:5683:17764:82#0/1	99.329	149	1	0	2443	2591	151	3	9.13e-70	270
NC_011593.1:2598858-2601929	NB551033:76:HLGC3BGX5:4:22502:11678:19264:82#0/1	99.329	149	1	0	301	449	149	1	9.13e-70	270
NC_011593.1:2598858-2601929	NB551033:76:HLGC3BGX5:4:22401:22165:12316:82#0/1	99.329	149	1	0	114	262	1	149	9.13e-70	270
NC_011593.1:2598858-2601929	NB551033:76:HLGC3BGX5:4:21603:2924:15277:82#0/1	100.000	146	0	0	2392	2537	146	1	9.13e-70	270
NC_011593.1:2598858-2601929	NB551033:76:HLGC3BGX5:4:11405:12919:4598:82#0/1	99.329	149	1	0	2740	2888	1	149	9.13e-70	270
NC_011593.1:2598858-2601929	NB551033:76:HLGC3BGX5:4:12612:15802:17555:82#0/2	98.675	151	2	0	2871	3021	151	1	3.28e-69	268
NC_011593.1:2598858-2601929	NB551033:76:HLGC3BGX5:4:12409:14720:19201:82#0/2	98.675	151	2	0	1030	1180	151	1	3.28e-69	268
NC_011593.1:2598858-2601929	NB551033:76:HLGC3BGX5:3:22604:20684:17577:82#0/2	98.675	151	2	0	2880	3030	1	151	3.28e-69	268
NC_011593.1:2598858-2601929	NB551033:76:HLGC3BGX5:3:21406:23954:6850:82#0/2	98.675	151	2	0	1493	1643	151	1	3.28e-69	268
NC_011593.1:2598858-2601929	NB551033:76:HLGC3BGX5:2:22305:15088:9584:82#0/2	98.675	151	2	0	1481	1631	151	1	3.28e-69	268
NC_011593.1:2598858-2601929	NB551033:76:HLGC3BGX5:2:22304:24817:1206:82#0/2	98.675	151	2	0	1030	1180	151	1	3.28e-69	268
NC_011593.1:2598858-2601929	NB551033:76:HLGC3BGX5:2:22208:11592:2780:82#0/2	98.675	151	2	0	618	768	151	1	3.28e-69	268
NC_011593.1:2598858-2601929	NB551033:76:HLGC3BGX5:2:22106:14843:16632:82#0/2	98.675	151	2	0	657	807	151	1	3.28e-69	268
NC_011593.1:2598858-2601929	NB551033:76:HLGC3BGX5:2:12206:12787:13861:82#0/2	98.675	151	2	0	1081	1231	1	151	3.28e-69	268
NC_011593.1:2598858-2601929	NB551033:76:HLGC3BGX5:2:12111:3870:1750:82#0/2	98.675	151	2	0	1058	1208	151	1	3.28e-69	268
NC_011593.1:2598858-2601929	NB551033:76:HLGC3BGX5:1:21307:16607:5870:82#0/2	98.675	151	2	0	286	436	1	151	3.28e-69	268
NC_011593.1:2598858-2601929	NB551033:76:HLGC3BGX5:1:13111:14027:1804:82#0/2	98.675	151	2	0	1374	1524	151	1	3.28e-69	268
NC_011593.1:2598858-2601929	NB551033:76:HLGC3BGX5:1:13103:18646:11988:82#0/2	98.675	151	2	0	2137	2287	1	151	3.28e-69	268
NC_011593.1:2598858-2601929	NB551033:76:HLGC3BGX5:4:23411:14547:6331:82#0/1	98.675	151	2	0	2785	2935	1	151	3.28e-69	268
NC_011593.1:2598858-2601929	NB551033:76:HLGC3BGX5:4:13611:23418:11412:82#0/1	98.675	151	2	0	2492	2642	151	1	3.28e-69	268
NC_011593.1:2598858-2601929	NB551033:76:HLGC3BGX5:4:13602:1496:10125:82#0/1	98.675	151	2	0	2135	2285	1	151	3.28e-69	268
NC_011593.1:2598858-2601929	NB551033:76:HLGC3BGX5:4:13511:16172:15954:82#0/1	98.675	151	2	0	2784	2934	1	151	3.28e-69	268
NC_011593.1:2598858-2601929	NB551033:76:HLGC3BGX5:4:13409:3104:8165:82#0/1	98.675	151	2	0	2481	2631	1	151	3.28e-69	268
NC_011593.1:2598858-2601929	NB551033:76:HLGC3BGX5:4:12404:18496:4090:82#0/1	98.675	151	2	0	1126	1276	1	151	3.28e-69	268
NC_011593.1:2598858-2601929	NB551033:76:HLGC3BGX5:4:11606:19254:12290:82#0/1	98.675	151	2	0	640	790	1	151	3.28e-69	268
NC_011593.1:2598858-2601929	NB551033:76:HLGC3BGX5:3:23407:16516:19187:82#0/1	98.675	151	2	0	2868	3018	151	1	3.28e-69	268
NC_011593.1:2598858-2601929	NB551033:76:HLGC3BGX5:3:22409:17075:7613:82#0/1	98.675	151	2	0	48	198	151	1	3.28e-69	268
NC_011593.1:2598858-2601929	NB551033:76:HLGC3BGX5:3:21405:10121:3014:82#0/1	98.675	151	2	0	1239	1389	151	1	3.28e-69	268
NC_011593.1:2598858-2601929	NB551033:76:HLGC3BGX5:2:23109:10261:1294:82#0/1	98.675	151	2	0	2501	2651	151	1	3.28e-69	268
NC_011593.1:2598858-2601929	NB551033:76:HLGC3BGX5:2:12311:3332:4767:82#0/1	98.675	151	2	0	1531	1681	151	1	3.28e-69	268
NC_011593.1:2598858-2601929	NB551033:76:HLGC3BGX5:2:12206:12787:13861:82#0/1	98.675	151	2	0	1129	1279	151	1	3.28e-69	268
NC_011593.1:2598858-2601929	NB551033:76:HLGC3BGX5:2:12111:23336:8620:82#0/1	98.675	151	2	0	95	245	151	1	3.28e-69	268
NC_011593.1:2598858-2601929	NB551033:76:HLGC3BGX5:1:11310:2020:11612:82#0/1	98.675	151	2	0	2134	2284	1	151	3.28e-69	268
NC_011593.1:2598858-2601929	NB551033:76:HLGC3BGX5:4:22504:15370:17160:82#0/2	98.667	150	2	0	107	256	150	1	1.18e-68	267
NC_011593.1:2598858-2601929	NB551033:76:HLGC3BGX5:4:22401:9799:12858:82#0/2	98.667	150	2	0	1504	1653	150	1	1.18e-68	267
NC_011593.1:2598858-2601929	NB551033:76:HLGC3BGX5:4:13611:23418:11412:82#0/2	98.667	150	2	0	2406	2555	1	150	1.18e-68	267
NC_011593.1:2598858-2601929	NB551033:76:HLGC3BGX5:4:13602:1496:10125:82#0/2	98.667	150	2	0	2151	2300	151	2	1.18e-68	267
NC_011593.1:2598858-2601929	NB551033:76:HLGC3BGX5:4:13409:3104:8165:82#0/2	98.667	150	2	0	2509	2658	150	1	1.18e-68	267
NC_011593.1:2598858-2601929	NB551033:76:HLGC3BGX5:4:11606:19254:12290:82#0/2	98.667	150	2	0	643	792	150	1	1.18e-68	267
NC_011593.1:2598858-2601929	NB551033:76:HLGC3BGX5:3:22611:12652:7635:82#0/2	98.667	150	2	0	58	207	1	150	1.18e-68	267
NC_011593.1:2598858-2601929	NB551033:76:HLGC3BGX5:3:22605:6684:16139:82#0/2	98.667	150	2	0	2754	2903	150	1	1.18e-68	267
NC_011593.1:2598858-2601929	NB551033:76:HLGC3BGX5:3:21503:16115:3356:82#0/2	98.667	150	2	0	102	251	150	1	1.18e-68	267
NC_011593.1:2598858-2601929	NB551033:76:HLGC3BGX5:3:21405:10121:3014:82#0/2	98.667	150	2	0	1177	1326	1	150	1.18e-68	267
NC_011593.1:2598858-2601929	NB551033:76:HLGC3BGX5:3:12405:21887:10322:82#0/2	98.667	150	2	0	37	186	150	1	1.18e-68	267
NC_011593.1:2598858-2601929	NB551033:76:HLGC3BGX5:3:11605:17363:7284:82#0/2	98.667	150	2	0	1504	1653	1	150	1.18e-68	267
NC_011593.1:2598858-2601929	NB551033:76:HLGC3BGX5:2:22308:7902:19548:82#0/2	98.667	150	2	0	2458	2607	1	150	1.18e-68	267
NC_011593.1:2598858-2601929	NB551033:76:HLGC3BGX5:2:11310:18100:15584:82#0/2	98.667	150	2	0	1102	1251	1	150	1.18e-68	267
NC_011593.1:2598858-2601929	NB551033:76:HLGC3BGX5:1:22305:2699:17213:82#0/2	98.667	150	2	0	2813	2962	1	150	1.18e-68	267
NC_011593.1:2598858-2601929	NB551033:76:HLGC3BGX5:1:13206:12976:3985:82#0/2	98.667	150	2	0	691	840	1	150	1.18e-68	267
NC_011593.1:2598858-2601929	NB551033:76:HLGC3BGX5:1:11205:1408:11770:82#0/2	98.667	150	2	0	1049	1198	150	1	1.18e-68	267
NC_011593.1:2598858-2601929	NB551033:76:HLGC3BGX5:4:22611:3034:16034:82#0/1	99.320	147	1	0	2221	2367	147	1	1.18e-68	267
NC_011593.1:2598858-2601929	NB551033:76:HLGC3BGX5:4:22401:9799:12858:82#0/1	98.667	150	2	0	1497	1646	1	150	1.18e-68	267
NC_011593.1:2598858-2601929	NB551033:76:HLGC3BGX5:4:12612:15802:17555:82#0/1	98.667	150	2	0	2486	2635	1	150	1.18e-68	267
NC_011593.1:2598858-2601929	NB551033:76:HLGC3BGX5:3:23503:23360:7309:82#0/1	98.667	150	2	0	31	180	1	150	1.18e-68	267
NC_011593.1:2598858-2601929	NB551033:76:HLGC3BGX5:3:21503:16115:3356:82#0/1	98.667	150	2	0	60	209	1	150	1.18e-68	267
NC_011593.1:2598858-2601929	NB551033:76:HLGC3BGX5:3:13609:25939:4029:82#0/1	98.667	150	2	0	1398	1547	150	1	1.18e-68	267
NC_011593.1:2598858-2601929	NB551033:76:HLGC3BGX5:2:23306:20702:9271:82#0/1	98.667	150	2	0	926	1075	1	150	1.18e-68	267
NC_011593.1:2598858-2601929	NB551033:76:HLGC3BGX5:2:22308:7902:19548:82#0/1	98.667	150	2	0	2497	2646	150	1	1.18e-68	267
NC_011593.1:2598858-2601929	NB551033:76:HLGC3BGX5:2:22305:15088:9584:82#0/1	98.667	150	2	0	1381	1530	1	150	1.18e-68	267
NC_011593.1:2598858-2601929	NB551033:76:HLGC3BGX5:2:21304:12820:5646:82#0/1	98.667	150	2	0	2764	2913	150	1	1.18e-68	267
NC_011593.1:2598858-2601929	NB551033:76:HLGC3BGX5:2:11306:18113:6479:82#0/1	98.667	150	2	0	622	771	150	1	1.18e-68	267
NC_011593.1:2598858-2601929	NB551033:76:HLGC3BGX5:1:22206:14614:18513:82#0/1	98.667	150	2	0	2823	2972	150	1	1.18e-68	267
NC_011593.1:2598858-2601929	NB551033:76:HLGC3BGX5:1:11303:11549:4785:82#0/1	98.667	150	2	0	1060	1209	150	1	1.18e-68	267
NC_011593.1:2598858-2601929	NB551033:76:HLGC3BGX5:1:11206:4756:4722:82#0/1	98.667	150	2	0	2447	2596	150	1	1.18e-68	267
NC_011593.1:2598858-2601929	NB551033:76:HLGC3BGX5:2:12306:26553:16130:82#0/2	98.658	149	2	0	2152	2300	1	149	4.25e-68	265
NC_011593.1:2598858-2601929	NB551033:76:HLGC3BGX5:1:21310:12876:16250:82#0/2	100.000	143	0	0	1619	1761	1	143	4.25e-68	265
NC_011593.1:2598858-2601929	NB551033:76:HLGC3BGX5:1:11311:7620:16393:82#0/2	98.658	149	2	0	1162	1310	2	150	4.25e-68	265
NC_011593.1:2598858-2601929	NB551033:76:HLGC3BGX5:4:12506:11257:1788:82#0/1	98.658	149	2	0	1201	1349	149	1	4.25e-68	265
NC_011593.1:2598858-2601929	NB551033:76:HLGC3BGX5:3:21406:23954:6850:82#0/1	98.658	149	2	0	1480	1628	2	150	4.25e-68	265
NC_011593.1:2598858-2601929	NB551033:76:HLGC3BGX5:1:21310:12876:16250:82#0/1	100.000	143	0	0	1619	1761	143	1	4.25e-68	265
NC_011593.1:2598858-2601929	NB551033:76:HLGC3BGX5:4:22612:25061:11841:82#0/2	98.013	151	3	0	1335	1485	151	1	1.53e-67	263
NC_011593.1:2598858-2601929	NB551033:76:HLGC3BGX5:4:22611:3034:16034:82#0/2	98.013	151	3	0	2058	2208	1	151	1.53e-67	263
NC_011593.1:2598858-2601929	NB551033:76:HLGC3BGX5:4:13511:3492:3208:82#0/2	98.013	151	3	0	657	807	151	1	1.53e-67	263
NC_011593.1:2598858-2601929	NB551033:76:HLGC3BGX5:4:11405:12919:4598:82#0/2	98.649	148	2	0	2903	3050	150	3	1.53e-67	263
NC_011593.1:2598858-2601929	NB551033:76:HLGC3BGX5:3:23607:6242:3045:82#0/2	98.013	151	3	0	1437	1587	1	151	1.53e-67	263
NC_011593.1:2598858-2601929	NB551033:76:HLGC3BGX5:3:12512:17021:12357:82#0/2	98.013	151	3	0	1239	1389	151	1	1.53e-67	263
NC_011593.1:2598858-2601929	NB551033:76:HLGC3BGX5:2:23109:10261:1294:82#0/2	98.649	148	2	0	2484	2631	1	148	1.53e-67	263
NC_011593.1:2598858-2601929	NB551033:76:HLGC3BGX5:2:13108:20815:8841:82#0/2	99.310	145	1	0	1877	2021	1	145	1.53e-67	263
NC_011593.1:2598858-2601929	NB551033:76:HLGC3BGX5:1:13104:9320:17740:82#0/2	98.013	151	3	0	1266	1416	1	151	1.53e-67	263
NC_011593.1:2598858-2601929	NB551033:76:HLGC3BGX5:1:13102:14584:16567:82#0/2	98.649	148	2	0	2851	2998	3	150	1.53e-67	263
NC_011593.1:2598858-2601929	NB551033:76:HLGC3BGX5:1:12207:7977:12554:82#0/2	98.013	151	3	0	602	752	151	1	1.53e-67	263
NC_011593.1:2598858-2601929	NB551033:76:HLGC3BGX5:1:11206:4756:4722:82#0/2	100.000	142	0	0	2434	2575	1	142	1.53e-67	263
NC_011593.1:2598858-2601929	NB551033:76:HLGC3BGX5:4:22612:25061:11841:82#0/1	98.013	151	3	0	1190	1340	1	151	1.53e-67	263
NC_011593.1:2598858-2601929	NB551033:76:HLGC3BGX5:4:13610:23288:10109:82#0/1	98.013	151	3	0	1435	1585	1	151	1.53e-67	263
NC_011593.1:2598858-2601929	NB551033:76:HLGC3BGX5:4:12503:12349:17048:82#0/1	98.013	151	3	0	2546	2696	1	151	1.53e-67	263
NC_011593.1:2598858-2601929	NB551033:76:HLGC3BGX5:3:13609:22751:7356:82#0/1	98.013	151	3	0	2316	2466	151	1	1.53e-67	263
NC_011593.1:2598858-2601929	NB551033:76:HLGC3BGX5:2:22304:24817:1206:82#0/1	98.013	151	3	0	961	1111	1	151	1.53e-67	263
NC_011593.1:2598858-2601929	NB551033:76:HLGC3BGX5:2:12306:26553:16130:82#0/1	98.013	151	3	0	2348	2498	151	1	1.53e-67	263
NC_011593.1:2598858-2601929	NB551033:76:HLGC3BGX5:2:11310:18100:15584:82#0/1	98.013	151	3	0	1283	1433	151	1	1.53e-67	263
NC_011593.1:2598858-2601929	NB551033:76:HLGC3BGX5:2:11205:13546:2574:82#0/1	98.013	151	3	0	1427	1577	151	1	1.53e-67	263
NC_011593.1:2598858-2601929	NB551033:76:HLGC3BGX5:1:23202:19741:4437:82#0/1	98.649	148	2	0	2734	2881	1	148	1.53e-67	263
NC_011593.1:2598858-2601929	NB551033:76:HLGC3BGX5:4:23412:15770:6251:82#0/2	98.000	150	3	0	237	386	1	150	5.49e-67	261
NC_011593.1:2598858-2601929	NB551033:76:HLGC3BGX5:2:11306:18113:6479:82#0/2	98.000	150	3	0	553	702	1	150	5.49e-67	261
NC_011593.1:2598858-2601929	NB551033:76:HLGC3BGX5:3:22605:6684:16139:82#0/1	98.000	150	3	0	2754	2903	1	150	5.49e-67	261
NC_011593.1:2598858-2601929	NB551033:76:HLGC3BGX5:2:23209:18946:15400:82#0/1	98.000	150	3	0	1335	1484	150	1	5.49e-67	261
NC_011593.1:2598858-2601929	NB551033:76:HLGC3BGX5:1:13104:9320:17740:82#0/1	98.000	150	3	0	1421	1570	150	1	5.49e-67	261
NC_011593.1:2598858-2601929	NB551033:76:HLGC3BGX5:1:12207:7977:12554:82#0/1	98.000	150	3	0	591	740	1	150	5.49e-67	261
NC_011593.1:2598858-2601929	NB551033:76:HLGC3BGX5:1:11311:7620:16393:82#0/1	98.000	150	3	0	1296	1445	150	1	5.49e-67	261
NC_011593.1:2598858-2601929	NB551033:76:HLGC3BGX5:4:22512:5683:17764:82#0/2	97.987	149	3	0	2348	2496	1	149	1.98e-66	259
NC_011593.1:2598858-2601929	NB551033:76:HLGC3BGX5:2:11205:13546:2574:82#0/2	97.987	149	3	0	1421	1569	1	149	1.98e-66	259
NC_011593.1:2598858-2601929	NB551033:76:HLGC3BGX5:4:21508:4968:9193:82#0/1	99.301	143	1	0	2013	2155	143	1	1.98e-66	259
NC_011593.1:2598858-2601929	NB551033:76:HLGC3BGX5:2:23211:12430:16422:82#0/1	97.987	149	3	0	877	1025	149	1	1.98e-66	259
NC_011593.1:2598858-2601929	NB551033:76:HLGC3BGX5:4:12503:12349:17048:82#0/2	97.351	151	4	0	2607	2757	151	1	7.11e-66	257
NC_011593.1:2598858-2601929	NB551033:76:HLGC3BGX5:3:21612:24721:10662:82#0/2	97.973	148	3	0	1454	1601	1	148	7.11e-66	257
NC_011593.1:2598858-2601929	NB551033:76:HLGC3BGX5:3:12611:15641:11356:82#0/2	100.000	139	0	0	2399	2537	139	1	7.11e-66	257
NC_011593.1:2598858-2601929	NB551033:76:HLGC3BGX5:2:23302:13410:14592:82#0/2	97.973	148	3	0	2243	2390	150	3	7.11e-66	257
NC_011593.1:2598858-2601929	NB551033:76:HLGC3BGX5:2:22103:7731:7712:82#0/2	97.351	151	4	0	2630	2780	151	1	7.11e-66	257
NC_011593.1:2598858-2601929	NB551033:76:HLGC3BGX5:1:11206:26855:11769:82#0/2	97.351	151	4	0	1048	1198	151	1	7.11e-66	257
NC_011593.1:2598858-2601929	NB551033:76:HLGC3BGX5:4:21403:14569:6007:82#0/1	97.973	148	3	0	1257	1404	148	1	7.11e-66	257
NC_011593.1:2598858-2601929	NB551033:76:HLGC3BGX5:3:21411:1635:11988:82#0/1	97.973	148	3	0	1396	1543	148	1	7.11e-66	257
NC_011593.1:2598858-2601929	NB551033:76:HLGC3BGX5:2:22212:16809:8159:82#0/1	97.351	151	4	0	2297	2447	1	151	7.11e-66	257
NC_011593.1:2598858-2601929	NB551033:76:HLGC3BGX5:1:13103:18646:11988:82#0/1	97.351	151	4	0	2297	2447	151	1	7.11e-66	257
NC_011593.1:2598858-2601929	NB551033:76:HLGC3BGX5:4:21603:2924:15277:82#0/2	97.333	150	4	0	2295	2444	1	150	2.56e-65	255
NC_011593.1:2598858-2601929	NB551033:76:HLGC3BGX5:4:21406:4552:15910:82#0/2	97.959	147	3	0	2576	2722	1	147	2.56e-65	255
NC_011593.1:2598858-2601929	NB551033:76:HLGC3BGX5:3:22404:2466:15791:82#0/2	97.333	150	4	0	630	779	1	150	2.56e-65	255
NC_011593.1:2598858-2601929	NB551033:76:HLGC3BGX5:3:21411:1635:11988:82#0/2	98.611	144	2	0	961	1104	1	144	2.56e-65	255
NC_011593.1:2598858-2601929	NB551033:76:HLGC3BGX5:3:13609:22751:7356:82#0/2	97.333	150	4	0	2283	2432	1	150	2.56e-65	255
NC_011593.1:2598858-2601929	NB551033:76:HLGC3BGX5:2:23209:18946:15400:82#0/2	97.959	147	3	0	1190	1336	1	147	2.56e-65	255
NC_011593.1:2598858-2601929	NB551033:76:HLGC3BGX5:2:13310:6868:15198:82#0/2	97.333	150	4	0	2293	2442	150	1	2.56e-65	255
NC_011593.1:2598858-2601929	NB551033:76:HLGC3BGX5:1:22206:14614:18513:82#0/2	97.333	150	4	0	2712	2861	1	150	2.56e-65	255
NC_011593.1:2598858-2601929	NB551033:76:HLGC3BGX5:4:21406:4552:15910:82#0/1	97.333	150	4	0	2593	2742	150	1	2.56e-65	255
NC_011593.1:2598858-2601929	NB551033:76:HLGC3BGX5:3:22611:12652:7635:82#0/1	97.333	150	4	0	58	207	150	1	2.56e-65	255
NC_011593.1:2598858-2601929	NB551033:76:HLGC3BGX5:2:22103:7731:7712:82#0/1	97.959	147	3	0	2586	2732	1	147	2.56e-65	255
NC_011593.1:2598858-2601929	NB551033:76:HLGC3BGX5:2:21104:16074:7675:82#0/1	97.333	150	4	0	1444	1593	1	150	2.56e-65	255
NC_011593.1:2598858-2601929	NB551033:76:HLGC3BGX5:4:21409:11833:13747:82#0/1	97.315	149	4	0	2316	2464	1	149	9.19e-65	254
NC_011593.1:2598858-2601929	NB551033:76:HLGC3BGX5:1:23210:23322:15910:82#0/1	98.601	143	2	0	1526	1668	143	1	9.19e-65	254
NC_011593.1:2598858-2601929	NB551033:76:HLGC3BGX5:1:22305:4062:11423:82#0/1	97.945	146	3	0	553	698	146	1	9.19e-65	254
NC_011593.1:2598858-2601929	NB551033:76:HLGC3BGX5:1:11108:18314:16359:82#0/1	100.000	137	0	0	1717	1853	1	137	9.19e-65	254
NC_011593.1:2598858-2601929	NB551033:76:HLGC3BGX5:2:12202:17927:10071:82#0/2	96.689	151	5	0	2632	2782	1	151	3.31e-64	252
NC_011593.1:2598858-2601929	NB551033:76:HLGC3BGX5:1:22301:10302:15941:82#0/2	99.281	139	1	0	2446	2584	1	139	3.31e-64	252
NC_011593.1:2598858-2601929	NB551033:76:HLGC3BGX5:3:21605:15918:13125:82#0/1	96.689	151	5	0	540	690	151	1	3.31e-64	252
NC_011593.1:2598858-2601929	NB551033:76:HLGC3BGX5:2:11209:17864:9826:82#0/1	98.592	142	2	0	1	142	10	151	3.31e-64	252
NC_011593.1:2598858-2601929	NB551033:76:HLGC3BGX5:1:22301:10302:15941:82#0/1	99.281	139	1	0	2446	2584	139	1	3.31e-64	252
NC_011593.1:2598858-2601929	NB551033:76:HLGC3BGX5:3:21405:11266:5231:82#0/2	96.667	150	5	0	794	943	1	150	1.19e-63	250
NC_011593.1:2598858-2601929	NB551033:76:HLGC3BGX5:2:23211:12430:16422:82#0/2	96.667	150	5	0	826	975	1	150	1.19e-63	250
NC_011593.1:2598858-2601929	NB551033:76:HLGC3BGX5:2:21304:12820:5646:82#0/2	96.667	150	5	0	2672	2821	1	150	1.19e-63	250
NC_011593.1:2598858-2601929	NB551033:76:HLGC3BGX5:1:23210:23322:15910:82#0/2	97.917	144	3	0	1525	1668	1	144	1.19e-63	250
NC_011593.1:2598858-2601929	NB551033:76:HLGC3BGX5:4:13511:3492:3208:82#0/1	96.667	150	5	0	459	608	1	150	1.19e-63	250
NC_011593.1:2598858-2601929	NB551033:76:HLGC3BGX5:4:12409:14720:19201:82#0/1	96.667	150	5	0	867	1016	1	150	1.19e-63	250
NC_011593.1:2598858-2601929	NB551033:76:HLGC3BGX5:3:22609:20407:3438:82#0/1	96.667	150	5	0	799	948	1	150	1.19e-63	250
NC_011593.1:2598858-2601929	NB551033:76:HLGC3BGX5:1:13206:12976:3985:82#0/1	96.667	150	5	0	805	954	150	1	1.19e-63	250
NC_011593.1:2598858-2601929	NB551033:76:HLGC3BGX5:2:12311:3332:4767:82#0/2	96.644	149	5	0	1292	1440	1	149	4.28e-63	248
NC_011593.1:2598858-2601929	NB551033:76:HLGC3BGX5:1:22203:16162:7716:82#0/1	99.270	137	1	0	9	145	137	1	4.28e-63	248
NC_011593.1:2598858-2601929	NB551033:76:HLGC3BGX5:1:12111:13367:10412:82#0/2	96.622	148	5	0	2295	2442	1	148	1.54e-62	246
NC_011593.1:2598858-2601929	NB551033:76:HLGC3BGX5:3:12603:6908:11159:82#0/2	97.872	141	3	0	2086	2226	141	1	5.53e-62	244
NC_011593.1:2598858-2601929	NB551033:76:HLGC3BGX5:2:22105:17037:17820:82#0/2	96.000	150	6	0	755	904	1	150	5.53e-62	244
NC_011593.1:2598858-2601929	NB551033:76:HLGC3BGX5:2:23207:15698:3872:82#0/1	100.000	132	0	0	205	336	132	1	5.53e-62	244
NC_011593.1:2598858-2601929	NB551033:76:HLGC3BGX5:2:12111:3870:1750:82#0/1	96.000	150	6	0	499	648	1	150	5.53e-62	244
NC_011593.1:2598858-2601929	NB551033:76:HLGC3BGX5:1:13302:1138:13171:82#0/2	99.248	133	1	0	1898	2030	133	1	1.99e-61	243
NC_011593.1:2598858-2601929	NB551033:76:HLGC3BGX5:3:12512:17021:12357:82#0/1	98.540	137	2	0	1107	1243	1	137	1.99e-61	243
NC_011593.1:2598858-2601929	NB551033:76:HLGC3BGX5:2:13108:20815:8841:82#0/1	100.000	131	0	0	2405	2535	131	1	1.99e-61	243
NC_011593.1:2598858-2601929	NB551033:76:HLGC3BGX5:4:21508:4968:9193:82#0/2	100.000	130	0	0	1657	1786	1	130	7.16e-61	241
NC_011593.1:2598858-2601929	NB551033:76:HLGC3BGX5:2:21112:9972:17336:82#0/2	99.242	132	1	0	243	374	1	132	2.57e-60	239
NC_011593.1:2598858-2601929	NB551033:76:HLGC3BGX5:1:23202:19741:4437:82#0/2	97.826	138	3	0	2935	3072	150	13	2.57e-60	239
NC_011593.1:2598858-2601929	NB551033:76:HLGC3BGX5:2:21112:9972:17336:82#0/1	99.242	132	1	0	243	374	132	1	2.57e-60	239
NC_011593.1:2598858-2601929	NB551033:76:HLGC3BGX5:2:11110:2280:15506:82#0/1	99.242	132	1	0	1	132	132	1	2.57e-60	239
NC_011593.1:2598858-2601929	NB551033:76:HLGC3BGX5:1:13102:14584:16567:82#0/1	97.826	138	3	0	2935	3072	150	13	2.57e-60	239
NC_011593.1:2598858-2601929	NB551033:76:HLGC3BGX5:2:23207:15698:3872:82#0/2	97.810	137	3	0	71	207	1	137	9.26e-60	237
NC_011593.1:2598858-2601929	NB551033:76:HLGC3BGX5:2:23203:2599:18372:82#0/2	98.507	134	2	0	1375	1508	134	1	9.26e-60	237
NC_011593.1:2598858-2601929	NB551033:76:HLGC3BGX5:4:21411:21836:19843:82#0/2	97.122	139	4	0	2687	2825	139	1	3.33e-59	235
NC_011593.1:2598858-2601929	NB551033:76:HLGC3BGX5:3:11502:18501:6126:82#0/2	99.231	130	1	0	311	440	1	130	3.33e-59	235
NC_011593.1:2598858-2601929	NB551033:76:HLGC3BGX5:3:11502:18501:6126:82#0/1	99.231	130	1	0	311	440	130	1	3.33e-59	235
NC_011593.1:2598858-2601929	NB551033:76:HLGC3BGX5:1:11206:26855:11769:82#0/1	100.000	127	0	0	940	1066	1	127	3.33e-59	235
NC_011593.1:2598858-2601929	NB551033:76:HLGC3BGX5:1:21307:16607:5870:82#0/1	97.101	138	4	0	553	690	138	1	1.20e-58	233
NC_011593.1:2598858-2601929	NB551033:76:HLGC3BGX5:1:23104:25567:5657:82#0/2	98.473	131	2	0	1410	1540	1	131	4.31e-58	231
NC_011593.1:2598858-2601929	NB551033:76:HLGC3BGX5:4:21411:21836:19843:82#0/1	96.429	140	5	0	2686	2825	1	140	4.31e-58	231
NC_011593.1:2598858-2601929	NB551033:76:HLGC3BGX5:2:21104:16074:7675:82#0/2	98.462	130	2	0	1502	1631	130	1	1.55e-57	230
NC_011593.1:2598858-2601929	NB551033:76:HLGC3BGX5:1:22305:2699:17213:82#0/1	97.744	133	3	0	2940	3072	151	19	1.55e-57	230
NC_011593.1:2598858-2601929	NB551033:76:HLGC3BGX5:3:12505:11316:5133:82#0/2	97.037	135	4	0	2938	3072	1	135	5.57e-57	228
NC_011593.1:2598858-2601929	NB551033:76:HLGC3BGX5:4:22504:15370:17160:82#0/1	99.206	126	1	0	1	126	25	150	5.57e-57	228
NC_011593.1:2598858-2601929	NB551033:76:HLGC3BGX5:1:12111:13367:10412:82#0/1	97.037	135	4	0	2652	2786	135	1	5.57e-57	228
NC_011593.1:2598858-2601929	NB551033:76:HLGC3BGX5:4:21403:14569:6007:82#0/2	99.200	125	1	0	1019	1143	1	125	2.00e-56	226
NC_011593.1:2598858-2601929	NB551033:76:HLGC3BGX5:2:22105:11560:8164:82#0/2	99.200	125	1	0	1821	1945	125	1	2.00e-56	226
NC_011593.1:2598858-2601929	NB551033:76:HLGC3BGX5:2:13104:25097:1865:82#0/1	99.200	125	1	0	2192	2316	1	125	2.00e-56	226
NC_011593.1:2598858-2601929	NB551033:76:HLGC3BGX5:4:23611:16067:14829:82#0/2	98.425	127	2	0	1249	1375	1	127	7.21e-56	224
NC_011593.1:2598858-2601929	NB551033:76:HLGC3BGX5:4:21502:20990:12793:82#0/2	99.194	124	1	0	198	321	124	1	7.21e-56	224
NC_011593.1:2598858-2601929	NB551033:76:HLGC3BGX5:4:23611:16067:14829:82#0/1	98.425	127	2	0	1249	1375	127	1	7.21e-56	224
NC_011593.1:2598858-2601929	NB551033:76:HLGC3BGX5:3:12611:15641:11356:82#0/1	96.992	133	4	0	2290	2422	1	133	7.21e-56	224
NC_011593.1:2598858-2601929	NB551033:76:HLGC3BGX5:2:12101:20841:4324:82#0/1	100.000	121	0	0	1746	1866	121	1	7.21e-56	224
NC_011593.1:2598858-2601929	NB551033:76:HLGC3BGX5:4:13511:5985:10757:82#0/2	98.413	126	2	0	565	690	126	1	2.59e-55	222
NC_011593.1:2598858-2601929	NB551033:76:HLGC3BGX5:1:13205:2871:18113:82#0/2	98.413	126	2	0	412	537	126	1	2.59e-55	222
NC_011593.1:2598858-2601929	NB551033:76:HLGC3BGX5:1:11110:9530:15435:82#0/2	98.413	126	2	0	1532	1657	1	126	2.59e-55	222
NC_011593.1:2598858-2601929	NB551033:76:HLGC3BGX5:3:12603:6908:11159:82#0/1	98.413	126	2	0	1054	1179	1	126	2.59e-55	222
NC_011593.1:2598858-2601929	NB551033:76:HLGC3BGX5:1:11110:9530:15435:82#0/1	98.413	126	2	0	1532	1657	126	1	2.59e-55	222
NC_011593.1:2598858-2601929	NB551033:76:HLGC3BGX5:4:13402:3365:16847:82#0/2	98.400	125	2	0	2529	2653	1	125	9.33e-55	220
NC_011593.1:2598858-2601929	NB551033:76:HLGC3BGX5:4:11408:9977:18162:82#0/2	100.000	119	0	0	1677	1795	119	1	9.33e-55	220
NC_011593.1:2598858-2601929	NB551033:76:HLGC3BGX5:2:11301:8698:5659:82#0/2	99.180	122	1	0	139	260	122	1	9.33e-55	220
NC_011593.1:2598858-2601929	NB551033:76:HLGC3BGX5:4:13511:5985:10757:82#0/1	98.400	125	2	0	565	689	3	127	9.33e-55	220
NC_011593.1:2598858-2601929	NB551033:76:HLGC3BGX5:4:13402:3365:16847:82#0/1	98.400	125	2	0	2529	2653	125	1	9.33e-55	220
NC_011593.1:2598858-2601929	NB551033:76:HLGC3BGX5:4:11408:9977:18162:82#0/1	100.000	119	0	0	1677	1795	1	119	9.33e-55	220
NC_011593.1:2598858-2601929	NB551033:76:HLGC3BGX5:3:22604:20684:17577:82#0/1	97.656	128	3	0	2945	3072	151	24	9.33e-55	220
NC_011593.1:2598858-2601929	NB551033:76:HLGC3BGX5:2:11301:8698:5659:82#0/1	99.180	122	1	0	139	260	1	122	9.33e-55	220
NC_011593.1:2598858-2601929	NB551033:76:HLGC3BGX5:1:23104:25567:5657:82#0/1	98.387	124	2	0	1417	1540	124	1	3.35e-54	219
NC_011593.1:2598858-2601929	NB551033:76:HLGC3BGX5:1:13205:2871:18113:82#0/1	100.000	117	0	0	364	480	2	118	1.21e-53	217
NC_011593.1:2598858-2601929	NB551033:76:HLGC3BGX5:2:13104:25097:1865:82#0/2	95.489	133	6	0	2311	2443	133	1	1.56e-52	213
NC_011593.1:2598858-2601929	NB551033:76:HLGC3BGX5:1:13209:15716:14614:82#0/1	98.347	121	2	0	2898	3018	1	121	1.56e-52	213
NC_011593.1:2598858-2601929	NB551033:76:HLGC3BGX5:2:11210:20893:10057:82#0/2	100.000	114	0	0	1912	2025	1	114	5.61e-52	211
NC_011593.1:2598858-2601929	NB551033:76:HLGC3BGX5:1:13209:15716:14614:82#0/2	98.333	120	2	0	2899	3018	120	1	5.61e-52	211
NC_011593.1:2598858-2601929	NB551033:76:HLGC3BGX5:2:11210:20893:10057:82#0/1	100.000	114	0	0	1912	2025	114	1	5.61e-52	211
NC_011593.1:2598858-2601929	NB551033:76:HLGC3BGX5:1:13111:14027:1804:82#0/1	99.145	117	1	0	895	1011	4	120	5.61e-52	211
NC_011593.1:2598858-2601929	NB551033:76:HLGC3BGX5:4:22612:22775:15432:82#0/2	97.521	121	3	0	2898	3018	121	1	7.26e-51	207
NC_011593.1:2598858-2601929	NB551033:76:HLGC3BGX5:4:13610:23288:10109:82#0/2	97.521	121	3	0	1467	1587	121	1	7.26e-51	207
NC_011593.1:2598858-2601929	NB551033:76:HLGC3BGX5:4:22612:22775:15432:82#0/1	97.521	121	3	0	2898	3018	1	121	7.26e-51	207
NC_011593.1:2598858-2601929	NB551033:76:HLGC3BGX5:2:12107:16719:13368:82#0/2	98.291	117	2	0	1158	1274	1	117	2.61e-50	206
NC_011593.1:2598858-2601929	NB551033:76:HLGC3BGX5:2:11208:6959:17534:82#0/2	99.123	114	1	0	2910	3023	1	114	2.61e-50	206
NC_011593.1:2598858-2601929	NB551033:76:HLGC3BGX5:2:12107:16719:13368:82#0/1	98.291	117	2	0	1158	1274	117	1	2.61e-50	206
NC_011593.1:2598858-2601929	NB551033:76:HLGC3BGX5:2:11208:6959:17534:82#0/1	99.123	114	1	0	2910	3023	114	1	2.61e-50	206
NC_011593.1:2598858-2601929	NB551033:76:HLGC3BGX5:3:23606:10520:18963:82#0/2	96.000	125	5	0	479	603	125	1	9.39e-50	204
NC_011593.1:2598858-2601929	NB551033:76:HLGC3BGX5:3:12405:21887:10322:82#0/1	100.000	110	0	0	1	110	39	148	9.39e-50	204
NC_011593.1:2598858-2601929	NB551033:76:HLGC3BGX5:2:13207:26153:8631:82#0/2	100.000	109	0	0	946	1054	109	1	3.38e-49	202
NC_011593.1:2598858-2601929	NB551033:76:HLGC3BGX5:3:23606:10520:18963:82#0/1	95.968	124	5	0	479	602	1	124	3.38e-49	202
NC_011593.1:2598858-2601929	NB551033:76:HLGC3BGX5:4:23411:14547:6331:82#0/2	97.436	117	3	0	2956	3072	150	34	1.21e-48	200
NC_011593.1:2598858-2601929	NB551033:76:HLGC3BGX5:3:22404:2466:15791:82#0/1	95.935	123	5	0	807	929	123	1	1.21e-48	200
NC_011593.1:2598858-2601929	NB551033:76:HLGC3BGX5:2:12202:17927:10071:82#0/1	97.436	117	3	0	2956	3072	151	35	1.21e-48	200
NC_011593.1:2598858-2601929	NB551033:76:HLGC3BGX5:4:13407:13668:8898:82#0/2	99.091	110	1	0	168	277	110	1	4.37e-48	198
NC_011593.1:2598858-2601929	NB551033:76:HLGC3BGX5:3:23612:19381:20162:82#0/2	100.000	107	0	0	2413	2519	107	1	4.37e-48	198
NC_011593.1:2598858-2601929	NB551033:76:HLGC3BGX5:4:13407:13668:8898:82#0/1	99.091	110	1	0	168	277	1	110	4.37e-48	198
NC_011593.1:2598858-2601929	NB551033:76:HLGC3BGX5:3:23612:19381:20162:82#0/1	100.000	107	0	0	2413	2519	1	107	4.37e-48	198
NC_011593.1:2598858-2601929	NB551033:76:HLGC3BGX5:2:13207:26153:8631:82#0/1	100.000	107	0	0	946	1052	1	107	4.37e-48	198
NC_011593.1:2598858-2601929	NB551033:76:HLGC3BGX5:4:21511:16305:14048:82#0/2	98.182	110	2	0	2539	2648	1	110	2.03e-46	193
NC_011593.1:2598858-2601929	NB551033:76:HLGC3BGX5:4:21511:16305:14048:82#0/1	98.182	110	2	0	2539	2648	110	1	2.03e-46	193
NC_011593.1:2598858-2601929	NB551033:76:HLGC3BGX5:3:13609:25939:4029:82#0/2	99.038	104	1	0	1128	1231	1	104	9.46e-45	187
NC_011593.1:2598858-2601929	NB551033:76:HLGC3BGX5:2:21202:6134:4455:82#0/2	98.113	106	2	0	1532	1637	1	106	3.40e-44	185
NC_011593.1:2598858-2601929	NB551033:76:HLGC3BGX5:4:13408:7503:12934:82#0/2	98.095	105	2	0	555	659	105	1	1.22e-43	183
NC_011593.1:2598858-2601929	NB551033:76:HLGC3BGX5:2:12202:10889:18983:82#0/2	99.020	102	1	0	14	115	102	1	1.22e-43	183
NC_011593.1:2598858-2601929	NB551033:76:HLGC3BGX5:1:11205:4663:1165:82#0/2	99.020	102	1	0	640	741	1	102	1.22e-43	183
NC_011593.1:2598858-2601929	NB551033:76:HLGC3BGX5:4:13408:7503:12934:82#0/1	98.095	105	2	0	555	659	1	105	1.22e-43	183
NC_011593.1:2598858-2601929	NB551033:76:HLGC3BGX5:4:23405:25927:16537:82#0/2	97.196	107	3	0	2679	2785	107	1	4.40e-43	182
NC_011593.1:2598858-2601929	NB551033:76:HLGC3BGX5:4:12404:18496:4090:82#0/2	98.077	104	2	0	1291	1394	104	1	4.40e-43	182
NC_011593.1:2598858-2601929	NB551033:76:HLGC3BGX5:4:23405:25927:16537:82#0/1	97.196	107	3	0	2679	2785	3	109	4.40e-43	182
NC_011593.1:2598858-2601929	NB551033:76:HLGC3BGX5:3:23407:16516:19187:82#0/2	99.000	100	1	0	2790	2889	1	100	1.58e-42	180
NC_011593.1:2598858-2601929	NB551033:76:HLGC3BGX5:1:11205:4663:1165:82#0/1	98.058	103	2	0	640	742	103	1	1.58e-42	180
NC_011593.1:2598858-2601929	NB551033:76:HLGC3BGX5:1:22107:26227:6727:82#0/2	97.143	105	3	0	595	699	1	105	5.69e-42	178
NC_011593.1:2598858-2601929	NB551033:76:HLGC3BGX5:1:22107:26227:6727:82#0/1	97.143	105	3	0	595	699	105	1	5.69e-42	178
NC_011593.1:2598858-2601929	NB551033:76:HLGC3BGX5:1:22112:18766:13442:82#0/2	95.455	110	5	0	499	608	110	1	2.05e-41	176
NC_011593.1:2598858-2601929	NB551033:76:HLGC3BGX5:4:23407:22389:3759:82#0/1	95.455	110	5	0	499	608	1	110	2.05e-41	176
NC_011593.1:2598858-2601929	NB551033:76:HLGC3BGX5:1:22112:18766:13442:82#0/1	95.455	110	5	0	499	608	1	110	2.05e-41	176
NC_011593.1:2598858-2601929	NB551033:76:HLGC3BGX5:4:23407:22389:3759:82#0/2	95.413	109	5	0	500	608	109	1	7.36e-41	174
NC_011593.1:2598858-2601929	NB551033:76:HLGC3BGX5:1:11212:18196:2441:82#0/2	98.000	100	2	0	451	550	105	6	7.36e-41	174
NC_011593.1:2598858-2601929	NB551033:76:HLGC3BGX5:1:11212:18196:2441:82#0/1	98.000	100	2	0	451	550	1	100	7.36e-41	174
NC_011593.1:2598858-2601929	NB551033:76:HLGC3BGX5:4:22502:11678:19264:82#0/2	100.000	93	0	0	1	93	49	141	2.65e-40	172
NC_011593.1:2598858-2601929	NB551033:76:HLGC3BGX5:1:13301:14792:19809:82#0/2	98.958	96	1	0	1807	1902	1	96	2.65e-40	172
NC_011593.1:2598858-2601929	NB551033:76:HLGC3BGX5:3:22607:3794:19874:82#0/1	100.000	93	0	0	1	93	43	135	2.65e-40	172
NC_011593.1:2598858-2601929	NB551033:76:HLGC3BGX5:3:13604:19450:13315:82#0/1	100.000	93	0	0	1	93	93	1	2.65e-40	172
NC_011593.1:2598858-2601929	NB551033:76:HLGC3BGX5:2:22106:14843:16632:82#0/1	98.958	96	1	0	569	664	1	96	2.65e-40	172
NC_011593.1:2598858-2601929	NB551033:76:HLGC3BGX5:1:13301:14792:19809:82#0/1	98.958	96	1	0	1807	1902	96	1	2.65e-40	172
NC_011593.1:2598858-2601929	NB551033:76:HLGC3BGX5:4:12604:6357:12215:82#0/2	97.030	101	3	0	2686	2786	101	1	9.53e-40	171
NC_011593.1:2598858-2601929	NB551033:76:HLGC3BGX5:4:12604:6357:12215:82#0/1	97.030	101	3	0	2686	2786	1	101	9.53e-40	171
NC_011593.1:2598858-2601929	NB551033:76:HLGC3BGX5:1:11303:11549:4785:82#0/2	100.000	91	0	0	926	1016	1	91	3.43e-39	169
NC_011593.1:2598858-2601929	NB551033:76:HLGC3BGX5:3:23501:21189:10392:82#0/2	100.000	90	0	0	1	90	46	135	1.23e-38	167
NC_011593.1:2598858-2601929	NB551033:76:HLGC3BGX5:2:13106:8720:13091:82#0/2	97.917	96	2	0	2632	2727	1	96	1.23e-38	167
NC_011593.1:2598858-2601929	NB551033:76:HLGC3BGX5:3:23501:21189:10392:82#0/1	100.000	90	0	0	1	90	90	1	1.23e-38	167
NC_011593.1:2598858-2601929	NB551033:76:HLGC3BGX5:2:13106:8720:13091:82#0/1	97.917	96	2	0	2632	2727	96	1	1.23e-38	167
NC_011593.1:2598858-2601929	NB551033:76:HLGC3BGX5:4:12610:16795:18666:82#0/1	100.000	89	0	0	1613	1701	1	89	4.43e-38	165
NC_011593.1:2598858-2601929	NB551033:76:HLGC3BGX5:1:22205:15844:10690:82#0/2	98.901	91	1	0	682	772	1	91	1.59e-37	163
NC_011593.1:2598858-2601929	NB551033:76:HLGC3BGX5:1:11201:24054:2035:82#0/2	95.146	103	5	0	506	608	103	1	1.59e-37	163
NC_011593.1:2598858-2601929	NB551033:76:HLGC3BGX5:1:22205:15844:10690:82#0/1	100.000	88	0	0	685	772	88	1	1.59e-37	163
NC_011593.1:2598858-2601929	NB551033:76:HLGC3BGX5:1:11201:24054:2035:82#0/1	95.146	103	5	0	506	608	1	103	1.59e-37	163
NC_011593.1:2598858-2601929	NB551033:76:HLGC3BGX5:4:22512:16695:15847:82#0/2	98.889	90	1	0	1190	1279	90	1	5.73e-37	161
NC_011593.1:2598858-2601929	NB551033:76:HLGC3BGX5:4:21512:12422:2184:82#0/2	98.889	90	1	0	565	654	2	91	5.73e-37	161
NC_011593.1:2598858-2601929	NB551033:76:HLGC3BGX5:4:22512:16695:15847:82#0/1	98.889	90	1	0	1190	1279	1	90	5.73e-37	161
NC_011593.1:2598858-2601929	NB551033:76:HLGC3BGX5:4:21512:12422:2184:82#0/1	98.889	90	1	0	565	654	90	1	5.73e-37	161
NC_011593.1:2598858-2601929	NB551033:76:HLGC3BGX5:2:12111:23336:8620:82#0/2	100.000	86	0	0	1	86	49	134	2.06e-36	159
NC_011593.1:2598858-2601929	NB551033:76:HLGC3BGX5:2:21303:17899:5352:82#0/2	97.802	91	2	0	600	690	91	1	7.42e-36	158
NC_011593.1:2598858-2601929	NB551033:76:HLGC3BGX5:2:11110:2280:15506:82#0/2	100.000	85	0	0	1	85	66	150	7.42e-36	158
NC_011593.1:2598858-2601929	NB551033:76:HLGC3BGX5:2:21303:17899:5352:82#0/1	97.802	91	2	0	600	690	1	91	7.42e-36	158
NC_011593.1:2598858-2601929	NB551033:76:HLGC3BGX5:4:12610:16795:18666:82#0/2	97.753	89	2	0	1613	1701	89	1	9.59e-35	154
NC_011593.1:2598858-2601929	NB551033:76:HLGC3BGX5:4:12506:11257:1788:82#0/2	98.837	86	1	0	1146	1231	1	86	9.59e-35	154
NC_011593.1:2598858-2601929	NB551033:76:HLGC3BGX5:4:11512:20353:14974:82#0/2	98.837	86	1	0	1863	1948	1	86	9.59e-35	154
NC_011593.1:2598858-2601929	NB551033:76:HLGC3BGX5:1:11303:21261:14150:82#0/2	98.837	86	1	0	553	638	88	3	9.59e-35	154
NC_011593.1:2598858-2601929	NB551033:76:HLGC3BGX5:4:11512:20353:14974:82#0/1	98.837	86	1	0	1863	1948	86	1	9.59e-35	154
NC_011593.1:2598858-2601929	NB551033:76:HLGC3BGX5:1:11303:21261:14150:82#0/1	98.837	86	1	0	553	638	1	86	9.59e-35	154
NC_011593.1:2598858-2601929	NB551033:76:HLGC3BGX5:3:23402:21060:19028:82#0/2	97.727	88	2	0	1341	1428	1	88	3.45e-34	152
NC_011593.1:2598858-2601929	NB551033:76:HLGC3BGX5:3:23402:21060:19028:82#0/1	97.727	88	2	0	1341	1428	88	1	3.45e-34	152
NC_011593.1:2598858-2601929	NB551033:76:HLGC3BGX5:3:13402:17392:2575:82#0/2	98.810	84	1	0	1006	1089	1	84	1.24e-33	150
NC_011593.1:2598858-2601929	NB551033:76:HLGC3BGX5:1:23311:22497:16600:82#0/2	98.810	84	1	0	1006	1089	1	84	1.24e-33	150
NC_011593.1:2598858-2601929	NB551033:76:HLGC3BGX5:3:13402:17392:2575:82#0/1	98.810	84	1	0	1006	1089	84	1	1.24e-33	150
NC_011593.1:2598858-2601929	NB551033:76:HLGC3BGX5:1:23311:22497:16600:82#0/1	98.810	84	1	0	1006	1089	84	1	1.24e-33	150
NC_011593.1:2598858-2601929	NB551033:76:HLGC3BGX5:3:12506:22263:14133:82#0/2	97.674	86	2	0	2724	2809	2	87	4.46e-33	148
NC_011593.1:2598858-2601929	NB551033:76:HLGC3BGX5:3:11607:12882:1869:82#0/2	97.647	85	2	0	2569	2653	85	1	1.61e-32	147
NC_011593.1:2598858-2601929	NB551033:76:HLGC3BGX5:2:23202:8791:11737:82#0/2	98.780	82	1	0	2931	3012	1	82	1.61e-32	147
NC_011593.1:2598858-2601929	NB551033:76:HLGC3BGX5:2:21103:1457:7817:82#0/2	97.647	85	2	0	2988	3072	1	85	1.61e-32	147
NC_011593.1:2598858-2601929	NB551033:76:HLGC3BGX5:1:11112:13964:1098:82#0/2	97.619	84	2	0	292	375	1	84	1.61e-32	147
NC_011593.1:2598858-2601929	NB551033:76:HLGC3BGX5:3:11607:12882:1869:82#0/1	97.647	85	2	0	2569	2653	1	85	1.61e-32	147
NC_011593.1:2598858-2601929	NB551033:76:HLGC3BGX5:2:23202:8791:11737:82#0/1	98.780	82	1	0	2931	3012	82	1	1.61e-32	147
NC_011593.1:2598858-2601929	NB551033:76:HLGC3BGX5:3:12510:3814:18545:82#0/2	98.765	81	1	0	2938	3018	1	81	5.77e-32	145
NC_011593.1:2598858-2601929	NB551033:76:HLGC3BGX5:3:12510:3814:18545:82#0/1	98.750	80	1	0	2939	3018	80	1	2.08e-31	143
NC_011593.1:2598858-2601929	NB551033:76:HLGC3BGX5:3:21605:15918:13125:82#0/2	96.471	85	3	0	1	85	36	120	7.47e-31	141
NC_011593.1:2598858-2601929	NB551033:76:HLGC3BGX5:1:13212:7483:9120:82#0/2	100.000	75	0	0	36	110	75	1	2.69e-30	139
NC_011593.1:2598858-2601929	NB551033:76:HLGC3BGX5:1:13212:7483:9120:82#0/1	100.000	75	0	0	36	110	1	75	2.69e-30	139
NC_011593.1:2598858-2601929	NB551033:76:HLGC3BGX5:4:22609:25269:3770:82#0/2	98.667	75	1	0	455	529	75	1	1.25e-28	134
NC_011593.1:2598858-2601929	NB551033:76:HLGC3BGX5:2:23203:2599:18372:82#0/1	97.436	78	2	0	1267	1344	1	78	1.25e-28	134
NC_011593.1:2598858-2601929	NB551033:76:HLGC3BGX5:3:23509:13777:1203:82#0/2	97.368	76	2	0	2555	2630	1	76	1.62e-27	130
# BLASTN 2.9.0+
# Query: NC_011593.1:c2604454-2602106 Bifidobacterium longum subsp. infantis ATCC 15697, complete genome
# Database: db/blast_C0066_6F_1B_S82.faa
# 0 hits found
# BLASTN 2.9.0+
# Query: NC_011593.1:c2605922-2604486 Bifidobacterium longum subsp. infantis ATCC 15697, complete genome
# Database: db/blast_C0066_6F_1B_S82.faa
# 0 hits found
# BLASTN 2.9.0+
# Query: NC_011593.1:c2606381-2605944 Bifidobacterium longum subsp. infantis ATCC 15697, complete genome
# Database: db/blast_C0066_6F_1B_S82.faa
# 0 hits found
# BLASTN 2.9.0+
# Query: NC_011593.1:c2607314-2606418 Bifidobacterium longum subsp. infantis ATCC 15697, complete genome
# Database: db/blast_C0066_6F_1B_S82.faa
# Fields: query acc.ver, subject acc.ver, % identity, alignment length, mismatches, gap opens, q. start, q. end, s. start, s. end, evalue, bit score
# 1 hits found
NC_011593.1:c2607314-2606418	NB551033:76:HLGC3BGX5:2:13306:18652:19347:82#0/1	95.946	74	3	0	736	809	74	1	2.80e-25	121
# BLASTN 2.9.0+
# Query: NC_011593.1:c2608249-2607458 Bifidobacterium longum subsp. infantis ATCC 15697, complete genome
# Database: db/blast_C0066_6F_1B_S82.faa
# Fields: query acc.ver, subject acc.ver, % identity, alignment length, mismatches, gap opens, q. start, q. end, s. start, s. end, evalue, bit score
# 24 hits found
NC_011593.1:c2608249-2607458	NB551033:76:HLGC3BGX5:4:23402:13768:3895:82#0/2	95.276	127	6	0	335	461	2	128	8.55e-50	202
NC_011593.1:c2608249-2607458	NB551033:76:HLGC3BGX5:2:11208:4746:13185:82#0/2	95.455	110	5	0	358	467	110	1	5.18e-42	176
NC_011593.1:c2608249-2607458	NB551033:76:HLGC3BGX5:2:11208:4746:13185:82#0/1	96.262	107	4	0	358	464	3	109	5.18e-42	176
NC_011593.1:c2608249-2607458	NB551033:76:HLGC3BGX5:1:22204:15706:5035:82#0/2	95.556	90	4	0	703	792	148	59	1.46e-32	145
NC_011593.1:c2608249-2607458	NB551033:76:HLGC3BGX5:1:23103:22561:14440:82#0/1	96.471	85	3	0	366	450	1	85	1.89e-31	141
NC_011593.1:c2608249-2607458	NB551033:76:HLGC3BGX5:1:23103:22561:14440:82#0/2	95.294	85	4	0	366	450	85	1	8.80e-30	135
NC_011593.1:c2608249-2607458	NB551033:76:HLGC3BGX5:3:23603:12671:1620:82#0/2	95.890	73	3	0	720	792	1	73	8.86e-25	119
NC_011593.1:c2608249-2607458	NB551033:76:HLGC3BGX5:4:21509:17457:5068:82#0/1	97.101	69	2	0	724	792	1	69	3.19e-24	117
NC_011593.1:c2608249-2607458	NB551033:76:HLGC3BGX5:3:23604:22132:3987:82#0/2	97.059	68	2	0	725	792	118	51	1.15e-23	115
NC_011593.1:c2608249-2607458	NB551033:76:HLGC3BGX5:3:23604:22132:3987:82#0/1	97.059	68	2	0	725	792	1	68	1.15e-23	115
NC_011593.1:c2608249-2607458	NB551033:76:HLGC3BGX5:3:23503:12814:7883:82#0/1	96.825	63	2	0	730	792	150	88	6.90e-21	106
NC_011593.1:c2608249-2607458	NB551033:76:HLGC3BGX5:4:21410:12936:10374:82#0/2	96.774	62	2	0	731	792	1	62	2.48e-20	104
NC_011593.1:c2608249-2607458	NB551033:76:HLGC3BGX5:3:22606:11862:9089:82#0/2	96.774	62	2	0	731	792	1	62	2.48e-20	104
NC_011593.1:c2608249-2607458	NB551033:76:HLGC3BGX5:3:23603:12671:1620:82#0/1	96.774	62	2	0	731	792	151	90	2.48e-20	104
NC_011593.1:c2608249-2607458	NB551033:76:HLGC3BGX5:1:13205:5047:13535:82#0/1	96.774	62	2	0	731	792	151	90	2.48e-20	104
NC_011593.1:c2608249-2607458	NB551033:76:HLGC3BGX5:4:11505:10950:1384:82#0/2	95.161	62	3	0	731	792	1	62	1.15e-18	99.0
NC_011593.1:c2608249-2607458	NB551033:76:HLGC3BGX5:3:22602:9431:17899:82#0/1	96.610	59	2	0	734	792	1	59	1.15e-18	99.0
NC_011593.1:c2608249-2607458	NB551033:76:HLGC3BGX5:4:21608:24240:1206:82#0/2	96.364	55	2	0	738	792	1	55	1.93e-16	91.6
NC_011593.1:c2608249-2607458	NB551033:76:HLGC3BGX5:2:11302:21043:9925:82#0/2	96.154	52	2	0	741	792	151	100	8.99e-15	86.1
NC_011593.1:c2608249-2607458	NB551033:76:HLGC3BGX5:3:13507:12286:6435:82#0/2	95.833	48	2	0	745	792	75	28	1.50e-12	78.7
NC_011593.1:c2608249-2607458	NB551033:76:HLGC3BGX5:4:23402:21062:12447:82#0/1	95.833	48	2	0	745	792	1	48	1.50e-12	78.7
NC_011593.1:c2608249-2607458	NB551033:76:HLGC3BGX5:3:11505:9142:19850:82#0/2	95.652	46	2	0	747	792	125	80	1.95e-11	75.0
NC_011593.1:c2608249-2607458	NB551033:76:HLGC3BGX5:1:12301:22207:14878:82#0/2	95.556	45	2	0	748	792	1	45	7.00e-11	73.1
NC_011593.1:c2608249-2607458	NB551033:76:HLGC3BGX5:1:12301:22207:14878:82#0/1	95.556	45	2	0	748	792	120	76	7.00e-11	73.1
# BLASTN 2.9.0+
# Query: NC_011593.1:c2609546-2608269 Bifidobacterium longum subsp. infantis ATCC 15697, complete genome
# Database: db/blast_C0066_6F_1B_S82.faa
# Fields: query acc.ver, subject acc.ver, % identity, alignment length, mismatches, gap opens, q. start, q. end, s. start, s. end, evalue, bit score
# 69 hits found
NC_011593.1:c2609546-2608269	NB551033:76:HLGC3BGX5:3:22412:25664:5933:82#0/2	96.689	151	5	0	904	1054	1	151	1.37e-64	252
NC_011593.1:c2609546-2608269	NB551033:76:HLGC3BGX5:4:22603:2980:4871:82#0/1	96.689	151	5	0	880	1030	1	151	1.37e-64	252
NC_011593.1:c2609546-2608269	NB551033:76:HLGC3BGX5:3:13407:8872:12462:82#0/1	96.689	151	5	0	904	1054	1	151	1.37e-64	252
NC_011593.1:c2609546-2608269	NB551033:76:HLGC3BGX5:1:23202:18800:19357:82#0/1	96.689	151	5	0	880	1030	1	151	1.37e-64	252
NC_011593.1:c2609546-2608269	NB551033:76:HLGC3BGX5:1:21203:12435:18029:82#0/1	96.689	151	5	0	904	1054	1	151	1.37e-64	252
NC_011593.1:c2609546-2608269	NB551033:76:HLGC3BGX5:1:12305:11414:12428:82#0/1	96.689	151	5	0	904	1054	1	151	1.37e-64	252
NC_011593.1:c2609546-2608269	NB551033:76:HLGC3BGX5:3:11511:7430:14536:82#0/1	96.026	151	6	0	1119	1269	151	1	6.38e-63	246
NC_011593.1:c2609546-2608269	NB551033:76:HLGC3BGX5:2:22103:13741:3604:82#0/1	96.026	151	6	0	1123	1273	1	151	6.38e-63	246
NC_011593.1:c2609546-2608269	NB551033:76:HLGC3BGX5:3:11511:7430:14536:82#0/2	96.599	147	5	0	909	1055	1	147	2.29e-62	244
NC_011593.1:c2609546-2608269	NB551033:76:HLGC3BGX5:3:12606:24310:18824:82#0/1	96.000	150	6	0	1118	1267	150	1	2.29e-62	244
NC_011593.1:c2609546-2608269	NB551033:76:HLGC3BGX5:2:12312:20835:16361:82#0/1	96.000	150	6	0	1123	1272	150	1	2.29e-62	244
NC_011593.1:c2609546-2608269	NB551033:76:HLGC3BGX5:2:12210:2286:16661:82#0/2	96.575	146	5	0	910	1055	148	3	8.25e-62	243
NC_011593.1:c2609546-2608269	NB551033:76:HLGC3BGX5:4:22601:6776:8714:82#0/2	95.364	151	7	0	1012	1162	151	1	2.97e-61	241
NC_011593.1:c2609546-2608269	NB551033:76:HLGC3BGX5:4:21505:9003:13119:82#0/2	95.364	151	7	0	1012	1162	151	1	2.97e-61	241
NC_011593.1:c2609546-2608269	NB551033:76:HLGC3BGX5:4:12408:21984:1925:82#0/2	95.364	151	7	0	912	1062	151	1	2.97e-61	241
NC_011593.1:c2609546-2608269	NB551033:76:HLGC3BGX5:4:11504:3476:14298:82#0/2	95.364	151	7	0	920	1070	1	151	2.97e-61	241
NC_011593.1:c2609546-2608269	NB551033:76:HLGC3BGX5:3:23612:26723:18615:82#0/2	95.364	151	7	0	912	1062	151	1	2.97e-61	241
NC_011593.1:c2609546-2608269	NB551033:76:HLGC3BGX5:3:13407:8872:12462:82#0/2	95.364	151	7	0	1012	1162	151	1	2.97e-61	241
NC_011593.1:c2609546-2608269	NB551033:76:HLGC3BGX5:3:12606:24310:18824:82#0/2	95.364	151	7	0	1105	1255	1	151	2.97e-61	241
NC_011593.1:c2609546-2608269	NB551033:76:HLGC3BGX5:4:21412:1433:9693:82#0/1	95.364	151	7	0	1012	1162	151	1	2.97e-61	241
NC_011593.1:c2609546-2608269	NB551033:76:HLGC3BGX5:3:22505:24274:5556:82#0/2	95.333	150	7	0	916	1065	1	150	1.07e-60	239
NC_011593.1:c2609546-2608269	NB551033:76:HLGC3BGX5:3:22505:24274:5556:82#0/1	95.333	150	7	0	917	1066	150	1	1.07e-60	239
NC_011593.1:c2609546-2608269	NB551033:76:HLGC3BGX5:2:12301:14023:7032:82#0/1	95.333	150	7	0	862	1011	150	1	1.07e-60	239
NC_011593.1:c2609546-2608269	NB551033:76:HLGC3BGX5:2:11311:17752:17025:82#0/1	95.333	150	7	0	1009	1158	1	150	1.07e-60	239
NC_011593.1:c2609546-2608269	NB551033:76:HLGC3BGX5:3:22509:8146:17545:82#0/2	95.302	149	7	0	928	1076	149	1	3.84e-60	237
NC_011593.1:c2609546-2608269	NB551033:76:HLGC3BGX5:3:22505:12652:11272:82#0/2	95.302	149	7	0	918	1066	149	1	3.84e-60	237
NC_011593.1:c2609546-2608269	NB551033:76:HLGC3BGX5:1:12305:11414:12428:82#0/2	95.302	149	7	0	1113	1261	149	1	3.84e-60	237
NC_011593.1:c2609546-2608269	NB551033:76:HLGC3BGX5:4:22609:19038:17221:82#0/1	95.302	149	7	0	862	1010	2	150	3.84e-60	237
NC_011593.1:c2609546-2608269	NB551033:76:HLGC3BGX5:4:22605:23716:14439:82#0/1	95.270	148	7	0	865	1012	148	1	1.38e-59	235
NC_011593.1:c2609546-2608269	NB551033:76:HLGC3BGX5:4:13502:5579:11606:82#0/1	95.172	145	7	0	997	1141	145	1	6.42e-58	230
NC_011593.1:c2609546-2608269	NB551033:76:HLGC3BGX5:3:21611:23182:10465:82#0/1	95.035	141	7	0	926	1066	141	1	1.07e-55	222
NC_011593.1:c2609546-2608269	NB551033:76:HLGC3BGX5:2:22206:19428:19552:82#0/2	96.183	131	5	0	904	1034	1	131	1.80e-53	215
NC_011593.1:c2609546-2608269	NB551033:76:HLGC3BGX5:2:22206:19428:19552:82#0/1	96.183	131	5	0	904	1034	131	1	1.80e-53	215
NC_011593.1:c2609546-2608269	NB551033:76:HLGC3BGX5:3:21611:23182:10465:82#0/2	95.902	122	5	0	926	1047	1	122	1.81e-48	198
NC_011593.1:c2609546-2608269	NB551033:76:HLGC3BGX5:1:12207:15773:16246:82#0/2	95.200	125	6	0	1152	1276	1	125	1.81e-48	198
NC_011593.1:c2609546-2608269	NB551033:76:HLGC3BGX5:1:12109:8894:16752:82#0/2	95.000	120	6	0	947	1066	120	1	1.09e-45	189
NC_011593.1:c2609546-2608269	NB551033:76:HLGC3BGX5:1:12109:8894:16752:82#0/1	95.000	120	6	0	947	1066	1	120	1.09e-45	189
NC_011593.1:c2609546-2608269	NB551033:76:HLGC3BGX5:3:13401:21026:19998:82#0/1	95.652	115	5	0	920	1034	1	115	1.41e-44	185
NC_011593.1:c2609546-2608269	NB551033:76:HLGC3BGX5:1:23302:4871:16859:82#0/2	96.296	108	4	0	1169	1276	126	19	2.36e-42	178
NC_011593.1:c2609546-2608269	NB551033:76:HLGC3BGX5:1:23302:4871:16859:82#0/1	96.296	108	4	0	1169	1276	1	108	2.36e-42	178
NC_011593.1:c2609546-2608269	NB551033:76:HLGC3BGX5:3:22602:23132:6488:82#0/2	96.262	107	4	0	1169	1275	107	1	8.49e-42	176
NC_011593.1:c2609546-2608269	NB551033:76:HLGC3BGX5:1:12312:21568:14950:82#0/2	95.455	110	5	0	988	1097	110	1	8.49e-42	176
NC_011593.1:c2609546-2608269	NB551033:76:HLGC3BGX5:3:22602:23132:6488:82#0/1	96.262	107	4	0	1169	1275	1	107	8.49e-42	176
NC_011593.1:c2609546-2608269	NB551033:76:HLGC3BGX5:2:13201:8992:17704:82#0/2	96.226	106	4	0	948	1053	1	106	3.05e-41	174
NC_011593.1:c2609546-2608269	NB551033:76:HLGC3BGX5:2:11102:16894:15892:82#0/2	95.413	109	5	0	1168	1276	147	39	3.05e-41	174
NC_011593.1:c2609546-2608269	NB551033:76:HLGC3BGX5:1:12312:21568:14950:82#0/1	95.413	109	5	0	988	1096	1	109	3.05e-41	174
NC_011593.1:c2609546-2608269	NB551033:76:HLGC3BGX5:4:23503:3237:17296:82#0/1	96.703	91	3	0	1186	1276	1	91	1.43e-34	152
NC_011593.1:c2609546-2608269	NB551033:76:HLGC3BGX5:2:22308:20328:18524:82#0/2	96.429	84	3	0	1193	1276	3	86	1.11e-30	139
NC_011593.1:c2609546-2608269	NB551033:76:HLGC3BGX5:3:22502:25830:16842:82#0/1	95.402	87	4	0	667	753	87	1	1.11e-30	139
NC_011593.1:c2609546-2608269	NB551033:76:HLGC3BGX5:4:23603:12312:15511:82#0/2	95.294	85	4	0	689	773	1	85	1.44e-29	135
NC_011593.1:c2609546-2608269	NB551033:76:HLGC3BGX5:2:22206:3376:8130:82#0/1	96.250	80	3	0	1197	1276	150	71	1.86e-28	132
NC_011593.1:c2609546-2608269	NB551033:76:HLGC3BGX5:1:21208:23063:13735:82#0/2	96.203	79	3	0	859	937	1	79	6.70e-28	130
NC_011593.1:c2609546-2608269	NB551033:76:HLGC3BGX5:1:21208:23063:13735:82#0/1	97.368	76	2	0	862	937	76	1	6.70e-28	130
NC_011593.1:c2609546-2608269	NB551033:76:HLGC3BGX5:2:13208:20429:7619:82#0/2	96.000	75	3	0	1202	1276	1	75	1.12e-25	122
NC_011593.1:c2609546-2608269	NB551033:76:HLGC3BGX5:4:12505:17147:4692:82#0/1	96.000	75	3	0	1202	1276	113	39	1.12e-25	122
NC_011593.1:c2609546-2608269	NB551033:76:HLGC3BGX5:4:12401:15916:5820:82#0/2	98.333	60	1	0	1217	1276	1	60	1.13e-20	106
NC_011593.1:c2609546-2608269	NB551033:76:HLGC3BGX5:3:23412:15976:19764:82#0/2	98.333	60	1	0	1217	1276	143	84	1.13e-20	106
NC_011593.1:c2609546-2608269	NB551033:76:HLGC3BGX5:2:21211:24351:12879:82#0/2	98.333	60	1	0	1217	1276	1	60	1.13e-20	106
NC_011593.1:c2609546-2608269	NB551033:76:HLGC3BGX5:2:21107:18750:11530:82#0/2	98.333	60	1	0	1217	1276	148	89	1.13e-20	106
NC_011593.1:c2609546-2608269	NB551033:76:HLGC3BGX5:1:22102:24442:6211:82#0/1	98.276	58	1	0	1219	1276	1	58	1.46e-19	102
NC_011593.1:c2609546-2608269	NB551033:76:HLGC3BGX5:4:11412:14617:8264:82#0/1	98.182	55	1	0	1222	1276	150	96	6.80e-18	97.1
NC_011593.1:c2609546-2608269	NB551033:76:HLGC3BGX5:4:23504:15146:10250:82#0/2	98.000	50	1	0	1227	1276	1	50	4.09e-15	87.9
NC_011593.1:c2609546-2608269	NB551033:76:HLGC3BGX5:4:23504:15146:10250:82#0/1	98.000	50	1	0	1227	1276	140	91	4.09e-15	87.9
NC_011593.1:c2609546-2608269	NB551033:76:HLGC3BGX5:2:22106:18968:9777:82#0/2	97.917	48	1	0	1229	1276	1	48	5.29e-14	84.2
NC_011593.1:c2609546-2608269	NB551033:76:HLGC3BGX5:2:22106:18968:9777:82#0/1	97.917	48	1	0	1229	1276	138	91	5.29e-14	84.2
NC_011593.1:c2609546-2608269	NB551033:76:HLGC3BGX5:2:21306:8662:3205:82#0/1	97.917	48	1	0	1229	1276	1	48	5.29e-14	84.2
NC_011593.1:c2609546-2608269	NB551033:76:HLGC3BGX5:4:12601:10590:1156:82#0/2	97.674	43	1	0	1234	1276	1	43	3.18e-11	75.0
NC_011593.1:c2609546-2608269	NB551033:76:HLGC3BGX5:4:12601:10590:1156:82#0/1	97.674	43	1	0	1234	1276	94	52	3.18e-11	75.0
NC_011593.1:c2609546-2608269	NB551033:76:HLGC3BGX5:4:12401:15916:5820:82#0/1	100.000	33	0	0	1244	1276	150	118	2.48e-07	62.1
# BLASTN 2.9.0+
# Query: NC_011593.1:c2610356-2609697 Bifidobacterium longum subsp. infantis ATCC 15697, complete genome
# Database: db/blast_C0066_6F_1B_S82.faa
# 0 hits found
# BLASTN 2.9.0+
# Query: NC_011593.1:c2611458-2610496 Bifidobacterium longum subsp. infantis ATCC 15697, complete genome
# Database: db/blast_C0066_6F_1B_S82.faa
# 0 hits found
# BLASTN 2.9.0+
# Query: NC_011593.1:c2612430-2611477 Bifidobacterium longum subsp. infantis ATCC 15697, complete genome
# Database: db/blast_C0066_6F_1B_S82.faa
# 0 hits found
# BLASTN 2.9.0+
# Query: NC_011593.1:c2614109-2612517 Bifidobacterium longum subsp. infantis ATCC 15697, complete genome
# Database: db/blast_C0066_6F_1B_S82.faa
# 0 hits found
# BLASTN 2.9.0+
# Query: NC_011593.1:c2615274-2614312 Bifidobacterium longum subsp. infantis ATCC 15697, complete genome
# Database: db/blast_C0066_6F_1B_S82.faa
# 0 hits found
# BLASTN 2.9.0+
# Query: NC_011593.1:c2616246-2615293 Bifidobacterium longum subsp. infantis ATCC 15697, complete genome
# Database: db/blast_C0066_6F_1B_S82.faa
# 0 hits found
# BLASTN 2.9.0+
# Query: NC_011593.1:c2617928-2616333 Bifidobacterium longum subsp. infantis ATCC 15697, complete genome
# Database: db/blast_C0066_6F_1B_S82.faa
# Fields: query acc.ver, subject acc.ver, % identity, alignment length, mismatches, gap opens, q. start, q. end, s. start, s. end, evalue, bit score
# 1 hits found
NC_011593.1:c2617928-2616333	NB551033:76:HLGC3BGX5:3:21501:15624:19802:82#0/1	100.000	31	0	0	493	523	31	1	4.02e-06	58.4
# BLASTN 2.9.0+
# Query: NC_011593.1:c2619247-2618063 Bifidobacterium longum subsp. infantis ATCC 15697, complete genome
# Database: db/blast_C0066_6F_1B_S82.faa
# 0 hits found
# BLASTN 2.9.0+
# Query: NC_011593.1:c2620369-2619413 Bifidobacterium longum subsp. infantis ATCC 15697, complete genome
# Database: db/blast_C0066_6F_1B_S82.faa
# 0 hits found
# BLASTN 2.9.0+
# Query: NC_011593.1:c2622143-2620551 Bifidobacterium longum subsp. infantis ATCC 15697, complete genome
# Database: db/blast_C0066_6F_1B_S82.faa
# 0 hits found
# BLASTN 2.9.0+
# Query: NC_011593.1:c2624124-2622520 Bifidobacterium longum subsp. infantis ATCC 15697, complete genome
# Database: db/blast_C0066_6F_1B_S82.faa
# 0 hits found
# BLASTN 2.9.0+
# Query: NC_011593.1:c2626110-2624512 Bifidobacterium longum subsp. infantis ATCC 15697, complete genome
# Database: db/blast_C0066_6F_1B_S82.faa
# 0 hits found
# BLASTN 2.9.0+
# Query: NC_011593.1:c2626386-2626264 Bifidobacterium longum subsp. infantis ATCC 15697, complete genome
# Database: db/blast_C0066_6F_1B_S82.faa
# 0 hits found
# BLASTN 2.9.0+
# Query: NC_011593.1:c2628158-2626563 Bifidobacterium longum subsp. infantis ATCC 15697, complete genome
# Database: db/blast_C0066_6F_1B_S82.faa
# 0 hits found
# BLASTN 2.9.0+
# Query: NC_011593.1:c2630269-2628314 Bifidobacterium longum subsp. infantis ATCC 15697, complete genome
# Database: db/blast_C0066_6F_1B_S82.faa
# 0 hits found
# BLASTN 2.9.0+
# Query: NC_011593.1:c2631106-2630366 Bifidobacterium longum subsp. infantis ATCC 15697, complete genome
# Database: db/blast_C0066_6F_1B_S82.faa
# 0 hits found
# BLASTN 2.9.0+
# Query: NC_011593.1:c2632432-2631140 Bifidobacterium longum subsp. infantis ATCC 15697, complete genome
# Database: db/blast_C0066_6F_1B_S82.faa
# 0 hits found
# BLASTN 2.9.0+
# Query: NC_011593.1:c2633881-2632562 Bifidobacterium longum subsp. infantis ATCC 15697, complete genome
# Database: db/blast_C0066_6F_1B_S82.faa
# 0 hits found
# BLASTN 2.9.0+
# Query: NC_011593.1:c2634683-2633865 Bifidobacterium longum subsp. infantis ATCC 15697, complete genome
# Database: db/blast_C0066_6F_1B_S82.faa
# 0 hits found
# BLASTN 2.9.0+
# Query: NC_011593.1:c2635627-2634680 Bifidobacterium longum subsp. infantis ATCC 15697, complete genome
# Database: db/blast_C0066_6F_1B_S82.faa
# 0 hits found
# BLASTN 2.9.0+
# Query: NC_011593.1:c2636747-2635629 Bifidobacterium longum subsp. infantis ATCC 15697, complete genome
# Database: db/blast_C0066_6F_1B_S82.faa
# 0 hits found
# BLAST processed 31 queries
