# BLASTN 2.9.0+
# Query: NC_011593.1:c2595355-2593832 Bifidobacterium longum subsp. infantis ATCC 15697, complete genome
# Database: db/blast_C0107-4E-1A_S49.faa
# Fields: query acc.ver, subject acc.ver, % identity, alignment length, mismatches, gap opens, q. start, q. end, s. start, s. end, evalue, bit score
# 212 hits found
NC_011593.1:c2595355-2593832	NB551033:109:HG7V5BGX9:2:11211:23153:12486#0/2	99.333	150	1	0	727	876	1	150	1.18e-70	272
NC_011593.1:c2595355-2593832	NB551033:109:HG7V5BGX9:1:23311:14717:6574#0/1	99.333	150	1	0	727	876	1	150	1.18e-70	272
NC_011593.1:c2595355-2593832	NB551033:109:HG7V5BGX9:3:13404:23821:2801#0/2	99.324	148	1	0	357	504	148	1	1.53e-69	268
NC_011593.1:c2595355-2593832	NB551033:109:HG7V5BGX9:2:12110:17023:6290#0/2	98.675	151	2	0	916	1066	151	1	1.53e-69	268
NC_011593.1:c2595355-2593832	NB551033:109:HG7V5BGX9:1:11206:23799:9594#0/2	98.675	151	2	0	372	522	151	1	1.53e-69	268
NC_011593.1:c2595355-2593832	NB551033:109:HG7V5BGX9:3:22609:6319:14364#0/2	98.667	150	2	0	1049	1198	150	1	5.50e-69	267
NC_011593.1:c2595355-2593832	NB551033:109:HG7V5BGX9:3:22603:2039:8958#0/2	98.667	150	2	0	981	1130	150	1	5.50e-69	267
NC_011593.1:c2595355-2593832	NB551033:109:HG7V5BGX9:2:13302:15052:12384#0/2	98.667	150	2	0	340	489	1	150	5.50e-69	267
NC_011593.1:c2595355-2593832	NB551033:109:HG7V5BGX9:2:11302:7169:19639#0/2	98.667	150	2	0	399	548	1	150	5.50e-69	267
NC_011593.1:c2595355-2593832	NB551033:109:HG7V5BGX9:1:22110:22467:1455#0/2	98.667	150	2	0	1023	1172	150	1	5.50e-69	267
NC_011593.1:c2595355-2593832	NB551033:109:HG7V5BGX9:4:21406:16978:8152#0/1	98.667	150	2	0	717	866	150	1	5.50e-69	267
NC_011593.1:c2595355-2593832	NB551033:109:HG7V5BGX9:3:22404:18441:2825#0/1	98.667	150	2	0	715	864	1	150	5.50e-69	267
NC_011593.1:c2595355-2593832	NB551033:109:HG7V5BGX9:3:13406:25185:5257#0/1	98.667	150	2	0	1014	1163	150	1	5.50e-69	267
NC_011593.1:c2595355-2593832	NB551033:109:HG7V5BGX9:2:22310:17870:11977#0/1	98.667	150	2	0	475	624	150	1	5.50e-69	267
NC_011593.1:c2595355-2593832	NB551033:109:HG7V5BGX9:2:13302:15052:12384#0/1	98.667	150	2	0	419	568	150	1	5.50e-69	267
NC_011593.1:c2595355-2593832	NB551033:109:HG7V5BGX9:2:11302:7169:19639#0/1	98.667	150	2	0	445	594	150	1	5.50e-69	267
NC_011593.1:c2595355-2593832	NB551033:109:HG7V5BGX9:4:22411:4673:2261#0/2	98.658	149	2	0	497	645	1	149	1.98e-68	265
NC_011593.1:c2595355-2593832	NB551033:109:HG7V5BGX9:1:22103:23667:15231#0/1	98.658	149	2	0	942	1090	1	149	1.98e-68	265
NC_011593.1:c2595355-2593832	NB551033:109:HG7V5BGX9:2:11202:23752:6889#0/2	98.013	151	3	0	1253	1403	1	151	7.12e-68	263
NC_011593.1:c2595355-2593832	NB551033:109:HG7V5BGX9:4:12601:24376:11756#0/2	98.000	150	3	0	1167	1316	1	150	2.56e-67	261
NC_011593.1:c2595355-2593832	NB551033:109:HG7V5BGX9:1:22103:23667:15231#0/2	98.000	150	3	0	975	1124	150	1	2.56e-67	261
NC_011593.1:c2595355-2593832	NB551033:109:HG7V5BGX9:1:11309:12303:8406#0/2	98.000	150	3	0	810	959	1	150	2.56e-67	261
NC_011593.1:c2595355-2593832	NB551033:109:HG7V5BGX9:1:11309:12303:8406#0/1	98.000	150	3	0	830	979	150	1	2.56e-67	261
NC_011593.1:c2595355-2593832	NB551033:109:HG7V5BGX9:3:21401:6412:14324#0/2	97.987	149	3	0	791	939	1	149	9.21e-67	259
NC_011593.1:c2595355-2593832	NB551033:109:HG7V5BGX9:3:21401:6412:14324#0/1	97.973	148	3	0	837	984	150	3	3.31e-66	257
NC_011593.1:c2595355-2593832	NB551033:109:HG7V5BGX9:4:21604:7950:17149#0/2	97.333	150	4	0	560	709	1	150	1.19e-65	255
NC_011593.1:c2595355-2593832	NB551033:109:HG7V5BGX9:3:12601:19736:2538#0/2	97.333	150	4	0	82	231	150	1	1.19e-65	255
NC_011593.1:c2595355-2593832	NB551033:109:HG7V5BGX9:2:22310:17870:11977#0/2	97.333	150	4	0	377	526	1	150	1.19e-65	255
NC_011593.1:c2595355-2593832	NB551033:109:HG7V5BGX9:2:13307:10935:12780#0/2	99.291	141	1	0	1009	1149	141	1	1.19e-65	255
NC_011593.1:c2595355-2593832	NB551033:109:HG7V5BGX9:4:12601:24376:11756#0/1	97.333	150	4	0	1309	1458	150	1	1.19e-65	255
NC_011593.1:c2595355-2593832	NB551033:109:HG7V5BGX9:3:22506:24021:2947#0/1	97.333	150	4	0	58	207	1	150	1.19e-65	255
NC_011593.1:c2595355-2593832	NB551033:109:HG7V5BGX9:2:13201:4578:18714#0/1	97.333	150	4	0	986	1135	150	1	1.19e-65	255
NC_011593.1:c2595355-2593832	NB551033:109:HG7V5BGX9:2:12108:15658:4267#0/1	97.333	150	4	0	761	910	150	1	1.19e-65	255
NC_011593.1:c2595355-2593832	NB551033:109:HG7V5BGX9:4:22402:1539:14033#0/2	97.315	149	4	0	109	257	149	1	4.28e-65	254
NC_011593.1:c2595355-2593832	NB551033:109:HG7V5BGX9:3:22609:6319:14364#0/1	97.315	149	4	0	849	997	1	149	4.28e-65	254
NC_011593.1:c2595355-2593832	NB551033:109:HG7V5BGX9:4:21406:16978:8152#0/2	96.689	151	5	0	671	821	1	151	1.54e-64	252
NC_011593.1:c2595355-2593832	NB551033:109:HG7V5BGX9:3:22506:24021:2947#0/2	96.689	151	5	0	130	280	151	1	1.54e-64	252
NC_011593.1:c2595355-2593832	NB551033:109:HG7V5BGX9:3:12407:8209:10299#0/2	97.297	148	4	0	1311	1458	148	1	1.54e-64	252
NC_011593.1:c2595355-2593832	NB551033:109:HG7V5BGX9:2:12303:14384:7532#0/2	96.689	151	5	0	64	214	1	151	1.54e-64	252
NC_011593.1:c2595355-2593832	NB551033:109:HG7V5BGX9:1:23206:6224:18931#0/1	96.689	151	5	0	176	326	151	1	1.54e-64	252
NC_011593.1:c2595355-2593832	NB551033:109:HG7V5BGX9:4:22406:15015:7592#0/2	96.667	150	5	0	165	314	1	150	5.54e-64	250
NC_011593.1:c2595355-2593832	NB551033:109:HG7V5BGX9:2:22209:14303:11370#0/2	96.667	150	5	0	159	308	1	150	5.54e-64	250
NC_011593.1:c2595355-2593832	NB551033:109:HG7V5BGX9:2:13312:15744:10936#0/2	96.667	150	5	0	1286	1435	150	1	5.54e-64	250
NC_011593.1:c2595355-2593832	NB551033:109:HG7V5BGX9:1:21303:19044:4779#0/1	96.667	150	5	0	581	730	1	150	5.54e-64	250
NC_011593.1:c2595355-2593832	NB551033:109:HG7V5BGX9:1:11206:23799:9594#0/1	96.667	150	5	0	323	472	1	150	5.54e-64	250
NC_011593.1:c2595355-2593832	NB551033:109:HG7V5BGX9:4:21401:20828:7484#0/2	96.644	149	5	0	153	301	149	1	1.99e-63	248
NC_011593.1:c2595355-2593832	NB551033:109:HG7V5BGX9:2:13201:4578:18714#0/2	97.241	145	4	0	704	848	1	145	7.17e-63	246
NC_011593.1:c2595355-2593832	NB551033:109:HG7V5BGX9:1:21303:19044:4779#0/2	96.026	151	6	0	585	735	151	1	7.17e-63	246
NC_011593.1:c2595355-2593832	NB551033:109:HG7V5BGX9:4:22411:4673:2261#0/1	96.026	151	6	0	658	808	151	1	7.17e-63	246
NC_011593.1:c2595355-2593832	NB551033:109:HG7V5BGX9:3:12601:19736:2538#0/1	97.241	145	4	0	52	196	6	150	7.17e-63	246
NC_011593.1:c2595355-2593832	NB551033:109:HG7V5BGX9:2:11202:23752:6889#0/1	97.241	145	4	0	1274	1418	147	3	7.17e-63	246
NC_011593.1:c2595355-2593832	NB551033:109:HG7V5BGX9:4:11611:7367:13224#0/2	98.551	138	2	0	487	624	1	138	2.58e-62	244
NC_011593.1:c2595355-2593832	NB551033:109:HG7V5BGX9:2:22306:20424:11134#0/2	96.000	150	6	0	18	167	150	1	2.58e-62	244
NC_011593.1:c2595355-2593832	NB551033:109:HG7V5BGX9:4:21604:7950:17149#0/1	96.000	150	6	0	660	809	150	1	2.58e-62	244
NC_011593.1:c2595355-2593832	NB551033:109:HG7V5BGX9:4:11611:7367:13224#0/1	98.551	138	2	0	487	624	138	1	2.58e-62	244
NC_011593.1:c2595355-2593832	NB551033:109:HG7V5BGX9:3:11507:23893:9858#0/1	96.000	150	6	0	245	394	2	151	2.58e-62	244
NC_011593.1:c2595355-2593832	NB551033:109:HG7V5BGX9:4:22406:15015:7592#0/1	95.973	149	6	0	205	353	151	3	9.27e-62	243
NC_011593.1:c2595355-2593832	NB551033:109:HG7V5BGX9:4:22402:8352:14067#0/2	97.826	138	3	0	1128	1265	1	138	1.20e-60	239
NC_011593.1:c2595355-2593832	NB551033:109:HG7V5BGX9:4:22402:8352:14067#0/1	97.826	138	3	0	1128	1265	138	1	1.20e-60	239
NC_011593.1:c2595355-2593832	NB551033:109:HG7V5BGX9:1:22105:5446:13740#0/1	98.519	135	2	0	1127	1261	135	1	1.20e-60	239
NC_011593.1:c2595355-2593832	NB551033:109:HG7V5BGX9:2:12108:15658:4267#0/2	95.302	149	7	0	657	805	1	149	4.31e-60	237
NC_011593.1:c2595355-2593832	NB551033:109:HG7V5BGX9:1:22105:5446:13740#0/2	98.507	134	2	0	1127	1260	1	134	4.31e-60	237
NC_011593.1:c2595355-2593832	NB551033:109:HG7V5BGX9:1:23108:20220:7334#0/1	95.302	149	7	0	31	179	1	149	4.31e-60	237
NC_011593.1:c2595355-2593832	NB551033:109:HG7V5BGX9:1:21211:14331:14538#0/1	99.237	131	1	0	727	857	1	131	4.31e-60	237
NC_011593.1:c2595355-2593832	NB551033:109:HG7V5BGX9:2:11211:23153:12486#0/1	97.122	139	4	0	859	997	139	1	1.55e-59	235
NC_011593.1:c2595355-2593832	NB551033:109:HG7V5BGX9:3:21407:20103:3063#0/2	97.778	135	3	0	847	981	1	135	5.58e-59	233
NC_011593.1:c2595355-2593832	NB551033:109:HG7V5BGX9:3:21407:20103:3063#0/1	97.778	135	3	0	847	981	135	1	5.58e-59	233
NC_011593.1:c2595355-2593832	NB551033:109:HG7V5BGX9:3:23511:26234:16878#0/2	97.080	137	4	0	1282	1418	139	3	2.01e-58	231
NC_011593.1:c2595355-2593832	NB551033:109:HG7V5BGX9:2:13210:15694:16882#0/2	96.403	139	5	0	616	754	1	139	7.22e-58	230
NC_011593.1:c2595355-2593832	NB551033:109:HG7V5BGX9:2:13106:5209:17158#0/2	99.206	126	1	0	923	1048	126	1	2.60e-57	228
NC_011593.1:c2595355-2593832	NB551033:109:HG7V5BGX9:1:22306:14894:13920#0/1	99.206	126	1	0	727	852	1	126	2.60e-57	228
NC_011593.1:c2595355-2593832	NB551033:109:HG7V5BGX9:1:22102:9867:11520#0/2	96.992	133	4	0	270	402	133	1	3.36e-56	224
NC_011593.1:c2595355-2593832	NB551033:109:HG7V5BGX9:2:13210:15694:16882#0/1	95.683	139	6	0	616	754	139	1	3.36e-56	224
NC_011593.1:c2595355-2593832	NB551033:109:HG7V5BGX9:3:22508:16889:6494#0/2	96.970	132	4	0	52	183	132	1	1.21e-55	222
NC_011593.1:c2595355-2593832	NB551033:109:HG7V5BGX9:2:22101:9235:4603#0/2	96.970	132	4	0	52	183	6	137	1.21e-55	222
NC_011593.1:c2595355-2593832	NB551033:109:HG7V5BGX9:4:22403:13197:20019#0/1	99.187	123	1	0	556	678	1	123	1.21e-55	222
NC_011593.1:c2595355-2593832	NB551033:109:HG7V5BGX9:3:22508:16889:6494#0/1	96.970	132	4	0	52	183	6	137	1.21e-55	222
NC_011593.1:c2595355-2593832	NB551033:109:HG7V5BGX9:2:22209:14303:11370#0/1	96.970	132	4	0	306	437	132	1	1.21e-55	222
NC_011593.1:c2595355-2593832	NB551033:109:HG7V5BGX9:2:22101:9235:4603#0/1	96.970	132	4	0	52	183	132	1	1.21e-55	222
NC_011593.1:c2595355-2593832	NB551033:109:HG7V5BGX9:4:12406:13889:6533#0/2	96.947	131	4	0	200	330	1	131	4.34e-55	220
NC_011593.1:c2595355-2593832	NB551033:109:HG7V5BGX9:4:12406:13889:6533#0/1	96.947	131	4	0	200	330	132	2	4.34e-55	220
NC_011593.1:c2595355-2593832	NB551033:109:HG7V5BGX9:2:13212:12181:18083#0/1	98.387	124	2	0	466	589	124	1	1.56e-54	219
NC_011593.1:c2595355-2593832	NB551033:109:HG7V5BGX9:4:22403:13197:20019#0/2	98.374	123	2	0	556	678	125	3	5.62e-54	217
NC_011593.1:c2595355-2593832	NB551033:109:HG7V5BGX9:2:13212:12181:18083#0/2	98.374	123	2	0	466	588	1	123	5.62e-54	217
NC_011593.1:c2595355-2593832	NB551033:109:HG7V5BGX9:4:13512:3779:3392#0/2	96.875	128	4	0	75	202	128	1	2.02e-53	215
NC_011593.1:c2595355-2593832	NB551033:109:HG7V5BGX9:3:11507:23893:9858#0/2	97.600	125	3	0	500	624	125	1	2.02e-53	215
NC_011593.1:c2595355-2593832	NB551033:109:HG7V5BGX9:1:13312:15615:11408#0/1	95.489	133	6	0	208	340	1	133	7.27e-53	213
NC_011593.1:c2595355-2593832	NB551033:109:HG7V5BGX9:2:21212:25221:10496#0/2	96.825	126	4	0	587	712	126	1	2.61e-52	211
NC_011593.1:c2595355-2593832	NB551033:109:HG7V5BGX9:2:11308:25435:6064#0/2	99.145	117	1	0	1027	1143	1	117	2.61e-52	211
NC_011593.1:c2595355-2593832	NB551033:109:HG7V5BGX9:2:11308:25435:6064#0/1	99.145	117	1	0	1027	1143	117	1	2.61e-52	211
NC_011593.1:c2595355-2593832	NB551033:109:HG7V5BGX9:2:12108:6719:2404#0/2	98.305	118	2	0	506	623	119	2	3.38e-51	207
NC_011593.1:c2595355-2593832	NB551033:109:HG7V5BGX9:2:12108:6719:2404#0/1	98.305	118	2	0	506	623	1	118	3.38e-51	207
NC_011593.1:c2595355-2593832	NB551033:109:HG7V5BGX9:1:23311:14717:6574#0/2	97.500	120	3	0	828	947	120	1	1.22e-50	206
NC_011593.1:c2595355-2593832	NB551033:109:HG7V5BGX9:1:12302:9003:12488#0/2	96.721	122	4	0	893	1014	1	122	4.38e-50	204
NC_011593.1:c2595355-2593832	NB551033:109:HG7V5BGX9:1:12302:9003:12488#0/1	97.479	119	3	0	896	1014	119	1	4.38e-50	204
NC_011593.1:c2595355-2593832	NB551033:109:HG7V5BGX9:2:21309:11160:3682#0/2	95.833	120	5	0	616	735	120	1	2.63e-47	195
NC_011593.1:c2595355-2593832	NB551033:109:HG7V5BGX9:2:21309:11160:3682#0/1	95.833	120	5	0	616	735	1	120	2.63e-47	195
NC_011593.1:c2595355-2593832	NB551033:109:HG7V5BGX9:2:12110:17023:6290#0/1	97.368	114	3	0	842	955	1	114	2.63e-47	195
NC_011593.1:c2595355-2593832	NB551033:109:HG7V5BGX9:4:22412:16460:19559#0/2	97.345	113	3	0	1286	1398	113	1	9.47e-47	193
NC_011593.1:c2595355-2593832	NB551033:109:HG7V5BGX9:1:23208:26623:4121#0/2	99.065	107	1	0	996	1102	107	1	9.47e-47	193
NC_011593.1:c2595355-2593832	NB551033:109:HG7V5BGX9:1:23208:26623:4121#0/1	99.065	107	1	0	996	1102	1	107	9.47e-47	193
NC_011593.1:c2595355-2593832	NB551033:109:HG7V5BGX9:4:23511:12239:10441#0/2	97.297	111	3	0	1337	1447	111	1	1.23e-45	189
NC_011593.1:c2595355-2593832	NB551033:109:HG7V5BGX9:3:13605:6583:7773#0/2	99.048	105	1	0	906	1010	1	105	1.23e-45	189
NC_011593.1:c2595355-2593832	NB551033:109:HG7V5BGX9:1:22105:13807:5190#0/2	97.297	111	3	0	847	957	1	111	1.23e-45	189
NC_011593.1:c2595355-2593832	NB551033:109:HG7V5BGX9:1:22105:13807:5190#0/1	97.297	111	3	0	847	957	111	1	1.23e-45	189
NC_011593.1:c2595355-2593832	NB551033:109:HG7V5BGX9:4:11607:11655:8822#0/2	99.038	104	1	0	747	850	1	104	4.41e-45	187
NC_011593.1:c2595355-2593832	NB551033:109:HG7V5BGX9:1:23207:1137:4122#0/2	98.131	107	2	0	996	1102	107	1	4.41e-45	187
NC_011593.1:c2595355-2593832	NB551033:109:HG7V5BGX9:1:23206:6224:18931#0/2	97.273	110	3	0	106	215	1	110	4.41e-45	187
NC_011593.1:c2595355-2593832	NB551033:109:HG7V5BGX9:2:21105:18828:19202#0/2	98.113	106	2	0	1265	1370	1	106	1.58e-44	185
NC_011593.1:c2595355-2593832	NB551033:109:HG7V5BGX9:2:12109:24888:4942#0/2	99.029	103	1	0	1200	1302	1	103	1.58e-44	185
NC_011593.1:c2595355-2593832	NB551033:109:HG7V5BGX9:4:13410:22389:7156#0/2	100.000	99	0	0	356	454	1	99	5.70e-44	183
NC_011593.1:c2595355-2593832	NB551033:109:HG7V5BGX9:4:13410:22389:7156#0/1	100.000	99	0	0	356	454	99	1	5.70e-44	183
NC_011593.1:c2595355-2593832	NB551033:109:HG7V5BGX9:2:21212:25221:10496#0/1	97.222	108	3	0	587	694	1	108	5.70e-44	183
NC_011593.1:c2595355-2593832	NB551033:109:HG7V5BGX9:1:12206:7753:6887#0/1	96.396	111	4	0	1381	1491	1	111	5.70e-44	183
NC_011593.1:c2595355-2593832	NB551033:109:HG7V5BGX9:2:11301:26068:2701#0/2	97.196	107	3	0	979	1085	1	107	2.05e-43	182
NC_011593.1:c2595355-2593832	NB551033:109:HG7V5BGX9:4:22402:1539:14033#0/1	97.196	107	3	0	64	170	1	107	2.05e-43	182
NC_011593.1:c2595355-2593832	NB551033:109:HG7V5BGX9:2:11301:26068:2701#0/1	97.196	107	3	0	979	1085	107	1	2.05e-43	182
NC_011593.1:c2595355-2593832	NB551033:109:HG7V5BGX9:4:11607:11655:8822#0/1	99.000	100	1	0	751	850	100	1	7.37e-43	180
NC_011593.1:c2595355-2593832	NB551033:109:HG7V5BGX9:2:12109:24888:4942#0/1	98.058	103	2	0	1274	1376	103	1	7.37e-43	180
NC_011593.1:c2595355-2593832	NB551033:109:HG7V5BGX9:1:23207:1137:4122#0/1	97.170	106	3	0	996	1101	1	106	7.37e-43	180
NC_011593.1:c2595355-2593832	NB551033:109:HG7V5BGX9:4:22504:5866:8493#0/2	98.039	102	2	0	973	1074	1	102	2.65e-42	178
NC_011593.1:c2595355-2593832	NB551033:109:HG7V5BGX9:4:21508:3979:17086#0/2	97.143	105	3	0	704	808	105	1	2.65e-42	178
NC_011593.1:c2595355-2593832	NB551033:109:HG7V5BGX9:1:22306:14894:13920#0/2	98.990	99	1	0	754	852	99	1	2.65e-42	178
NC_011593.1:c2595355-2593832	NB551033:109:HG7V5BGX9:4:22504:5866:8493#0/1	98.039	102	2	0	973	1074	102	1	2.65e-42	178
NC_011593.1:c2595355-2593832	NB551033:109:HG7V5BGX9:2:13106:5209:17158#0/1	97.143	105	3	0	879	983	1	105	2.65e-42	178
NC_011593.1:c2595355-2593832	NB551033:109:HG7V5BGX9:4:23410:11063:7939#0/2	97.115	104	3	0	223	326	104	1	9.54e-42	176
NC_011593.1:c2595355-2593832	NB551033:109:HG7V5BGX9:3:22404:18441:2825#0/2	97.115	104	3	0	832	935	104	1	9.54e-42	176
NC_011593.1:c2595355-2593832	NB551033:109:HG7V5BGX9:1:21102:11814:17629#0/2	98.980	98	1	0	424	521	1	98	9.54e-42	176
NC_011593.1:c2595355-2593832	NB551033:109:HG7V5BGX9:4:23410:11063:7939#0/1	97.115	104	3	0	223	326	1	104	9.54e-42	176
NC_011593.1:c2595355-2593832	NB551033:109:HG7V5BGX9:1:21102:11814:17629#0/1	98.980	98	1	0	424	521	98	1	9.54e-42	176
NC_011593.1:c2595355-2593832	NB551033:109:HG7V5BGX9:2:12106:17386:10413#0/1	97.087	103	3	0	1368	1470	149	47	3.43e-41	174
NC_011593.1:c2595355-2593832	NB551033:109:HG7V5BGX9:4:21508:3979:17086#0/1	96.190	105	4	0	704	808	1	105	1.23e-40	172
NC_011593.1:c2595355-2593832	NB551033:109:HG7V5BGX9:1:22110:22467:1455#0/1	100.000	93	0	0	784	876	1	93	1.23e-40	172
NC_011593.1:c2595355-2593832	NB551033:109:HG7V5BGX9:2:12106:17386:10413#0/2	97.959	98	2	0	1291	1388	1	98	4.44e-40	171
NC_011593.1:c2595355-2593832	NB551033:109:HG7V5BGX9:2:12201:8435:3308#0/2	96.970	99	3	0	159	257	99	1	5.74e-39	167
NC_011593.1:c2595355-2593832	NB551033:109:HG7V5BGX9:2:21105:18828:19202#0/1	96.970	99	3	0	1372	1470	139	41	5.74e-39	167
NC_011593.1:c2595355-2593832	NB551033:109:HG7V5BGX9:2:12201:8435:3308#0/1	96.970	99	3	0	159	257	1	99	5.74e-39	167
NC_011593.1:c2595355-2593832	NB551033:109:HG7V5BGX9:1:13103:18489:19101#0/2	100.000	89	0	0	1016	1104	89	1	2.06e-38	165
NC_011593.1:c2595355-2593832	NB551033:109:HG7V5BGX9:1:12212:10068:10179#0/2	95.098	102	5	0	42	143	102	1	2.67e-37	161
NC_011593.1:c2595355-2593832	NB551033:109:HG7V5BGX9:1:12212:10068:10179#0/1	95.098	102	5	0	42	143	1	102	2.67e-37	161
NC_011593.1:c2595355-2593832	NB551033:109:HG7V5BGX9:3:23505:6205:1573#0/2	96.842	95	3	0	79	173	95	1	9.61e-37	159
NC_011593.1:c2595355-2593832	NB551033:109:HG7V5BGX9:3:23505:6205:1573#0/1	97.826	92	2	0	79	170	1	92	9.61e-37	159
NC_011593.1:c2595355-2593832	NB551033:109:HG7V5BGX9:3:13406:20858:1119#0/1	100.000	86	0	0	796	881	1	86	9.61e-37	159
NC_011593.1:c2595355-2593832	NB551033:109:HG7V5BGX9:2:12110:12239:10997#0/2	97.753	89	2	0	502	590	89	1	4.47e-35	154
NC_011593.1:c2595355-2593832	NB551033:109:HG7V5BGX9:4:22508:11724:4724#0/2	96.703	91	3	0	1380	1470	1	91	1.61e-34	152
NC_011593.1:c2595355-2593832	NB551033:109:HG7V5BGX9:4:21610:22935:12843#0/2	97.727	88	2	0	80	167	1	88	1.61e-34	152
NC_011593.1:c2595355-2593832	NB551033:109:HG7V5BGX9:4:22508:11724:4724#0/1	96.703	91	3	0	1380	1470	136	46	1.61e-34	152
NC_011593.1:c2595355-2593832	NB551033:109:HG7V5BGX9:4:21610:22935:12843#0/1	97.727	88	2	0	80	167	88	1	1.61e-34	152
NC_011593.1:c2595355-2593832	NB551033:109:HG7V5BGX9:4:13506:11824:12389#0/2	96.552	87	3	0	130	216	87	1	2.69e-32	145
NC_011593.1:c2595355-2593832	NB551033:109:HG7V5BGX9:4:13506:11824:12389#0/1	96.552	87	3	0	130	216	1	87	2.69e-32	145
NC_011593.1:c2595355-2593832	NB551033:109:HG7V5BGX9:1:13107:23979:13841#0/2	96.512	86	3	0	1385	1470	1	86	9.67e-32	143
NC_011593.1:c2595355-2593832	NB551033:109:HG7V5BGX9:4:22412:16460:19559#0/1	97.590	83	2	0	1286	1368	1	83	9.67e-32	143
NC_011593.1:c2595355-2593832	NB551033:109:HG7V5BGX9:3:11512:4738:18974#0/2	98.718	78	1	0	942	1019	78	1	1.25e-30	139
NC_011593.1:c2595355-2593832	NB551033:109:HG7V5BGX9:2:13305:15501:2808#0/2	98.718	78	1	0	1189	1266	1	78	1.25e-30	139
NC_011593.1:c2595355-2593832	NB551033:109:HG7V5BGX9:4:13607:3689:11644#0/1	96.429	84	3	0	1342	1425	84	1	1.25e-30	139
NC_011593.1:c2595355-2593832	NB551033:109:HG7V5BGX9:3:11408:22351:2877#0/1	97.531	81	2	0	94	174	81	1	1.25e-30	139
NC_011593.1:c2595355-2593832	NB551033:109:HG7V5BGX9:3:11408:22351:2877#0/2	98.701	77	1	0	94	170	1	77	4.50e-30	137
NC_011593.1:c2595355-2593832	NB551033:109:HG7V5BGX9:1:13103:18489:19101#0/1	100.000	73	0	0	1016	1088	1	73	1.62e-29	135
NC_011593.1:c2595355-2593832	NB551033:109:HG7V5BGX9:2:12110:12239:10997#0/1	97.436	78	2	0	502	579	1	78	5.82e-29	134
NC_011593.1:c2595355-2593832	NB551033:109:HG7V5BGX9:1:22109:22238:5435#0/2	96.250	80	3	0	62	141	80	1	2.09e-28	132
NC_011593.1:c2595355-2593832	NB551033:109:HG7V5BGX9:1:21103:24779:11889#0/2	98.649	74	1	0	1063	1136	1	74	2.09e-28	132
NC_011593.1:c2595355-2593832	NB551033:109:HG7V5BGX9:1:22109:22238:5435#0/1	96.250	80	3	0	62	141	1	80	2.09e-28	132
NC_011593.1:c2595355-2593832	NB551033:109:HG7V5BGX9:3:13606:15671:15727#0/1	97.368	76	2	0	1395	1470	1	76	7.53e-28	130
NC_011593.1:c2595355-2593832	NB551033:109:HG7V5BGX9:3:13404:4577:6512#0/1	96.203	79	3	0	1094	1172	79	1	7.53e-28	130
NC_011593.1:c2595355-2593832	NB551033:109:HG7V5BGX9:3:11602:9865:20057#0/1	98.630	73	1	0	1063	1135	73	1	7.53e-28	130
NC_011593.1:c2595355-2593832	NB551033:109:HG7V5BGX9:1:22102:9867:11520#0/1	96.203	79	3	0	262	340	1	79	7.53e-28	130
NC_011593.1:c2595355-2593832	NB551033:109:HG7V5BGX9:3:11602:9865:20057#0/2	98.592	71	1	0	1063	1133	1	71	9.74e-27	126
NC_011593.1:c2595355-2593832	NB551033:109:HG7V5BGX9:3:12407:8209:10299#0/1	96.104	77	3	0	1311	1387	1	77	9.74e-27	126
NC_011593.1:c2595355-2593832	NB551033:109:HG7V5BGX9:2:13307:10935:12780#0/1	98.592	71	1	0	1006	1076	1	71	9.74e-27	126
NC_011593.1:c2595355-2593832	NB551033:109:HG7V5BGX9:2:12302:23297:14488#0/1	97.297	74	2	0	497	570	74	1	9.74e-27	126
NC_011593.1:c2595355-2593832	NB551033:109:HG7V5BGX9:1:21310:25534:15544#0/1	97.297	74	2	0	1272	1345	1	74	9.74e-27	126
NC_011593.1:c2595355-2593832	NB551033:109:HG7V5BGX9:1:22203:17832:12017#0/2	98.571	70	1	0	389	458	1	70	3.50e-26	124
NC_011593.1:c2595355-2593832	NB551033:109:HG7V5BGX9:1:11203:8211:2559#0/2	97.260	73	2	0	885	957	73	1	3.50e-26	124
NC_011593.1:c2595355-2593832	NB551033:109:HG7V5BGX9:2:13305:15501:2808#0/1	97.222	72	2	0	1274	1345	72	1	1.26e-25	122
NC_011593.1:c2595355-2593832	NB551033:109:HG7V5BGX9:1:22203:17832:12017#0/1	98.551	69	1	0	390	458	69	1	1.26e-25	122
NC_011593.1:c2595355-2593832	NB551033:109:HG7V5BGX9:1:11203:8211:2559#0/1	97.222	72	2	0	883	954	1	72	1.26e-25	122
NC_011593.1:c2595355-2593832	NB551033:109:HG7V5BGX9:2:22102:9766:12416#0/2	95.833	72	3	0	1359	1430	72	1	5.86e-24	117
NC_011593.1:c2595355-2593832	NB551033:109:HG7V5BGX9:2:12302:23297:14488#0/2	97.101	69	2	0	497	565	1	69	5.86e-24	117
NC_011593.1:c2595355-2593832	NB551033:109:HG7V5BGX9:1:11304:12829:19375#0/1	98.485	66	1	0	265	330	67	2	5.86e-24	117
NC_011593.1:c2595355-2593832	NB551033:109:HG7V5BGX9:2:23210:24657:8323#0/2	95.775	71	3	0	488	558	1	71	2.11e-23	115
NC_011593.1:c2595355-2593832	NB551033:109:HG7V5BGX9:1:13312:15615:11408#0/2	95.714	70	3	0	338	407	70	1	7.59e-23	113
NC_011593.1:c2595355-2593832	NB551033:109:HG7V5BGX9:3:13510:3446:18037#0/1	98.438	64	1	0	1069	1132	1	64	7.59e-23	113
NC_011593.1:c2595355-2593832	NB551033:109:HG7V5BGX9:3:13605:6583:7773#0/1	100.000	60	0	0	1026	1085	60	1	2.73e-22	111
NC_011593.1:c2595355-2593832	NB551033:109:HG7V5BGX9:2:13101:19906:2055#0/2	98.333	60	1	0	271	330	1	60	1.27e-20	106
NC_011593.1:c2595355-2593832	NB551033:109:HG7V5BGX9:2:13101:19906:2055#0/1	98.333	60	1	0	271	330	61	2	1.27e-20	106
NC_011593.1:c2595355-2593832	NB551033:109:HG7V5BGX9:1:21203:11771:1584#0/1	95.385	65	3	0	205	269	65	1	4.57e-20	104
NC_011593.1:c2595355-2593832	NB551033:109:HG7V5BGX9:2:22307:5390:3010#0/2	100.000	54	0	0	114	167	54	1	5.91e-19	100
NC_011593.1:c2595355-2593832	NB551033:109:HG7V5BGX9:3:11512:4738:18974#0/1	100.000	54	0	0	922	975	1	54	5.91e-19	100
NC_011593.1:c2595355-2593832	NB551033:109:HG7V5BGX9:2:22307:5390:3010#0/1	100.000	54	0	0	114	167	1	54	5.91e-19	100
NC_011593.1:c2595355-2593832	NB551033:109:HG7V5BGX9:4:11607:16439:4710#0/2	96.610	59	2	0	500	558	1	59	2.12e-18	99.0
NC_011593.1:c2595355-2593832	NB551033:109:HG7V5BGX9:4:12510:13612:1910#0/1	96.552	58	2	0	501	558	1	58	7.64e-18	97.1
NC_011593.1:c2595355-2593832	NB551033:109:HG7V5BGX9:3:13406:20858:1119#0/2	100.000	50	0	0	832	881	50	1	9.88e-17	93.5
NC_011593.1:c2595355-2593832	NB551033:109:HG7V5BGX9:1:21211:14331:14538#0/2	100.000	50	0	0	809	858	50	1	9.88e-17	93.5
NC_011593.1:c2595355-2593832	NB551033:109:HG7V5BGX9:4:21510:13898:13752#0/1	96.429	56	2	0	503	558	1	56	9.88e-17	93.5
NC_011593.1:c2595355-2593832	NB551033:109:HG7V5BGX9:3:13605:16274:12979#0/2	96.296	54	2	0	502	555	54	1	1.28e-15	89.8
NC_011593.1:c2595355-2593832	NB551033:109:HG7V5BGX9:3:13605:16274:12979#0/1	96.296	54	2	0	502	555	1	54	1.28e-15	89.8
NC_011593.1:c2595355-2593832	NB551033:109:HG7V5BGX9:4:13611:16496:6866#0/2	96.226	53	2	0	847	899	53	1	4.60e-15	87.9
NC_011593.1:c2595355-2593832	NB551033:109:HG7V5BGX9:4:13611:16496:6866#0/1	96.226	53	2	0	847	899	1	53	4.60e-15	87.9
NC_011593.1:c2595355-2593832	NB551033:109:HG7V5BGX9:4:12504:5387:9958#0/1	96.226	53	2	0	506	558	1	53	4.60e-15	87.9
NC_011593.1:c2595355-2593832	NB551033:109:HG7V5BGX9:4:23511:12239:10441#0/1	100.000	45	0	0	1337	1381	1	45	5.95e-14	84.2
NC_011593.1:c2595355-2593832	NB551033:109:HG7V5BGX9:4:11409:21312:6486#0/1	100.000	45	0	0	928	972	45	1	5.95e-14	84.2
NC_011593.1:c2595355-2593832	NB551033:109:HG7V5BGX9:1:13102:21323:20060#0/1	100.000	45	0	0	1341	1385	1	45	5.95e-14	84.2
NC_011593.1:c2595355-2593832	NB551033:109:HG7V5BGX9:3:23410:23538:13875#0/1	100.000	44	0	0	112	155	44	1	2.14e-13	82.4
NC_011593.1:c2595355-2593832	NB551033:109:HG7V5BGX9:3:13510:3446:18037#0/2	97.826	46	1	0	1099	1144	46	1	7.69e-13	80.5
NC_011593.1:c2595355-2593832	NB551033:109:HG7V5BGX9:1:12106:14518:8566#0/2	95.833	48	2	0	511	558	1	48	2.77e-12	78.7
NC_011593.1:c2595355-2593832	NB551033:109:HG7V5BGX9:3:22603:2039:8958#0/1	97.778	45	1	0	940	984	1	45	2.77e-12	78.7
NC_011593.1:c2595355-2593832	NB551033:109:HG7V5BGX9:2:22210:5784:2891#0/1	100.000	42	0	0	1429	1470	1	42	2.77e-12	78.7
NC_011593.1:c2595355-2593832	NB551033:109:HG7V5BGX9:3:23511:26234:16878#0/1	97.674	43	1	0	1221	1263	1	43	3.58e-11	75.0
NC_011593.1:c2595355-2593832	NB551033:109:HG7V5BGX9:4:11409:21312:6486#0/2	100.000	39	0	0	803	841	1	39	1.29e-10	73.1
NC_011593.1:c2595355-2593832	NB551033:109:HG7V5BGX9:4:13607:3689:11644#0/2	100.000	38	0	0	1342	1379	1	38	4.63e-10	71.3
NC_011593.1:c2595355-2593832	NB551033:109:HG7V5BGX9:3:13406:25185:5257#0/2	97.561	41	1	0	847	887	1	41	4.63e-10	71.3
NC_011593.1:c2595355-2593832	NB551033:109:HG7V5BGX9:3:12411:6495:6110#0/1	100.000	38	0	0	521	558	1	38	4.63e-10	71.3
# BLASTN 2.9.0+
# Query: NC_011593.1:c2597106-2595574 Bifidobacterium longum subsp. infantis ATCC 15697, complete genome
# Database: db/blast_C0107-4E-1A_S49.faa
# Fields: query acc.ver, subject acc.ver, % identity, alignment length, mismatches, gap opens, q. start, q. end, s. start, s. end, evalue, bit score
# 32 hits found
NC_011593.1:c2597106-2595574	NB551033:109:HG7V5BGX9:2:11302:7169:19639#0/2	95.302	149	7	0	399	547	1	149	4.34e-60	237
NC_011593.1:c2597106-2595574	NB551033:109:HG7V5BGX9:4:21412:21446:19143#0/1	95.833	120	5	0	1	120	120	1	2.65e-47	195
NC_011593.1:c2597106-2595574	NB551033:109:HG7V5BGX9:4:12406:13889:6533#0/2	95.726	117	5	0	214	330	15	131	1.23e-45	189
NC_011593.1:c2597106-2595574	NB551033:109:HG7V5BGX9:4:22406:15015:7592#0/1	95.000	120	6	0	214	333	142	23	1.23e-45	189
NC_011593.1:c2597106-2595574	NB551033:109:HG7V5BGX9:4:12406:13889:6533#0/1	95.726	117	5	0	214	330	118	2	1.23e-45	189
NC_011593.1:c2597106-2595574	NB551033:109:HG7V5BGX9:1:13312:15615:11408#0/1	95.726	117	5	0	214	330	7	123	1.23e-45	189
NC_011593.1:c2597106-2595574	NB551033:109:HG7V5BGX9:1:22303:13902:17624#0/1	95.283	106	5	0	1	106	45	150	1.61e-39	169
NC_011593.1:c2597106-2595574	NB551033:109:HG7V5BGX9:4:23410:11063:7939#0/2	95.192	104	5	0	223	326	104	1	2.08e-38	165
NC_011593.1:c2597106-2595574	NB551033:109:HG7V5BGX9:4:23410:11063:7939#0/1	95.192	104	5	0	223	326	1	104	2.08e-38	165
NC_011593.1:c2597106-2595574	NB551033:109:HG7V5BGX9:1:21102:11814:17629#0/2	96.875	96	3	0	424	519	1	96	2.69e-37	161
NC_011593.1:c2597106-2595574	NB551033:109:HG7V5BGX9:1:21102:11814:17629#0/1	96.875	96	3	0	424	519	98	3	2.69e-37	161
NC_011593.1:c2597106-2595574	NB551033:109:HG7V5BGX9:3:13502:21056:6837#0/2	95.000	100	5	0	23	122	100	1	3.48e-36	158
NC_011593.1:c2597106-2595574	NB551033:109:HG7V5BGX9:3:13502:21056:6837#0/1	95.000	100	5	0	23	122	1	100	3.48e-36	158
NC_011593.1:c2597106-2595574	NB551033:109:HG7V5BGX9:4:21401:20828:7484#0/1	98.765	81	1	0	1	81	67	147	2.71e-32	145
NC_011593.1:c2597106-2595574	NB551033:109:HG7V5BGX9:1:13207:6694:3776#0/2	100.000	72	0	0	1	72	72	1	5.86e-29	134
NC_011593.1:c2597106-2595574	NB551033:109:HG7V5BGX9:1:13107:23979:13841#0/2	97.436	78	2	0	1393	1470	9	86	5.86e-29	134
NC_011593.1:c2597106-2595574	NB551033:109:HG7V5BGX9:1:13207:6694:3776#0/1	100.000	72	0	0	1	72	19	90	5.86e-29	134
NC_011593.1:c2597106-2595574	NB551033:109:HG7V5BGX9:3:13606:15671:15727#0/1	97.368	76	2	0	1395	1470	1	76	7.58e-28	130
NC_011593.1:c2597106-2595574	NB551033:109:HG7V5BGX9:4:13512:3779:3392#0/1	95.062	81	4	0	1	81	62	142	2.73e-27	128
NC_011593.1:c2597106-2595574	NB551033:109:HG7V5BGX9:1:22203:17832:12017#0/2	95.714	70	3	0	389	458	1	70	7.63e-23	113
NC_011593.1:c2597106-2595574	NB551033:109:HG7V5BGX9:1:22203:17832:12017#0/1	95.652	69	3	0	390	458	69	1	2.74e-22	111
NC_011593.1:c2597106-2595574	NB551033:109:HG7V5BGX9:1:22102:9867:11520#0/1	95.652	69	3	0	262	330	1	69	2.74e-22	111
NC_011593.1:c2597106-2595574	NB551033:109:HG7V5BGX9:1:11304:12829:19375#0/1	96.970	66	2	0	265	330	67	2	2.74e-22	111
NC_011593.1:c2597106-2595574	NB551033:109:HG7V5BGX9:3:22601:18046:7022#0/1	95.522	67	3	0	6	72	67	1	3.55e-21	108
NC_011593.1:c2597106-2595574	NB551033:109:HG7V5BGX9:4:12507:8402:3145#0/2	95.455	66	3	0	1	66	66	1	1.28e-20	106
NC_011593.1:c2597106-2595574	NB551033:109:HG7V5BGX9:2:13101:19906:2055#0/2	98.276	58	1	0	273	330	3	60	1.65e-19	102
NC_011593.1:c2597106-2595574	NB551033:109:HG7V5BGX9:2:13101:19906:2055#0/1	98.276	58	1	0	273	330	59	2	1.65e-19	102
NC_011593.1:c2597106-2595574	NB551033:109:HG7V5BGX9:3:11509:7957:10530#0/2	100.000	54	0	0	1	54	62	115	5.94e-19	100
NC_011593.1:c2597106-2595574	NB551033:109:HG7V5BGX9:2:23311:17059:7678#0/2	95.000	60	3	0	1	60	60	1	2.76e-17	95.3
NC_011593.1:c2597106-2595574	NB551033:109:HG7V5BGX9:2:22210:5784:2891#0/1	100.000	42	0	0	1429	1470	1	42	2.78e-12	78.7
NC_011593.1:c2597106-2595574	NB551033:109:HG7V5BGX9:1:11307:16776:4219#0/2	100.000	38	0	0	33	70	38	1	4.66e-10	71.3
NC_011593.1:c2597106-2595574	NB551033:109:HG7V5BGX9:2:22112:17136:1367#0/1	97.222	36	1	0	568	603	3	38	2.80e-07	62.1
# BLASTN 2.9.0+
# Query: NC_011593.1:c2598562-2597207 Bifidobacterium longum subsp. infantis ATCC 15697, complete genome
# Database: db/blast_C0107-4E-1A_S49.faa
# Fields: query acc.ver, subject acc.ver, % identity, alignment length, mismatches, gap opens, q. start, q. end, s. start, s. end, evalue, bit score
# 249 hits found
NC_011593.1:c2598562-2597207	NB551033:109:HG7V5BGX9:4:12404:20063:2152#0/2	100.000	151	0	0	694	844	1	151	6.27e-73	279
NC_011593.1:c2598562-2597207	NB551033:109:HG7V5BGX9:3:21501:5485:2741#0/2	100.000	151	0	0	909	1059	1	151	6.27e-73	279
NC_011593.1:c2598562-2597207	NB551033:109:HG7V5BGX9:2:21202:18056:16455#0/2	100.000	151	0	0	605	755	151	1	6.27e-73	279
NC_011593.1:c2598562-2597207	NB551033:109:HG7V5BGX9:1:13111:4060:7929#0/2	100.000	151	0	0	158	308	1	151	6.27e-73	279
NC_011593.1:c2598562-2597207	NB551033:109:HG7V5BGX9:4:22511:19120:2477#0/1	100.000	151	0	0	626	776	1	151	6.27e-73	279
NC_011593.1:c2598562-2597207	NB551033:109:HG7V5BGX9:4:11512:4099:7537#0/1	100.000	151	0	0	1195	1345	151	1	6.27e-73	279
NC_011593.1:c2598562-2597207	NB551033:109:HG7V5BGX9:3:21501:5485:2741#0/1	100.000	151	0	0	911	1061	151	1	6.27e-73	279
NC_011593.1:c2598562-2597207	NB551033:109:HG7V5BGX9:1:11312:11185:15191#0/1	100.000	151	0	0	514	664	1	151	6.27e-73	279
NC_011593.1:c2598562-2597207	NB551033:109:HG7V5BGX9:4:23406:2148:12912#0/2	100.000	150	0	0	792	941	1	150	2.26e-72	278
NC_011593.1:c2598562-2597207	NB551033:109:HG7V5BGX9:4:22511:19120:2477#0/2	100.000	150	0	0	809	958	150	1	2.26e-72	278
NC_011593.1:c2598562-2597207	NB551033:109:HG7V5BGX9:4:22404:18407:10189#0/2	100.000	150	0	0	1087	1236	1	150	2.26e-72	278
NC_011593.1:c2598562-2597207	NB551033:109:HG7V5BGX9:4:11505:21062:15941#0/2	100.000	150	0	0	645	794	1	150	2.26e-72	278
NC_011593.1:c2598562-2597207	NB551033:109:HG7V5BGX9:3:21608:15191:5502#0/2	100.000	150	0	0	463	612	1	150	2.26e-72	278
NC_011593.1:c2598562-2597207	NB551033:109:HG7V5BGX9:3:12502:13548:7713#0/2	100.000	150	0	0	618	767	1	150	2.26e-72	278
NC_011593.1:c2598562-2597207	NB551033:109:HG7V5BGX9:2:23303:12312:3047#0/2	100.000	150	0	0	311	460	1	150	2.26e-72	278
NC_011593.1:c2598562-2597207	NB551033:109:HG7V5BGX9:2:12305:7941:10833#0/2	100.000	150	0	0	738	887	1	150	2.26e-72	278
NC_011593.1:c2598562-2597207	NB551033:109:HG7V5BGX9:1:23206:3282:7033#0/2	100.000	150	0	0	887	1036	150	1	2.26e-72	278
NC_011593.1:c2598562-2597207	NB551033:109:HG7V5BGX9:1:21311:9282:15244#0/2	100.000	150	0	0	505	654	1	150	2.26e-72	278
NC_011593.1:c2598562-2597207	NB551033:109:HG7V5BGX9:1:21203:15861:18381#0/2	100.000	150	0	0	211	360	1	150	2.26e-72	278
NC_011593.1:c2598562-2597207	NB551033:109:HG7V5BGX9:1:21112:17487:17440#0/2	100.000	150	0	0	889	1038	150	1	2.26e-72	278
NC_011593.1:c2598562-2597207	NB551033:109:HG7V5BGX9:4:22404:18407:10189#0/1	100.000	150	0	0	1090	1239	150	1	2.26e-72	278
NC_011593.1:c2598562-2597207	NB551033:109:HG7V5BGX9:4:13504:8460:17272#0/1	100.000	150	0	0	377	526	1	150	2.26e-72	278
NC_011593.1:c2598562-2597207	NB551033:109:HG7V5BGX9:4:12404:20063:2152#0/1	100.000	150	0	0	811	960	150	1	2.26e-72	278
NC_011593.1:c2598562-2597207	NB551033:109:HG7V5BGX9:3:23508:2171:11998#0/1	100.000	150	0	0	359	508	1	150	2.26e-72	278
NC_011593.1:c2598562-2597207	NB551033:109:HG7V5BGX9:3:11607:11942:17533#0/1	100.000	150	0	0	795	944	1	150	2.26e-72	278
NC_011593.1:c2598562-2597207	NB551033:109:HG7V5BGX9:2:21202:18056:16455#0/1	100.000	150	0	0	569	718	1	150	2.26e-72	278
NC_011593.1:c2598562-2597207	NB551033:109:HG7V5BGX9:2:13201:10687:5099#0/1	100.000	150	0	0	276	425	1	150	2.26e-72	278
NC_011593.1:c2598562-2597207	NB551033:109:HG7V5BGX9:2:12305:7941:10833#0/1	100.000	150	0	0	775	924	150	1	2.26e-72	278
NC_011593.1:c2598562-2597207	NB551033:109:HG7V5BGX9:1:23109:15190:20129#0/1	100.000	150	0	0	504	653	1	150	2.26e-72	278
NC_011593.1:c2598562-2597207	NB551033:109:HG7V5BGX9:1:21112:17487:17440#0/1	100.000	150	0	0	869	1018	1	150	2.26e-72	278
NC_011593.1:c2598562-2597207	NB551033:109:HG7V5BGX9:1:11309:22884:4628#0/2	100.000	149	0	0	1144	1292	149	1	8.11e-72	276
NC_011593.1:c2598562-2597207	NB551033:109:HG7V5BGX9:4:23504:2778:8244#0/1	100.000	149	0	0	894	1042	1	149	8.11e-72	276
NC_011593.1:c2598562-2597207	NB551033:109:HG7V5BGX9:1:23309:18089:18165#0/1	100.000	149	0	0	1073	1221	2	150	8.11e-72	276
NC_011593.1:c2598562-2597207	NB551033:109:HG7V5BGX9:2:11301:23995:10125#0/1	100.000	148	0	0	147	294	1	148	2.92e-71	274
NC_011593.1:c2598562-2597207	NB551033:109:HG7V5BGX9:2:23106:2755:10267#0/2	99.333	150	1	0	164	313	1	150	1.05e-70	272
NC_011593.1:c2598562-2597207	NB551033:109:HG7V5BGX9:2:21301:16811:5958#0/2	99.333	150	1	0	730	879	150	1	1.05e-70	272
NC_011593.1:c2598562-2597207	NB551033:109:HG7V5BGX9:2:12103:5783:20079#0/2	99.333	150	1	0	747	896	1	150	1.05e-70	272
NC_011593.1:c2598562-2597207	NB551033:109:HG7V5BGX9:4:12411:11965:4964#0/1	99.333	150	1	0	240	389	1	150	1.05e-70	272
NC_011593.1:c2598562-2597207	NB551033:109:HG7V5BGX9:4:11412:21265:2390#0/1	99.333	150	1	0	361	510	1	150	1.05e-70	272
NC_011593.1:c2598562-2597207	NB551033:109:HG7V5BGX9:2:12103:5783:20079#0/1	99.333	150	1	0	769	918	150	1	1.05e-70	272
NC_011593.1:c2598562-2597207	NB551033:109:HG7V5BGX9:1:12106:25307:16316#0/1	100.000	147	0	0	1060	1206	147	1	1.05e-70	272
NC_011593.1:c2598562-2597207	NB551033:109:HG7V5BGX9:2:21301:16811:5958#0/1	99.329	149	1	0	707	855	1	149	3.78e-70	270
NC_011593.1:c2598562-2597207	NB551033:109:HG7V5BGX9:4:21612:11125:9745#0/2	100.000	145	0	0	276	420	1	145	1.36e-69	268
NC_011593.1:c2598562-2597207	NB551033:109:HG7V5BGX9:1:23309:18089:18165#0/2	99.324	148	1	0	1094	1241	148	1	1.36e-69	268
NC_011593.1:c2598562-2597207	NB551033:109:HG7V5BGX9:3:21504:12778:10782#0/1	100.000	145	0	0	920	1064	1	145	1.36e-69	268
NC_011593.1:c2598562-2597207	NB551033:109:HG7V5BGX9:3:12502:13548:7713#0/1	98.667	150	2	0	758	907	150	1	4.88e-69	267
NC_011593.1:c2598562-2597207	NB551033:109:HG7V5BGX9:3:12603:14208:19174#0/2	100.000	143	0	0	1064	1206	143	1	1.76e-68	265
NC_011593.1:c2598562-2597207	NB551033:109:HG7V5BGX9:1:11201:19066:6322#0/2	100.000	143	0	0	1203	1345	143	1	1.76e-68	265
NC_011593.1:c2598562-2597207	NB551033:109:HG7V5BGX9:2:12302:13104:3353#0/2	98.649	148	2	0	1174	1321	1	148	6.32e-68	263
NC_011593.1:c2598562-2597207	NB551033:109:HG7V5BGX9:1:11303:20536:6012#0/2	100.000	142	0	0	163	304	1	142	6.32e-68	263
NC_011593.1:c2598562-2597207	NB551033:109:HG7V5BGX9:4:11412:15064:5831#0/1	100.000	142	0	0	1215	1356	1	142	6.32e-68	263
NC_011593.1:c2598562-2597207	NB551033:109:HG7V5BGX9:1:11312:11185:15191#0/2	98.630	146	2	0	747	892	146	1	8.17e-67	259
NC_011593.1:c2598562-2597207	NB551033:109:HG7V5BGX9:4:22509:26004:18711#0/1	100.000	137	0	0	249	385	1	137	3.80e-65	254
NC_011593.1:c2598562-2597207	NB551033:109:HG7V5BGX9:3:22610:12845:11460#0/2	100.000	136	0	0	1194	1329	1	136	1.37e-64	252
NC_011593.1:c2598562-2597207	NB551033:109:HG7V5BGX9:1:12309:9466:11905#0/2	100.000	133	0	0	1117	1249	1	133	6.36e-63	246
NC_011593.1:c2598562-2597207	NB551033:109:HG7V5BGX9:3:22610:12845:11460#0/1	99.259	135	1	0	1195	1329	135	1	2.29e-62	244
NC_011593.1:c2598562-2597207	NB551033:109:HG7V5BGX9:3:11604:6100:2242#0/2	99.254	134	1	0	1063	1196	134	1	8.23e-62	243
NC_011593.1:c2598562-2597207	NB551033:109:HG7V5BGX9:3:11604:6100:2242#0/1	98.540	137	2	0	1060	1196	9	145	8.23e-62	243
NC_011593.1:c2598562-2597207	NB551033:109:HG7V5BGX9:2:22302:5992:5963#0/1	100.000	129	0	0	1095	1223	1	129	1.06e-60	239
NC_011593.1:c2598562-2597207	NB551033:109:HG7V5BGX9:4:22504:25560:14348#0/2	99.237	131	1	0	311	441	1	131	3.83e-60	237
NC_011593.1:c2598562-2597207	NB551033:109:HG7V5BGX9:3:12507:3401:14074#0/1	100.000	127	0	0	461	587	1	127	1.38e-59	235
NC_011593.1:c2598562-2597207	NB551033:109:HG7V5BGX9:4:23504:2778:8244#0/2	100.000	126	0	0	917	1042	126	1	4.95e-59	233
NC_011593.1:c2598562-2597207	NB551033:109:HG7V5BGX9:2:22302:5992:5963#0/2	100.000	126	0	0	1098	1223	126	1	4.95e-59	233
NC_011593.1:c2598562-2597207	NB551033:109:HG7V5BGX9:4:21402:16935:9382#0/1	100.000	126	0	0	1220	1345	126	1	4.95e-59	233
NC_011593.1:c2598562-2597207	NB551033:109:HG7V5BGX9:4:21410:26032:3589#0/2	100.000	125	0	0	914	1038	125	1	1.78e-58	231
NC_011593.1:c2598562-2597207	NB551033:109:HG7V5BGX9:4:13504:8460:17272#0/2	100.000	125	0	0	497	621	125	1	1.78e-58	231
NC_011593.1:c2598562-2597207	NB551033:109:HG7V5BGX9:3:21510:12850:13671#0/2	98.473	131	2	0	869	999	1	131	1.78e-58	231
NC_011593.1:c2598562-2597207	NB551033:109:HG7V5BGX9:4:21410:26032:3589#0/1	100.000	125	0	0	914	1038	1	125	1.78e-58	231
NC_011593.1:c2598562-2597207	NB551033:109:HG7V5BGX9:1:12202:1446:8720#0/2	100.000	124	0	0	475	598	1	124	6.41e-58	230
NC_011593.1:c2598562-2597207	NB551033:109:HG7V5BGX9:4:21606:14095:20336#0/1	100.000	124	0	0	353	476	1	124	6.41e-58	230
NC_011593.1:c2598562-2597207	NB551033:109:HG7V5BGX9:3:11602:6999:11236#0/2	100.000	123	0	0	293	415	1	123	2.30e-57	228
NC_011593.1:c2598562-2597207	NB551033:109:HG7V5BGX9:2:12203:4258:10515#0/2	100.000	119	0	0	894	1012	119	1	3.86e-55	220
NC_011593.1:c2598562-2597207	NB551033:109:HG7V5BGX9:2:12203:4258:10515#0/1	100.000	119	0	0	894	1012	1	119	3.86e-55	220
NC_011593.1:c2598562-2597207	NB551033:109:HG7V5BGX9:1:23206:3282:7033#0/1	100.000	119	0	0	885	1003	1	119	3.86e-55	220
NC_011593.1:c2598562-2597207	NB551033:109:HG7V5BGX9:1:11309:22884:4628#0/1	100.000	117	0	0	1060	1176	35	151	4.99e-54	217
NC_011593.1:c2598562-2597207	NB551033:109:HG7V5BGX9:2:22307:17814:13884#0/2	100.000	116	0	0	1118	1233	116	1	1.79e-53	215
NC_011593.1:c2598562-2597207	NB551033:109:HG7V5BGX9:4:23401:13247:2803#0/2	100.000	115	0	0	367	481	1	115	6.45e-53	213
NC_011593.1:c2598562-2597207	NB551033:109:HG7V5BGX9:1:11103:6695:6599#0/1	100.000	115	0	0	389	503	1	115	6.45e-53	213
NC_011593.1:c2598562-2597207	NB551033:109:HG7V5BGX9:4:22411:19785:12199#0/2	100.000	114	0	0	1216	1329	114	1	2.32e-52	211
NC_011593.1:c2598562-2597207	NB551033:109:HG7V5BGX9:3:12611:11675:14146#0/2	99.145	117	1	0	1127	1243	117	1	2.32e-52	211
NC_011593.1:c2598562-2597207	NB551033:109:HG7V5BGX9:2:21101:19743:2965#0/2	100.000	114	0	0	1216	1329	114	1	2.32e-52	211
NC_011593.1:c2598562-2597207	NB551033:109:HG7V5BGX9:1:23311:10168:17715#0/2	100.000	114	0	0	461	574	114	1	2.32e-52	211
NC_011593.1:c2598562-2597207	NB551033:109:HG7V5BGX9:4:22411:19785:12199#0/1	100.000	114	0	0	1216	1329	1	114	2.32e-52	211
NC_011593.1:c2598562-2597207	NB551033:109:HG7V5BGX9:2:21101:19743:2965#0/1	100.000	114	0	0	1216	1329	1	114	2.32e-52	211
NC_011593.1:c2598562-2597207	NB551033:109:HG7V5BGX9:1:23311:10168:17715#0/1	100.000	114	0	0	461	574	1	114	2.32e-52	211
NC_011593.1:c2598562-2597207	NB551033:109:HG7V5BGX9:2:23201:19270:12171#0/2	98.319	119	2	0	535	653	119	1	8.35e-52	209
NC_011593.1:c2598562-2597207	NB551033:109:HG7V5BGX9:4:12506:12765:2526#0/2	100.000	111	0	0	359	469	1	111	1.08e-50	206
NC_011593.1:c2598562-2597207	NB551033:109:HG7V5BGX9:2:23201:19270:12171#0/1	99.123	114	1	0	306	419	1	114	1.08e-50	206
NC_011593.1:c2598562-2597207	NB551033:109:HG7V5BGX9:2:23211:10418:15331#0/2	100.000	110	0	0	955	1064	1	110	3.88e-50	204
NC_011593.1:c2598562-2597207	NB551033:109:HG7V5BGX9:3:23610:13674:3796#0/2	100.000	108	0	0	1058	1165	43	150	5.02e-49	200
NC_011593.1:c2598562-2597207	NB551033:109:HG7V5BGX9:4:11512:4099:7537#0/2	100.000	106	0	0	1111	1216	1	106	6.50e-48	196
NC_011593.1:c2598562-2597207	NB551033:109:HG7V5BGX9:2:11104:25292:17511#0/2	100.000	106	0	0	1101	1206	1	106	6.50e-48	196
NC_011593.1:c2598562-2597207	NB551033:109:HG7V5BGX9:2:11104:25292:17511#0/1	100.000	106	0	0	1101	1206	106	1	6.50e-48	196
NC_011593.1:c2598562-2597207	NB551033:109:HG7V5BGX9:4:13507:13836:9839#0/2	100.000	105	0	0	645	749	1	105	2.34e-47	195
NC_011593.1:c2598562-2597207	NB551033:109:HG7V5BGX9:4:11401:13259:10956#0/2	100.000	105	0	0	253	357	1	105	2.34e-47	195
NC_011593.1:c2598562-2597207	NB551033:109:HG7V5BGX9:3:21510:12850:13671#0/1	99.074	108	1	0	930	1037	108	1	2.34e-47	195
NC_011593.1:c2598562-2597207	NB551033:109:HG7V5BGX9:1:22110:23415:5336#0/1	100.000	105	0	0	960	1064	1	105	2.34e-47	195
NC_011593.1:c2598562-2597207	NB551033:109:HG7V5BGX9:1:11201:19066:6322#0/1	99.074	108	1	0	1143	1250	1	108	2.34e-47	195
NC_011593.1:c2598562-2597207	NB551033:109:HG7V5BGX9:4:11604:20357:19986#0/1	99.065	107	1	0	1118	1224	1	107	8.41e-47	193
NC_011593.1:c2598562-2597207	NB551033:109:HG7V5BGX9:3:21504:12778:10782#0/2	100.000	103	0	0	962	1064	149	47	3.02e-46	191
NC_011593.1:c2598562-2597207	NB551033:109:HG7V5BGX9:3:21409:18662:3349#0/2	100.000	100	0	0	311	410	1	100	1.41e-44	185
NC_011593.1:c2598562-2597207	NB551033:109:HG7V5BGX9:1:21209:23049:14057#0/2	100.000	98	0	0	325	422	98	1	1.82e-43	182
NC_011593.1:c2598562-2597207	NB551033:109:HG7V5BGX9:2:22307:17814:13884#0/1	100.000	97	0	0	1118	1214	1	97	6.55e-43	180
NC_011593.1:c2598562-2597207	NB551033:109:HG7V5BGX9:3:22407:10692:3073#0/2	100.000	96	0	0	1191	1286	96	1	2.35e-42	178
NC_011593.1:c2598562-2597207	NB551033:109:HG7V5BGX9:1:21209:23049:14057#0/1	98.980	98	1	0	325	422	1	98	8.47e-42	176
NC_011593.1:c2598562-2597207	NB551033:109:HG7V5BGX9:2:21308:9541:14201#0/2	100.000	94	0	0	1128	1221	1	94	3.05e-41	174
NC_011593.1:c2598562-2597207	NB551033:109:HG7V5BGX9:2:11303:25582:9889#0/2	100.000	93	0	0	377	469	1	93	1.10e-40	172
NC_011593.1:c2598562-2597207	NB551033:109:HG7V5BGX9:2:23304:9873:13699#0/2	100.000	92	0	0	228	319	92	1	3.94e-40	171
NC_011593.1:c2598562-2597207	NB551033:109:HG7V5BGX9:3:21608:15191:5502#0/1	100.000	92	0	0	594	685	92	1	3.94e-40	171
NC_011593.1:c2598562-2597207	NB551033:109:HG7V5BGX9:3:11602:6999:11236#0/1	100.000	92	0	0	324	415	92	1	3.94e-40	171
NC_011593.1:c2598562-2597207	NB551033:109:HG7V5BGX9:4:21604:24058:6401#0/2	100.000	91	0	0	1116	1206	1	91	1.42e-39	169
NC_011593.1:c2598562-2597207	NB551033:109:HG7V5BGX9:2:13111:13396:18894#0/2	100.000	91	0	0	971	1061	91	1	1.42e-39	169
NC_011593.1:c2598562-2597207	NB551033:109:HG7V5BGX9:3:22609:16663:13561#0/1	98.936	94	1	0	413	506	1	94	1.42e-39	169
NC_011593.1:c2598562-2597207	NB551033:109:HG7V5BGX9:4:21604:24058:6401#0/1	100.000	90	0	0	1117	1206	90	1	5.10e-39	167
NC_011593.1:c2598562-2597207	NB551033:109:HG7V5BGX9:2:23308:4575:12824#0/1	100.000	90	0	0	278	367	1	90	5.10e-39	167
NC_011593.1:c2598562-2597207	NB551033:109:HG7V5BGX9:3:12611:11675:14146#0/1	100.000	87	0	0	1108	1194	1	87	2.37e-37	161
NC_011593.1:c2598562-2597207	NB551033:109:HG7V5BGX9:3:11501:8651:1537#0/2	96.809	94	3	0	950	1043	1	94	3.07e-36	158
NC_011593.1:c2598562-2597207	NB551033:109:HG7V5BGX9:2:23306:17381:18498#0/2	100.000	84	0	0	720	803	1	84	1.10e-35	156
NC_011593.1:c2598562-2597207	NB551033:109:HG7V5BGX9:2:23306:17381:18498#0/1	100.000	84	0	0	720	803	84	1	1.10e-35	156
NC_011593.1:c2598562-2597207	NB551033:109:HG7V5BGX9:1:22110:23415:5336#0/2	100.000	83	0	0	982	1064	151	69	3.97e-35	154
NC_011593.1:c2598562-2597207	NB551033:109:HG7V5BGX9:4:23406:2148:12912#0/1	100.000	83	0	0	982	1064	151	69	3.97e-35	154
NC_011593.1:c2598562-2597207	NB551033:109:HG7V5BGX9:2:22209:1721:9148#0/2	100.000	82	0	0	1275	1356	93	12	1.43e-34	152
NC_011593.1:c2598562-2597207	NB551033:109:HG7V5BGX9:2:22209:1721:9148#0/1	100.000	82	0	0	1275	1356	1	82	1.43e-34	152
NC_011593.1:c2598562-2597207	NB551033:109:HG7V5BGX9:2:13309:11519:8099#0/1	100.000	82	0	0	716	797	1	82	1.43e-34	152
NC_011593.1:c2598562-2597207	NB551033:109:HG7V5BGX9:4:12512:10462:10881#0/2	98.810	84	1	0	1235	1318	1	84	5.13e-34	150
NC_011593.1:c2598562-2597207	NB551033:109:HG7V5BGX9:2:13309:11519:8099#0/2	100.000	81	0	0	717	797	81	1	5.13e-34	150
NC_011593.1:c2598562-2597207	NB551033:109:HG7V5BGX9:3:23410:22334:13119#0/2	98.795	83	1	0	1232	1314	83	1	1.85e-33	148
NC_011593.1:c2598562-2597207	NB551033:109:HG7V5BGX9:3:23410:22334:13119#0/1	98.795	83	1	0	1232	1314	1	83	1.85e-33	148
NC_011593.1:c2598562-2597207	NB551033:109:HG7V5BGX9:3:21502:1495:6400#0/1	100.000	80	0	0	1277	1356	1	80	1.85e-33	148
NC_011593.1:c2598562-2597207	NB551033:109:HG7V5BGX9:4:22509:26004:18711#0/2	100.000	79	0	0	307	385	79	1	6.64e-33	147
NC_011593.1:c2598562-2597207	NB551033:109:HG7V5BGX9:1:13111:4060:7929#0/1	100.000	79	0	0	231	309	79	1	6.64e-33	147
NC_011593.1:c2598562-2597207	NB551033:109:HG7V5BGX9:1:12106:25307:16316#0/2	100.000	77	0	0	1060	1136	74	150	8.59e-32	143
NC_011593.1:c2598562-2597207	NB551033:109:HG7V5BGX9:4:21402:16935:9382#0/2	100.000	76	0	0	1118	1193	1	76	3.09e-31	141
NC_011593.1:c2598562-2597207	NB551033:109:HG7V5BGX9:2:23308:4575:12824#0/2	100.000	76	0	0	292	367	76	1	3.09e-31	141
NC_011593.1:c2598562-2597207	NB551033:109:HG7V5BGX9:1:23109:15190:20129#0/2	98.734	79	1	0	589	667	79	1	3.09e-31	141
NC_011593.1:c2598562-2597207	NB551033:109:HG7V5BGX9:3:22407:10692:3073#0/1	100.000	76	0	0	1191	1266	1	76	3.09e-31	141
NC_011593.1:c2598562-2597207	NB551033:109:HG7V5BGX9:1:21203:15861:18381#0/1	100.000	76	0	0	343	418	76	1	3.09e-31	141
NC_011593.1:c2598562-2597207	NB551033:109:HG7V5BGX9:2:13307:13983:3844#0/1	100.000	75	0	0	894	968	75	1	1.11e-30	139
NC_011593.1:c2598562-2597207	NB551033:109:HG7V5BGX9:1:21311:9282:15244#0/1	100.000	75	0	0	588	662	75	1	1.11e-30	139
NC_011593.1:c2598562-2597207	NB551033:109:HG7V5BGX9:3:22506:9679:11048#0/2	100.000	74	0	0	984	1057	1	74	4.00e-30	137
NC_011593.1:c2598562-2597207	NB551033:109:HG7V5BGX9:2:13307:13983:3844#0/2	100.000	74	0	0	894	967	1	74	4.00e-30	137
NC_011593.1:c2598562-2597207	NB551033:109:HG7V5BGX9:4:21612:11125:9745#0/1	97.500	80	2	0	342	421	80	1	4.00e-30	137
NC_011593.1:c2598562-2597207	NB551033:109:HG7V5BGX9:3:13602:8257:4769#0/1	100.000	74	0	0	1283	1356	117	44	4.00e-30	137
NC_011593.1:c2598562-2597207	NB551033:109:HG7V5BGX9:2:13111:13396:18894#0/1	100.000	74	0	0	970	1043	1	74	4.00e-30	137
NC_011593.1:c2598562-2597207	NB551033:109:HG7V5BGX9:3:13411:13351:12158#0/2	98.684	76	1	0	318	393	76	1	1.44e-29	135
NC_011593.1:c2598562-2597207	NB551033:109:HG7V5BGX9:2:11301:23995:10125#0/2	100.000	72	0	0	228	299	72	1	5.17e-29	134
NC_011593.1:c2598562-2597207	NB551033:109:HG7V5BGX9:3:22609:16663:13561#0/2	100.000	71	0	0	498	568	71	1	1.86e-28	132
NC_011593.1:c2598562-2597207	NB551033:109:HG7V5BGX9:4:12604:22226:9128#0/1	100.000	71	0	0	668	738	1	71	1.86e-28	132
NC_011593.1:c2598562-2597207	NB551033:109:HG7V5BGX9:4:11505:21062:15941#0/1	98.630	73	1	0	741	813	73	1	6.69e-28	130
NC_011593.1:c2598562-2597207	NB551033:109:HG7V5BGX9:4:13406:1268:12044#0/1	100.000	69	0	0	495	563	69	1	2.40e-27	128
NC_011593.1:c2598562-2597207	NB551033:109:HG7V5BGX9:2:13204:11139:5253#0/1	100.000	69	0	0	232	300	69	1	2.40e-27	128
NC_011593.1:c2598562-2597207	NB551033:109:HG7V5BGX9:3:13612:22952:13094#0/1	98.592	71	1	0	1176	1246	1	71	8.65e-27	126
NC_011593.1:c2598562-2597207	NB551033:109:HG7V5BGX9:2:13201:10687:5099#0/2	100.000	67	0	0	497	563	67	1	3.11e-26	124
NC_011593.1:c2598562-2597207	NB551033:109:HG7V5BGX9:2:23211:10418:15331#0/1	100.000	67	0	0	998	1064	150	84	3.11e-26	124
NC_011593.1:c2598562-2597207	NB551033:109:HG7V5BGX9:4:12510:12714:8611#0/2	100.000	66	0	0	504	569	66	1	1.12e-25	122
NC_011593.1:c2598562-2597207	NB551033:109:HG7V5BGX9:4:22504:25560:14348#0/1	100.000	66	0	0	390	455	66	1	1.12e-25	122
NC_011593.1:c2598562-2597207	NB551033:109:HG7V5BGX9:4:12510:12714:8611#0/1	100.000	66	0	0	504	569	1	66	1.12e-25	122
NC_011593.1:c2598562-2597207	NB551033:109:HG7V5BGX9:3:23508:2171:11998#0/2	100.000	65	0	0	544	608	65	1	4.02e-25	121
NC_011593.1:c2598562-2597207	NB551033:109:HG7V5BGX9:4:23501:14068:1818#0/1	100.000	63	0	0	847	909	1	63	5.20e-24	117
NC_011593.1:c2598562-2597207	NB551033:109:HG7V5BGX9:2:13304:9973:11239#0/1	100.000	62	0	0	592	653	62	1	1.87e-23	115
NC_011593.1:c2598562-2597207	NB551033:109:HG7V5BGX9:4:22511:4515:12346#0/2	100.000	61	0	0	668	728	1	61	6.73e-23	113
NC_011593.1:c2598562-2597207	NB551033:109:HG7V5BGX9:1:11103:6695:6599#0/2	100.000	61	0	0	589	649	61	1	6.73e-23	113
NC_011593.1:c2598562-2597207	NB551033:109:HG7V5BGX9:4:22511:4515:12346#0/1	100.000	61	0	0	668	728	61	1	6.73e-23	113
NC_011593.1:c2598562-2597207	NB551033:109:HG7V5BGX9:4:23401:13247:2803#0/1	98.413	63	1	0	419	481	63	1	2.42e-22	111
NC_011593.1:c2598562-2597207	NB551033:109:HG7V5BGX9:1:23202:25474:9695#0/1	100.000	60	0	0	1061	1120	60	1	2.42e-22	111
NC_011593.1:c2598562-2597207	NB551033:109:HG7V5BGX9:1:12202:1446:8720#0/1	100.000	60	0	0	594	653	60	1	2.42e-22	111
NC_011593.1:c2598562-2597207	NB551033:109:HG7V5BGX9:2:12107:5022:4434#0/1	100.000	59	0	0	1006	1064	1	59	8.71e-22	110
NC_011593.1:c2598562-2597207	NB551033:109:HG7V5BGX9:1:12309:9466:11905#0/1	98.387	62	1	0	1189	1250	62	1	8.71e-22	110
NC_011593.1:c2598562-2597207	NB551033:109:HG7V5BGX9:4:11511:8958:15679#0/1	98.361	61	1	0	498	558	61	1	3.13e-21	108
NC_011593.1:c2598562-2597207	NB551033:109:HG7V5BGX9:4:12604:7688:15786#0/2	100.000	57	0	0	1150	1206	57	1	1.13e-20	106
NC_011593.1:c2598562-2597207	NB551033:109:HG7V5BGX9:3:13403:13258:7809#0/2	100.000	57	0	0	461	517	57	1	1.13e-20	106
NC_011593.1:c2598562-2597207	NB551033:109:HG7V5BGX9:4:12604:7688:15786#0/1	100.000	57	0	0	1150	1206	1	57	1.13e-20	106
NC_011593.1:c2598562-2597207	NB551033:109:HG7V5BGX9:3:13403:13258:7809#0/1	100.000	57	0	0	461	517	1	57	1.13e-20	106
NC_011593.1:c2598562-2597207	NB551033:109:HG7V5BGX9:2:22202:8999:13461#0/2	98.305	59	1	0	1063	1121	59	1	4.05e-20	104
NC_011593.1:c2598562-2597207	NB551033:109:HG7V5BGX9:2:22202:8999:13461#0/1	96.774	62	2	0	1060	1121	8	69	4.05e-20	104
NC_011593.1:c2598562-2597207	NB551033:109:HG7V5BGX9:4:13406:1268:12044#0/2	100.000	55	0	0	445	499	1	55	1.46e-19	102
NC_011593.1:c2598562-2597207	NB551033:109:HG7V5BGX9:4:13405:26755:12048#0/2	100.000	55	0	0	445	499	1	55	1.46e-19	102
NC_011593.1:c2598562-2597207	NB551033:109:HG7V5BGX9:3:21501:17825:9173#0/2	100.000	55	0	0	236	290	55	1	1.46e-19	102
NC_011593.1:c2598562-2597207	NB551033:109:HG7V5BGX9:3:11604:5932:19348#0/2	98.276	58	1	0	1063	1120	58	1	1.46e-19	102
NC_011593.1:c2598562-2597207	NB551033:109:HG7V5BGX9:4:13507:13836:9839#0/1	100.000	55	0	0	799	853	56	2	1.46e-19	102
NC_011593.1:c2598562-2597207	NB551033:109:HG7V5BGX9:1:11303:20536:6012#0/1	100.000	55	0	0	405	459	55	1	1.46e-19	102
NC_011593.1:c2598562-2597207	NB551033:109:HG7V5BGX9:2:13108:3491:13319#0/2	100.000	54	0	0	1011	1064	1	54	5.24e-19	100
NC_011593.1:c2598562-2597207	NB551033:109:HG7V5BGX9:1:23205:14621:5375#0/2	100.000	54	0	0	168	221	1	54	5.24e-19	100
NC_011593.1:c2598562-2597207	NB551033:109:HG7V5BGX9:1:21310:26839:13312#0/2	100.000	54	0	0	600	653	1	54	5.24e-19	100
NC_011593.1:c2598562-2597207	NB551033:109:HG7V5BGX9:1:21112:8407:14531#0/2	100.000	54	0	0	1011	1064	95	42	5.24e-19	100
NC_011593.1:c2598562-2597207	NB551033:109:HG7V5BGX9:1:21310:26839:13312#0/1	100.000	54	0	0	600	653	54	1	5.24e-19	100
NC_011593.1:c2598562-2597207	NB551033:109:HG7V5BGX9:1:21309:1265:13304#0/1	100.000	54	0	0	600	653	54	1	5.24e-19	100
NC_011593.1:c2598562-2597207	NB551033:109:HG7V5BGX9:1:21112:8407:14531#0/1	100.000	54	0	0	1011	1064	1	54	5.24e-19	100
NC_011593.1:c2598562-2597207	NB551033:109:HG7V5BGX9:4:21606:14095:20336#0/2	100.000	53	0	0	498	550	53	1	1.89e-18	99.0
NC_011593.1:c2598562-2597207	NB551033:109:HG7V5BGX9:2:22201:11823:8769#0/2	100.000	53	0	0	645	697	1	53	1.89e-18	99.0
NC_011593.1:c2598562-2597207	NB551033:109:HG7V5BGX9:1:21309:1265:13304#0/2	100.000	53	0	0	600	652	1	53	1.89e-18	99.0
NC_011593.1:c2598562-2597207	NB551033:109:HG7V5BGX9:4:13405:26755:12048#0/1	100.000	53	0	0	511	563	53	1	1.89e-18	99.0
NC_011593.1:c2598562-2597207	NB551033:109:HG7V5BGX9:2:23303:12312:3047#0/1	100.000	53	0	0	498	550	53	1	1.89e-18	99.0
NC_011593.1:c2598562-2597207	NB551033:109:HG7V5BGX9:2:22201:11823:8769#0/1	100.000	53	0	0	645	697	53	1	1.89e-18	99.0
NC_011593.1:c2598562-2597207	NB551033:109:HG7V5BGX9:1:23205:14621:5375#0/1	100.000	53	0	0	318	370	53	1	1.89e-18	99.0
NC_011593.1:c2598562-2597207	NB551033:109:HG7V5BGX9:4:23408:21346:3005#0/1	100.000	52	0	0	1305	1356	1	52	6.78e-18	97.1
NC_011593.1:c2598562-2597207	NB551033:109:HG7V5BGX9:1:23202:25474:9695#0/2	100.000	51	0	0	1058	1108	101	151	2.44e-17	95.3
NC_011593.1:c2598562-2597207	NB551033:109:HG7V5BGX9:4:12604:22226:9128#0/2	100.000	50	0	0	811	860	50	1	8.77e-17	93.5
NC_011593.1:c2598562-2597207	NB551033:109:HG7V5BGX9:4:23505:6260:9808#0/1	96.429	56	2	0	1066	1121	56	1	8.77e-17	93.5
NC_011593.1:c2598562-2597207	NB551033:109:HG7V5BGX9:3:23610:13674:3796#0/1	100.000	50	0	0	1217	1266	50	1	8.77e-17	93.5
NC_011593.1:c2598562-2597207	NB551033:109:HG7V5BGX9:4:11511:8958:15679#0/2	100.000	48	0	0	293	340	1	48	1.13e-15	89.8
NC_011593.1:c2598562-2597207	NB551033:109:HG7V5BGX9:4:12512:10462:10881#0/1	98.039	51	1	0	1274	1324	51	1	1.13e-15	89.8
NC_011593.1:c2598562-2597207	NB551033:109:HG7V5BGX9:3:11607:11942:17533#0/2	100.000	47	0	0	903	949	47	1	4.08e-15	87.9
NC_011593.1:c2598562-2597207	NB551033:109:HG7V5BGX9:2:23202:9848:10548#0/2	100.000	47	0	0	1310	1356	1	47	4.08e-15	87.9
NC_011593.1:c2598562-2597207	NB551033:109:HG7V5BGX9:2:22203:17438:12109#0/2	100.000	47	0	0	1289	1335	1	47	4.08e-15	87.9
NC_011593.1:c2598562-2597207	NB551033:109:HG7V5BGX9:3:13411:13351:12158#0/1	100.000	47	0	0	309	355	1	47	4.08e-15	87.9
NC_011593.1:c2598562-2597207	NB551033:109:HG7V5BGX9:2:23202:9848:10548#0/1	100.000	47	0	0	1310	1356	107	61	4.08e-15	87.9
NC_011593.1:c2598562-2597207	NB551033:109:HG7V5BGX9:2:23106:2755:10267#0/1	100.000	47	0	0	588	634	47	1	4.08e-15	87.9
NC_011593.1:c2598562-2597207	NB551033:109:HG7V5BGX9:4:11412:15064:5831#0/2	100.000	46	0	0	1311	1356	150	105	1.47e-14	86.1
NC_011593.1:c2598562-2597207	NB551033:109:HG7V5BGX9:3:13602:8257:4769#0/2	100.000	46	0	0	1060	1105	58	103	1.47e-14	86.1
NC_011593.1:c2598562-2597207	NB551033:109:HG7V5BGX9:2:12209:21010:9478#0/2	100.000	46	0	0	1019	1064	1	46	1.47e-14	86.1
NC_011593.1:c2598562-2597207	NB551033:109:HG7V5BGX9:2:12209:21010:9478#0/1	100.000	46	0	0	1019	1064	63	18	1.47e-14	86.1
NC_011593.1:c2598562-2597207	NB551033:109:HG7V5BGX9:3:12409:22715:7545#0/2	100.000	45	0	0	320	364	1	45	5.28e-14	84.2
NC_011593.1:c2598562-2597207	NB551033:109:HG7V5BGX9:2:13304:9973:11239#0/2	100.000	45	0	0	509	553	1	45	5.28e-14	84.2
NC_011593.1:c2598562-2597207	NB551033:109:HG7V5BGX9:3:12409:22715:7545#0/1	100.000	45	0	0	443	487	45	1	5.28e-14	84.2
NC_011593.1:c2598562-2597207	NB551033:109:HG7V5BGX9:2:13108:3491:13319#0/1	100.000	45	0	0	1020	1064	111	67	5.28e-14	84.2
NC_011593.1:c2598562-2597207	NB551033:109:HG7V5BGX9:4:11412:21265:2390#0/2	100.000	44	0	0	498	541	44	1	1.90e-13	82.4
NC_011593.1:c2598562-2597207	NB551033:109:HG7V5BGX9:3:21409:18662:3349#0/1	100.000	44	0	0	378	421	44	1	1.90e-13	82.4
NC_011593.1:c2598562-2597207	NB551033:109:HG7V5BGX9:4:12411:11965:4964#0/2	100.000	43	0	0	427	469	43	1	6.83e-13	80.5
NC_011593.1:c2598562-2597207	NB551033:109:HG7V5BGX9:3:12507:3401:14074#0/2	100.000	43	0	0	682	724	43	1	6.83e-13	80.5
NC_011593.1:c2598562-2597207	NB551033:109:HG7V5BGX9:2:21308:9541:14201#0/1	100.000	43	0	0	1179	1221	43	1	6.83e-13	80.5
NC_011593.1:c2598562-2597207	NB551033:109:HG7V5BGX9:2:21202:13659:11706#0/2	100.000	42	0	0	996	1037	1	42	2.46e-12	78.7
NC_011593.1:c2598562-2597207	NB551033:109:HG7V5BGX9:2:21202:13659:11706#0/1	100.000	42	0	0	996	1037	42	1	2.46e-12	78.7
NC_011593.1:c2598562-2597207	NB551033:109:HG7V5BGX9:2:11303:25582:9889#0/1	100.000	42	0	0	428	469	42	1	2.46e-12	78.7
NC_011593.1:c2598562-2597207	NB551033:109:HG7V5BGX9:2:22210:20207:13584#0/2	100.000	41	0	0	960	1000	1	41	8.83e-12	76.8
NC_011593.1:c2598562-2597207	NB551033:109:HG7V5BGX9:2:21303:26814:7082#0/2	100.000	41	0	0	814	854	41	1	8.83e-12	76.8
NC_011593.1:c2598562-2597207	NB551033:109:HG7V5BGX9:2:21302:1253:7070#0/2	100.000	41	0	0	814	854	41	1	8.83e-12	76.8
NC_011593.1:c2598562-2597207	NB551033:109:HG7V5BGX9:3:13607:16300:12201#0/1	100.000	41	0	0	1316	1356	1	41	8.83e-12	76.8
NC_011593.1:c2598562-2597207	NB551033:109:HG7V5BGX9:2:21303:26814:7082#0/1	100.000	41	0	0	814	854	1	41	8.83e-12	76.8
NC_011593.1:c2598562-2597207	NB551033:109:HG7V5BGX9:2:21302:1253:7070#0/1	100.000	41	0	0	814	854	1	41	8.83e-12	76.8
NC_011593.1:c2598562-2597207	NB551033:109:HG7V5BGX9:3:22402:2181:16774#0/2	100.000	40	0	0	689	728	1	40	3.18e-11	75.0
NC_011593.1:c2598562-2597207	NB551033:109:HG7V5BGX9:4:11401:13259:10956#0/1	100.000	40	0	0	318	357	40	1	3.18e-11	75.0
NC_011593.1:c2598562-2597207	NB551033:109:HG7V5BGX9:3:22402:2181:16774#0/1	100.000	39	0	0	689	727	40	2	1.14e-10	73.1
NC_011593.1:c2598562-2597207	NB551033:109:HG7V5BGX9:4:23501:14068:1818#0/2	100.000	38	0	0	926	963	38	1	4.11e-10	71.3
NC_011593.1:c2598562-2597207	NB551033:109:HG7V5BGX9:4:12506:12765:2526#0/1	97.561	41	1	0	429	469	41	1	4.11e-10	71.3
NC_011593.1:c2598562-2597207	NB551033:109:HG7V5BGX9:3:22506:9679:11048#0/1	100.000	38	0	0	1020	1057	38	1	4.11e-10	71.3
NC_011593.1:c2598562-2597207	NB551033:109:HG7V5BGX9:4:22601:16953:12097#0/2	100.000	37	0	0	138	174	80	116	1.48e-09	69.4
NC_011593.1:c2598562-2597207	NB551033:109:HG7V5BGX9:4:11604:20357:19986#0/2	100.000	37	0	0	1309	1345	37	1	1.48e-09	69.4
NC_011593.1:c2598562-2597207	NB551033:109:HG7V5BGX9:2:21304:1326:18154#0/2	100.000	37	0	0	138	174	37	1	1.48e-09	69.4
NC_011593.1:c2598562-2597207	NB551033:109:HG7V5BGX9:4:22601:16953:12097#0/1	100.000	37	0	0	138	174	37	1	1.48e-09	69.4
NC_011593.1:c2598562-2597207	NB551033:109:HG7V5BGX9:4:11510:10471:17694#0/2	100.000	36	0	0	1321	1356	115	80	5.32e-09	67.6
NC_011593.1:c2598562-2597207	NB551033:109:HG7V5BGX9:1:23107:6531:6481#0/2	100.000	36	0	0	1321	1356	1	36	5.32e-09	67.6
NC_011593.1:c2598562-2597207	NB551033:109:HG7V5BGX9:4:11510:10471:17694#0/1	100.000	36	0	0	1321	1356	1	36	5.32e-09	67.6
NC_011593.1:c2598562-2597207	NB551033:109:HG7V5BGX9:3:21409:16529:12534#0/1	100.000	36	0	0	231	266	36	1	5.32e-09	67.6
NC_011593.1:c2598562-2597207	NB551033:109:HG7V5BGX9:3:22405:8591:17243#0/1	100.000	33	0	0	1032	1064	1	33	2.47e-07	62.1
NC_011593.1:c2598562-2597207	NB551033:109:HG7V5BGX9:1:22302:16695:19137#0/2	100.000	31	0	0	1034	1064	1	31	3.20e-06	58.4
NC_011593.1:c2598562-2597207	NB551033:109:HG7V5BGX9:2:23304:9873:13699#0/1	100.000	30	0	0	138	167	55	84	1.15e-05	56.5
NC_011593.1:c2598562-2597207	NB551033:109:HG7V5BGX9:1:11310:20062:15167#0/2	100.000	29	0	0	138	166	29	1	4.14e-05	54.7
NC_011593.1:c2598562-2597207	NB551033:109:HG7V5BGX9:3:12603:14208:19174#0/1	100.000	29	0	0	1058	1086	123	151	4.14e-05	54.7
# BLASTN 2.9.0+
# Query: NC_011593.1:2598858-2601929 Bifidobacterium longum subsp. infantis ATCC 15697, complete genome
# Database: db/blast_C0107-4E-1A_S49.faa
# Fields: query acc.ver, subject acc.ver, % identity, alignment length, mismatches, gap opens, q. start, q. end, s. start, s. end, evalue, bit score
# 289 hits found
NC_011593.1:2598858-2601929	NB551033:109:HG7V5BGX9:1:23308:19419:6453#0/2	100.000	151	0	0	2387	2537	151	1	1.42e-72	279
NC_011593.1:2598858-2601929	NB551033:109:HG7V5BGX9:2:12306:8555:14403#0/1	100.000	151	0	0	1571	1721	151	1	1.42e-72	279
NC_011593.1:2598858-2601929	NB551033:109:HG7V5BGX9:3:23405:24595:10852#0/2	100.000	150	0	0	2192	2341	150	1	5.10e-72	278
NC_011593.1:2598858-2601929	NB551033:109:HG7V5BGX9:3:11411:13604:11026#0/2	100.000	150	0	0	978	1127	1	150	5.10e-72	278
NC_011593.1:2598858-2601929	NB551033:109:HG7V5BGX9:1:11309:6487:1864#0/2	100.000	150	0	0	1172	1321	150	1	5.10e-72	278
NC_011593.1:2598858-2601929	NB551033:109:HG7V5BGX9:4:11404:6023:9213#0/1	100.000	150	0	0	2192	2341	1	150	5.10e-72	278
NC_011593.1:2598858-2601929	NB551033:109:HG7V5BGX9:2:21301:22694:4811#0/1	100.000	150	0	0	1954	2103	150	1	5.10e-72	278
NC_011593.1:2598858-2601929	NB551033:109:HG7V5BGX9:4:11404:6023:9213#0/2	100.000	149	0	0	2201	2349	149	1	1.84e-71	276
NC_011593.1:2598858-2601929	NB551033:109:HG7V5BGX9:4:22411:22508:5564#0/2	99.338	151	1	0	1718	1868	151	1	6.60e-71	274
NC_011593.1:2598858-2601929	NB551033:109:HG7V5BGX9:3:22507:14509:17118#0/2	100.000	148	0	0	2211	2358	1	148	6.60e-71	274
NC_011593.1:2598858-2601929	NB551033:109:HG7V5BGX9:2:12301:13403:19714#0/2	99.338	151	1	0	1150	1300	151	1	6.60e-71	274
NC_011593.1:2598858-2601929	NB551033:109:HG7V5BGX9:4:12404:6610:14648#0/1	99.338	151	1	0	338	488	151	1	6.60e-71	274
NC_011593.1:2598858-2601929	NB551033:109:HG7V5BGX9:2:12112:21364:11373#0/1	99.338	151	1	0	383	533	1	151	6.60e-71	274
NC_011593.1:2598858-2601929	NB551033:109:HG7V5BGX9:2:11204:23215:14136#0/1	99.338	151	1	0	905	1055	1	151	6.60e-71	274
NC_011593.1:2598858-2601929	NB551033:109:HG7V5BGX9:4:21403:8564:18879#0/2	99.333	150	1	0	114	263	1	150	2.37e-70	272
NC_011593.1:2598858-2601929	NB551033:109:HG7V5BGX9:4:12606:5158:10739#0/2	99.333	150	1	0	1134	1283	150	1	2.37e-70	272
NC_011593.1:2598858-2601929	NB551033:109:HG7V5BGX9:3:22409:11839:11474#0/2	99.333	150	1	0	2438	2587	150	1	2.37e-70	272
NC_011593.1:2598858-2601929	NB551033:109:HG7V5BGX9:3:22408:21535:14719#0/2	99.333	150	1	0	2215	2364	1	150	2.37e-70	272
NC_011593.1:2598858-2601929	NB551033:109:HG7V5BGX9:3:21412:22193:14445#0/2	99.333	150	1	0	345	494	150	1	2.37e-70	272
NC_011593.1:2598858-2601929	NB551033:109:HG7V5BGX9:2:23208:3068:3395#0/2	99.333	150	1	0	1098	1247	150	1	2.37e-70	272
NC_011593.1:2598858-2601929	NB551033:109:HG7V5BGX9:2:21301:22694:4811#0/2	99.333	150	1	0	1863	2012	1	150	2.37e-70	272
NC_011593.1:2598858-2601929	NB551033:109:HG7V5BGX9:1:22201:21032:18781#0/2	99.333	150	1	0	974	1123	150	1	2.37e-70	272
NC_011593.1:2598858-2601929	NB551033:109:HG7V5BGX9:1:22102:5463:17585#0/2	99.333	150	1	0	2438	2587	150	1	2.37e-70	272
NC_011593.1:2598858-2601929	NB551033:109:HG7V5BGX9:1:21207:7509:4474#0/2	100.000	147	0	0	1920	2066	147	1	2.37e-70	272
NC_011593.1:2598858-2601929	NB551033:109:HG7V5BGX9:1:12202:7289:20204#0/2	99.333	150	1	0	2219	2368	1	150	2.37e-70	272
NC_011593.1:2598858-2601929	NB551033:109:HG7V5BGX9:1:11211:11439:20037#0/2	99.333	150	1	0	345	494	150	1	2.37e-70	272
NC_011593.1:2598858-2601929	NB551033:109:HG7V5BGX9:3:23501:2770:9991#0/1	99.333	150	1	0	291	440	1	150	2.37e-70	272
NC_011593.1:2598858-2601929	NB551033:109:HG7V5BGX9:3:21412:22193:14445#0/1	99.333	150	1	0	333	482	1	150	2.37e-70	272
NC_011593.1:2598858-2601929	NB551033:109:HG7V5BGX9:3:13510:2182:14020#0/1	99.333	150	1	0	1092	1241	150	1	2.37e-70	272
NC_011593.1:2598858-2601929	NB551033:109:HG7V5BGX9:2:23208:3068:3395#0/1	99.333	150	1	0	974	1123	1	150	2.37e-70	272
NC_011593.1:2598858-2601929	NB551033:109:HG7V5BGX9:2:12206:7110:2469#0/1	99.333	150	1	0	131	280	1	150	2.37e-70	272
NC_011593.1:2598858-2601929	NB551033:109:HG7V5BGX9:2:11110:23734:16509#0/1	99.333	150	1	0	904	1053	150	1	2.37e-70	272
NC_011593.1:2598858-2601929	NB551033:109:HG7V5BGX9:1:21207:7509:4474#0/1	99.333	150	1	0	1863	2012	1	150	2.37e-70	272
NC_011593.1:2598858-2601929	NB551033:109:HG7V5BGX9:1:13108:15257:6643#0/1	99.333	150	1	0	976	1125	1	150	2.37e-70	272
NC_011593.1:2598858-2601929	NB551033:109:HG7V5BGX9:1:13106:15226:7604#0/1	99.333	150	1	0	1031	1180	150	1	2.37e-70	272
NC_011593.1:2598858-2601929	NB551033:109:HG7V5BGX9:1:12107:10306:10316#0/1	99.333	150	1	0	340	489	1	150	2.37e-70	272
NC_011593.1:2598858-2601929	NB551033:109:HG7V5BGX9:1:11211:11439:20037#0/1	99.333	150	1	0	333	482	1	150	2.37e-70	272
NC_011593.1:2598858-2601929	NB551033:109:HG7V5BGX9:3:23501:2770:9991#0/2	99.329	149	1	0	302	450	149	1	8.54e-70	270
NC_011593.1:2598858-2601929	NB551033:109:HG7V5BGX9:1:12107:10306:10316#0/2	99.329	149	1	0	346	494	149	1	8.54e-70	270
NC_011593.1:2598858-2601929	NB551033:109:HG7V5BGX9:2:12301:4594:14275#0/1	99.329	149	1	0	2137	2285	149	1	8.54e-70	270
NC_011593.1:2598858-2601929	NB551033:109:HG7V5BGX9:1:22102:5463:17585#0/1	99.329	149	1	0	2213	2361	1	149	8.54e-70	270
NC_011593.1:2598858-2601929	NB551033:109:HG7V5BGX9:4:12605:23784:7335#0/2	98.675	151	2	0	905	1055	151	1	3.07e-69	268
NC_011593.1:2598858-2601929	NB551033:109:HG7V5BGX9:3:21605:13328:19370#0/2	98.675	151	2	0	1875	2025	151	1	3.07e-69	268
NC_011593.1:2598858-2601929	NB551033:109:HG7V5BGX9:3:21512:9723:7204#0/2	98.675	151	2	0	2544	2694	151	1	3.07e-69	268
NC_011593.1:2598858-2601929	NB551033:109:HG7V5BGX9:3:13603:26182:4048#0/2	98.675	151	2	0	958	1108	1	151	3.07e-69	268
NC_011593.1:2598858-2601929	NB551033:109:HG7V5BGX9:3:13501:4971:8029#0/2	98.675	151	2	0	623	773	151	1	3.07e-69	268
NC_011593.1:2598858-2601929	NB551033:109:HG7V5BGX9:2:13301:21769:16377#0/2	98.675	151	2	0	2868	3018	151	1	3.07e-69	268
NC_011593.1:2598858-2601929	NB551033:109:HG7V5BGX9:2:12309:6460:15659#0/2	98.675	151	2	0	2491	2641	151	1	3.07e-69	268
NC_011593.1:2598858-2601929	NB551033:109:HG7V5BGX9:2:12108:19520:7927#0/2	98.675	151	2	0	1239	1389	151	1	3.07e-69	268
NC_011593.1:2598858-2601929	NB551033:109:HG7V5BGX9:1:12201:19720:5082#0/2	98.675	151	2	0	905	1055	151	1	3.07e-69	268
NC_011593.1:2598858-2601929	NB551033:109:HG7V5BGX9:4:12605:23784:7335#0/1	99.324	148	1	0	895	1042	4	151	3.07e-69	268
NC_011593.1:2598858-2601929	NB551033:109:HG7V5BGX9:3:12612:21347:18226#0/1	98.675	151	2	0	1238	1388	1	151	3.07e-69	268
NC_011593.1:2598858-2601929	NB551033:109:HG7V5BGX9:2:23306:8769:7279#0/1	98.675	151	2	0	2868	3018	151	1	3.07e-69	268
NC_011593.1:2598858-2601929	NB551033:109:HG7V5BGX9:2:13303:4957:18440#0/1	98.675	151	2	0	965	1115	151	1	3.07e-69	268
NC_011593.1:2598858-2601929	NB551033:109:HG7V5BGX9:1:22201:9468:15219#0/1	98.675	151	2	0	1326	1476	1	151	3.07e-69	268
NC_011593.1:2598858-2601929	NB551033:109:HG7V5BGX9:1:13307:15155:11270#0/1	98.675	151	2	0	1971	2121	1	151	3.07e-69	268
NC_011593.1:2598858-2601929	NB551033:109:HG7V5BGX9:1:11309:6487:1864#0/1	98.675	151	2	0	1045	1195	1	151	3.07e-69	268
NC_011593.1:2598858-2601929	NB551033:109:HG7V5BGX9:3:23511:13377:3336#0/2	98.667	150	2	0	2883	3032	1	150	1.10e-68	267
NC_011593.1:2598858-2601929	NB551033:109:HG7V5BGX9:2:12301:4594:14275#0/2	98.667	150	2	0	2018	2167	1	150	1.10e-68	267
NC_011593.1:2598858-2601929	NB551033:109:HG7V5BGX9:2:11310:18796:9352#0/2	98.667	150	2	0	401	550	1	150	1.10e-68	267
NC_011593.1:2598858-2601929	NB551033:109:HG7V5BGX9:1:23204:13993:6494#0/2	99.320	147	1	0	2157	2303	1	147	1.10e-68	267
NC_011593.1:2598858-2601929	NB551033:109:HG7V5BGX9:1:22201:9468:15219#0/2	98.667	150	2	0	1328	1477	150	1	1.10e-68	267
NC_011593.1:2598858-2601929	NB551033:109:HG7V5BGX9:1:13307:15155:11270#0/2	98.667	150	2	0	2070	2219	150	1	1.10e-68	267
NC_011593.1:2598858-2601929	NB551033:109:HG7V5BGX9:4:22411:22508:5564#0/1	98.667	150	2	0	1677	1826	1	150	1.10e-68	267
NC_011593.1:2598858-2601929	NB551033:109:HG7V5BGX9:3:21605:13328:19370#0/1	99.320	147	1	0	1807	1953	3	149	1.10e-68	267
NC_011593.1:2598858-2601929	NB551033:109:HG7V5BGX9:3:21512:9723:7204#0/1	98.667	150	2	0	2463	2612	1	150	1.10e-68	267
NC_011593.1:2598858-2601929	NB551033:109:HG7V5BGX9:3:12604:21124:16914#0/1	98.667	150	2	0	100	249	1	150	1.10e-68	267
NC_011593.1:2598858-2601929	NB551033:109:HG7V5BGX9:2:12309:6460:15659#0/1	98.667	150	2	0	2458	2607	1	150	1.10e-68	267
NC_011593.1:2598858-2601929	NB551033:109:HG7V5BGX9:2:11102:7098:17135#0/1	98.667	150	2	0	2017	2166	1	150	1.10e-68	267
NC_011593.1:2598858-2601929	NB551033:109:HG7V5BGX9:1:23308:19419:6453#0/1	98.667	150	2	0	2351	2500	1	150	1.10e-68	267
NC_011593.1:2598858-2601929	NB551033:109:HG7V5BGX9:1:22108:5269:15466#0/1	98.667	150	2	0	2778	2927	1	150	1.10e-68	267
NC_011593.1:2598858-2601929	NB551033:109:HG7V5BGX9:1:13112:17809:2054#0/1	98.667	150	2	0	590	739	1	150	1.10e-68	267
NC_011593.1:2598858-2601929	NB551033:109:HG7V5BGX9:3:23612:2209:8706#0/2	98.658	149	2	0	2455	2603	149	1	3.97e-68	265
NC_011593.1:2598858-2601929	NB551033:109:HG7V5BGX9:3:23612:2209:8706#0/1	98.658	149	2	0	2348	2496	1	149	3.97e-68	265
NC_011593.1:2598858-2601929	NB551033:109:HG7V5BGX9:3:13602:22114:4106#0/1	98.658	149	2	0	565	713	149	1	3.97e-68	265
NC_011593.1:2598858-2601929	NB551033:109:HG7V5BGX9:4:21404:17008:18145#0/2	100.000	142	0	0	974	1115	1	142	1.43e-67	263
NC_011593.1:2598858-2601929	NB551033:109:HG7V5BGX9:3:22610:3681:3795#0/2	98.013	151	3	0	1467	1617	151	1	1.43e-67	263
NC_011593.1:2598858-2601929	NB551033:109:HG7V5BGX9:3:13402:10048:15077#0/2	98.013	151	3	0	1317	1467	151	1	1.43e-67	263
NC_011593.1:2598858-2601929	NB551033:109:HG7V5BGX9:2:22305:4415:6610#0/2	98.013	151	3	0	1427	1577	151	1	1.43e-67	263
NC_011593.1:2598858-2601929	NB551033:109:HG7V5BGX9:2:21107:12259:2066#0/2	98.013	151	3	0	1481	1631	151	1	1.43e-67	263
NC_011593.1:2598858-2601929	NB551033:109:HG7V5BGX9:1:21311:12286:6081#0/2	98.013	151	3	0	2544	2694	151	1	1.43e-67	263
NC_011593.1:2598858-2601929	NB551033:109:HG7V5BGX9:3:23408:17807:5843#0/1	98.013	151	3	0	2905	3055	1	151	1.43e-67	263
NC_011593.1:2598858-2601929	NB551033:109:HG7V5BGX9:2:12206:19105:20186#0/1	98.013	151	3	0	880	1030	1	151	1.43e-67	263
NC_011593.1:2598858-2601929	NB551033:109:HG7V5BGX9:2:11310:18796:9352#0/1	98.649	148	2	0	403	550	151	4	1.43e-67	263
NC_011593.1:2598858-2601929	NB551033:109:HG7V5BGX9:1:23112:22730:8496#0/1	98.013	151	3	0	1277	1427	1	151	1.43e-67	263
NC_011593.1:2598858-2601929	NB551033:109:HG7V5BGX9:1:13311:7852:15260#0/1	98.649	148	2	0	71	218	3	150	1.43e-67	263
NC_011593.1:2598858-2601929	NB551033:109:HG7V5BGX9:4:11603:6347:5520#0/2	98.000	150	3	0	1471	1620	1	150	5.14e-67	261
NC_011593.1:2598858-2601929	NB551033:109:HG7V5BGX9:2:12306:8555:14403#0/2	98.000	150	3	0	1437	1586	1	150	5.14e-67	261
NC_011593.1:2598858-2601929	NB551033:109:HG7V5BGX9:4:11603:10866:3061#0/1	98.000	150	3	0	1266	1415	150	1	5.14e-67	261
NC_011593.1:2598858-2601929	NB551033:109:HG7V5BGX9:3:22610:3681:3795#0/1	98.000	150	3	0	1447	1596	1	150	5.14e-67	261
NC_011593.1:2598858-2601929	NB551033:109:HG7V5BGX9:3:22409:11839:11474#0/1	98.000	150	3	0	2406	2555	1	150	5.14e-67	261
NC_011593.1:2598858-2601929	NB551033:109:HG7V5BGX9:3:22408:21535:14719#0/1	98.000	150	3	0	2242	2391	150	1	5.14e-67	261
NC_011593.1:2598858-2601929	NB551033:109:HG7V5BGX9:3:13402:10048:15077#0/1	98.000	150	3	0	1292	1441	1	150	5.14e-67	261
NC_011593.1:2598858-2601929	NB551033:109:HG7V5BGX9:2:13106:2760:1627#0/1	100.000	141	0	0	1720	1860	141	1	5.14e-67	261
NC_011593.1:2598858-2601929	NB551033:109:HG7V5BGX9:2:12108:19520:7927#0/1	98.000	150	3	0	1099	1248	1	150	5.14e-67	261
NC_011593.1:2598858-2601929	NB551033:109:HG7V5BGX9:1:21103:3126:8388#0/1	98.000	150	3	0	2472	2621	1	150	5.14e-67	261
NC_011593.1:2598858-2601929	NB551033:109:HG7V5BGX9:1:12202:7289:20204#0/1	98.000	150	3	0	2261	2410	150	1	5.14e-67	261
NC_011593.1:2598858-2601929	NB551033:109:HG7V5BGX9:3:11505:6391:5910#0/2	98.630	146	2	0	1028	1173	146	1	1.85e-66	259
NC_011593.1:2598858-2601929	NB551033:109:HG7V5BGX9:2:13307:21072:14079#0/2	97.987	149	3	0	2618	2766	1	149	1.85e-66	259
NC_011593.1:2598858-2601929	NB551033:109:HG7V5BGX9:1:21103:3126:8388#0/2	97.987	149	3	0	2679	2827	149	1	1.85e-66	259
NC_011593.1:2598858-2601929	NB551033:109:HG7V5BGX9:1:13206:9806:7675#0/2	97.987	149	3	0	87	235	1	149	1.85e-66	259
NC_011593.1:2598858-2601929	NB551033:109:HG7V5BGX9:3:11505:6391:5910#0/1	98.630	146	2	0	1028	1173	1	146	1.85e-66	259
NC_011593.1:2598858-2601929	NB551033:109:HG7V5BGX9:3:23606:6015:2249#0/2	97.973	148	3	0	2288	2435	148	1	6.65e-66	257
NC_011593.1:2598858-2601929	NB551033:109:HG7V5BGX9:3:23401:10724:17911#0/2	97.973	148	3	0	1920	2067	1	148	6.65e-66	257
NC_011593.1:2598858-2601929	NB551033:109:HG7V5BGX9:2:11210:11447:17431#0/2	97.973	148	3	0	2569	2716	148	1	6.65e-66	257
NC_011593.1:2598858-2601929	NB551033:109:HG7V5BGX9:2:22305:4415:6610#0/1	97.973	148	3	0	1214	1361	1	148	6.65e-66	257
NC_011593.1:2598858-2601929	NB551033:109:HG7V5BGX9:4:13601:24507:3952#0/2	97.333	150	4	0	1345	1494	150	1	2.39e-65	255
NC_011593.1:2598858-2601929	NB551033:109:HG7V5BGX9:4:11603:10866:3061#0/2	97.333	150	4	0	1190	1339	1	150	2.39e-65	255
NC_011593.1:2598858-2601929	NB551033:109:HG7V5BGX9:4:12608:8010:8059#0/1	97.333	150	4	0	2718	2867	1	150	2.39e-65	255
NC_011593.1:2598858-2601929	NB551033:109:HG7V5BGX9:2:23111:6706:6513#0/1	97.959	147	3	0	2926	3072	149	3	2.39e-65	255
NC_011593.1:2598858-2601929	NB551033:109:HG7V5BGX9:2:13301:21769:16377#0/1	97.959	147	3	0	2703	2849	1	147	2.39e-65	255
NC_011593.1:2598858-2601929	NB551033:109:HG7V5BGX9:1:23204:13993:6494#0/1	98.621	145	1	1	2159	2303	144	1	2.39e-65	255
NC_011593.1:2598858-2601929	NB551033:109:HG7V5BGX9:1:21311:12286:6081#0/1	97.333	150	4	0	2496	2645	1	150	2.39e-65	255
NC_011593.1:2598858-2601929	NB551033:109:HG7V5BGX9:4:12409:22696:19301#0/2	97.315	149	4	0	2672	2820	149	1	8.60e-65	254
NC_011593.1:2598858-2601929	NB551033:109:HG7V5BGX9:2:21205:26825:10921#0/2	98.601	143	2	0	328	470	1	143	8.60e-65	254
NC_011593.1:2598858-2601929	NB551033:109:HG7V5BGX9:2:13310:20871:6115#0/2	97.945	146	3	0	1454	1599	1	146	8.60e-65	254
NC_011593.1:2598858-2601929	NB551033:109:HG7V5BGX9:1:21203:21718:13711#0/2	98.601	143	2	0	71	213	1	143	8.60e-65	254
NC_011593.1:2598858-2601929	NB551033:109:HG7V5BGX9:3:23606:6015:2249#0/1	97.315	149	4	0	2287	2435	1	149	8.60e-65	254
NC_011593.1:2598858-2601929	NB551033:109:HG7V5BGX9:3:22605:5344:14999#0/1	97.945	146	3	0	646	791	1	146	8.60e-65	254
NC_011593.1:2598858-2601929	NB551033:109:HG7V5BGX9:2:13310:20871:6115#0/1	97.945	146	3	0	1454	1599	146	1	8.60e-65	254
NC_011593.1:2598858-2601929	NB551033:109:HG7V5BGX9:1:21203:21718:13711#0/1	98.601	143	2	0	71	213	143	1	8.60e-65	254
NC_011593.1:2598858-2601929	NB551033:109:HG7V5BGX9:4:22510:6966:9530#0/2	96.689	151	5	0	486	636	1	151	3.09e-64	252
NC_011593.1:2598858-2601929	NB551033:109:HG7V5BGX9:4:21603:15648:11936#0/2	98.592	142	2	0	2200	2341	142	1	3.09e-64	252
NC_011593.1:2598858-2601929	NB551033:109:HG7V5BGX9:3:23612:2283:19571#0/2	99.281	139	1	0	261	399	139	1	3.09e-64	252
NC_011593.1:2598858-2601929	NB551033:109:HG7V5BGX9:3:12401:16042:14964#0/2	99.281	139	1	0	951	1089	1	139	3.09e-64	252
NC_011593.1:2598858-2601929	NB551033:109:HG7V5BGX9:2:13107:25223:7408#0/2	96.689	151	5	0	467	617	151	1	3.09e-64	252
NC_011593.1:2598858-2601929	NB551033:109:HG7V5BGX9:2:11306:4274:16756#0/2	96.689	151	5	0	2267	2417	151	1	3.09e-64	252
NC_011593.1:2598858-2601929	NB551033:109:HG7V5BGX9:1:12104:18278:8263#0/2	96.689	151	5	0	465	615	1	151	3.09e-64	252
NC_011593.1:2598858-2601929	NB551033:109:HG7V5BGX9:3:13607:18141:9582#0/1	97.297	148	4	0	2645	2792	148	1	3.09e-64	252
NC_011593.1:2598858-2601929	NB551033:109:HG7V5BGX9:3:12608:4953:7089#0/1	96.689	151	5	0	835	985	151	1	3.09e-64	252
NC_011593.1:2598858-2601929	NB551033:109:HG7V5BGX9:3:12601:5000:16676#0/1	96.689	151	5	0	537	687	1	151	3.09e-64	252
NC_011593.1:2598858-2601929	NB551033:109:HG7V5BGX9:3:12401:16042:14964#0/1	99.281	139	1	0	951	1089	139	1	3.09e-64	252
NC_011593.1:2598858-2601929	NB551033:109:HG7V5BGX9:2:21203:10629:9980#0/1	96.689	151	5	0	779	929	151	1	3.09e-64	252
NC_011593.1:2598858-2601929	NB551033:109:HG7V5BGX9:1:12104:18278:8263#0/1	96.689	151	5	0	540	690	151	1	3.09e-64	252
NC_011593.1:2598858-2601929	NB551033:109:HG7V5BGX9:1:11302:20053:11820#0/1	96.689	151	5	0	1459	1609	1	151	3.09e-64	252
NC_011593.1:2598858-2601929	NB551033:109:HG7V5BGX9:4:22409:11721:9245#0/2	96.667	150	5	0	799	948	1	150	1.11e-63	250
NC_011593.1:2598858-2601929	NB551033:109:HG7V5BGX9:4:12607:16182:16336#0/2	98.582	141	2	0	2778	2918	1	141	1.11e-63	250
NC_011593.1:2598858-2601929	NB551033:109:HG7V5BGX9:2:23206:7412:3940#0/2	98.582	141	2	0	1537	1677	3	143	1.11e-63	250
NC_011593.1:2598858-2601929	NB551033:109:HG7V5BGX9:1:21205:16242:15483#0/2	96.667	150	5	0	489	638	150	1	1.11e-63	250
NC_011593.1:2598858-2601929	NB551033:109:HG7V5BGX9:1:13106:15226:7604#0/2	96.667	150	5	0	799	948	1	150	1.11e-63	250
NC_011593.1:2598858-2601929	NB551033:109:HG7V5BGX9:4:12607:16182:16336#0/1	98.582	141	2	0	2778	2918	141	1	1.11e-63	250
NC_011593.1:2598858-2601929	NB551033:109:HG7V5BGX9:3:23511:13377:3336#0/1	97.917	144	3	0	2929	3072	151	8	1.11e-63	250
NC_011593.1:2598858-2601929	NB551033:109:HG7V5BGX9:3:22507:14509:17118#0/1	96.667	150	5	0	2268	2417	150	1	1.11e-63	250
NC_011593.1:2598858-2601929	NB551033:109:HG7V5BGX9:2:13107:25223:7408#0/1	96.667	150	5	0	459	608	1	150	1.11e-63	250
NC_011593.1:2598858-2601929	NB551033:109:HG7V5BGX9:1:21205:16242:15483#0/1	96.667	150	5	0	475	624	1	150	1.11e-63	250
NC_011593.1:2598858-2601929	NB551033:109:HG7V5BGX9:2:21203:10629:9980#0/2	96.644	149	5	0	737	885	1	149	4.00e-63	248
NC_011593.1:2598858-2601929	NB551033:109:HG7V5BGX9:4:22510:6966:9530#0/1	96.644	149	5	0	490	638	151	3	4.00e-63	248
NC_011593.1:2598858-2601929	NB551033:109:HG7V5BGX9:4:12606:5158:10739#0/1	99.270	137	1	0	1047	1183	1	137	4.00e-63	248
NC_011593.1:2598858-2601929	NB551033:109:HG7V5BGX9:2:11210:11447:17431#0/1	96.644	149	5	0	2501	2649	1	149	4.00e-63	248
NC_011593.1:2598858-2601929	NB551033:109:HG7V5BGX9:1:21207:25123:14974#0/1	98.571	140	2	0	2175	2314	1	140	4.00e-63	248
NC_011593.1:2598858-2601929	NB551033:109:HG7V5BGX9:1:23210:6806:19585#0/1	97.887	142	3	0	2645	2786	142	1	1.44e-62	246
NC_011593.1:2598858-2601929	NB551033:109:HG7V5BGX9:3:12602:19388:14967#0/2	98.551	138	2	0	2219	2356	138	1	5.18e-62	244
NC_011593.1:2598858-2601929	NB551033:109:HG7V5BGX9:3:12508:23842:17965#0/2	96.000	150	6	0	506	655	1	150	5.18e-62	244
NC_011593.1:2598858-2601929	NB551033:109:HG7V5BGX9:1:23309:4587:3562#0/2	96.000	150	6	0	784	933	1	150	5.18e-62	244
NC_011593.1:2598858-2601929	NB551033:109:HG7V5BGX9:1:23302:10063:6045#0/2	98.551	138	2	0	2082	2219	1	138	5.18e-62	244
NC_011593.1:2598858-2601929	NB551033:109:HG7V5BGX9:1:23210:6806:19585#0/2	97.872	141	3	0	2645	2785	1	141	5.18e-62	244
NC_011593.1:2598858-2601929	NB551033:109:HG7V5BGX9:1:12312:21402:4553#0/2	97.872	141	3	0	1107	1247	1	141	5.18e-62	244
NC_011593.1:2598858-2601929	NB551033:109:HG7V5BGX9:4:21603:15648:11936#0/1	98.551	138	2	0	2118	2255	1	138	5.18e-62	244
NC_011593.1:2598858-2601929	NB551033:109:HG7V5BGX9:2:12202:24326:14023#0/2	97.163	141	4	0	1349	1489	1	141	2.41e-60	239
NC_011593.1:2598858-2601929	NB551033:109:HG7V5BGX9:2:12202:24326:14023#0/1	97.163	141	4	0	1349	1489	141	1	2.41e-60	239
NC_011593.1:2598858-2601929	NB551033:109:HG7V5BGX9:3:12604:11750:10194#0/2	97.810	137	3	0	744	880	1	137	8.66e-60	237
NC_011593.1:2598858-2601929	NB551033:109:HG7V5BGX9:2:23209:9294:6153#0/2	100.000	128	0	0	1723	1850	128	1	8.66e-60	237
NC_011593.1:2598858-2601929	NB551033:109:HG7V5BGX9:2:13310:17940:4282#0/2	97.810	137	3	0	671	807	137	1	8.66e-60	237
NC_011593.1:2598858-2601929	NB551033:109:HG7V5BGX9:2:11110:23734:16509#0/2	95.302	149	7	0	852	1000	1	149	8.66e-60	237
NC_011593.1:2598858-2601929	NB551033:109:HG7V5BGX9:2:13310:17940:4282#0/1	97.810	137	3	0	671	807	1	137	8.66e-60	237
NC_011593.1:2598858-2601929	NB551033:109:HG7V5BGX9:4:12601:19027:18051#0/2	97.794	136	3	0	647	782	1	136	3.12e-59	235
NC_011593.1:2598858-2601929	NB551033:109:HG7V5BGX9:3:13510:2182:14020#0/2	99.231	130	1	0	1045	1174	1	130	3.12e-59	235
NC_011593.1:2598858-2601929	NB551033:109:HG7V5BGX9:2:11102:5282:15865#0/2	97.794	136	3	0	46	181	136	1	3.12e-59	235
NC_011593.1:2598858-2601929	NB551033:109:HG7V5BGX9:1:23212:8865:7259#0/2	99.231	130	1	0	705	834	130	1	3.12e-59	235
NC_011593.1:2598858-2601929	NB551033:109:HG7V5BGX9:3:23405:24595:10852#0/1	99.231	130	1	0	2128	2257	1	130	3.12e-59	235
NC_011593.1:2598858-2601929	NB551033:109:HG7V5BGX9:2:23102:3647:1946#0/2	99.225	129	1	0	2778	2906	1	129	1.12e-58	233
NC_011593.1:2598858-2601929	NB551033:109:HG7V5BGX9:1:12102:20300:4788#0/1	97.778	135	3	0	976	1110	1	135	1.12e-58	233
NC_011593.1:2598858-2601929	NB551033:109:HG7V5BGX9:3:11608:20645:2125#0/2	97.761	134	3	0	2031	2164	134	1	4.03e-58	231
NC_011593.1:2598858-2601929	NB551033:109:HG7V5BGX9:1:13112:17809:2054#0/2	97.761	134	3	0	665	798	134	1	4.03e-58	231
NC_011593.1:2598858-2601929	NB551033:109:HG7V5BGX9:3:11608:20645:2125#0/1	97.761	134	3	0	2031	2164	1	134	4.03e-58	231
NC_011593.1:2598858-2601929	NB551033:109:HG7V5BGX9:2:21107:12259:2066#0/1	97.080	137	4	0	1435	1571	1	137	4.03e-58	231
NC_011593.1:2598858-2601929	NB551033:109:HG7V5BGX9:2:22310:10666:14590#0/2	100.000	124	0	0	1653	1776	1	124	1.45e-57	230
NC_011593.1:2598858-2601929	NB551033:109:HG7V5BGX9:2:13303:4957:18440#0/2	100.000	124	0	0	946	1069	1	124	1.45e-57	230
NC_011593.1:2598858-2601929	NB551033:109:HG7V5BGX9:2:22310:10666:14590#0/1	100.000	124	0	0	1653	1776	124	1	1.45e-57	230
NC_011593.1:2598858-2601929	NB551033:109:HG7V5BGX9:2:22206:6916:9999#0/2	100.000	123	0	0	227	349	123	1	5.21e-57	228
NC_011593.1:2598858-2601929	NB551033:109:HG7V5BGX9:2:12109:10193:20328#0/2	96.377	138	5	0	493	630	1	138	5.21e-57	228
NC_011593.1:2598858-2601929	NB551033:109:HG7V5BGX9:3:11411:15118:18274#0/1	97.727	132	3	0	649	780	1	132	5.21e-57	228
NC_011593.1:2598858-2601929	NB551033:109:HG7V5BGX9:2:22206:6916:9999#0/1	100.000	123	0	0	227	349	1	123	5.21e-57	228
NC_011593.1:2598858-2601929	NB551033:109:HG7V5BGX9:2:12109:10193:20328#0/1	96.377	138	5	0	493	630	138	1	5.21e-57	228
NC_011593.1:2598858-2601929	NB551033:109:HG7V5BGX9:1:13310:5805:7517#0/1	98.450	129	2	0	2198	2326	129	1	5.21e-57	228
NC_011593.1:2598858-2601929	NB551033:109:HG7V5BGX9:3:22405:10873:4323#0/2	97.710	131	3	0	1332	1462	131	1	1.87e-56	226
NC_011593.1:2598858-2601929	NB551033:109:HG7V5BGX9:2:11311:11136:8326#0/2	99.200	125	1	0	1	125	25	149	1.87e-56	226
NC_011593.1:2598858-2601929	NB551033:109:HG7V5BGX9:1:13109:5361:15549#0/2	99.200	125	1	0	1656	1780	125	1	1.87e-56	226
NC_011593.1:2598858-2601929	NB551033:109:HG7V5BGX9:1:12308:23478:15287#0/2	97.710	131	3	0	1933	2063	131	1	1.87e-56	226
NC_011593.1:2598858-2601929	NB551033:109:HG7V5BGX9:1:12308:23478:15287#0/1	97.710	131	3	0	1933	2063	1	131	1.87e-56	226
NC_011593.1:2598858-2601929	NB551033:109:HG7V5BGX9:2:11102:7098:17135#0/2	99.194	124	1	0	2096	2219	124	1	6.74e-56	224
NC_011593.1:2598858-2601929	NB551033:109:HG7V5BGX9:4:13601:24507:3952#0/1	98.425	127	2	0	1266	1392	1	127	6.74e-56	224
NC_011593.1:2598858-2601929	NB551033:109:HG7V5BGX9:3:23401:10724:17911#0/1	98.425	127	2	0	2040	2166	127	1	6.74e-56	224
NC_011593.1:2598858-2601929	NB551033:109:HG7V5BGX9:2:12212:24167:3697#0/2	99.187	123	1	0	1152	1274	1	123	2.43e-55	222
NC_011593.1:2598858-2601929	NB551033:109:HG7V5BGX9:2:12204:20383:6087#0/2	99.187	123	1	0	407	529	123	1	2.43e-55	222
NC_011593.1:2598858-2601929	NB551033:109:HG7V5BGX9:2:23212:11260:1867#0/1	99.187	123	1	0	2424	2546	1	123	2.43e-55	222
NC_011593.1:2598858-2601929	NB551033:109:HG7V5BGX9:2:12212:24167:3697#0/1	99.187	123	1	0	1152	1274	123	1	2.43e-55	222
NC_011593.1:2598858-2601929	NB551033:109:HG7V5BGX9:2:12204:20383:6087#0/1	99.187	123	1	0	407	529	1	123	2.43e-55	222
NC_011593.1:2598858-2601929	NB551033:109:HG7V5BGX9:4:21508:22007:10003#0/2	98.400	125	2	0	1381	1505	125	1	8.72e-55	220
NC_011593.1:2598858-2601929	NB551033:109:HG7V5BGX9:4:12404:6610:14648#0/2	98.400	125	2	0	252	376	1	125	8.72e-55	220
NC_011593.1:2598858-2601929	NB551033:109:HG7V5BGX9:1:22108:5269:15466#0/2	97.656	128	3	0	2945	3072	151	24	8.72e-55	220
NC_011593.1:2598858-2601929	NB551033:109:HG7V5BGX9:3:12608:4953:7089#0/2	99.174	121	1	0	744	864	1	121	3.14e-54	219
NC_011593.1:2598858-2601929	NB551033:109:HG7V5BGX9:4:21508:22007:10003#0/1	98.387	124	2	0	1381	1504	1	124	3.14e-54	219
NC_011593.1:2598858-2601929	NB551033:109:HG7V5BGX9:2:23208:19915:2113#0/2	96.899	129	4	0	1146	1274	1	129	1.13e-53	217
NC_011593.1:2598858-2601929	NB551033:109:HG7V5BGX9:1:23104:15237:5763#0/2	99.167	120	1	0	115	234	1	120	1.13e-53	217
NC_011593.1:2598858-2601929	NB551033:109:HG7V5BGX9:3:13603:26182:4048#0/1	99.167	120	1	0	996	1115	120	1	1.13e-53	217
NC_011593.1:2598858-2601929	NB551033:109:HG7V5BGX9:1:23112:22730:8496#0/2	98.361	122	2	0	1324	1445	122	1	4.06e-53	215
NC_011593.1:2598858-2601929	NB551033:109:HG7V5BGX9:1:13106:3016:19654#0/2	97.600	125	3	0	1321	1445	1	125	4.06e-53	215
NC_011593.1:2598858-2601929	NB551033:109:HG7V5BGX9:1:13106:3016:19654#0/1	97.600	125	3	0	1321	1445	125	1	4.06e-53	215
NC_011593.1:2598858-2601929	NB551033:109:HG7V5BGX9:4:12409:12959:16826#0/1	96.154	130	5	0	2112	2241	1	130	1.46e-52	213
NC_011593.1:2598858-2601929	NB551033:109:HG7V5BGX9:3:13501:4971:8029#0/1	99.153	118	1	0	310	427	1	118	1.46e-52	213
NC_011593.1:2598858-2601929	NB551033:109:HG7V5BGX9:3:12508:23842:17965#0/1	97.581	124	3	0	634	757	124	1	1.46e-52	213
NC_011593.1:2598858-2601929	NB551033:109:HG7V5BGX9:2:23306:8769:7279#0/2	96.124	129	5	0	2709	2837	1	129	5.25e-52	211
NC_011593.1:2598858-2601929	NB551033:109:HG7V5BGX9:2:12206:7110:2469#0/2	98.333	120	2	0	181	300	120	1	5.25e-52	211
NC_011593.1:2598858-2601929	NB551033:109:HG7V5BGX9:2:21212:26686:15425#0/1	98.333	120	2	0	600	719	1	120	5.25e-52	211
NC_011593.1:2598858-2601929	NB551033:109:HG7V5BGX9:4:11603:6347:5520#0/1	100.000	113	0	0	1648	1760	113	1	1.89e-51	209
NC_011593.1:2598858-2601929	NB551033:109:HG7V5BGX9:4:22402:18512:2108#0/2	99.130	115	1	0	1034	1148	115	1	6.79e-51	207
NC_011593.1:2598858-2601929	NB551033:109:HG7V5BGX9:2:11303:23440:16985#0/2	98.305	118	2	0	646	763	1	118	6.79e-51	207
NC_011593.1:2598858-2601929	NB551033:109:HG7V5BGX9:4:22402:18512:2108#0/1	99.130	115	1	0	1034	1148	1	115	6.79e-51	207
NC_011593.1:2598858-2601929	NB551033:109:HG7V5BGX9:4:12405:12088:19813#0/1	100.000	111	0	0	2004	2114	1	111	2.44e-50	206
NC_011593.1:2598858-2601929	NB551033:109:HG7V5BGX9:3:21507:3044:19876#0/1	100.000	111	0	0	1190	1300	111	1	2.44e-50	206
NC_011593.1:2598858-2601929	NB551033:109:HG7V5BGX9:3:21501:3591:8897#0/1	97.500	120	3	0	2669	2788	120	1	2.44e-50	206
NC_011593.1:2598858-2601929	NB551033:109:HG7V5BGX9:3:12602:19388:14967#0/1	96.032	126	5	0	2083	2208	1	126	2.44e-50	206
NC_011593.1:2598858-2601929	NB551033:109:HG7V5BGX9:1:22201:21032:18781#0/1	100.000	111	0	0	974	1084	1	111	2.44e-50	206
NC_011593.1:2598858-2601929	NB551033:109:HG7V5BGX9:1:13303:13439:10710#0/1	98.291	117	2	0	2039	2155	1	117	2.44e-50	206
NC_011593.1:2598858-2601929	NB551033:109:HG7V5BGX9:1:12312:21402:4553#0/1	98.291	117	2	0	1179	1295	117	1	2.44e-50	206
NC_011593.1:2598858-2601929	NB551033:109:HG7V5BGX9:1:13303:13439:10710#0/2	98.276	116	2	0	2040	2155	116	1	8.79e-50	204
NC_011593.1:2598858-2601929	NB551033:109:HG7V5BGX9:4:21609:14799:10847#0/2	98.246	114	2	0	2581	2694	114	1	1.14e-48	200
NC_011593.1:2598858-2601929	NB551033:109:HG7V5BGX9:4:21509:7307:20167#0/2	100.000	108	0	0	1	108	10	117	1.14e-48	200
NC_011593.1:2598858-2601929	NB551033:109:HG7V5BGX9:2:22206:15484:7411#0/2	97.436	117	3	0	1914	2030	117	1	1.14e-48	200
NC_011593.1:2598858-2601929	NB551033:109:HG7V5BGX9:1:21207:25123:14974#0/2	99.099	111	1	0	2231	2341	111	1	1.14e-48	200
NC_011593.1:2598858-2601929	NB551033:109:HG7V5BGX9:4:21609:14799:10847#0/1	98.246	114	2	0	2581	2694	3	116	1.14e-48	200
NC_011593.1:2598858-2601929	NB551033:109:HG7V5BGX9:4:21509:7307:20167#0/1	100.000	108	0	0	1	108	108	1	1.14e-48	200
NC_011593.1:2598858-2601929	NB551033:109:HG7V5BGX9:2:12303:17699:11747#0/2	100.000	106	0	0	1580	1685	1	106	1.47e-47	196
NC_011593.1:2598858-2601929	NB551033:109:HG7V5BGX9:1:13202:24953:8221#0/2	100.000	106	0	0	197	302	1	106	1.47e-47	196
NC_011593.1:2598858-2601929	NB551033:109:HG7V5BGX9:2:22206:15484:7411#0/1	96.610	118	4	0	1913	2030	1	118	1.47e-47	196
NC_011593.1:2598858-2601929	NB551033:109:HG7V5BGX9:2:12303:17699:11747#0/1	100.000	106	0	0	1580	1685	106	1	1.47e-47	196
NC_011593.1:2598858-2601929	NB551033:109:HG7V5BGX9:2:12301:13403:19714#0/1	99.083	109	1	0	1146	1254	1	109	1.47e-47	196
NC_011593.1:2598858-2601929	NB551033:109:HG7V5BGX9:3:13604:16340:13464#0/2	97.368	114	3	0	1437	1550	1	114	5.29e-47	195
NC_011593.1:2598858-2601929	NB551033:109:HG7V5BGX9:1:22208:13202:5898#0/2	99.074	108	1	0	149	256	1	108	5.29e-47	195
NC_011593.1:2598858-2601929	NB551033:109:HG7V5BGX9:3:13604:16340:13464#0/1	97.368	114	3	0	1437	1550	114	1	5.29e-47	195
NC_011593.1:2598858-2601929	NB551033:109:HG7V5BGX9:4:13402:23522:5954#0/2	97.345	113	3	0	2531	2643	1	113	1.90e-46	193
NC_011593.1:2598858-2601929	NB551033:109:HG7V5BGX9:2:11204:23215:14136#0/2	99.065	107	1	0	1065	1171	107	1	1.90e-46	193
NC_011593.1:2598858-2601929	NB551033:109:HG7V5BGX9:2:22303:14298:19431#0/2	100.000	103	0	0	366	468	1	103	6.84e-46	191
NC_011593.1:2598858-2601929	NB551033:109:HG7V5BGX9:2:21212:26686:15425#0/2	99.057	106	1	0	748	853	106	1	6.84e-46	191
NC_011593.1:2598858-2601929	NB551033:109:HG7V5BGX9:1:12102:8213:11003#0/2	98.165	109	2	0	2851	2959	3	111	6.84e-46	191
NC_011593.1:2598858-2601929	NB551033:109:HG7V5BGX9:4:13402:23522:5954#0/1	97.321	112	3	0	2532	2643	112	1	6.84e-46	191
NC_011593.1:2598858-2601929	NB551033:109:HG7V5BGX9:2:22303:14298:19431#0/1	100.000	103	0	0	366	468	103	1	6.84e-46	191
NC_011593.1:2598858-2601929	NB551033:109:HG7V5BGX9:4:21503:22585:1871#0/2	96.491	114	4	0	1255	1368	1	114	2.46e-45	189
NC_011593.1:2598858-2601929	NB551033:109:HG7V5BGX9:3:22605:5344:14999#0/2	99.048	105	1	0	688	792	105	1	2.46e-45	189
NC_011593.1:2598858-2601929	NB551033:109:HG7V5BGX9:1:21207:10358:9721#0/2	99.048	105	1	0	2442	2546	1	105	2.46e-45	189
NC_011593.1:2598858-2601929	NB551033:109:HG7V5BGX9:3:12611:23901:9527#0/2	97.273	110	3	0	1492	1601	1	110	8.85e-45	187
NC_011593.1:2598858-2601929	NB551033:109:HG7V5BGX9:3:21408:13572:9737#0/1	98.131	107	2	0	553	659	107	1	8.85e-45	187
NC_011593.1:2598858-2601929	NB551033:109:HG7V5BGX9:3:12611:23901:9527#0/1	97.273	110	3	0	1492	1601	110	1	8.85e-45	187
NC_011593.1:2598858-2601929	NB551033:109:HG7V5BGX9:4:12501:2819:1996#0/2	99.029	103	1	0	2870	2972	103	1	3.18e-44	185
NC_011593.1:2598858-2601929	NB551033:109:HG7V5BGX9:3:21408:13572:9737#0/2	98.113	106	2	0	553	658	6	111	3.18e-44	185
NC_011593.1:2598858-2601929	NB551033:109:HG7V5BGX9:2:23205:23830:8048#0/2	98.113	106	2	0	1920	2025	1	106	3.18e-44	185
NC_011593.1:2598858-2601929	NB551033:109:HG7V5BGX9:1:13208:21860:7664#0/2	96.429	112	4	0	1332	1443	112	1	3.18e-44	185
NC_011593.1:2598858-2601929	NB551033:109:HG7V5BGX9:4:22409:11721:9245#0/1	99.029	103	1	0	1096	1198	103	1	3.18e-44	185
NC_011593.1:2598858-2601929	NB551033:109:HG7V5BGX9:4:21609:7345:1203#0/1	100.000	100	0	0	419	518	1	100	3.18e-44	185
NC_011593.1:2598858-2601929	NB551033:109:HG7V5BGX9:3:22601:18194:13288#0/2	100.000	99	0	0	1	99	99	1	1.14e-43	183
NC_011593.1:2598858-2601929	NB551033:109:HG7V5BGX9:3:22506:10563:9624#0/2	99.020	102	1	0	2778	2879	1	102	1.14e-43	183
NC_011593.1:2598858-2601929	NB551033:109:HG7V5BGX9:3:12612:21347:18226#0/2	97.222	108	3	0	1336	1443	108	1	1.14e-43	183
NC_011593.1:2598858-2601929	NB551033:109:HG7V5BGX9:1:22304:12702:15243#0/2	100.000	99	0	0	1	99	99	1	1.14e-43	183
NC_011593.1:2598858-2601929	NB551033:109:HG7V5BGX9:4:12501:2819:1996#0/1	99.020	102	1	0	2870	2971	1	102	1.14e-43	183
NC_011593.1:2598858-2601929	NB551033:109:HG7V5BGX9:3:22506:10563:9624#0/1	99.020	102	1	0	2778	2879	102	1	1.14e-43	183
NC_011593.1:2598858-2601929	NB551033:109:HG7V5BGX9:2:23209:9294:6153#0/1	100.000	98	0	0	1677	1774	1	98	4.12e-43	182
NC_011593.1:2598858-2601929	NB551033:109:HG7V5BGX9:4:22605:15459:6090#0/2	100.000	97	0	0	2004	2100	97	1	1.48e-42	180
NC_011593.1:2598858-2601929	NB551033:109:HG7V5BGX9:4:22411:21710:2742#0/2	97.170	106	3	0	2501	2606	106	1	1.48e-42	180
NC_011593.1:2598858-2601929	NB551033:109:HG7V5BGX9:4:22605:15459:6090#0/1	100.000	97	0	0	2004	2100	1	97	1.48e-42	180
NC_011593.1:2598858-2601929	NB551033:109:HG7V5BGX9:3:22405:10873:4323#0/1	100.000	97	0	0	1177	1273	1	97	1.48e-42	180
NC_011593.1:2598858-2601929	NB551033:109:HG7V5BGX9:1:13311:9344:13980#0/1	98.990	99	1	0	1050	1148	99	1	5.32e-42	178
NC_011593.1:2598858-2601929	NB551033:109:HG7V5BGX9:4:22509:12431:18865#0/2	98.020	101	2	0	437	537	101	1	1.92e-41	176
NC_011593.1:2598858-2601929	NB551033:109:HG7V5BGX9:3:23506:11483:10632#0/2	97.115	104	3	0	1146	1249	1	104	1.92e-41	176
NC_011593.1:2598858-2601929	NB551033:109:HG7V5BGX9:1:21112:21679:9486#0/2	100.000	95	0	0	192	286	1	95	1.92e-41	176
NC_011593.1:2598858-2601929	NB551033:109:HG7V5BGX9:4:22509:12431:18865#0/1	98.020	101	2	0	437	537	1	101	1.92e-41	176
NC_011593.1:2598858-2601929	NB551033:109:HG7V5BGX9:4:21503:22585:1871#0/1	97.115	104	3	0	1523	1626	104	1	1.92e-41	176
NC_011593.1:2598858-2601929	NB551033:109:HG7V5BGX9:2:13106:2760:1627#0/2	98.969	97	1	0	1703	1799	1	97	6.89e-41	174
NC_011593.1:2598858-2601929	NB551033:109:HG7V5BGX9:1:13104:14917:9157#0/2	98.969	97	1	0	18	114	1	97	6.89e-41	174
NC_011593.1:2598858-2601929	NB551033:109:HG7V5BGX9:1:11211:20008:13578#0/2	98.969	97	1	0	349	445	97	1	6.89e-41	174
NC_011593.1:2598858-2601929	NB551033:109:HG7V5BGX9:4:22411:21710:2742#0/1	96.226	106	4	0	2501	2606	1	106	6.89e-41	174
NC_011593.1:2598858-2601929	NB551033:109:HG7V5BGX9:1:23302:10063:6045#0/1	98.969	97	1	0	2123	2219	97	1	6.89e-41	174
NC_011593.1:2598858-2601929	NB551033:109:HG7V5BGX9:1:11211:20008:13578#0/1	98.969	97	1	0	349	445	1	97	6.89e-41	174
NC_011593.1:2598858-2601929	NB551033:109:HG7V5BGX9:2:11303:23440:16985#0/1	97.980	99	2	0	665	763	99	1	2.48e-40	172
NC_011593.1:2598858-2601929	NB551033:109:HG7V5BGX9:2:12112:21364:11373#0/2	97.959	98	2	0	453	550	101	4	8.91e-40	171
NC_011593.1:2598858-2601929	NB551033:109:HG7V5BGX9:1:22108:15386:13983#0/2	97.030	101	3	0	1318	1418	101	1	8.91e-40	171
NC_011593.1:2598858-2601929	NB551033:109:HG7V5BGX9:1:11211:9859:9803#0/2	97.959	98	2	0	2058	2155	1	98	8.91e-40	171
NC_011593.1:2598858-2601929	NB551033:109:HG7V5BGX9:4:21404:17008:18145#0/1	100.000	92	0	0	1024	1115	92	1	8.91e-40	171
NC_011593.1:2598858-2601929	NB551033:109:HG7V5BGX9:1:23212:8865:7259#0/1	97.959	98	2	0	705	802	1	98	8.91e-40	171
# BLASTN 2.9.0+
# Query: NC_011593.1:c2604454-2602106 Bifidobacterium longum subsp. infantis ATCC 15697, complete genome
# Database: db/blast_C0107-4E-1A_S49.faa
# 0 hits found
# BLASTN 2.9.0+
# Query: NC_011593.1:c2605922-2604486 Bifidobacterium longum subsp. infantis ATCC 15697, complete genome
# Database: db/blast_C0107-4E-1A_S49.faa
# 0 hits found
# BLASTN 2.9.0+
# Query: NC_011593.1:c2606381-2605944 Bifidobacterium longum subsp. infantis ATCC 15697, complete genome
# Database: db/blast_C0107-4E-1A_S49.faa
# 0 hits found
# BLASTN 2.9.0+
# Query: NC_011593.1:c2607314-2606418 Bifidobacterium longum subsp. infantis ATCC 15697, complete genome
# Database: db/blast_C0107-4E-1A_S49.faa
# 0 hits found
# BLASTN 2.9.0+
# Query: NC_011593.1:c2608249-2607458 Bifidobacterium longum subsp. infantis ATCC 15697, complete genome
# Database: db/blast_C0107-4E-1A_S49.faa
# 0 hits found
# BLASTN 2.9.0+
# Query: NC_011593.1:c2609546-2608269 Bifidobacterium longum subsp. infantis ATCC 15697, complete genome
# Database: db/blast_C0107-4E-1A_S49.faa
# 0 hits found
# BLASTN 2.9.0+
# Query: NC_011593.1:c2610356-2609697 Bifidobacterium longum subsp. infantis ATCC 15697, complete genome
# Database: db/blast_C0107-4E-1A_S49.faa
# 0 hits found
# BLASTN 2.9.0+
# Query: NC_011593.1:c2611458-2610496 Bifidobacterium longum subsp. infantis ATCC 15697, complete genome
# Database: db/blast_C0107-4E-1A_S49.faa
# 0 hits found
# BLASTN 2.9.0+
# Query: NC_011593.1:c2612430-2611477 Bifidobacterium longum subsp. infantis ATCC 15697, complete genome
# Database: db/blast_C0107-4E-1A_S49.faa
# 0 hits found
# BLASTN 2.9.0+
# Query: NC_011593.1:c2614109-2612517 Bifidobacterium longum subsp. infantis ATCC 15697, complete genome
# Database: db/blast_C0107-4E-1A_S49.faa
# 0 hits found
# BLASTN 2.9.0+
# Query: NC_011593.1:c2615274-2614312 Bifidobacterium longum subsp. infantis ATCC 15697, complete genome
# Database: db/blast_C0107-4E-1A_S49.faa
# 0 hits found
# BLASTN 2.9.0+
# Query: NC_011593.1:c2616246-2615293 Bifidobacterium longum subsp. infantis ATCC 15697, complete genome
# Database: db/blast_C0107-4E-1A_S49.faa
# 0 hits found
# BLASTN 2.9.0+
# Query: NC_011593.1:c2617928-2616333 Bifidobacterium longum subsp. infantis ATCC 15697, complete genome
# Database: db/blast_C0107-4E-1A_S49.faa
# Fields: query acc.ver, subject acc.ver, % identity, alignment length, mismatches, gap opens, q. start, q. end, s. start, s. end, evalue, bit score
# 4 hits found
NC_011593.1:c2617928-2616333	NB551033:109:HG7V5BGX9:2:12303:11302:2772#0/2	95.122	41	2	0	493	533	48	8	2.26e-08	65.8
NC_011593.1:c2617928-2616333	NB551033:109:HG7V5BGX9:2:11207:14853:6898#0/2	97.368	38	1	0	493	530	40	3	2.26e-08	65.8
NC_011593.1:c2617928-2616333	NB551033:109:HG7V5BGX9:2:12303:11302:2772#0/1	100.000	35	0	0	493	527	114	148	2.26e-08	65.8
NC_011593.1:c2617928-2616333	NB551033:109:HG7V5BGX9:2:11207:14853:6898#0/1	100.000	35	0	0	493	527	21	55	2.26e-08	65.8
# BLASTN 2.9.0+
# Query: NC_011593.1:c2619247-2618063 Bifidobacterium longum subsp. infantis ATCC 15697, complete genome
# Database: db/blast_C0107-4E-1A_S49.faa
# 0 hits found
# BLASTN 2.9.0+
# Query: NC_011593.1:c2620369-2619413 Bifidobacterium longum subsp. infantis ATCC 15697, complete genome
# Database: db/blast_C0107-4E-1A_S49.faa
# 0 hits found
# BLASTN 2.9.0+
# Query: NC_011593.1:c2622143-2620551 Bifidobacterium longum subsp. infantis ATCC 15697, complete genome
# Database: db/blast_C0107-4E-1A_S49.faa
# 0 hits found
# BLASTN 2.9.0+
# Query: NC_011593.1:c2624124-2622520 Bifidobacterium longum subsp. infantis ATCC 15697, complete genome
# Database: db/blast_C0107-4E-1A_S49.faa
# 0 hits found
# BLASTN 2.9.0+
# Query: NC_011593.1:c2626110-2624512 Bifidobacterium longum subsp. infantis ATCC 15697, complete genome
# Database: db/blast_C0107-4E-1A_S49.faa
# 0 hits found
# BLASTN 2.9.0+
# Query: NC_011593.1:c2626386-2626264 Bifidobacterium longum subsp. infantis ATCC 15697, complete genome
# Database: db/blast_C0107-4E-1A_S49.faa
# 0 hits found
# BLASTN 2.9.0+
# Query: NC_011593.1:c2628158-2626563 Bifidobacterium longum subsp. infantis ATCC 15697, complete genome
# Database: db/blast_C0107-4E-1A_S49.faa
# 0 hits found
# BLASTN 2.9.0+
# Query: NC_011593.1:c2630269-2628314 Bifidobacterium longum subsp. infantis ATCC 15697, complete genome
# Database: db/blast_C0107-4E-1A_S49.faa
# 0 hits found
# BLASTN 2.9.0+
# Query: NC_011593.1:c2631106-2630366 Bifidobacterium longum subsp. infantis ATCC 15697, complete genome
# Database: db/blast_C0107-4E-1A_S49.faa
# 0 hits found
# BLASTN 2.9.0+
# Query: NC_011593.1:c2632432-2631140 Bifidobacterium longum subsp. infantis ATCC 15697, complete genome
# Database: db/blast_C0107-4E-1A_S49.faa
# 0 hits found
# BLASTN 2.9.0+
# Query: NC_011593.1:c2633881-2632562 Bifidobacterium longum subsp. infantis ATCC 15697, complete genome
# Database: db/blast_C0107-4E-1A_S49.faa
# 0 hits found
# BLASTN 2.9.0+
# Query: NC_011593.1:c2634683-2633865 Bifidobacterium longum subsp. infantis ATCC 15697, complete genome
# Database: db/blast_C0107-4E-1A_S49.faa
# 0 hits found
# BLASTN 2.9.0+
# Query: NC_011593.1:c2635627-2634680 Bifidobacterium longum subsp. infantis ATCC 15697, complete genome
# Database: db/blast_C0107-4E-1A_S49.faa
# 0 hits found
# BLASTN 2.9.0+
# Query: NC_011593.1:c2636747-2635629 Bifidobacterium longum subsp. infantis ATCC 15697, complete genome
# Database: db/blast_C0107-4E-1A_S49.faa
# 0 hits found
# BLAST processed 31 queries
