# BLASTN 2.9.0+
# Query: NC_011593.1:c2595355-2593832 Bifidobacterium longum subsp. infantis ATCC 15697, complete genome
# Database: db/blast_C0111-6F-1A_S14.faa
# Fields: query acc.ver, subject acc.ver, % identity, alignment length, mismatches, gap opens, q. start, q. end, s. start, s. end, evalue, bit score
# 66 hits found
NC_011593.1:c2595355-2593832	NB551033:131:HK2T7BGX9:4:12405:16399:13022#0/1	99.338	151	1	0	359	509	151	1	5.24e-71	274
NC_011593.1:c2595355-2593832	NB551033:131:HK2T7BGX9:1:23303:19126:17232#0/1	99.338	151	1	0	942	1092	1	151	5.24e-71	274
NC_011593.1:c2595355-2593832	NB551033:131:HK2T7BGX9:1:23302:18687:3271#0/1	99.333	150	1	0	986	1135	150	1	1.88e-70	272
NC_011593.1:c2595355-2593832	NB551033:131:HK2T7BGX9:1:23303:19126:17232#0/2	98.675	151	2	0	1021	1171	151	1	2.44e-69	268
NC_011593.1:c2595355-2593832	NB551033:131:HK2T7BGX9:3:22612:10250:4534#0/1	98.675	151	2	0	496	646	1	151	2.44e-69	268
NC_011593.1:c2595355-2593832	NB551033:131:HK2T7BGX9:3:12510:4287:11981#0/2	98.667	150	2	0	370	519	1	150	8.76e-69	267
NC_011593.1:c2595355-2593832	NB551033:131:HK2T7BGX9:3:22612:10250:4534#0/2	98.013	151	3	0	558	708	151	1	1.13e-67	263
NC_011593.1:c2595355-2593832	NB551033:131:HK2T7BGX9:3:22404:16137:11540#0/2	99.310	145	1	0	922	1066	145	1	1.13e-67	263
NC_011593.1:c2595355-2593832	NB551033:131:HK2T7BGX9:3:12405:6390:10104#0/2	98.013	151	3	0	1077	1227	151	1	1.13e-67	263
NC_011593.1:c2595355-2593832	NB551033:131:HK2T7BGX9:1:11312:20320:18010#0/2	98.013	151	3	0	558	708	151	1	1.13e-67	263
NC_011593.1:c2595355-2593832	NB551033:131:HK2T7BGX9:3:22404:16137:11540#0/1	99.310	145	1	0	922	1066	1	145	1.13e-67	263
NC_011593.1:c2595355-2593832	NB551033:131:HK2T7BGX9:3:13604:23318:6428#0/1	98.013	151	3	0	785	935	151	1	1.13e-67	263
NC_011593.1:c2595355-2593832	NB551033:131:HK2T7BGX9:3:12510:4287:11981#0/1	98.013	151	3	0	438	588	151	1	1.13e-67	263
NC_011593.1:c2595355-2593832	NB551033:131:HK2T7BGX9:3:22607:25890:4916#0/2	98.000	150	3	0	1082	1231	1	150	4.08e-67	261
NC_011593.1:c2595355-2593832	NB551033:131:HK2T7BGX9:3:21501:13678:17589#0/2	98.639	147	2	0	496	642	1	147	4.08e-67	261
NC_011593.1:c2595355-2593832	NB551033:131:HK2T7BGX9:4:23402:11269:12325#0/1	98.000	150	3	0	1037	1186	150	1	4.08e-67	261
NC_011593.1:c2595355-2593832	NB551033:131:HK2T7BGX9:3:21501:13678:17589#0/1	98.639	147	2	0	496	642	147	1	4.08e-67	261
NC_011593.1:c2595355-2593832	NB551033:131:HK2T7BGX9:2:12202:17304:6911#0/1	98.000	150	3	0	810	959	1	150	4.08e-67	261
NC_011593.1:c2595355-2593832	NB551033:131:HK2T7BGX9:1:12111:16524:15828#0/1	99.306	144	1	0	535	678	146	3	4.08e-67	261
NC_011593.1:c2595355-2593832	NB551033:131:HK2T7BGX9:4:22501:5673:11394#0/2	97.987	149	3	0	109	257	149	1	1.47e-66	259
NC_011593.1:c2595355-2593832	NB551033:131:HK2T7BGX9:1:11312:20320:18010#0/1	97.987	149	3	0	404	552	1	149	1.47e-66	259
NC_011593.1:c2595355-2593832	NB551033:131:HK2T7BGX9:4:12410:20766:5766#0/2	97.351	151	4	0	58	208	151	1	5.27e-66	257
NC_011593.1:c2595355-2593832	NB551033:131:HK2T7BGX9:4:11508:21752:16219#0/2	97.351	151	4	0	130	280	151	1	5.27e-66	257
NC_011593.1:c2595355-2593832	NB551033:131:HK2T7BGX9:2:12202:17304:6911#0/2	97.351	151	4	0	839	989	151	1	5.27e-66	257
NC_011593.1:c2595355-2593832	NB551033:131:HK2T7BGX9:1:13301:22838:10531#0/2	97.351	151	4	0	97	247	151	1	5.27e-66	257
NC_011593.1:c2595355-2593832	NB551033:131:HK2T7BGX9:3:13604:23318:6428#0/2	97.959	147	3	0	756	902	1	147	1.90e-65	255
NC_011593.1:c2595355-2593832	NB551033:131:HK2T7BGX9:1:12111:16524:15828#0/2	99.291	141	1	0	535	675	1	141	1.90e-65	255
NC_011593.1:c2595355-2593832	NB551033:131:HK2T7BGX9:4:12410:20766:5766#0/1	97.333	150	4	0	52	201	1	150	1.90e-65	255
NC_011593.1:c2595355-2593832	NB551033:131:HK2T7BGX9:1:23302:18687:3271#0/2	97.315	149	4	0	849	997	1	149	6.82e-65	254
NC_011593.1:c2595355-2593832	NB551033:131:HK2T7BGX9:4:23402:11269:12325#0/2	96.689	151	5	0	610	760	1	151	2.45e-64	252
NC_011593.1:c2595355-2593832	NB551033:131:HK2T7BGX9:4:13509:2160:2286#0/1	96.689	151	5	0	80	230	1	151	2.45e-64	252
NC_011593.1:c2595355-2593832	NB551033:131:HK2T7BGX9:2:23108:10739:14060#0/1	96.689	151	5	0	610	760	1	151	2.45e-64	252
NC_011593.1:c2595355-2593832	NB551033:131:HK2T7BGX9:3:13605:18153:7777#0/2	96.667	150	5	0	670	819	150	1	8.83e-64	250
NC_011593.1:c2595355-2593832	NB551033:131:HK2T7BGX9:3:22607:25890:4916#0/1	97.279	147	4	0	1095	1241	147	1	8.83e-64	250
NC_011593.1:c2595355-2593832	NB551033:131:HK2T7BGX9:3:23611:18912:4093#0/2	96.026	151	6	0	305	455	151	1	1.14e-62	246
NC_011593.1:c2595355-2593832	NB551033:131:HK2T7BGX9:1:13301:22838:10531#0/1	97.241	145	4	0	52	196	6	150	1.14e-62	246
NC_011593.1:c2595355-2593832	NB551033:131:HK2T7BGX9:2:23108:10739:14060#0/2	96.000	150	6	0	627	776	150	1	4.11e-62	244
NC_011593.1:c2595355-2593832	NB551033:131:HK2T7BGX9:3:13605:18153:7777#0/1	96.000	150	6	0	630	779	1	150	4.11e-62	244
NC_011593.1:c2595355-2593832	NB551033:131:HK2T7BGX9:4:13509:2160:2286#0/2	95.364	151	7	0	230	380	151	1	5.31e-61	241
NC_011593.1:c2595355-2593832	NB551033:131:HK2T7BGX9:3:12608:7684:6959#0/1	97.101	138	4	0	1309	1446	1	138	8.89e-59	233
NC_011593.1:c2595355-2593832	NB551033:131:HK2T7BGX9:3:12405:6390:10104#0/1	97.727	132	3	0	849	980	1	132	4.14e-57	228
NC_011593.1:c2595355-2593832	NB551033:131:HK2T7BGX9:2:12209:11378:3585#0/2	98.438	128	2	0	429	556	1	128	1.49e-56	226
NC_011593.1:c2595355-2593832	NB551033:131:HK2T7BGX9:2:12209:11378:3585#0/1	98.438	128	2	0	429	556	128	1	1.49e-56	226
NC_011593.1:c2595355-2593832	NB551033:131:HK2T7BGX9:4:22404:1854:10667#0/2	98.400	125	2	0	500	624	125	1	6.92e-55	220
NC_011593.1:c2595355-2593832	NB551033:131:HK2T7BGX9:4:22404:1854:10667#0/1	98.400	125	2	0	500	624	1	125	6.92e-55	220
NC_011593.1:c2595355-2593832	NB551033:131:HK2T7BGX9:2:13107:23146:13102#0/2	96.800	125	4	0	200	324	1	125	1.50e-51	209
NC_011593.1:c2595355-2593832	NB551033:131:HK2T7BGX9:2:13107:23146:13102#0/1	96.800	125	4	0	200	324	125	1	1.50e-51	209
NC_011593.1:c2595355-2593832	NB551033:131:HK2T7BGX9:4:23501:5684:4440#0/2	100.000	106	0	0	996	1101	106	1	1.17e-47	196
NC_011593.1:c2595355-2593832	NB551033:131:HK2T7BGX9:4:23501:5684:4440#0/1	100.000	106	0	0	996	1101	1	106	1.17e-47	196
NC_011593.1:c2595355-2593832	NB551033:131:HK2T7BGX9:4:21606:9386:12210#0/2	97.345	113	3	0	1358	1470	1	113	1.51e-46	193
NC_011593.1:c2595355-2593832	NB551033:131:HK2T7BGX9:4:21606:9386:12210#0/1	97.345	113	3	0	1358	1470	136	24	1.51e-46	193
NC_011593.1:c2595355-2593832	NB551033:131:HK2T7BGX9:1:21301:22182:2945#0/2	98.148	108	2	0	486	593	1	108	1.95e-45	189
NC_011593.1:c2595355-2593832	NB551033:131:HK2T7BGX9:1:21301:22182:2945#0/1	98.131	107	2	0	487	593	107	1	7.02e-45	187
NC_011593.1:c2595355-2593832	NB551033:131:HK2T7BGX9:4:13401:7539:4464#0/2	97.248	109	3	0	585	693	1	109	2.52e-44	185
NC_011593.1:c2595355-2593832	NB551033:131:HK2T7BGX9:4:13401:7539:4464#0/1	97.248	109	3	0	585	693	109	1	2.52e-44	185
NC_011593.1:c2595355-2593832	NB551033:131:HK2T7BGX9:4:13506:18194:18217#0/2	95.536	112	5	0	269	380	112	1	1.17e-42	180
NC_011593.1:c2595355-2593832	NB551033:131:HK2T7BGX9:1:11210:17047:3219#0/2	97.170	106	3	0	1238	1343	1	106	1.17e-42	180
NC_011593.1:c2595355-2593832	NB551033:131:HK2T7BGX9:4:13506:18194:18217#0/1	95.455	110	5	0	269	378	1	110	1.52e-41	176
NC_011593.1:c2595355-2593832	NB551033:131:HK2T7BGX9:3:22611:23601:13648#0/2	96.842	95	3	0	854	948	95	1	1.53e-36	159
NC_011593.1:c2595355-2593832	NB551033:131:HK2T7BGX9:3:22611:23601:13648#0/1	96.842	95	3	0	854	948	1	95	1.53e-36	159
NC_011593.1:c2595355-2593832	NB551033:131:HK2T7BGX9:4:22505:10814:10352#0/2	98.837	86	1	0	1186	1271	86	1	7.12e-35	154
NC_011593.1:c2595355-2593832	NB551033:131:HK2T7BGX9:1:22302:17736:19269#0/2	100.000	83	0	0	768	850	1	83	7.12e-35	154
NC_011593.1:c2595355-2593832	NB551033:131:HK2T7BGX9:4:22505:10814:10352#0/1	98.837	86	1	0	1186	1271	1	86	7.12e-35	154
NC_011593.1:c2595355-2593832	NB551033:131:HK2T7BGX9:1:22302:17736:19269#0/1	98.795	83	1	0	768	850	83	1	3.31e-33	148
NC_011593.1:c2595355-2593832	NB551033:131:HK2T7BGX9:3:23502:25577:10583#0/2	95.000	80	4	0	389	468	80	1	1.55e-26	126
NC_011593.1:c2595355-2593832	NB551033:131:HK2T7BGX9:3:23502:25577:10583#0/1	95.000	80	4	0	389	468	1	80	1.55e-26	126
# BLASTN 2.9.0+
# Query: NC_011593.1:c2597106-2595574 Bifidobacterium longum subsp. infantis ATCC 15697, complete genome
# Database: db/blast_C0111-6F-1A_S14.faa
# Fields: query acc.ver, subject acc.ver, % identity, alignment length, mismatches, gap opens, q. start, q. end, s. start, s. end, evalue, bit score
# 8 hits found
NC_011593.1:c2597106-2595574	NB551033:131:HK2T7BGX9:4:11508:21752:16219#0/1	95.763	118	5	0	1	118	34	151	5.46e-46	191
NC_011593.1:c2597106-2595574	NB551033:131:HK2T7BGX9:2:13107:23146:13102#0/2	95.495	111	5	0	214	324	15	125	4.25e-42	178
NC_011593.1:c2597106-2595574	NB551033:131:HK2T7BGX9:2:13107:23146:13102#0/1	95.495	111	5	0	214	324	111	1	4.25e-42	178
NC_011593.1:c2597106-2595574	NB551033:131:HK2T7BGX9:4:12407:7908:9088#0/2	95.098	102	5	0	1	102	102	1	4.28e-37	161
NC_011593.1:c2597106-2595574	NB551033:131:HK2T7BGX9:3:23611:18912:4093#0/1	98.734	79	1	0	1	79	73	151	5.58e-31	141
NC_011593.1:c2597106-2595574	NB551033:131:HK2T7BGX9:3:21505:5050:3335#0/2	100.000	55	0	0	1	55	55	1	2.63e-19	102
NC_011593.1:c2597106-2595574	NB551033:131:HK2T7BGX9:4:12407:7908:9088#0/1	100.000	55	0	0	1	55	96	150	2.63e-19	102
NC_011593.1:c2597106-2595574	NB551033:131:HK2T7BGX9:3:21505:5050:3335#0/1	100.000	55	0	0	1	55	61	115	2.63e-19	102
# BLASTN 2.9.0+
# Query: NC_011593.1:c2598562-2597207 Bifidobacterium longum subsp. infantis ATCC 15697, complete genome
# Database: db/blast_C0111-6F-1A_S14.faa
# Fields: query acc.ver, subject acc.ver, % identity, alignment length, mismatches, gap opens, q. start, q. end, s. start, s. end, evalue, bit score
# 104 hits found
NC_011593.1:c2598562-2597207	NB551033:131:HK2T7BGX9:4:23404:25602:13906#0/2	100.000	151	0	0	1188	1338	1	151	9.99e-73	279
NC_011593.1:c2598562-2597207	NB551033:131:HK2T7BGX9:4:22504:23967:14887#0/2	100.000	151	0	0	757	907	151	1	9.99e-73	279
NC_011593.1:c2598562-2597207	NB551033:131:HK2T7BGX9:4:11402:2910:9232#0/2	100.000	151	0	0	1111	1261	1	151	9.99e-73	279
NC_011593.1:c2598562-2597207	NB551033:131:HK2T7BGX9:3:21607:8727:19477#0/2	100.000	151	0	0	752	902	1	151	9.99e-73	279
NC_011593.1:c2598562-2597207	NB551033:131:HK2T7BGX9:3:12508:13153:19577#0/2	100.000	151	0	0	626	776	1	151	9.99e-73	279
NC_011593.1:c2598562-2597207	NB551033:131:HK2T7BGX9:2:23102:5627:4260#0/2	100.000	151	0	0	754	904	1	151	9.99e-73	279
NC_011593.1:c2598562-2597207	NB551033:131:HK2T7BGX9:1:23309:3731:2276#0/2	100.000	151	0	0	825	975	1	151	9.99e-73	279
NC_011593.1:c2598562-2597207	NB551033:131:HK2T7BGX9:1:13311:18920:5239#0/2	100.000	151	0	0	404	554	1	151	9.99e-73	279
NC_011593.1:c2598562-2597207	NB551033:131:HK2T7BGX9:4:23503:19774:1707#0/1	100.000	151	0	0	452	602	1	151	9.99e-73	279
NC_011593.1:c2598562-2597207	NB551033:131:HK2T7BGX9:4:12411:2995:9927#0/1	100.000	151	0	0	784	934	1	151	9.99e-73	279
NC_011593.1:c2598562-2597207	NB551033:131:HK2T7BGX9:3:12408:10042:5628#0/1	100.000	151	0	0	600	750	1	151	9.99e-73	279
NC_011593.1:c2598562-2597207	NB551033:131:HK2T7BGX9:1:13107:22064:1596#0/1	100.000	151	0	0	764	914	1	151	9.99e-73	279
NC_011593.1:c2598562-2597207	NB551033:131:HK2T7BGX9:4:23503:19774:1707#0/2	100.000	150	0	0	548	697	150	1	3.59e-72	278
NC_011593.1:c2598562-2597207	NB551033:131:HK2T7BGX9:4:22609:12686:7677#0/2	100.000	150	0	0	1180	1329	150	1	3.59e-72	278
NC_011593.1:c2598562-2597207	NB551033:131:HK2T7BGX9:3:12408:10042:5628#0/2	100.000	150	0	0	654	803	150	1	3.59e-72	278
NC_011593.1:c2598562-2597207	NB551033:131:HK2T7BGX9:2:11101:18881:4439#0/2	100.000	150	0	0	1111	1260	150	1	3.59e-72	278
NC_011593.1:c2598562-2597207	NB551033:131:HK2T7BGX9:1:21205:11650:4719#0/2	100.000	150	0	0	381	530	1	150	3.59e-72	278
NC_011593.1:c2598562-2597207	NB551033:131:HK2T7BGX9:1:13102:7577:12395#0/2	100.000	150	0	0	750	899	1	150	3.59e-72	278
NC_011593.1:c2598562-2597207	NB551033:131:HK2T7BGX9:1:11205:10478:3210#0/2	100.000	150	0	0	332	481	150	1	3.59e-72	278
NC_011593.1:c2598562-2597207	NB551033:131:HK2T7BGX9:4:11402:2910:9232#0/1	100.000	150	0	0	1118	1267	150	1	3.59e-72	278
NC_011593.1:c2598562-2597207	NB551033:131:HK2T7BGX9:2:22104:20282:13463#0/1	100.000	150	0	0	738	887	1	150	3.59e-72	278
NC_011593.1:c2598562-2597207	NB551033:131:HK2T7BGX9:2:13112:4832:14954#0/1	100.000	150	0	0	381	530	1	150	3.59e-72	278
NC_011593.1:c2598562-2597207	NB551033:131:HK2T7BGX9:2:11101:18881:4439#0/1	100.000	150	0	0	1111	1260	1	150	3.59e-72	278
NC_011593.1:c2598562-2597207	NB551033:131:HK2T7BGX9:1:21205:11650:4719#0/1	100.000	150	0	0	575	724	150	1	3.59e-72	278
NC_011593.1:c2598562-2597207	NB551033:131:HK2T7BGX9:3:13509:8290:19398#0/2	100.000	149	0	0	894	1042	1	149	1.29e-71	276
NC_011593.1:c2598562-2597207	NB551033:131:HK2T7BGX9:2:23102:5627:4260#0/1	100.000	149	0	0	820	968	149	1	1.29e-71	276
NC_011593.1:c2598562-2597207	NB551033:131:HK2T7BGX9:3:22503:7038:1505#0/2	99.338	151	1	0	904	1054	1	151	4.65e-71	274
NC_011593.1:c2598562-2597207	NB551033:131:HK2T7BGX9:4:21603:3721:15836#0/2	99.333	150	1	0	830	979	1	150	1.67e-70	272
NC_011593.1:c2598562-2597207	NB551033:131:HK2T7BGX9:1:23301:11561:13811#0/2	100.000	147	0	0	907	1053	147	1	1.67e-70	272
NC_011593.1:c2598562-2597207	NB551033:131:HK2T7BGX9:1:23301:11561:13811#0/1	100.000	147	0	0	907	1053	1	147	1.67e-70	272
NC_011593.1:c2598562-2597207	NB551033:131:HK2T7BGX9:4:11408:6804:4985#0/1	100.000	146	0	0	1211	1356	1	146	6.01e-70	270
NC_011593.1:c2598562-2597207	NB551033:131:HK2T7BGX9:1:22312:4254:8572#0/2	100.000	144	0	0	542	685	144	1	7.78e-69	267
NC_011593.1:c2598562-2597207	NB551033:131:HK2T7BGX9:1:22312:4254:8572#0/1	100.000	144	0	0	542	685	1	144	7.78e-69	267
NC_011593.1:c2598562-2597207	NB551033:131:HK2T7BGX9:1:13204:3323:9399#0/1	98.667	150	2	0	870	1019	150	1	7.78e-69	267
NC_011593.1:c2598562-2597207	NB551033:131:HK2T7BGX9:4:22609:12686:7677#0/1	100.000	143	0	0	1060	1202	8	150	2.80e-68	265
NC_011593.1:c2598562-2597207	NB551033:131:HK2T7BGX9:4:12509:22017:14185#0/1	98.649	148	2	0	1155	1302	1	148	1.01e-67	263
NC_011593.1:c2598562-2597207	NB551033:131:HK2T7BGX9:2:13112:4832:14954#0/2	100.000	137	0	0	512	648	137	1	6.06e-65	254
NC_011593.1:c2598562-2597207	NB551033:131:HK2T7BGX9:2:13307:9134:18502#0/1	99.259	135	1	0	777	911	135	1	3.64e-62	244
NC_011593.1:c2598562-2597207	NB551033:131:HK2T7BGX9:1:23112:21935:9798#0/2	100.000	130	0	0	1143	1272	130	1	4.71e-61	241
NC_011593.1:c2598562-2597207	NB551033:131:HK2T7BGX9:1:23112:21935:9798#0/1	100.000	130	0	0	1143	1272	1	130	4.71e-61	241
NC_011593.1:c2598562-2597207	NB551033:131:HK2T7BGX9:4:21603:3721:15836#0/1	99.242	132	1	0	933	1064	150	19	1.70e-60	239
NC_011593.1:c2598562-2597207	NB551033:131:HK2T7BGX9:3:23609:7232:18297#0/2	100.000	128	0	0	841	968	1	128	6.10e-60	237
NC_011593.1:c2598562-2597207	NB551033:131:HK2T7BGX9:3:23609:7232:18297#0/1	100.000	128	0	0	841	968	128	1	6.10e-60	237
NC_011593.1:c2598562-2597207	NB551033:131:HK2T7BGX9:3:11403:18630:11991#0/2	100.000	124	0	0	1101	1224	124	1	1.02e-57	230
NC_011593.1:c2598562-2597207	NB551033:131:HK2T7BGX9:3:11403:18630:11991#0/1	100.000	124	0	0	1101	1224	1	124	1.02e-57	230
NC_011593.1:c2598562-2597207	NB551033:131:HK2T7BGX9:4:22504:23967:14887#0/1	100.000	123	0	0	600	722	1	123	3.67e-57	228
NC_011593.1:c2598562-2597207	NB551033:131:HK2T7BGX9:1:13204:3323:9399#0/2	100.000	117	0	0	645	761	1	117	7.95e-54	217
NC_011593.1:c2598562-2597207	NB551033:131:HK2T7BGX9:2:13307:9134:18502#0/2	99.160	119	1	0	694	812	1	119	2.86e-53	215
NC_011593.1:c2598562-2597207	NB551033:131:HK2T7BGX9:3:23603:22642:11898#0/2	100.000	115	0	0	663	777	115	1	1.03e-52	213
NC_011593.1:c2598562-2597207	NB551033:131:HK2T7BGX9:4:12408:20562:5583#0/2	100.000	114	0	0	876	989	114	1	3.70e-52	211
NC_011593.1:c2598562-2597207	NB551033:131:HK2T7BGX9:4:12408:20562:5583#0/1	100.000	114	0	0	876	989	1	114	3.70e-52	211
NC_011593.1:c2598562-2597207	NB551033:131:HK2T7BGX9:1:12207:5775:8564#0/2	100.000	112	0	0	461	572	1	112	4.78e-51	207
NC_011593.1:c2598562-2597207	NB551033:131:HK2T7BGX9:4:21403:17411:12287#0/2	100.000	110	0	0	892	1001	1	110	6.19e-50	204
NC_011593.1:c2598562-2597207	NB551033:131:HK2T7BGX9:1:12207:5775:8564#0/1	100.000	110	0	0	463	572	110	1	6.19e-50	204
NC_011593.1:c2598562-2597207	NB551033:131:HK2T7BGX9:3:12508:13153:19577#0/1	100.000	108	0	0	957	1064	149	42	8.00e-49	200
NC_011593.1:c2598562-2597207	NB551033:131:HK2T7BGX9:2:21103:13904:16768#0/2	100.000	106	0	0	1232	1337	1	106	1.04e-47	196
NC_011593.1:c2598562-2597207	NB551033:131:HK2T7BGX9:2:21103:13904:16768#0/1	100.000	106	0	0	1232	1337	106	1	1.04e-47	196
NC_011593.1:c2598562-2597207	NB551033:131:HK2T7BGX9:3:13602:11471:20212#0/2	100.000	105	0	0	960	1064	1	105	3.72e-47	195
NC_011593.1:c2598562-2597207	NB551033:131:HK2T7BGX9:2:22311:7679:9548#0/2	100.000	105	0	0	1252	1356	1	105	3.72e-47	195
NC_011593.1:c2598562-2597207	NB551033:131:HK2T7BGX9:1:22305:20769:7039#0/2	100.000	105	0	0	960	1064	135	31	3.72e-47	195
NC_011593.1:c2598562-2597207	NB551033:131:HK2T7BGX9:1:22305:20769:7039#0/1	100.000	105	0	0	960	1064	1	105	3.72e-47	195
NC_011593.1:c2598562-2597207	NB551033:131:HK2T7BGX9:4:22601:8810:2567#0/2	99.057	106	1	0	566	671	106	1	4.82e-46	191
NC_011593.1:c2598562-2597207	NB551033:131:HK2T7BGX9:4:22601:8810:2567#0/1	99.057	106	1	0	566	671	1	106	4.82e-46	191
NC_011593.1:c2598562-2597207	NB551033:131:HK2T7BGX9:2:12210:7633:17657#0/1	100.000	102	0	0	612	713	102	1	1.73e-45	189
NC_011593.1:c2598562-2597207	NB551033:131:HK2T7BGX9:4:12511:5948:14988#0/2	99.038	104	1	0	636	739	1	104	6.23e-45	187
NC_011593.1:c2598562-2597207	NB551033:131:HK2T7BGX9:4:12511:5948:14988#0/1	99.038	104	1	0	636	739	104	1	6.23e-45	187
NC_011593.1:c2598562-2597207	NB551033:131:HK2T7BGX9:4:23508:5596:3906#0/2	100.000	99	0	0	1060	1158	30	128	8.06e-44	183
NC_011593.1:c2598562-2597207	NB551033:131:HK2T7BGX9:4:23508:5596:3906#0/1	100.000	99	0	0	1060	1158	99	1	8.06e-44	183
NC_011593.1:c2598562-2597207	NB551033:131:HK2T7BGX9:3:23501:11538:10769#0/1	100.000	98	0	0	1259	1356	1	98	2.90e-43	182
NC_011593.1:c2598562-2597207	NB551033:131:HK2T7BGX9:2:12210:7633:17657#0/2	100.000	97	0	0	607	703	1	97	1.04e-42	180
NC_011593.1:c2598562-2597207	NB551033:131:HK2T7BGX9:2:23209:21108:4165#0/2	100.000	95	0	0	752	846	1	95	1.35e-41	176
NC_011593.1:c2598562-2597207	NB551033:131:HK2T7BGX9:2:23209:21108:4165#0/1	100.000	95	0	0	752	846	95	1	1.35e-41	176
NC_011593.1:c2598562-2597207	NB551033:131:HK2T7BGX9:1:13312:13474:8136#0/2	100.000	93	0	0	1264	1356	1	93	1.74e-40	172
NC_011593.1:c2598562-2597207	NB551033:131:HK2T7BGX9:1:13312:13474:8136#0/1	100.000	93	0	0	1264	1356	136	44	1.74e-40	172
NC_011593.1:c2598562-2597207	NB551033:131:HK2T7BGX9:3:23501:11538:10769#0/2	100.000	91	0	0	1266	1356	151	61	2.26e-39	169
NC_011593.1:c2598562-2597207	NB551033:131:HK2T7BGX9:1:13107:22064:1596#0/2	100.000	89	0	0	976	1064	150	62	2.92e-38	165
NC_011593.1:c2598562-2597207	NB551033:131:HK2T7BGX9:1:23309:3731:2276#0/1	100.000	89	0	0	976	1064	150	62	2.92e-38	165
NC_011593.1:c2598562-2597207	NB551033:131:HK2T7BGX9:1:12209:25602:16321#0/2	98.851	87	1	0	353	439	1	87	1.76e-35	156
NC_011593.1:c2598562-2597207	NB551033:131:HK2T7BGX9:3:13505:11140:19828#0/2	100.000	82	0	0	138	219	82	1	2.27e-34	152
NC_011593.1:c2598562-2597207	NB551033:131:HK2T7BGX9:4:13508:12222:14396#0/2	98.780	82	1	0	138	219	82	1	1.06e-32	147
NC_011593.1:c2598562-2597207	NB551033:131:HK2T7BGX9:3:13505:11140:19828#0/1	100.000	79	0	0	138	216	72	150	1.06e-32	147
NC_011593.1:c2598562-2597207	NB551033:131:HK2T7BGX9:1:12209:25602:16321#0/1	97.647	85	2	0	584	668	85	1	1.06e-32	147
NC_011593.1:c2598562-2597207	NB551033:131:HK2T7BGX9:1:13311:18920:5239#0/1	100.000	77	0	0	498	574	77	1	1.37e-31	143
NC_011593.1:c2598562-2597207	NB551033:131:HK2T7BGX9:3:12610:25266:5924#0/2	100.000	76	0	0	1270	1345	1	76	4.92e-31	141
NC_011593.1:c2598562-2597207	NB551033:131:HK2T7BGX9:3:23603:22642:11898#0/1	100.000	76	0	0	663	738	1	76	4.92e-31	141
NC_011593.1:c2598562-2597207	NB551033:131:HK2T7BGX9:3:12610:25266:5924#0/1	100.000	76	0	0	1270	1345	76	1	4.92e-31	141
NC_011593.1:c2598562-2597207	NB551033:131:HK2T7BGX9:1:11205:10478:3210#0/1	100.000	76	0	0	138	213	75	150	4.92e-31	141
NC_011593.1:c2598562-2597207	NB551033:131:HK2T7BGX9:3:21406:10117:14433#0/2	100.000	71	0	0	1060	1130	71	1	2.96e-28	132
NC_011593.1:c2598562-2597207	NB551033:131:HK2T7BGX9:4:23404:25602:13906#0/1	100.000	71	0	0	1286	1356	150	80	2.96e-28	132
NC_011593.1:c2598562-2597207	NB551033:131:HK2T7BGX9:2:13212:15629:4390#0/1	98.592	71	1	0	1	71	81	151	1.38e-26	126
NC_011593.1:c2598562-2597207	NB551033:131:HK2T7BGX9:3:23604:16237:11729#0/2	98.571	70	1	0	1	70	82	151	4.95e-26	124
NC_011593.1:c2598562-2597207	NB551033:131:HK2T7BGX9:2:22311:19226:19441#0/1	100.000	67	0	0	1060	1126	67	1	4.95e-26	124
NC_011593.1:c2598562-2597207	NB551033:131:HK2T7BGX9:4:13510:8238:16979#0/1	98.485	66	1	0	1	66	66	1	8.29e-24	117
NC_011593.1:c2598562-2597207	NB551033:131:HK2T7BGX9:2:22107:9161:12411#0/2	100.000	61	0	0	1296	1356	1	61	1.07e-22	113
NC_011593.1:c2598562-2597207	NB551033:131:HK2T7BGX9:4:11408:6804:4985#0/2	100.000	56	0	0	1301	1356	122	67	6.45e-20	104
NC_011593.1:c2598562-2597207	NB551033:131:HK2T7BGX9:3:13602:11471:20212#0/1	100.000	49	0	0	1016	1064	150	102	5.02e-16	91.6
NC_011593.1:c2598562-2597207	NB551033:131:HK2T7BGX9:4:12411:2995:9927#0/2	100.000	42	0	0	1023	1064	150	109	3.91e-12	78.7
NC_011593.1:c2598562-2597207	NB551033:131:HK2T7BGX9:3:22503:7038:1505#0/1	100.000	42	0	0	1023	1064	150	109	3.91e-12	78.7
NC_011593.1:c2598562-2597207	NB551033:131:HK2T7BGX9:1:12102:10389:8107#0/1	100.000	36	0	0	1321	1356	1	36	8.47e-09	67.6
NC_011593.1:c2598562-2597207	NB551033:131:HK2T7BGX9:3:23609:17212:10041#0/2	100.000	35	0	0	1060	1094	35	1	3.05e-08	65.8
NC_011593.1:c2598562-2597207	NB551033:131:HK2T7BGX9:4:12509:22017:14185#0/2	100.000	30	0	0	1327	1356	120	91	1.83e-05	56.5
NC_011593.1:c2598562-2597207	NB551033:131:HK2T7BGX9:1:21102:2251:10149#0/2	100.000	29	0	0	1060	1088	29	1	6.59e-05	54.7
NC_011593.1:c2598562-2597207	NB551033:131:HK2T7BGX9:3:22612:14551:8560#0/2	100.000	28	0	0	1329	1356	1	28	2.37e-04	52.8
NC_011593.1:c2598562-2597207	NB551033:131:HK2T7BGX9:2:22311:19226:19441#0/2	100.000	28	0	0	1060	1087	123	150	2.37e-04	52.8
# BLASTN 2.9.0+
# Query: NC_011593.1:2598858-2601929 Bifidobacterium longum subsp. infantis ATCC 15697, complete genome
# Database: db/blast_C0111-6F-1A_S14.faa
# Fields: query acc.ver, subject acc.ver, % identity, alignment length, mismatches, gap opens, q. start, q. end, s. start, s. end, evalue, bit score
# 187 hits found
NC_011593.1:2598858-2601929	NB551033:131:HK2T7BGX9:3:12609:13834:6378#0/2	100.000	151	0	0	1742	1892	1	151	2.27e-72	279
NC_011593.1:2598858-2601929	NB551033:131:HK2T7BGX9:2:13307:15239:15441#0/2	100.000	151	0	0	921	1071	1	151	2.27e-72	279
NC_011593.1:2598858-2601929	NB551033:131:HK2T7BGX9:1:12309:19670:14560#0/2	100.000	151	0	0	921	1071	1	151	2.27e-72	279
NC_011593.1:2598858-2601929	NB551033:131:HK2T7BGX9:3:13606:3728:12226#0/2	100.000	150	0	0	2422	2571	1	150	8.16e-72	278
NC_011593.1:2598858-2601929	NB551033:131:HK2T7BGX9:1:21204:6622:8132#0/2	100.000	150	0	0	1952	2101	1	150	8.16e-72	278
NC_011593.1:2598858-2601929	NB551033:131:HK2T7BGX9:3:12609:13834:6378#0/1	100.000	150	0	0	1979	2128	150	1	8.16e-72	278
NC_011593.1:2598858-2601929	NB551033:131:HK2T7BGX9:2:11112:5601:11968#0/1	100.000	150	0	0	916	1065	1	150	8.16e-72	278
NC_011593.1:2598858-2601929	NB551033:131:HK2T7BGX9:4:22605:23429:3984#0/2	99.338	151	1	0	1875	2025	151	1	1.06e-70	274
NC_011593.1:2598858-2601929	NB551033:131:HK2T7BGX9:3:23406:1673:4545#0/2	99.338	151	1	0	311	461	1	151	1.06e-70	274
NC_011593.1:2598858-2601929	NB551033:131:HK2T7BGX9:1:23103:24752:8598#0/2	99.338	151	1	0	337	487	151	1	1.06e-70	274
NC_011593.1:2598858-2601929	NB551033:131:HK2T7BGX9:4:11401:9296:4517#0/1	99.338	151	1	0	237	387	151	1	1.06e-70	274
NC_011593.1:2598858-2601929	NB551033:131:HK2T7BGX9:2:23304:18679:14950#0/1	99.338	151	1	0	2228	2378	1	151	1.06e-70	274
NC_011593.1:2598858-2601929	NB551033:131:HK2T7BGX9:2:13307:15239:15441#0/1	99.338	151	1	0	965	1115	151	1	1.06e-70	274
NC_011593.1:2598858-2601929	NB551033:131:HK2T7BGX9:4:22403:6134:7566#0/2	99.333	150	1	0	2192	2341	150	1	3.80e-70	272
NC_011593.1:2598858-2601929	NB551033:131:HK2T7BGX9:4:11610:14636:4075#0/2	99.333	150	1	0	946	1095	1	150	3.80e-70	272
NC_011593.1:2598858-2601929	NB551033:131:HK2T7BGX9:4:11401:9296:4517#0/2	99.333	150	1	0	229	378	1	150	3.80e-70	272
NC_011593.1:2598858-2601929	NB551033:131:HK2T7BGX9:3:23403:23649:10771#0/2	99.333	150	1	0	279	428	150	1	3.80e-70	272
NC_011593.1:2598858-2601929	NB551033:131:HK2T7BGX9:3:13605:18309:19221#0/2	99.333	150	1	0	145	294	150	1	3.80e-70	272
NC_011593.1:2598858-2601929	NB551033:131:HK2T7BGX9:2:22303:25343:15104#0/2	99.333	150	1	0	260	409	150	1	3.80e-70	272
NC_011593.1:2598858-2601929	NB551033:131:HK2T7BGX9:2:13312:26010:3073#0/2	99.333	150	1	0	2192	2341	1	150	3.80e-70	272
NC_011593.1:2598858-2601929	NB551033:131:HK2T7BGX9:2:12308:6517:14246#0/2	99.333	150	1	0	113	262	150	1	3.80e-70	272
NC_011593.1:2598858-2601929	NB551033:131:HK2T7BGX9:4:22605:23429:3984#0/1	99.333	150	1	0	1786	1935	1	150	3.80e-70	272
NC_011593.1:2598858-2601929	NB551033:131:HK2T7BGX9:3:23611:24188:19479#0/1	99.333	150	1	0	288	437	1	150	3.80e-70	272
NC_011593.1:2598858-2601929	NB551033:131:HK2T7BGX9:3:21610:3430:9462#0/1	99.333	150	1	0	2182	2331	150	1	3.80e-70	272
NC_011593.1:2598858-2601929	NB551033:131:HK2T7BGX9:2:13312:26010:3073#0/1	99.333	150	1	0	2205	2354	150	1	3.80e-70	272
NC_011593.1:2598858-2601929	NB551033:131:HK2T7BGX9:2:13310:1760:8104#0/1	99.333	150	1	0	159	308	150	1	3.80e-70	272
NC_011593.1:2598858-2601929	NB551033:131:HK2T7BGX9:1:12102:3240:14706#0/1	99.333	150	1	0	2008	2157	1	150	3.80e-70	272
NC_011593.1:2598858-2601929	NB551033:131:HK2T7BGX9:4:11604:22460:5819#0/2	99.329	149	1	0	306	454	149	1	1.37e-69	270
NC_011593.1:2598858-2601929	NB551033:131:HK2T7BGX9:3:11608:21075:6566#0/2	99.329	149	1	0	131	279	1	149	1.37e-69	270
NC_011593.1:2598858-2601929	NB551033:131:HK2T7BGX9:4:12502:20098:1612#0/1	99.329	149	1	0	1767	1915	1	149	1.37e-69	270
NC_011593.1:2598858-2601929	NB551033:131:HK2T7BGX9:1:23103:24752:8598#0/1	99.329	149	1	0	328	476	1	149	1.37e-69	270
NC_011593.1:2598858-2601929	NB551033:131:HK2T7BGX9:1:12309:19670:14560#0/1	99.329	149	1	0	952	1100	149	1	1.37e-69	270
NC_011593.1:2598858-2601929	NB551033:131:HK2T7BGX9:3:23611:24188:19479#0/2	98.675	151	2	0	602	752	151	1	4.91e-69	268
NC_011593.1:2598858-2601929	NB551033:131:HK2T7BGX9:3:23606:19327:2063#0/2	99.324	148	1	0	2211	2358	1	148	4.91e-69	268
NC_011593.1:2598858-2601929	NB551033:131:HK2T7BGX9:3:12604:8260:20356#0/2	99.324	148	1	0	1807	1954	1	148	4.91e-69	268
NC_011593.1:2598858-2601929	NB551033:131:HK2T7BGX9:2:23208:4989:9389#0/2	98.675	151	2	0	1239	1389	151	1	4.91e-69	268
NC_011593.1:2598858-2601929	NB551033:131:HK2T7BGX9:2:13310:1760:8104#0/2	98.675	151	2	0	60	210	1	151	4.91e-69	268
NC_011593.1:2598858-2601929	NB551033:131:HK2T7BGX9:2:11112:5601:11968#0/2	98.675	151	2	0	1048	1198	151	1	4.91e-69	268
NC_011593.1:2598858-2601929	NB551033:131:HK2T7BGX9:1:13309:16602:17361#0/2	98.675	151	2	0	1244	1394	151	1	4.91e-69	268
NC_011593.1:2598858-2601929	NB551033:131:HK2T7BGX9:4:12409:7089:18185#0/1	98.675	151	2	0	2868	3018	151	1	4.91e-69	268
NC_011593.1:2598858-2601929	NB551033:131:HK2T7BGX9:4:11610:14636:4075#0/1	98.675	151	2	0	1035	1185	151	1	4.91e-69	268
NC_011593.1:2598858-2601929	NB551033:131:HK2T7BGX9:4:11604:22460:5819#0/1	99.324	148	1	0	252	399	1	148	4.91e-69	268
NC_011593.1:2598858-2601929	NB551033:131:HK2T7BGX9:3:12604:8260:20356#0/1	99.324	148	1	0	1807	1954	148	1	4.91e-69	268
NC_011593.1:2598858-2601929	NB551033:131:HK2T7BGX9:2:22211:4300:12367#0/1	98.675	151	2	0	974	1124	1	151	4.91e-69	268
NC_011593.1:2598858-2601929	NB551033:131:HK2T7BGX9:1:21306:18765:15591#0/1	98.675	151	2	0	939	1089	151	1	4.91e-69	268
NC_011593.1:2598858-2601929	NB551033:131:HK2T7BGX9:1:12107:7355:15879#0/1	98.675	151	2	0	1759	1909	1	151	4.91e-69	268
NC_011593.1:2598858-2601929	NB551033:131:HK2T7BGX9:1:11105:1806:16209#0/1	98.675	151	2	0	1025	1175	151	1	4.91e-69	268
NC_011593.1:2598858-2601929	NB551033:131:HK2T7BGX9:4:13603:6694:11280#0/2	98.667	150	2	0	2796	2945	150	1	1.77e-68	267
NC_011593.1:2598858-2601929	NB551033:131:HK2T7BGX9:4:13407:7931:5779#0/2	98.667	150	2	0	2777	2926	1	150	1.77e-68	267
NC_011593.1:2598858-2601929	NB551033:131:HK2T7BGX9:3:22501:9895:12300#0/2	98.667	150	2	0	2769	2918	150	1	1.77e-68	267
NC_011593.1:2598858-2601929	NB551033:131:HK2T7BGX9:3:21610:3430:9462#0/2	98.667	150	2	0	2147	2296	1	150	1.77e-68	267
NC_011593.1:2598858-2601929	NB551033:131:HK2T7BGX9:3:12404:14712:18649#0/2	98.667	150	2	0	651	800	1	150	1.77e-68	267
NC_011593.1:2598858-2601929	NB551033:131:HK2T7BGX9:4:23509:3835:12763#0/1	98.667	150	2	0	682	831	1	150	1.77e-68	267
NC_011593.1:2598858-2601929	NB551033:131:HK2T7BGX9:4:13603:6694:11280#0/1	98.667	150	2	0	2737	2886	1	150	1.77e-68	267
NC_011593.1:2598858-2601929	NB551033:131:HK2T7BGX9:3:13605:18309:19221#0/1	98.667	150	2	0	31	180	1	150	1.77e-68	267
NC_011593.1:2598858-2601929	NB551033:131:HK2T7BGX9:3:13511:11436:8795#0/1	98.667	150	2	0	2823	2972	1	150	1.77e-68	267
NC_011593.1:2598858-2601929	NB551033:131:HK2T7BGX9:2:23107:23908:11967#0/1	98.667	150	2	0	36	185	1	150	1.77e-68	267
NC_011593.1:2598858-2601929	NB551033:131:HK2T7BGX9:2:12308:6517:14246#0/1	98.667	150	2	0	45	194	1	150	1.77e-68	267
NC_011593.1:2598858-2601929	NB551033:131:HK2T7BGX9:4:12409:7089:18185#0/2	98.658	149	2	0	2785	2933	1	149	6.35e-68	265
NC_011593.1:2598858-2601929	NB551033:131:HK2T7BGX9:3:22502:8975:2657#0/2	98.658	149	2	0	565	713	149	1	6.35e-68	265
NC_011593.1:2598858-2601929	NB551033:131:HK2T7BGX9:2:23107:23908:11967#0/2	98.658	149	2	0	171	319	149	1	6.35e-68	265
NC_011593.1:2598858-2601929	NB551033:131:HK2T7BGX9:3:13606:3728:12226#0/1	98.658	149	2	0	2521	2669	149	1	6.35e-68	265
NC_011593.1:2598858-2601929	NB551033:131:HK2T7BGX9:1:21204:6622:8132#0/1	98.658	149	2	0	2152	2300	150	2	6.35e-68	265
NC_011593.1:2598858-2601929	NB551033:131:HK2T7BGX9:4:21606:11285:3269#0/2	98.013	151	3	0	1352	1502	151	1	2.29e-67	263
NC_011593.1:2598858-2601929	NB551033:131:HK2T7BGX9:3:23602:3049:14136#0/2	98.649	148	2	0	403	550	151	4	2.29e-67	263
NC_011593.1:2598858-2601929	NB551033:131:HK2T7BGX9:3:23601:17743:3550#0/2	98.013	151	3	0	2846	2996	151	1	2.29e-67	263
NC_011593.1:2598858-2601929	NB551033:131:HK2T7BGX9:3:12601:23319:16236#0/2	98.013	151	3	0	1172	1322	1	151	2.29e-67	263
NC_011593.1:2598858-2601929	NB551033:131:HK2T7BGX9:2:23304:18679:14950#0/2	98.013	151	3	0	2331	2481	151	1	2.29e-67	263
NC_011593.1:2598858-2601929	NB551033:131:HK2T7BGX9:2:11304:13040:6043#0/2	98.013	151	3	0	1186	1336	151	1	2.29e-67	263
NC_011593.1:2598858-2601929	NB551033:131:HK2T7BGX9:2:11111:6502:8226#0/2	98.013	151	3	0	1341	1491	1	151	2.29e-67	263
NC_011593.1:2598858-2601929	NB551033:131:HK2T7BGX9:1:22205:9245:15253#0/2	98.013	151	3	0	2535	2685	151	1	2.29e-67	263
NC_011593.1:2598858-2601929	NB551033:131:HK2T7BGX9:1:22105:21854:17129#0/2	99.310	145	1	0	950	1094	1	145	2.29e-67	263
NC_011593.1:2598858-2601929	NB551033:131:HK2T7BGX9:3:23606:19327:2063#0/1	98.013	151	3	0	2339	2489	151	1	2.29e-67	263
NC_011593.1:2598858-2601929	NB551033:131:HK2T7BGX9:3:23601:17743:3550#0/1	98.013	151	3	0	2686	2836	1	151	2.29e-67	263
NC_011593.1:2598858-2601929	NB551033:131:HK2T7BGX9:3:11605:6386:10316#0/1	98.649	148	2	0	2903	3050	150	3	2.29e-67	263
NC_011593.1:2598858-2601929	NB551033:131:HK2T7BGX9:2:23208:4989:9389#0/1	98.013	151	3	0	1190	1340	1	151	2.29e-67	263
NC_011593.1:2598858-2601929	NB551033:131:HK2T7BGX9:2:13201:14530:5306#0/1	98.013	151	3	0	1199	1349	151	1	2.29e-67	263
NC_011593.1:2598858-2601929	NB551033:131:HK2T7BGX9:2:11304:13040:6043#0/1	98.013	151	3	0	1123	1273	1	151	2.29e-67	263
NC_011593.1:2598858-2601929	NB551033:131:HK2T7BGX9:2:11111:6502:8226#0/1	98.013	151	3	0	1454	1604	151	1	2.29e-67	263
NC_011593.1:2598858-2601929	NB551033:131:HK2T7BGX9:1:22105:21854:17129#0/1	99.310	145	1	0	950	1094	145	1	2.29e-67	263
NC_011593.1:2598858-2601929	NB551033:131:HK2T7BGX9:1:11303:24375:17206#0/1	98.649	148	2	0	403	550	151	4	2.29e-67	263
NC_011593.1:2598858-2601929	NB551033:131:HK2T7BGX9:4:22601:19033:5324#0/2	98.639	147	2	0	1	147	5	151	8.22e-67	261
NC_011593.1:2598858-2601929	NB551033:131:HK2T7BGX9:4:12502:20098:1612#0/2	98.000	150	3	0	2015	2164	150	1	8.22e-67	261
NC_011593.1:2598858-2601929	NB551033:131:HK2T7BGX9:3:23606:25890:12198#0/2	98.000	150	3	0	2323	2472	1	150	8.22e-67	261
NC_011593.1:2598858-2601929	NB551033:131:HK2T7BGX9:3:23403:23432:4038#0/2	98.000	150	3	0	1092	1241	1	150	8.22e-67	261
NC_011593.1:2598858-2601929	NB551033:131:HK2T7BGX9:3:22406:4609:11336#0/2	98.639	147	2	0	2489	2635	1	147	8.22e-67	261
NC_011593.1:2598858-2601929	NB551033:131:HK2T7BGX9:3:11605:6386:10316#0/2	98.000	150	3	0	2686	2835	1	150	8.22e-67	261
NC_011593.1:2598858-2601929	NB551033:131:HK2T7BGX9:2:13201:14530:5306#0/2	98.000	150	3	0	1162	1311	2	151	8.22e-67	261
NC_011593.1:2598858-2601929	NB551033:131:HK2T7BGX9:4:22403:6134:7566#0/1	98.000	150	3	0	2065	2214	1	150	8.22e-67	261
NC_011593.1:2598858-2601929	NB551033:131:HK2T7BGX9:4:21606:11285:3269#0/1	98.000	150	3	0	1349	1498	1	150	8.22e-67	261
NC_011593.1:2598858-2601929	NB551033:131:HK2T7BGX9:3:23606:25890:12198#0/1	98.000	150	3	0	2325	2474	150	1	8.22e-67	261
NC_011593.1:2598858-2601929	NB551033:131:HK2T7BGX9:3:12601:23319:16236#0/1	98.000	150	3	0	1208	1357	150	1	8.22e-67	261
NC_011593.1:2598858-2601929	NB551033:131:HK2T7BGX9:3:11612:22584:9372#0/1	98.000	150	3	0	2539	2688	1	150	8.22e-67	261
NC_011593.1:2598858-2601929	NB551033:131:HK2T7BGX9:2:23206:14963:1451#0/1	98.000	150	3	0	2852	3001	150	1	8.22e-67	261
NC_011593.1:2598858-2601929	NB551033:131:HK2T7BGX9:1:22205:9245:15253#0/1	98.639	147	2	0	2489	2635	1	147	8.22e-67	261
NC_011593.1:2598858-2601929	NB551033:131:HK2T7BGX9:1:13309:16602:17361#0/1	98.000	150	3	0	1120	1269	1	150	8.22e-67	261
NC_011593.1:2598858-2601929	NB551033:131:HK2T7BGX9:3:11611:4515:2796#0/2	97.987	149	3	0	2560	2708	1	149	2.96e-66	259
NC_011593.1:2598858-2601929	NB551033:131:HK2T7BGX9:2:22211:4300:12367#0/2	97.987	149	3	0	1050	1198	149	1	2.96e-66	259
NC_011593.1:2598858-2601929	NB551033:131:HK2T7BGX9:3:23612:14277:12310#0/2	97.973	148	3	0	1454	1601	1	148	1.06e-65	257
NC_011593.1:2598858-2601929	NB551033:131:HK2T7BGX9:3:13511:11436:8795#0/2	97.973	148	3	0	2925	3072	150	3	1.06e-65	257
NC_011593.1:2598858-2601929	NB551033:131:HK2T7BGX9:3:22501:9895:12300#0/1	97.351	151	4	0	2716	2866	1	151	1.06e-65	257
NC_011593.1:2598858-2601929	NB551033:131:HK2T7BGX9:2:21207:11753:1345#0/1	97.973	148	3	0	2917	3064	148	1	1.06e-65	257
NC_011593.1:2598858-2601929	NB551033:131:HK2T7BGX9:2:23206:14963:1451#0/2	97.959	147	3	0	2829	2975	1	147	3.82e-65	255
NC_011593.1:2598858-2601929	NB551033:131:HK2T7BGX9:2:21207:11753:1345#0/2	98.611	144	2	0	2870	3013	1	144	3.82e-65	255
NC_011593.1:2598858-2601929	NB551033:131:HK2T7BGX9:3:22406:4609:11336#0/1	97.333	150	4	0	2610	2759	150	1	3.82e-65	255
NC_011593.1:2598858-2601929	NB551033:131:HK2T7BGX9:3:11612:22584:9372#0/2	97.945	146	3	0	2581	2726	146	1	1.38e-64	254
NC_011593.1:2598858-2601929	NB551033:131:HK2T7BGX9:1:12102:3240:14706#0/2	97.315	149	4	0	2052	2200	149	1	1.38e-64	254
NC_011593.1:2598858-2601929	NB551033:131:HK2T7BGX9:1:21306:18765:15591#0/2	97.931	145	3	0	729	873	1	145	4.95e-64	252
NC_011593.1:2598858-2601929	NB551033:131:HK2T7BGX9:4:22601:19033:5324#0/1	99.281	139	1	0	164	302	139	1	4.95e-64	252
NC_011593.1:2598858-2601929	NB551033:131:HK2T7BGX9:3:23406:1673:4545#0/1	96.689	151	5	0	423	573	151	1	4.95e-64	252
NC_011593.1:2598858-2601929	NB551033:131:HK2T7BGX9:3:22502:8975:2657#0/1	96.689	151	5	0	448	598	1	151	4.95e-64	252
NC_011593.1:2598858-2601929	NB551033:131:HK2T7BGX9:1:11105:1806:16209#0/2	96.667	150	5	0	799	948	1	150	1.78e-63	250
NC_011593.1:2598858-2601929	NB551033:131:HK2T7BGX9:3:12404:14712:18649#0/1	96.026	151	6	0	752	902	151	1	2.30e-62	246
NC_011593.1:2598858-2601929	NB551033:131:HK2T7BGX9:4:23509:3835:12763#0/2	96.000	150	6	0	835	984	150	1	8.28e-62	244
NC_011593.1:2598858-2601929	NB551033:131:HK2T7BGX9:1:22104:26586:6392#0/2	99.259	135	1	0	2211	2345	135	1	8.28e-62	244
NC_011593.1:2598858-2601929	NB551033:131:HK2T7BGX9:4:22508:4589:13232#0/1	99.259	135	1	0	168	302	1	135	8.28e-62	244
NC_011593.1:2598858-2601929	NB551033:131:HK2T7BGX9:3:23403:23649:10771#0/1	99.259	135	1	0	115	249	1	135	8.28e-62	244
NC_011593.1:2598858-2601929	NB551033:131:HK2T7BGX9:1:22104:26586:6392#0/1	99.259	135	1	0	2211	2345	1	135	8.28e-62	244
NC_011593.1:2598858-2601929	NB551033:131:HK2T7BGX9:4:12401:2103:2775#0/2	98.540	137	2	0	1326	1462	1	137	2.98e-61	243
NC_011593.1:2598858-2601929	NB551033:131:HK2T7BGX9:3:11407:5562:6730#0/2	97.203	143	4	0	1287	1429	143	1	2.98e-61	243
NC_011593.1:2598858-2601929	NB551033:131:HK2T7BGX9:1:12206:8926:3832#0/2	97.857	140	3	0	887	1026	140	1	2.98e-61	243
NC_011593.1:2598858-2601929	NB551033:131:HK2T7BGX9:4:12401:2103:2775#0/1	98.540	137	2	0	1326	1462	137	1	2.98e-61	243
NC_011593.1:2598858-2601929	NB551033:131:HK2T7BGX9:3:11612:23082:16364#0/1	98.540	137	2	0	50	186	1	137	2.98e-61	243
NC_011593.1:2598858-2601929	NB551033:131:HK2T7BGX9:1:12206:8926:3832#0/1	97.857	140	3	0	887	1026	1	140	2.98e-61	243
NC_011593.1:2598858-2601929	NB551033:131:HK2T7BGX9:4:22508:4589:13232#0/2	99.242	132	1	0	171	302	132	1	3.85e-60	239
NC_011593.1:2598858-2601929	NB551033:131:HK2T7BGX9:1:12107:7355:15879#0/2	99.242	132	1	0	1858	1989	132	1	3.85e-60	239
NC_011593.1:2598858-2601929	NB551033:131:HK2T7BGX9:4:12408:14780:4438#0/2	97.794	136	3	0	555	690	1	136	4.98e-59	235
NC_011593.1:2598858-2601929	NB551033:131:HK2T7BGX9:3:23409:19391:12683#0/2	96.454	141	5	0	818	958	1	141	1.79e-58	233
NC_011593.1:2598858-2601929	NB551033:131:HK2T7BGX9:3:11407:5562:6730#0/1	97.744	133	3	0	1107	1239	1	133	2.32e-57	230
NC_011593.1:2598858-2601929	NB551033:131:HK2T7BGX9:1:21310:9004:5949#0/2	98.450	129	2	0	2832	2960	129	1	8.34e-57	228
NC_011593.1:2598858-2601929	NB551033:131:HK2T7BGX9:1:21310:9004:5949#0/1	98.450	129	2	0	2832	2960	1	129	8.34e-57	228
NC_011593.1:2598858-2601929	NB551033:131:HK2T7BGX9:3:23612:14277:12310#0/1	100.000	122	0	0	1644	1765	122	1	3.00e-56	226
NC_011593.1:2598858-2601929	NB551033:131:HK2T7BGX9:2:22303:25343:15104#0/1	98.413	126	2	0	1	126	25	150	3.88e-55	222
NC_011593.1:2598858-2601929	NB551033:131:HK2T7BGX9:2:12112:12243:15336#0/2	100.000	117	0	0	2012	2128	1	117	1.80e-53	217
NC_011593.1:2598858-2601929	NB551033:131:HK2T7BGX9:1:23303:6459:12794#0/2	97.600	125	3	0	2686	2810	125	1	6.49e-53	215
NC_011593.1:2598858-2601929	NB551033:131:HK2T7BGX9:1:23303:6459:12794#0/1	97.600	125	3	0	2686	2810	1	125	6.49e-53	215
NC_011593.1:2598858-2601929	NB551033:131:HK2T7BGX9:1:11303:24375:17206#0/2	99.153	118	1	0	300	417	1	118	2.33e-52	213
NC_011593.1:2598858-2601929	NB551033:131:HK2T7BGX9:3:23409:19391:12683#0/1	96.154	130	5	0	830	959	130	1	2.33e-52	213
NC_011593.1:2598858-2601929	NB551033:131:HK2T7BGX9:3:13501:11449:17656#0/2	98.333	120	2	0	1275	1394	120	1	8.40e-52	211
NC_011593.1:2598858-2601929	NB551033:131:HK2T7BGX9:4:13502:17547:18252#0/1	99.145	117	1	0	2039	2155	1	117	8.40e-52	211
NC_011593.1:2598858-2601929	NB551033:131:HK2T7BGX9:3:13501:11449:17656#0/1	98.333	120	2	0	1275	1394	1	120	8.40e-52	211
NC_011593.1:2598858-2601929	NB551033:131:HK2T7BGX9:4:13502:17547:18252#0/2	99.138	116	1	0	2040	2155	116	1	3.02e-51	209
NC_011593.1:2598858-2601929	NB551033:131:HK2T7BGX9:1:13105:5613:16210#0/2	96.800	125	4	0	2650	2774	1	125	3.02e-51	209
NC_011593.1:2598858-2601929	NB551033:131:HK2T7BGX9:1:13105:5613:16210#0/1	96.800	125	4	0	2650	2774	125	1	3.02e-51	209
NC_011593.1:2598858-2601929	NB551033:131:HK2T7BGX9:3:11506:18142:1755#0/2	97.500	120	3	0	1364	1483	1	120	3.91e-50	206
NC_011593.1:2598858-2601929	NB551033:131:HK2T7BGX9:3:11506:18142:1755#0/1	97.500	120	3	0	1364	1483	120	1	3.91e-50	206
NC_011593.1:2598858-2601929	NB551033:131:HK2T7BGX9:3:13401:6384:13865#0/2	96.000	125	5	0	506	630	1	125	1.40e-49	204
NC_011593.1:2598858-2601929	NB551033:131:HK2T7BGX9:3:13401:6384:13865#0/1	96.000	125	5	0	506	630	125	1	1.40e-49	204
NC_011593.1:2598858-2601929	NB551033:131:HK2T7BGX9:2:21310:9574:12939#0/2	96.581	117	4	0	867	983	117	1	8.46e-47	195
NC_011593.1:2598858-2601929	NB551033:131:HK2T7BGX9:2:21310:9574:12939#0/1	96.581	117	4	0	867	983	1	117	8.46e-47	195
NC_011593.1:2598858-2601929	NB551033:131:HK2T7BGX9:4:22407:16011:11556#0/2	99.065	107	1	0	2917	3023	107	1	3.04e-46	193
NC_011593.1:2598858-2601929	NB551033:131:HK2T7BGX9:2:23308:8121:12319#0/2	99.065	107	1	0	651	757	107	1	3.04e-46	193
NC_011593.1:2598858-2601929	NB551033:131:HK2T7BGX9:3:11608:21075:6566#0/1	95.798	119	5	0	490	608	119	1	3.04e-46	193
NC_011593.1:2598858-2601929	NB551033:131:HK2T7BGX9:3:23602:3049:14136#0/1	100.000	102	0	0	379	480	1	102	3.93e-45	189
NC_011593.1:2598858-2601929	NB551033:131:HK2T7BGX9:1:22310:15935:13988#0/2	99.038	104	1	0	1	104	3	106	1.41e-44	187
NC_011593.1:2598858-2601929	NB551033:131:HK2T7BGX9:2:23308:8121:12319#0/1	98.131	107	2	0	651	757	1	107	1.41e-44	187
NC_011593.1:2598858-2601929	NB551033:131:HK2T7BGX9:1:22310:15935:13988#0/1	99.038	104	1	0	1	104	104	1	1.41e-44	187
NC_011593.1:2598858-2601929	NB551033:131:HK2T7BGX9:2:23201:20939:19385#0/2	100.000	91	0	0	1589	1679	91	1	5.13e-39	169
NC_011593.1:2598858-2601929	NB551033:131:HK2T7BGX9:2:23201:20939:19385#0/1	100.000	91	0	0	1589	1679	1	91	5.13e-39	169
NC_011593.1:2598858-2601929	NB551033:131:HK2T7BGX9:3:22402:25184:12016#0/2	98.913	92	1	0	1266	1357	92	1	6.63e-38	165
NC_011593.1:2598858-2601929	NB551033:131:HK2T7BGX9:4:22407:16011:11556#0/1	98.913	92	1	0	2815	2906	1	92	6.63e-38	165
NC_011593.1:2598858-2601929	NB551033:131:HK2T7BGX9:3:22402:25184:12016#0/1	98.913	92	1	0	1266	1357	1	92	6.63e-38	165
NC_011593.1:2598858-2601929	NB551033:131:HK2T7BGX9:4:13407:7931:5779#0/1	97.826	92	2	0	2981	3072	150	59	3.08e-36	159
NC_011593.1:2598858-2601929	NB551033:131:HK2T7BGX9:2:13312:23426:14875#0/1	98.876	89	1	0	1	89	89	1	3.08e-36	159
NC_011593.1:2598858-2601929	NB551033:131:HK2T7BGX9:2:23106:20261:10299#0/2	100.000	85	0	0	270	354	1	85	1.11e-35	158
NC_011593.1:2598858-2601929	NB551033:131:HK2T7BGX9:2:23106:20261:10299#0/1	100.000	85	0	0	270	354	85	1	1.11e-35	158
NC_011593.1:2598858-2601929	NB551033:131:HK2T7BGX9:1:22304:9461:15901#0/2	98.851	87	1	0	1381	1467	87	1	3.99e-35	156
NC_011593.1:2598858-2601929	NB551033:131:HK2T7BGX9:1:22304:9461:15901#0/1	98.851	87	1	0	1381	1467	1	87	3.99e-35	156
NC_011593.1:2598858-2601929	NB551033:131:HK2T7BGX9:3:11611:4515:2796#0/1	96.739	92	3	0	2842	2933	92	1	1.44e-34	154
NC_011593.1:2598858-2601929	NB551033:131:HK2T7BGX9:1:13105:26729:8040#0/2	97.701	87	2	0	464	550	1	87	1.86e-33	150
NC_011593.1:2598858-2601929	NB551033:131:HK2T7BGX9:3:11612:23082:16364#0/2	97.674	86	2	0	101	186	86	1	6.68e-33	148
NC_011593.1:2598858-2601929	NB551033:131:HK2T7BGX9:1:13105:26729:8040#0/1	97.674	86	2	0	465	550	89	4	6.68e-33	148
NC_011593.1:2598858-2601929	NB551033:131:HK2T7BGX9:3:23403:23432:4038#0/1	97.647	85	2	0	1190	1274	85	1	2.40e-32	147
NC_011593.1:2598858-2601929	NB551033:131:HK2T7BGX9:4:12612:18614:16417#0/2	97.619	84	2	0	2383	2466	1	84	8.64e-32	145
NC_011593.1:2598858-2601929	NB551033:131:HK2T7BGX9:4:12612:18614:16417#0/1	97.619	84	2	0	2383	2466	84	1	8.64e-32	145
NC_011593.1:2598858-2601929	NB551033:131:HK2T7BGX9:2:13109:7009:3776#0/2	97.403	77	2	0	816	892	80	4	6.72e-28	132
NC_011593.1:2598858-2601929	NB551033:131:HK2T7BGX9:4:12408:14780:4438#0/1	95.181	83	4	0	810	892	86	4	6.72e-28	132
NC_011593.1:2598858-2601929	NB551033:131:HK2T7BGX9:2:13109:7009:3776#0/1	97.403	77	2	0	816	892	1	77	6.72e-28	132
NC_011593.1:2598858-2601929	NB551033:131:HK2T7BGX9:2:12112:12243:15336#0/1	95.122	82	4	0	2361	2442	82	1	2.42e-27	130
NC_011593.1:2598858-2601929	NB551033:131:HK2T7BGX9:4:23603:5448:17350#0/2	97.101	69	2	0	3004	3072	1	69	1.88e-23	117
NC_011593.1:2598858-2601929	NB551033:131:HK2T7BGX9:4:23603:5448:17350#0/1	97.101	69	2	0	3004	3072	81	13	1.88e-23	117
NC_011593.1:2598858-2601929	NB551033:131:HK2T7BGX9:4:21406:1393:12973#0/2	100.000	28	0	0	1028	1055	28	1	5.39e-04	52.8
NC_011593.1:2598858-2601929	NB551033:131:HK2T7BGX9:3:23401:25154:11299#0/2	100.000	28	0	0	1028	1055	48	75	5.39e-04	52.8
NC_011593.1:2598858-2601929	NB551033:131:HK2T7BGX9:4:21406:1393:12973#0/1	100.000	28	0	0	1028	1055	89	116	5.39e-04	52.8
NC_011593.1:2598858-2601929	NB551033:131:HK2T7BGX9:3:23401:25154:11299#0/1	100.000	28	0	0	1028	1055	28	1	5.39e-04	52.8
NC_011593.1:2598858-2601929	NB551033:131:HK2T7BGX9:2:12312:19000:3018#0/1	100.000	28	0	0	1028	1055	28	1	5.39e-04	52.8
NC_011593.1:2598858-2601929	NB551033:131:HK2T7BGX9:1:12104:6619:13344#0/1	100.000	28	0	0	1028	1055	28	1	5.39e-04	52.8
# BLASTN 2.9.0+
# Query: NC_011593.1:c2604454-2602106 Bifidobacterium longum subsp. infantis ATCC 15697, complete genome
# Database: db/blast_C0111-6F-1A_S14.faa
# 0 hits found
# BLASTN 2.9.0+
# Query: NC_011593.1:c2605922-2604486 Bifidobacterium longum subsp. infantis ATCC 15697, complete genome
# Database: db/blast_C0111-6F-1A_S14.faa
# 0 hits found
# BLASTN 2.9.0+
# Query: NC_011593.1:c2606381-2605944 Bifidobacterium longum subsp. infantis ATCC 15697, complete genome
# Database: db/blast_C0111-6F-1A_S14.faa
# 0 hits found
# BLASTN 2.9.0+
# Query: NC_011593.1:c2607314-2606418 Bifidobacterium longum subsp. infantis ATCC 15697, complete genome
# Database: db/blast_C0111-6F-1A_S14.faa
# 0 hits found
# BLASTN 2.9.0+
# Query: NC_011593.1:c2608249-2607458 Bifidobacterium longum subsp. infantis ATCC 15697, complete genome
# Database: db/blast_C0111-6F-1A_S14.faa
# 0 hits found
# BLASTN 2.9.0+
# Query: NC_011593.1:c2609546-2608269 Bifidobacterium longum subsp. infantis ATCC 15697, complete genome
# Database: db/blast_C0111-6F-1A_S14.faa
# 0 hits found
# BLASTN 2.9.0+
# Query: NC_011593.1:c2610356-2609697 Bifidobacterium longum subsp. infantis ATCC 15697, complete genome
# Database: db/blast_C0111-6F-1A_S14.faa
# 0 hits found
# BLASTN 2.9.0+
# Query: NC_011593.1:c2611458-2610496 Bifidobacterium longum subsp. infantis ATCC 15697, complete genome
# Database: db/blast_C0111-6F-1A_S14.faa
# 0 hits found
# BLASTN 2.9.0+
# Query: NC_011593.1:c2612430-2611477 Bifidobacterium longum subsp. infantis ATCC 15697, complete genome
# Database: db/blast_C0111-6F-1A_S14.faa
# 0 hits found
# BLASTN 2.9.0+
# Query: NC_011593.1:c2614109-2612517 Bifidobacterium longum subsp. infantis ATCC 15697, complete genome
# Database: db/blast_C0111-6F-1A_S14.faa
# 0 hits found
# BLASTN 2.9.0+
# Query: NC_011593.1:c2615274-2614312 Bifidobacterium longum subsp. infantis ATCC 15697, complete genome
# Database: db/blast_C0111-6F-1A_S14.faa
# 0 hits found
# BLASTN 2.9.0+
# Query: NC_011593.1:c2616246-2615293 Bifidobacterium longum subsp. infantis ATCC 15697, complete genome
# Database: db/blast_C0111-6F-1A_S14.faa
# 0 hits found
# BLASTN 2.9.0+
# Query: NC_011593.1:c2617928-2616333 Bifidobacterium longum subsp. infantis ATCC 15697, complete genome
# Database: db/blast_C0111-6F-1A_S14.faa
# 0 hits found
# BLASTN 2.9.0+
# Query: NC_011593.1:c2619247-2618063 Bifidobacterium longum subsp. infantis ATCC 15697, complete genome
# Database: db/blast_C0111-6F-1A_S14.faa
# 0 hits found
# BLASTN 2.9.0+
# Query: NC_011593.1:c2620369-2619413 Bifidobacterium longum subsp. infantis ATCC 15697, complete genome
# Database: db/blast_C0111-6F-1A_S14.faa
# 0 hits found
# BLASTN 2.9.0+
# Query: NC_011593.1:c2622143-2620551 Bifidobacterium longum subsp. infantis ATCC 15697, complete genome
# Database: db/blast_C0111-6F-1A_S14.faa
# 0 hits found
# BLASTN 2.9.0+
# Query: NC_011593.1:c2624124-2622520 Bifidobacterium longum subsp. infantis ATCC 15697, complete genome
# Database: db/blast_C0111-6F-1A_S14.faa
# 0 hits found
# BLASTN 2.9.0+
# Query: NC_011593.1:c2626110-2624512 Bifidobacterium longum subsp. infantis ATCC 15697, complete genome
# Database: db/blast_C0111-6F-1A_S14.faa
# 0 hits found
# BLASTN 2.9.0+
# Query: NC_011593.1:c2626386-2626264 Bifidobacterium longum subsp. infantis ATCC 15697, complete genome
# Database: db/blast_C0111-6F-1A_S14.faa
# 0 hits found
# BLASTN 2.9.0+
# Query: NC_011593.1:c2628158-2626563 Bifidobacterium longum subsp. infantis ATCC 15697, complete genome
# Database: db/blast_C0111-6F-1A_S14.faa
# 0 hits found
# BLASTN 2.9.0+
# Query: NC_011593.1:c2630269-2628314 Bifidobacterium longum subsp. infantis ATCC 15697, complete genome
# Database: db/blast_C0111-6F-1A_S14.faa
# 0 hits found
# BLASTN 2.9.0+
# Query: NC_011593.1:c2631106-2630366 Bifidobacterium longum subsp. infantis ATCC 15697, complete genome
# Database: db/blast_C0111-6F-1A_S14.faa
# 0 hits found
# BLASTN 2.9.0+
# Query: NC_011593.1:c2632432-2631140 Bifidobacterium longum subsp. infantis ATCC 15697, complete genome
# Database: db/blast_C0111-6F-1A_S14.faa
# 0 hits found
# BLASTN 2.9.0+
# Query: NC_011593.1:c2633881-2632562 Bifidobacterium longum subsp. infantis ATCC 15697, complete genome
# Database: db/blast_C0111-6F-1A_S14.faa
# 0 hits found
# BLASTN 2.9.0+
# Query: NC_011593.1:c2634683-2633865 Bifidobacterium longum subsp. infantis ATCC 15697, complete genome
# Database: db/blast_C0111-6F-1A_S14.faa
# 0 hits found
# BLASTN 2.9.0+
# Query: NC_011593.1:c2635627-2634680 Bifidobacterium longum subsp. infantis ATCC 15697, complete genome
# Database: db/blast_C0111-6F-1A_S14.faa
# 0 hits found
# BLASTN 2.9.0+
# Query: NC_011593.1:c2636747-2635629 Bifidobacterium longum subsp. infantis ATCC 15697, complete genome
# Database: db/blast_C0111-6F-1A_S14.faa
# 0 hits found
# BLAST processed 31 queries
