# BLASTN 2.9.0+
# Query: NC_011593.1:c2595355-2593832 Bifidobacterium longum subsp. infantis ATCC 15697, complete genome
# Database: db/blast_C0117-5F-1A_S33.faa
# Fields: query acc.ver, subject acc.ver, % identity, alignment length, mismatches, gap opens, q. start, q. end, s. start, s. end, evalue, bit score
# 52 hits found
NC_011593.1:c2595355-2593832	NB551033:131:HK2T7BGX9:1:22208:21144:20334#0/2	99.333	150	1	0	727	876	1	150	1.45e-70	272
NC_011593.1:c2595355-2593832	NB551033:131:HK2T7BGX9:3:13505:15530:12560#0/1	99.333	150	1	0	366	515	1	150	1.45e-70	272
NC_011593.1:c2595355-2593832	NB551033:131:HK2T7BGX9:1:23104:25237:20018#0/1	98.675	151	2	0	468	618	151	1	1.88e-69	268
NC_011593.1:c2595355-2593832	NB551033:131:HK2T7BGX9:4:11401:12606:9518#0/1	98.667	150	2	0	419	568	150	1	6.75e-69	267
NC_011593.1:c2595355-2593832	NB551033:131:HK2T7BGX9:1:13108:13544:9294#0/1	98.667	150	2	0	462	611	150	1	6.75e-69	267
NC_011593.1:c2595355-2593832	NB551033:131:HK2T7BGX9:3:22609:7638:2876#0/2	98.658	149	2	0	971	1119	1	149	2.43e-68	265
NC_011593.1:c2595355-2593832	NB551033:131:HK2T7BGX9:4:11406:23906:9854#0/1	98.649	148	2	0	711	858	148	1	8.73e-68	263
NC_011593.1:c2595355-2593832	NB551033:131:HK2T7BGX9:1:13311:15785:16261#0/1	98.013	151	3	0	552	702	1	151	8.73e-68	263
NC_011593.1:c2595355-2593832	NB551033:131:HK2T7BGX9:4:11406:23906:9854#0/2	98.639	147	2	0	543	689	1	147	3.14e-67	261
NC_011593.1:c2595355-2593832	NB551033:131:HK2T7BGX9:3:13401:11303:9898#0/2	98.639	147	2	0	472	618	1	147	3.14e-67	261
NC_011593.1:c2595355-2593832	NB551033:131:HK2T7BGX9:1:13311:15785:16261#0/2	98.000	150	3	0	701	850	150	1	3.14e-67	261
NC_011593.1:c2595355-2593832	NB551033:131:HK2T7BGX9:3:13401:11303:9898#0/1	98.639	147	2	0	472	618	147	1	3.14e-67	261
NC_011593.1:c2595355-2593832	NB551033:131:HK2T7BGX9:3:13505:15530:12560#0/2	98.621	145	2	0	420	564	145	1	4.06e-66	257
NC_011593.1:c2595355-2593832	NB551033:131:HK2T7BGX9:1:22305:15003:18594#0/2	97.351	151	4	0	686	836	151	1	4.06e-66	257
NC_011593.1:c2595355-2593832	NB551033:131:HK2T7BGX9:3:13602:25541:4236#0/2	97.333	150	4	0	165	314	1	150	1.46e-65	255
NC_011593.1:c2595355-2593832	NB551033:131:HK2T7BGX9:1:13108:13544:9294#0/2	97.333	150	4	0	94	243	1	150	1.46e-65	255
NC_011593.1:c2595355-2593832	NB551033:131:HK2T7BGX9:2:13203:6082:12548#0/1	96.667	150	5	0	615	764	1	150	6.80e-64	250
NC_011593.1:c2595355-2593832	NB551033:131:HK2T7BGX9:1:22305:15003:18594#0/1	96.667	150	5	0	580	729	1	150	6.80e-64	250
NC_011593.1:c2595355-2593832	NB551033:131:HK2T7BGX9:1:21110:11452:11956#0/1	96.644	149	5	0	1322	1470	151	3	2.44e-63	248
NC_011593.1:c2595355-2593832	NB551033:131:HK2T7BGX9:3:22609:7638:2876#0/1	96.000	150	6	0	1222	1371	150	1	3.16e-62	244
NC_011593.1:c2595355-2593832	NB551033:131:HK2T7BGX9:3:13602:25541:4236#0/1	96.000	150	6	0	201	350	150	1	3.16e-62	244
NC_011593.1:c2595355-2593832	NB551033:131:HK2T7BGX9:3:21402:16181:17897#0/2	98.540	137	2	0	981	1117	1	137	1.14e-61	243
NC_011593.1:c2595355-2593832	NB551033:131:HK2T7BGX9:3:21402:16181:17897#0/1	98.540	137	2	0	981	1117	137	1	1.14e-61	243
NC_011593.1:c2595355-2593832	NB551033:131:HK2T7BGX9:2:13203:6082:12548#0/2	95.333	150	7	0	660	809	150	1	1.47e-60	239
NC_011593.1:c2595355-2593832	NB551033:131:HK2T7BGX9:1:23104:25237:20018#0/2	95.333	150	7	0	200	349	1	150	1.47e-60	239
NC_011593.1:c2595355-2593832	NB551033:131:HK2T7BGX9:3:13403:14542:9028#0/2	95.238	147	7	0	239	385	147	1	6.84e-59	233
NC_011593.1:c2595355-2593832	NB551033:131:HK2T7BGX9:3:13403:14542:9028#0/1	95.238	147	7	0	239	385	1	147	6.84e-59	233
NC_011593.1:c2595355-2593832	NB551033:131:HK2T7BGX9:2:13206:13860:14694#0/2	99.213	127	1	0	356	482	127	1	8.85e-58	230
NC_011593.1:c2595355-2593832	NB551033:131:HK2T7BGX9:2:13206:13860:14694#0/1	99.213	127	1	0	356	482	1	127	8.85e-58	230
NC_011593.1:c2595355-2593832	NB551033:131:HK2T7BGX9:1:12204:4242:11923#0/2	98.438	128	2	0	429	556	1	128	1.15e-56	226
NC_011593.1:c2595355-2593832	NB551033:131:HK2T7BGX9:1:12204:4242:11923#0/1	98.438	128	2	0	429	556	128	1	1.15e-56	226
NC_011593.1:c2595355-2593832	NB551033:131:HK2T7BGX9:2:12212:12134:12860#0/2	96.296	135	5	0	1301	1435	135	1	1.48e-55	222
NC_011593.1:c2595355-2593832	NB551033:131:HK2T7BGX9:2:12203:20056:10228#0/2	96.269	134	5	0	1337	1470	1	134	5.33e-55	220
NC_011593.1:c2595355-2593832	NB551033:131:HK2T7BGX9:4:11401:12606:9518#0/2	99.160	119	1	0	366	484	1	119	2.48e-53	215
NC_011593.1:c2595355-2593832	NB551033:131:HK2T7BGX9:1:21110:11452:11956#0/2	98.305	118	2	0	1253	1370	1	118	4.15e-51	207
NC_011593.1:c2595355-2593832	NB551033:131:HK2T7BGX9:3:23509:5117:1270#0/2	97.414	116	3	0	52	167	116	1	2.50e-48	198
NC_011593.1:c2595355-2593832	NB551033:131:HK2T7BGX9:3:23509:5117:1270#0/1	97.414	116	3	0	52	167	6	121	2.50e-48	198
NC_011593.1:c2595355-2593832	NB551033:131:HK2T7BGX9:1:22208:21144:20334#0/1	98.198	111	2	0	781	891	111	1	3.23e-47	195
NC_011593.1:c2595355-2593832	NB551033:131:HK2T7BGX9:1:11306:4024:14599#0/2	96.552	116	4	0	265	380	2	117	1.16e-46	193
NC_011593.1:c2595355-2593832	NB551033:131:HK2T7BGX9:1:11306:4024:14599#0/1	96.552	116	4	0	265	380	116	1	1.16e-46	193
NC_011593.1:c2595355-2593832	NB551033:131:HK2T7BGX9:4:11512:5379:14148#0/2	98.925	93	1	0	1032	1124	93	1	7.04e-39	167
NC_011593.1:c2595355-2593832	NB551033:131:HK2T7BGX9:3:11606:18908:16696#0/2	96.078	102	4	0	686	787	102	1	7.04e-39	167
NC_011593.1:c2595355-2593832	NB551033:131:HK2T7BGX9:4:11512:5379:14148#0/1	98.925	93	1	0	1032	1124	1	93	7.04e-39	167
NC_011593.1:c2595355-2593832	NB551033:131:HK2T7BGX9:3:11606:18908:16696#0/1	96.078	102	4	0	686	787	1	102	7.04e-39	167
NC_011593.1:c2595355-2593832	NB551033:131:HK2T7BGX9:2:11110:6777:7062#0/2	98.913	92	1	0	939	1030	92	1	2.53e-38	165
NC_011593.1:c2595355-2593832	NB551033:131:HK2T7BGX9:2:11110:6777:7062#0/1	98.913	92	1	0	939	1030	1	92	2.53e-38	165
NC_011593.1:c2595355-2593832	NB551033:131:HK2T7BGX9:1:22210:13249:19676#0/2	96.842	95	3	0	1312	1406	95	1	1.18e-36	159
NC_011593.1:c2595355-2593832	NB551033:131:HK2T7BGX9:1:22210:13249:19676#0/1	97.778	90	2	0	1312	1401	1	90	1.52e-35	156
NC_011593.1:c2595355-2593832	NB551033:131:HK2T7BGX9:2:12212:12134:12860#0/1	97.701	87	2	0	1284	1370	1	87	7.09e-34	150
NC_011593.1:c2595355-2593832	NB551033:131:HK2T7BGX9:2:12301:3810:10187#0/2	95.000	80	4	0	318	397	1	80	1.19e-26	126
NC_011593.1:c2595355-2593832	NB551033:131:HK2T7BGX9:2:12301:3810:10187#0/1	95.000	80	4	0	318	397	80	1	1.19e-26	126
NC_011593.1:c2595355-2593832	NB551033:131:HK2T7BGX9:2:11301:14402:18848#0/2	98.305	59	1	0	1412	1470	1	59	5.60e-20	104
# BLASTN 2.9.0+
# Query: NC_011593.1:c2597106-2595574 Bifidobacterium longum subsp. infantis ATCC 15697, complete genome
# Database: db/blast_C0117-5F-1A_S33.faa
# Fields: query acc.ver, subject acc.ver, % identity, alignment length, mismatches, gap opens, q. start, q. end, s. start, s. end, evalue, bit score
# 4 hits found
NC_011593.1:c2597106-2595574	NB551033:131:HK2T7BGX9:3:13602:25541:4236#0/1	95.000	120	6	0	214	333	137	18	1.51e-45	189
NC_011593.1:c2597106-2595574	NB551033:131:HK2T7BGX9:4:12405:4359:1721#0/1	98.765	81	1	0	1	81	67	147	3.32e-32	145
NC_011593.1:c2597106-2595574	NB551033:131:HK2T7BGX9:2:11301:14402:18848#0/2	98.305	59	1	0	1412	1470	1	59	5.63e-20	104
NC_011593.1:c2597106-2595574	NB551033:131:HK2T7BGX9:3:23610:9974:12613#0/2	100.000	55	0	0	1	55	55	1	2.03e-19	102
# BLASTN 2.9.0+
# Query: NC_011593.1:c2598562-2597207 Bifidobacterium longum subsp. infantis ATCC 15697, complete genome
# Database: db/blast_C0117-5F-1A_S33.faa
# Fields: query acc.ver, subject acc.ver, % identity, alignment length, mismatches, gap opens, q. start, q. end, s. start, s. end, evalue, bit score
# 80 hits found
NC_011593.1:c2598562-2597207	NB551033:131:HK2T7BGX9:4:13506:14645:3655#0/2	100.000	151	0	0	211	361	1	151	7.77e-73	279
NC_011593.1:c2598562-2597207	NB551033:131:HK2T7BGX9:3:22410:6878:4523#0/2	100.000	151	0	0	909	1059	1	151	7.77e-73	279
NC_011593.1:c2598562-2597207	NB551033:131:HK2T7BGX9:2:21312:7491:13166#0/2	100.000	151	0	0	293	443	1	151	7.77e-73	279
NC_011593.1:c2598562-2597207	NB551033:131:HK2T7BGX9:2:13103:7377:12469#0/2	100.000	151	0	0	514	664	1	151	7.77e-73	279
NC_011593.1:c2598562-2597207	NB551033:131:HK2T7BGX9:4:11608:14994:16721#0/1	100.000	151	0	0	698	848	1	151	7.77e-73	279
NC_011593.1:c2598562-2597207	NB551033:131:HK2T7BGX9:4:11603:17772:8415#0/1	100.000	151	0	0	199	349	1	151	7.77e-73	279
NC_011593.1:c2598562-2597207	NB551033:131:HK2T7BGX9:1:11207:25739:7286#0/1	100.000	151	0	0	562	712	1	151	7.77e-73	279
NC_011593.1:c2598562-2597207	NB551033:131:HK2T7BGX9:4:13505:12255:11634#0/2	100.000	150	0	0	504	653	1	150	2.80e-72	278
NC_011593.1:c2598562-2597207	NB551033:131:HK2T7BGX9:3:12410:16229:1533#0/2	100.000	150	0	0	597	746	150	1	2.80e-72	278
NC_011593.1:c2598562-2597207	NB551033:131:HK2T7BGX9:2:22203:21982:18961#0/2	100.000	150	0	0	456	605	1	150	2.80e-72	278
NC_011593.1:c2598562-2597207	NB551033:131:HK2T7BGX9:2:21307:12319:11182#0/2	100.000	150	0	0	1074	1223	1	150	2.80e-72	278
NC_011593.1:c2598562-2597207	NB551033:131:HK2T7BGX9:2:13212:13316:14217#0/2	100.000	150	0	0	446	595	1	150	2.80e-72	278
NC_011593.1:c2598562-2597207	NB551033:131:HK2T7BGX9:1:21212:23273:11674#0/2	100.000	150	0	0	1164	1313	150	1	2.80e-72	278
NC_011593.1:c2598562-2597207	NB551033:131:HK2T7BGX9:4:23511:22300:12706#0/1	100.000	150	0	0	628	777	150	1	2.80e-72	278
NC_011593.1:c2598562-2597207	NB551033:131:HK2T7BGX9:4:11611:10191:3334#0/1	100.000	150	0	0	1072	1221	1	150	2.80e-72	278
NC_011593.1:c2598562-2597207	NB551033:131:HK2T7BGX9:2:21312:7491:13166#0/1	100.000	150	0	0	320	469	150	1	2.80e-72	278
NC_011593.1:c2598562-2597207	NB551033:131:HK2T7BGX9:2:21307:12319:11182#0/1	100.000	150	0	0	1164	1313	150	1	2.80e-72	278
NC_011593.1:c2598562-2597207	NB551033:131:HK2T7BGX9:2:13103:24281:12405#0/1	100.000	150	0	0	762	911	150	1	2.80e-72	278
NC_011593.1:c2598562-2597207	NB551033:131:HK2T7BGX9:1:12202:10259:1387#0/1	100.000	150	0	0	640	789	1	150	2.80e-72	278
NC_011593.1:c2598562-2597207	NB551033:131:HK2T7BGX9:4:11608:14994:16721#0/2	100.000	149	0	0	820	968	149	1	1.01e-71	276
NC_011593.1:c2598562-2597207	NB551033:131:HK2T7BGX9:1:23312:7674:1193#0/2	100.000	149	0	0	485	633	1	149	1.01e-71	276
NC_011593.1:c2598562-2597207	NB551033:131:HK2T7BGX9:1:11207:25739:7286#0/2	100.000	149	0	0	603	751	149	1	1.01e-71	276
NC_011593.1:c2598562-2597207	NB551033:131:HK2T7BGX9:3:12410:16229:1533#0/1	100.000	148	0	0	222	369	1	148	3.62e-71	274
NC_011593.1:c2598562-2597207	NB551033:131:HK2T7BGX9:4:13410:22077:12975#0/2	99.333	150	1	0	1152	1301	150	1	1.30e-70	272
NC_011593.1:c2598562-2597207	NB551033:131:HK2T7BGX9:1:12202:10259:1387#0/2	99.333	150	1	0	691	840	150	1	1.30e-70	272
NC_011593.1:c2598562-2597207	NB551033:131:HK2T7BGX9:1:11305:3767:13338#0/2	99.338	151	0	1	691	840	151	1	1.30e-70	272
NC_011593.1:c2598562-2597207	NB551033:131:HK2T7BGX9:4:12403:23495:6206#0/1	100.000	147	0	0	138	284	4	150	1.30e-70	272
NC_011593.1:c2598562-2597207	NB551033:131:HK2T7BGX9:2:22203:21982:18961#0/1	99.333	150	1	0	724	873	150	1	1.30e-70	272
NC_011593.1:c2598562-2597207	NB551033:131:HK2T7BGX9:2:13103:7377:12469#0/1	99.333	150	1	0	870	1019	150	1	1.30e-70	272
NC_011593.1:c2598562-2597207	NB551033:131:HK2T7BGX9:1:11305:3767:13338#0/1	99.338	151	0	1	663	812	1	151	1.30e-70	272
NC_011593.1:c2598562-2597207	NB551033:131:HK2T7BGX9:2:13103:24281:12405#0/2	98.675	151	2	0	754	904	1	151	1.68e-69	268
NC_011593.1:c2598562-2597207	NB551033:131:HK2T7BGX9:1:11303:24689:1311#0/1	98.675	151	2	0	846	996	1	151	1.68e-69	268
NC_011593.1:c2598562-2597207	NB551033:131:HK2T7BGX9:4:21502:22838:4724#0/2	100.000	144	0	0	830	973	1	144	6.05e-69	267
NC_011593.1:c2598562-2597207	NB551033:131:HK2T7BGX9:4:21502:22838:4724#0/1	100.000	144	0	0	830	973	144	1	6.05e-69	267
NC_011593.1:c2598562-2597207	NB551033:131:HK2T7BGX9:2:13206:26311:19510#0/1	98.667	150	2	0	358	507	1	150	6.05e-69	267
NC_011593.1:c2598562-2597207	NB551033:131:HK2T7BGX9:4:11508:8788:16895#0/2	100.000	139	0	0	1218	1356	1	139	3.64e-66	257
NC_011593.1:c2598562-2597207	NB551033:131:HK2T7BGX9:2:12211:17905:11161#0/2	100.000	139	0	0	1073	1211	1	139	3.64e-66	257
NC_011593.1:c2598562-2597207	NB551033:131:HK2T7BGX9:3:12508:11145:4722#0/2	100.000	137	0	0	254	390	1	137	4.71e-65	254
NC_011593.1:c2598562-2597207	NB551033:131:HK2T7BGX9:2:13212:13316:14217#0/1	100.000	136	0	0	589	724	136	1	1.69e-64	252
NC_011593.1:c2598562-2597207	NB551033:131:HK2T7BGX9:1:21212:23273:11674#0/1	100.000	135	0	0	1058	1192	17	151	6.09e-64	250
NC_011593.1:c2598562-2597207	NB551033:131:HK2T7BGX9:1:22112:4487:3633#0/2	100.000	131	0	0	931	1061	131	1	1.02e-61	243
NC_011593.1:c2598562-2597207	NB551033:131:HK2T7BGX9:1:22112:4487:3633#0/1	100.000	131	0	0	931	1061	1	131	1.02e-61	243
NC_011593.1:c2598562-2597207	NB551033:131:HK2T7BGX9:3:13401:14702:13644#0/2	100.000	128	0	0	744	871	128	1	4.74e-60	237
NC_011593.1:c2598562-2597207	NB551033:131:HK2T7BGX9:4:23511:22300:12706#0/2	100.000	126	0	0	412	537	1	126	6.14e-59	233
NC_011593.1:c2598562-2597207	NB551033:131:HK2T7BGX9:4:22506:15166:16387#0/2	100.000	126	0	0	939	1064	1	126	6.14e-59	233
NC_011593.1:c2598562-2597207	NB551033:131:HK2T7BGX9:3:12401:2541:16764#0/2	100.000	125	0	0	547	671	1	125	2.21e-58	231
NC_011593.1:c2598562-2597207	NB551033:131:HK2T7BGX9:1:23206:23983:8547#0/2	100.000	119	0	0	359	477	1	119	4.78e-55	220
NC_011593.1:c2598562-2597207	NB551033:131:HK2T7BGX9:1:11303:24689:1311#0/2	99.145	117	1	0	1010	1126	117	1	2.88e-52	211
NC_011593.1:c2598562-2597207	NB551033:131:HK2T7BGX9:1:21102:12721:9372#0/1	100.000	114	0	0	306	419	114	1	2.88e-52	211
NC_011593.1:c2598562-2597207	NB551033:131:HK2T7BGX9:4:22506:15166:16387#0/1	100.000	111	0	0	954	1064	142	32	1.34e-50	206
NC_011593.1:c2598562-2597207	NB551033:131:HK2T7BGX9:4:13506:14645:3655#0/1	100.000	111	0	0	315	425	111	1	1.34e-50	206
NC_011593.1:c2598562-2597207	NB551033:131:HK2T7BGX9:3:12401:2541:16764#0/1	99.057	106	1	0	566	671	106	1	3.75e-46	191
NC_011593.1:c2598562-2597207	NB551033:131:HK2T7BGX9:4:11603:17772:8415#0/2	100.000	101	0	0	315	415	101	1	4.85e-45	187
NC_011593.1:c2598562-2597207	NB551033:131:HK2T7BGX9:3:13401:14702:13644#0/1	100.000	97	0	0	645	741	1	97	8.11e-43	180
NC_011593.1:c2598562-2597207	NB551033:131:HK2T7BGX9:4:22509:25261:7789#0/1	100.000	96	0	0	1138	1233	96	1	2.92e-42	178
NC_011593.1:c2598562-2597207	NB551033:131:HK2T7BGX9:2:13206:26311:19510#0/2	100.000	93	0	0	534	626	93	1	1.36e-40	172
NC_011593.1:c2598562-2597207	NB551033:131:HK2T7BGX9:4:13505:12255:11634#0/1	98.958	96	1	0	924	1019	96	1	1.36e-40	172
NC_011593.1:c2598562-2597207	NB551033:131:HK2T7BGX9:1:12304:2412:8227#0/2	100.000	92	0	0	247	338	92	1	4.88e-40	171
NC_011593.1:c2598562-2597207	NB551033:131:HK2T7BGX9:3:12507:17033:15062#0/2	100.000	91	0	0	1266	1356	151	61	1.76e-39	169
NC_011593.1:c2598562-2597207	NB551033:131:HK2T7BGX9:4:12403:23495:6206#0/2	100.000	88	0	0	396	483	88	1	8.17e-38	163
NC_011593.1:c2598562-2597207	NB551033:131:HK2T7BGX9:3:22410:6878:4523#0/1	100.000	88	0	0	1269	1356	116	29	8.17e-38	163
NC_011593.1:c2598562-2597207	NB551033:131:HK2T7BGX9:1:23206:23983:8547#0/1	100.000	85	0	0	393	477	85	1	3.80e-36	158
NC_011593.1:c2598562-2597207	NB551033:131:HK2T7BGX9:3:23408:4535:3011#0/2	100.000	83	0	0	1274	1356	143	61	4.92e-35	154
NC_011593.1:c2598562-2597207	NB551033:131:HK2T7BGX9:3:23408:4535:3011#0/1	100.000	83	0	0	1274	1356	1	83	4.92e-35	154
NC_011593.1:c2598562-2597207	NB551033:131:HK2T7BGX9:3:23507:14911:1410#0/2	100.000	80	0	0	694	773	1	80	2.29e-33	148
NC_011593.1:c2598562-2597207	NB551033:131:HK2T7BGX9:3:23507:14911:1410#0/1	100.000	80	0	0	694	773	80	1	2.29e-33	148
NC_011593.1:c2598562-2597207	NB551033:131:HK2T7BGX9:1:21102:12721:9372#0/2	100.000	76	0	0	138	213	75	150	3.83e-31	141
NC_011593.1:c2598562-2597207	NB551033:131:HK2T7BGX9:1:23312:7674:1193#0/1	100.000	76	0	0	578	653	76	1	3.83e-31	141
NC_011593.1:c2598562-2597207	NB551033:131:HK2T7BGX9:1:11102:11463:5523#0/2	100.000	74	0	0	228	301	74	1	4.95e-30	137
NC_011593.1:c2598562-2597207	NB551033:131:HK2T7BGX9:3:12508:11145:4722#0/1	100.000	73	0	0	318	390	73	1	1.78e-29	135
NC_011593.1:c2598562-2597207	NB551033:131:HK2T7BGX9:2:11309:2332:5109#0/1	100.000	70	0	0	138	207	70	1	8.28e-28	130
NC_011593.1:c2598562-2597207	NB551033:131:HK2T7BGX9:3:12507:17033:15062#0/1	100.000	62	0	0	1058	1119	87	148	2.32e-23	115
NC_011593.1:c2598562-2597207	NB551033:131:HK2T7BGX9:4:11508:8788:16895#0/1	100.000	60	0	0	1297	1356	120	61	3.00e-22	111
NC_011593.1:c2598562-2597207	NB551033:131:HK2T7BGX9:4:11611:10191:3334#0/2	100.000	56	0	0	1301	1356	116	61	5.02e-20	104
NC_011593.1:c2598562-2597207	NB551033:131:HK2T7BGX9:4:23603:14215:17094#0/2	100.000	52	0	0	138	189	55	106	8.40e-18	97.1
NC_011593.1:c2598562-2597207	NB551033:131:HK2T7BGX9:4:23603:14215:17094#0/1	100.000	52	0	0	138	189	52	1	8.40e-18	97.1
NC_011593.1:c2598562-2597207	NB551033:131:HK2T7BGX9:4:22401:3581:4962#0/2	100.000	46	0	0	1019	1064	92	47	1.82e-14	86.1
NC_011593.1:c2598562-2597207	NB551033:131:HK2T7BGX9:4:22401:3581:4962#0/1	100.000	46	0	0	1019	1064	1	46	1.82e-14	86.1
NC_011593.1:c2598562-2597207	NB551033:131:HK2T7BGX9:4:12411:16295:7770#0/2	100.000	41	0	0	1058	1098	87	127	1.09e-11	76.8
NC_011593.1:c2598562-2597207	NB551033:131:HK2T7BGX9:4:12411:16295:7770#0/1	100.000	41	0	0	1058	1098	41	1	1.09e-11	76.8
# BLASTN 2.9.0+
# Query: NC_011593.1:2598858-2601929 Bifidobacterium longum subsp. infantis ATCC 15697, complete genome
# Database: db/blast_C0117-5F-1A_S33.faa
# Fields: query acc.ver, subject acc.ver, % identity, alignment length, mismatches, gap opens, q. start, q. end, s. start, s. end, evalue, bit score
# 188 hits found
NC_011593.1:2598858-2601929	NB551033:131:HK2T7BGX9:3:11404:17078:7216#0/2	100.000	151	0	0	1742	1892	1	151	1.76e-72	279
NC_011593.1:2598858-2601929	NB551033:131:HK2T7BGX9:1:21111:26563:5569#0/2	100.000	151	0	0	1703	1853	1	151	1.76e-72	279
NC_011593.1:2598858-2601929	NB551033:131:HK2T7BGX9:3:23402:9367:6176#0/2	100.000	150	0	0	259	408	150	1	6.35e-72	278
NC_011593.1:2598858-2601929	NB551033:131:HK2T7BGX9:3:22602:25279:19484#0/2	100.000	150	0	0	1005	1154	150	1	6.35e-72	278
NC_011593.1:2598858-2601929	NB551033:131:HK2T7BGX9:3:11412:15937:14520#0/2	100.000	150	0	0	1009	1158	1	150	6.35e-72	278
NC_011593.1:2598858-2601929	NB551033:131:HK2T7BGX9:2:12205:11177:10486#0/2	100.000	150	0	0	898	1047	2	151	6.35e-72	278
NC_011593.1:2598858-2601929	NB551033:131:HK2T7BGX9:4:13405:5919:17806#0/1	100.000	150	0	0	1611	1760	1	150	6.35e-72	278
NC_011593.1:2598858-2601929	NB551033:131:HK2T7BGX9:3:12511:9037:12202#0/1	100.000	150	0	0	2421	2570	150	1	6.35e-72	278
NC_011593.1:2598858-2601929	NB551033:131:HK2T7BGX9:4:13410:3982:11493#0/2	99.338	151	1	0	309	459	151	1	8.21e-71	274
NC_011593.1:2598858-2601929	NB551033:131:HK2T7BGX9:1:13107:13176:10974#0/2	99.338	151	1	0	1645	1795	1	151	8.21e-71	274
NC_011593.1:2598858-2601929	NB551033:131:HK2T7BGX9:1:11310:21873:4786#0/2	99.338	151	1	0	2749	2899	1	151	8.21e-71	274
NC_011593.1:2598858-2601929	NB551033:131:HK2T7BGX9:4:12402:2160:6951#0/1	99.338	151	1	0	315	465	1	151	8.21e-71	274
NC_011593.1:2598858-2601929	NB551033:131:HK2T7BGX9:4:12401:13299:4735#0/1	99.338	151	1	0	1381	1531	1	151	8.21e-71	274
NC_011593.1:2598858-2601929	NB551033:131:HK2T7BGX9:3:23510:15247:1212#0/1	100.000	148	0	0	1601	1748	1	148	8.21e-71	274
NC_011593.1:2598858-2601929	NB551033:131:HK2T7BGX9:3:22602:25279:19484#0/1	99.338	151	1	0	905	1055	1	151	8.21e-71	274
NC_011593.1:2598858-2601929	NB551033:131:HK2T7BGX9:1:22212:13018:15515#0/1	99.338	151	1	0	1941	2091	1	151	8.21e-71	274
NC_011593.1:2598858-2601929	NB551033:131:HK2T7BGX9:1:22104:7886:10308#0/1	99.338	151	1	0	1546	1696	151	1	8.21e-71	274
NC_011593.1:2598858-2601929	NB551033:131:HK2T7BGX9:4:13405:5919:17806#0/2	99.333	150	1	0	1722	1871	150	1	2.95e-70	272
NC_011593.1:2598858-2601929	NB551033:131:HK2T7BGX9:3:21502:26476:15550#0/2	99.333	150	1	0	1937	2086	150	1	2.95e-70	272
NC_011593.1:2598858-2601929	NB551033:131:HK2T7BGX9:3:13406:11707:18189#0/2	99.333	150	1	0	334	483	150	1	2.95e-70	272
NC_011593.1:2598858-2601929	NB551033:131:HK2T7BGX9:3:11604:1191:13440#0/2	99.333	150	1	0	9	158	150	1	2.95e-70	272
NC_011593.1:2598858-2601929	NB551033:131:HK2T7BGX9:3:11603:26682:13442#0/2	99.333	150	1	0	9	158	150	1	2.95e-70	272
NC_011593.1:2598858-2601929	NB551033:131:HK2T7BGX9:4:23411:12501:4064#0/1	99.333	150	1	0	296	445	150	1	2.95e-70	272
NC_011593.1:2598858-2601929	NB551033:131:HK2T7BGX9:3:23402:9367:6176#0/1	99.333	150	1	0	149	298	1	150	2.95e-70	272
NC_011593.1:2598858-2601929	NB551033:131:HK2T7BGX9:3:13406:11707:18189#0/1	99.333	150	1	0	237	386	1	150	2.95e-70	272
NC_011593.1:2598858-2601929	NB551033:131:HK2T7BGX9:3:11501:11142:10773#0/1	99.333	150	1	0	1893	2042	1	150	2.95e-70	272
NC_011593.1:2598858-2601929	NB551033:131:HK2T7BGX9:3:11412:15937:14520#0/1	99.333	150	1	0	1125	1274	150	1	2.95e-70	272
NC_011593.1:2598858-2601929	NB551033:131:HK2T7BGX9:1:21111:26563:5569#0/1	99.333	150	1	0	1753	1902	150	1	2.95e-70	272
NC_011593.1:2598858-2601929	NB551033:131:HK2T7BGX9:1:13107:13176:10974#0/1	99.333	150	1	0	1912	2061	150	1	2.95e-70	272
NC_011593.1:2598858-2601929	NB551033:131:HK2T7BGX9:3:12403:10692:8409#0/1	99.329	149	1	0	1012	1160	1	149	1.06e-69	270
NC_011593.1:2598858-2601929	NB551033:131:HK2T7BGX9:2:11203:13810:20026#0/1	99.329	149	1	0	381	529	1	149	1.06e-69	270
NC_011593.1:2598858-2601929	NB551033:131:HK2T7BGX9:4:23507:8356:5576#0/2	98.675	151	2	0	2884	3034	151	1	3.82e-69	268
NC_011593.1:2598858-2601929	NB551033:131:HK2T7BGX9:3:22502:14088:3526#0/2	98.675	151	2	0	611	761	151	1	3.82e-69	268
NC_011593.1:2598858-2601929	NB551033:131:HK2T7BGX9:3:21609:13592:4622#0/2	98.675	151	2	0	969	1119	1	151	3.82e-69	268
NC_011593.1:2598858-2601929	NB551033:131:HK2T7BGX9:3:12403:10692:8409#0/2	98.675	151	2	0	1021	1171	151	1	3.82e-69	268
NC_011593.1:2598858-2601929	NB551033:131:HK2T7BGX9:3:11501:11142:10773#0/2	99.324	148	1	0	2010	2157	150	3	3.82e-69	268
NC_011593.1:2598858-2601929	NB551033:131:HK2T7BGX9:2:22104:22769:19409#0/2	98.675	151	2	0	2493	2643	151	1	3.82e-69	268
NC_011593.1:2598858-2601929	NB551033:131:HK2T7BGX9:4:12611:9842:18977#0/1	98.675	151	2	0	1076	1226	1	151	3.82e-69	268
NC_011593.1:2598858-2601929	NB551033:131:HK2T7BGX9:4:11611:9034:1542#0/1	98.675	151	2	0	1505	1655	151	1	3.82e-69	268
NC_011593.1:2598858-2601929	NB551033:131:HK2T7BGX9:2:23304:26857:17070#0/1	98.675	151	2	0	1013	1163	151	1	3.82e-69	268
NC_011593.1:2598858-2601929	NB551033:131:HK2T7BGX9:2:22107:20336:3650#0/1	98.675	151	2	0	1481	1631	151	1	3.82e-69	268
NC_011593.1:2598858-2601929	NB551033:131:HK2T7BGX9:2:21205:20789:8850#0/1	98.675	151	2	0	2877	3027	1	151	3.82e-69	268
NC_011593.1:2598858-2601929	NB551033:131:HK2T7BGX9:2:12205:11177:10486#0/1	98.675	151	2	0	1072	1222	151	1	3.82e-69	268
NC_011593.1:2598858-2601929	NB551033:131:HK2T7BGX9:4:23411:12501:4064#0/2	98.667	150	2	0	100	249	1	150	1.37e-68	267
NC_011593.1:2598858-2601929	NB551033:131:HK2T7BGX9:2:23304:26857:17070#0/2	98.667	150	2	0	926	1075	1	150	1.37e-68	267
NC_011593.1:2598858-2601929	NB551033:131:HK2T7BGX9:2:23212:14224:14965#0/2	98.667	150	2	0	1319	1468	1	150	1.37e-68	267
NC_011593.1:2598858-2601929	NB551033:131:HK2T7BGX9:2:11110:13214:18459#0/2	98.667	150	2	0	669	818	150	1	1.37e-68	267
NC_011593.1:2598858-2601929	NB551033:131:HK2T7BGX9:2:13111:20800:13813#0/1	98.667	150	2	0	2788	2937	150	1	1.37e-68	267
NC_011593.1:2598858-2601929	NB551033:131:HK2T7BGX9:3:22606:16626:4617#0/2	98.658	149	2	0	2529	2677	1	149	4.94e-68	265
NC_011593.1:2598858-2601929	NB551033:131:HK2T7BGX9:3:22403:8315:12285#0/1	98.658	149	2	0	2889	3037	1	149	4.94e-68	265
NC_011593.1:2598858-2601929	NB551033:131:HK2T7BGX9:4:12409:26549:1285#0/2	100.000	142	0	0	1567	1708	1	142	1.78e-67	263
NC_011593.1:2598858-2601929	NB551033:131:HK2T7BGX9:4:12401:13299:4735#0/2	98.013	151	3	0	1462	1612	151	1	1.78e-67	263
NC_011593.1:2598858-2601929	NB551033:131:HK2T7BGX9:3:22403:8315:12285#0/2	98.013	151	3	0	2919	3069	151	1	1.78e-67	263
NC_011593.1:2598858-2601929	NB551033:131:HK2T7BGX9:3:12402:11714:5909#0/2	98.013	151	3	0	2316	2466	151	1	1.78e-67	263
NC_011593.1:2598858-2601929	NB551033:131:HK2T7BGX9:2:22107:20336:3650#0/2	98.013	151	3	0	1435	1585	1	151	1.78e-67	263
NC_011593.1:2598858-2601929	NB551033:131:HK2T7BGX9:1:13302:3118:13493#0/2	98.013	151	3	0	1145	1295	151	1	1.78e-67	263
NC_011593.1:2598858-2601929	NB551033:131:HK2T7BGX9:1:12106:9296:2389#0/2	98.013	151	3	0	1118	1268	151	1	1.78e-67	263
NC_011593.1:2598858-2601929	NB551033:131:HK2T7BGX9:3:13605:14691:8675#0/1	98.013	151	3	0	1334	1484	151	1	1.78e-67	263
NC_011593.1:2598858-2601929	NB551033:131:HK2T7BGX9:2:23212:14224:14965#0/1	98.013	151	3	0	1332	1482	151	1	1.78e-67	263
NC_011593.1:2598858-2601929	NB551033:131:HK2T7BGX9:2:23210:13744:13402#0/1	98.649	148	2	0	1242	1389	148	1	1.78e-67	263
NC_011593.1:2598858-2601929	NB551033:131:HK2T7BGX9:2:22104:22769:19409#0/1	98.013	151	3	0	2318	2468	1	151	1.78e-67	263
NC_011593.1:2598858-2601929	NB551033:131:HK2T7BGX9:2:12203:13948:6645#0/1	98.649	148	2	0	1396	1543	148	1	1.78e-67	263
NC_011593.1:2598858-2601929	NB551033:131:HK2T7BGX9:4:12503:15505:4831#0/2	98.000	150	3	0	2686	2835	1	150	6.39e-67	261
NC_011593.1:2598858-2601929	NB551033:131:HK2T7BGX9:4:11611:9034:1542#0/2	98.000	150	3	0	1420	1569	1	150	6.39e-67	261
NC_011593.1:2598858-2601929	NB551033:131:HK2T7BGX9:3:13603:5447:12718#0/2	98.000	150	3	0	2830	2979	150	1	6.39e-67	261
NC_011593.1:2598858-2601929	NB551033:131:HK2T7BGX9:2:23108:6187:2276#0/2	98.000	150	3	0	1092	1241	1	150	6.39e-67	261
NC_011593.1:2598858-2601929	NB551033:131:HK2T7BGX9:2:22311:7062:12744#0/2	98.000	150	3	0	1266	1415	1	150	6.39e-67	261
NC_011593.1:2598858-2601929	NB551033:131:HK2T7BGX9:4:12503:15505:4831#0/1	98.000	150	3	0	2796	2945	150	1	6.39e-67	261
NC_011593.1:2598858-2601929	NB551033:131:HK2T7BGX9:4:12404:18523:10162#0/1	98.000	150	3	0	2567	2716	150	1	6.39e-67	261
NC_011593.1:2598858-2601929	NB551033:131:HK2T7BGX9:3:11507:21333:1678#0/1	98.000	150	3	0	2539	2688	1	150	6.39e-67	261
NC_011593.1:2598858-2601929	NB551033:131:HK2T7BGX9:2:22305:19786:6804#0/1	98.000	150	3	0	1107	1256	1	150	6.39e-67	261
NC_011593.1:2598858-2601929	NB551033:131:HK2T7BGX9:2:11201:22208:2514#0/1	98.000	150	3	0	1417	1566	150	1	6.39e-67	261
NC_011593.1:2598858-2601929	NB551033:131:HK2T7BGX9:2:11110:13214:18459#0/1	98.000	150	3	0	553	702	1	150	6.39e-67	261
NC_011593.1:2598858-2601929	NB551033:131:HK2T7BGX9:1:13302:3118:13493#0/1	98.000	150	3	0	1140	1289	1	150	6.39e-67	261
NC_011593.1:2598858-2601929	NB551033:131:HK2T7BGX9:3:13605:14691:8675#0/2	97.987	149	3	0	1140	1288	1	149	2.30e-66	259
NC_011593.1:2598858-2601929	NB551033:131:HK2T7BGX9:3:23505:26553:18082#0/1	98.630	146	2	0	1640	1785	1	146	2.30e-66	259
NC_011593.1:2598858-2601929	NB551033:131:HK2T7BGX9:1:22104:7886:10308#0/2	97.987	149	1	2	1214	1361	1	148	8.27e-66	257
NC_011593.1:2598858-2601929	NB551033:131:HK2T7BGX9:4:22501:23768:20049#0/1	98.621	145	2	0	2874	3018	145	1	8.27e-66	257
NC_011593.1:2598858-2601929	NB551033:131:HK2T7BGX9:4:11611:18755:13967#0/1	97.973	148	3	0	2771	2918	148	1	8.27e-66	257
NC_011593.1:2598858-2601929	NB551033:131:HK2T7BGX9:3:22606:16626:4617#0/1	97.351	151	4	0	2707	2857	151	1	8.27e-66	257
NC_011593.1:2598858-2601929	NB551033:131:HK2T7BGX9:3:12510:24204:7416#0/1	97.351	151	4	0	128	278	151	1	8.27e-66	257
NC_011593.1:2598858-2601929	NB551033:131:HK2T7BGX9:2:23108:6187:2276#0/1	97.351	151	4	0	1225	1375	151	1	8.27e-66	257
NC_011593.1:2598858-2601929	NB551033:131:HK2T7BGX9:4:22504:7149:6193#0/2	97.959	147	3	0	2576	2722	1	147	2.97e-65	255
NC_011593.1:2598858-2601929	NB551033:131:HK2T7BGX9:4:22501:23768:20049#0/2	97.333	150	4	0	2830	2979	1	150	2.97e-65	255
NC_011593.1:2598858-2601929	NB551033:131:HK2T7BGX9:3:12511:9037:12202#0/2	98.611	144	2	0	2244	2387	1	144	2.97e-65	255
NC_011593.1:2598858-2601929	NB551033:131:HK2T7BGX9:3:11504:20320:8798#0/2	97.333	150	4	0	2589	2738	1	150	2.97e-65	255
NC_011593.1:2598858-2601929	NB551033:131:HK2T7BGX9:2:13111:20800:13813#0/2	97.333	150	4	0	2638	2787	1	150	2.97e-65	255
NC_011593.1:2598858-2601929	NB551033:131:HK2T7BGX9:1:22206:14381:13862#0/2	97.333	150	4	0	2293	2442	150	1	2.97e-65	255
NC_011593.1:2598858-2601929	NB551033:131:HK2T7BGX9:3:12402:11714:5909#0/1	97.333	150	4	0	2283	2432	1	150	2.97e-65	255
NC_011593.1:2598858-2601929	NB551033:131:HK2T7BGX9:3:11504:20320:8798#0/1	97.333	150	4	0	2620	2769	150	1	2.97e-65	255
NC_011593.1:2598858-2601929	NB551033:131:HK2T7BGX9:1:11310:21873:4786#0/1	97.333	150	4	0	2874	3023	150	1	2.97e-65	255
NC_011593.1:2598858-2601929	NB551033:131:HK2T7BGX9:2:12203:13948:6645#0/2	97.315	149	4	0	1218	1366	1	149	1.07e-64	254
NC_011593.1:2598858-2601929	NB551033:131:HK2T7BGX9:4:23507:8356:5576#0/1	98.601	143	2	0	2864	3006	1	143	1.07e-64	254
NC_011593.1:2598858-2601929	NB551033:131:HK2T7BGX9:3:23608:5144:13650#0/2	99.281	139	1	0	270	408	1	139	3.85e-64	252
NC_011593.1:2598858-2601929	NB551033:131:HK2T7BGX9:3:21507:1130:6284#0/2	99.281	139	1	0	1617	1755	1	139	3.85e-64	252
NC_011593.1:2598858-2601929	NB551033:131:HK2T7BGX9:3:11507:21333:1678#0/2	96.689	151	5	0	2707	2857	151	1	3.85e-64	252
NC_011593.1:2598858-2601929	NB551033:131:HK2T7BGX9:2:21212:19401:8091#0/2	98.592	142	2	0	1991	2132	142	1	3.85e-64	252
NC_011593.1:2598858-2601929	NB551033:131:HK2T7BGX9:1:11112:4689:12056#0/2	99.281	139	1	0	2017	2155	139	1	3.85e-64	252
NC_011593.1:2598858-2601929	NB551033:131:HK2T7BGX9:3:21507:1130:6284#0/1	99.281	139	1	0	1617	1755	139	1	3.85e-64	252
NC_011593.1:2598858-2601929	NB551033:131:HK2T7BGX9:3:13603:5447:12718#0/1	96.689	151	5	0	2686	2836	1	151	3.85e-64	252
NC_011593.1:2598858-2601929	NB551033:131:HK2T7BGX9:2:21212:19401:8091#0/1	99.281	139	1	0	1991	2129	1	139	3.85e-64	252
NC_011593.1:2598858-2601929	NB551033:131:HK2T7BGX9:1:12106:9296:2389#0/1	96.689	151	5	0	784	934	1	151	3.85e-64	252
NC_011593.1:2598858-2601929	NB551033:131:HK2T7BGX9:1:11112:4689:12056#0/1	99.281	139	1	0	2017	2155	1	139	3.85e-64	252
NC_011593.1:2598858-2601929	NB551033:131:HK2T7BGX9:4:12402:2160:6951#0/2	96.667	150	5	0	487	636	150	1	1.38e-63	250
NC_011593.1:2598858-2601929	NB551033:131:HK2T7BGX9:4:12403:20187:15069#0/1	96.644	149	5	0	441	589	1	149	4.98e-63	248
NC_011593.1:2598858-2601929	NB551033:131:HK2T7BGX9:4:13508:20516:3383#0/2	98.561	139	2	0	2864	3002	139	1	1.79e-62	246
NC_011593.1:2598858-2601929	NB551033:131:HK2T7BGX9:3:21506:26577:6288#0/2	98.561	139	2	0	1617	1755	1	139	1.79e-62	246
NC_011593.1:2598858-2601929	NB551033:131:HK2T7BGX9:2:22305:19786:6804#0/2	97.887	142	3	0	1220	1361	143	2	1.79e-62	246
NC_011593.1:2598858-2601929	NB551033:131:HK2T7BGX9:4:13508:20516:3383#0/1	98.561	139	2	0	2864	3002	1	139	1.79e-62	246
NC_011593.1:2598858-2601929	NB551033:131:HK2T7BGX9:3:22502:14088:3526#0/1	96.000	150	6	0	521	670	1	150	6.44e-62	244
NC_011593.1:2598858-2601929	NB551033:131:HK2T7BGX9:2:12110:16806:15482#0/1	96.599	147	5	0	836	982	147	1	6.44e-62	244
NC_011593.1:2598858-2601929	NB551033:131:HK2T7BGX9:4:21405:23229:16457#0/2	99.248	133	1	0	310	442	1	133	8.33e-61	241
NC_011593.1:2598858-2601929	NB551033:131:HK2T7BGX9:1:22212:13018:15515#0/2	97.842	139	3	0	2096	2234	139	1	8.33e-61	241
NC_011593.1:2598858-2601929	NB551033:131:HK2T7BGX9:4:21405:23229:16457#0/1	99.248	133	1	0	310	442	133	1	8.33e-61	241
NC_011593.1:2598858-2601929	NB551033:131:HK2T7BGX9:3:21506:26577:6288#0/1	100.000	130	0	0	1626	1755	130	1	8.33e-61	241
NC_011593.1:2598858-2601929	NB551033:131:HK2T7BGX9:4:12611:9842:18977#0/2	98.519	135	2	0	1166	1300	135	1	3.00e-60	239
NC_011593.1:2598858-2601929	NB551033:131:HK2T7BGX9:4:12404:18523:10162#0/2	98.519	135	2	0	2529	2663	1	135	3.00e-60	239
NC_011593.1:2598858-2601929	NB551033:131:HK2T7BGX9:1:21104:17593:2771#0/1	95.333	150	7	0	506	655	150	1	3.00e-60	239
NC_011593.1:2598858-2601929	NB551033:131:HK2T7BGX9:3:23506:1082:18087#0/2	100.000	127	0	0	1689	1815	127	1	3.87e-59	235
NC_011593.1:2598858-2601929	NB551033:131:HK2T7BGX9:2:11201:22208:2514#0/2	98.496	133	2	0	1381	1513	1	133	3.87e-59	235
NC_011593.1:2598858-2601929	NB551033:131:HK2T7BGX9:2:11302:23016:4059#0/2	97.778	135	3	0	1432	1566	135	1	1.39e-58	233
NC_011593.1:2598858-2601929	NB551033:131:HK2T7BGX9:2:11302:23016:4059#0/1	97.778	135	3	0	1432	1566	1	135	1.39e-58	233
NC_011593.1:2598858-2601929	NB551033:131:HK2T7BGX9:4:23411:22484:6965#0/2	100.000	124	0	0	2447	2570	1	124	1.80e-57	230
NC_011593.1:2598858-2601929	NB551033:131:HK2T7BGX9:4:13503:8859:17958#0/2	99.213	127	1	0	963	1089	127	1	1.80e-57	230
NC_011593.1:2598858-2601929	NB551033:131:HK2T7BGX9:4:23411:22484:6965#0/1	100.000	124	0	0	2447	2570	124	1	1.80e-57	230
NC_011593.1:2598858-2601929	NB551033:131:HK2T7BGX9:4:13503:8859:17958#0/1	99.213	127	1	0	963	1089	1	127	1.80e-57	230
NC_011593.1:2598858-2601929	NB551033:131:HK2T7BGX9:2:22311:7062:12744#0/1	98.462	130	2	0	1348	1477	130	1	1.80e-57	230
NC_011593.1:2598858-2601929	NB551033:131:HK2T7BGX9:3:11404:17078:7216#0/1	98.450	129	2	0	1963	2091	129	1	6.48e-57	228
NC_011593.1:2598858-2601929	NB551033:131:HK2T7BGX9:2:23210:19240:13994#0/2	96.350	137	5	0	472	608	1	137	2.33e-56	226
NC_011593.1:2598858-2601929	NB551033:131:HK2T7BGX9:4:12409:26549:1285#0/1	100.000	122	0	0	1590	1711	122	1	2.33e-56	226
NC_011593.1:2598858-2601929	NB551033:131:HK2T7BGX9:2:12110:16806:15482#0/2	98.425	127	2	0	690	816	1	127	8.39e-56	224
NC_011593.1:2598858-2601929	NB551033:131:HK2T7BGX9:2:23210:19240:13994#0/1	96.324	136	5	0	473	608	136	1	8.39e-56	224
NC_011593.1:2598858-2601929	NB551033:131:HK2T7BGX9:4:21602:17178:14011#0/1	97.656	128	3	0	2595	2722	1	128	1.08e-54	220
NC_011593.1:2598858-2601929	NB551033:131:HK2T7BGX9:2:21205:20789:8850#0/2	96.899	129	4	0	2944	3072	150	22	1.40e-53	217
NC_011593.1:2598858-2601929	NB551033:131:HK2T7BGX9:3:21502:26476:15550#0/1	100.000	117	0	0	1914	2030	1	117	1.40e-53	217
NC_011593.1:2598858-2601929	NB551033:131:HK2T7BGX9:4:11611:18755:13967#0/2	96.800	125	4	0	2661	2785	1	125	2.35e-51	209
NC_011593.1:2598858-2601929	NB551033:131:HK2T7BGX9:3:23509:14689:17741#0/2	99.138	116	1	0	1	116	116	1	2.35e-51	209
NC_011593.1:2598858-2601929	NB551033:131:HK2T7BGX9:4:21408:14416:14814#0/2	99.130	115	1	0	2255	2369	1	115	8.45e-51	207
NC_011593.1:2598858-2601929	NB551033:131:HK2T7BGX9:4:11503:24514:10710#0/2	97.521	121	3	0	2106	2226	1	121	8.45e-51	207
NC_011593.1:2598858-2601929	NB551033:131:HK2T7BGX9:4:21408:14416:14814#0/1	99.130	115	1	0	2255	2369	115	1	8.45e-51	207
NC_011593.1:2598858-2601929	NB551033:131:HK2T7BGX9:4:12611:21977:11682#0/2	98.261	115	2	0	2489	2603	1	115	3.93e-49	202
NC_011593.1:2598858-2601929	NB551033:131:HK2T7BGX9:4:12611:3529:11212#0/2	98.261	115	2	0	2383	2497	1	115	3.93e-49	202
NC_011593.1:2598858-2601929	NB551033:131:HK2T7BGX9:4:12611:21977:11682#0/1	98.261	115	2	0	2489	2603	115	1	3.93e-49	202
NC_011593.1:2598858-2601929	NB551033:131:HK2T7BGX9:4:12611:3529:11212#0/1	98.261	115	2	0	2383	2497	115	1	3.93e-49	202
NC_011593.1:2598858-2601929	NB551033:131:HK2T7BGX9:4:22504:7149:6193#0/1	98.214	112	2	0	2761	2872	112	1	1.83e-47	196
NC_011593.1:2598858-2601929	NB551033:131:HK2T7BGX9:1:22206:14381:13862#0/1	100.000	104	0	0	2192	2295	1	104	2.37e-46	193
NC_011593.1:2598858-2601929	NB551033:131:HK2T7BGX9:4:23507:7358:7631#0/2	98.165	109	2	0	1435	1543	109	1	8.51e-46	191
NC_011593.1:2598858-2601929	NB551033:131:HK2T7BGX9:2:11203:13810:20026#0/2	98.165	109	2	0	663	771	109	1	8.51e-46	191
NC_011593.1:2598858-2601929	NB551033:131:HK2T7BGX9:4:23507:7358:7631#0/1	98.165	109	2	0	1435	1543	1	109	8.51e-46	191
NC_011593.1:2598858-2601929	NB551033:131:HK2T7BGX9:4:11503:24514:10710#0/1	96.522	115	4	0	2112	2226	115	1	8.51e-46	191
NC_011593.1:2598858-2601929	NB551033:131:HK2T7BGX9:4:11404:17125:8154#0/2	95.726	117	5	0	506	622	117	1	3.06e-45	189
NC_011593.1:2598858-2601929	NB551033:131:HK2T7BGX9:1:23302:10962:12017#0/2	97.297	111	3	0	2962	3072	1	111	3.06e-45	189
NC_011593.1:2598858-2601929	NB551033:131:HK2T7BGX9:4:11404:17125:8154#0/1	95.726	117	5	0	506	622	1	117	3.06e-45	189
NC_011593.1:2598858-2601929	NB551033:131:HK2T7BGX9:1:23302:10962:12017#0/1	97.297	111	3	0	2962	3072	123	13	3.06e-45	189
NC_011593.1:2598858-2601929	NB551033:131:HK2T7BGX9:1:13211:13989:11769#0/2	100.000	100	0	0	1558	1657	100	1	3.96e-44	185
NC_011593.1:2598858-2601929	NB551033:131:HK2T7BGX9:1:13211:13989:11769#0/1	100.000	100	0	0	1558	1657	3	102	3.96e-44	185
NC_011593.1:2598858-2601929	NB551033:131:HK2T7BGX9:3:11401:5631:15104#0/2	97.170	106	3	0	2967	3072	1	106	1.84e-42	180
NC_011593.1:2598858-2601929	NB551033:131:HK2T7BGX9:3:23608:5144:13650#0/1	99.000	100	1	0	309	408	100	1	1.84e-42	180
NC_011593.1:2598858-2601929	NB551033:131:HK2T7BGX9:4:21612:9251:16769#0/1	98.990	99	1	0	921	1019	1	99	6.62e-42	178
NC_011593.1:2598858-2601929	NB551033:131:HK2T7BGX9:3:23506:1082:18087#0/1	100.000	96	0	0	1640	1735	1	96	6.62e-42	178
NC_011593.1:2598858-2601929	NB551033:131:HK2T7BGX9:3:23505:26553:18082#0/2	100.000	94	0	0	1722	1815	94	1	8.57e-41	174
NC_011593.1:2598858-2601929	NB551033:131:HK2T7BGX9:2:23210:13744:13402#0/2	100.000	94	0	0	976	1069	1	94	8.57e-41	174
NC_011593.1:2598858-2601929	NB551033:131:HK2T7BGX9:1:12306:21030:3551#0/2	98.947	95	1	0	1406	1500	95	1	1.11e-39	171
NC_011593.1:2598858-2601929	NB551033:131:HK2T7BGX9:1:12306:21030:3551#0/1	98.947	95	1	0	1406	1500	1	95	1.11e-39	171
NC_011593.1:2598858-2601929	NB551033:131:HK2T7BGX9:3:13510:23643:10356#0/1	100.000	90	0	0	2211	2300	1	90	1.43e-38	167
NC_011593.1:2598858-2601929	NB551033:131:HK2T7BGX9:4:21612:9251:16769#0/2	98.901	91	1	0	1125	1215	91	1	1.85e-37	163
NC_011593.1:2598858-2601929	NB551033:131:HK2T7BGX9:1:22202:13180:1929#0/2	98.889	90	1	0	2215	2304	90	1	6.67e-37	161
NC_011593.1:2598858-2601929	NB551033:131:HK2T7BGX9:1:22202:13180:1929#0/1	98.889	90	1	0	2215	2304	1	90	6.67e-37	161
NC_011593.1:2598858-2601929	NB551033:131:HK2T7BGX9:3:13510:23643:10356#0/2	98.876	89	1	0	2217	2305	89	1	2.40e-36	159
NC_011593.1:2598858-2601929	NB551033:131:HK2T7BGX9:2:12211:17564:9539#0/2	98.876	89	1	0	1	89	89	1	2.40e-36	159
NC_011593.1:2598858-2601929	NB551033:131:HK2T7BGX9:2:12211:17564:9539#0/1	98.876	89	1	0	1	89	59	147	2.40e-36	159
NC_011593.1:2598858-2601929	NB551033:131:HK2T7BGX9:3:23510:15247:1212#0/2	100.000	85	0	0	1664	1748	85	1	8.63e-36	158
NC_011593.1:2598858-2601929	NB551033:131:HK2T7BGX9:1:21104:17593:2771#0/2	97.778	90	2	0	38	127	1	90	3.10e-35	156
NC_011593.1:2598858-2601929	NB551033:131:HK2T7BGX9:2:22209:7333:5301#0/2	100.000	83	0	0	1566	1648	1	83	1.12e-34	154
NC_011593.1:2598858-2601929	NB551033:131:HK2T7BGX9:2:22209:7333:5301#0/1	100.000	83	0	0	1566	1648	83	1	1.12e-34	154
NC_011593.1:2598858-2601929	NB551033:131:HK2T7BGX9:3:21609:13592:4622#0/1	98.810	84	1	0	1449	1532	84	1	1.44e-33	150
NC_011593.1:2598858-2601929	NB551033:131:HK2T7BGX9:2:23209:24590:3708#0/2	100.000	78	0	0	1755	1832	1	78	6.72e-32	145
NC_011593.1:2598858-2601929	NB551033:131:HK2T7BGX9:2:21206:24217:17691#0/2	97.619	84	2	0	2513	2596	84	1	6.72e-32	145
NC_011593.1:2598858-2601929	NB551033:131:HK2T7BGX9:2:23209:24590:3708#0/1	100.000	78	0	0	1755	1832	78	1	6.72e-32	145
NC_011593.1:2598858-2601929	NB551033:131:HK2T7BGX9:2:21206:24217:17691#0/1	97.619	84	2	0	2513	2596	1	84	6.72e-32	145
NC_011593.1:2598858-2601929	NB551033:131:HK2T7BGX9:4:13606:2669:6232#0/2	97.590	83	2	0	1346	1428	83	1	2.42e-31	143
NC_011593.1:2598858-2601929	NB551033:131:HK2T7BGX9:4:13606:2669:6232#0/1	97.590	83	2	0	1346	1428	1	83	2.42e-31	143
NC_011593.1:2598858-2601929	NB551033:131:HK2T7BGX9:2:13312:21861:6813#0/2	98.734	79	1	0	659	737	1	79	8.69e-31	141
NC_011593.1:2598858-2601929	NB551033:131:HK2T7BGX9:2:13312:21861:6813#0/1	98.734	79	1	0	659	737	79	1	8.69e-31	141
NC_011593.1:2598858-2601929	NB551033:131:HK2T7BGX9:4:13410:3982:11493#0/1	100.000	75	0	0	273	347	1	75	3.12e-30	139
NC_011593.1:2598858-2601929	NB551033:131:HK2T7BGX9:3:12502:14398:3452#0/2	96.875	64	2	0	3009	3072	1	64	8.81e-21	108
NC_011593.1:2598858-2601929	NB551033:131:HK2T7BGX9:3:12502:14398:3452#0/1	96.875	64	2	0	3009	3072	106	43	8.81e-21	108
NC_011593.1:2598858-2601929	NB551033:131:HK2T7BGX9:3:22412:3555:2089#0/1	100.000	28	0	0	1028	1055	28	1	4.19e-04	52.8
# BLASTN 2.9.0+
# Query: NC_011593.1:c2604454-2602106 Bifidobacterium longum subsp. infantis ATCC 15697, complete genome
# Database: db/blast_C0117-5F-1A_S33.faa
# 0 hits found
# BLASTN 2.9.0+
# Query: NC_011593.1:c2605922-2604486 Bifidobacterium longum subsp. infantis ATCC 15697, complete genome
# Database: db/blast_C0117-5F-1A_S33.faa
# 0 hits found
# BLASTN 2.9.0+
# Query: NC_011593.1:c2606381-2605944 Bifidobacterium longum subsp. infantis ATCC 15697, complete genome
# Database: db/blast_C0117-5F-1A_S33.faa
# 0 hits found
# BLASTN 2.9.0+
# Query: NC_011593.1:c2607314-2606418 Bifidobacterium longum subsp. infantis ATCC 15697, complete genome
# Database: db/blast_C0117-5F-1A_S33.faa
# 0 hits found
# BLASTN 2.9.0+
# Query: NC_011593.1:c2608249-2607458 Bifidobacterium longum subsp. infantis ATCC 15697, complete genome
# Database: db/blast_C0117-5F-1A_S33.faa
# 0 hits found
# BLASTN 2.9.0+
# Query: NC_011593.1:c2609546-2608269 Bifidobacterium longum subsp. infantis ATCC 15697, complete genome
# Database: db/blast_C0117-5F-1A_S33.faa
# 0 hits found
# BLASTN 2.9.0+
# Query: NC_011593.1:c2610356-2609697 Bifidobacterium longum subsp. infantis ATCC 15697, complete genome
# Database: db/blast_C0117-5F-1A_S33.faa
# 0 hits found
# BLASTN 2.9.0+
# Query: NC_011593.1:c2611458-2610496 Bifidobacterium longum subsp. infantis ATCC 15697, complete genome
# Database: db/blast_C0117-5F-1A_S33.faa
# 0 hits found
# BLASTN 2.9.0+
# Query: NC_011593.1:c2612430-2611477 Bifidobacterium longum subsp. infantis ATCC 15697, complete genome
# Database: db/blast_C0117-5F-1A_S33.faa
# 0 hits found
# BLASTN 2.9.0+
# Query: NC_011593.1:c2614109-2612517 Bifidobacterium longum subsp. infantis ATCC 15697, complete genome
# Database: db/blast_C0117-5F-1A_S33.faa
# 0 hits found
# BLASTN 2.9.0+
# Query: NC_011593.1:c2615274-2614312 Bifidobacterium longum subsp. infantis ATCC 15697, complete genome
# Database: db/blast_C0117-5F-1A_S33.faa
# 0 hits found
# BLASTN 2.9.0+
# Query: NC_011593.1:c2616246-2615293 Bifidobacterium longum subsp. infantis ATCC 15697, complete genome
# Database: db/blast_C0117-5F-1A_S33.faa
# 0 hits found
# BLASTN 2.9.0+
# Query: NC_011593.1:c2617928-2616333 Bifidobacterium longum subsp. infantis ATCC 15697, complete genome
# Database: db/blast_C0117-5F-1A_S33.faa
# 0 hits found
# BLASTN 2.9.0+
# Query: NC_011593.1:c2619247-2618063 Bifidobacterium longum subsp. infantis ATCC 15697, complete genome
# Database: db/blast_C0117-5F-1A_S33.faa
# 0 hits found
# BLASTN 2.9.0+
# Query: NC_011593.1:c2620369-2619413 Bifidobacterium longum subsp. infantis ATCC 15697, complete genome
# Database: db/blast_C0117-5F-1A_S33.faa
# 0 hits found
# BLASTN 2.9.0+
# Query: NC_011593.1:c2622143-2620551 Bifidobacterium longum subsp. infantis ATCC 15697, complete genome
# Database: db/blast_C0117-5F-1A_S33.faa
# 0 hits found
# BLASTN 2.9.0+
# Query: NC_011593.1:c2624124-2622520 Bifidobacterium longum subsp. infantis ATCC 15697, complete genome
# Database: db/blast_C0117-5F-1A_S33.faa
# 0 hits found
# BLASTN 2.9.0+
# Query: NC_011593.1:c2626110-2624512 Bifidobacterium longum subsp. infantis ATCC 15697, complete genome
# Database: db/blast_C0117-5F-1A_S33.faa
# 0 hits found
# BLASTN 2.9.0+
# Query: NC_011593.1:c2626386-2626264 Bifidobacterium longum subsp. infantis ATCC 15697, complete genome
# Database: db/blast_C0117-5F-1A_S33.faa
# 0 hits found
# BLASTN 2.9.0+
# Query: NC_011593.1:c2628158-2626563 Bifidobacterium longum subsp. infantis ATCC 15697, complete genome
# Database: db/blast_C0117-5F-1A_S33.faa
# 0 hits found
# BLASTN 2.9.0+
# Query: NC_011593.1:c2630269-2628314 Bifidobacterium longum subsp. infantis ATCC 15697, complete genome
# Database: db/blast_C0117-5F-1A_S33.faa
# 0 hits found
# BLASTN 2.9.0+
# Query: NC_011593.1:c2631106-2630366 Bifidobacterium longum subsp. infantis ATCC 15697, complete genome
# Database: db/blast_C0117-5F-1A_S33.faa
# 0 hits found
# BLASTN 2.9.0+
# Query: NC_011593.1:c2632432-2631140 Bifidobacterium longum subsp. infantis ATCC 15697, complete genome
# Database: db/blast_C0117-5F-1A_S33.faa
# 0 hits found
# BLASTN 2.9.0+
# Query: NC_011593.1:c2633881-2632562 Bifidobacterium longum subsp. infantis ATCC 15697, complete genome
# Database: db/blast_C0117-5F-1A_S33.faa
# 0 hits found
# BLASTN 2.9.0+
# Query: NC_011593.1:c2634683-2633865 Bifidobacterium longum subsp. infantis ATCC 15697, complete genome
# Database: db/blast_C0117-5F-1A_S33.faa
# 0 hits found
# BLASTN 2.9.0+
# Query: NC_011593.1:c2635627-2634680 Bifidobacterium longum subsp. infantis ATCC 15697, complete genome
# Database: db/blast_C0117-5F-1A_S33.faa
# 0 hits found
# BLASTN 2.9.0+
# Query: NC_011593.1:c2636747-2635629 Bifidobacterium longum subsp. infantis ATCC 15697, complete genome
# Database: db/blast_C0117-5F-1A_S33.faa
# 0 hits found
# BLAST processed 31 queries
