# BLASTN 2.9.0+
# Query: NC_011593.1:c2595355-2593832 Bifidobacterium longum subsp. infantis ATCC 15697, complete genome
# Database: db/blast_C0127-7F-1A_S55.faa
# Fields: query acc.ver, subject acc.ver, % identity, alignment length, mismatches, gap opens, q. start, q. end, s. start, s. end, evalue, bit score
# 129 hits found
NC_011593.1:c2595355-2593832	NB551033:120:HK2TMBGX9:3:21402:23685:17867#0/2	99.338	151	1	0	935	1085	151	1	3.44e-71	274
NC_011593.1:c2595355-2593832	NB551033:120:HK2TMBGX9:1:11103:17670:13147#0/1	99.338	151	1	0	910	1060	151	1	3.44e-71	274
NC_011593.1:c2595355-2593832	NB551033:120:HK2TMBGX9:3:12607:5021:12335#0/1	99.333	150	1	0	355	504	150	1	1.24e-70	272
NC_011593.1:c2595355-2593832	NB551033:120:HK2TMBGX9:2:11103:8303:19822#0/2	98.675	151	2	0	1079	1229	151	1	1.60e-69	268
NC_011593.1:c2595355-2593832	NB551033:120:HK2TMBGX9:1:23102:8224:13699#0/2	98.675	151	2	0	448	598	1	151	1.60e-69	268
NC_011593.1:c2595355-2593832	NB551033:120:HK2TMBGX9:1:11103:9043:12994#0/2	99.324	148	1	0	904	1051	3	150	1.60e-69	268
NC_011593.1:c2595355-2593832	NB551033:120:HK2TMBGX9:1:23102:8224:13699#0/1	98.675	151	2	0	452	602	151	1	1.60e-69	268
NC_011593.1:c2595355-2593832	NB551033:120:HK2TMBGX9:4:23404:26267:5671#0/2	98.667	150	2	0	429	578	1	150	5.76e-69	267
NC_011593.1:c2595355-2593832	NB551033:120:HK2TMBGX9:4:11512:23752:16255#0/2	98.667	150	2	0	424	573	150	1	5.76e-69	267
NC_011593.1:c2595355-2593832	NB551033:120:HK2TMBGX9:3:12607:5021:12335#0/2	98.667	150	2	0	352	501	1	150	5.76e-69	267
NC_011593.1:c2595355-2593832	NB551033:120:HK2TMBGX9:1:22112:14601:6898#0/2	98.667	150	2	0	429	578	1	150	5.76e-69	267
NC_011593.1:c2595355-2593832	NB551033:120:HK2TMBGX9:4:23404:26267:5671#0/1	98.667	150	2	0	474	623	150	1	5.76e-69	267
NC_011593.1:c2595355-2593832	NB551033:120:HK2TMBGX9:4:13509:17259:19211#0/1	98.667	150	2	0	1037	1186	150	1	5.76e-69	267
NC_011593.1:c2595355-2593832	NB551033:120:HK2TMBGX9:4:11512:23752:16255#0/1	98.667	150	2	0	406	555	1	150	5.76e-69	267
NC_011593.1:c2595355-2593832	NB551033:120:HK2TMBGX9:1:22112:14601:6898#0/1	98.667	150	2	0	468	617	150	1	5.76e-69	267
NC_011593.1:c2595355-2593832	NB551033:120:HK2TMBGX9:3:23509:26286:11991#0/2	98.013	151	3	0	801	951	1	151	7.45e-68	263
NC_011593.1:c2595355-2593832	NB551033:120:HK2TMBGX9:3:23509:10608:9213#0/2	98.013	151	3	0	347	497	151	1	7.45e-68	263
NC_011593.1:c2595355-2593832	NB551033:120:HK2TMBGX9:1:12109:11660:7715#0/2	98.649	148	2	0	896	1043	148	1	7.45e-68	263
NC_011593.1:c2595355-2593832	NB551033:120:HK2TMBGX9:1:11305:19092:2695#0/2	98.013	151	3	0	1098	1248	151	1	7.45e-68	263
NC_011593.1:c2595355-2593832	NB551033:120:HK2TMBGX9:2:21303:3541:12410#0/1	98.013	151	3	0	815	965	151	1	7.45e-68	263
NC_011593.1:c2595355-2593832	NB551033:120:HK2TMBGX9:1:11103:9043:12994#0/1	98.013	151	3	0	1045	1195	151	1	7.45e-68	263
NC_011593.1:c2595355-2593832	NB551033:120:HK2TMBGX9:4:13510:13771:16485#0/2	98.000	150	3	0	896	1045	150	1	2.68e-67	261
NC_011593.1:c2595355-2593832	NB551033:120:HK2TMBGX9:2:21303:3541:12410#0/2	98.000	150	3	0	786	935	1	150	2.68e-67	261
NC_011593.1:c2595355-2593832	NB551033:120:HK2TMBGX9:1:22311:23662:10221#0/1	98.000	150	3	0	701	850	150	1	2.68e-67	261
NC_011593.1:c2595355-2593832	NB551033:120:HK2TMBGX9:1:12112:11348:9369#0/2	97.987	149	3	0	560	708	1	149	9.64e-67	259
NC_011593.1:c2595355-2593832	NB551033:120:HK2TMBGX9:1:22303:19340:7721#0/1	97.987	149	3	0	1132	1280	1	149	9.64e-67	259
NC_011593.1:c2595355-2593832	NB551033:120:HK2TMBGX9:4:11408:3374:10720#0/2	97.351	151	4	0	130	280	151	1	3.47e-66	257
NC_011593.1:c2595355-2593832	NB551033:120:HK2TMBGX9:1:13102:12580:1416#0/2	97.351	151	4	0	132	282	1	151	3.47e-66	257
NC_011593.1:c2595355-2593832	NB551033:120:HK2TMBGX9:4:11408:3374:10720#0/1	97.351	151	4	0	56	206	1	151	3.47e-66	257
NC_011593.1:c2595355-2593832	NB551033:120:HK2TMBGX9:3:23509:26286:11991#0/1	97.351	151	4	0	839	989	151	1	3.47e-66	257
NC_011593.1:c2595355-2593832	NB551033:120:HK2TMBGX9:1:12109:11660:7715#0/1	97.351	151	4	0	856	1006	1	151	3.47e-66	257
NC_011593.1:c2595355-2593832	NB551033:120:HK2TMBGX9:4:11412:5137:12517#0/2	97.333	150	4	0	135	284	1	150	1.25e-65	255
NC_011593.1:c2595355-2593832	NB551033:120:HK2TMBGX9:1:23112:11625:10136#0/2	97.333	150	4	0	181	330	151	2	1.25e-65	255
NC_011593.1:c2595355-2593832	NB551033:120:HK2TMBGX9:1:21201:16818:13327#0/2	97.333	150	4	0	82	231	150	1	1.25e-65	255
NC_011593.1:c2595355-2593832	NB551033:120:HK2TMBGX9:1:11103:17670:13147#0/2	97.333	150	4	0	796	945	1	150	1.25e-65	255
NC_011593.1:c2595355-2593832	NB551033:120:HK2TMBGX9:1:13102:12580:1416#0/1	97.333	150	4	0	162	311	150	1	1.25e-65	255
NC_011593.1:c2595355-2593832	NB551033:120:HK2TMBGX9:1:11305:19092:2695#0/1	97.315	149	4	0	850	998	1	149	4.48e-65	254
NC_011593.1:c2595355-2593832	NB551033:120:HK2TMBGX9:4:21503:17113:14859#0/2	96.689	151	5	0	176	326	151	1	1.61e-64	252
NC_011593.1:c2595355-2593832	NB551033:120:HK2TMBGX9:2:23308:17978:18726#0/2	96.689	151	5	0	189	339	1	151	1.61e-64	252
NC_011593.1:c2595355-2593832	NB551033:120:HK2TMBGX9:4:21509:6458:17854#0/1	96.689	151	5	0	289	439	151	1	1.61e-64	252
NC_011593.1:c2595355-2593832	NB551033:120:HK2TMBGX9:3:13411:20662:19367#0/1	96.689	151	5	0	268	418	151	1	1.61e-64	252
NC_011593.1:c2595355-2593832	NB551033:120:HK2TMBGX9:2:11112:19568:14879#0/1	96.689	151	5	0	291	441	151	1	1.61e-64	252
NC_011593.1:c2595355-2593832	NB551033:120:HK2TMBGX9:2:11112:19568:14879#0/2	96.667	150	5	0	287	436	1	150	5.80e-64	250
NC_011593.1:c2595355-2593832	NB551033:120:HK2TMBGX9:3:23509:10608:9213#0/1	96.667	150	5	0	287	436	1	150	5.80e-64	250
NC_011593.1:c2595355-2593832	NB551033:120:HK2TMBGX9:3:21402:23685:17867#0/1	96.667	150	5	0	821	970	1	150	5.80e-64	250
NC_011593.1:c2595355-2593832	NB551033:120:HK2TMBGX9:2:23308:17978:18726#0/1	96.667	150	5	0	288	437	150	1	5.80e-64	250
NC_011593.1:c2595355-2593832	NB551033:120:HK2TMBGX9:1:22311:23662:10221#0/2	97.902	143	3	0	564	706	1	143	2.09e-63	248
NC_011593.1:c2595355-2593832	NB551033:120:HK2TMBGX9:4:11412:5137:12517#0/1	99.270	137	1	0	373	509	137	1	2.09e-63	248
NC_011593.1:c2595355-2593832	NB551033:120:HK2TMBGX9:2:11101:12800:10624#0/2	96.599	147	5	0	1284	1430	147	1	2.70e-62	244
NC_011593.1:c2595355-2593832	NB551033:120:HK2TMBGX9:1:23108:9221:7257#0/2	96.599	147	5	0	249	395	147	1	2.70e-62	244
NC_011593.1:c2595355-2593832	NB551033:120:HK2TMBGX9:4:13510:13771:16485#0/1	96.000	150	6	0	849	998	1	150	2.70e-62	244
NC_011593.1:c2595355-2593832	NB551033:120:HK2TMBGX9:1:12112:11348:9369#0/1	96.000	150	6	0	660	809	150	1	2.70e-62	244
NC_011593.1:c2595355-2593832	NB551033:120:HK2TMBGX9:2:12208:16195:1512#0/2	97.203	143	4	0	135	277	143	1	9.71e-62	243
NC_011593.1:c2595355-2593832	NB551033:120:HK2TMBGX9:2:11308:21151:10118#0/2	95.973	149	6	0	655	803	1	149	9.71e-62	243
NC_011593.1:c2595355-2593832	NB551033:120:HK2TMBGX9:2:12208:16195:1512#0/1	97.203	143	4	0	135	277	1	143	9.71e-62	243
NC_011593.1:c2595355-2593832	NB551033:120:HK2TMBGX9:4:12501:7648:7040#0/2	95.364	151	7	0	659	809	151	1	3.49e-61	241
NC_011593.1:c2595355-2593832	NB551033:120:HK2TMBGX9:4:21509:6458:17854#0/2	95.333	150	7	0	24	173	1	150	1.26e-60	239
NC_011593.1:c2595355-2593832	NB551033:120:HK2TMBGX9:3:11412:15543:12717#0/2	95.333	150	7	0	419	568	1	150	1.26e-60	239
NC_011593.1:c2595355-2593832	NB551033:120:HK2TMBGX9:4:12507:23297:16923#0/1	95.333	150	7	0	444	593	150	1	1.26e-60	239
NC_011593.1:c2595355-2593832	NB551033:120:HK2TMBGX9:2:13209:3319:5726#0/1	95.333	150	7	0	24	173	150	1	1.26e-60	239
NC_011593.1:c2595355-2593832	NB551033:120:HK2TMBGX9:3:23511:15315:17567#0/2	99.237	131	1	0	384	514	131	1	4.52e-60	237
NC_011593.1:c2595355-2593832	NB551033:120:HK2TMBGX9:1:22106:10251:19467#0/2	95.302	149	7	0	391	539	1	149	4.52e-60	237
NC_011593.1:c2595355-2593832	NB551033:120:HK2TMBGX9:3:23511:15315:17567#0/1	99.237	131	1	0	384	514	1	131	4.52e-60	237
NC_011593.1:c2595355-2593832	NB551033:120:HK2TMBGX9:1:21201:16818:13327#0/1	95.302	149	7	0	24	172	2	150	4.52e-60	237
NC_011593.1:c2595355-2593832	NB551033:120:HK2TMBGX9:4:12507:23297:16923#0/2	95.804	143	6	0	430	572	1	143	2.10e-58	231
NC_011593.1:c2595355-2593832	NB551033:120:HK2TMBGX9:4:13509:17259:19211#0/2	99.213	127	1	0	999	1125	1	127	7.56e-58	230
NC_011593.1:c2595355-2593832	NB551033:120:HK2TMBGX9:3:23409:16235:9076#0/2	97.744	133	3	0	342	474	133	1	7.56e-58	230
NC_011593.1:c2595355-2593832	NB551033:120:HK2TMBGX9:2:21103:23397:16740#0/2	95.172	145	7	0	385	529	1	145	7.56e-58	230
NC_011593.1:c2595355-2593832	NB551033:120:HK2TMBGX9:1:11102:17842:4129#0/2	98.462	130	2	0	1130	1259	1	130	7.56e-58	230
NC_011593.1:c2595355-2593832	NB551033:120:HK2TMBGX9:3:23409:16235:9076#0/1	97.744	133	3	0	342	474	1	133	7.56e-58	230
NC_011593.1:c2595355-2593832	NB551033:120:HK2TMBGX9:2:21103:23397:16740#0/1	95.172	145	7	0	385	529	145	1	7.56e-58	230
NC_011593.1:c2595355-2593832	NB551033:120:HK2TMBGX9:4:11411:24887:3290#0/2	97.710	131	3	0	1340	1470	151	21	9.78e-57	226
NC_011593.1:c2595355-2593832	NB551033:120:HK2TMBGX9:3:13411:20662:19367#0/2	96.350	137	5	0	245	381	2	138	9.78e-57	226
NC_011593.1:c2595355-2593832	NB551033:120:HK2TMBGX9:3:22401:4753:12098#0/2	96.970	132	4	0	52	183	132	1	1.26e-55	222
NC_011593.1:c2595355-2593832	NB551033:120:HK2TMBGX9:2:11103:8303:19822#0/1	98.413	126	2	0	1001	1126	1	126	1.26e-55	222
NC_011593.1:c2595355-2593832	NB551033:120:HK2TMBGX9:4:22503:12438:14092#0/2	95.000	140	7	0	355	494	141	2	4.55e-55	220
NC_011593.1:c2595355-2593832	NB551033:120:HK2TMBGX9:1:23112:20110:3762#0/2	95.000	140	7	0	670	809	140	1	4.55e-55	220
NC_011593.1:c2595355-2593832	NB551033:120:HK2TMBGX9:1:21310:14613:8284#0/1	96.241	133	5	0	43	175	133	1	1.64e-54	219
NC_011593.1:c2595355-2593832	NB551033:120:HK2TMBGX9:2:11308:21151:10118#0/1	98.361	122	2	0	736	857	122	1	2.12e-53	215
NC_011593.1:c2595355-2593832	NB551033:120:HK2TMBGX9:3:21604:12124:12718#0/2	96.000	125	5	0	417	541	125	1	4.58e-50	204
NC_011593.1:c2595355-2593832	NB551033:120:HK2TMBGX9:2:11101:12800:10624#0/1	98.276	116	2	0	1082	1197	1	116	4.58e-50	204
NC_011593.1:c2595355-2593832	NB551033:120:HK2TMBGX9:4:12509:4017:4941#0/2	95.968	124	5	0	707	830	1	124	1.65e-49	202
NC_011593.1:c2595355-2593832	NB551033:120:HK2TMBGX9:1:22303:19340:7721#0/2	98.261	115	2	0	1274	1388	115	1	1.65e-49	202
NC_011593.1:c2595355-2593832	NB551033:120:HK2TMBGX9:3:22402:4725:14486#0/1	95.968	124	5	0	707	830	1	124	1.65e-49	202
NC_011593.1:c2595355-2593832	NB551033:120:HK2TMBGX9:3:11411:15319:2796#0/2	97.436	117	3	0	1354	1470	151	35	5.92e-49	200
NC_011593.1:c2595355-2593832	NB551033:120:HK2TMBGX9:3:23504:6837:17354#0/2	96.552	116	4	0	165	280	1	116	9.91e-47	193
NC_011593.1:c2595355-2593832	NB551033:120:HK2TMBGX9:2:13312:25914:7940#0/2	97.345	113	3	0	692	804	1	113	9.91e-47	193
NC_011593.1:c2595355-2593832	NB551033:120:HK2TMBGX9:2:13312:25914:7940#0/1	97.345	113	3	0	692	804	113	1	9.91e-47	193
NC_011593.1:c2595355-2593832	NB551033:120:HK2TMBGX9:3:23505:15810:15591#0/1	95.000	120	6	0	355	474	121	2	1.28e-45	189
NC_011593.1:c2595355-2593832	NB551033:120:HK2TMBGX9:3:21405:9947:8390#0/1	95.000	120	6	0	355	474	121	2	1.28e-45	189
NC_011593.1:c2595355-2593832	NB551033:120:HK2TMBGX9:2:22302:3649:8076#0/2	97.248	109	3	0	75	183	1	109	1.66e-44	185
NC_011593.1:c2595355-2593832	NB551033:120:HK2TMBGX9:2:22302:3649:8076#0/1	97.248	109	3	0	75	183	109	1	1.66e-44	185
NC_011593.1:c2595355-2593832	NB551033:120:HK2TMBGX9:3:12608:12559:10854#0/2	96.396	111	4	0	720	830	1	111	5.97e-44	183
NC_011593.1:c2595355-2593832	NB551033:120:HK2TMBGX9:3:23504:6837:17354#0/1	95.536	112	5	0	169	280	112	1	7.72e-43	180
NC_011593.1:c2595355-2593832	NB551033:120:HK2TMBGX9:4:23601:16772:15652#0/1	95.455	110	5	0	478	587	112	3	9.98e-42	176
NC_011593.1:c2595355-2593832	NB551033:120:HK2TMBGX9:3:13412:24896:9292#0/2	96.226	106	4	0	704	809	1	106	3.59e-41	174
NC_011593.1:c2595355-2593832	NB551033:120:HK2TMBGX9:3:13412:24896:9292#0/1	96.226	106	4	0	704	809	106	1	3.59e-41	174
NC_011593.1:c2595355-2593832	NB551033:120:HK2TMBGX9:1:23112:20110:3762#0/1	96.226	106	4	0	453	558	1	106	3.59e-41	174
NC_011593.1:c2595355-2593832	NB551033:120:HK2TMBGX9:1:22109:11104:6129#0/2	96.190	105	4	0	690	794	105	1	1.29e-40	172
NC_011593.1:c2595355-2593832	NB551033:120:HK2TMBGX9:4:12501:21037:10654#0/2	95.327	107	5	0	39	145	107	1	4.65e-40	171
NC_011593.1:c2595355-2593832	NB551033:120:HK2TMBGX9:1:13108:5827:9820#0/1	96.154	104	4	0	727	830	1	104	4.65e-40	171
NC_011593.1:c2595355-2593832	NB551033:120:HK2TMBGX9:3:23603:25775:11115#0/2	96.117	103	4	0	372	474	1	103	1.67e-39	169
NC_011593.1:c2595355-2593832	NB551033:120:HK2TMBGX9:3:23603:25775:11115#0/1	96.970	99	3	0	376	474	100	2	6.01e-39	167
NC_011593.1:c2595355-2593832	NB551033:120:HK2TMBGX9:3:23409:23857:9850#0/2	95.146	103	5	0	366	468	103	1	7.77e-38	163
NC_011593.1:c2595355-2593832	NB551033:120:HK2TMBGX9:3:23409:23857:9850#0/1	95.146	103	5	0	366	468	1	103	7.77e-38	163
NC_011593.1:c2595355-2593832	NB551033:120:HK2TMBGX9:1:11305:4473:18151#0/1	95.960	99	4	0	732	830	1	99	2.80e-37	161
NC_011593.1:c2595355-2593832	NB551033:120:HK2TMBGX9:3:11603:16842:16338#0/2	97.826	92	2	0	811	902	1	92	1.01e-36	159
NC_011593.1:c2595355-2593832	NB551033:120:HK2TMBGX9:3:11603:16842:16338#0/1	96.842	95	3	0	811	905	95	1	1.01e-36	159
NC_011593.1:c2595355-2593832	NB551033:120:HK2TMBGX9:4:11411:24887:3290#0/1	96.703	91	3	0	1284	1374	1	91	1.68e-34	152
NC_011593.1:c2595355-2593832	NB551033:120:HK2TMBGX9:2:11105:17325:15573#0/2	95.699	93	4	0	707	799	93	1	6.05e-34	150
NC_011593.1:c2595355-2593832	NB551033:120:HK2TMBGX9:1:21205:18755:17970#0/2	100.000	81	0	0	801	881	81	1	6.05e-34	150
NC_011593.1:c2595355-2593832	NB551033:120:HK2TMBGX9:2:11105:17325:15573#0/1	95.699	93	4	0	707	799	1	93	6.05e-34	150
NC_011593.1:c2595355-2593832	NB551033:120:HK2TMBGX9:1:21205:18755:17970#0/1	100.000	81	0	0	801	881	1	81	6.05e-34	150
NC_011593.1:c2595355-2593832	NB551033:120:HK2TMBGX9:1:11102:17842:4129#0/1	96.667	90	3	0	1381	1470	150	61	6.05e-34	150
NC_011593.1:c2595355-2593832	NB551033:120:HK2TMBGX9:2:23201:24418:17155#0/2	98.780	82	1	0	356	437	82	1	7.83e-33	147
NC_011593.1:c2595355-2593832	NB551033:120:HK2TMBGX9:2:23201:24418:17155#0/1	98.780	82	1	0	356	437	1	82	7.83e-33	147
NC_011593.1:c2595355-2593832	NB551033:120:HK2TMBGX9:1:23304:23411:7700#0/2	95.556	90	4	0	466	555	1	90	2.82e-32	145
NC_011593.1:c2595355-2593832	NB551033:120:HK2TMBGX9:1:12303:3374:7611#0/2	96.512	86	3	0	429	514	86	1	1.01e-31	143
NC_011593.1:c2595355-2593832	NB551033:120:HK2TMBGX9:2:11210:10362:18055#0/1	95.506	89	4	0	1120	1208	89	1	1.01e-31	143
NC_011593.1:c2595355-2593832	NB551033:120:HK2TMBGX9:1:12303:3374:7611#0/1	96.512	86	3	0	429	514	1	86	1.01e-31	143
NC_011593.1:c2595355-2593832	NB551033:120:HK2TMBGX9:4:12501:7648:7040#0/1	96.471	85	3	0	460	544	1	85	3.64e-31	141
NC_011593.1:c2595355-2593832	NB551033:120:HK2TMBGX9:1:23108:9221:7257#0/1	96.341	82	3	0	249	330	1	82	1.69e-29	135
NC_011593.1:c2595355-2593832	NB551033:120:HK2TMBGX9:3:13511:17998:5230#0/2	97.368	76	2	0	1395	1470	1	76	7.88e-28	130
NC_011593.1:c2595355-2593832	NB551033:120:HK2TMBGX9:3:11411:15319:2796#0/1	97.333	75	2	0	1296	1370	1	75	2.84e-27	128
NC_011593.1:c2595355-2593832	NB551033:120:HK2TMBGX9:4:12410:23783:10384#0/2	95.833	72	3	0	487	558	1	72	6.14e-24	117
NC_011593.1:c2595355-2593832	NB551033:120:HK2TMBGX9:1:12309:19115:9218#0/2	98.361	61	1	0	1410	1470	1	61	3.69e-21	108
NC_011593.1:c2595355-2593832	NB551033:120:HK2TMBGX9:1:12309:19115:9218#0/1	98.361	61	1	0	1410	1470	76	16	3.69e-21	108
NC_011593.1:c2595355-2593832	NB551033:120:HK2TMBGX9:1:11104:7528:6209#0/2	98.246	57	1	0	1414	1470	1	57	6.18e-19	100
NC_011593.1:c2595355-2593832	NB551033:120:HK2TMBGX9:1:11104:7528:6209#0/1	98.246	57	1	0	1414	1470	77	21	6.18e-19	100
# BLASTN 2.9.0+
# Query: NC_011593.1:c2597106-2595574 Bifidobacterium longum subsp. infantis ATCC 15697, complete genome
# Database: db/blast_C0127-7F-1A_S55.faa
# Fields: query acc.ver, subject acc.ver, % identity, alignment length, mismatches, gap opens, q. start, q. end, s. start, s. end, evalue, bit score
# 24 hits found
NC_011593.1:c2597106-2595574	NB551033:120:HK2TMBGX9:3:23511:15315:17567#0/2	96.124	129	5	0	386	514	129	1	2.75e-52	211
NC_011593.1:c2597106-2595574	NB551033:120:HK2TMBGX9:3:23511:15315:17567#0/1	96.124	129	5	0	386	514	3	131	2.75e-52	211
NC_011593.1:c2597106-2595574	NB551033:120:HK2TMBGX9:3:21604:12124:12718#0/2	96.774	124	4	0	417	540	125	2	3.56e-51	207
NC_011593.1:c2597106-2595574	NB551033:120:HK2TMBGX9:4:13608:13059:3645#0/2	95.935	123	5	0	1	123	27	149	5.96e-49	200
NC_011593.1:c2597106-2595574	NB551033:120:HK2TMBGX9:4:12507:23297:16923#0/2	95.238	126	6	0	430	555	1	126	5.96e-49	200
NC_011593.1:c2597106-2595574	NB551033:120:HK2TMBGX9:2:13103:13593:18349#0/1	95.413	109	5	0	149	257	1	109	3.61e-41	174
NC_011593.1:c2597106-2595574	NB551033:120:HK2TMBGX9:4:12510:23798:11299#0/2	95.918	98	4	0	412	509	3	100	1.01e-36	159
NC_011593.1:c2597106-2595574	NB551033:120:HK2TMBGX9:4:12510:23798:11299#0/1	95.918	98	4	0	412	509	98	1	1.01e-36	159
NC_011593.1:c2597106-2595574	NB551033:120:HK2TMBGX9:3:22511:7095:7060#0/2	95.000	100	5	0	455	554	1	100	3.64e-36	158
NC_011593.1:c2597106-2595574	NB551033:120:HK2TMBGX9:3:22511:7095:7060#0/1	95.000	100	5	0	455	554	100	1	3.64e-36	158
NC_011593.1:c2597106-2595574	NB551033:120:HK2TMBGX9:2:23207:13699:11344#0/2	98.765	81	1	0	1	81	88	8	2.83e-32	145
NC_011593.1:c2597106-2595574	NB551033:120:HK2TMBGX9:2:13209:3319:5726#0/2	98.765	81	1	0	1	81	66	146	2.83e-32	145
NC_011593.1:c2597106-2595574	NB551033:120:HK2TMBGX9:2:23207:13699:11344#0/1	98.765	81	1	0	1	81	66	146	2.83e-32	145
NC_011593.1:c2597106-2595574	NB551033:120:HK2TMBGX9:1:12303:3374:7611#0/2	96.512	86	3	0	429	514	86	1	1.02e-31	143
NC_011593.1:c2597106-2595574	NB551033:120:HK2TMBGX9:1:12303:3374:7611#0/1	96.512	86	3	0	429	514	1	86	1.02e-31	143
NC_011593.1:c2597106-2595574	NB551033:120:HK2TMBGX9:3:23501:10425:16254#0/1	96.429	84	3	0	149	232	1	84	1.32e-30	139
NC_011593.1:c2597106-2595574	NB551033:120:HK2TMBGX9:3:13511:17998:5230#0/2	97.368	76	2	0	1395	1470	1	76	7.93e-28	130
NC_011593.1:c2597106-2595574	NB551033:120:HK2TMBGX9:4:12612:15343:2015#0/2	96.154	78	3	0	154	231	1	78	2.85e-27	128
NC_011593.1:c2597106-2595574	NB551033:120:HK2TMBGX9:4:12612:15343:2015#0/1	96.154	78	3	0	154	231	78	1	2.85e-27	128
NC_011593.1:c2597106-2595574	NB551033:120:HK2TMBGX9:1:12309:19115:9218#0/2	98.361	61	1	0	1410	1470	1	61	3.72e-21	108
NC_011593.1:c2597106-2595574	NB551033:120:HK2TMBGX9:1:12309:19115:9218#0/1	98.361	61	1	0	1410	1470	76	16	3.72e-21	108
NC_011593.1:c2597106-2595574	NB551033:120:HK2TMBGX9:4:11405:11376:12520#0/2	100.000	55	0	0	1	55	55	1	1.73e-19	102
NC_011593.1:c2597106-2595574	NB551033:120:HK2TMBGX9:1:11104:7528:6209#0/2	98.246	57	1	0	1414	1470	1	57	6.22e-19	100
NC_011593.1:c2597106-2595574	NB551033:120:HK2TMBGX9:1:11104:7528:6209#0/1	98.246	57	1	0	1414	1470	77	21	6.22e-19	100
# BLASTN 2.9.0+
# Query: NC_011593.1:c2598562-2597207 Bifidobacterium longum subsp. infantis ATCC 15697, complete genome
# Database: db/blast_C0127-7F-1A_S55.faa
# Fields: query acc.ver, subject acc.ver, % identity, alignment length, mismatches, gap opens, q. start, q. end, s. start, s. end, evalue, bit score
# 114 hits found
NC_011593.1:c2598562-2597207	NB551033:120:HK2TMBGX9:3:11505:10658:7702#0/2	100.000	151	0	0	883	1033	1	151	6.57e-73	279
NC_011593.1:c2598562-2597207	NB551033:120:HK2TMBGX9:3:12509:8118:18814#0/1	100.000	151	0	0	1141	1291	1	151	6.57e-73	279
NC_011593.1:c2598562-2597207	NB551033:120:HK2TMBGX9:2:21109:25987:6779#0/1	100.000	151	0	0	909	1059	1	151	6.57e-73	279
NC_011593.1:c2598562-2597207	NB551033:120:HK2TMBGX9:4:23412:24633:18771#0/2	100.000	150	0	0	1144	1293	150	1	2.36e-72	278
NC_011593.1:c2598562-2597207	NB551033:120:HK2TMBGX9:4:22512:25985:7900#0/2	100.000	150	0	0	625	774	150	1	2.36e-72	278
NC_011593.1:c2598562-2597207	NB551033:120:HK2TMBGX9:3:12510:3883:10089#0/2	100.000	150	0	0	786	935	1	150	2.36e-72	278
NC_011593.1:c2598562-2597207	NB551033:120:HK2TMBGX9:2:23206:12127:14090#0/2	100.000	150	0	0	1143	1292	1	150	2.36e-72	278
NC_011593.1:c2598562-2597207	NB551033:120:HK2TMBGX9:2:22307:12268:7768#0/2	100.000	150	0	0	646	795	150	1	2.36e-72	278
NC_011593.1:c2598562-2597207	NB551033:120:HK2TMBGX9:2:21102:16543:14296#0/2	100.000	150	0	0	623	772	150	1	2.36e-72	278
NC_011593.1:c2598562-2597207	NB551033:120:HK2TMBGX9:1:22205:10706:16162#0/2	100.000	150	0	0	1165	1314	1	150	2.36e-72	278
NC_011593.1:c2598562-2597207	NB551033:120:HK2TMBGX9:1:13307:26352:19868#0/2	100.000	150	0	0	1141	1290	1	150	2.36e-72	278
NC_011593.1:c2598562-2597207	NB551033:120:HK2TMBGX9:3:21405:26835:9489#0/1	100.000	150	0	0	254	403	1	150	2.36e-72	278
NC_011593.1:c2598562-2597207	NB551033:120:HK2TMBGX9:3:12510:3883:10089#0/1	100.000	150	0	0	888	1037	150	1	2.36e-72	278
NC_011593.1:c2598562-2597207	NB551033:120:HK2TMBGX9:2:23206:12127:14090#0/1	100.000	150	0	0	1180	1329	150	1	2.36e-72	278
NC_011593.1:c2598562-2597207	NB551033:120:HK2TMBGX9:2:21102:16543:14296#0/1	100.000	150	0	0	569	718	1	150	2.36e-72	278
NC_011593.1:c2598562-2597207	NB551033:120:HK2TMBGX9:2:11310:1425:9836#0/1	100.000	150	0	0	1180	1329	150	1	2.36e-72	278
NC_011593.1:c2598562-2597207	NB551033:120:HK2TMBGX9:1:11205:12299:17900#0/1	100.000	150	0	0	473	622	1	150	2.36e-72	278
NC_011593.1:c2598562-2597207	NB551033:120:HK2TMBGX9:3:21406:1343:9489#0/1	100.000	149	0	0	254	402	1	149	8.49e-72	276
NC_011593.1:c2598562-2597207	NB551033:120:HK2TMBGX9:1:13303:24084:14012#0/1	100.000	148	0	0	481	628	1	148	3.06e-71	274
NC_011593.1:c2598562-2597207	NB551033:120:HK2TMBGX9:2:23202:4309:1660#0/2	99.333	150	1	0	1169	1318	150	1	1.10e-70	272
NC_011593.1:c2598562-2597207	NB551033:120:HK2TMBGX9:2:12112:16783:11823#0/2	99.333	150	1	0	766	915	1	150	1.10e-70	272
NC_011593.1:c2598562-2597207	NB551033:120:HK2TMBGX9:1:22309:2702:12939#0/2	99.333	150	1	0	1117	1266	1	150	1.10e-70	272
NC_011593.1:c2598562-2597207	NB551033:120:HK2TMBGX9:4:22408:6710:1330#0/2	99.329	149	1	0	1144	1292	149	1	3.95e-70	270
NC_011593.1:c2598562-2597207	NB551033:120:HK2TMBGX9:1:21108:15614:5490#0/2	100.000	146	0	0	898	1043	1	146	3.95e-70	270
NC_011593.1:c2598562-2597207	NB551033:120:HK2TMBGX9:1:21108:15614:5490#0/1	100.000	146	0	0	898	1043	146	1	3.95e-70	270
NC_011593.1:c2598562-2597207	NB551033:120:HK2TMBGX9:1:22309:2702:12939#0/1	100.000	144	0	0	1170	1313	144	1	5.11e-69	267
NC_011593.1:c2598562-2597207	NB551033:120:HK2TMBGX9:4:22512:25985:7900#0/1	98.658	149	2	0	382	530	1	149	1.84e-68	265
NC_011593.1:c2598562-2597207	NB551033:120:HK2TMBGX9:4:12406:24841:1380#0/1	99.315	146	1	0	884	1029	146	1	1.84e-68	265
NC_011593.1:c2598562-2597207	NB551033:120:HK2TMBGX9:1:12202:17058:15341#0/2	98.000	150	3	0	931	1080	1	150	2.38e-67	261
NC_011593.1:c2598562-2597207	NB551033:120:HK2TMBGX9:2:11310:1425:9836#0/2	99.301	143	1	0	1060	1202	8	150	8.55e-67	259
NC_011593.1:c2598562-2597207	NB551033:120:HK2TMBGX9:3:13605:5997:20166#0/2	97.333	150	4	0	870	1019	150	1	1.11e-65	255
NC_011593.1:c2598562-2597207	NB551033:120:HK2TMBGX9:1:13303:24084:14012#0/2	99.281	139	1	0	496	634	139	1	1.43e-64	252
NC_011593.1:c2598562-2597207	NB551033:120:HK2TMBGX9:4:22509:14009:18653#0/2	100.000	135	0	0	658	792	135	1	5.15e-64	250
NC_011593.1:c2598562-2597207	NB551033:120:HK2TMBGX9:1:21111:4698:13581#0/2	100.000	135	0	0	1063	1197	135	1	5.15e-64	250
NC_011593.1:c2598562-2597207	NB551033:120:HK2TMBGX9:4:22509:14009:18653#0/1	100.000	135	0	0	658	792	1	135	5.15e-64	250
NC_011593.1:c2598562-2597207	NB551033:120:HK2TMBGX9:1:22107:16594:14005#0/1	96.667	150	5	0	471	620	1	150	5.15e-64	250
NC_011593.1:c2598562-2597207	NB551033:120:HK2TMBGX9:4:21605:17800:7477#0/2	96.644	149	5	0	1010	1158	1	149	1.85e-63	248
NC_011593.1:c2598562-2597207	NB551033:120:HK2TMBGX9:1:22311:6771:10253#0/1	95.973	149	6	0	494	642	1	149	8.62e-62	243
NC_011593.1:c2598562-2597207	NB551033:120:HK2TMBGX9:4:11609:11774:10470#0/2	100.000	125	0	0	1232	1356	1	125	1.86e-58	231
NC_011593.1:c2598562-2597207	NB551033:120:HK2TMBGX9:3:12605:4500:9262#0/2	100.000	125	0	0	1173	1297	1	125	1.86e-58	231
NC_011593.1:c2598562-2597207	NB551033:120:HK2TMBGX9:1:12302:10770:14736#0/2	99.219	128	1	0	1096	1223	1	128	1.86e-58	231
NC_011593.1:c2598562-2597207	NB551033:120:HK2TMBGX9:1:12302:10770:14736#0/1	99.219	128	1	0	1096	1223	128	1	1.86e-58	231
NC_011593.1:c2598562-2597207	NB551033:120:HK2TMBGX9:1:23104:11943:9361#0/2	96.377	138	5	0	831	968	1	138	2.41e-57	228
NC_011593.1:c2598562-2597207	NB551033:120:HK2TMBGX9:1:23104:11943:9361#0/1	96.377	138	5	0	831	968	138	1	2.41e-57	228
NC_011593.1:c2598562-2597207	NB551033:120:HK2TMBGX9:1:22105:14158:14412#0/1	100.000	120	0	0	1237	1356	1	120	1.12e-55	222
NC_011593.1:c2598562-2597207	NB551033:120:HK2TMBGX9:1:11205:12299:17900#0/2	100.000	119	0	0	533	651	119	1	4.04e-55	220
NC_011593.1:c2598562-2597207	NB551033:120:HK2TMBGX9:3:23602:6899:3131#0/1	96.212	132	5	0	1118	1249	1	132	5.22e-54	217
NC_011593.1:c2598562-2597207	NB551033:120:HK2TMBGX9:2:21109:11909:9487#0/1	95.522	134	6	0	1	134	15	148	1.88e-53	215
NC_011593.1:c2598562-2597207	NB551033:120:HK2TMBGX9:3:12605:4500:9262#0/1	100.000	114	0	0	1243	1356	150	37	2.43e-52	211
NC_011593.1:c2598562-2597207	NB551033:120:HK2TMBGX9:3:22508:18378:17993#0/2	96.694	121	4	0	808	928	121	1	1.46e-49	202
NC_011593.1:c2598562-2597207	NB551033:120:HK2TMBGX9:3:22508:18378:17993#0/1	96.694	121	4	0	808	928	6	126	1.46e-49	202
NC_011593.1:c2598562-2597207	NB551033:120:HK2TMBGX9:1:22105:14158:14412#0/2	100.000	107	0	0	1250	1356	150	44	1.89e-48	198
NC_011593.1:c2598562-2597207	NB551033:120:HK2TMBGX9:1:22205:10706:16162#0/1	100.000	107	0	0	1250	1356	150	44	1.89e-48	198
NC_011593.1:c2598562-2597207	NB551033:120:HK2TMBGX9:1:13307:21678:16000#0/2	100.000	105	0	0	960	1064	107	3	2.45e-47	195
NC_011593.1:c2598562-2597207	NB551033:120:HK2TMBGX9:2:12112:16783:11823#0/1	99.074	108	1	0	957	1064	149	42	2.45e-47	195
NC_011593.1:c2598562-2597207	NB551033:120:HK2TMBGX9:1:21304:2877:7003#0/1	99.074	108	1	0	367	474	1	108	2.45e-47	195
NC_011593.1:c2598562-2597207	NB551033:120:HK2TMBGX9:1:13307:21678:16000#0/1	100.000	105	0	0	960	1064	1	105	2.45e-47	195
NC_011593.1:c2598562-2597207	NB551033:120:HK2TMBGX9:4:11403:25539:11376#0/2	100.000	104	0	0	471	574	1	104	8.80e-47	193
NC_011593.1:c2598562-2597207	NB551033:120:HK2TMBGX9:4:11403:25539:11376#0/1	100.000	104	0	0	471	574	104	1	8.80e-47	193
NC_011593.1:c2598562-2597207	NB551033:120:HK2TMBGX9:1:11107:6140:8485#0/2	100.000	103	0	0	1143	1245	1	103	3.17e-46	191
NC_011593.1:c2598562-2597207	NB551033:120:HK2TMBGX9:1:11107:6140:8485#0/1	100.000	103	0	0	1143	1245	103	1	3.17e-46	191
NC_011593.1:c2598562-2597207	NB551033:120:HK2TMBGX9:1:22303:6600:2570#0/2	100.000	102	0	0	645	746	102	1	1.14e-45	189
NC_011593.1:c2598562-2597207	NB551033:120:HK2TMBGX9:1:22303:6600:2570#0/1	100.000	102	0	0	645	746	1	102	1.14e-45	189
NC_011593.1:c2598562-2597207	NB551033:120:HK2TMBGX9:1:23310:23444:11839#0/1	100.000	101	0	0	311	411	1	101	4.09e-45	187
NC_011593.1:c2598562-2597207	NB551033:120:HK2TMBGX9:4:13502:9780:2398#0/2	100.000	100	0	0	298	397	100	1	1.47e-44	185
NC_011593.1:c2598562-2597207	NB551033:120:HK2TMBGX9:4:13502:9780:2398#0/1	100.000	100	0	0	298	397	1	100	1.47e-44	185
NC_011593.1:c2598562-2597207	NB551033:120:HK2TMBGX9:2:22307:12268:7768#0/1	100.000	98	0	0	602	699	1	98	1.90e-43	182
NC_011593.1:c2598562-2597207	NB551033:120:HK2TMBGX9:1:21304:2877:7003#0/2	100.000	97	0	0	498	594	97	1	6.85e-43	180
NC_011593.1:c2598562-2597207	NB551033:120:HK2TMBGX9:2:22304:19503:1821#0/2	96.296	108	4	0	808	915	108	1	2.46e-42	178
NC_011593.1:c2598562-2597207	NB551033:120:HK2TMBGX9:2:22304:19503:1821#0/1	96.296	108	4	0	808	915	9	116	2.46e-42	178
NC_011593.1:c2598562-2597207	NB551033:120:HK2TMBGX9:3:13605:5997:20166#0/1	97.115	104	3	0	808	911	25	128	8.86e-42	176
NC_011593.1:c2598562-2597207	NB551033:120:HK2TMBGX9:2:11311:9606:14565#0/1	100.000	95	0	0	399	493	1	95	8.86e-42	176
NC_011593.1:c2598562-2597207	NB551033:120:HK2TMBGX9:2:22202:5836:7326#0/2	95.327	107	5	0	809	915	107	1	4.12e-40	171
NC_011593.1:c2598562-2597207	NB551033:120:HK2TMBGX9:2:21303:24522:20035#0/1	100.000	92	0	0	1265	1356	1	92	4.12e-40	171
NC_011593.1:c2598562-2597207	NB551033:120:HK2TMBGX9:4:12406:24841:1380#0/2	100.000	90	0	0	838	927	1	90	5.33e-39	167
NC_011593.1:c2598562-2597207	NB551033:120:HK2TMBGX9:2:11105:11872:1734#0/1	96.078	102	4	0	509	610	1	102	5.33e-39	167
NC_011593.1:c2598562-2597207	NB551033:120:HK2TMBGX9:2:21109:25987:6779#0/2	100.000	89	0	0	976	1064	150	62	1.92e-38	165
NC_011593.1:c2598562-2597207	NB551033:120:HK2TMBGX9:2:11311:9606:14565#0/2	98.901	91	1	0	403	493	91	1	6.90e-38	163
NC_011593.1:c2598562-2597207	NB551033:120:HK2TMBGX9:4:22602:12681:18217#0/2	96.875	96	3	0	479	574	1	96	2.48e-37	161
NC_011593.1:c2598562-2597207	NB551033:120:HK2TMBGX9:1:23310:23444:11839#0/2	98.889	90	1	0	577	666	90	1	2.48e-37	161
NC_011593.1:c2598562-2597207	NB551033:120:HK2TMBGX9:4:22602:12681:18217#0/1	96.875	96	3	0	479	574	96	1	2.48e-37	161
NC_011593.1:c2598562-2597207	NB551033:120:HK2TMBGX9:4:21507:13753:16347#0/2	100.000	86	0	0	908	993	86	1	8.93e-37	159
NC_011593.1:c2598562-2597207	NB551033:120:HK2TMBGX9:2:11308:13466:9346#0/1	97.826	92	2	0	808	899	23	114	8.93e-37	159
NC_011593.1:c2598562-2597207	NB551033:120:HK2TMBGX9:2:11308:13466:9346#0/2	96.739	92	3	0	811	902	92	1	4.15e-35	154
NC_011593.1:c2598562-2597207	NB551033:120:HK2TMBGX9:4:21507:13753:16347#0/1	98.837	86	1	0	908	993	1	86	4.15e-35	154
NC_011593.1:c2598562-2597207	NB551033:120:HK2TMBGX9:1:11108:4002:3941#0/1	100.000	82	0	0	138	219	82	1	1.49e-34	152
NC_011593.1:c2598562-2597207	NB551033:120:HK2TMBGX9:1:11108:4002:3941#0/2	100.000	81	0	0	138	218	70	150	5.37e-34	150
NC_011593.1:c2598562-2597207	NB551033:120:HK2TMBGX9:3:13608:23617:16523#0/2	98.780	82	1	0	1192	1273	1	82	6.95e-33	147
NC_011593.1:c2598562-2597207	NB551033:120:HK2TMBGX9:2:13102:12808:11060#0/2	100.000	79	0	0	1278	1356	1	79	6.95e-33	147
NC_011593.1:c2598562-2597207	NB551033:120:HK2TMBGX9:2:12308:8900:10399#0/1	100.000	79	0	0	231	309	79	1	6.95e-33	147
NC_011593.1:c2598562-2597207	NB551033:120:HK2TMBGX9:2:13102:12808:11060#0/1	100.000	78	0	0	1279	1356	134	57	2.50e-32	145
NC_011593.1:c2598562-2597207	NB551033:120:HK2TMBGX9:3:21406:1343:9489#0/2	100.000	77	0	0	498	574	77	1	8.99e-32	143
NC_011593.1:c2598562-2597207	NB551033:120:HK2TMBGX9:3:21405:26835:9489#0/2	100.000	77	0	0	498	574	77	1	8.99e-32	143
NC_011593.1:c2598562-2597207	NB551033:120:HK2TMBGX9:3:13608:23617:16523#0/1	100.000	76	0	0	1198	1273	76	1	3.23e-31	141
NC_011593.1:c2598562-2597207	NB551033:120:HK2TMBGX9:2:23107:21218:12400#0/2	95.349	86	4	0	830	915	86	1	4.18e-30	137
NC_011593.1:c2598562-2597207	NB551033:120:HK2TMBGX9:2:23202:4309:1660#0/1	100.000	74	0	0	1060	1133	78	151	4.18e-30	137
NC_011593.1:c2598562-2597207	NB551033:120:HK2TMBGX9:2:23107:21218:12400#0/1	95.349	86	4	0	830	915	1	86	4.18e-30	137
NC_011593.1:c2598562-2597207	NB551033:120:HK2TMBGX9:2:11307:21947:19482#0/1	96.386	83	3	0	1	83	64	146	4.18e-30	137
NC_011593.1:c2598562-2597207	NB551033:120:HK2TMBGX9:1:21111:4698:13581#0/1	100.000	72	0	0	1058	1129	80	151	5.41e-29	134
NC_011593.1:c2598562-2597207	NB551033:120:HK2TMBGX9:2:11105:11872:1734#0/2	98.571	70	1	0	541	610	70	1	3.26e-26	124
NC_011593.1:c2598562-2597207	NB551033:120:HK2TMBGX9:2:12308:8900:10399#0/2	100.000	66	0	0	138	203	86	151	1.17e-25	122
NC_011593.1:c2598562-2597207	NB551033:120:HK2TMBGX9:3:12509:8118:18814#0/2	98.438	64	1	0	1293	1356	107	44	7.05e-23	113
NC_011593.1:c2598562-2597207	NB551033:120:HK2TMBGX9:2:21303:24522:20035#0/2	100.000	55	0	0	1302	1356	150	96	1.53e-19	102
NC_011593.1:c2598562-2597207	NB551033:120:HK2TMBGX9:4:23606:6502:9914#0/2	97.826	46	1	0	429	474	46	1	7.15e-13	80.5
NC_011593.1:c2598562-2597207	NB551033:120:HK2TMBGX9:1:21107:24267:16485#0/1	100.000	42	0	0	138	179	42	1	2.57e-12	78.7
NC_011593.1:c2598562-2597207	NB551033:120:HK2TMBGX9:4:13506:23739:7328#0/2	95.455	44	2	0	390	433	148	105	4.30e-10	71.3
NC_011593.1:c2598562-2597207	NB551033:120:HK2TMBGX9:1:21301:5084:3557#0/2	100.000	37	0	0	1	37	37	1	1.55e-09	69.4
NC_011593.1:c2598562-2597207	NB551033:120:HK2TMBGX9:2:12206:19011:2579#0/2	100.000	36	0	0	1321	1356	147	112	5.57e-09	67.6
NC_011593.1:c2598562-2597207	NB551033:120:HK2TMBGX9:3:21408:14616:16938#0/1	100.000	36	0	0	1029	1064	1	36	5.57e-09	67.6
NC_011593.1:c2598562-2597207	NB551033:120:HK2TMBGX9:2:12206:19011:2579#0/1	100.000	36	0	0	1321	1356	1	36	5.57e-09	67.6
NC_011593.1:c2598562-2597207	NB551033:120:HK2TMBGX9:1:13112:15020:19796#0/1	100.000	36	0	0	1321	1356	1	36	5.57e-09	67.6
NC_011593.1:c2598562-2597207	NB551033:120:HK2TMBGX9:1:13307:26352:19868#0/1	100.000	29	0	0	1328	1356	150	122	4.33e-05	54.7
NC_011593.1:c2598562-2597207	NB551033:120:HK2TMBGX9:2:11111:5770:13655#0/2	100.000	28	0	0	1329	1356	115	88	1.56e-04	52.8
NC_011593.1:c2598562-2597207	NB551033:120:HK2TMBGX9:2:11111:5770:13655#0/1	100.000	28	0	0	1329	1356	1	28	1.56e-04	52.8
# BLASTN 2.9.0+
# Query: NC_011593.1:2598858-2601929 Bifidobacterium longum subsp. infantis ATCC 15697, complete genome
# Database: db/blast_C0127-7F-1A_S55.faa
# Fields: query acc.ver, subject acc.ver, % identity, alignment length, mismatches, gap opens, q. start, q. end, s. start, s. end, evalue, bit score
# 200 hits found
NC_011593.1:2598858-2601929	NB551033:120:HK2TMBGX9:3:22607:6393:12981#0/2	100.000	151	0	0	2427	2577	151	1	1.49e-72	279
NC_011593.1:2598858-2601929	NB551033:120:HK2TMBGX9:2:11304:17010:12273#0/2	100.000	151	0	0	2192	2342	1	151	1.49e-72	279
NC_011593.1:2598858-2601929	NB551033:120:HK2TMBGX9:1:23110:23895:8511#0/2	100.000	151	0	0	1906	2056	1	151	1.49e-72	279
NC_011593.1:2598858-2601929	NB551033:120:HK2TMBGX9:3:13408:11740:12238#0/2	100.000	150	0	0	1922	2071	150	1	5.36e-72	278
NC_011593.1:2598858-2601929	NB551033:120:HK2TMBGX9:3:12510:3368:9897#0/2	100.000	150	0	0	1005	1154	150	1	5.36e-72	278
NC_011593.1:2598858-2601929	NB551033:120:HK2TMBGX9:1:21311:26057:19575#0/2	100.000	150	0	0	1939	2088	1	150	5.36e-72	278
NC_011593.1:2598858-2601929	NB551033:120:HK2TMBGX9:4:11610:13896:5584#0/1	100.000	150	0	0	2398	2547	150	1	5.36e-72	278
NC_011593.1:2598858-2601929	NB551033:120:HK2TMBGX9:1:23110:23895:8511#0/1	100.000	150	0	0	1931	2080	150	1	5.36e-72	278
NC_011593.1:2598858-2601929	NB551033:120:HK2TMBGX9:1:12204:9013:19594#0/1	100.000	150	0	0	2177	2326	150	1	5.36e-72	278
NC_011593.1:2598858-2601929	NB551033:120:HK2TMBGX9:1:12207:5653:10206#0/2	100.000	149	0	0	1701	1849	149	1	1.93e-71	276
NC_011593.1:2598858-2601929	NB551033:120:HK2TMBGX9:3:12603:13951:2112#0/2	99.338	151	1	0	1904	2054	151	1	6.94e-71	274
NC_011593.1:2598858-2601929	NB551033:120:HK2TMBGX9:1:12105:22618:8741#0/2	99.338	151	1	0	1062	1212	151	1	6.94e-71	274
NC_011593.1:2598858-2601929	NB551033:120:HK2TMBGX9:1:12101:26841:15210#0/1	99.338	151	1	0	1812	1962	1	151	6.94e-71	274
NC_011593.1:2598858-2601929	NB551033:120:HK2TMBGX9:4:23602:21607:9175#0/2	99.333	150	1	0	115	264	1	150	2.49e-70	272
NC_011593.1:2598858-2601929	NB551033:120:HK2TMBGX9:2:23303:12188:14102#0/2	99.333	150	1	0	284	433	1	150	2.49e-70	272
NC_011593.1:2598858-2601929	NB551033:120:HK2TMBGX9:4:23602:21607:9175#0/1	99.333	150	1	0	334	483	150	1	2.49e-70	272
NC_011593.1:2598858-2601929	NB551033:120:HK2TMBGX9:4:21403:4943:5095#0/1	99.333	150	1	0	260	409	1	150	2.49e-70	272
NC_011593.1:2598858-2601929	NB551033:120:HK2TMBGX9:4:13410:7237:8154#0/1	99.333	150	1	0	112	261	150	1	2.49e-70	272
NC_011593.1:2598858-2601929	NB551033:120:HK2TMBGX9:3:22605:21516:20179#0/1	99.333	150	1	0	9	158	1	150	2.49e-70	272
NC_011593.1:2598858-2601929	NB551033:120:HK2TMBGX9:3:13408:11740:12238#0/1	99.333	150	1	0	1824	1973	1	150	2.49e-70	272
NC_011593.1:2598858-2601929	NB551033:120:HK2TMBGX9:2:21112:19815:3281#0/1	99.333	150	1	0	685	834	150	1	2.49e-70	272
NC_011593.1:2598858-2601929	NB551033:120:HK2TMBGX9:1:12105:22618:8741#0/1	99.333	150	1	0	895	1044	1	150	2.49e-70	272
NC_011593.1:2598858-2601929	NB551033:120:HK2TMBGX9:1:22212:6201:8470#0/1	99.329	149	1	0	1050	1198	149	1	8.97e-70	270
NC_011593.1:2598858-2601929	NB551033:120:HK2TMBGX9:1:13204:23755:5352#0/1	99.329	149	1	0	309	457	1	149	8.97e-70	270
NC_011593.1:2598858-2601929	NB551033:120:HK2TMBGX9:3:22605:21516:20179#0/2	98.675	151	2	0	50	200	151	1	3.23e-69	268
NC_011593.1:2598858-2601929	NB551033:120:HK2TMBGX9:3:12611:13846:4857#0/2	98.675	151	2	0	2473	2623	1	151	3.23e-69	268
NC_011593.1:2598858-2601929	NB551033:120:HK2TMBGX9:3:11602:19153:3930#0/2	98.675	151	2	0	89	239	151	1	3.23e-69	268
NC_011593.1:2598858-2601929	NB551033:120:HK2TMBGX9:4:22403:7348:6694#0/1	98.675	151	2	0	587	737	151	1	3.23e-69	268
NC_011593.1:2598858-2601929	NB551033:120:HK2TMBGX9:4:21608:4504:14731#0/1	98.675	151	2	0	1462	1612	151	1	3.23e-69	268
NC_011593.1:2598858-2601929	NB551033:120:HK2TMBGX9:2:22108:7932:9579#0/1	98.675	151	2	0	1239	1389	151	1	3.23e-69	268
NC_011593.1:2598858-2601929	NB551033:120:HK2TMBGX9:2:22101:23619:10327#0/1	98.675	151	2	0	1072	1222	151	1	3.23e-69	268
NC_011593.1:2598858-2601929	NB551033:120:HK2TMBGX9:1:22208:5778:10849#0/1	98.675	151	2	0	674	824	151	1	3.23e-69	268
NC_011593.1:2598858-2601929	NB551033:120:HK2TMBGX9:1:11104:19193:9736#0/1	98.675	151	2	0	2868	3018	151	1	3.23e-69	268
NC_011593.1:2598858-2601929	NB551033:120:HK2TMBGX9:4:23603:19597:9155#0/2	98.667	150	2	0	2882	3031	1	150	1.16e-68	267
NC_011593.1:2598858-2601929	NB551033:120:HK2TMBGX9:4:22511:18618:17472#0/2	98.667	150	2	0	2797	2946	1	150	1.16e-68	267
NC_011593.1:2598858-2601929	NB551033:120:HK2TMBGX9:4:22403:7348:6694#0/2	98.667	150	2	0	400	549	1	150	1.16e-68	267
NC_011593.1:2598858-2601929	NB551033:120:HK2TMBGX9:4:21608:4504:14731#0/2	98.667	150	2	0	1437	1586	1	150	1.16e-68	267
NC_011593.1:2598858-2601929	NB551033:120:HK2TMBGX9:2:12310:4634:15146#0/2	98.667	150	2	0	616	765	1	150	1.16e-68	267
NC_011593.1:2598858-2601929	NB551033:120:HK2TMBGX9:2:11209:9840:2356#0/2	98.667	150	2	0	1386	1535	1	150	1.16e-68	267
NC_011593.1:2598858-2601929	NB551033:120:HK2TMBGX9:1:22208:5778:10849#0/2	98.667	150	2	0	595	744	1	150	1.16e-68	267
NC_011593.1:2598858-2601929	NB551033:120:HK2TMBGX9:1:13204:23755:5352#0/2	98.667	150	2	0	593	742	150	1	1.16e-68	267
NC_011593.1:2598858-2601929	NB551033:120:HK2TMBGX9:1:12204:9013:19594#0/2	98.667	150	2	0	2147	2296	1	150	1.16e-68	267
NC_011593.1:2598858-2601929	NB551033:120:HK2TMBGX9:3:11602:19153:3930#0/1	98.667	150	2	0	31	180	1	150	1.16e-68	267
NC_011593.1:2598858-2601929	NB551033:120:HK2TMBGX9:2:12112:1157:12632#0/1	98.667	150	2	0	2798	2947	150	1	1.16e-68	267
NC_011593.1:2598858-2601929	NB551033:120:HK2TMBGX9:1:22301:11148:1235#0/1	98.667	150	2	0	147	296	1	150	1.16e-68	267
NC_011593.1:2598858-2601929	NB551033:120:HK2TMBGX9:2:21112:19815:3281#0/2	98.658	149	2	0	608	756	1	149	4.17e-68	265
NC_011593.1:2598858-2601929	NB551033:120:HK2TMBGX9:4:13410:5347:4982#0/2	98.013	151	3	0	1293	1443	151	1	1.50e-67	263
NC_011593.1:2598858-2601929	NB551033:120:HK2TMBGX9:4:11610:13896:5584#0/2	98.013	151	3	0	2370	2520	1	151	1.50e-67	263
NC_011593.1:2598858-2601929	NB551033:120:HK2TMBGX9:1:21201:12578:2071#0/2	98.649	148	2	0	131	278	1	148	1.50e-67	263
NC_011593.1:2598858-2601929	NB551033:120:HK2TMBGX9:1:12101:26841:15210#0/2	98.013	151	3	0	2280	2430	151	1	1.50e-67	263
NC_011593.1:2598858-2601929	NB551033:120:HK2TMBGX9:4:22408:6579:12214#0/1	98.013	151	3	0	2919	3069	151	1	1.50e-67	263
NC_011593.1:2598858-2601929	NB551033:120:HK2TMBGX9:4:13410:5347:4982#0/1	98.013	151	3	0	1208	1358	1	151	1.50e-67	263
NC_011593.1:2598858-2601929	NB551033:120:HK2TMBGX9:4:11504:14362:15179#0/1	98.013	151	3	0	1094	1244	1	151	1.50e-67	263
NC_011593.1:2598858-2601929	NB551033:120:HK2TMBGX9:3:11411:13001:18982#0/1	98.013	151	3	0	1249	1399	151	1	1.50e-67	263
NC_011593.1:2598858-2601929	NB551033:120:HK2TMBGX9:2:23303:12188:14102#0/1	98.649	148	2	0	390	537	148	1	1.50e-67	263
NC_011593.1:2598858-2601929	NB551033:120:HK2TMBGX9:1:23209:25008:3337#0/1	98.013	151	3	0	2015	2165	1	151	1.50e-67	263
NC_011593.1:2598858-2601929	NB551033:120:HK2TMBGX9:4:12411:7246:18218#0/2	98.000	150	3	0	1360	1509	1	150	5.40e-67	261
NC_011593.1:2598858-2601929	NB551033:120:HK2TMBGX9:3:23510:1293:3752#0/2	98.000	150	3	0	2847	2996	150	1	5.40e-67	261
NC_011593.1:2598858-2601929	NB551033:120:HK2TMBGX9:3:23509:26805:3764#0/2	98.000	150	3	0	2847	2996	150	1	5.40e-67	261
NC_011593.1:2598858-2601929	NB551033:120:HK2TMBGX9:3:21402:12929:18190#0/2	98.000	150	3	0	2348	2497	150	1	5.40e-67	261
NC_011593.1:2598858-2601929	NB551033:120:HK2TMBGX9:3:12412:25350:6523#0/2	98.639	147	2	0	2489	2635	1	147	5.40e-67	261
NC_011593.1:2598858-2601929	NB551033:120:HK2TMBGX9:3:11411:13001:18982#0/2	98.000	150	3	0	1190	1339	1	150	5.40e-67	261
NC_011593.1:2598858-2601929	NB551033:120:HK2TMBGX9:2:22305:8175:18925#0/2	98.639	147	2	0	2910	3056	1	147	5.40e-67	261
NC_011593.1:2598858-2601929	NB551033:120:HK2TMBGX9:2:22108:7932:9579#0/2	98.000	150	3	0	1107	1256	1	150	5.40e-67	261
NC_011593.1:2598858-2601929	NB551033:120:HK2TMBGX9:2:11209:2328:9058#0/2	98.000	150	3	0	2317	2466	1	150	5.40e-67	261
NC_011593.1:2598858-2601929	NB551033:120:HK2TMBGX9:4:12411:7246:18218#0/1	98.000	150	3	0	1391	1540	150	1	5.40e-67	261
NC_011593.1:2598858-2601929	NB551033:120:HK2TMBGX9:3:23510:1293:3752#0/1	98.000	150	3	0	2832	2981	1	150	5.40e-67	261
NC_011593.1:2598858-2601929	NB551033:120:HK2TMBGX9:3:23509:26805:3764#0/1	98.000	150	3	0	2832	2981	1	150	5.40e-67	261
NC_011593.1:2598858-2601929	NB551033:120:HK2TMBGX9:3:22607:6393:12981#0/1	98.000	150	3	0	2323	2472	1	150	5.40e-67	261
NC_011593.1:2598858-2601929	NB551033:120:HK2TMBGX9:2:11304:17010:12273#0/1	98.000	150	3	0	2343	2492	150	1	5.40e-67	261
NC_011593.1:2598858-2601929	NB551033:120:HK2TMBGX9:2:11209:2328:9058#0/1	98.000	150	3	0	2378	2527	150	1	5.40e-67	261
NC_011593.1:2598858-2601929	NB551033:120:HK2TMBGX9:2:11209:9840:2356#0/1	98.000	150	3	0	1426	1575	150	1	5.40e-67	261
NC_011593.1:2598858-2601929	NB551033:120:HK2TMBGX9:1:23209:25008:3337#0/2	97.987	149	3	0	2121	2269	149	1	1.94e-66	259
NC_011593.1:2598858-2601929	NB551033:120:HK2TMBGX9:1:11104:19193:9736#0/2	97.987	149	3	0	2569	2717	1	149	1.94e-66	259
NC_011593.1:2598858-2601929	NB551033:120:HK2TMBGX9:2:22106:5910:9718#0/1	97.987	149	3	0	1235	1383	3	151	1.94e-66	259
NC_011593.1:2598858-2601929	NB551033:120:HK2TMBGX9:1:11205:9902:9004#0/2	97.351	151	4	0	2603	2753	1	151	6.98e-66	257
NC_011593.1:2598858-2601929	NB551033:120:HK2TMBGX9:4:12507:10578:5104#0/2	97.959	147	3	0	1282	1428	147	1	2.51e-65	255
NC_011593.1:2598858-2601929	NB551033:120:HK2TMBGX9:4:11504:14362:15179#0/2	97.333	150	4	0	1144	1293	150	1	2.51e-65	255
NC_011593.1:2598858-2601929	NB551033:120:HK2TMBGX9:2:22101:23619:10327#0/2	97.333	150	4	0	867	1016	1	150	2.51e-65	255
NC_011593.1:2598858-2601929	NB551033:120:HK2TMBGX9:4:12507:10578:5104#0/1	97.959	147	3	0	1282	1428	1	147	2.51e-65	255
NC_011593.1:2598858-2601929	NB551033:120:HK2TMBGX9:1:21206:12147:18509#0/1	98.611	144	2	0	57	200	144	1	2.51e-65	255
NC_011593.1:2598858-2601929	NB551033:120:HK2TMBGX9:1:11205:9902:9004#0/1	97.333	150	4	0	2631	2780	150	1	2.51e-65	255
NC_011593.1:2598858-2601929	NB551033:120:HK2TMBGX9:2:13204:9221:4418#0/1	99.286	140	1	0	1	140	140	1	9.04e-65	254
NC_011593.1:2598858-2601929	NB551033:120:HK2TMBGX9:1:21109:11374:14659#0/2	97.297	148	4	0	536	683	150	3	3.25e-64	252
NC_011593.1:2598858-2601929	NB551033:120:HK2TMBGX9:4:21403:4943:5095#0/2	96.667	150	5	0	452	601	150	1	1.17e-63	250
NC_011593.1:2598858-2601929	NB551033:120:HK2TMBGX9:3:13509:2643:9531#0/2	97.279	147	4	0	2910	3056	1	147	1.17e-63	250
NC_011593.1:2598858-2601929	NB551033:120:HK2TMBGX9:2:23206:4326:9033#0/2	96.667	150	5	0	852	1001	1	150	1.17e-63	250
NC_011593.1:2598858-2601929	NB551033:120:HK2TMBGX9:2:22106:5910:9718#0/2	97.917	144	3	0	1302	1445	144	1	1.17e-63	250
NC_011593.1:2598858-2601929	NB551033:120:HK2TMBGX9:2:12112:1157:12632#0/2	96.667	150	5	0	2708	2857	1	150	1.17e-63	250
NC_011593.1:2598858-2601929	NB551033:120:HK2TMBGX9:3:12510:3368:9897#0/1	96.667	150	5	0	784	933	1	150	1.17e-63	250
NC_011593.1:2598858-2601929	NB551033:120:HK2TMBGX9:2:12301:13406:12430#0/1	96.667	150	5	0	545	694	1	150	1.17e-63	250
NC_011593.1:2598858-2601929	NB551033:120:HK2TMBGX9:1:21109:11374:14659#0/1	96.667	150	5	0	475	624	1	150	1.17e-63	250
NC_011593.1:2598858-2601929	NB551033:120:HK2TMBGX9:3:13509:2643:9531#0/1	96.622	148	5	0	2925	3072	150	3	1.51e-62	246
NC_011593.1:2598858-2601929	NB551033:120:HK2TMBGX9:3:12502:22322:13443#0/1	96.599	147	5	0	2685	2831	147	1	5.44e-62	244
NC_011593.1:2598858-2601929	NB551033:120:HK2TMBGX9:3:12412:25350:6523#0/1	96.000	150	6	0	2672	2821	150	1	5.44e-62	244
NC_011593.1:2598858-2601929	NB551033:120:HK2TMBGX9:3:12502:22322:13443#0/2	96.575	146	5	0	2686	2831	1	146	1.96e-61	243
NC_011593.1:2598858-2601929	NB551033:120:HK2TMBGX9:4:23611:10092:2084#0/1	97.857	140	3	0	2297	2436	1	140	1.96e-61	243
NC_011593.1:2598858-2601929	NB551033:120:HK2TMBGX9:1:21311:26057:19575#0/1	97.857	140	3	0	2061	2200	140	1	1.96e-61	243
NC_011593.1:2598858-2601929	NB551033:120:HK2TMBGX9:4:21505:8175:1347#0/2	98.529	136	2	0	2784	2919	1	136	7.03e-61	241
NC_011593.1:2598858-2601929	NB551033:120:HK2TMBGX9:4:22511:18618:17472#0/1	97.826	138	3	0	2935	3072	150	13	2.53e-60	239
NC_011593.1:2598858-2601929	NB551033:120:HK2TMBGX9:2:13208:9146:8977#0/2	96.503	143	5	0	782	924	1	143	9.10e-60	237
NC_011593.1:2598858-2601929	NB551033:120:HK2TMBGX9:2:23206:4326:9033#0/1	97.744	133	3	0	1151	1283	133	1	1.52e-57	230
NC_011593.1:2598858-2601929	NB551033:120:HK2TMBGX9:1:22301:11148:1235#0/2	99.206	126	1	0	177	302	126	1	5.48e-57	228
NC_011593.1:2598858-2601929	NB551033:120:HK2TMBGX9:1:22212:6201:8470#0/2	98.450	129	2	0	744	872	1	129	5.48e-57	228
NC_011593.1:2598858-2601929	NB551033:120:HK2TMBGX9:3:13403:19679:10667#0/2	99.187	123	1	0	1235	1357	3	125	2.55e-55	222
NC_011593.1:2598858-2601929	NB551033:120:HK2TMBGX9:3:13403:19679:10667#0/1	99.187	123	1	0	1235	1357	123	1	2.55e-55	222
NC_011593.1:2598858-2601929	NB551033:120:HK2TMBGX9:2:22305:8175:18925#0/1	97.656	128	3	0	2945	3072	151	24	9.16e-55	220
NC_011593.1:2598858-2601929	NB551033:120:HK2TMBGX9:2:13208:9146:8977#0/1	96.241	133	5	0	792	924	133	1	3.30e-54	219
NC_011593.1:2598858-2601929	NB551033:120:HK2TMBGX9:1:13303:24186:7538#0/1	96.241	133	5	0	826	958	1	133	3.30e-54	219
NC_011593.1:2598858-2601929	NB551033:120:HK2TMBGX9:3:12505:3858:18609#0/2	95.556	135	6	0	441	575	1	135	1.19e-53	217
NC_011593.1:2598858-2601929	NB551033:120:HK2TMBGX9:2:13204:9221:4418#0/2	99.167	120	1	0	1	120	31	150	1.19e-53	217
NC_011593.1:2598858-2601929	NB551033:120:HK2TMBGX9:1:22102:6749:2886#0/2	98.374	123	2	0	2514	2636	123	1	1.19e-53	217
NC_011593.1:2598858-2601929	NB551033:120:HK2TMBGX9:3:13406:18533:11532#0/1	100.000	117	0	0	1558	1674	1	117	1.19e-53	217
NC_011593.1:2598858-2601929	NB551033:120:HK2TMBGX9:3:12505:3858:18609#0/1	95.556	135	6	0	441	575	135	1	1.19e-53	217
NC_011593.1:2598858-2601929	NB551033:120:HK2TMBGX9:4:23611:10092:2084#0/2	96.183	131	5	0	2788	2918	131	1	4.26e-53	215
NC_011593.1:2598858-2601929	NB551033:120:HK2TMBGX9:3:13406:18533:11532#0/2	100.000	116	0	0	1669	1784	116	1	4.26e-53	215
NC_011593.1:2598858-2601929	NB551033:120:HK2TMBGX9:2:11204:6477:13040#0/1	97.561	123	3	0	670	792	123	1	5.52e-52	211
NC_011593.1:2598858-2601929	NB551033:120:HK2TMBGX9:1:23208:13120:1365#0/2	96.094	128	5	0	527	654	1	128	1.98e-51	209
NC_011593.1:2598858-2601929	NB551033:120:HK2TMBGX9:1:23208:13120:1365#0/1	96.094	128	5	0	527	654	128	1	1.98e-51	209
NC_011593.1:2598858-2601929	NB551033:120:HK2TMBGX9:4:11610:10933:7981#0/2	99.123	114	1	0	2228	2341	114	1	2.57e-50	206
NC_011593.1:2598858-2601929	NB551033:120:HK2TMBGX9:4:11610:10933:7981#0/1	99.123	114	1	0	2228	2341	1	114	2.57e-50	206
NC_011593.1:2598858-2601929	NB551033:120:HK2TMBGX9:2:12310:4634:15146#0/1	96.748	123	4	0	766	888	123	1	2.57e-50	206
NC_011593.1:2598858-2601929	NB551033:120:HK2TMBGX9:1:12106:18117:3149#0/2	100.000	106	0	0	203	308	106	1	1.54e-47	196
NC_011593.1:2598858-2601929	NB551033:120:HK2TMBGX9:4:23603:19597:9155#0/1	96.610	118	4	0	2955	3072	151	34	1.54e-47	196
NC_011593.1:2598858-2601929	NB551033:120:HK2TMBGX9:1:21206:12147:18509#0/2	100.000	105	0	0	1	105	46	150	5.55e-47	195
NC_011593.1:2598858-2601929	NB551033:120:HK2TMBGX9:4:23608:19130:14628#0/2	99.065	107	1	0	321	427	107	1	2.00e-46	193
NC_011593.1:2598858-2601929	NB551033:120:HK2TMBGX9:2:21212:10742:2501#0/1	99.065	107	1	0	2864	2970	1	107	2.00e-46	193
NC_011593.1:2598858-2601929	NB551033:120:HK2TMBGX9:1:13204:16336:1135#0/2	98.113	106	2	0	2813	2918	1	106	3.34e-44	185
NC_011593.1:2598858-2601929	NB551033:120:HK2TMBGX9:1:13204:16336:1135#0/1	98.113	106	2	0	2813	2918	106	1	3.34e-44	185
NC_011593.1:2598858-2601929	NB551033:120:HK2TMBGX9:3:23611:17623:11652#0/2	98.095	105	2	0	2734	2838	105	1	1.20e-43	183
NC_011593.1:2598858-2601929	NB551033:120:HK2TMBGX9:3:23611:17623:11652#0/1	98.095	105	2	0	2734	2838	1	105	1.20e-43	183
NC_011593.1:2598858-2601929	NB551033:120:HK2TMBGX9:3:12611:13846:4857#0/1	98.077	104	2	0	2628	2731	104	1	4.32e-43	182
NC_011593.1:2598858-2601929	NB551033:120:HK2TMBGX9:1:12106:18117:3149#0/1	100.000	98	0	0	177	274	1	98	4.32e-43	182
NC_011593.1:2598858-2601929	NB551033:120:HK2TMBGX9:4:23608:19130:14628#0/1	99.000	100	1	0	292	391	1	100	1.56e-42	180
NC_011593.1:2598858-2601929	NB551033:120:HK2TMBGX9:4:22508:23217:19068#0/1	97.143	105	3	0	1207	1311	105	1	5.59e-42	178
NC_011593.1:2598858-2601929	NB551033:120:HK2TMBGX9:3:12603:13951:2112#0/1	100.000	96	0	0	1863	1958	1	96	5.59e-42	178
NC_011593.1:2598858-2601929	NB551033:120:HK2TMBGX9:1:22102:6749:2886#0/1	96.262	107	4	0	2513	2619	1	107	2.01e-41	176
NC_011593.1:2598858-2601929	NB551033:120:HK2TMBGX9:1:13108:20338:16643#0/2	98.969	97	1	0	137	233	97	1	7.24e-41	174
NC_011593.1:2598858-2601929	NB551033:120:HK2TMBGX9:1:12207:5653:10206#0/1	98.000	100	2	0	1611	1710	1	100	7.24e-41	174
NC_011593.1:2598858-2601929	NB551033:120:HK2TMBGX9:1:13108:20338:16643#0/1	98.958	96	1	0	137	232	1	96	2.60e-40	172
NC_011593.1:2598858-2601929	NB551033:120:HK2TMBGX9:4:22508:23217:19068#0/2	96.154	104	4	0	1207	1310	1	104	9.36e-40	171
NC_011593.1:2598858-2601929	NB551033:120:HK2TMBGX9:2:21212:10742:2501#0/2	98.936	94	1	0	2877	2970	94	1	3.37e-39	169
NC_011593.1:2598858-2601929	NB551033:120:HK2TMBGX9:2:11204:6477:13040#0/2	98.936	94	1	0	647	740	1	94	3.37e-39	169
NC_011593.1:2598858-2601929	NB551033:120:HK2TMBGX9:1:13303:24186:7538#0/2	100.000	91	0	0	1041	1131	91	1	3.37e-39	169
NC_011593.1:2598858-2601929	NB551033:120:HK2TMBGX9:4:11608:15397:11026#0/2	100.000	90	0	0	1	90	25	114	1.21e-38	167
NC_011593.1:2598858-2601929	NB551033:120:HK2TMBGX9:1:23304:23139:4753#0/2	98.925	93	1	0	1836	1928	1	93	1.21e-38	167
NC_011593.1:2598858-2601929	NB551033:120:HK2TMBGX9:4:11608:15397:11026#0/1	100.000	90	0	0	1	90	90	1	1.21e-38	167
NC_011593.1:2598858-2601929	NB551033:120:HK2TMBGX9:2:11304:12244:16391#0/1	98.925	93	1	0	567	659	93	1	1.21e-38	167
NC_011593.1:2598858-2601929	NB551033:120:HK2TMBGX9:1:23304:23139:4753#0/1	98.925	93	1	0	1836	1928	93	1	1.21e-38	167
NC_011593.1:2598858-2601929	NB551033:120:HK2TMBGX9:3:22402:21878:12755#0/2	97.895	95	2	0	1287	1381	1	95	4.36e-38	165
NC_011593.1:2598858-2601929	NB551033:120:HK2TMBGX9:3:22402:21878:12755#0/1	97.895	95	2	0	1287	1381	95	1	4.36e-38	165
NC_011593.1:2598858-2601929	NB551033:120:HK2TMBGX9:1:23205:10356:13455#0/1	100.000	89	0	0	1	89	89	1	4.36e-38	165
NC_011593.1:2598858-2601929	NB551033:120:HK2TMBGX9:4:23509:9712:12447#0/2	97.872	94	2	0	799	892	96	3	1.57e-37	163
NC_011593.1:2598858-2601929	NB551033:120:HK2TMBGX9:2:11304:12244:16391#0/2	98.901	91	1	0	567	657	1	91	1.57e-37	163
NC_011593.1:2598858-2601929	NB551033:120:HK2TMBGX9:4:23509:9712:12447#0/1	97.872	94	2	0	799	892	1	94	1.57e-37	163
NC_011593.1:2598858-2601929	NB551033:120:HK2TMBGX9:3:21402:12929:18190#0/1	100.000	88	0	0	2287	2374	1	88	1.57e-37	163
NC_011593.1:2598858-2601929	NB551033:120:HK2TMBGX9:2:12301:13406:12430#0/2	97.826	92	2	0	733	824	92	1	2.03e-36	159
NC_011593.1:2598858-2601929	NB551033:120:HK2TMBGX9:3:21602:4474:7602#0/2	100.000	85	0	0	1694	1778	85	1	7.29e-36	158
NC_011593.1:2598858-2601929	NB551033:120:HK2TMBGX9:3:21602:4474:7602#0/1	100.000	85	0	0	1694	1778	1	85	7.29e-36	158
NC_011593.1:2598858-2601929	NB551033:120:HK2TMBGX9:2:22201:14860:12363#0/2	96.774	93	3	0	2694	2786	1	93	2.62e-35	156
NC_011593.1:2598858-2601929	NB551033:120:HK2TMBGX9:2:22201:14860:12363#0/1	96.774	93	3	0	2694	2786	93	1	2.62e-35	156
NC_011593.1:2598858-2601929	NB551033:120:HK2TMBGX9:1:21201:12578:2071#0/1	100.000	84	0	0	195	278	84	1	2.62e-35	156
NC_011593.1:2598858-2601929	NB551033:120:HK2TMBGX9:1:21101:12363:1668#0/2	97.753	89	2	0	2555	2643	1	89	9.43e-35	154
NC_011593.1:2598858-2601929	NB551033:120:HK2TMBGX9:1:21101:12363:1668#0/1	97.753	89	2	0	2555	2643	89	1	9.43e-35	154
NC_011593.1:2598858-2601929	NB551033:120:HK2TMBGX9:1:11304:26519:1556#0/2	98.810	84	1	0	2882	2965	84	1	1.22e-33	150
NC_011593.1:2598858-2601929	NB551033:120:HK2TMBGX9:1:11304:26519:1556#0/1	98.810	84	1	0	2882	2965	1	84	1.22e-33	150
NC_011593.1:2598858-2601929	NB551033:120:HK2TMBGX9:4:13512:13590:5478#0/2	97.674	86	2	0	2911	2996	86	1	4.39e-33	148
NC_011593.1:2598858-2601929	NB551033:120:HK2TMBGX9:2:21307:7389:2027#0/2	97.674	86	2	0	2511	2596	86	1	4.39e-33	148
NC_011593.1:2598858-2601929	NB551033:120:HK2TMBGX9:4:21505:8175:1347#0/1	97.674	86	2	0	2862	2947	86	1	4.39e-33	148
NC_011593.1:2598858-2601929	NB551033:120:HK2TMBGX9:4:13512:13590:5478#0/1	97.674	86	2	0	2911	2996	1	86	4.39e-33	148
NC_011593.1:2598858-2601929	NB551033:120:HK2TMBGX9:2:21307:7389:2027#0/1	97.674	86	2	0	2511	2596	1	86	4.39e-33	148
NC_011593.1:2598858-2601929	NB551033:120:HK2TMBGX9:3:23407:2923:15550#0/2	97.647	85	2	0	92	176	85	1	1.58e-32	147
NC_011593.1:2598858-2601929	NB551033:120:HK2TMBGX9:2:11112:4555:6662#0/2	97.647	85	2	0	1349	1433	85	1	1.58e-32	147
NC_011593.1:2598858-2601929	NB551033:120:HK2TMBGX9:3:23407:2923:15550#0/1	98.780	82	1	0	92	173	1	82	1.58e-32	147
NC_011593.1:2598858-2601929	NB551033:120:HK2TMBGX9:2:11112:4555:6662#0/1	97.647	85	2	0	1349	1433	1	85	1.58e-32	147
NC_011593.1:2598858-2601929	NB551033:120:HK2TMBGX9:4:22408:6579:12214#0/2	100.000	78	0	0	2297	2374	1	78	5.67e-32	145
NC_011593.1:2598858-2601929	NB551033:120:HK2TMBGX9:4:21601:12681:2661#0/2	97.590	83	2	0	1190	1272	83	1	2.04e-31	143
NC_011593.1:2598858-2601929	NB551033:120:HK2TMBGX9:3:11608:7076:5329#0/1	100.000	77	0	0	1	77	77	1	2.04e-31	143
NC_011593.1:2598858-2601929	NB551033:120:HK2TMBGX9:4:21601:12681:2661#0/1	97.561	82	2	0	1190	1271	1	82	7.34e-31	141
NC_011593.1:2598858-2601929	NB551033:120:HK2TMBGX9:3:23601:18133:10202#0/2	95.238	84	4	0	2989	3072	2	85	1.23e-28	134
NC_011593.1:2598858-2601929	NB551033:120:HK2TMBGX9:4:21601:19914:10670#0/1	95.238	84	4	0	2989	3072	2	85	1.23e-28	134
NC_011593.1:2598858-2601929	NB551033:120:HK2TMBGX9:4:12512:23510:3808#0/1	95.238	84	4	0	2989	3072	2	85	1.23e-28	134
NC_011593.1:2598858-2601929	NB551033:120:HK2TMBGX9:2:22203:7651:10550#0/2	95.122	82	4	0	1202	1283	82	1	1.59e-27	130
NC_011593.1:2598858-2601929	NB551033:120:HK2TMBGX9:2:22203:7651:10550#0/1	95.122	82	4	0	1202	1283	1	82	1.59e-27	130
NC_011593.1:2598858-2601929	NB551033:120:HK2TMBGX9:2:11312:15468:17116#0/2	100.000	67	0	0	1	67	41	107	7.39e-26	124
NC_011593.1:2598858-2601929	NB551033:120:HK2TMBGX9:3:21407:3590:14810#0/1	100.000	67	0	0	1	67	67	1	7.39e-26	124
NC_011593.1:2598858-2601929	NB551033:120:HK2TMBGX9:2:11312:15468:17116#0/1	100.000	67	0	0	1	67	67	1	7.39e-26	124
NC_011593.1:2598858-2601929	NB551033:120:HK2TMBGX9:2:13102:13806:7077#0/1	100.000	63	0	0	1	63	63	1	1.24e-23	117
NC_011593.1:2598858-2601929	NB551033:120:HK2TMBGX9:1:21210:26415:6566#0/2	95.652	69	3	0	3004	3072	1	69	5.75e-22	111
NC_011593.1:2598858-2601929	NB551033:120:HK2TMBGX9:4:13602:9120:3426#0/2	96.875	64	2	0	3009	3072	1	64	7.44e-21	108
NC_011593.1:2598858-2601929	NB551033:120:HK2TMBGX9:3:13504:19567:8712#0/2	96.875	64	2	0	3009	3072	1	64	7.44e-21	108
NC_011593.1:2598858-2601929	NB551033:120:HK2TMBGX9:2:21105:22835:10625#0/2	100.000	58	0	0	1	58	58	1	7.44e-21	108
NC_011593.1:2598858-2601929	NB551033:120:HK2TMBGX9:4:13602:9120:3426#0/1	96.875	64	2	0	3009	3072	108	45	7.44e-21	108
NC_011593.1:2598858-2601929	NB551033:120:HK2TMBGX9:4:11407:5742:9747#0/1	96.875	64	2	0	3009	3072	1	64	7.44e-21	108
NC_011593.1:2598858-2601929	NB551033:120:HK2TMBGX9:3:13504:19567:8712#0/1	96.875	64	2	0	3009	3072	128	65	7.44e-21	108
NC_011593.1:2598858-2601929	NB551033:120:HK2TMBGX9:4:12608:20228:2263#0/1	96.825	63	2	0	3010	3072	1	63	2.68e-20	106
NC_011593.1:2598858-2601929	NB551033:120:HK2TMBGX9:1:12102:22222:15265#0/2	96.552	58	2	0	3015	3072	1	58	1.61e-17	97.1
NC_011593.1:2598858-2601929	NB551033:120:HK2TMBGX9:2:11205:13619:19233#0/1	96.552	58	2	0	3015	3072	1	58	1.61e-17	97.1
NC_011593.1:2598858-2601929	NB551033:120:HK2TMBGX9:2:22208:26079:14517#0/1	98.039	51	1	0	619	669	150	100	2.70e-15	89.8
NC_011593.1:2598858-2601929	NB551033:120:HK2TMBGX9:3:11608:7076:5329#0/2	100.000	45	0	0	1	45	70	114	1.25e-13	84.2
# BLASTN 2.9.0+
# Query: NC_011593.1:c2604454-2602106 Bifidobacterium longum subsp. infantis ATCC 15697, complete genome
# Database: db/blast_C0127-7F-1A_S55.faa
# 0 hits found
# BLASTN 2.9.0+
# Query: NC_011593.1:c2605922-2604486 Bifidobacterium longum subsp. infantis ATCC 15697, complete genome
# Database: db/blast_C0127-7F-1A_S55.faa
# 0 hits found
# BLASTN 2.9.0+
# Query: NC_011593.1:c2606381-2605944 Bifidobacterium longum subsp. infantis ATCC 15697, complete genome
# Database: db/blast_C0127-7F-1A_S55.faa
# 0 hits found
# BLASTN 2.9.0+
# Query: NC_011593.1:c2607314-2606418 Bifidobacterium longum subsp. infantis ATCC 15697, complete genome
# Database: db/blast_C0127-7F-1A_S55.faa
# 0 hits found
# BLASTN 2.9.0+
# Query: NC_011593.1:c2608249-2607458 Bifidobacterium longum subsp. infantis ATCC 15697, complete genome
# Database: db/blast_C0127-7F-1A_S55.faa
# 0 hits found
# BLASTN 2.9.0+
# Query: NC_011593.1:c2609546-2608269 Bifidobacterium longum subsp. infantis ATCC 15697, complete genome
# Database: db/blast_C0127-7F-1A_S55.faa
# Fields: query acc.ver, subject acc.ver, % identity, alignment length, mismatches, gap opens, q. start, q. end, s. start, s. end, evalue, bit score
# 8 hits found
NC_011593.1:c2609546-2608269	NB551033:120:HK2TMBGX9:1:22309:13216:2210#0/2	96.774	62	2	0	283	344	3	64	3.99e-20	104
NC_011593.1:c2609546-2608269	NB551033:120:HK2TMBGX9:4:21607:2658:1800#0/2	98.214	56	1	0	289	344	150	95	1.86e-18	99.0
NC_011593.1:c2609546-2608269	NB551033:120:HK2TMBGX9:1:22308:21889:12775#0/1	98.214	56	1	0	289	344	151	96	1.86e-18	99.0
NC_011593.1:c2609546-2608269	NB551033:120:HK2TMBGX9:1:22309:13216:2210#0/1	98.182	55	1	0	290	344	150	96	6.68e-18	97.1
NC_011593.1:c2609546-2608269	NB551033:120:HK2TMBGX9:1:22104:3617:6496#0/2	98.039	51	1	0	294	344	151	101	1.12e-15	89.8
NC_011593.1:c2609546-2608269	NB551033:120:HK2TMBGX9:3:11511:14308:14751#0/1	98.000	50	1	0	295	344	150	101	4.02e-15	87.9
NC_011593.1:c2609546-2608269	NB551033:120:HK2TMBGX9:3:12501:9674:10658#0/2	100.000	38	0	0	307	344	2	39	4.05e-10	71.3
NC_011593.1:c2609546-2608269	NB551033:120:HK2TMBGX9:3:12501:9674:10658#0/1	100.000	38	0	0	307	344	140	103	4.05e-10	71.3
# BLASTN 2.9.0+
# Query: NC_011593.1:c2610356-2609697 Bifidobacterium longum subsp. infantis ATCC 15697, complete genome
# Database: db/blast_C0127-7F-1A_S55.faa
# 0 hits found
# BLASTN 2.9.0+
# Query: NC_011593.1:c2611458-2610496 Bifidobacterium longum subsp. infantis ATCC 15697, complete genome
# Database: db/blast_C0127-7F-1A_S55.faa
# 0 hits found
# BLASTN 2.9.0+
# Query: NC_011593.1:c2612430-2611477 Bifidobacterium longum subsp. infantis ATCC 15697, complete genome
# Database: db/blast_C0127-7F-1A_S55.faa
# 0 hits found
# BLASTN 2.9.0+
# Query: NC_011593.1:c2614109-2612517 Bifidobacterium longum subsp. infantis ATCC 15697, complete genome
# Database: db/blast_C0127-7F-1A_S55.faa
# Fields: query acc.ver, subject acc.ver, % identity, alignment length, mismatches, gap opens, q. start, q. end, s. start, s. end, evalue, bit score
# 1 hits found
NC_011593.1:c2614109-2612517	NB551033:120:HK2TMBGX9:4:12507:19034:4466#0/2	95.238	42	2	0	586	627	113	72	6.56e-09	67.6
# BLASTN 2.9.0+
# Query: NC_011593.1:c2615274-2614312 Bifidobacterium longum subsp. infantis ATCC 15697, complete genome
# Database: db/blast_C0127-7F-1A_S55.faa
# 0 hits found
# BLASTN 2.9.0+
# Query: NC_011593.1:c2616246-2615293 Bifidobacterium longum subsp. infantis ATCC 15697, complete genome
# Database: db/blast_C0127-7F-1A_S55.faa
# 0 hits found
# BLASTN 2.9.0+
# Query: NC_011593.1:c2617928-2616333 Bifidobacterium longum subsp. infantis ATCC 15697, complete genome
# Database: db/blast_C0127-7F-1A_S55.faa
# 0 hits found
# BLASTN 2.9.0+
# Query: NC_011593.1:c2619247-2618063 Bifidobacterium longum subsp. infantis ATCC 15697, complete genome
# Database: db/blast_C0127-7F-1A_S55.faa
# 0 hits found
# BLASTN 2.9.0+
# Query: NC_011593.1:c2620369-2619413 Bifidobacterium longum subsp. infantis ATCC 15697, complete genome
# Database: db/blast_C0127-7F-1A_S55.faa
# 0 hits found
# BLASTN 2.9.0+
# Query: NC_011593.1:c2622143-2620551 Bifidobacterium longum subsp. infantis ATCC 15697, complete genome
# Database: db/blast_C0127-7F-1A_S55.faa
# 0 hits found
# BLASTN 2.9.0+
# Query: NC_011593.1:c2624124-2622520 Bifidobacterium longum subsp. infantis ATCC 15697, complete genome
# Database: db/blast_C0127-7F-1A_S55.faa
# 0 hits found
# BLASTN 2.9.0+
# Query: NC_011593.1:c2626110-2624512 Bifidobacterium longum subsp. infantis ATCC 15697, complete genome
# Database: db/blast_C0127-7F-1A_S55.faa
# 0 hits found
# BLASTN 2.9.0+
# Query: NC_011593.1:c2626386-2626264 Bifidobacterium longum subsp. infantis ATCC 15697, complete genome
# Database: db/blast_C0127-7F-1A_S55.faa
# 0 hits found
# BLASTN 2.9.0+
# Query: NC_011593.1:c2628158-2626563 Bifidobacterium longum subsp. infantis ATCC 15697, complete genome
# Database: db/blast_C0127-7F-1A_S55.faa
# 0 hits found
# BLASTN 2.9.0+
# Query: NC_011593.1:c2630269-2628314 Bifidobacterium longum subsp. infantis ATCC 15697, complete genome
# Database: db/blast_C0127-7F-1A_S55.faa
# 0 hits found
# BLASTN 2.9.0+
# Query: NC_011593.1:c2631106-2630366 Bifidobacterium longum subsp. infantis ATCC 15697, complete genome
# Database: db/blast_C0127-7F-1A_S55.faa
# 0 hits found
# BLASTN 2.9.0+
# Query: NC_011593.1:c2632432-2631140 Bifidobacterium longum subsp. infantis ATCC 15697, complete genome
# Database: db/blast_C0127-7F-1A_S55.faa
# 0 hits found
# BLASTN 2.9.0+
# Query: NC_011593.1:c2633881-2632562 Bifidobacterium longum subsp. infantis ATCC 15697, complete genome
# Database: db/blast_C0127-7F-1A_S55.faa
# 0 hits found
# BLASTN 2.9.0+
# Query: NC_011593.1:c2634683-2633865 Bifidobacterium longum subsp. infantis ATCC 15697, complete genome
# Database: db/blast_C0127-7F-1A_S55.faa
# 0 hits found
# BLASTN 2.9.0+
# Query: NC_011593.1:c2635627-2634680 Bifidobacterium longum subsp. infantis ATCC 15697, complete genome
# Database: db/blast_C0127-7F-1A_S55.faa
# 0 hits found
# BLASTN 2.9.0+
# Query: NC_011593.1:c2636747-2635629 Bifidobacterium longum subsp. infantis ATCC 15697, complete genome
# Database: db/blast_C0127-7F-1A_S55.faa
# 0 hits found
# BLAST processed 31 queries
