# BLASTN 2.9.0+
# Query: NC_011593.1:c2595355-2593832 Bifidobacterium longum subsp. infantis ATCC 15697, complete genome
# Database: db/blast_C0127-7E-1A_S47.faa
# Fields: query acc.ver, subject acc.ver, % identity, alignment length, mismatches, gap opens, q. start, q. end, s. start, s. end, evalue, bit score
# 83 hits found
NC_011593.1:c2595355-2593832	NB551033:109:HG7V5BGX9:3:12408:18741:1533#0/1	98.675	151	2	0	432	582	151	1	1.22e-69	268
NC_011593.1:c2595355-2593832	NB551033:109:HG7V5BGX9:2:22308:14584:3267#0/2	98.667	150	2	0	499	648	150	1	4.38e-69	267
NC_011593.1:c2595355-2593832	NB551033:109:HG7V5BGX9:4:12611:4698:5285#0/1	98.667	150	2	0	1077	1226	1	150	4.38e-69	267
NC_011593.1:c2595355-2593832	NB551033:109:HG7V5BGX9:2:12112:15220:1279#0/2	98.658	149	2	0	1127	1275	149	1	1.58e-68	265
NC_011593.1:c2595355-2593832	NB551033:109:HG7V5BGX9:3:11406:10512:12681#0/1	98.658	149	2	0	1077	1225	1	149	1.58e-68	265
NC_011593.1:c2595355-2593832	NB551033:109:HG7V5BGX9:2:12112:15220:1279#0/1	98.658	149	2	0	1127	1275	1	149	1.58e-68	265
NC_011593.1:c2595355-2593832	NB551033:109:HG7V5BGX9:3:21611:9827:10301#0/1	98.000	150	3	0	821	970	150	1	2.04e-67	261
NC_011593.1:c2595355-2593832	NB551033:109:HG7V5BGX9:2:22308:14584:3267#0/1	98.000	150	3	0	429	578	1	150	2.04e-67	261
NC_011593.1:c2595355-2593832	NB551033:109:HG7V5BGX9:4:12608:24803:5562#0/2	97.987	149	3	0	803	951	1	149	7.34e-67	259
NC_011593.1:c2595355-2593832	NB551033:109:HG7V5BGX9:2:21107:22112:15579#0/2	97.315	149	4	0	75	223	1	149	3.41e-65	254
NC_011593.1:c2595355-2593832	NB551033:109:HG7V5BGX9:4:12611:4698:5285#0/2	97.297	148	4	0	1128	1275	148	1	1.23e-64	252
NC_011593.1:c2595355-2593832	NB551033:109:HG7V5BGX9:1:13102:16153:11524#0/2	96.000	150	6	0	288	437	150	1	2.05e-62	244
NC_011593.1:c2595355-2593832	NB551033:109:HG7V5BGX9:2:21107:22112:15579#0/1	97.872	141	3	0	97	237	141	1	2.05e-62	244
NC_011593.1:c2595355-2593832	NB551033:109:HG7V5BGX9:1:11210:12758:1926#0/2	96.528	144	5	0	183	326	144	1	9.56e-61	239
NC_011593.1:c2595355-2593832	NB551033:109:HG7V5BGX9:2:13304:23364:19845#0/1	95.302	149	7	0	403	551	1	149	3.44e-60	237
NC_011593.1:c2595355-2593832	NB551033:109:HG7V5BGX9:4:12608:24803:5562#0/1	97.692	130	3	0	828	957	130	1	2.68e-56	224
NC_011593.1:c2595355-2593832	NB551033:109:HG7V5BGX9:4:13501:25192:3855#0/1	96.269	134	5	0	259	392	1	134	3.46e-55	220
NC_011593.1:c2595355-2593832	NB551033:109:HG7V5BGX9:1:13311:8596:4022#0/1	97.656	128	3	0	1343	1470	151	24	3.46e-55	220
NC_011593.1:c2595355-2593832	NB551033:109:HG7V5BGX9:3:13408:10406:3305#0/1	98.333	120	2	0	499	618	120	1	2.08e-52	211
NC_011593.1:c2595355-2593832	NB551033:109:HG7V5BGX9:2:11108:8025:9548#0/1	96.825	126	4	0	211	336	126	1	2.08e-52	211
NC_011593.1:c2595355-2593832	NB551033:109:HG7V5BGX9:1:21207:22750:5722#0/2	96.800	125	4	0	156	280	125	1	7.49e-52	209
NC_011593.1:c2595355-2593832	NB551033:109:HG7V5BGX9:1:21207:22750:5722#0/1	96.800	125	4	0	156	280	1	125	7.49e-52	209
NC_011593.1:c2595355-2593832	NB551033:109:HG7V5BGX9:1:11210:12758:1926#0/1	96.094	128	5	0	175	302	1	128	7.49e-52	209
NC_011593.1:c2595355-2593832	NB551033:109:HG7V5BGX9:3:21611:9827:10301#0/2	96.063	127	5	0	801	927	1	127	2.70e-51	207
NC_011593.1:c2595355-2593832	NB551033:109:HG7V5BGX9:4:22407:18828:16987#0/2	95.968	124	5	0	707	830	1	124	1.25e-49	202
NC_011593.1:c2595355-2593832	NB551033:109:HG7V5BGX9:2:13202:26632:3279#0/1	97.458	118	3	0	1353	1470	151	34	1.25e-49	202
NC_011593.1:c2595355-2593832	NB551033:109:HG7V5BGX9:2:13201:1203:3326#0/1	97.458	118	3	0	1353	1470	151	34	1.25e-49	202
NC_011593.1:c2595355-2593832	NB551033:109:HG7V5BGX9:3:11406:10512:12681#0/2	98.198	111	2	0	1278	1388	111	1	2.10e-47	195
NC_011593.1:c2595355-2593832	NB551033:109:HG7V5BGX9:4:13409:24870:18702#0/1	95.833	120	5	0	680	799	120	1	2.10e-47	195
NC_011593.1:c2595355-2593832	NB551033:109:HG7V5BGX9:2:23301:8652:18187#0/2	98.131	107	2	0	488	594	1	107	3.51e-45	187
NC_011593.1:c2595355-2593832	NB551033:109:HG7V5BGX9:2:23301:8652:18187#0/1	98.131	107	2	0	488	594	107	1	3.51e-45	187
NC_011593.1:c2595355-2593832	NB551033:109:HG7V5BGX9:3:11603:6367:5560#0/2	96.429	112	4	0	1311	1422	112	1	1.26e-44	185
NC_011593.1:c2595355-2593832	NB551033:109:HG7V5BGX9:1:11207:9341:15471#0/2	96.396	111	4	0	692	802	1	111	4.54e-44	183
NC_011593.1:c2595355-2593832	NB551033:109:HG7V5BGX9:4:22511:3358:9130#0/1	97.222	108	3	0	223	330	109	2	4.54e-44	183
NC_011593.1:c2595355-2593832	NB551033:109:HG7V5BGX9:4:21605:4932:14707#0/1	96.364	110	4	0	382	491	1	110	1.63e-43	182
NC_011593.1:c2595355-2593832	NB551033:109:HG7V5BGX9:3:22503:12470:5199#0/1	99.010	101	1	0	429	529	101	1	1.63e-43	182
NC_011593.1:c2595355-2593832	NB551033:109:HG7V5BGX9:4:22606:7780:1467#0/2	96.262	107	4	0	380	486	107	1	7.60e-42	176
NC_011593.1:c2595355-2593832	NB551033:109:HG7V5BGX9:3:22503:12470:5199#0/2	98.020	101	2	0	429	529	1	101	7.60e-42	176
NC_011593.1:c2595355-2593832	NB551033:109:HG7V5BGX9:4:22606:7780:1467#0/1	96.190	105	4	0	380	484	1	105	9.83e-41	172
NC_011593.1:c2595355-2593832	NB551033:109:HG7V5BGX9:2:11108:8025:9548#0/2	97.938	97	2	0	112	208	1	97	1.27e-39	169
NC_011593.1:c2595355-2593832	NB551033:109:HG7V5BGX9:4:21510:1778:10203#0/2	96.000	100	4	0	276	375	100	1	5.92e-38	163
NC_011593.1:c2595355-2593832	NB551033:109:HG7V5BGX9:3:13512:20021:5752#0/2	98.876	89	1	0	361	449	1	89	7.65e-37	159
NC_011593.1:c2595355-2593832	NB551033:109:HG7V5BGX9:3:21601:23563:13077#0/1	100.000	86	0	0	779	864	1	86	7.65e-37	159
NC_011593.1:c2595355-2593832	NB551033:109:HG7V5BGX9:3:13512:20021:5752#0/1	98.876	89	1	0	361	449	89	1	7.65e-37	159
NC_011593.1:c2595355-2593832	NB551033:109:HG7V5BGX9:1:11304:25549:4250#0/2	95.699	93	4	0	175	267	1	93	4.61e-34	150
NC_011593.1:c2595355-2593832	NB551033:109:HG7V5BGX9:1:11207:9341:15471#0/1	96.512	86	3	0	724	809	86	1	7.71e-32	143
NC_011593.1:c2595355-2593832	NB551033:109:HG7V5BGX9:3:11501:16549:11378#0/1	97.561	82	2	0	267	348	82	1	2.77e-31	141
NC_011593.1:c2595355-2593832	NB551033:109:HG7V5BGX9:4:21510:1778:10203#0/1	96.341	82	3	0	254	335	1	82	1.29e-29	135
NC_011593.1:c2595355-2593832	NB551033:109:HG7V5BGX9:2:12204:14614:14590#0/2	96.203	79	3	0	429	507	1	79	6.00e-28	130
NC_011593.1:c2595355-2593832	NB551033:109:HG7V5BGX9:1:21312:17724:1182#0/2	97.368	76	2	0	1395	1470	1	76	6.00e-28	130
NC_011593.1:c2595355-2593832	NB551033:109:HG7V5BGX9:1:13301:25742:3213#0/2	98.630	73	1	0	942	1014	73	1	6.00e-28	130
NC_011593.1:c2595355-2593832	NB551033:109:HG7V5BGX9:3:12408:18741:1533#0/2	96.154	78	3	0	337	414	1	78	2.16e-27	128
NC_011593.1:c2595355-2593832	NB551033:109:HG7V5BGX9:1:22111:5110:6886#0/1	96.053	76	3	0	512	587	1	76	2.79e-26	124
NC_011593.1:c2595355-2593832	NB551033:109:HG7V5BGX9:4:13501:25192:3855#0/2	98.529	68	1	0	360	427	68	1	3.61e-25	121
NC_011593.1:c2595355-2593832	NB551033:109:HG7V5BGX9:2:11109:24513:3057#0/1	97.183	71	2	0	1400	1470	1	71	3.61e-25	121
NC_011593.1:c2595355-2593832	NB551033:109:HG7V5BGX9:3:13511:9934:5813#0/2	96.970	66	2	0	337	402	66	1	2.17e-22	111
NC_011593.1:c2595355-2593832	NB551033:109:HG7V5BGX9:3:13511:9934:5813#0/1	96.970	66	2	0	337	402	1	66	2.17e-22	111
NC_011593.1:c2595355-2593832	NB551033:109:HG7V5BGX9:3:11501:16549:11378#0/2	98.387	62	1	0	267	328	1	62	7.82e-22	110
NC_011593.1:c2595355-2593832	NB551033:109:HG7V5BGX9:4:23609:13678:8214#0/1	96.825	63	2	0	768	830	1	63	1.01e-20	106
NC_011593.1:c2595355-2593832	NB551033:109:HG7V5BGX9:2:22312:18617:17803#0/1	96.825	63	2	0	768	830	1	63	1.01e-20	106
NC_011593.1:c2595355-2593832	NB551033:109:HG7V5BGX9:4:23607:10718:4925#0/2	96.774	62	2	0	750	811	1	62	3.64e-20	104
NC_011593.1:c2595355-2593832	NB551033:109:HG7V5BGX9:4:23607:10718:4925#0/1	96.774	62	2	0	750	811	62	1	3.64e-20	104
NC_011593.1:c2595355-2593832	NB551033:109:HG7V5BGX9:3:11603:6367:5560#0/1	98.276	58	1	0	1311	1368	1	58	1.31e-19	102
NC_011593.1:c2595355-2593832	NB551033:109:HG7V5BGX9:3:12506:20941:9594#0/2	96.667	60	2	0	211	270	60	1	4.71e-19	100
NC_011593.1:c2595355-2593832	NB551033:109:HG7V5BGX9:1:13311:8596:4022#0/2	98.246	57	1	0	1312	1368	1	57	4.71e-19	100
NC_011593.1:c2595355-2593832	NB551033:109:HG7V5BGX9:3:21601:23563:13077#0/2	100.000	53	0	0	812	864	53	1	1.69e-18	99.0
NC_011593.1:c2595355-2593832	NB551033:109:HG7V5BGX9:2:11107:7850:12051#0/2	100.000	50	0	0	801	850	1	50	7.87e-17	93.5
NC_011593.1:c2595355-2593832	NB551033:109:HG7V5BGX9:2:11107:7850:12051#0/1	100.000	50	0	0	801	850	50	1	7.87e-17	93.5
NC_011593.1:c2595355-2593832	NB551033:109:HG7V5BGX9:2:13104:5399:5337#0/2	98.000	50	1	0	356	405	50	1	3.66e-15	87.9
NC_011593.1:c2595355-2593832	NB551033:109:HG7V5BGX9:2:13104:5399:5337#0/1	100.000	47	0	0	356	402	1	47	3.66e-15	87.9
NC_011593.1:c2595355-2593832	NB551033:109:HG7V5BGX9:1:13102:16153:11524#0/1	97.959	49	1	0	271	319	1	49	1.32e-14	86.1
NC_011593.1:c2595355-2593832	NB551033:109:HG7V5BGX9:3:12506:20941:9594#0/1	97.917	48	1	0	211	258	3	50	4.74e-14	84.2
NC_011593.1:c2595355-2593832	NB551033:109:HG7V5BGX9:1:11304:25549:4250#0/1	97.917	48	1	0	279	326	48	1	4.74e-14	84.2
NC_011593.1:c2595355-2593832	NB551033:109:HG7V5BGX9:2:23102:5097:1236#0/2	100.000	39	0	0	112	150	1	39	1.03e-10	73.1
NC_011593.1:c2595355-2593832	NB551033:109:HG7V5BGX9:1:23307:16717:8767#0/2	97.561	41	1	0	387	427	41	1	3.69e-10	71.3
NC_011593.1:c2595355-2593832	NB551033:109:HG7V5BGX9:4:11409:20399:11191#0/1	100.000	38	0	0	521	558	1	38	3.69e-10	71.3
NC_011593.1:c2595355-2593832	NB551033:109:HG7V5BGX9:1:23307:16717:8767#0/1	97.561	41	1	0	387	427	1	41	3.69e-10	71.3
NC_011593.1:c2595355-2593832	NB551033:109:HG7V5BGX9:1:21312:17724:1182#0/1	97.500	40	1	0	1431	1470	42	3	1.33e-09	69.4
NC_011593.1:c2595355-2593832	NB551033:109:HG7V5BGX9:3:13511:14770:16627#0/2	100.000	36	0	0	477	512	1	36	4.77e-09	67.6
NC_011593.1:c2595355-2593832	NB551033:109:HG7V5BGX9:2:13202:26632:3279#0/2	100.000	34	0	0	1337	1370	1	34	6.17e-08	63.9
NC_011593.1:c2595355-2593832	NB551033:109:HG7V5BGX9:2:13201:1203:3326#0/2	100.000	34	0	0	1337	1370	1	34	6.17e-08	63.9
NC_011593.1:c2595355-2593832	NB551033:109:HG7V5BGX9:1:13201:1777:11941#0/1	100.000	34	0	0	1337	1370	1	34	6.17e-08	63.9
NC_011593.1:c2595355-2593832	NB551033:109:HG7V5BGX9:3:22402:3096:11236#0/2	100.000	32	0	0	434	465	1	32	7.99e-07	60.2
# BLASTN 2.9.0+
# Query: NC_011593.1:c2597106-2595574 Bifidobacterium longum subsp. infantis ATCC 15697, complete genome
# Database: db/blast_C0127-7E-1A_S47.faa
# Fields: query acc.ver, subject acc.ver, % identity, alignment length, mismatches, gap opens, q. start, q. end, s. start, s. end, evalue, bit score
# 27 hits found
NC_011593.1:c2597106-2595574	NB551033:109:HG7V5BGX9:2:11108:8025:9548#0/1	95.000	120	6	0	214	333	123	4	9.82e-46	189
NC_011593.1:c2597106-2595574	NB551033:109:HG7V5BGX9:4:22511:3358:9130#0/1	95.370	108	5	0	223	330	109	2	9.89e-41	172
NC_011593.1:c2597106-2595574	NB551033:109:HG7V5BGX9:4:21402:12520:4309#0/2	96.078	102	4	0	133	234	3	104	4.60e-39	167
NC_011593.1:c2597106-2595574	NB551033:109:HG7V5BGX9:4:21402:12520:4309#0/1	96.078	102	4	0	133	234	104	3	4.60e-39	167
NC_011593.1:c2597106-2595574	NB551033:109:HG7V5BGX9:3:22503:12470:5199#0/1	96.040	101	4	0	429	529	101	1	1.66e-38	165
NC_011593.1:c2597106-2595574	NB551033:109:HG7V5BGX9:3:22503:12470:5199#0/2	95.050	101	5	0	429	529	1	101	7.70e-37	159
NC_011593.1:c2597106-2595574	NB551033:109:HG7V5BGX9:2:23107:11330:8024#0/2	95.789	95	4	0	8	102	1	95	3.58e-35	154
NC_011593.1:c2597106-2595574	NB551033:109:HG7V5BGX9:2:23107:11330:8024#0/1	95.789	95	4	0	8	102	95	1	3.58e-35	154
NC_011593.1:c2597106-2595574	NB551033:109:HG7V5BGX9:2:12204:14614:14590#0/2	97.468	79	2	0	429	507	1	79	1.30e-29	135
NC_011593.1:c2597106-2595574	NB551033:109:HG7V5BGX9:1:21312:17724:1182#0/2	97.368	76	2	0	1395	1470	1	76	6.04e-28	130
NC_011593.1:c2597106-2595574	NB551033:109:HG7V5BGX9:4:23609:13678:8214#0/1	96.000	75	3	0	768	842	1	75	1.01e-25	122
NC_011593.1:c2597106-2595574	NB551033:109:HG7V5BGX9:2:22312:18617:17803#0/1	96.000	75	3	0	768	842	1	75	1.01e-25	122
NC_011593.1:c2597106-2595574	NB551033:109:HG7V5BGX9:2:11109:24513:3057#0/1	97.183	71	2	0	1400	1470	1	71	3.63e-25	121
NC_011593.1:c2597106-2595574	NB551033:109:HG7V5BGX9:3:22608:18735:5304#0/2	95.833	72	3	0	137	208	1	72	4.70e-24	117
NC_011593.1:c2597106-2595574	NB551033:109:HG7V5BGX9:3:22608:18735:5304#0/1	97.101	69	2	0	140	208	69	1	4.70e-24	117
NC_011593.1:c2597106-2595574	NB551033:109:HG7V5BGX9:3:11501:16549:11378#0/1	95.522	67	3	0	267	333	82	16	2.83e-21	108
NC_011593.1:c2597106-2595574	NB551033:109:HG7V5BGX9:3:11501:16549:11378#0/2	96.774	62	2	0	267	328	1	62	3.66e-20	104
NC_011593.1:c2597106-2595574	NB551033:109:HG7V5BGX9:1:11304:25549:4250#0/1	97.917	48	1	0	279	326	48	1	4.77e-14	84.2
NC_011593.1:c2597106-2595574	NB551033:109:HG7V5BGX9:1:13102:16153:11524#0/1	97.872	47	1	0	273	319	3	49	1.71e-13	82.4
NC_011593.1:c2597106-2595574	NB551033:109:HG7V5BGX9:4:22406:19090:5881#0/2	97.778	45	1	0	190	234	1	45	2.22e-12	78.7
NC_011593.1:c2597106-2595574	NB551033:109:HG7V5BGX9:4:23508:23043:8637#0/2	100.000	38	0	0	1	38	27	64	3.71e-10	71.3
NC_011593.1:c2597106-2595574	NB551033:109:HG7V5BGX9:4:22403:6219:12912#0/2	97.561	41	1	0	500	540	1	41	3.71e-10	71.3
NC_011593.1:c2597106-2595574	NB551033:109:HG7V5BGX9:1:21312:17724:1182#0/1	97.500	40	1	0	1431	1470	42	3	1.33e-09	69.4
NC_011593.1:c2597106-2595574	NB551033:109:HG7V5BGX9:1:23307:16717:8767#0/2	95.122	41	2	0	387	427	41	1	1.73e-08	65.8
NC_011593.1:c2597106-2595574	NB551033:109:HG7V5BGX9:1:23307:16717:8767#0/1	95.122	41	2	0	387	427	1	41	1.73e-08	65.8
NC_011593.1:c2597106-2595574	NB551033:109:HG7V5BGX9:4:23508:23043:8637#0/1	100.000	34	0	0	5	38	34	1	6.21e-08	63.9
NC_011593.1:c2597106-2595574	NB551033:109:HG7V5BGX9:3:22402:3096:11236#0/2	100.000	32	0	0	434	465	1	32	8.03e-07	60.2
# BLASTN 2.9.0+
# Query: NC_011593.1:c2598562-2597207 Bifidobacterium longum subsp. infantis ATCC 15697, complete genome
# Database: db/blast_C0127-7E-1A_S47.faa
# Fields: query acc.ver, subject acc.ver, % identity, alignment length, mismatches, gap opens, q. start, q. end, s. start, s. end, evalue, bit score
# 108 hits found
NC_011593.1:c2598562-2597207	NB551033:109:HG7V5BGX9:4:23506:11963:5907#0/2	100.000	150	0	0	461	610	1	150	1.80e-72	278
NC_011593.1:c2598562-2597207	NB551033:109:HG7V5BGX9:2:21109:13159:1608#0/2	100.000	150	0	0	256	405	1	150	1.80e-72	278
NC_011593.1:c2598562-2597207	NB551033:109:HG7V5BGX9:3:22505:9502:18272#0/1	100.000	150	0	0	509	658	1	150	1.80e-72	278
NC_011593.1:c2598562-2597207	NB551033:109:HG7V5BGX9:3:22505:9502:18272#0/2	100.000	149	0	0	598	746	149	1	6.47e-72	276
NC_011593.1:c2598562-2597207	NB551033:109:HG7V5BGX9:4:23609:7704:4038#0/2	99.333	150	1	0	1122	1271	1	150	8.36e-71	272
NC_011593.1:c2598562-2597207	NB551033:109:HG7V5BGX9:2:13112:21171:3861#0/2	98.667	150	2	0	613	762	1	150	3.89e-69	267
NC_011593.1:c2598562-2597207	NB551033:109:HG7V5BGX9:2:13112:21171:3861#0/1	98.667	150	2	0	623	772	150	1	3.89e-69	267
NC_011593.1:c2598562-2597207	NB551033:109:HG7V5BGX9:3:13512:8910:13900#0/1	98.630	146	2	0	385	530	1	146	6.51e-67	259
NC_011593.1:c2598562-2597207	NB551033:109:HG7V5BGX9:2:22103:14446:17846#0/1	99.296	142	1	0	289	430	1	142	2.34e-66	257
NC_011593.1:c2598562-2597207	NB551033:109:HG7V5BGX9:1:12303:1738:9624#0/2	96.689	151	5	0	1046	1196	151	1	1.09e-64	252
NC_011593.1:c2598562-2597207	NB551033:109:HG7V5BGX9:2:11302:19513:7038#0/1	100.000	136	0	0	457	592	136	1	1.09e-64	252
NC_011593.1:c2598562-2597207	NB551033:109:HG7V5BGX9:3:13601:24465:8106#0/1	100.000	135	0	0	903	1037	1	135	3.92e-64	250
NC_011593.1:c2598562-2597207	NB551033:109:HG7V5BGX9:2:21112:5866:5736#0/1	96.026	151	6	0	1058	1208	1	151	5.07e-63	246
NC_011593.1:c2598562-2597207	NB551033:109:HG7V5BGX9:2:22103:14446:17846#0/2	98.540	137	2	0	294	430	137	1	6.56e-62	243
NC_011593.1:c2598562-2597207	NB551033:109:HG7V5BGX9:3:13607:10075:9642#0/1	95.333	150	7	0	1068	1217	1	150	8.48e-61	239
NC_011593.1:c2598562-2597207	NB551033:109:HG7V5BGX9:3:12505:16671:16899#0/2	99.231	130	1	0	894	1023	1	130	1.10e-59	235
NC_011593.1:c2598562-2597207	NB551033:109:HG7V5BGX9:2:12203:17092:20306#0/1	95.862	145	6	0	982	1126	145	1	1.10e-59	235
NC_011593.1:c2598562-2597207	NB551033:109:HG7V5BGX9:3:21611:2243:17772#0/1	100.000	123	0	0	602	724	123	1	1.84e-57	228
NC_011593.1:c2598562-2597207	NB551033:109:HG7V5BGX9:1:22312:2420:18132#0/1	100.000	123	0	0	846	968	1	123	1.84e-57	228
NC_011593.1:c2598562-2597207	NB551033:109:HG7V5BGX9:3:13601:24465:8106#0/2	98.425	127	2	0	911	1037	127	1	2.38e-56	224
NC_011593.1:c2598562-2597207	NB551033:109:HG7V5BGX9:2:21105:20419:20331#0/2	100.000	120	0	0	884	1003	1	120	8.54e-56	222
NC_011593.1:c2598562-2597207	NB551033:109:HG7V5BGX9:4:11503:1895:8692#0/2	100.000	119	0	0	158	276	1	119	3.07e-55	220
NC_011593.1:c2598562-2597207	NB551033:109:HG7V5BGX9:4:12604:25854:9506#0/2	99.174	121	1	0	1086	1206	121	1	1.11e-54	219
NC_011593.1:c2598562-2597207	NB551033:109:HG7V5BGX9:2:12212:7163:11820#0/1	100.000	117	0	0	800	916	117	1	3.97e-54	217
NC_011593.1:c2598562-2597207	NB551033:109:HG7V5BGX9:2:21305:3984:13758#0/1	95.522	134	6	0	453	586	1	134	1.43e-53	215
NC_011593.1:c2598562-2597207	NB551033:109:HG7V5BGX9:2:13107:2845:6710#0/1	98.361	122	2	0	602	723	1	122	1.43e-53	215
NC_011593.1:c2598562-2597207	NB551033:109:HG7V5BGX9:1:23103:14138:4894#0/2	100.000	115	0	0	1215	1329	1	115	5.14e-53	213
NC_011593.1:c2598562-2597207	NB551033:109:HG7V5BGX9:1:23103:14138:4894#0/1	100.000	114	0	0	1216	1329	114	1	1.85e-52	211
NC_011593.1:c2598562-2597207	NB551033:109:HG7V5BGX9:1:23309:4478:1891#0/2	95.420	131	6	0	1118	1248	1	131	6.65e-52	209
NC_011593.1:c2598562-2597207	NB551033:109:HG7V5BGX9:4:22403:23393:9345#0/2	99.130	115	1	0	663	777	115	1	2.39e-51	207
NC_011593.1:c2598562-2597207	NB551033:109:HG7V5BGX9:1:12303:1738:9624#0/1	95.902	122	5	0	1036	1157	1	122	1.44e-48	198
NC_011593.1:c2598562-2597207	NB551033:109:HG7V5BGX9:3:13607:10075:9642#0/2	97.391	115	3	0	1140	1254	120	6	5.18e-48	196
NC_011593.1:c2598562-2597207	NB551033:109:HG7V5BGX9:2:23211:2019:16183#0/2	100.000	106	0	0	566	671	1	106	5.18e-48	196
NC_011593.1:c2598562-2597207	NB551033:109:HG7V5BGX9:1:12204:21835:5014#0/2	100.000	106	0	0	389	494	106	1	5.18e-48	196
NC_011593.1:c2598562-2597207	NB551033:109:HG7V5BGX9:1:12204:21835:5014#0/1	100.000	106	0	0	389	494	1	106	5.18e-48	196
NC_011593.1:c2598562-2597207	NB551033:109:HG7V5BGX9:2:12201:6396:15735#0/2	100.000	105	0	0	960	1064	1	105	1.86e-47	195
NC_011593.1:c2598562-2597207	NB551033:109:HG7V5BGX9:2:12201:6396:15735#0/1	100.000	105	0	0	960	1064	145	41	1.86e-47	195
NC_011593.1:c2598562-2597207	NB551033:109:HG7V5BGX9:2:21105:20419:20331#0/1	99.048	105	1	0	900	1004	105	1	8.67e-46	189
NC_011593.1:c2598562-2597207	NB551033:109:HG7V5BGX9:1:12110:11612:17908#0/1	99.048	105	1	0	960	1064	151	47	8.67e-46	189
NC_011593.1:c2598562-2597207	NB551033:109:HG7V5BGX9:3:21611:2243:17772#0/2	100.000	100	0	0	602	701	1	100	1.12e-44	185
NC_011593.1:c2598562-2597207	NB551033:109:HG7V5BGX9:2:21112:5866:5736#0/2	95.614	114	5	0	1099	1212	114	1	4.03e-44	183
NC_011593.1:c2598562-2597207	NB551033:109:HG7V5BGX9:2:11302:19513:7038#0/2	100.000	97	0	0	456	552	1	97	5.22e-43	180
NC_011593.1:c2598562-2597207	NB551033:109:HG7V5BGX9:1:23103:12723:1348#0/2	100.000	93	0	0	278	370	1	93	8.73e-41	172
NC_011593.1:c2598562-2597207	NB551033:109:HG7V5BGX9:3:22404:16180:19703#0/1	100.000	90	0	0	138	227	60	149	4.06e-39	167
NC_011593.1:c2598562-2597207	NB551033:109:HG7V5BGX9:1:12102:2881:17817#0/2	96.842	95	3	0	1149	1243	1	95	6.79e-37	159
NC_011593.1:c2598562-2597207	NB551033:109:HG7V5BGX9:4:12604:25854:9506#0/1	98.876	89	1	0	1060	1148	4	92	6.79e-37	159
NC_011593.1:c2598562-2597207	NB551033:109:HG7V5BGX9:1:12102:2881:17817#0/1	96.842	95	3	0	1149	1243	95	1	6.79e-37	159
NC_011593.1:c2598562-2597207	NB551033:109:HG7V5BGX9:3:21508:13304:3870#0/2	96.809	94	3	0	1145	1238	1	94	2.44e-36	158
NC_011593.1:c2598562-2597207	NB551033:109:HG7V5BGX9:2:23211:2019:16183#0/1	100.000	84	0	0	588	671	84	1	8.79e-36	156
NC_011593.1:c2598562-2597207	NB551033:109:HG7V5BGX9:2:21102:11225:2189#0/1	100.000	84	0	0	138	221	84	1	8.79e-36	156
NC_011593.1:c2598562-2597207	NB551033:109:HG7V5BGX9:3:13608:3806:19211#0/1	100.000	81	0	0	138	218	70	150	4.09e-34	150
NC_011593.1:c2598562-2597207	NB551033:109:HG7V5BGX9:3:21610:15987:8142#0/1	100.000	80	0	0	894	973	80	1	1.47e-33	148
NC_011593.1:c2598562-2597207	NB551033:109:HG7V5BGX9:4:23609:7704:4038#0/1	98.780	82	1	0	1275	1356	114	33	5.29e-33	147
NC_011593.1:c2598562-2597207	NB551033:109:HG7V5BGX9:1:21108:5949:18455#0/1	100.000	78	0	0	987	1064	1	78	1.90e-32	145
NC_011593.1:c2598562-2597207	NB551033:109:HG7V5BGX9:2:21109:13159:1608#0/1	100.000	77	0	0	498	574	77	1	6.84e-32	143
NC_011593.1:c2598562-2597207	NB551033:109:HG7V5BGX9:3:21610:15987:8142#0/2	98.734	79	1	0	894	972	1	79	2.46e-31	141
NC_011593.1:c2598562-2597207	NB551033:109:HG7V5BGX9:3:13512:8910:13900#0/2	100.000	76	0	0	497	572	76	1	2.46e-31	141
NC_011593.1:c2598562-2597207	NB551033:109:HG7V5BGX9:1:22102:24396:9938#0/2	100.000	76	0	0	138	213	76	1	2.46e-31	141
NC_011593.1:c2598562-2597207	NB551033:109:HG7V5BGX9:2:21102:11225:2189#0/2	100.000	71	0	0	138	208	37	107	1.48e-28	132
NC_011593.1:c2598562-2597207	NB551033:109:HG7V5BGX9:4:22403:23393:9345#0/1	100.000	70	0	0	663	732	1	70	5.33e-28	130
NC_011593.1:c2598562-2597207	NB551033:109:HG7V5BGX9:2:21109:16545:9639#0/1	96.104	77	3	0	498	574	77	1	6.89e-27	126
NC_011593.1:c2598562-2597207	NB551033:109:HG7V5BGX9:4:11503:1895:8692#0/1	100.000	67	0	0	231	297	67	1	2.48e-26	124
NC_011593.1:c2598562-2597207	NB551033:109:HG7V5BGX9:1:12210:15366:15855#0/2	96.000	75	3	0	359	433	1	75	8.91e-26	122
NC_011593.1:c2598562-2597207	NB551033:109:HG7V5BGX9:1:12210:15366:15855#0/1	96.000	75	3	0	359	433	146	72	8.91e-26	122
NC_011593.1:c2598562-2597207	NB551033:109:HG7V5BGX9:4:12508:5301:1983#0/2	100.000	64	0	0	156	219	1	64	1.15e-24	119
NC_011593.1:c2598562-2597207	NB551033:109:HG7V5BGX9:2:11105:13119:9602#0/2	100.000	64	0	0	362	425	1	64	1.15e-24	119
NC_011593.1:c2598562-2597207	NB551033:109:HG7V5BGX9:2:11105:13119:9602#0/1	100.000	64	0	0	362	425	64	1	1.15e-24	119
NC_011593.1:c2598562-2597207	NB551033:109:HG7V5BGX9:4:23412:6260:3844#0/1	100.000	63	0	0	1002	1064	1	63	4.15e-24	117
NC_011593.1:c2598562-2597207	NB551033:109:HG7V5BGX9:4:12508:5301:1983#0/1	100.000	63	0	0	157	219	63	1	4.15e-24	117
NC_011593.1:c2598562-2597207	NB551033:109:HG7V5BGX9:2:11209:24992:2180#0/1	100.000	62	0	0	1060	1121	51	112	1.49e-23	115
NC_011593.1:c2598562-2597207	NB551033:109:HG7V5BGX9:4:22507:5973:19912#0/2	100.000	59	0	0	1006	1064	1	59	6.94e-22	110
NC_011593.1:c2598562-2597207	NB551033:109:HG7V5BGX9:2:11209:24992:2180#0/2	100.000	58	0	0	1073	1130	58	1	2.50e-21	108
NC_011593.1:c2598562-2597207	NB551033:109:HG7V5BGX9:4:11608:14759:14148#0/2	100.000	55	0	0	1291	1345	1	55	1.16e-19	102
NC_011593.1:c2598562-2597207	NB551033:109:HG7V5BGX9:3:11510:23836:14641#0/2	96.721	61	2	0	1168	1228	61	1	1.16e-19	102
NC_011593.1:c2598562-2597207	NB551033:109:HG7V5BGX9:2:12212:7163:11820#0/2	100.000	55	0	0	477	531	1	55	1.16e-19	102
NC_011593.1:c2598562-2597207	NB551033:109:HG7V5BGX9:4:11608:14759:14148#0/1	100.000	55	0	0	1291	1345	55	1	1.16e-19	102
NC_011593.1:c2598562-2597207	NB551033:109:HG7V5BGX9:3:11510:23836:14641#0/1	96.721	61	2	0	1168	1228	1	61	1.16e-19	102
NC_011593.1:c2598562-2597207	NB551033:109:HG7V5BGX9:2:21208:19782:19534#0/2	100.000	52	0	0	138	189	52	1	5.40e-18	97.1
NC_011593.1:c2598562-2597207	NB551033:109:HG7V5BGX9:3:21411:5057:18766#0/1	100.000	52	0	0	695	746	52	1	5.40e-18	97.1
NC_011593.1:c2598562-2597207	NB551033:109:HG7V5BGX9:2:21208:19782:19534#0/1	100.000	52	0	0	138	189	74	125	5.40e-18	97.1
NC_011593.1:c2598562-2597207	NB551033:109:HG7V5BGX9:2:23305:15896:19707#0/2	100.000	51	0	0	1306	1356	1	51	1.94e-17	95.3
NC_011593.1:c2598562-2597207	NB551033:109:HG7V5BGX9:1:21203:13710:2666#0/2	96.491	57	2	0	429	485	54	110	1.94e-17	95.3
NC_011593.1:c2598562-2597207	NB551033:109:HG7V5BGX9:1:23103:12723:1348#0/1	100.000	51	0	0	352	402	51	1	1.94e-17	95.3
NC_011593.1:c2598562-2597207	NB551033:109:HG7V5BGX9:2:21305:3984:13758#0/2	96.364	55	2	0	588	642	57	3	2.51e-16	91.6
NC_011593.1:c2598562-2597207	NB551033:109:HG7V5BGX9:2:13107:2845:6710#0/2	98.039	51	1	0	777	827	51	1	9.04e-16	89.8
NC_011593.1:c2598562-2597207	NB551033:109:HG7V5BGX9:1:21307:24354:10069#0/1	100.000	46	0	0	584	629	1	46	1.17e-14	86.1
NC_011593.1:c2598562-2597207	NB551033:109:HG7V5BGX9:4:23503:23118:9499#0/2	100.000	45	0	0	485	529	45	1	4.21e-14	84.2
NC_011593.1:c2598562-2597207	NB551033:109:HG7V5BGX9:1:12110:11612:17908#0/2	97.917	48	1	0	920	967	1	48	4.21e-14	84.2
NC_011593.1:c2598562-2597207	NB551033:109:HG7V5BGX9:4:23503:23118:9499#0/1	100.000	45	0	0	485	529	1	45	4.21e-14	84.2
NC_011593.1:c2598562-2597207	NB551033:109:HG7V5BGX9:4:23506:11963:5907#0/1	97.872	47	1	0	588	634	47	1	1.51e-13	82.4
NC_011593.1:c2598562-2597207	NB551033:109:HG7V5BGX9:3:22507:11187:7997#0/2	97.778	45	1	0	468	512	45	1	1.96e-12	78.7
NC_011593.1:c2598562-2597207	NB551033:109:HG7V5BGX9:1:22312:2420:18132#0/2	97.674	43	1	0	926	968	43	1	2.53e-11	75.0
NC_011593.1:c2598562-2597207	NB551033:109:HG7V5BGX9:3:21411:5057:18766#0/2	100.000	38	0	0	693	730	1	38	3.27e-10	71.3
NC_011593.1:c2598562-2597207	NB551033:109:HG7V5BGX9:3:13410:14677:17102#0/1	95.455	44	2	0	390	433	2	45	3.27e-10	71.3
NC_011593.1:c2598562-2597207	NB551033:109:HG7V5BGX9:2:13105:2406:9170#0/2	100.000	37	0	0	1	37	52	88	1.18e-09	69.4
NC_011593.1:c2598562-2597207	NB551033:109:HG7V5BGX9:1:22203:14093:6342#0/2	100.000	37	0	0	158	194	37	1	1.18e-09	69.4
NC_011593.1:c2598562-2597207	NB551033:109:HG7V5BGX9:2:13105:2406:9170#0/1	100.000	37	0	0	1	37	37	1	1.18e-09	69.4
NC_011593.1:c2598562-2597207	NB551033:109:HG7V5BGX9:1:22203:14093:6342#0/1	100.000	37	0	0	158	194	1	37	1.18e-09	69.4
NC_011593.1:c2598562-2597207	NB551033:109:HG7V5BGX9:1:23112:23804:7840#0/1	97.368	38	1	0	253	290	1	38	1.52e-08	65.8
NC_011593.1:c2598562-2597207	NB551033:109:HG7V5BGX9:3:22404:16180:19703#0/2	100.000	34	0	0	233	266	34	1	5.48e-08	63.9
NC_011593.1:c2598562-2597207	NB551033:109:HG7V5BGX9:3:13608:3806:19211#0/2	100.000	34	0	0	231	264	34	1	5.48e-08	63.9
NC_011593.1:c2598562-2597207	NB551033:109:HG7V5BGX9:1:11101:9255:4861#0/2	97.222	36	1	0	429	464	36	1	1.97e-07	62.1
NC_011593.1:c2598562-2597207	NB551033:109:HG7V5BGX9:3:12505:16671:16899#0/1	97.222	36	1	0	1029	1064	132	97	1.97e-07	62.1
NC_011593.1:c2598562-2597207	NB551033:109:HG7V5BGX9:1:21103:7334:16370#0/1	97.222	36	1	0	1029	1064	1	36	1.97e-07	62.1
NC_011593.1:c2598562-2597207	NB551033:109:HG7V5BGX9:1:11101:9255:4861#0/1	97.222	36	1	0	429	464	36	71	1.97e-07	62.1
NC_011593.1:c2598562-2597207	NB551033:109:HG7V5BGX9:4:23604:16030:10913#0/2	100.000	32	0	0	231	262	32	1	7.09e-07	60.2
NC_011593.1:c2598562-2597207	NB551033:109:HG7V5BGX9:3:22501:11735:11999#0/2	100.000	29	0	0	1	29	29	1	3.30e-05	54.7
NC_011593.1:c2598562-2597207	NB551033:109:HG7V5BGX9:3:22501:11735:11999#0/1	100.000	29	0	0	1	29	64	92	3.30e-05	54.7
# BLASTN 2.9.0+
# Query: NC_011593.1:2598858-2601929 Bifidobacterium longum subsp. infantis ATCC 15697, complete genome
# Database: db/blast_C0127-7E-1A_S47.faa
# Fields: query acc.ver, subject acc.ver, % identity, alignment length, mismatches, gap opens, q. start, q. end, s. start, s. end, evalue, bit score
# 180 hits found
NC_011593.1:2598858-2601929	NB551033:109:HG7V5BGX9:2:13310:16884:8115#0/2	100.000	151	0	0	1179	1329	151	1	1.13e-72	279
NC_011593.1:2598858-2601929	NB551033:109:HG7V5BGX9:1:21311:22179:1087#0/2	100.000	150	0	0	921	1070	1	150	4.06e-72	278
NC_011593.1:2598858-2601929	NB551033:109:HG7V5BGX9:2:12312:21984:19083#0/1	100.000	150	0	0	178	327	150	1	4.06e-72	278
NC_011593.1:2598858-2601929	NB551033:109:HG7V5BGX9:1:21311:22179:1087#0/1	100.000	150	0	0	985	1134	150	1	4.06e-72	278
NC_011593.1:2598858-2601929	NB551033:109:HG7V5BGX9:1:11310:25594:4882#0/2	99.338	151	1	0	115	265	1	151	5.25e-71	274
NC_011593.1:2598858-2601929	NB551033:109:HG7V5BGX9:4:11612:23519:10010#0/1	99.338	151	1	0	1889	2039	1	151	5.25e-71	274
NC_011593.1:2598858-2601929	NB551033:109:HG7V5BGX9:3:11604:11472:12873#0/1	99.338	151	1	0	284	434	1	151	5.25e-71	274
NC_011593.1:2598858-2601929	NB551033:109:HG7V5BGX9:1:12103:9166:7377#0/1	99.338	151	1	0	309	459	151	1	5.25e-71	274
NC_011593.1:2598858-2601929	NB551033:109:HG7V5BGX9:1:22112:19138:6781#0/2	99.333	150	1	0	2203	2352	1	150	1.89e-70	272
NC_011593.1:2598858-2601929	NB551033:109:HG7V5BGX9:1:13301:14280:4786#0/2	99.333	150	1	0	2391	2540	1	150	1.89e-70	272
NC_011593.1:2598858-2601929	NB551033:109:HG7V5BGX9:1:13203:23257:17529#0/2	99.333	150	1	0	129	278	1	150	1.89e-70	272
NC_011593.1:2598858-2601929	NB551033:109:HG7V5BGX9:1:12103:9166:7377#0/2	99.333	150	1	0	237	386	1	150	1.89e-70	272
NC_011593.1:2598858-2601929	NB551033:109:HG7V5BGX9:1:11108:3993:5534#0/2	99.333	150	1	0	2389	2538	1	150	1.89e-70	272
NC_011593.1:2598858-2601929	NB551033:109:HG7V5BGX9:2:23112:25078:14169#0/1	99.333	150	1	0	312	461	1	150	1.89e-70	272
NC_011593.1:2598858-2601929	NB551033:109:HG7V5BGX9:1:11108:3993:5534#0/1	99.333	150	1	0	2414	2563	150	1	1.89e-70	272
NC_011593.1:2598858-2601929	NB551033:109:HG7V5BGX9:3:22402:26001:11659#0/1	99.329	149	1	0	1684	1832	149	1	6.80e-70	270
NC_011593.1:2598858-2601929	NB551033:109:HG7V5BGX9:2:22309:6233:12896#0/1	99.329	149	1	0	1766	1914	149	1	6.80e-70	270
NC_011593.1:2598858-2601929	NB551033:109:HG7V5BGX9:2:13310:16884:8115#0/1	99.329	149	1	0	1155	1303	1	149	6.80e-70	270
NC_011593.1:2598858-2601929	NB551033:109:HG7V5BGX9:1:13203:23257:17529#0/1	99.329	149	1	0	301	449	149	1	6.80e-70	270
NC_011593.1:2598858-2601929	NB551033:109:HG7V5BGX9:2:23112:25078:14169#0/2	98.675	151	2	0	337	487	151	1	2.44e-69	268
NC_011593.1:2598858-2601929	NB551033:109:HG7V5BGX9:4:23406:23037:7911#0/2	98.667	150	2	0	2823	2972	1	150	8.79e-69	267
NC_011593.1:2598858-2601929	NB551033:109:HG7V5BGX9:4:22411:7799:7493#0/2	100.000	144	0	0	2161	2304	144	1	8.79e-69	267
NC_011593.1:2598858-2601929	NB551033:109:HG7V5BGX9:3:12410:9670:11947#0/2	98.667	150	2	0	2874	3023	150	1	8.79e-69	267
NC_011593.1:2598858-2601929	NB551033:109:HG7V5BGX9:2:11312:8922:6054#0/2	98.667	150	2	0	588	737	150	1	8.79e-69	267
NC_011593.1:2598858-2601929	NB551033:109:HG7V5BGX9:4:23406:23037:7911#0/1	98.667	150	2	0	2826	2975	150	1	8.79e-69	267
NC_011593.1:2598858-2601929	NB551033:109:HG7V5BGX9:1:13301:14280:4786#0/1	98.667	150	2	0	2482	2631	150	1	8.79e-69	267
NC_011593.1:2598858-2601929	NB551033:109:HG7V5BGX9:4:11501:3493:18254#0/2	98.658	149	2	0	50	198	1	149	3.16e-68	265
NC_011593.1:2598858-2601929	NB551033:109:HG7V5BGX9:2:22309:6233:12896#0/2	98.658	149	2	0	1648	1796	1	149	3.16e-68	265
NC_011593.1:2598858-2601929	NB551033:109:HG7V5BGX9:4:22408:20565:6628#0/1	98.013	151	3	0	55	205	151	1	1.14e-67	263
NC_011593.1:2598858-2601929	NB551033:109:HG7V5BGX9:2:12208:12220:11838#0/1	98.649	148	2	0	895	1042	4	151	1.14e-67	263
NC_011593.1:2598858-2601929	NB551033:109:HG7V5BGX9:4:22410:17378:3483#0/2	98.000	150	3	0	107	256	150	1	4.09e-67	261
NC_011593.1:2598858-2601929	NB551033:109:HG7V5BGX9:3:22402:26001:11659#0/2	100.000	141	0	0	1623	1763	1	141	4.09e-67	261
NC_011593.1:2598858-2601929	NB551033:109:HG7V5BGX9:4:13608:8759:14817#0/1	98.000	150	3	0	2529	2678	1	150	4.09e-67	261
NC_011593.1:2598858-2601929	NB551033:109:HG7V5BGX9:4:13608:15759:4596#0/2	97.987	149	3	0	1266	1414	1	149	1.47e-66	259
NC_011593.1:2598858-2601929	NB551033:109:HG7V5BGX9:3:23603:14137:8026#0/2	100.000	140	0	0	916	1055	1	140	1.47e-66	259
NC_011593.1:2598858-2601929	NB551033:109:HG7V5BGX9:4:13608:15759:4596#0/1	97.987	149	3	0	1266	1414	149	1	1.47e-66	259
NC_011593.1:2598858-2601929	NB551033:109:HG7V5BGX9:4:13602:19250:18630#0/1	97.973	148	3	0	2298	2445	1	148	5.29e-66	257
NC_011593.1:2598858-2601929	NB551033:109:HG7V5BGX9:2:23308:5144:14220#0/2	97.333	150	4	0	2612	2761	150	1	1.90e-65	255
NC_011593.1:2598858-2601929	NB551033:109:HG7V5BGX9:2:13305:3827:15964#0/2	98.611	144	2	0	400	543	144	1	1.90e-65	255
NC_011593.1:2598858-2601929	NB551033:109:HG7V5BGX9:2:23311:10923:20297#0/1	97.333	150	4	0	1107	1256	1	150	1.90e-65	255
NC_011593.1:2598858-2601929	NB551033:109:HG7V5BGX9:2:23308:5144:14220#0/1	97.959	147	3	0	2489	2635	1	147	1.90e-65	255
NC_011593.1:2598858-2601929	NB551033:109:HG7V5BGX9:2:13305:3827:15964#0/1	98.611	144	2	0	400	543	1	144	1.90e-65	255
NC_011593.1:2598858-2601929	NB551033:109:HG7V5BGX9:4:13608:8759:14817#0/2	97.315	149	4	0	2644	2792	149	1	6.84e-65	254
NC_011593.1:2598858-2601929	NB551033:109:HG7V5BGX9:3:23510:6712:3115#0/2	96.689	151	5	0	1172	1322	1	151	2.46e-64	252
NC_011593.1:2598858-2601929	NB551033:109:HG7V5BGX9:3:11604:11472:12873#0/2	96.689	151	5	0	411	561	151	1	2.46e-64	252
NC_011593.1:2598858-2601929	NB551033:109:HG7V5BGX9:1:22109:24899:17053#0/2	97.279	147	4	0	2383	2529	147	1	8.85e-64	250
NC_011593.1:2598858-2601929	NB551033:109:HG7V5BGX9:1:22109:24899:17053#0/1	96.667	150	5	0	2040	2189	1	150	8.85e-64	250
NC_011593.1:2598858-2601929	NB551033:109:HG7V5BGX9:3:12410:9670:11947#0/1	97.902	143	3	0	2778	2920	1	143	3.18e-63	248
NC_011593.1:2598858-2601929	NB551033:109:HG7V5BGX9:4:11506:15759:7673#0/2	97.872	141	3	0	2761	2901	1	141	4.12e-62	244
NC_011593.1:2598858-2601929	NB551033:109:HG7V5BGX9:2:12208:12220:11838#0/2	99.259	135	1	0	1051	1185	135	1	4.12e-62	244
NC_011593.1:2598858-2601929	NB551033:109:HG7V5BGX9:4:11506:15759:7673#0/1	96.599	147	5	0	2798	2944	147	1	4.12e-62	244
NC_011593.1:2598858-2601929	NB551033:109:HG7V5BGX9:3:13504:16138:10318#0/2	97.857	140	3	0	1107	1246	1	140	1.48e-61	243
NC_011593.1:2598858-2601929	NB551033:109:HG7V5BGX9:2:11306:2893:13173#0/2	97.842	139	3	0	2295	2433	1	139	5.33e-61	241
NC_011593.1:2598858-2601929	NB551033:109:HG7V5BGX9:1:13102:11930:16716#0/2	98.529	136	2	0	573	708	136	1	5.33e-61	241
NC_011593.1:2598858-2601929	NB551033:109:HG7V5BGX9:3:12410:2020:15146#0/2	98.496	133	2	0	682	814	1	133	2.48e-59	235
NC_011593.1:2598858-2601929	NB551033:109:HG7V5BGX9:3:12611:7589:11270#0/1	98.485	132	2	0	630	761	1	132	8.92e-59	233
NC_011593.1:2598858-2601929	NB551033:109:HG7V5BGX9:4:11612:23519:10010#0/2	97.727	132	3	0	2200	2331	132	1	4.15e-57	228
NC_011593.1:2598858-2601929	NB551033:109:HG7V5BGX9:2:12305:8114:18485#0/2	98.387	124	2	0	1508	1631	1	124	2.50e-54	219
NC_011593.1:2598858-2601929	NB551033:109:HG7V5BGX9:4:22609:9310:1660#0/1	98.387	124	2	0	2870	2993	1	124	2.50e-54	219
NC_011593.1:2598858-2601929	NB551033:109:HG7V5BGX9:2:12305:8114:18485#0/1	98.387	124	2	0	1508	1631	124	1	2.50e-54	219
NC_011593.1:2598858-2601929	NB551033:109:HG7V5BGX9:3:22607:20337:9267#0/2	98.374	123	2	0	2555	2677	1	123	8.98e-54	217
NC_011593.1:2598858-2601929	NB551033:109:HG7V5BGX9:3:22607:20337:9267#0/1	97.619	126	3	0	2555	2680	126	1	8.98e-54	217
NC_011593.1:2598858-2601929	NB551033:109:HG7V5BGX9:3:13404:11924:11254#0/1	98.374	123	2	0	2529	2651	123	1	8.98e-54	217
NC_011593.1:2598858-2601929	NB551033:109:HG7V5BGX9:4:22609:9310:1660#0/2	97.600	125	3	0	2870	2994	125	1	3.23e-53	215
NC_011593.1:2598858-2601929	NB551033:109:HG7V5BGX9:3:23510:6712:3115#0/1	99.123	114	1	0	1239	1352	114	1	1.94e-50	206
NC_011593.1:2598858-2601929	NB551033:109:HG7V5BGX9:3:12607:11450:6982#0/2	96.000	125	5	0	506	630	125	1	6.99e-50	204
NC_011593.1:2598858-2601929	NB551033:109:HG7V5BGX9:2:11106:18952:19375#0/2	97.479	119	3	0	619	737	119	1	6.99e-50	204
NC_011593.1:2598858-2601929	NB551033:109:HG7V5BGX9:1:12211:20484:5776#0/2	96.694	121	4	0	2713	2833	121	1	2.51e-49	202
NC_011593.1:2598858-2601929	NB551033:109:HG7V5BGX9:1:12211:20484:5776#0/1	96.694	121	4	0	2713	2833	1	121	2.51e-49	202
NC_011593.1:2598858-2601929	NB551033:109:HG7V5BGX9:4:23506:14086:5708#0/1	99.099	111	1	0	2191	2301	111	1	9.04e-49	200
NC_011593.1:2598858-2601929	NB551033:109:HG7V5BGX9:3:12607:11450:6982#0/1	95.935	123	5	0	506	628	1	123	9.04e-49	200
NC_011593.1:2598858-2601929	NB551033:109:HG7V5BGX9:1:12205:15624:5321#0/1	100.000	108	0	0	2192	2299	1	108	9.04e-49	200
NC_011593.1:2598858-2601929	NB551033:109:HG7V5BGX9:1:12205:15624:5321#0/2	100.000	107	0	0	2193	2299	107	1	3.25e-48	198
NC_011593.1:2598858-2601929	NB551033:109:HG7V5BGX9:4:22410:17378:3483#0/1	100.000	105	0	0	1	105	46	150	4.21e-47	195
NC_011593.1:2598858-2601929	NB551033:109:HG7V5BGX9:4:12608:10736:14433#0/2	99.065	107	1	0	1891	1997	109	3	1.51e-46	193
NC_011593.1:2598858-2601929	NB551033:109:HG7V5BGX9:3:23609:15316:3760#0/2	99.048	105	1	0	346	450	105	1	1.96e-45	189
NC_011593.1:2598858-2601929	NB551033:109:HG7V5BGX9:2:13106:16747:7770#0/2	99.048	105	1	0	1860	1964	1	105	1.96e-45	189
NC_011593.1:2598858-2601929	NB551033:109:HG7V5BGX9:3:23609:15316:3760#0/1	99.048	105	1	0	346	450	1	105	1.96e-45	189
NC_011593.1:2598858-2601929	NB551033:109:HG7V5BGX9:2:13106:16747:7770#0/1	99.048	105	1	0	1860	1964	105	1	1.96e-45	189
NC_011593.1:2598858-2601929	NB551033:109:HG7V5BGX9:1:11107:15479:5260#0/1	97.297	111	3	0	1473	1583	111	1	1.96e-45	189
NC_011593.1:2598858-2601929	NB551033:109:HG7V5BGX9:1:11309:6721:16641#0/2	95.614	114	5	0	846	959	114	1	9.11e-44	183
NC_011593.1:2598858-2601929	NB551033:109:HG7V5BGX9:2:13310:19121:18514#0/1	98.077	104	2	0	1381	1484	1	104	3.28e-43	182
NC_011593.1:2598858-2601929	NB551033:109:HG7V5BGX9:4:22411:7799:7493#0/1	100.000	96	0	0	1923	2018	1	96	4.24e-42	178
NC_011593.1:2598858-2601929	NB551033:109:HG7V5BGX9:1:21305:24596:4741#0/2	100.000	95	0	0	1	95	95	1	1.52e-41	176
NC_011593.1:2598858-2601929	NB551033:109:HG7V5BGX9:1:12307:7610:2757#0/2	98.020	101	2	0	437	537	1	101	1.52e-41	176
NC_011593.1:2598858-2601929	NB551033:109:HG7V5BGX9:1:12307:7610:2757#0/1	98.020	101	2	0	437	537	101	1	1.52e-41	176
NC_011593.1:2598858-2601929	NB551033:109:HG7V5BGX9:1:12102:5066:4096#0/1	100.000	95	0	0	1950	2044	95	1	1.52e-41	176
NC_011593.1:2598858-2601929	NB551033:109:HG7V5BGX9:1:22112:19138:6781#0/1	97.030	101	3	0	2350	2450	101	1	7.09e-40	171
NC_011593.1:2598858-2601929	NB551033:109:HG7V5BGX9:3:22405:7592:4588#0/2	97.938	97	2	0	1391	1487	1	97	2.55e-39	169
NC_011593.1:2598858-2601929	NB551033:109:HG7V5BGX9:3:22405:7592:4588#0/1	97.938	97	2	0	1391	1487	97	1	2.55e-39	169
NC_011593.1:2598858-2601929	NB551033:109:HG7V5BGX9:3:22609:16734:2710#0/2	98.913	92	1	0	1863	1954	92	1	3.30e-38	165
NC_011593.1:2598858-2601929	NB551033:109:HG7V5BGX9:4:22603:26391:17052#0/2	100.000	86	0	0	964	1049	86	1	1.53e-36	159
NC_011593.1:2598858-2601929	NB551033:109:HG7V5BGX9:1:13102:11930:16716#0/1	97.802	91	2	0	573	663	1	91	5.52e-36	158
NC_011593.1:2598858-2601929	NB551033:109:HG7V5BGX9:3:13504:16138:10318#0/1	96.774	93	3	0	1154	1246	93	1	1.99e-35	156
NC_011593.1:2598858-2601929	NB551033:109:HG7V5BGX9:1:21102:26237:7170#0/1	100.000	84	0	0	1947	2030	84	1	1.99e-35	156
NC_011593.1:2598858-2601929	NB551033:109:HG7V5BGX9:4:22603:26391:17052#0/1	98.837	86	1	0	964	1049	1	86	7.14e-35	154
NC_011593.1:2598858-2601929	NB551033:109:HG7V5BGX9:1:13209:12092:15500#0/2	98.824	85	1	0	1	85	85	1	2.57e-34	152
NC_011593.1:2598858-2601929	NB551033:109:HG7V5BGX9:3:21403:4347:19006#0/1	98.810	84	1	0	283	366	1	84	9.24e-34	150
NC_011593.1:2598858-2601929	NB551033:109:HG7V5BGX9:3:21403:4347:19006#0/2	98.795	83	1	0	284	366	83	1	3.32e-33	148
NC_011593.1:2598858-2601929	NB551033:109:HG7V5BGX9:3:13405:14456:1702#0/2	97.674	86	2	0	1179	1264	86	1	3.32e-33	148
NC_011593.1:2598858-2601929	NB551033:109:HG7V5BGX9:3:13405:14456:1702#0/1	97.674	86	2	0	1179	1264	1	86	3.32e-33	148
NC_011593.1:2598858-2601929	NB551033:109:HG7V5BGX9:2:12211:16853:13737#0/2	98.780	82	1	0	1381	1462	1	82	1.20e-32	147
NC_011593.1:2598858-2601929	NB551033:109:HG7V5BGX9:2:12211:16853:13737#0/1	98.780	82	1	0	1381	1462	82	1	1.20e-32	147
NC_011593.1:2598858-2601929	NB551033:109:HG7V5BGX9:1:22202:6670:15840#0/2	97.590	83	2	0	2576	2658	1	83	1.55e-31	143
NC_011593.1:2598858-2601929	NB551033:109:HG7V5BGX9:1:22202:6670:15840#0/1	97.590	83	2	0	2576	2658	83	1	1.55e-31	143
NC_011593.1:2598858-2601929	NB551033:109:HG7V5BGX9:3:11604:11139:3175#0/2	100.000	76	0	0	2228	2303	76	1	5.56e-31	141
NC_011593.1:2598858-2601929	NB551033:109:HG7V5BGX9:1:11107:15479:5260#0/2	98.734	79	1	0	1386	1464	1	79	5.56e-31	141
NC_011593.1:2598858-2601929	NB551033:109:HG7V5BGX9:3:11604:11139:3175#0/1	100.000	76	0	0	2228	2303	1	76	5.56e-31	141
NC_011593.1:2598858-2601929	NB551033:109:HG7V5BGX9:4:13602:16379:11768#0/2	98.718	78	1	0	705	782	1	78	2.00e-30	139
NC_011593.1:2598858-2601929	NB551033:109:HG7V5BGX9:1:21304:8306:19671#0/2	96.386	83	3	0	535	617	83	1	7.19e-30	137
NC_011593.1:2598858-2601929	NB551033:109:HG7V5BGX9:1:21108:6294:16627#0/1	98.701	77	1	0	137	213	77	1	7.19e-30	137
NC_011593.1:2598858-2601929	NB551033:109:HG7V5BGX9:3:23603:14137:8026#0/1	100.000	73	0	0	983	1055	73	1	2.59e-29	135
NC_011593.1:2598858-2601929	NB551033:109:HG7V5BGX9:2:13303:3065:5871#0/1	100.000	72	0	0	1824	1895	73	2	9.30e-29	134
NC_011593.1:2598858-2601929	NB551033:109:HG7V5BGX9:2:12201:10548:4643#0/2	98.630	73	1	0	1154	1226	1	73	1.20e-27	130
NC_011593.1:2598858-2601929	NB551033:109:HG7V5BGX9:4:12503:19295:16794#0/1	98.630	73	1	0	1888	1960	73	1	1.20e-27	130
NC_011593.1:2598858-2601929	NB551033:109:HG7V5BGX9:2:12201:10548:4643#0/1	98.630	73	1	0	1154	1226	73	1	1.20e-27	130
NC_011593.1:2598858-2601929	NB551033:109:HG7V5BGX9:3:13509:4543:18674#0/2	95.062	81	4	0	1186	1266	2	82	4.33e-27	128
NC_011593.1:2598858-2601929	NB551033:109:HG7V5BGX9:3:22609:16734:2710#0/1	98.611	72	1	0	1863	1934	1	72	4.33e-27	128
NC_011593.1:2598858-2601929	NB551033:109:HG7V5BGX9:1:23105:9822:9541#0/1	98.592	71	1	0	2802	2872	1	71	1.56e-26	126
NC_011593.1:2598858-2601929	NB551033:109:HG7V5BGX9:3:22501:5359:5288#0/2	98.571	70	1	0	553	622	70	1	5.60e-26	124
NC_011593.1:2598858-2601929	NB551033:109:HG7V5BGX9:3:21412:7276:11895#0/2	96.000	75	3	0	880	954	75	1	2.01e-25	122
NC_011593.1:2598858-2601929	NB551033:109:HG7V5BGX9:2:23311:10923:20297#0/2	96.000	75	3	0	1194	1268	75	1	2.01e-25	122
NC_011593.1:2598858-2601929	NB551033:109:HG7V5BGX9:1:21312:19199:2618#0/2	97.222	72	2	0	1174	1245	3	74	2.01e-25	122
NC_011593.1:2598858-2601929	NB551033:109:HG7V5BGX9:3:21412:7276:11895#0/1	96.000	75	3	0	880	954	1	75	2.01e-25	122
NC_011593.1:2598858-2601929	NB551033:109:HG7V5BGX9:1:21312:19199:2618#0/1	97.222	72	2	0	1174	1245	74	3	2.01e-25	122
NC_011593.1:2598858-2601929	NB551033:109:HG7V5BGX9:3:22505:21335:9718#0/2	100.000	65	0	0	292	356	1	65	7.24e-25	121
NC_011593.1:2598858-2601929	NB551033:109:HG7V5BGX9:4:11508:4560:14205#0/1	98.529	68	1	0	1406	1473	1	68	7.24e-25	121
NC_011593.1:2598858-2601929	NB551033:109:HG7V5BGX9:3:22505:21335:9718#0/1	100.000	65	0	0	292	356	65	1	7.24e-25	121
NC_011593.1:2598858-2601929	NB551033:109:HG7V5BGX9:2:11107:17193:1379#0/2	95.890	73	3	0	2147	2219	73	1	2.61e-24	119
NC_011593.1:2598858-2601929	NB551033:109:HG7V5BGX9:2:11107:17193:1379#0/1	95.890	73	3	0	2147	2219	1	73	2.61e-24	119
NC_011593.1:2598858-2601929	NB551033:109:HG7V5BGX9:3:21404:11447:6043#0/2	96.970	66	2	0	3007	3072	68	3	4.36e-22	111
NC_011593.1:2598858-2601929	NB551033:109:HG7V5BGX9:3:21404:11447:6043#0/1	95.652	69	3	0	3004	3072	1	69	4.36e-22	111
NC_011593.1:2598858-2601929	NB551033:109:HG7V5BGX9:3:13511:13646:3539#0/2	98.387	62	1	0	313	374	1	62	1.57e-21	110
NC_011593.1:2598858-2601929	NB551033:109:HG7V5BGX9:2:12312:21984:19083#0/2	100.000	59	0	0	1	59	93	151	1.57e-21	110
NC_011593.1:2598858-2601929	NB551033:109:HG7V5BGX9:4:11501:3493:18254#0/1	100.000	59	0	0	201	259	59	1	1.57e-21	110
NC_011593.1:2598858-2601929	NB551033:109:HG7V5BGX9:4:21502:9307:13221#0/2	100.000	58	0	0	1190	1247	58	1	5.64e-21	108
NC_011593.1:2598858-2601929	NB551033:109:HG7V5BGX9:2:23207:11653:11999#0/2	100.000	58	0	0	1569	1626	1	58	5.64e-21	108
NC_011593.1:2598858-2601929	NB551033:109:HG7V5BGX9:4:21502:9307:13221#0/1	100.000	58	0	0	1190	1247	1	58	5.64e-21	108
NC_011593.1:2598858-2601929	NB551033:109:HG7V5BGX9:2:23207:11653:11999#0/1	100.000	58	0	0	1569	1626	58	1	5.64e-21	108
NC_011593.1:2598858-2601929	NB551033:109:HG7V5BGX9:2:11312:8922:6054#0/1	100.000	58	0	0	437	494	1	58	5.64e-21	108
NC_011593.1:2598858-2601929	NB551033:109:HG7V5BGX9:1:11310:25594:4882#0/1	100.000	58	0	0	262	319	58	1	5.64e-21	108
NC_011593.1:2598858-2601929	NB551033:109:HG7V5BGX9:1:23102:26077:7468#0/2	100.000	56	0	0	2437	2492	1	56	7.29e-20	104
NC_011593.1:2598858-2601929	NB551033:109:HG7V5BGX9:1:13207:3900:2536#0/2	98.305	59	1	0	81	139	59	1	7.29e-20	104
NC_011593.1:2598858-2601929	NB551033:109:HG7V5BGX9:2:23205:14914:12815#0/1	98.305	59	1	0	739	797	1	59	7.29e-20	104
NC_011593.1:2598858-2601929	NB551033:109:HG7V5BGX9:1:13207:3900:2536#0/1	98.305	59	1	0	81	139	1	59	7.29e-20	104
NC_011593.1:2598858-2601929	NB551033:109:HG7V5BGX9:2:23302:17335:1703#0/2	100.000	55	0	0	1791	1845	55	1	2.62e-19	102
NC_011593.1:2598858-2601929	NB551033:109:HG7V5BGX9:2:23302:17335:1703#0/1	100.000	55	0	0	1791	1845	1	55	2.62e-19	102
NC_011593.1:2598858-2601929	NB551033:109:HG7V5BGX9:3:22501:5359:5288#0/1	95.161	62	3	0	545	606	1	62	3.39e-18	99.0
NC_011593.1:2598858-2601929	NB551033:109:HG7V5BGX9:4:12512:18122:8799#0/2	100.000	51	0	0	1831	1881	51	1	4.39e-17	95.3
NC_011593.1:2598858-2601929	NB551033:109:HG7V5BGX9:4:12512:18122:8799#0/1	100.000	51	0	0	1831	1881	1	51	4.39e-17	95.3
NC_011593.1:2598858-2601929	NB551033:109:HG7V5BGX9:4:13404:5427:16048#0/2	98.113	53	1	0	651	703	1	53	1.58e-16	93.5
NC_011593.1:2598858-2601929	NB551033:109:HG7V5BGX9:4:13404:5427:16048#0/1	98.113	53	1	0	651	703	53	1	1.58e-16	93.5
NC_011593.1:2598858-2601929	NB551033:109:HG7V5BGX9:2:11306:2893:13173#0/1	96.429	56	2	0	2541	2596	56	1	1.58e-16	93.5
NC_011593.1:2598858-2601929	NB551033:109:HG7V5BGX9:3:23409:12964:7578#0/1	96.364	55	2	0	3018	3072	62	8	5.68e-16	91.6
NC_011593.1:2598858-2601929	NB551033:109:HG7V5BGX9:4:13602:19250:18630#0/2	100.000	48	0	0	2398	2445	48	1	2.04e-15	89.8
NC_011593.1:2598858-2601929	NB551033:109:HG7V5BGX9:3:13404:11924:11254#0/2	98.039	51	1	0	2529	2579	1	51	2.04e-15	89.8
NC_011593.1:2598858-2601929	NB551033:109:HG7V5BGX9:1:21108:6294:16627#0/2	98.000	50	1	0	137	186	1	50	7.35e-15	87.9
NC_011593.1:2598858-2601929	NB551033:109:HG7V5BGX9:2:11307:16909:12680#0/1	96.078	51	2	0	1210	1260	111	61	9.50e-14	84.2
NC_011593.1:2598858-2601929	NB551033:109:HG7V5BGX9:1:23102:26077:7468#0/1	96.000	50	2	0	2577	2626	50	1	3.42e-13	82.4
NC_011593.1:2598858-2601929	NB551033:109:HG7V5BGX9:1:13209:12092:15500#0/1	100.000	44	0	0	1	44	106	149	3.42e-13	82.4
NC_011593.1:2598858-2601929	NB551033:109:HG7V5BGX9:4:11508:4560:14205#0/2	97.778	45	1	0	1506	1550	45	1	4.42e-12	78.7
NC_011593.1:2598858-2601929	NB551033:109:HG7V5BGX9:2:13310:19121:18514#0/2	100.000	42	0	0	1616	1657	42	1	4.42e-12	78.7
NC_011593.1:2598858-2601929	NB551033:109:HG7V5BGX9:2:12212:8980:8923#0/1	100.000	42	0	0	2518	2559	1	42	4.42e-12	78.7
NC_011593.1:2598858-2601929	NB551033:109:HG7V5BGX9:4:23511:15325:15136#0/2	95.745	47	2	0	978	1024	47	1	1.59e-11	76.8
NC_011593.1:2598858-2601929	NB551033:109:HG7V5BGX9:4:23511:15325:15136#0/1	95.745	47	2	0	978	1024	1	47	1.59e-11	76.8
NC_011593.1:2598858-2601929	NB551033:109:HG7V5BGX9:4:12608:10736:14433#0/1	100.000	41	0	0	1812	1852	1	41	1.59e-11	76.8
NC_011593.1:2598858-2601929	NB551033:109:HG7V5BGX9:2:13303:3065:5871#0/2	100.000	40	0	0	1824	1863	1	40	5.72e-11	75.0
NC_011593.1:2598858-2601929	NB551033:109:HG7V5BGX9:3:22402:23749:12069#0/1	95.556	45	2	0	1399	1443	45	1	2.06e-10	73.1
NC_011593.1:2598858-2601929	NB551033:109:HG7V5BGX9:1:23112:6982:12040#0/2	95.455	44	2	0	1681	1724	44	1	7.40e-10	71.3
NC_011593.1:2598858-2601929	NB551033:109:HG7V5BGX9:3:13511:13646:3539#0/1	97.500	40	1	0	335	374	40	1	2.66e-09	69.4
NC_011593.1:2598858-2601929	NB551033:109:HG7V5BGX9:4:22408:20565:6628#0/2	100.000	36	0	0	1	36	116	151	9.57e-09	67.6
NC_011593.1:2598858-2601929	NB551033:109:HG7V5BGX9:3:12611:7589:11270#0/2	97.436	39	1	0	769	807	39	1	9.57e-09	67.6
NC_011593.1:2598858-2601929	NB551033:109:HG7V5BGX9:3:11412:17312:1881#0/1	100.000	34	0	0	234	267	34	1	1.24e-07	63.9
NC_011593.1:2598858-2601929	NB551033:109:HG7V5BGX9:4:12503:19295:16794#0/2	97.222	36	1	0	1824	1859	1	36	4.45e-07	62.1
NC_011593.1:2598858-2601929	NB551033:109:HG7V5BGX9:1:23312:25698:13391#0/2	97.222	36	1	0	2351	2386	1	36	4.45e-07	62.1
NC_011593.1:2598858-2601929	NB551033:109:HG7V5BGX9:1:23312:25698:13391#0/1	97.143	35	1	0	2352	2386	35	1	1.60e-06	60.2
NC_011593.1:2598858-2601929	NB551033:109:HG7V5BGX9:1:12205:18114:8321#0/1	100.000	32	0	0	1797	1828	1	32	1.60e-06	60.2
NC_011593.1:2598858-2601929	NB551033:109:HG7V5BGX9:4:11407:1385:8078#0/2	100.000	28	0	0	1028	1055	18	45	2.68e-04	52.8
NC_011593.1:2598858-2601929	NB551033:109:HG7V5BGX9:4:11407:1385:8078#0/1	100.000	28	0	0	1028	1055	28	1	2.68e-04	52.8
NC_011593.1:2598858-2601929	NB551033:109:HG7V5BGX9:4:11406:26848:8071#0/1	100.000	28	0	0	1028	1055	28	1	2.68e-04	52.8
# BLASTN 2.9.0+
# Query: NC_011593.1:c2604454-2602106 Bifidobacterium longum subsp. infantis ATCC 15697, complete genome
# Database: db/blast_C0127-7E-1A_S47.faa
# 0 hits found
# BLASTN 2.9.0+
# Query: NC_011593.1:c2605922-2604486 Bifidobacterium longum subsp. infantis ATCC 15697, complete genome
# Database: db/blast_C0127-7E-1A_S47.faa
# 0 hits found
# BLASTN 2.9.0+
# Query: NC_011593.1:c2606381-2605944 Bifidobacterium longum subsp. infantis ATCC 15697, complete genome
# Database: db/blast_C0127-7E-1A_S47.faa
# 0 hits found
# BLASTN 2.9.0+
# Query: NC_011593.1:c2607314-2606418 Bifidobacterium longum subsp. infantis ATCC 15697, complete genome
# Database: db/blast_C0127-7E-1A_S47.faa
# 0 hits found
# BLASTN 2.9.0+
# Query: NC_011593.1:c2608249-2607458 Bifidobacterium longum subsp. infantis ATCC 15697, complete genome
# Database: db/blast_C0127-7E-1A_S47.faa
# 0 hits found
# BLASTN 2.9.0+
# Query: NC_011593.1:c2609546-2608269 Bifidobacterium longum subsp. infantis ATCC 15697, complete genome
# Database: db/blast_C0127-7E-1A_S47.faa
# Fields: query acc.ver, subject acc.ver, % identity, alignment length, mismatches, gap opens, q. start, q. end, s. start, s. end, evalue, bit score
# 3 hits found
NC_011593.1:c2609546-2608269	NB551033:109:HG7V5BGX9:1:23309:7625:15728#0/2	96.364	55	2	0	917	971	55	1	2.37e-16	91.6
NC_011593.1:c2609546-2608269	NB551033:109:HG7V5BGX9:3:23403:21204:1241#0/2	98.000	50	1	0	295	344	150	101	3.06e-15	87.9
NC_011593.1:c2609546-2608269	NB551033:109:HG7V5BGX9:3:11506:13200:18117#0/2	100.000	38	0	0	307	344	148	111	3.08e-10	71.3
# BLASTN 2.9.0+
# Query: NC_011593.1:c2610356-2609697 Bifidobacterium longum subsp. infantis ATCC 15697, complete genome
# Database: db/blast_C0127-7E-1A_S47.faa
# 0 hits found
# BLASTN 2.9.0+
# Query: NC_011593.1:c2611458-2610496 Bifidobacterium longum subsp. infantis ATCC 15697, complete genome
# Database: db/blast_C0127-7E-1A_S47.faa
# 0 hits found
# BLASTN 2.9.0+
# Query: NC_011593.1:c2612430-2611477 Bifidobacterium longum subsp. infantis ATCC 15697, complete genome
# Database: db/blast_C0127-7E-1A_S47.faa
# 0 hits found
# BLASTN 2.9.0+
# Query: NC_011593.1:c2614109-2612517 Bifidobacterium longum subsp. infantis ATCC 15697, complete genome
# Database: db/blast_C0127-7E-1A_S47.faa
# 0 hits found
# BLASTN 2.9.0+
# Query: NC_011593.1:c2615274-2614312 Bifidobacterium longum subsp. infantis ATCC 15697, complete genome
# Database: db/blast_C0127-7E-1A_S47.faa
# 0 hits found
# BLASTN 2.9.0+
# Query: NC_011593.1:c2616246-2615293 Bifidobacterium longum subsp. infantis ATCC 15697, complete genome
# Database: db/blast_C0127-7E-1A_S47.faa
# 0 hits found
# BLASTN 2.9.0+
# Query: NC_011593.1:c2617928-2616333 Bifidobacterium longum subsp. infantis ATCC 15697, complete genome
# Database: db/blast_C0127-7E-1A_S47.faa
# 0 hits found
# BLASTN 2.9.0+
# Query: NC_011593.1:c2619247-2618063 Bifidobacterium longum subsp. infantis ATCC 15697, complete genome
# Database: db/blast_C0127-7E-1A_S47.faa
# 0 hits found
# BLASTN 2.9.0+
# Query: NC_011593.1:c2620369-2619413 Bifidobacterium longum subsp. infantis ATCC 15697, complete genome
# Database: db/blast_C0127-7E-1A_S47.faa
# 0 hits found
# BLASTN 2.9.0+
# Query: NC_011593.1:c2622143-2620551 Bifidobacterium longum subsp. infantis ATCC 15697, complete genome
# Database: db/blast_C0127-7E-1A_S47.faa
# 0 hits found
# BLASTN 2.9.0+
# Query: NC_011593.1:c2624124-2622520 Bifidobacterium longum subsp. infantis ATCC 15697, complete genome
# Database: db/blast_C0127-7E-1A_S47.faa
# 0 hits found
# BLASTN 2.9.0+
# Query: NC_011593.1:c2626110-2624512 Bifidobacterium longum subsp. infantis ATCC 15697, complete genome
# Database: db/blast_C0127-7E-1A_S47.faa
# 0 hits found
# BLASTN 2.9.0+
# Query: NC_011593.1:c2626386-2626264 Bifidobacterium longum subsp. infantis ATCC 15697, complete genome
# Database: db/blast_C0127-7E-1A_S47.faa
# 0 hits found
# BLASTN 2.9.0+
# Query: NC_011593.1:c2628158-2626563 Bifidobacterium longum subsp. infantis ATCC 15697, complete genome
# Database: db/blast_C0127-7E-1A_S47.faa
# 0 hits found
# BLASTN 2.9.0+
# Query: NC_011593.1:c2630269-2628314 Bifidobacterium longum subsp. infantis ATCC 15697, complete genome
# Database: db/blast_C0127-7E-1A_S47.faa
# 0 hits found
# BLASTN 2.9.0+
# Query: NC_011593.1:c2631106-2630366 Bifidobacterium longum subsp. infantis ATCC 15697, complete genome
# Database: db/blast_C0127-7E-1A_S47.faa
# 0 hits found
# BLASTN 2.9.0+
# Query: NC_011593.1:c2632432-2631140 Bifidobacterium longum subsp. infantis ATCC 15697, complete genome
# Database: db/blast_C0127-7E-1A_S47.faa
# 0 hits found
# BLASTN 2.9.0+
# Query: NC_011593.1:c2633881-2632562 Bifidobacterium longum subsp. infantis ATCC 15697, complete genome
# Database: db/blast_C0127-7E-1A_S47.faa
# 0 hits found
# BLASTN 2.9.0+
# Query: NC_011593.1:c2634683-2633865 Bifidobacterium longum subsp. infantis ATCC 15697, complete genome
# Database: db/blast_C0127-7E-1A_S47.faa
# 0 hits found
# BLASTN 2.9.0+
# Query: NC_011593.1:c2635627-2634680 Bifidobacterium longum subsp. infantis ATCC 15697, complete genome
# Database: db/blast_C0127-7E-1A_S47.faa
# 0 hits found
# BLASTN 2.9.0+
# Query: NC_011593.1:c2636747-2635629 Bifidobacterium longum subsp. infantis ATCC 15697, complete genome
# Database: db/blast_C0127-7E-1A_S47.faa
# 0 hits found
# BLAST processed 31 queries
