# BLASTN 2.9.0+
# Query: NC_011593.1:c2595355-2593832 Bifidobacterium longum subsp. infantis ATCC 15697, complete genome
# Database: db/blast_C0159-5F-1A_S45.faa
# Fields: query acc.ver, subject acc.ver, % identity, alignment length, mismatches, gap opens, q. start, q. end, s. start, s. end, evalue, bit score
# 108 hits found
NC_011593.1:c2595355-2593832	NB551033:88:H5VWJBGX7:2:13302:23266:20183#0/1	99.338	151	1	0	1006	1156	1	151	2.93e-71	274
NC_011593.1:c2595355-2593832	NB551033:88:H5VWJBGX7:1:13101:7061:9292#0/2	99.333	150	1	0	939	1088	1	150	1.06e-70	272
NC_011593.1:c2595355-2593832	NB551033:88:H5VWJBGX7:3:22610:13577:12760#0/1	99.333	150	1	0	986	1135	150	1	1.06e-70	272
NC_011593.1:c2595355-2593832	NB551033:88:H5VWJBGX7:2:13301:17903:17990#0/1	99.333	150	1	0	949	1098	1	150	1.06e-70	272
NC_011593.1:c2595355-2593832	NB551033:88:H5VWJBGX7:4:23512:3711:6489#0/2	98.675	151	2	0	445	595	1	151	1.37e-69	268
NC_011593.1:c2595355-2593832	NB551033:88:H5VWJBGX7:3:23412:25544:10949#0/1	98.675	151	2	0	1006	1156	1	151	1.37e-69	268
NC_011593.1:c2595355-2593832	NB551033:88:H5VWJBGX7:3:23402:9721:11748#0/2	98.667	150	2	0	715	864	150	1	4.91e-69	267
NC_011593.1:c2595355-2593832	NB551033:88:H5VWJBGX7:2:23203:20304:15982#0/2	98.667	150	2	0	462	611	150	1	4.91e-69	267
NC_011593.1:c2595355-2593832	NB551033:88:H5VWJBGX7:3:22610:13577:12760#0/2	98.658	149	2	0	896	1044	2	150	1.77e-68	265
NC_011593.1:c2595355-2593832	NB551033:88:H5VWJBGX7:3:22502:25961:10550#0/2	98.658	149	2	0	538	686	1	149	1.77e-68	265
NC_011593.1:c2595355-2593832	NB551033:88:H5VWJBGX7:4:22411:21121:14642#0/1	98.658	149	2	0	373	521	1	149	1.77e-68	265
NC_011593.1:c2595355-2593832	NB551033:88:H5VWJBGX7:4:13608:10703:2452#0/2	98.013	151	3	0	346	496	151	1	6.35e-68	263
NC_011593.1:c2595355-2593832	NB551033:88:H5VWJBGX7:2:22304:19747:7003#0/2	98.013	151	3	0	697	847	151	1	6.35e-68	263
NC_011593.1:c2595355-2593832	NB551033:88:H5VWJBGX7:2:22108:22477:10021#0/2	98.013	151	3	0	801	951	1	151	6.35e-68	263
NC_011593.1:c2595355-2593832	NB551033:88:H5VWJBGX7:2:13302:23266:20183#0/2	98.013	151	3	0	1058	1208	151	1	6.35e-68	263
NC_011593.1:c2595355-2593832	NB551033:88:H5VWJBGX7:4:13609:22655:4777#0/1	98.649	148	2	0	999	1146	1	148	6.35e-68	263
NC_011593.1:c2595355-2593832	NB551033:88:H5VWJBGX7:3:23402:9721:11748#0/1	98.013	151	3	0	512	662	1	151	6.35e-68	263
NC_011593.1:c2595355-2593832	NB551033:88:H5VWJBGX7:3:12608:17768:17398#0/1	98.013	151	3	0	359	509	151	1	6.35e-68	263
NC_011593.1:c2595355-2593832	NB551033:88:H5VWJBGX7:2:22108:22477:10021#0/1	98.013	151	3	0	807	957	151	1	6.35e-68	263
NC_011593.1:c2595355-2593832	NB551033:88:H5VWJBGX7:3:12509:2915:11921#0/2	99.306	144	1	0	721	864	144	1	2.28e-67	261
NC_011593.1:c2595355-2593832	NB551033:88:H5VWJBGX7:2:13301:17903:17990#0/2	98.000	150	3	0	1117	1266	150	1	2.28e-67	261
NC_011593.1:c2595355-2593832	NB551033:88:H5VWJBGX7:2:12112:19385:20025#0/2	98.000	150	3	0	1176	1325	1	150	2.28e-67	261
NC_011593.1:c2595355-2593832	NB551033:88:H5VWJBGX7:3:12509:2915:11921#0/1	99.306	144	1	0	721	864	2	145	2.28e-67	261
NC_011593.1:c2595355-2593832	NB551033:88:H5VWJBGX7:2:23211:23266:18530#0/2	97.987	149	3	0	836	984	151	3	8.22e-67	259
NC_011593.1:c2595355-2593832	NB551033:88:H5VWJBGX7:4:12409:22506:16747#0/2	97.351	151	4	0	79	229	1	151	2.96e-66	257
NC_011593.1:c2595355-2593832	NB551033:88:H5VWJBGX7:3:12608:17768:17398#0/2	97.351	151	4	0	154	304	1	151	2.96e-66	257
NC_011593.1:c2595355-2593832	NB551033:88:H5VWJBGX7:4:12409:22506:16747#0/1	97.351	151	4	0	125	275	151	1	2.96e-66	257
NC_011593.1:c2595355-2593832	NB551033:88:H5VWJBGX7:2:22202:23552:9472#0/1	97.973	148	3	0	768	915	1	148	2.96e-66	257
NC_011593.1:c2595355-2593832	NB551033:88:H5VWJBGX7:1:13101:7061:9292#0/1	97.351	151	4	0	1115	1265	151	1	2.96e-66	257
NC_011593.1:c2595355-2593832	NB551033:88:H5VWJBGX7:1:11308:20767:11637#0/1	97.351	151	4	0	101	251	1	151	2.96e-66	257
NC_011593.1:c2595355-2593832	NB551033:88:H5VWJBGX7:3:23412:25544:10949#0/2	97.333	150	4	0	1110	1259	150	1	1.06e-65	255
NC_011593.1:c2595355-2593832	NB551033:88:H5VWJBGX7:2:22105:23369:7205#0/2	97.333	150	4	0	757	906	1	150	1.06e-65	255
NC_011593.1:c2595355-2593832	NB551033:88:H5VWJBGX7:2:22203:13415:14858#0/1	97.333	150	4	0	181	330	151	2	1.06e-65	255
NC_011593.1:c2595355-2593832	NB551033:88:H5VWJBGX7:2:22105:23369:7205#0/1	97.333	150	4	0	936	1085	150	1	1.06e-65	255
NC_011593.1:c2595355-2593832	NB551033:88:H5VWJBGX7:4:23605:9391:13825#0/1	97.315	149	4	0	166	314	1	149	3.82e-65	254
NC_011593.1:c2595355-2593832	NB551033:88:H5VWJBGX7:4:23510:7958:13616#0/1	97.945	146	3	0	94	239	146	1	3.82e-65	254
NC_011593.1:c2595355-2593832	NB551033:88:H5VWJBGX7:4:23605:9391:13825#0/2	96.689	151	5	0	185	335	151	1	1.37e-64	252
NC_011593.1:c2595355-2593832	NB551033:88:H5VWJBGX7:2:12207:25142:1796#0/2	97.297	148	4	0	167	314	150	3	1.37e-64	252
NC_011593.1:c2595355-2593832	NB551033:88:H5VWJBGX7:3:22502:25961:10550#0/1	96.689	151	5	0	585	735	151	1	1.37e-64	252
NC_011593.1:c2595355-2593832	NB551033:88:H5VWJBGX7:2:13307:24176:2591#0/1	96.689	151	5	0	66	216	151	1	1.37e-64	252
NC_011593.1:c2595355-2593832	NB551033:88:H5VWJBGX7:3:12505:9680:4169#0/2	96.667	150	5	0	670	819	150	1	4.95e-64	250
NC_011593.1:c2595355-2593832	NB551033:88:H5VWJBGX7:1:11308:20767:11637#0/2	96.667	150	5	0	326	475	150	1	4.95e-64	250
NC_011593.1:c2595355-2593832	NB551033:88:H5VWJBGX7:4:23512:3711:6489#0/1	96.644	149	5	0	670	818	149	1	1.78e-63	248
NC_011593.1:c2595355-2593832	NB551033:88:H5VWJBGX7:3:13503:9513:3558#0/2	99.265	136	1	0	361	496	1	136	6.40e-63	246
NC_011593.1:c2595355-2593832	NB551033:88:H5VWJBGX7:2:22202:23552:9472#0/2	96.026	151	6	0	807	957	151	1	6.40e-63	246
NC_011593.1:c2595355-2593832	NB551033:88:H5VWJBGX7:3:13503:9513:3558#0/1	99.265	136	1	0	361	496	136	1	6.40e-63	246
NC_011593.1:c2595355-2593832	NB551033:88:H5VWJBGX7:1:22110:14412:3158#0/1	96.622	148	5	0	89	236	148	1	6.40e-63	246
NC_011593.1:c2595355-2593832	NB551033:88:H5VWJBGX7:4:11402:23358:13520#0/2	96.599	147	5	0	190	336	1	147	2.30e-62	244
NC_011593.1:c2595355-2593832	NB551033:88:H5VWJBGX7:3:12602:9471:9746#0/2	96.000	150	6	0	627	776	150	1	2.30e-62	244
NC_011593.1:c2595355-2593832	NB551033:88:H5VWJBGX7:4:13608:10703:2452#0/1	96.000	150	6	0	245	394	2	151	2.30e-62	244
NC_011593.1:c2595355-2593832	NB551033:88:H5VWJBGX7:3:12505:9680:4169#0/1	96.000	150	6	0	634	783	1	150	2.30e-62	244
NC_011593.1:c2595355-2593832	NB551033:88:H5VWJBGX7:2:22304:19747:7003#0/1	95.973	149	6	0	662	810	1	149	8.28e-62	243
NC_011593.1:c2595355-2593832	NB551033:88:H5VWJBGX7:1:12207:6640:2916#0/2	95.364	151	7	0	306	456	151	1	2.98e-61	241
NC_011593.1:c2595355-2593832	NB551033:88:H5VWJBGX7:4:11402:23358:13520#0/1	95.364	151	7	0	214	364	151	1	2.98e-61	241
NC_011593.1:c2595355-2593832	NB551033:88:H5VWJBGX7:2:23203:20304:15982#0/1	95.364	151	7	0	256	406	1	151	2.98e-61	241
NC_011593.1:c2595355-2593832	NB551033:88:H5VWJBGX7:4:22411:21121:14642#0/2	95.333	150	7	0	645	794	150	1	1.07e-60	239
NC_011593.1:c2595355-2593832	NB551033:88:H5VWJBGX7:2:23211:23266:18530#0/1	95.333	150	7	0	634	783	1	150	1.07e-60	239
NC_011593.1:c2595355-2593832	NB551033:88:H5VWJBGX7:1:12110:7408:3184#0/1	97.761	134	3	0	1337	1470	1	134	1.79e-58	231
NC_011593.1:c2595355-2593832	NB551033:88:H5VWJBGX7:3:23607:20017:17756#0/2	98.462	130	2	0	1006	1135	1	130	6.44e-58	230
NC_011593.1:c2595355-2593832	NB551033:88:H5VWJBGX7:2:11201:24051:17001#0/2	97.744	133	3	0	847	979	133	1	6.44e-58	230
NC_011593.1:c2595355-2593832	NB551033:88:H5VWJBGX7:3:23607:20017:17756#0/1	99.213	127	1	0	1009	1135	127	1	6.44e-58	230
NC_011593.1:c2595355-2593832	NB551033:88:H5VWJBGX7:2:11201:24051:17001#0/1	97.744	133	3	0	847	979	1	133	6.44e-58	230
NC_011593.1:c2595355-2593832	NB551033:88:H5VWJBGX7:3:22402:18569:17397#0/2	97.710	131	3	0	849	979	131	1	8.33e-57	226
NC_011593.1:c2595355-2593832	NB551033:88:H5VWJBGX7:3:22402:18569:17397#0/1	97.710	131	3	0	849	979	1	131	8.33e-57	226
NC_011593.1:c2595355-2593832	NB551033:88:H5VWJBGX7:4:21512:17888:16318#0/2	98.425	127	2	0	1004	1130	1	127	3.00e-56	224
NC_011593.1:c2595355-2593832	NB551033:88:H5VWJBGX7:1:13306:5788:15611#0/2	96.324	136	5	0	201	336	1	136	3.00e-56	224
NC_011593.1:c2595355-2593832	NB551033:88:H5VWJBGX7:4:21512:17888:16318#0/1	98.425	127	2	0	1004	1130	127	1	3.00e-56	224
NC_011593.1:c2595355-2593832	NB551033:88:H5VWJBGX7:1:13306:5788:15611#0/1	96.324	136	5	0	201	336	136	1	3.00e-56	224
NC_011593.1:c2595355-2593832	NB551033:88:H5VWJBGX7:2:12302:9870:17676#0/2	98.413	126	2	0	1073	1198	126	1	1.08e-55	222
NC_011593.1:c2595355-2593832	NB551033:88:H5VWJBGX7:2:12302:9870:17676#0/1	98.413	126	2	0	1073	1198	1	126	1.08e-55	222
NC_011593.1:c2595355-2593832	NB551033:88:H5VWJBGX7:3:12602:9471:9746#0/1	96.063	127	5	0	615	741	1	127	3.02e-51	207
NC_011593.1:c2595355-2593832	NB551033:88:H5VWJBGX7:4:23403:1230:13110#0/2	97.479	119	3	0	1352	1470	1	119	3.90e-50	204
NC_011593.1:c2595355-2593832	NB551033:88:H5VWJBGX7:4:23402:26703:13130#0/2	97.479	119	3	0	1352	1470	1	119	3.90e-50	204
NC_011593.1:c2595355-2593832	NB551033:88:H5VWJBGX7:4:23403:1230:13110#0/1	97.479	119	3	0	1352	1470	131	13	3.90e-50	204
NC_011593.1:c2595355-2593832	NB551033:88:H5VWJBGX7:4:23402:26703:13130#0/1	97.479	119	3	0	1352	1470	131	13	3.90e-50	204
NC_011593.1:c2595355-2593832	NB551033:88:H5VWJBGX7:1:13306:1868:2883#0/2	96.694	121	4	0	869	989	121	1	1.40e-49	202
NC_011593.1:c2595355-2593832	NB551033:88:H5VWJBGX7:1:13306:1868:2883#0/1	96.694	121	4	0	869	989	1	121	1.40e-49	202
NC_011593.1:c2595355-2593832	NB551033:88:H5VWJBGX7:3:21512:17497:19033#0/2	96.667	120	4	0	1311	1430	1	120	5.05e-49	200
NC_011593.1:c2595355-2593832	NB551033:88:H5VWJBGX7:3:21512:17497:19033#0/1	96.667	120	4	0	1311	1430	120	1	5.05e-49	200
NC_011593.1:c2595355-2593832	NB551033:88:H5VWJBGX7:1:22212:7256:8310#0/2	96.610	118	4	0	208	325	1	118	6.53e-48	196
NC_011593.1:c2595355-2593832	NB551033:88:H5VWJBGX7:1:13211:22818:6918#0/2	97.345	113	3	0	1358	1470	1	113	8.45e-47	193
NC_011593.1:c2595355-2593832	NB551033:88:H5VWJBGX7:3:23608:22115:9478#0/2	99.048	105	1	0	571	675	105	1	1.09e-45	189
NC_011593.1:c2595355-2593832	NB551033:88:H5VWJBGX7:3:23608:22115:9478#0/1	99.048	105	1	0	571	675	1	105	1.09e-45	189
NC_011593.1:c2595355-2593832	NB551033:88:H5VWJBGX7:2:11207:14081:2147#0/2	98.131	107	2	0	488	594	107	1	3.93e-45	187
NC_011593.1:c2595355-2593832	NB551033:88:H5VWJBGX7:2:11207:14081:2147#0/1	98.131	107	2	0	488	594	1	107	3.93e-45	187
NC_011593.1:c2595355-2593832	NB551033:88:H5VWJBGX7:1:22212:7256:8310#0/1	97.248	109	3	0	218	326	109	1	1.41e-44	185
NC_011593.1:c2595355-2593832	NB551033:88:H5VWJBGX7:1:12110:7408:3184#0/2	97.115	104	3	0	1367	1470	150	47	8.51e-42	176
NC_011593.1:c2595355-2593832	NB551033:88:H5VWJBGX7:1:13307:26834:15538#0/2	97.059	102	3	0	1311	1412	102	1	1.10e-40	172
NC_011593.1:c2595355-2593832	NB551033:88:H5VWJBGX7:1:13306:1321:15551#0/2	97.059	102	3	0	1311	1412	102	1	1.10e-40	172
NC_011593.1:c2595355-2593832	NB551033:88:H5VWJBGX7:1:13307:26834:15538#0/1	97.059	102	3	0	1311	1412	1	102	1.10e-40	172
NC_011593.1:c2595355-2593832	NB551033:88:H5VWJBGX7:1:13306:1321:15551#0/1	97.059	102	3	0	1311	1412	1	102	1.10e-40	172
NC_011593.1:c2595355-2593832	NB551033:88:H5VWJBGX7:2:22207:8150:5835#0/2	96.939	98	3	0	828	925	98	1	1.84e-38	165
NC_011593.1:c2595355-2593832	NB551033:88:H5VWJBGX7:2:22207:8150:5835#0/1	96.939	98	3	0	828	925	1	98	1.84e-38	165
NC_011593.1:c2595355-2593832	NB551033:88:H5VWJBGX7:1:23107:12341:4928#0/2	98.876	89	1	0	356	444	1	89	8.57e-37	159
NC_011593.1:c2595355-2593832	NB551033:88:H5VWJBGX7:1:23107:12341:4928#0/1	98.876	89	1	0	356	444	89	1	8.57e-37	159
NC_011593.1:c2595355-2593832	NB551033:88:H5VWJBGX7:4:13609:22655:4777#0/2	97.701	87	2	0	1274	1360	87	1	5.16e-34	150
NC_011593.1:c2595355-2593832	NB551033:88:H5VWJBGX7:4:23602:14319:6548#0/2	96.386	83	3	0	849	931	1	83	4.02e-30	137
NC_011593.1:c2595355-2593832	NB551033:88:H5VWJBGX7:1:13203:14178:12539#0/2	97.500	80	2	0	371	450	1	80	4.02e-30	137
NC_011593.1:c2595355-2593832	NB551033:88:H5VWJBGX7:4:23602:14319:6548#0/1	96.386	83	3	0	849	931	83	1	4.02e-30	137
NC_011593.1:c2595355-2593832	NB551033:88:H5VWJBGX7:1:13203:14178:12539#0/1	97.500	80	2	0	371	450	80	1	4.02e-30	137
NC_011593.1:c2595355-2593832	NB551033:88:H5VWJBGX7:2:13208:8228:2240#0/2	98.684	76	1	0	761	836	1	76	1.44e-29	135
NC_011593.1:c2595355-2593832	NB551033:88:H5VWJBGX7:1:12112:22713:3629#0/2	98.684	76	1	0	761	836	1	76	1.44e-29	135
NC_011593.1:c2595355-2593832	NB551033:88:H5VWJBGX7:2:13208:8228:2240#0/1	98.684	76	1	0	761	836	76	1	1.44e-29	135
NC_011593.1:c2595355-2593832	NB551033:88:H5VWJBGX7:1:12112:22713:3629#0/1	98.684	76	1	0	761	836	76	1	1.44e-29	135
NC_011593.1:c2595355-2593832	NB551033:88:H5VWJBGX7:2:23207:1469:5928#0/1	97.436	78	2	0	521	598	1	78	5.20e-29	134
NC_011593.1:c2595355-2593832	NB551033:88:H5VWJBGX7:2:13310:18301:7939#0/2	98.246	57	1	0	1414	1470	82	26	5.27e-19	100
NC_011593.1:c2595355-2593832	NB551033:88:H5VWJBGX7:2:13310:18301:7939#0/1	98.246	57	1	0	1414	1470	1	57	5.27e-19	100
NC_011593.1:c2595355-2593832	NB551033:88:H5VWJBGX7:1:13211:22818:6918#0/1	100.000	30	0	0	1441	1470	151	122	1.16e-05	56.5
# BLASTN 2.9.0+
# Query: NC_011593.1:c2597106-2595574 Bifidobacterium longum subsp. infantis ATCC 15697, complete genome
# Database: db/blast_C0159-5F-1A_S45.faa
# Fields: query acc.ver, subject acc.ver, % identity, alignment length, mismatches, gap opens, q. start, q. end, s. start, s. end, evalue, bit score
# 22 hits found
NC_011593.1:c2597106-2595574	NB551033:88:H5VWJBGX7:3:13510:20879:10227#0/2	95.238	126	6	0	1	126	126	1	5.08e-49	200
NC_011593.1:c2597106-2595574	NB551033:88:H5VWJBGX7:2:22203:13415:14858#0/2	95.935	123	5	0	1	123	20	142	5.08e-49	200
NC_011593.1:c2597106-2595574	NB551033:88:H5VWJBGX7:1:13306:5788:15611#0/2	95.726	117	5	0	214	330	14	130	1.10e-45	189
NC_011593.1:c2597106-2595574	NB551033:88:H5VWJBGX7:4:11402:23358:13520#0/1	95.000	120	6	0	214	333	151	32	1.10e-45	189
NC_011593.1:c2597106-2595574	NB551033:88:H5VWJBGX7:1:13306:5788:15611#0/1	95.000	120	6	0	214	333	123	4	1.10e-45	189
NC_011593.1:c2597106-2595574	NB551033:88:H5VWJBGX7:1:22212:7256:8310#0/2	95.536	112	5	0	214	325	7	118	6.62e-43	180
NC_011593.1:c2597106-2595574	NB551033:88:H5VWJBGX7:1:22212:7256:8310#0/1	95.413	109	5	0	218	326	109	1	3.08e-41	174
NC_011593.1:c2597106-2595574	NB551033:88:H5VWJBGX7:3:21401:18327:19856#0/2	95.327	107	5	0	1	107	107	1	3.98e-40	171
NC_011593.1:c2597106-2595574	NB551033:88:H5VWJBGX7:2:13307:24176:2591#0/2	95.283	106	5	0	1	106	45	150	1.43e-39	169
NC_011593.1:c2597106-2595574	NB551033:88:H5VWJBGX7:3:21401:18327:19856#0/1	95.146	103	5	0	1	103	47	149	6.67e-38	163
NC_011593.1:c2597106-2595574	NB551033:88:H5VWJBGX7:3:13510:20879:10227#0/1	98.765	81	1	0	1	81	63	143	2.42e-32	145
NC_011593.1:c2597106-2595574	NB551033:88:H5VWJBGX7:4:23510:7958:13616#0/2	100.000	73	0	0	1	73	77	149	1.45e-29	135
NC_011593.1:c2597106-2595574	NB551033:88:H5VWJBGX7:3:13607:22427:17822#0/2	100.000	68	0	0	1	68	68	1	8.75e-27	126
NC_011593.1:c2597106-2595574	NB551033:88:H5VWJBGX7:2:13208:8228:2240#0/2	95.714	70	3	0	761	830	1	70	6.81e-23	113
NC_011593.1:c2597106-2595574	NB551033:88:H5VWJBGX7:1:12112:22713:3629#0/2	95.714	70	3	0	761	830	1	70	6.81e-23	113
NC_011593.1:c2597106-2595574	NB551033:88:H5VWJBGX7:2:13208:8228:2240#0/1	95.714	70	3	0	767	836	70	1	6.81e-23	113
NC_011593.1:c2597106-2595574	NB551033:88:H5VWJBGX7:1:12112:22713:3629#0/1	95.714	70	3	0	767	836	70	1	6.81e-23	113
NC_011593.1:c2597106-2595574	NB551033:88:H5VWJBGX7:3:23410:17294:13090#0/2	100.000	60	0	0	1	60	60	1	2.45e-22	111
NC_011593.1:c2597106-2595574	NB551033:88:H5VWJBGX7:4:23407:5327:9070#0/2	100.000	55	0	0	1	55	55	1	1.47e-19	102
NC_011593.1:c2597106-2595574	NB551033:88:H5VWJBGX7:2:13310:18301:7939#0/2	98.246	57	1	0	1414	1470	82	26	5.30e-19	100
NC_011593.1:c2597106-2595574	NB551033:88:H5VWJBGX7:2:13310:18301:7939#0/1	98.246	57	1	0	1414	1470	1	57	5.30e-19	100
NC_011593.1:c2597106-2595574	NB551033:88:H5VWJBGX7:1:13211:22818:6918#0/1	100.000	30	0	0	1441	1470	151	122	1.16e-05	56.5
# BLASTN 2.9.0+
# Query: NC_011593.1:c2598562-2597207 Bifidobacterium longum subsp. infantis ATCC 15697, complete genome
# Database: db/blast_C0159-5F-1A_S45.faa
# Fields: query acc.ver, subject acc.ver, % identity, alignment length, mismatches, gap opens, q. start, q. end, s. start, s. end, evalue, bit score
# 50 hits found
NC_011593.1:c2598562-2597207	NB551033:88:H5VWJBGX7:3:12611:24889:12039#0/2	100.000	151	0	0	1085	1235	1	151	5.60e-73	279
NC_011593.1:c2598562-2597207	NB551033:88:H5VWJBGX7:2:21104:20158:18340#0/2	100.000	151	0	0	1085	1235	1	151	5.60e-73	279
NC_011593.1:c2598562-2597207	NB551033:88:H5VWJBGX7:2:13204:24109:4777#0/2	100.000	151	0	0	566	716	1	151	5.60e-73	279
NC_011593.1:c2598562-2597207	NB551033:88:H5VWJBGX7:1:13201:2312:13619#0/2	100.000	151	0	0	885	1035	1	151	5.60e-73	279
NC_011593.1:c2598562-2597207	NB551033:88:H5VWJBGX7:4:21609:26350:8001#0/1	100.000	151	0	0	451	601	1	151	5.60e-73	279
NC_011593.1:c2598562-2597207	NB551033:88:H5VWJBGX7:4:12604:15470:14495#0/1	100.000	151	0	0	289	439	1	151	5.60e-73	279
NC_011593.1:c2598562-2597207	NB551033:88:H5VWJBGX7:2:23204:16118:13041#0/1	100.000	151	0	0	289	439	1	151	5.60e-73	279
NC_011593.1:c2598562-2597207	NB551033:88:H5VWJBGX7:1:13201:2312:13619#0/1	100.000	151	0	0	938	1088	151	1	5.60e-73	279
NC_011593.1:c2598562-2597207	NB551033:88:H5VWJBGX7:4:23409:15536:20149#0/2	100.000	150	0	0	1053	1202	150	1	2.01e-72	278
NC_011593.1:c2598562-2597207	NB551033:88:H5VWJBGX7:4:12604:15470:14495#0/2	100.000	150	0	0	729	878	150	1	2.01e-72	278
NC_011593.1:c2598562-2597207	NB551033:88:H5VWJBGX7:3:13609:4176:3970#0/2	100.000	150	0	0	210	359	1	150	2.01e-72	278
NC_011593.1:c2598562-2597207	NB551033:88:H5VWJBGX7:3:12607:15086:3426#0/2	100.000	150	0	0	372	521	1	150	2.01e-72	278
NC_011593.1:c2598562-2597207	NB551033:88:H5VWJBGX7:2:23204:16118:13041#0/2	100.000	150	0	0	729	878	150	1	2.01e-72	278
NC_011593.1:c2598562-2597207	NB551033:88:H5VWJBGX7:2:13301:2048:14834#0/2	100.000	150	0	0	907	1056	1	150	2.01e-72	278
NC_011593.1:c2598562-2597207	NB551033:88:H5VWJBGX7:1:21210:4430:7020#0/2	100.000	150	0	0	148	297	150	1	2.01e-72	278
NC_011593.1:c2598562-2597207	NB551033:88:H5VWJBGX7:1:21204:11976:9941#0/2	100.000	150	0	0	876	1025	1	150	2.01e-72	278
NC_011593.1:c2598562-2597207	NB551033:88:H5VWJBGX7:3:23610:6668:11308#0/1	100.000	150	0	0	610	759	1	150	2.01e-72	278
NC_011593.1:c2598562-2597207	NB551033:88:H5VWJBGX7:3:22409:1185:3945#0/1	100.000	150	0	0	753	902	150	1	2.01e-72	278
NC_011593.1:c2598562-2597207	NB551033:88:H5VWJBGX7:3:22408:26604:3933#0/1	100.000	150	0	0	753	902	150	1	2.01e-72	278
NC_011593.1:c2598562-2597207	NB551033:88:H5VWJBGX7:3:13609:4176:3970#0/1	100.000	150	0	0	291	440	150	1	2.01e-72	278
NC_011593.1:c2598562-2597207	NB551033:88:H5VWJBGX7:3:12607:15086:3426#0/1	100.000	150	0	0	627	776	150	1	2.01e-72	278
NC_011593.1:c2598562-2597207	NB551033:88:H5VWJBGX7:2:13204:24109:4777#0/1	100.000	150	0	0	654	803	150	1	2.01e-72	278
NC_011593.1:c2598562-2597207	NB551033:88:H5VWJBGX7:3:23610:6668:11308#0/2	100.000	149	0	0	820	968	149	1	7.24e-72	276
NC_011593.1:c2598562-2597207	NB551033:88:H5VWJBGX7:4:13606:14517:17999#0/1	100.000	149	0	0	138	286	149	1	7.24e-72	276
NC_011593.1:c2598562-2597207	NB551033:88:H5VWJBGX7:1:12202:9316:18605#0/1	100.000	149	0	0	312	460	149	1	7.24e-72	276
NC_011593.1:c2598562-2597207	NB551033:88:H5VWJBGX7:4:13606:14517:17999#0/2	100.000	147	0	0	138	284	4	150	9.37e-71	272
NC_011593.1:c2598562-2597207	NB551033:88:H5VWJBGX7:3:22409:1185:3945#0/2	99.333	150	1	0	598	747	1	150	9.37e-71	272
NC_011593.1:c2598562-2597207	NB551033:88:H5VWJBGX7:3:22408:26604:3933#0/2	99.333	150	1	0	598	747	1	150	9.37e-71	272
NC_011593.1:c2598562-2597207	NB551033:88:H5VWJBGX7:4:23409:15536:20149#0/1	98.667	150	2	0	768	917	1	150	4.36e-69	267
NC_011593.1:c2598562-2597207	NB551033:88:H5VWJBGX7:3:23507:20261:9847#0/2	98.658	149	2	0	149	297	149	1	1.57e-68	265
NC_011593.1:c2598562-2597207	NB551033:88:H5VWJBGX7:4:21609:26350:8001#0/2	100.000	135	0	0	474	608	135	1	4.39e-64	250
NC_011593.1:c2598562-2597207	NB551033:88:H5VWJBGX7:4:21411:13842:18866#0/2	100.000	130	0	0	669	798	130	1	2.64e-61	241
NC_011593.1:c2598562-2597207	NB551033:88:H5VWJBGX7:4:21411:13842:18866#0/1	100.000	130	0	0	669	798	1	130	2.64e-61	241
NC_011593.1:c2598562-2597207	NB551033:88:H5VWJBGX7:3:23501:4751:2380#0/2	100.000	126	0	0	742	867	1	126	4.42e-59	233
NC_011593.1:c2598562-2597207	NB551033:88:H5VWJBGX7:3:23501:4751:2380#0/1	100.000	126	0	0	742	867	126	1	4.42e-59	233
NC_011593.1:c2598562-2597207	NB551033:88:H5VWJBGX7:4:23508:14564:14549#0/2	100.000	125	0	0	1095	1219	125	1	1.59e-58	231
NC_011593.1:c2598562-2597207	NB551033:88:H5VWJBGX7:4:23508:14564:14549#0/1	100.000	125	0	0	1095	1219	1	125	1.59e-58	231
NC_011593.1:c2598562-2597207	NB551033:88:H5VWJBGX7:2:21307:26067:18504#0/2	100.000	124	0	0	600	723	1	124	5.72e-58	230
NC_011593.1:c2598562-2597207	NB551033:88:H5VWJBGX7:2:21307:26067:18504#0/1	100.000	124	0	0	600	723	124	1	5.72e-58	230
NC_011593.1:c2598562-2597207	NB551033:88:H5VWJBGX7:2:13301:2048:14834#0/1	100.000	121	0	0	1152	1272	149	29	2.66e-56	224
NC_011593.1:c2598562-2597207	NB551033:88:H5VWJBGX7:3:13611:2031:14928#0/2	99.074	108	1	0	138	245	108	1	2.09e-47	195
NC_011593.1:c2598562-2597207	NB551033:88:H5VWJBGX7:1:21204:11976:9941#0/1	100.000	101	0	0	1172	1272	150	50	3.49e-45	187
NC_011593.1:c2598562-2597207	NB551033:88:H5VWJBGX7:3:12611:24889:12039#0/1	100.000	88	0	0	1185	1272	150	63	5.88e-38	163
NC_011593.1:c2598562-2597207	NB551033:88:H5VWJBGX7:2:21104:20158:18340#0/1	100.000	88	0	0	1185	1272	150	63	5.88e-38	163
NC_011593.1:c2598562-2597207	NB551033:88:H5VWJBGX7:1:12202:9316:18605#0/2	100.000	61	0	0	138	198	90	150	6.01e-23	113
NC_011593.1:c2598562-2597207	NB551033:88:H5VWJBGX7:3:11403:4872:12770#0/1	100.000	43	0	0	138	180	43	1	6.09e-13	80.5
NC_011593.1:c2598562-2597207	NB551033:88:H5VWJBGX7:4:11401:16379:18648#0/2	100.000	36	0	0	1321	1356	1	36	4.74e-09	67.6
NC_011593.1:c2598562-2597207	NB551033:88:H5VWJBGX7:2:13308:13791:14601#0/2	100.000	33	0	0	1240	1272	103	71	2.21e-07	62.1
NC_011593.1:c2598562-2597207	NB551033:88:H5VWJBGX7:2:13308:13791:14601#0/1	100.000	33	0	0	1240	1272	1	33	2.21e-07	62.1
NC_011593.1:c2598562-2597207	NB551033:88:H5VWJBGX7:1:21208:10550:10247#0/1	100.000	29	0	0	138	166	29	1	3.69e-05	54.7
# BLASTN 2.9.0+
# Query: NC_011593.1:2598858-2601929 Bifidobacterium longum subsp. infantis ATCC 15697, complete genome
# Database: db/blast_C0159-5F-1A_S45.faa
# Fields: query acc.ver, subject acc.ver, % identity, alignment length, mismatches, gap opens, q. start, q. end, s. start, s. end, evalue, bit score
# 224 hits found
NC_011593.1:2598858-2601929	NB551033:88:H5VWJBGX7:2:12102:8680:16589#0/2	100.000	151	0	0	297	447	1	151	1.27e-72	279
NC_011593.1:2598858-2601929	NB551033:88:H5VWJBGX7:2:11110:3843:9904#0/2	100.000	151	0	0	1981	2131	1	151	1.27e-72	279
NC_011593.1:2598858-2601929	NB551033:88:H5VWJBGX7:3:21402:25368:5567#0/1	100.000	151	0	0	319	469	151	1	1.27e-72	279
NC_011593.1:2598858-2601929	NB551033:88:H5VWJBGX7:2:23306:3417:1456#0/1	100.000	151	0	0	176	326	151	1	1.27e-72	279
NC_011593.1:2598858-2601929	NB551033:88:H5VWJBGX7:1:22201:15334:11936#0/1	100.000	151	0	0	333	483	151	1	1.27e-72	279
NC_011593.1:2598858-2601929	NB551033:88:H5VWJBGX7:1:22110:5118:4852#0/1	100.000	151	0	0	1988	2138	1	151	1.27e-72	279
NC_011593.1:2598858-2601929	NB551033:88:H5VWJBGX7:1:21110:4086:14556#0/1	100.000	151	0	0	344	494	151	1	1.27e-72	279
NC_011593.1:2598858-2601929	NB551033:88:H5VWJBGX7:1:21106:8673:17069#0/1	100.000	151	0	0	2387	2537	151	1	1.27e-72	279
NC_011593.1:2598858-2601929	NB551033:88:H5VWJBGX7:1:11108:1448:14260#0/1	100.000	151	0	0	309	459	151	1	1.27e-72	279
NC_011593.1:2598858-2601929	NB551033:88:H5VWJBGX7:4:22609:16194:7328#0/2	100.000	150	0	0	1746	1895	1	150	4.57e-72	278
NC_011593.1:2598858-2601929	NB551033:88:H5VWJBGX7:4:13603:21807:5493#0/2	100.000	150	0	0	2396	2545	1	150	4.57e-72	278
NC_011593.1:2598858-2601929	NB551033:88:H5VWJBGX7:2:22203:17825:19851#0/2	100.000	150	0	0	1649	1798	1	150	4.57e-72	278
NC_011593.1:2598858-2601929	NB551033:88:H5VWJBGX7:2:11206:18253:5034#0/2	100.000	150	0	0	1965	2114	1	150	4.57e-72	278
NC_011593.1:2598858-2601929	NB551033:88:H5VWJBGX7:1:22201:15334:11936#0/2	100.000	150	0	0	260	409	1	150	4.57e-72	278
NC_011593.1:2598858-2601929	NB551033:88:H5VWJBGX7:1:21110:4086:14556#0/2	100.000	150	0	0	319	468	1	150	4.57e-72	278
NC_011593.1:2598858-2601929	NB551033:88:H5VWJBGX7:2:22304:10611:12718#0/1	100.000	150	0	0	1677	1826	1	150	4.57e-72	278
NC_011593.1:2598858-2601929	NB551033:88:H5VWJBGX7:2:11208:3504:18389#0/1	100.000	150	0	0	2203	2352	150	1	4.57e-72	278
NC_011593.1:2598858-2601929	NB551033:88:H5VWJBGX7:2:11110:3843:9904#0/1	100.000	150	0	0	2174	2323	150	1	4.57e-72	278
NC_011593.1:2598858-2601929	NB551033:88:H5VWJBGX7:3:21402:25368:5567#0/2	100.000	149	0	0	317	465	1	149	1.64e-71	276
NC_011593.1:2598858-2601929	NB551033:88:H5VWJBGX7:4:13502:19543:12231#0/2	99.338	151	1	0	2403	2553	151	1	5.91e-71	274
NC_011593.1:2598858-2601929	NB551033:88:H5VWJBGX7:4:13403:5030:19638#0/2	99.338	151	1	0	1044	1194	151	1	5.91e-71	274
NC_011593.1:2598858-2601929	NB551033:88:H5VWJBGX7:3:12411:16105:14750#0/2	99.338	151	1	0	1952	2102	1	151	5.91e-71	274
NC_011593.1:2598858-2601929	NB551033:88:H5VWJBGX7:2:22311:22419:4738#0/2	99.338	151	1	0	939	1089	151	1	5.91e-71	274
NC_011593.1:2598858-2601929	NB551033:88:H5VWJBGX7:1:23210:15943:4241#0/2	100.000	148	0	0	298	445	148	1	5.91e-71	274
NC_011593.1:2598858-2601929	NB551033:88:H5VWJBGX7:1:21310:16886:9577#0/2	99.338	151	1	0	1621	1771	1	151	5.91e-71	274
NC_011593.1:2598858-2601929	NB551033:88:H5VWJBGX7:1:21302:14220:14955#0/2	99.338	151	1	0	969	1119	1	151	5.91e-71	274
NC_011593.1:2598858-2601929	NB551033:88:H5VWJBGX7:4:23410:21139:7517#0/1	99.338	151	1	0	939	1089	151	1	5.91e-71	274
NC_011593.1:2598858-2601929	NB551033:88:H5VWJBGX7:4:11408:6301:13340#0/1	99.338	151	1	0	705	855	1	151	5.91e-71	274
NC_011593.1:2598858-2601929	NB551033:88:H5VWJBGX7:3:21609:2115:13765#0/1	99.338	151	1	0	690	840	1	151	5.91e-71	274
NC_011593.1:2598858-2601929	NB551033:88:H5VWJBGX7:3:12511:24315:14872#0/1	99.338	151	1	0	1721	1871	151	1	5.91e-71	274
NC_011593.1:2598858-2601929	NB551033:88:H5VWJBGX7:2:22311:22419:4738#0/1	99.338	151	1	0	921	1071	1	151	5.91e-71	274
NC_011593.1:2598858-2601929	NB551033:88:H5VWJBGX7:2:22203:17825:19851#0/1	100.000	148	0	0	1714	1861	148	1	5.91e-71	274
NC_011593.1:2598858-2601929	NB551033:88:H5VWJBGX7:2:22108:24870:5449#0/1	99.338	151	1	0	1693	1843	1	151	5.91e-71	274
NC_011593.1:2598858-2601929	NB551033:88:H5VWJBGX7:2:22106:20141:10060#0/1	99.338	151	1	0	356	506	1	151	5.91e-71	274
NC_011593.1:2598858-2601929	NB551033:88:H5VWJBGX7:1:23210:15943:4241#0/1	100.000	148	0	0	298	445	1	148	5.91e-71	274
NC_011593.1:2598858-2601929	NB551033:88:H5VWJBGX7:1:21310:16886:9577#0/1	99.338	151	1	0	1870	2020	151	1	5.91e-71	274
NC_011593.1:2598858-2601929	NB551033:88:H5VWJBGX7:4:22401:20815:4650#0/2	99.333	150	1	0	1623	1772	1	150	2.13e-70	272
NC_011593.1:2598858-2601929	NB551033:88:H5VWJBGX7:4:13605:2580:13532#0/2	99.333	150	1	0	150	299	1	150	2.13e-70	272
NC_011593.1:2598858-2601929	NB551033:88:H5VWJBGX7:2:22307:22791:2931#0/2	99.333	150	1	0	685	834	150	1	2.13e-70	272
NC_011593.1:2598858-2601929	NB551033:88:H5VWJBGX7:2:21201:15114:19783#0/2	99.333	150	1	0	1045	1194	150	1	2.13e-70	272
NC_011593.1:2598858-2601929	NB551033:88:H5VWJBGX7:2:13306:2265:7487#0/2	99.333	150	1	0	1981	2130	1	150	2.13e-70	272
NC_011593.1:2598858-2601929	NB551033:88:H5VWJBGX7:1:12103:17614:7189#0/2	99.333	150	1	0	376	525	1	150	2.13e-70	272
NC_011593.1:2598858-2601929	NB551033:88:H5VWJBGX7:1:11102:2916:13507#0/2	99.333	150	1	0	159	308	150	1	2.13e-70	272
NC_011593.1:2598858-2601929	NB551033:88:H5VWJBGX7:4:22609:16194:7328#0/1	99.333	150	1	0	1912	2061	150	1	2.13e-70	272
NC_011593.1:2598858-2601929	NB551033:88:H5VWJBGX7:4:22401:20815:4650#0/1	99.333	150	1	0	1871	2020	150	1	2.13e-70	272
NC_011593.1:2598858-2601929	NB551033:88:H5VWJBGX7:3:23503:6063:15452#0/1	99.333	150	1	0	237	386	1	150	2.13e-70	272
NC_011593.1:2598858-2601929	NB551033:88:H5VWJBGX7:3:11511:5532:9049#0/1	99.333	150	1	0	1176	1325	1	150	2.13e-70	272
NC_011593.1:2598858-2601929	NB551033:88:H5VWJBGX7:2:22307:22791:2931#0/1	99.333	150	1	0	351	500	1	150	2.13e-70	272
NC_011593.1:2598858-2601929	NB551033:88:H5VWJBGX7:2:13306:2265:7487#0/1	99.333	150	1	0	2170	2319	150	1	2.13e-70	272
NC_011593.1:2598858-2601929	NB551033:88:H5VWJBGX7:1:11305:3247:5001#0/2	99.329	149	1	0	1306	1454	2	150	7.65e-70	270
NC_011593.1:2598858-2601929	NB551033:88:H5VWJBGX7:1:11108:1448:14260#0/2	99.329	149	1	0	137	285	1	149	7.65e-70	270
NC_011593.1:2598858-2601929	NB551033:88:H5VWJBGX7:3:23407:16563:10552#0/1	99.329	149	1	0	1568	1716	149	1	7.65e-70	270
NC_011593.1:2598858-2601929	NB551033:88:H5VWJBGX7:1:21302:14220:14955#0/1	99.329	149	1	0	1036	1184	149	1	7.65e-70	270
NC_011593.1:2598858-2601929	NB551033:88:H5VWJBGX7:4:23407:11523:5669#0/2	98.675	151	2	0	618	768	151	1	2.75e-69	268
NC_011593.1:2598858-2601929	NB551033:88:H5VWJBGX7:4:13404:18076:3281#0/2	98.675	151	2	0	1044	1194	151	1	2.75e-69	268
NC_011593.1:2598858-2601929	NB551033:88:H5VWJBGX7:4:12407:4548:16470#0/2	98.675	151	2	0	152	302	151	1	2.75e-69	268
NC_011593.1:2598858-2601929	NB551033:88:H5VWJBGX7:4:11607:19921:11277#0/2	98.675	151	2	0	2491	2641	151	1	2.75e-69	268
NC_011593.1:2598858-2601929	NB551033:88:H5VWJBGX7:4:11408:6301:13340#0/2	98.675	151	2	0	738	888	151	1	2.75e-69	268
NC_011593.1:2598858-2601929	NB551033:88:H5VWJBGX7:3:23503:6063:15452#0/2	98.675	151	2	0	395	545	151	1	2.75e-69	268
NC_011593.1:2598858-2601929	NB551033:88:H5VWJBGX7:3:11511:5532:9049#0/2	99.324	148	1	0	1320	1467	148	1	2.75e-69	268
NC_011593.1:2598858-2601929	NB551033:88:H5VWJBGX7:2:23306:3417:1456#0/2	98.675	151	2	0	58	208	1	151	2.75e-69	268
NC_011593.1:2598858-2601929	NB551033:88:H5VWJBGX7:1:13108:3834:7707#0/2	98.675	151	2	0	2529	2679	1	151	2.75e-69	268
NC_011593.1:2598858-2601929	NB551033:88:H5VWJBGX7:1:12312:6879:4747#0/2	98.675	151	2	0	674	824	151	1	2.75e-69	268
NC_011593.1:2598858-2601929	NB551033:88:H5VWJBGX7:4:23402:4768:11278#0/1	99.324	148	1	0	1	148	3	150	2.75e-69	268
NC_011593.1:2598858-2601929	NB551033:88:H5VWJBGX7:4:21605:21293:17426#0/1	98.675	151	2	0	2870	3020	1	151	2.75e-69	268
NC_011593.1:2598858-2601929	NB551033:88:H5VWJBGX7:4:13603:21807:5493#0/1	98.675	151	2	0	2571	2721	151	1	2.75e-69	268
NC_011593.1:2598858-2601929	NB551033:88:H5VWJBGX7:4:12407:4548:16470#0/1	98.675	151	2	0	126	276	1	151	2.75e-69	268
NC_011593.1:2598858-2601929	NB551033:88:H5VWJBGX7:3:21407:25299:13267#0/1	98.675	151	2	0	1276	1426	1	151	2.75e-69	268
NC_011593.1:2598858-2601929	NB551033:88:H5VWJBGX7:2:21102:24494:16097#0/1	98.675	151	2	0	2755	2905	1	151	2.75e-69	268
NC_011593.1:2598858-2601929	NB551033:88:H5VWJBGX7:1:23101:11046:14246#0/1	98.675	151	2	0	1293	1443	151	1	2.75e-69	268
NC_011593.1:2598858-2601929	NB551033:88:H5VWJBGX7:1:21210:23096:19974#0/1	98.675	151	2	0	2542	2692	151	1	2.75e-69	268
NC_011593.1:2598858-2601929	NB551033:88:H5VWJBGX7:1:11102:2916:13507#0/1	98.675	151	2	0	99	249	1	151	2.75e-69	268
NC_011593.1:2598858-2601929	NB551033:88:H5VWJBGX7:4:23612:8753:15226#0/2	98.667	150	2	0	619	768	150	1	9.90e-69	267
NC_011593.1:2598858-2601929	NB551033:88:H5VWJBGX7:4:23402:4768:11278#0/2	98.667	150	2	0	37	186	150	1	9.90e-69	267
NC_011593.1:2598858-2601929	NB551033:88:H5VWJBGX7:4:22605:14539:1867#0/2	98.667	150	2	0	928	1077	150	1	9.90e-69	267
NC_011593.1:2598858-2601929	NB551033:88:H5VWJBGX7:4:21610:23326:7609#0/2	98.667	150	2	0	2778	2927	1	150	9.90e-69	267
NC_011593.1:2598858-2601929	NB551033:88:H5VWJBGX7:4:21512:24473:6266#0/2	98.667	150	2	0	107	256	150	1	9.90e-69	267
NC_011593.1:2598858-2601929	NB551033:88:H5VWJBGX7:4:21411:25341:11931#0/2	98.667	150	2	0	1344	1493	1	150	9.90e-69	267
NC_011593.1:2598858-2601929	NB551033:88:H5VWJBGX7:3:21407:25299:13267#0/2	98.667	150	2	0	1480	1629	150	1	9.90e-69	267
NC_011593.1:2598858-2601929	NB551033:88:H5VWJBGX7:3:12512:1645:15364#0/2	98.667	150	2	0	2497	2646	150	1	9.90e-69	267
NC_011593.1:2598858-2601929	NB551033:88:H5VWJBGX7:2:11208:3504:18389#0/2	98.667	150	2	0	2132	2281	1	150	9.90e-69	267
NC_011593.1:2598858-2601929	NB551033:88:H5VWJBGX7:1:21106:8673:17069#0/2	98.667	150	2	0	2295	2444	1	150	9.90e-69	267
NC_011593.1:2598858-2601929	NB551033:88:H5VWJBGX7:4:21609:5891:9539#0/1	99.320	147	1	0	1	147	5	151	9.90e-69	267
NC_011593.1:2598858-2601929	NB551033:88:H5VWJBGX7:4:12411:21083:19693#0/1	98.667	150	2	0	1369	1518	1	150	9.90e-69	267
NC_011593.1:2598858-2601929	NB551033:88:H5VWJBGX7:4:11607:19921:11277#0/1	98.667	150	2	0	2106	2255	1	150	9.90e-69	267
NC_011593.1:2598858-2601929	NB551033:88:H5VWJBGX7:3:12411:16105:14750#0/1	98.667	150	2	0	2293	2442	150	1	9.90e-69	267
NC_011593.1:2598858-2601929	NB551033:88:H5VWJBGX7:2:11206:18253:5034#0/1	98.667	150	2	0	2293	2442	150	1	9.90e-69	267
NC_011593.1:2598858-2601929	NB551033:88:H5VWJBGX7:1:23207:19580:9548#0/1	98.667	150	2	0	658	807	150	1	9.90e-69	267
NC_011593.1:2598858-2601929	NB551033:88:H5VWJBGX7:1:23104:8637:18628#0/1	98.667	150	2	0	2203	2352	1	150	9.90e-69	267
NC_011593.1:2598858-2601929	NB551033:88:H5VWJBGX7:1:21206:11840:9487#0/1	98.667	150	2	0	145	294	150	1	9.90e-69	267
NC_011593.1:2598858-2601929	NB551033:88:H5VWJBGX7:4:22606:20989:16152#0/2	98.658	149	2	0	2484	2632	149	1	3.56e-68	265
NC_011593.1:2598858-2601929	NB551033:88:H5VWJBGX7:4:11610:5486:13696#0/2	98.658	149	2	0	2785	2933	149	1	3.56e-68	265
NC_011593.1:2598858-2601929	NB551033:88:H5VWJBGX7:4:22606:20989:16152#0/1	98.658	149	2	0	2484	2632	1	149	3.56e-68	265
NC_011593.1:2598858-2601929	NB551033:88:H5VWJBGX7:4:21411:25341:11931#0/1	98.658	149	2	0	1537	1685	149	1	3.56e-68	265
NC_011593.1:2598858-2601929	NB551033:88:H5VWJBGX7:3:12607:6379:5849#0/1	98.658	149	2	0	2770	2918	149	1	3.56e-68	265
NC_011593.1:2598858-2601929	NB551033:88:H5VWJBGX7:3:13602:3863:15697#0/2	98.013	151	3	0	2343	2493	1	151	1.28e-67	263
NC_011593.1:2598858-2601929	NB551033:88:H5VWJBGX7:2:22304:10611:12718#0/2	98.013	151	3	0	2069	2219	151	1	1.28e-67	263
NC_011593.1:2598858-2601929	NB551033:88:H5VWJBGX7:1:23207:19580:9548#0/2	98.649	148	2	0	565	712	3	150	1.28e-67	263
NC_011593.1:2598858-2601929	NB551033:88:H5VWJBGX7:1:22303:5370:8200#0/2	98.013	151	3	0	1126	1276	1	151	1.28e-67	263
NC_011593.1:2598858-2601929	NB551033:88:H5VWJBGX7:1:21210:23096:19974#0/2	98.649	148	2	0	2295	2442	1	148	1.28e-67	263
NC_011593.1:2598858-2601929	NB551033:88:H5VWJBGX7:1:11111:5197:10537#0/2	98.013	151	3	0	2336	2486	151	1	1.28e-67	263
NC_011593.1:2598858-2601929	NB551033:88:H5VWJBGX7:4:13502:19543:12231#0/1	98.013	151	3	0	2263	2413	1	151	1.28e-67	263
NC_011593.1:2598858-2601929	NB551033:88:H5VWJBGX7:3:13411:23886:9261#0/1	98.013	151	3	0	1197	1347	151	1	1.28e-67	263
NC_011593.1:2598858-2601929	NB551033:88:H5VWJBGX7:1:22303:5370:8200#0/1	98.013	151	3	0	1134	1284	151	1	1.28e-67	263
NC_011593.1:2598858-2601929	NB551033:88:H5VWJBGX7:1:12203:15749:3738#0/1	98.013	151	3	0	1515	1665	151	1	1.28e-67	263
NC_011593.1:2598858-2601929	NB551033:88:H5VWJBGX7:4:12411:21083:19693#0/2	98.000	150	3	0	1421	1570	150	1	4.60e-67	261
NC_011593.1:2598858-2601929	NB551033:88:H5VWJBGX7:3:21609:2115:13765#0/2	98.000	150	3	0	734	883	150	1	4.60e-67	261
NC_011593.1:2598858-2601929	NB551033:88:H5VWJBGX7:3:13411:23886:9261#0/2	98.000	150	3	0	1099	1248	1	150	4.60e-67	261
NC_011593.1:2598858-2601929	NB551033:88:H5VWJBGX7:2:11207:18459:8920#0/2	98.000	150	3	0	41	190	150	1	4.60e-67	261
NC_011593.1:2598858-2601929	NB551033:88:H5VWJBGX7:4:23612:8753:15226#0/1	98.000	150	3	0	555	704	1	150	4.60e-67	261
NC_011593.1:2598858-2601929	NB551033:88:H5VWJBGX7:4:11610:5486:13696#0/1	98.000	150	3	0	2682	2831	1	150	4.60e-67	261
NC_011593.1:2598858-2601929	NB551033:88:H5VWJBGX7:2:12102:8680:16589#0/1	98.639	147	2	0	404	550	150	4	4.60e-67	261
NC_011593.1:2598858-2601929	NB551033:88:H5VWJBGX7:1:21302:17826:9703#0/1	98.000	150	3	0	2091	2240	1	150	4.60e-67	261
NC_011593.1:2598858-2601929	NB551033:88:H5VWJBGX7:1:13105:3508:19060#0/1	98.000	150	3	0	2539	2688	1	150	4.60e-67	261
NC_011593.1:2598858-2601929	NB551033:88:H5VWJBGX7:1:11111:5197:10537#0/1	98.000	150	3	0	2333	2482	1	150	4.60e-67	261
NC_011593.1:2598858-2601929	NB551033:88:H5VWJBGX7:2:12212:13522:17768#0/2	97.351	151	4	0	2561	2711	151	1	5.96e-66	257
NC_011593.1:2598858-2601929	NB551033:88:H5VWJBGX7:1:23101:11046:14246#0/2	97.351	151	4	0	880	1030	1	151	5.96e-66	257
NC_011593.1:2598858-2601929	NB551033:88:H5VWJBGX7:1:21302:17826:9703#0/2	97.351	151	4	0	2347	2497	151	1	5.96e-66	257
NC_011593.1:2598858-2601929	NB551033:88:H5VWJBGX7:1:12203:15749:3738#0/2	97.973	148	3	0	1437	1584	1	148	5.96e-66	257
NC_011593.1:2598858-2601929	NB551033:88:H5VWJBGX7:4:22605:14539:1867#0/1	97.351	151	4	0	877	1027	1	151	5.96e-66	257
NC_011593.1:2598858-2601929	NB551033:88:H5VWJBGX7:3:13602:3863:15697#0/1	97.351	151	4	0	2636	2786	151	1	5.96e-66	257
NC_011593.1:2598858-2601929	NB551033:88:H5VWJBGX7:3:12512:1645:15364#0/1	97.351	151	4	0	2263	2413	1	151	5.96e-66	257
NC_011593.1:2598858-2601929	NB551033:88:H5VWJBGX7:2:11102:18423:16308#0/1	97.351	151	4	0	1190	1340	1	151	5.96e-66	257
NC_011593.1:2598858-2601929	NB551033:88:H5VWJBGX7:1:13108:3834:7707#0/1	97.351	151	4	0	2707	2857	151	1	5.96e-66	257
NC_011593.1:2598858-2601929	NB551033:88:H5VWJBGX7:2:12208:17867:11632#0/1	97.333	150	4	0	876	1025	150	1	2.14e-65	255
NC_011593.1:2598858-2601929	NB551033:88:H5VWJBGX7:1:11305:3247:5001#0/1	97.959	147	3	0	1480	1626	147	1	2.14e-65	255
NC_011593.1:2598858-2601929	NB551033:88:H5VWJBGX7:3:12607:6379:5849#0/2	97.315	149	4	0	2606	2754	1	149	7.71e-65	254
NC_011593.1:2598858-2601929	NB551033:88:H5VWJBGX7:3:22606:5761:16675#0/1	97.945	146	3	0	553	698	146	1	7.71e-65	254
NC_011593.1:2598858-2601929	NB551033:88:H5VWJBGX7:2:22106:20141:10060#0/2	96.689	151	5	0	448	598	151	1	2.77e-64	252
NC_011593.1:2598858-2601929	NB551033:88:H5VWJBGX7:2:12208:17867:11632#0/2	96.689	151	5	0	826	976	1	151	2.77e-64	252
NC_011593.1:2598858-2601929	NB551033:88:H5VWJBGX7:1:23104:8637:18628#0/2	96.689	151	5	0	2266	2416	151	1	2.77e-64	252
NC_011593.1:2598858-2601929	NB551033:88:H5VWJBGX7:1:22210:24773:3685#0/2	96.689	151	5	0	2124	2274	1	151	2.77e-64	252
NC_011593.1:2598858-2601929	NB551033:88:H5VWJBGX7:4:13404:18076:3281#0/1	96.689	151	5	0	818	968	1	151	2.77e-64	252
NC_011593.1:2598858-2601929	NB551033:88:H5VWJBGX7:4:13403:5030:19638#0/1	96.689	151	5	0	818	968	1	151	2.77e-64	252
NC_011593.1:2598858-2601929	NB551033:88:H5VWJBGX7:2:21201:15114:19783#0/1	96.689	151	5	0	818	968	1	151	2.77e-64	252
NC_011593.1:2598858-2601929	NB551033:88:H5VWJBGX7:1:12312:6879:4747#0/1	96.689	151	5	0	546	696	1	151	2.77e-64	252
NC_011593.1:2598858-2601929	NB551033:88:H5VWJBGX7:4:23410:21139:7517#0/2	96.667	150	5	0	852	1001	1	150	9.97e-64	250
NC_011593.1:2598858-2601929	NB551033:88:H5VWJBGX7:3:22606:5761:16675#0/2	96.667	150	5	0	419	568	1	150	9.97e-64	250
NC_011593.1:2598858-2601929	NB551033:88:H5VWJBGX7:3:11603:14222:5949#0/2	99.275	138	1	0	1812	1949	1	138	9.97e-64	250
NC_011593.1:2598858-2601929	NB551033:88:H5VWJBGX7:2:23110:14459:17611#0/2	96.667	150	5	0	828	977	1	150	9.97e-64	250
NC_011593.1:2598858-2601929	NB551033:88:H5VWJBGX7:2:11102:18423:16308#0/2	99.275	138	1	0	1658	1795	138	1	9.97e-64	250
NC_011593.1:2598858-2601929	NB551033:88:H5VWJBGX7:1:13105:3508:19060#0/2	97.917	144	3	0	2929	3072	151	8	9.97e-64	250
NC_011593.1:2598858-2601929	NB551033:88:H5VWJBGX7:3:11603:14222:5949#0/1	99.275	138	1	0	1812	1949	138	1	9.97e-64	250
NC_011593.1:2598858-2601929	NB551033:88:H5VWJBGX7:2:23110:14459:17611#0/1	97.279	147	4	0	866	1012	147	1	9.97e-64	250
NC_011593.1:2598858-2601929	NB551033:88:H5VWJBGX7:2:11201:18882:1171#0/1	96.667	150	5	0	2121	2270	151	2	9.97e-64	250
NC_011593.1:2598858-2601929	NB551033:88:H5VWJBGX7:1:22210:24773:3685#0/1	97.917	144	3	0	2161	2304	144	1	9.97e-64	250
NC_011593.1:2598858-2601929	NB551033:88:H5VWJBGX7:1:12103:17614:7189#0/1	96.667	150	5	0	434	583	150	1	9.97e-64	250
NC_011593.1:2598858-2601929	NB551033:88:H5VWJBGX7:4:23407:11523:5669#0/1	96.644	149	5	0	451	599	1	149	3.59e-63	248
NC_011593.1:2598858-2601929	NB551033:88:H5VWJBGX7:3:21609:2274:14241#0/1	98.571	140	2	0	651	790	1	140	3.59e-63	248
NC_011593.1:2598858-2601929	NB551033:88:H5VWJBGX7:3:12511:24315:14872#0/2	96.622	148	5	0	1437	1584	1	148	1.29e-62	246
NC_011593.1:2598858-2601929	NB551033:88:H5VWJBGX7:2:11201:18882:1171#0/2	96.000	150	6	0	2063	2212	1	150	4.64e-62	244
NC_011593.1:2598858-2601929	NB551033:88:H5VWJBGX7:1:11209:7393:3820#0/1	97.857	140	3	0	2517	2656	140	1	1.67e-61	243
NC_011593.1:2598858-2601929	NB551033:88:H5VWJBGX7:4:11508:6888:16519#0/2	98.529	136	2	0	2783	2918	1	136	6.00e-61	241
NC_011593.1:2598858-2601929	NB551033:88:H5VWJBGX7:2:22108:24870:5449#0/2	97.842	139	3	0	2166	2304	139	1	6.00e-61	241
NC_011593.1:2598858-2601929	NB551033:88:H5VWJBGX7:2:21306:26190:10768#0/2	100.000	130	0	0	190	319	1	130	6.00e-61	241
NC_011593.1:2598858-2601929	NB551033:88:H5VWJBGX7:4:11508:6888:16519#0/1	98.529	136	2	0	2783	2918	136	1	6.00e-61	241
NC_011593.1:2598858-2601929	NB551033:88:H5VWJBGX7:2:21306:26190:10768#0/1	100.000	130	0	0	190	319	130	1	6.00e-61	241
NC_011593.1:2598858-2601929	NB551033:88:H5VWJBGX7:3:12403:26059:7278#0/2	99.237	131	1	0	2748	2878	1	131	7.76e-60	237
NC_011593.1:2598858-2601929	NB551033:88:H5VWJBGX7:3:12403:26059:7278#0/1	99.237	131	1	0	2748	2878	131	1	7.76e-60	237
NC_011593.1:2598858-2601929	NB551033:88:H5VWJBGX7:4:13501:17406:3569#0/2	100.000	126	0	0	1766	1891	1	126	1.00e-58	233
NC_011593.1:2598858-2601929	NB551033:88:H5VWJBGX7:4:13501:17406:3569#0/1	100.000	126	0	0	1766	1891	126	1	1.00e-58	233
NC_011593.1:2598858-2601929	NB551033:88:H5VWJBGX7:2:23110:20822:15209#0/2	99.200	125	1	0	1836	1960	1	125	1.68e-56	226
NC_011593.1:2598858-2601929	NB551033:88:H5VWJBGX7:2:13201:9555:3743#0/2	99.200	125	1	0	649	773	1	125	1.68e-56	226
NC_011593.1:2598858-2601929	NB551033:88:H5VWJBGX7:2:11203:17633:12707#0/2	99.200	125	1	0	976	1100	125	1	1.68e-56	226
NC_011593.1:2598858-2601929	NB551033:88:H5VWJBGX7:3:13607:22427:17822#0/1	99.200	125	1	0	1	125	125	1	1.68e-56	226
NC_011593.1:2598858-2601929	NB551033:88:H5VWJBGX7:2:23110:20822:15209#0/1	99.200	125	1	0	1836	1960	125	1	1.68e-56	226
NC_011593.1:2598858-2601929	NB551033:88:H5VWJBGX7:2:13201:9555:3743#0/1	99.200	125	1	0	649	773	125	1	1.68e-56	226
NC_011593.1:2598858-2601929	NB551033:88:H5VWJBGX7:2:11203:17633:12707#0/1	99.200	125	1	0	976	1100	1	125	1.68e-56	226
NC_011593.1:2598858-2601929	NB551033:88:H5VWJBGX7:1:13104:6688:13752#0/1	99.200	125	1	0	1	125	125	1	1.68e-56	226
NC_011593.1:2598858-2601929	NB551033:88:H5VWJBGX7:3:21406:15692:14293#0/2	97.674	129	3	0	2944	3072	1	129	2.17e-55	222
NC_011593.1:2598858-2601929	NB551033:88:H5VWJBGX7:3:23608:6872:1152#0/2	100.000	119	0	0	1558	1676	119	1	7.82e-55	220
NC_011593.1:2598858-2601929	NB551033:88:H5VWJBGX7:3:23608:6872:1152#0/1	100.000	119	0	0	1558	1676	3	121	7.82e-55	220
NC_011593.1:2598858-2601929	NB551033:88:H5VWJBGX7:3:13407:14944:9309#0/2	98.333	120	2	0	2877	2996	1	120	4.70e-52	211
NC_011593.1:2598858-2601929	NB551033:88:H5VWJBGX7:3:13407:14944:9309#0/1	98.333	120	2	0	2877	2996	120	1	4.70e-52	211
NC_011593.1:2598858-2601929	NB551033:88:H5VWJBGX7:2:21102:24494:16097#0/2	97.541	122	3	0	2951	3072	150	29	1.69e-51	209
NC_011593.1:2598858-2601929	NB551033:88:H5VWJBGX7:3:21609:2274:14241#0/2	100.000	112	0	0	1180	1291	112	1	6.08e-51	207
NC_011593.1:2598858-2601929	NB551033:88:H5VWJBGX7:4:23407:14581:11691#0/2	100.000	111	0	0	1640	1750	1	111	2.19e-50	206
NC_011593.1:2598858-2601929	NB551033:88:H5VWJBGX7:4:23407:14581:11691#0/1	100.000	111	0	0	1640	1750	111	1	2.19e-50	206
NC_011593.1:2598858-2601929	NB551033:88:H5VWJBGX7:1:12305:16470:19177#0/2	100.000	110	0	0	368	477	110	1	7.87e-50	204
NC_011593.1:2598858-2601929	NB551033:88:H5VWJBGX7:1:12305:16470:19177#0/1	100.000	110	0	0	368	477	1	110	7.87e-50	204
NC_011593.1:2598858-2601929	NB551033:88:H5VWJBGX7:1:13103:14728:9920#0/2	98.261	115	2	0	1386	1500	115	1	2.83e-49	202
NC_011593.1:2598858-2601929	NB551033:88:H5VWJBGX7:1:13103:14728:9920#0/1	98.261	115	2	0	1386	1500	1	115	2.83e-49	202
NC_011593.1:2598858-2601929	NB551033:88:H5VWJBGX7:4:21605:21293:17426#0/2	97.436	117	3	0	2956	3072	151	35	1.02e-48	200
NC_011593.1:2598858-2601929	NB551033:88:H5VWJBGX7:2:12108:4083:11148#0/2	98.246	114	2	0	1162	1275	114	1	1.02e-48	200
NC_011593.1:2598858-2601929	NB551033:88:H5VWJBGX7:2:12108:4083:11148#0/1	98.246	114	2	0	1162	1275	3	116	1.02e-48	200
NC_011593.1:2598858-2601929	NB551033:88:H5VWJBGX7:2:23306:20165:16575#0/2	100.000	106	0	0	1629	1734	106	1	1.32e-47	196
NC_011593.1:2598858-2601929	NB551033:88:H5VWJBGX7:2:23306:20165:16575#0/1	100.000	106	0	0	1629	1734	1	106	1.32e-47	196
NC_011593.1:2598858-2601929	NB551033:88:H5VWJBGX7:1:21206:11840:9487#0/2	100.000	104	0	0	1	104	47	150	1.70e-46	193
NC_011593.1:2598858-2601929	NB551033:88:H5VWJBGX7:4:13605:2580:13532#0/1	99.038	104	1	0	297	400	104	1	7.93e-45	187
NC_011593.1:2598858-2601929	NB551033:88:H5VWJBGX7:2:12212:13522:17768#0/1	100.000	101	0	0	2442	2542	1	101	7.93e-45	187
NC_011593.1:2598858-2601929	NB551033:88:H5VWJBGX7:4:22607:20854:8548#0/2	98.095	105	2	0	1200	1304	107	3	1.03e-43	183
NC_011593.1:2598858-2601929	NB551033:88:H5VWJBGX7:4:21612:19431:8977#0/2	99.020	102	1	0	1	102	102	1	1.03e-43	183
NC_011593.1:2598858-2601929	NB551033:88:H5VWJBGX7:4:22607:20854:8548#0/1	98.095	105	2	0	1200	1304	1	105	1.03e-43	183
NC_011593.1:2598858-2601929	NB551033:88:H5VWJBGX7:3:21401:11128:13121#0/2	98.077	104	2	0	1437	1540	104	1	3.69e-43	182
NC_011593.1:2598858-2601929	NB551033:88:H5VWJBGX7:1:11209:7393:3820#0/2	100.000	98	0	0	2427	2524	1	98	3.69e-43	182
NC_011593.1:2598858-2601929	NB551033:88:H5VWJBGX7:3:21401:11128:13121#0/1	98.077	104	2	0	1437	1540	1	104	3.69e-43	182
NC_011593.1:2598858-2601929	NB551033:88:H5VWJBGX7:4:22601:24258:12487#0/2	100.000	95	0	0	2628	2722	1	95	1.72e-41	176
NC_011593.1:2598858-2601929	NB551033:88:H5VWJBGX7:4:22601:24258:12487#0/1	100.000	95	0	0	2628	2722	95	1	1.72e-41	176
NC_011593.1:2598858-2601929	NB551033:88:H5VWJBGX7:3:11401:11781:11047#0/2	97.917	96	2	0	2514	2609	1	96	1.03e-38	167
NC_011593.1:2598858-2601929	NB551033:88:H5VWJBGX7:3:11401:11781:11047#0/1	97.917	96	2	0	2514	2609	96	1	1.03e-38	167
NC_011593.1:2598858-2601929	NB551033:88:H5VWJBGX7:2:13110:5715:12440#0/2	95.960	99	4	0	831	929	99	1	4.80e-37	161
NC_011593.1:2598858-2601929	NB551033:88:H5VWJBGX7:1:22101:9783:12727#0/2	100.000	87	0	0	2741	2827	87	1	4.80e-37	161
NC_011593.1:2598858-2601929	NB551033:88:H5VWJBGX7:2:13110:5715:12440#0/1	95.960	99	4	0	831	929	1	99	4.80e-37	161
NC_011593.1:2598858-2601929	NB551033:88:H5VWJBGX7:1:22101:9783:12727#0/1	100.000	87	0	0	2741	2827	1	87	4.80e-37	161
NC_011593.1:2598858-2601929	NB551033:88:H5VWJBGX7:3:23407:16563:10552#0/2	98.824	85	1	0	1437	1521	1	85	2.89e-34	152
NC_011593.1:2598858-2601929	NB551033:88:H5VWJBGX7:4:21609:5891:9539#0/2	100.000	79	0	0	410	488	79	1	1.35e-32	147
NC_011593.1:2598858-2601929	NB551033:88:H5VWJBGX7:3:22409:23859:15543#0/2	98.780	82	1	0	2942	3023	1	82	1.35e-32	147
NC_011593.1:2598858-2601929	NB551033:88:H5VWJBGX7:1:22110:5118:4852#0/2	97.647	85	2	0	2574	2658	85	1	1.35e-32	147
NC_011593.1:2598858-2601929	NB551033:88:H5VWJBGX7:3:22409:23859:15543#0/1	98.780	82	1	0	2942	3023	82	1	1.35e-32	147
NC_011593.1:2598858-2601929	NB551033:88:H5VWJBGX7:4:21512:24473:6266#0/1	100.000	68	0	0	1	68	84	151	1.75e-26	126
NC_011593.1:2598858-2601929	NB551033:88:H5VWJBGX7:3:23410:17294:13090#0/1	100.000	67	0	0	1	67	67	1	6.30e-26	124
NC_011593.1:2598858-2601929	NB551033:88:H5VWJBGX7:4:21512:20653:16003#0/2	96.875	64	2	0	3009	3072	1	64	6.35e-21	108
NC_011593.1:2598858-2601929	NB551033:88:H5VWJBGX7:4:13403:17519:6267#0/2	100.000	58	0	0	1	58	58	1	6.35e-21	108
NC_011593.1:2598858-2601929	NB551033:88:H5VWJBGX7:3:12611:10613:19573#0/2	100.000	58	0	0	1	58	58	1	6.35e-21	108
NC_011593.1:2598858-2601929	NB551033:88:H5VWJBGX7:4:13604:4491:8699#0/1	96.875	64	2	0	3009	3072	1	64	6.35e-21	108
NC_011593.1:2598858-2601929	NB551033:88:H5VWJBGX7:4:13511:19997:7928#0/2	96.552	58	2	0	3015	3072	123	66	1.37e-17	97.1
NC_011593.1:2598858-2601929	NB551033:88:H5VWJBGX7:4:13511:19997:7928#0/1	96.552	58	2	0	3015	3072	1	58	1.37e-17	97.1
NC_011593.1:2598858-2601929	NB551033:88:H5VWJBGX7:2:11303:21053:14510#0/2	98.039	51	1	0	619	669	144	94	2.30e-15	89.8
NC_011593.1:2598858-2601929	NB551033:88:H5VWJBGX7:4:22404:17225:19107#0/1	100.000	37	0	0	1677	1713	37	1	3.00e-09	69.4
NC_011593.1:2598858-2601929	NB551033:88:H5VWJBGX7:1:13304:19308:8363#0/1	100.000	31	0	0	1	31	31	1	6.48e-06	58.4
NC_011593.1:2598858-2601929	NB551033:88:H5VWJBGX7:1:13304:19308:8363#0/2	100.000	30	0	0	1	30	92	121	2.33e-05	56.5
NC_011593.1:2598858-2601929	NB551033:88:H5VWJBGX7:4:22506:15164:11980#0/2	100.000	28	0	0	1028	1055	28	1	3.02e-04	52.8
NC_011593.1:2598858-2601929	NB551033:88:H5VWJBGX7:4:22409:22142:10391#0/2	100.000	28	0	0	1028	1055	72	99	3.02e-04	52.8
NC_011593.1:2598858-2601929	NB551033:88:H5VWJBGX7:4:22506:15164:11980#0/1	100.000	28	0	0	1028	1055	70	97	3.02e-04	52.8
# BLASTN 2.9.0+
# Query: NC_011593.1:c2604454-2602106 Bifidobacterium longum subsp. infantis ATCC 15697, complete genome
# Database: db/blast_C0159-5F-1A_S45.faa
# 0 hits found
# BLASTN 2.9.0+
# Query: NC_011593.1:c2605922-2604486 Bifidobacterium longum subsp. infantis ATCC 15697, complete genome
# Database: db/blast_C0159-5F-1A_S45.faa
# 0 hits found
# BLASTN 2.9.0+
# Query: NC_011593.1:c2606381-2605944 Bifidobacterium longum subsp. infantis ATCC 15697, complete genome
# Database: db/blast_C0159-5F-1A_S45.faa
# 0 hits found
# BLASTN 2.9.0+
# Query: NC_011593.1:c2607314-2606418 Bifidobacterium longum subsp. infantis ATCC 15697, complete genome
# Database: db/blast_C0159-5F-1A_S45.faa
# 0 hits found
# BLASTN 2.9.0+
# Query: NC_011593.1:c2608249-2607458 Bifidobacterium longum subsp. infantis ATCC 15697, complete genome
# Database: db/blast_C0159-5F-1A_S45.faa
# 0 hits found
# BLASTN 2.9.0+
# Query: NC_011593.1:c2609546-2608269 Bifidobacterium longum subsp. infantis ATCC 15697, complete genome
# Database: db/blast_C0159-5F-1A_S45.faa
# 0 hits found
# BLASTN 2.9.0+
# Query: NC_011593.1:c2610356-2609697 Bifidobacterium longum subsp. infantis ATCC 15697, complete genome
# Database: db/blast_C0159-5F-1A_S45.faa
# 0 hits found
# BLASTN 2.9.0+
# Query: NC_011593.1:c2611458-2610496 Bifidobacterium longum subsp. infantis ATCC 15697, complete genome
# Database: db/blast_C0159-5F-1A_S45.faa
# 0 hits found
# BLASTN 2.9.0+
# Query: NC_011593.1:c2612430-2611477 Bifidobacterium longum subsp. infantis ATCC 15697, complete genome
# Database: db/blast_C0159-5F-1A_S45.faa
# 0 hits found
# BLASTN 2.9.0+
# Query: NC_011593.1:c2614109-2612517 Bifidobacterium longum subsp. infantis ATCC 15697, complete genome
# Database: db/blast_C0159-5F-1A_S45.faa
# 0 hits found
# BLASTN 2.9.0+
# Query: NC_011593.1:c2615274-2614312 Bifidobacterium longum subsp. infantis ATCC 15697, complete genome
# Database: db/blast_C0159-5F-1A_S45.faa
# 0 hits found
# BLASTN 2.9.0+
# Query: NC_011593.1:c2616246-2615293 Bifidobacterium longum subsp. infantis ATCC 15697, complete genome
# Database: db/blast_C0159-5F-1A_S45.faa
# 0 hits found
# BLASTN 2.9.0+
# Query: NC_011593.1:c2617928-2616333 Bifidobacterium longum subsp. infantis ATCC 15697, complete genome
# Database: db/blast_C0159-5F-1A_S45.faa
# 0 hits found
# BLASTN 2.9.0+
# Query: NC_011593.1:c2619247-2618063 Bifidobacterium longum subsp. infantis ATCC 15697, complete genome
# Database: db/blast_C0159-5F-1A_S45.faa
# 0 hits found
# BLASTN 2.9.0+
# Query: NC_011593.1:c2620369-2619413 Bifidobacterium longum subsp. infantis ATCC 15697, complete genome
# Database: db/blast_C0159-5F-1A_S45.faa
# 0 hits found
# BLASTN 2.9.0+
# Query: NC_011593.1:c2622143-2620551 Bifidobacterium longum subsp. infantis ATCC 15697, complete genome
# Database: db/blast_C0159-5F-1A_S45.faa
# 0 hits found
# BLASTN 2.9.0+
# Query: NC_011593.1:c2624124-2622520 Bifidobacterium longum subsp. infantis ATCC 15697, complete genome
# Database: db/blast_C0159-5F-1A_S45.faa
# 0 hits found
# BLASTN 2.9.0+
# Query: NC_011593.1:c2626110-2624512 Bifidobacterium longum subsp. infantis ATCC 15697, complete genome
# Database: db/blast_C0159-5F-1A_S45.faa
# 0 hits found
# BLASTN 2.9.0+
# Query: NC_011593.1:c2626386-2626264 Bifidobacterium longum subsp. infantis ATCC 15697, complete genome
# Database: db/blast_C0159-5F-1A_S45.faa
# 0 hits found
# BLASTN 2.9.0+
# Query: NC_011593.1:c2628158-2626563 Bifidobacterium longum subsp. infantis ATCC 15697, complete genome
# Database: db/blast_C0159-5F-1A_S45.faa
# 0 hits found
# BLASTN 2.9.0+
# Query: NC_011593.1:c2630269-2628314 Bifidobacterium longum subsp. infantis ATCC 15697, complete genome
# Database: db/blast_C0159-5F-1A_S45.faa
# 0 hits found
# BLASTN 2.9.0+
# Query: NC_011593.1:c2631106-2630366 Bifidobacterium longum subsp. infantis ATCC 15697, complete genome
# Database: db/blast_C0159-5F-1A_S45.faa
# 0 hits found
# BLASTN 2.9.0+
# Query: NC_011593.1:c2632432-2631140 Bifidobacterium longum subsp. infantis ATCC 15697, complete genome
# Database: db/blast_C0159-5F-1A_S45.faa
# 0 hits found
# BLASTN 2.9.0+
# Query: NC_011593.1:c2633881-2632562 Bifidobacterium longum subsp. infantis ATCC 15697, complete genome
# Database: db/blast_C0159-5F-1A_S45.faa
# 0 hits found
# BLASTN 2.9.0+
# Query: NC_011593.1:c2634683-2633865 Bifidobacterium longum subsp. infantis ATCC 15697, complete genome
# Database: db/blast_C0159-5F-1A_S45.faa
# 0 hits found
# BLASTN 2.9.0+
# Query: NC_011593.1:c2635627-2634680 Bifidobacterium longum subsp. infantis ATCC 15697, complete genome
# Database: db/blast_C0159-5F-1A_S45.faa
# 0 hits found
# BLASTN 2.9.0+
# Query: NC_011593.1:c2636747-2635629 Bifidobacterium longum subsp. infantis ATCC 15697, complete genome
# Database: db/blast_C0159-5F-1A_S45.faa
# Fields: query acc.ver, subject acc.ver, % identity, alignment length, mismatches, gap opens, q. start, q. end, s. start, s. end, evalue, bit score
# 1 hits found
NC_011593.1:c2636747-2635629	NB551033:88:H5VWJBGX7:4:22502:24710:19753#0/2	96.875	32	1	0	412	443	68	37	3.03e-05	54.7
# BLAST processed 31 queries
