# BLASTN 2.9.0+
# Query: NC_011593.1:c2595355-2593832 Bifidobacterium longum subsp. infantis ATCC 15697, complete genome
# Database: db/blast_C0159-5F-2A_S57.faa
# Fields: query acc.ver, subject acc.ver, % identity, alignment length, mismatches, gap opens, q. start, q. end, s. start, s. end, evalue, bit score
# 136 hits found
NC_011593.1:c2595355-2593832	NB551033:88:H5VWJBGX7:1:12103:4308:19088#0/2	99.333	150	1	0	357	506	1	150	1.38e-70	272
NC_011593.1:c2595355-2593832	NB551033:88:H5VWJBGX7:4:13411:11036:20232#0/1	99.333	150	1	0	363	512	150	1	1.38e-70	272
NC_011593.1:c2595355-2593832	NB551033:88:H5VWJBGX7:2:13309:8325:13012#0/2	98.675	151	2	0	497	647	1	151	1.78e-69	268
NC_011593.1:c2595355-2593832	NB551033:88:H5VWJBGX7:1:12104:8785:1200#0/2	99.324	148	1	0	721	868	3	150	1.78e-69	268
NC_011593.1:c2595355-2593832	NB551033:88:H5VWJBGX7:4:21505:15176:7545#0/1	98.675	151	2	0	1234	1384	1	151	1.78e-69	268
NC_011593.1:c2595355-2593832	NB551033:88:H5VWJBGX7:3:12501:16871:20031#0/2	99.320	147	1	0	1009	1155	147	1	6.41e-69	267
NC_011593.1:c2595355-2593832	NB551033:88:H5VWJBGX7:1:21106:16980:2905#0/2	98.667	150	2	0	1081	1230	1	150	6.41e-69	267
NC_011593.1:c2595355-2593832	NB551033:88:H5VWJBGX7:1:23207:21090:1916#0/1	98.667	150	2	0	447	596	1	150	6.41e-69	267
NC_011593.1:c2595355-2593832	NB551033:88:H5VWJBGX7:1:21101:8647:6228#0/1	98.667	150	2	0	372	521	150	1	6.41e-69	267
NC_011593.1:c2595355-2593832	NB551033:88:H5VWJBGX7:2:12301:21439:14780#0/2	98.013	151	3	0	801	951	1	151	8.30e-68	263
NC_011593.1:c2595355-2593832	NB551033:88:H5VWJBGX7:3:12501:16871:20031#0/1	98.013	151	3	0	801	951	1	151	8.30e-68	263
NC_011593.1:c2595355-2593832	NB551033:88:H5VWJBGX7:3:11505:20846:7800#0/1	98.013	151	3	0	820	970	151	1	8.30e-68	263
NC_011593.1:c2595355-2593832	NB551033:88:H5VWJBGX7:2:21112:14412:9880#0/1	98.013	151	3	0	1228	1378	1	151	8.30e-68	263
NC_011593.1:c2595355-2593832	NB551033:88:H5VWJBGX7:2:12301:21439:14780#0/1	98.013	151	3	0	916	1066	151	1	8.30e-68	263
NC_011593.1:c2595355-2593832	NB551033:88:H5VWJBGX7:2:11201:5020:12519#0/1	98.649	148	2	0	924	1071	148	1	8.30e-68	263
NC_011593.1:c2595355-2593832	NB551033:88:H5VWJBGX7:2:11105:16924:10074#0/1	98.649	148	2	0	1032	1179	1	148	8.30e-68	263
NC_011593.1:c2595355-2593832	NB551033:88:H5VWJBGX7:1:21106:16980:2905#0/1	98.649	148	2	0	1114	1261	148	1	8.30e-68	263
NC_011593.1:c2595355-2593832	NB551033:88:H5VWJBGX7:1:12103:4308:19088#0/1	98.013	151	3	0	388	538	151	1	8.30e-68	263
NC_011593.1:c2595355-2593832	NB551033:88:H5VWJBGX7:1:11211:2166:10171#0/1	98.013	151	3	0	344	494	151	1	8.30e-68	263
NC_011593.1:c2595355-2593832	NB551033:88:H5VWJBGX7:4:11603:2172:14522#0/2	98.000	150	3	0	94	243	1	150	2.98e-67	261
NC_011593.1:c2595355-2593832	NB551033:88:H5VWJBGX7:3:11505:20846:7800#0/2	98.000	150	3	0	768	917	1	150	2.98e-67	261
NC_011593.1:c2595355-2593832	NB551033:88:H5VWJBGX7:2:11301:8093:4943#0/2	98.000	150	3	0	1073	1222	1	150	2.98e-67	261
NC_011593.1:c2595355-2593832	NB551033:88:H5VWJBGX7:1:21306:16847:9121#0/2	98.000	150	3	0	801	950	1	150	2.98e-67	261
NC_011593.1:c2595355-2593832	NB551033:88:H5VWJBGX7:2:12104:5692:10251#0/1	98.000	150	3	0	891	1040	1	150	2.98e-67	261
NC_011593.1:c2595355-2593832	NB551033:88:H5VWJBGX7:2:11304:5323:11699#0/1	98.000	150	3	0	94	243	1	150	2.98e-67	261
NC_011593.1:c2595355-2593832	NB551033:88:H5VWJBGX7:1:21306:16847:9121#0/1	98.000	150	3	0	801	950	150	1	2.98e-67	261
NC_011593.1:c2595355-2593832	NB551033:88:H5VWJBGX7:4:12403:24970:1517#0/2	97.987	149	3	0	799	947	149	1	1.07e-66	259
NC_011593.1:c2595355-2593832	NB551033:88:H5VWJBGX7:2:11201:5020:12519#0/2	97.987	149	3	0	896	1044	1	149	1.07e-66	259
NC_011593.1:c2595355-2593832	NB551033:88:H5VWJBGX7:4:12403:24970:1517#0/1	97.987	149	3	0	799	947	1	149	1.07e-66	259
NC_011593.1:c2595355-2593832	NB551033:88:H5VWJBGX7:3:13408:24339:7480#0/2	97.351	151	4	0	825	975	151	1	3.86e-66	257
NC_011593.1:c2595355-2593832	NB551033:88:H5VWJBGX7:2:12202:16139:15773#0/2	97.351	151	4	0	101	251	1	151	3.86e-66	257
NC_011593.1:c2595355-2593832	NB551033:88:H5VWJBGX7:1:23207:21090:1916#0/2	97.351	151	4	0	553	703	151	1	3.86e-66	257
NC_011593.1:c2595355-2593832	NB551033:88:H5VWJBGX7:1:11211:2166:10171#0/2	97.351	151	4	0	134	284	1	151	3.86e-66	257
NC_011593.1:c2595355-2593832	NB551033:88:H5VWJBGX7:4:12404:17131:17265#0/1	97.351	151	4	0	1312	1462	1	151	3.86e-66	257
NC_011593.1:c2595355-2593832	NB551033:88:H5VWJBGX7:4:11603:2172:14522#0/1	97.351	151	4	0	97	247	151	1	3.86e-66	257
NC_011593.1:c2595355-2593832	NB551033:88:H5VWJBGX7:2:13309:8325:13012#0/1	97.351	151	4	0	707	857	151	1	3.86e-66	257
NC_011593.1:c2595355-2593832	NB551033:88:H5VWJBGX7:4:13504:13035:2223#0/2	97.333	150	4	0	1318	1467	1	150	1.39e-65	255
NC_011593.1:c2595355-2593832	NB551033:88:H5VWJBGX7:3:13403:13881:5221#0/2	97.333	150	4	0	118	267	150	1	1.39e-65	255
NC_011593.1:c2595355-2593832	NB551033:88:H5VWJBGX7:1:23307:24778:13679#0/2	97.333	150	4	0	1258	1407	1	150	1.39e-65	255
NC_011593.1:c2595355-2593832	NB551033:88:H5VWJBGX7:1:13312:20178:17088#0/2	98.611	144	2	0	475	618	144	1	1.39e-65	255
NC_011593.1:c2595355-2593832	NB551033:88:H5VWJBGX7:3:13408:24339:7480#0/1	97.333	150	4	0	768	917	1	150	1.39e-65	255
NC_011593.1:c2595355-2593832	NB551033:88:H5VWJBGX7:3:11605:11219:11458#0/2	97.315	149	4	0	799	947	149	1	4.99e-65	254
NC_011593.1:c2595355-2593832	NB551033:88:H5VWJBGX7:3:11403:12902:17676#0/2	99.286	140	1	0	1011	1150	1	140	4.99e-65	254
NC_011593.1:c2595355-2593832	NB551033:88:H5VWJBGX7:2:21309:25904:9732#0/2	98.601	143	2	0	1087	1229	143	1	4.99e-65	254
NC_011593.1:c2595355-2593832	NB551033:88:H5VWJBGX7:3:23510:15065:13443#0/1	97.315	149	4	0	122	270	1	149	4.99e-65	254
NC_011593.1:c2595355-2593832	NB551033:88:H5VWJBGX7:3:11605:11219:11458#0/1	97.315	149	4	0	799	947	1	149	4.99e-65	254
NC_011593.1:c2595355-2593832	NB551033:88:H5VWJBGX7:3:11403:12902:17676#0/1	99.286	140	1	0	1011	1150	140	1	4.99e-65	254
NC_011593.1:c2595355-2593832	NB551033:88:H5VWJBGX7:2:21309:25904:9732#0/1	98.601	143	2	0	1087	1229	1	143	4.99e-65	254
NC_011593.1:c2595355-2593832	NB551033:88:H5VWJBGX7:4:13502:22496:3750#0/2	96.689	151	5	0	567	717	151	1	1.80e-64	252
NC_011593.1:c2595355-2593832	NB551033:88:H5VWJBGX7:4:13411:11036:20232#0/2	99.281	139	1	0	355	493	1	139	1.80e-64	252
NC_011593.1:c2595355-2593832	NB551033:88:H5VWJBGX7:3:23510:15065:13443#0/2	96.689	151	5	0	171	321	151	1	1.80e-64	252
NC_011593.1:c2595355-2593832	NB551033:88:H5VWJBGX7:3:21503:3884:15630#0/2	97.931	145	3	0	99	243	1	145	1.80e-64	252
NC_011593.1:c2595355-2593832	NB551033:88:H5VWJBGX7:3:13403:13881:5221#0/1	96.689	151	5	0	64	214	1	151	1.80e-64	252
NC_011593.1:c2595355-2593832	NB551033:88:H5VWJBGX7:1:12104:8785:1200#0/1	96.689	151	5	0	847	997	151	1	1.80e-64	252
NC_011593.1:c2595355-2593832	NB551033:88:H5VWJBGX7:1:22303:19160:2351#0/2	96.667	150	5	0	87	236	150	1	6.46e-64	250
NC_011593.1:c2595355-2593832	NB551033:88:H5VWJBGX7:3:21501:22570:8709#0/1	96.667	150	5	0	1279	1428	1	150	6.46e-64	250
NC_011593.1:c2595355-2593832	NB551033:88:H5VWJBGX7:3:11412:13521:11283#0/2	96.026	151	6	0	295	445	151	1	8.36e-63	246
NC_011593.1:c2595355-2593832	NB551033:88:H5VWJBGX7:2:21112:14412:9880#0/2	97.241	145	4	0	1274	1418	147	3	8.36e-63	246
NC_011593.1:c2595355-2593832	NB551033:88:H5VWJBGX7:3:21503:3884:15630#0/1	96.026	151	6	0	195	345	151	1	8.36e-63	246
NC_011593.1:c2595355-2593832	NB551033:88:H5VWJBGX7:1:13312:20178:17088#0/1	96.026	151	6	0	313	463	1	151	8.36e-63	246
NC_011593.1:c2595355-2593832	NB551033:88:H5VWJBGX7:2:11304:5323:11699#0/2	96.000	150	6	0	288	437	150	1	3.01e-62	244
NC_011593.1:c2595355-2593832	NB551033:88:H5VWJBGX7:4:13410:11100:19403#0/1	96.000	150	6	0	627	776	150	1	3.01e-62	244
NC_011593.1:c2595355-2593832	NB551033:88:H5VWJBGX7:3:22602:5139:7015#0/1	96.000	150	6	0	275	424	1	150	3.01e-62	244
NC_011593.1:c2595355-2593832	NB551033:88:H5VWJBGX7:2:23102:26792:4993#0/2	97.183	142	4	0	90	231	142	1	3.89e-61	241
NC_011593.1:c2595355-2593832	NB551033:88:H5VWJBGX7:2:23101:1240:4967#0/2	97.183	142	4	0	90	231	142	1	3.89e-61	241
NC_011593.1:c2595355-2593832	NB551033:88:H5VWJBGX7:3:11412:13521:11283#0/1	95.364	151	7	0	221	371	1	151	3.89e-61	241
NC_011593.1:c2595355-2593832	NB551033:88:H5VWJBGX7:2:23102:26792:4993#0/1	97.183	142	4	0	90	231	1	142	3.89e-61	241
NC_011593.1:c2595355-2593832	NB551033:88:H5VWJBGX7:2:23101:1240:4967#0/1	97.183	142	4	0	90	231	1	142	3.89e-61	241
NC_011593.1:c2595355-2593832	NB551033:88:H5VWJBGX7:2:12202:16139:15773#0/1	95.364	151	7	0	214	364	151	1	3.89e-61	241
NC_011593.1:c2595355-2593832	NB551033:88:H5VWJBGX7:4:13502:22496:3750#0/1	95.333	150	7	0	282	431	1	150	1.40e-60	239
NC_011593.1:c2595355-2593832	NB551033:88:H5VWJBGX7:4:21505:15176:7545#0/2	97.810	137	3	0	1334	1470	149	13	5.03e-60	237
NC_011593.1:c2595355-2593832	NB551033:88:H5VWJBGX7:2:23108:23714:18214#0/2	98.496	133	2	0	387	519	1	133	1.81e-59	235
NC_011593.1:c2595355-2593832	NB551033:88:H5VWJBGX7:2:23108:23714:18214#0/1	98.496	133	2	0	387	519	133	1	1.81e-59	235
NC_011593.1:c2595355-2593832	NB551033:88:H5VWJBGX7:4:13410:11100:19403#0/2	97.744	133	3	0	450	582	1	133	8.42e-58	230
NC_011593.1:c2595355-2593832	NB551033:88:H5VWJBGX7:3:21501:22570:8709#0/2	97.059	136	4	0	1335	1470	151	16	8.42e-58	230
NC_011593.1:c2595355-2593832	NB551033:88:H5VWJBGX7:2:23309:5339:4530#0/2	96.403	139	5	0	672	810	139	1	8.42e-58	230
NC_011593.1:c2595355-2593832	NB551033:88:H5VWJBGX7:2:23309:5339:4530#0/1	96.403	139	5	0	672	810	1	139	8.42e-58	230
NC_011593.1:c2595355-2593832	NB551033:88:H5VWJBGX7:1:22104:17779:14299#0/2	97.037	135	4	0	871	1005	1	135	3.03e-57	228
NC_011593.1:c2595355-2593832	NB551033:88:H5VWJBGX7:1:22104:17779:14299#0/1	97.037	135	4	0	871	1005	135	1	3.03e-57	228
NC_011593.1:c2595355-2593832	NB551033:88:H5VWJBGX7:2:11201:12858:14948#0/2	97.674	129	3	0	1337	1465	129	1	1.41e-55	222
NC_011593.1:c2595355-2593832	NB551033:88:H5VWJBGX7:2:11201:12858:14948#0/1	97.674	129	3	0	1337	1465	1	129	1.41e-55	222
NC_011593.1:c2595355-2593832	NB551033:88:H5VWJBGX7:2:23110:26010:14923#0/2	99.180	122	1	0	1032	1153	1	122	5.06e-55	220
NC_011593.1:c2595355-2593832	NB551033:88:H5VWJBGX7:2:11105:16924:10074#0/2	97.656	128	3	0	1102	1229	150	23	5.06e-55	220
NC_011593.1:c2595355-2593832	NB551033:88:H5VWJBGX7:1:22202:15612:7474#0/2	98.400	125	2	0	419	543	1	125	5.06e-55	220
NC_011593.1:c2595355-2593832	NB551033:88:H5VWJBGX7:1:22202:15612:7474#0/1	98.400	125	2	0	419	543	125	1	5.06e-55	220
NC_011593.1:c2595355-2593832	NB551033:88:H5VWJBGX7:2:23110:26010:14923#0/1	97.600	125	3	0	1032	1156	125	1	2.36e-53	215
NC_011593.1:c2595355-2593832	NB551033:88:H5VWJBGX7:4:13504:13035:2223#0/1	97.561	123	3	0	1348	1470	151	29	3.05e-52	211
NC_011593.1:c2595355-2593832	NB551033:88:H5VWJBGX7:3:21610:6786:14195#0/2	97.541	122	3	0	142	263	123	2	1.10e-51	209
NC_011593.1:c2595355-2593832	NB551033:88:H5VWJBGX7:3:21610:6786:14195#0/1	97.541	122	3	0	142	263	1	122	1.10e-51	209
NC_011593.1:c2595355-2593832	NB551033:88:H5VWJBGX7:1:23211:9557:8349#0/2	99.130	115	1	0	971	1085	1	115	3.94e-51	207
NC_011593.1:c2595355-2593832	NB551033:88:H5VWJBGX7:1:23211:9557:8349#0/1	99.130	115	1	0	971	1085	115	1	3.94e-51	207
NC_011593.1:c2595355-2593832	NB551033:88:H5VWJBGX7:2:21307:16523:17704#0/2	97.500	120	3	0	1351	1470	132	13	1.42e-50	206
NC_011593.1:c2595355-2593832	NB551033:88:H5VWJBGX7:2:21307:16523:17704#0/1	97.500	120	3	0	1351	1470	1	120	1.42e-50	206
NC_011593.1:c2595355-2593832	NB551033:88:H5VWJBGX7:3:23403:7187:6039#0/2	97.458	118	3	0	1353	1470	1	118	1.83e-49	202
NC_011593.1:c2595355-2593832	NB551033:88:H5VWJBGX7:1:12109:16970:2499#0/2	96.694	121	4	0	155	275	1	121	1.83e-49	202
NC_011593.1:c2595355-2593832	NB551033:88:H5VWJBGX7:1:12106:15965:14131#0/2	95.968	124	5	0	223	346	124	1	1.83e-49	202
NC_011593.1:c2595355-2593832	NB551033:88:H5VWJBGX7:3:23403:7187:6039#0/1	97.458	118	3	0	1353	1470	151	34	1.83e-49	202
NC_011593.1:c2595355-2593832	NB551033:88:H5VWJBGX7:1:12109:16970:2499#0/1	96.694	121	4	0	155	275	121	1	1.83e-49	202
NC_011593.1:c2595355-2593832	NB551033:88:H5VWJBGX7:1:12106:15965:14131#0/1	95.968	124	5	0	223	346	1	124	1.83e-49	202
NC_011593.1:c2595355-2593832	NB551033:88:H5VWJBGX7:1:23208:10530:13246#0/2	99.091	110	1	0	746	855	110	1	2.37e-48	198
NC_011593.1:c2595355-2593832	NB551033:88:H5VWJBGX7:1:23208:10530:13246#0/1	99.091	110	1	0	746	855	1	110	2.37e-48	198
NC_011593.1:c2595355-2593832	NB551033:88:H5VWJBGX7:2:11301:8093:4943#0/1	97.391	115	3	0	1274	1388	115	1	8.54e-48	196
NC_011593.1:c2595355-2593832	NB551033:88:H5VWJBGX7:2:22207:16960:15225#0/2	95.833	120	5	0	318	437	1	120	3.07e-47	195
NC_011593.1:c2595355-2593832	NB551033:88:H5VWJBGX7:2:22207:16960:15225#0/1	95.833	120	5	0	318	437	120	1	3.07e-47	195
NC_011593.1:c2595355-2593832	NB551033:88:H5VWJBGX7:1:23202:25503:14204#0/2	96.396	111	4	0	1325	1435	111	1	6.65e-44	183
NC_011593.1:c2595355-2593832	NB551033:88:H5VWJBGX7:1:23202:25503:14204#0/1	96.396	111	4	0	1325	1435	1	111	6.65e-44	183
NC_011593.1:c2595355-2593832	NB551033:88:H5VWJBGX7:1:21303:23459:19566#0/1	97.222	108	3	0	1311	1418	1	108	6.65e-44	183
NC_011593.1:c2595355-2593832	NB551033:88:H5VWJBGX7:2:21211:16084:12178#0/2	100.000	97	0	0	1006	1102	97	1	8.60e-43	180
NC_011593.1:c2595355-2593832	NB551033:88:H5VWJBGX7:2:21211:16084:12178#0/1	100.000	97	0	0	1006	1102	1	97	8.60e-43	180
NC_011593.1:c2595355-2593832	NB551033:88:H5VWJBGX7:3:21511:8907:19715#0/2	98.980	98	1	0	111	208	98	1	1.11e-41	176
NC_011593.1:c2595355-2593832	NB551033:88:H5VWJBGX7:2:13212:7343:11269#0/2	95.455	110	5	0	328	437	1	110	1.11e-41	176
NC_011593.1:c2595355-2593832	NB551033:88:H5VWJBGX7:3:21511:8907:19715#0/1	98.980	98	1	0	111	208	1	98	1.11e-41	176
NC_011593.1:c2595355-2593832	NB551033:88:H5VWJBGX7:2:13212:7343:11269#0/1	95.455	110	5	0	328	437	110	1	1.11e-41	176
NC_011593.1:c2595355-2593832	NB551033:88:H5VWJBGX7:2:12104:5692:10251#0/2	100.000	88	0	0	1025	1112	90	3	8.66e-38	163
NC_011593.1:c2595355-2593832	NB551033:88:H5VWJBGX7:3:22602:5139:7015#0/2	97.778	90	2	0	475	564	90	1	1.45e-35	156
NC_011593.1:c2595355-2593832	NB551033:88:H5VWJBGX7:2:21111:4293:19260#0/2	98.851	87	1	0	801	887	1	87	1.45e-35	156
NC_011593.1:c2595355-2593832	NB551033:88:H5VWJBGX7:1:21101:8647:6228#0/2	98.851	87	1	0	372	458	1	87	1.45e-35	156
NC_011593.1:c2595355-2593832	NB551033:88:H5VWJBGX7:1:11306:24589:13413#0/2	98.851	87	1	0	801	887	1	87	1.45e-35	156
NC_011593.1:c2595355-2593832	NB551033:88:H5VWJBGX7:2:21111:4293:19260#0/1	98.851	87	1	0	801	887	87	1	1.45e-35	156
NC_011593.1:c2595355-2593832	NB551033:88:H5VWJBGX7:1:11306:24589:13413#0/1	98.851	87	1	0	801	887	87	1	1.45e-35	156
NC_011593.1:c2595355-2593832	NB551033:88:H5VWJBGX7:1:22202:12839:5622#0/1	96.739	92	3	0	1379	1470	1	92	5.21e-35	154
NC_011593.1:c2595355-2593832	NB551033:88:H5VWJBGX7:4:12404:17131:17265#0/2	96.667	90	3	0	1381	1470	150	61	6.74e-34	150
NC_011593.1:c2595355-2593832	NB551033:88:H5VWJBGX7:3:11405:21687:11721#0/2	98.810	84	1	0	726	809	1	84	6.74e-34	150
NC_011593.1:c2595355-2593832	NB551033:88:H5VWJBGX7:3:11405:21687:11721#0/1	98.810	84	1	0	726	809	84	1	6.74e-34	150
NC_011593.1:c2595355-2593832	NB551033:88:H5VWJBGX7:4:12401:19523:16338#0/2	97.619	84	2	0	957	1040	1	84	3.14e-32	145
NC_011593.1:c2595355-2593832	NB551033:88:H5VWJBGX7:2:13109:24497:9604#0/2	96.552	87	3	0	194	280	1	87	3.14e-32	145
NC_011593.1:c2595355-2593832	NB551033:88:H5VWJBGX7:4:12401:19523:16338#0/1	97.619	84	2	0	957	1040	84	1	3.14e-32	145
NC_011593.1:c2595355-2593832	NB551033:88:H5VWJBGX7:2:13109:24497:9604#0/1	96.552	87	3	0	194	280	87	1	3.14e-32	145
NC_011593.1:c2595355-2593832	NB551033:88:H5VWJBGX7:2:11201:18019:1411#0/1	96.512	86	3	0	1385	1470	1	86	1.13e-31	143
NC_011593.1:c2595355-2593832	NB551033:88:H5VWJBGX7:2:11210:25040:8024#0/2	96.296	81	3	0	696	776	81	1	6.79e-29	134
NC_011593.1:c2595355-2593832	NB551033:88:H5VWJBGX7:2:11210:25040:8024#0/1	96.296	81	3	0	696	776	1	81	6.79e-29	134
NC_011593.1:c2595355-2593832	NB551033:88:H5VWJBGX7:1:12304:4905:8630#0/2	97.183	71	2	0	1400	1470	1	71	5.28e-25	121
NC_011593.1:c2595355-2593832	NB551033:88:H5VWJBGX7:1:22109:15099:16711#0/1	98.305	59	1	0	1412	1470	1	59	5.32e-20	104
NC_011593.1:c2595355-2593832	NB551033:88:H5VWJBGX7:1:12211:22193:11303#0/1	98.305	59	1	0	1412	1470	1	59	5.32e-20	104
NC_011593.1:c2595355-2593832	NB551033:88:H5VWJBGX7:1:23307:24778:13679#0/1	98.214	56	1	0	1415	1470	150	95	2.48e-18	99.0
NC_011593.1:c2595355-2593832	NB551033:88:H5VWJBGX7:2:11201:18019:1411#0/2	100.000	51	0	0	1420	1470	150	100	3.20e-17	95.3
# BLASTN 2.9.0+
# Query: NC_011593.1:c2597106-2595574 Bifidobacterium longum subsp. infantis ATCC 15697, complete genome
# Database: db/blast_C0159-5F-2A_S57.faa
# Fields: query acc.ver, subject acc.ver, % identity, alignment length, mismatches, gap opens, q. start, q. end, s. start, s. end, evalue, bit score
# 26 hits found
NC_011593.1:c2597106-2595574	NB551033:88:H5VWJBGX7:2:23108:23714:18214#0/2	95.489	133	6	0	387	519	1	133	8.53e-53	213
NC_011593.1:c2597106-2595574	NB551033:88:H5VWJBGX7:2:23108:23714:18214#0/1	95.489	133	6	0	387	519	133	1	8.53e-53	213
NC_011593.1:c2597106-2595574	NB551033:88:H5VWJBGX7:1:22202:15612:7474#0/2	95.902	122	5	0	419	540	1	122	2.39e-48	198
NC_011593.1:c2597106-2595574	NB551033:88:H5VWJBGX7:1:22202:15612:7474#0/1	95.902	122	5	0	419	540	125	4	2.39e-48	198
NC_011593.1:c2597106-2595574	NB551033:88:H5VWJBGX7:1:12304:10888:11360#0/1	95.082	122	6	0	1	122	122	1	1.11e-46	193
NC_011593.1:c2597106-2595574	NB551033:88:H5VWJBGX7:3:21503:3884:15630#0/1	95.000	120	6	0	214	333	132	13	1.44e-45	189
NC_011593.1:c2597106-2595574	NB551033:88:H5VWJBGX7:2:12202:16139:15773#0/1	95.000	120	6	0	214	333	151	32	1.44e-45	189
NC_011593.1:c2597106-2595574	NB551033:88:H5VWJBGX7:2:12102:6669:14068#0/2	95.614	114	5	0	1	114	114	1	6.69e-44	183
NC_011593.1:c2597106-2595574	NB551033:88:H5VWJBGX7:2:12102:6669:14068#0/1	95.614	114	5	0	1	114	6	119	6.69e-44	183
NC_011593.1:c2597106-2595574	NB551033:88:H5VWJBGX7:3:11412:13521:11283#0/1	95.455	110	5	0	221	330	1	110	1.12e-41	176
NC_011593.1:c2597106-2595574	NB551033:88:H5VWJBGX7:1:12106:15965:14131#0/1	95.370	108	5	0	223	330	1	108	1.45e-40	172
NC_011593.1:c2597106-2595574	NB551033:88:H5VWJBGX7:1:22303:19160:2351#0/1	95.192	104	5	0	1	104	47	150	2.42e-38	165
NC_011593.1:c2597106-2595574	NB551033:88:H5VWJBGX7:1:22203:2007:13281#0/2	95.098	102	5	0	1	102	102	1	3.13e-37	161
NC_011593.1:c2597106-2595574	NB551033:88:H5VWJBGX7:1:22102:25985:1183#0/2	95.098	102	5	0	1	102	45	146	3.13e-37	161
NC_011593.1:c2597106-2595574	NB551033:88:H5VWJBGX7:1:22102:25985:1183#0/1	95.098	102	5	0	1	102	102	1	3.13e-37	161
NC_011593.1:c2597106-2595574	NB551033:88:H5VWJBGX7:2:11201:18019:1411#0/1	97.436	78	2	0	1393	1470	9	86	6.83e-29	134
NC_011593.1:c2597106-2595574	NB551033:88:H5VWJBGX7:1:12304:4905:8630#0/2	97.183	71	2	0	1400	1470	1	71	5.32e-25	121
NC_011593.1:c2597106-2595574	NB551033:88:H5VWJBGX7:1:22109:15099:16711#0/1	98.305	59	1	0	1412	1470	1	59	5.35e-20	104
NC_011593.1:c2597106-2595574	NB551033:88:H5VWJBGX7:1:12211:22193:11303#0/1	98.305	59	1	0	1412	1470	1	59	5.35e-20	104
NC_011593.1:c2597106-2595574	NB551033:88:H5VWJBGX7:2:12104:14270:7013#0/2	100.000	55	0	0	1	55	33	87	1.93e-19	102
NC_011593.1:c2597106-2595574	NB551033:88:H5VWJBGX7:1:11201:11579:12709#0/2	100.000	55	0	0	1	55	55	1	1.93e-19	102
NC_011593.1:c2597106-2595574	NB551033:88:H5VWJBGX7:2:12104:14270:7013#0/1	100.000	55	0	0	1	55	55	1	1.93e-19	102
NC_011593.1:c2597106-2595574	NB551033:88:H5VWJBGX7:1:23310:13644:19873#0/1	100.000	55	0	0	1	55	55	1	1.93e-19	102
NC_011593.1:c2597106-2595574	NB551033:88:H5VWJBGX7:1:22310:7505:12510#0/2	100.000	54	0	0	1	54	54	1	6.93e-19	100
NC_011593.1:c2597106-2595574	NB551033:88:H5VWJBGX7:1:23307:24778:13679#0/1	98.214	56	1	0	1415	1470	150	95	2.49e-18	99.0
NC_011593.1:c2597106-2595574	NB551033:88:H5VWJBGX7:2:11201:18019:1411#0/2	100.000	51	0	0	1420	1470	150	100	3.22e-17	95.3
# BLASTN 2.9.0+
# Query: NC_011593.1:c2598562-2597207 Bifidobacterium longum subsp. infantis ATCC 15697, complete genome
# Database: db/blast_C0159-5F-2A_S57.faa
# Fields: query acc.ver, subject acc.ver, % identity, alignment length, mismatches, gap opens, q. start, q. end, s. start, s. end, evalue, bit score
# 34 hits found
NC_011593.1:c2598562-2597207	NB551033:88:H5VWJBGX7:1:22206:21205:1248#0/2	100.000	151	0	0	156	306	1	151	7.31e-73	279
NC_011593.1:c2598562-2597207	NB551033:88:H5VWJBGX7:2:22102:22684:9458#0/2	100.000	150	0	0	789	938	1	150	2.63e-72	278
NC_011593.1:c2598562-2597207	NB551033:88:H5VWJBGX7:4:23510:3971:8755#0/1	100.000	150	0	0	511	660	150	1	2.63e-72	278
NC_011593.1:c2598562-2597207	NB551033:88:H5VWJBGX7:2:22102:22684:9458#0/1	100.000	150	0	0	795	944	150	1	2.63e-72	278
NC_011593.1:c2598562-2597207	NB551033:88:H5VWJBGX7:4:11609:24176:3410#0/1	100.000	149	0	0	915	1063	1	149	9.46e-72	276
NC_011593.1:c2598562-2597207	NB551033:88:H5VWJBGX7:4:13412:12998:5341#0/2	99.338	151	1	0	1074	1224	151	1	3.40e-71	274
NC_011593.1:c2598562-2597207	NB551033:88:H5VWJBGX7:2:22202:21534:2853#0/2	100.000	148	0	0	147	294	1	148	3.40e-71	274
NC_011593.1:c2598562-2597207	NB551033:88:H5VWJBGX7:2:11311:15492:11911#0/2	100.000	147	0	0	766	912	1	147	1.22e-70	272
NC_011593.1:c2598562-2597207	NB551033:88:H5VWJBGX7:2:11311:15492:11911#0/1	100.000	147	0	0	766	912	147	1	1.22e-70	272
NC_011593.1:c2598562-2597207	NB551033:88:H5VWJBGX7:4:13412:12998:5341#0/1	99.329	149	1	0	1040	1188	1	149	4.40e-70	270
NC_011593.1:c2598562-2597207	NB551033:88:H5VWJBGX7:2:22202:21534:2853#0/1	98.675	151	2	0	337	487	151	1	1.58e-69	268
NC_011593.1:c2598562-2597207	NB551033:88:H5VWJBGX7:1:22206:21205:1248#0/1	100.000	133	0	0	223	355	133	1	7.42e-63	246
NC_011593.1:c2598562-2597207	NB551033:88:H5VWJBGX7:3:11606:4160:8153#0/2	100.000	121	0	0	1076	1196	1	121	3.48e-56	224
NC_011593.1:c2598562-2597207	NB551033:88:H5VWJBGX7:3:11606:4160:8153#0/1	100.000	121	0	0	1076	1196	121	1	3.48e-56	224
NC_011593.1:c2598562-2597207	NB551033:88:H5VWJBGX7:2:22304:10875:18121#0/2	100.000	107	0	0	547	653	107	1	2.11e-48	198
NC_011593.1:c2598562-2597207	NB551033:88:H5VWJBGX7:1:12112:8841:6813#0/2	100.000	107	0	0	547	653	107	1	2.11e-48	198
NC_011593.1:c2598562-2597207	NB551033:88:H5VWJBGX7:2:22304:10875:18121#0/1	100.000	107	0	0	547	653	1	107	2.11e-48	198
NC_011593.1:c2598562-2597207	NB551033:88:H5VWJBGX7:1:12112:8841:6813#0/1	100.000	107	0	0	547	653	1	107	2.11e-48	198
NC_011593.1:c2598562-2597207	NB551033:88:H5VWJBGX7:3:12501:6190:8211#0/2	100.000	91	0	0	211	301	91	1	1.65e-39	169
NC_011593.1:c2598562-2597207	NB551033:88:H5VWJBGX7:3:22508:19032:6181#0/1	100.000	91	0	0	1266	1356	1	91	1.65e-39	169
NC_011593.1:c2598562-2597207	NB551033:88:H5VWJBGX7:3:12501:6190:8211#0/1	100.000	91	0	0	211	301	1	91	1.65e-39	169
NC_011593.1:c2598562-2597207	NB551033:88:H5VWJBGX7:3:21609:1317:15129#0/2	100.000	82	0	0	466	547	1	82	1.66e-34	152
NC_011593.1:c2598562-2597207	NB551033:88:H5VWJBGX7:3:21608:26735:15135#0/2	100.000	82	0	0	466	547	1	82	1.66e-34	152
NC_011593.1:c2598562-2597207	NB551033:88:H5VWJBGX7:3:21609:1317:15129#0/1	100.000	82	0	0	466	547	82	1	1.66e-34	152
NC_011593.1:c2598562-2597207	NB551033:88:H5VWJBGX7:3:21608:26735:15135#0/1	100.000	82	0	0	466	547	82	1	1.66e-34	152
NC_011593.1:c2598562-2597207	NB551033:88:H5VWJBGX7:2:23207:11958:13478#0/1	100.000	72	0	0	1285	1356	151	80	6.02e-29	134
NC_011593.1:c2598562-2597207	NB551033:88:H5VWJBGX7:1:21102:7902:5871#0/1	100.000	53	0	0	1220	1272	1	53	2.20e-18	99.0
NC_011593.1:c2598562-2597207	NB551033:88:H5VWJBGX7:1:13108:24853:18285#0/2	98.113	53	0	1	1262	1313	53	1	3.68e-16	91.6
NC_011593.1:c2598562-2597207	NB551033:88:H5VWJBGX7:1:21102:24915:5836#0/1	100.000	48	0	0	1225	1272	1	48	1.32e-15	89.8
NC_011593.1:c2598562-2597207	NB551033:88:H5VWJBGX7:2:13111:12321:3099#0/2	100.000	47	0	0	1310	1356	124	78	4.76e-15	87.9
NC_011593.1:c2598562-2597207	NB551033:88:H5VWJBGX7:2:13111:12321:3099#0/1	100.000	47	0	0	1310	1356	1	47	4.76e-15	87.9
NC_011593.1:c2598562-2597207	NB551033:88:H5VWJBGX7:3:21404:10871:10538#0/2	100.000	46	0	0	1311	1356	1	46	1.71e-14	86.1
NC_011593.1:c2598562-2597207	NB551033:88:H5VWJBGX7:2:23209:11653:17816#0/2	97.917	48	0	1	1262	1308	48	1	2.21e-13	82.4
NC_011593.1:c2598562-2597207	NB551033:88:H5VWJBGX7:2:11303:14495:20028#0/2	97.297	37	0	1	1262	1297	37	1	2.88e-07	62.1
# BLASTN 2.9.0+
# Query: NC_011593.1:2598858-2601929 Bifidobacterium longum subsp. infantis ATCC 15697, complete genome
# Database: db/blast_C0159-5F-2A_S57.faa
# Fields: query acc.ver, subject acc.ver, % identity, alignment length, mismatches, gap opens, q. start, q. end, s. start, s. end, evalue, bit score
# 260 hits found
NC_011593.1:2598858-2601929	NB551033:88:H5VWJBGX7:4:13507:7387:11372#0/2	100.000	151	0	0	965	1115	151	1	1.66e-72	279
NC_011593.1:2598858-2601929	NB551033:88:H5VWJBGX7:3:13602:26287:2139#0/2	100.000	151	0	0	1919	2069	151	1	1.66e-72	279
NC_011593.1:2598858-2601929	NB551033:88:H5VWJBGX7:3:11405:22752:3708#0/2	100.000	151	0	0	1621	1771	1	151	1.66e-72	279
NC_011593.1:2598858-2601929	NB551033:88:H5VWJBGX7:2:11201:12447:2722#0/2	100.000	151	0	0	1640	1790	1	151	1.66e-72	279
NC_011593.1:2598858-2601929	NB551033:88:H5VWJBGX7:1:12210:22170:18768#0/2	100.000	151	0	0	337	487	151	1	1.66e-72	279
NC_011593.1:2598858-2601929	NB551033:88:H5VWJBGX7:4:21407:17079:1433#0/1	100.000	151	0	0	186	336	151	1	1.66e-72	279
NC_011593.1:2598858-2601929	NB551033:88:H5VWJBGX7:2:23301:7150:4454#0/1	100.000	151	0	0	187	337	1	151	1.66e-72	279
NC_011593.1:2598858-2601929	NB551033:88:H5VWJBGX7:2:21307:14153:6206#0/1	100.000	151	0	0	2213	2363	151	1	1.66e-72	279
NC_011593.1:2598858-2601929	NB551033:88:H5VWJBGX7:2:13106:25251:15152#0/1	100.000	151	0	0	2405	2555	1	151	1.66e-72	279
NC_011593.1:2598858-2601929	NB551033:88:H5VWJBGX7:2:12110:19417:14516#0/1	100.000	151	0	0	366	516	1	151	1.66e-72	279
NC_011593.1:2598858-2601929	NB551033:88:H5VWJBGX7:4:21601:22932:5954#0/2	100.000	150	0	0	926	1075	1	150	5.97e-72	278
NC_011593.1:2598858-2601929	NB551033:88:H5VWJBGX7:3:11601:8847:6805#0/2	100.000	150	0	0	1714	1863	150	1	5.97e-72	278
NC_011593.1:2598858-2601929	NB551033:88:H5VWJBGX7:1:23301:19308:8494#0/2	100.000	150	0	0	1942	2091	150	1	5.97e-72	278
NC_011593.1:2598858-2601929	NB551033:88:H5VWJBGX7:2:13207:7381:12796#0/1	100.000	150	0	0	270	419	1	150	5.97e-72	278
NC_011593.1:2598858-2601929	NB551033:88:H5VWJBGX7:1:22211:23294:6354#0/1	100.000	150	0	0	1702	1851	150	1	5.97e-72	278
NC_011593.1:2598858-2601929	NB551033:88:H5VWJBGX7:3:21504:9615:4008#0/1	100.000	149	0	0	2398	2546	149	1	2.15e-71	276
NC_011593.1:2598858-2601929	NB551033:88:H5VWJBGX7:1:23206:22114:1155#0/1	100.000	149	0	0	1606	1754	1	149	2.15e-71	276
NC_011593.1:2598858-2601929	NB551033:88:H5VWJBGX7:4:21407:17079:1433#0/2	99.338	151	1	0	164	314	1	151	7.73e-71	274
NC_011593.1:2598858-2601929	NB551033:88:H5VWJBGX7:4:12407:6139:9736#0/2	99.338	151	1	0	310	460	1	151	7.73e-71	274
NC_011593.1:2598858-2601929	NB551033:88:H5VWJBGX7:3:12611:16247:11707#0/2	99.338	151	1	0	313	463	1	151	7.73e-71	274
NC_011593.1:2598858-2601929	NB551033:88:H5VWJBGX7:2:23301:7150:4454#0/2	99.342	152	0	1	294	445	151	1	7.73e-71	274
NC_011593.1:2598858-2601929	NB551033:88:H5VWJBGX7:2:22102:14909:11184#0/2	99.338	151	1	0	346	496	1	151	7.73e-71	274
NC_011593.1:2598858-2601929	NB551033:88:H5VWJBGX7:2:21109:17816:10880#0/2	99.338	151	1	0	311	461	1	151	7.73e-71	274
NC_011593.1:2598858-2601929	NB551033:88:H5VWJBGX7:2:13207:7381:12796#0/2	100.000	148	0	0	958	1105	148	1	7.73e-71	274
NC_011593.1:2598858-2601929	NB551033:88:H5VWJBGX7:1:22107:8183:12657#0/2	99.338	151	1	0	923	1073	151	1	7.73e-71	274
NC_011593.1:2598858-2601929	NB551033:88:H5VWJBGX7:4:12407:6139:9736#0/1	99.338	151	1	0	327	477	151	1	7.73e-71	274
NC_011593.1:2598858-2601929	NB551033:88:H5VWJBGX7:3:13602:26287:2139#0/1	99.338	151	1	0	1852	2002	1	151	7.73e-71	274
NC_011593.1:2598858-2601929	NB551033:88:H5VWJBGX7:2:23104:15645:4719#0/1	99.338	151	1	0	114	264	1	151	7.73e-71	274
NC_011593.1:2598858-2601929	NB551033:88:H5VWJBGX7:2:21310:9446:17550#0/1	99.338	151	1	0	1035	1185	151	1	7.73e-71	274
NC_011593.1:2598858-2601929	NB551033:88:H5VWJBGX7:2:11306:17241:8717#0/1	99.338	151	1	0	976	1126	1	151	7.73e-71	274
NC_011593.1:2598858-2601929	NB551033:88:H5VWJBGX7:1:21303:6344:18969#0/1	99.338	151	1	0	1852	2002	1	151	7.73e-71	274
NC_011593.1:2598858-2601929	NB551033:88:H5VWJBGX7:4:22509:2151:11965#0/2	99.333	150	1	0	1810	1959	150	1	2.78e-70	272
NC_011593.1:2598858-2601929	NB551033:88:H5VWJBGX7:3:21610:24390:11237#0/2	99.333	150	1	0	313	462	1	150	2.78e-70	272
NC_011593.1:2598858-2601929	NB551033:88:H5VWJBGX7:2:22303:12669:7558#0/2	99.333	150	1	0	1810	1959	150	1	2.78e-70	272
NC_011593.1:2598858-2601929	NB551033:88:H5VWJBGX7:2:21307:14153:6206#0/2	99.333	150	1	0	1824	1973	1	150	2.78e-70	272
NC_011593.1:2598858-2601929	NB551033:88:H5VWJBGX7:2:21305:3627:16691#0/2	99.333	150	1	0	1714	1863	150	1	2.78e-70	272
NC_011593.1:2598858-2601929	NB551033:88:H5VWJBGX7:2:11306:17241:8717#0/2	99.333	150	1	0	982	1131	150	1	2.78e-70	272
NC_011593.1:2598858-2601929	NB551033:88:H5VWJBGX7:1:23106:3497:1458#0/2	99.333	150	1	0	1788	1937	1	150	2.78e-70	272
NC_011593.1:2598858-2601929	NB551033:88:H5VWJBGX7:1:12309:14252:9194#0/2	99.333	150	1	0	989	1138	150	1	2.78e-70	272
NC_011593.1:2598858-2601929	NB551033:88:H5VWJBGX7:4:22509:2151:11965#0/1	99.333	150	1	0	1677	1826	1	150	2.78e-70	272
NC_011593.1:2598858-2601929	NB551033:88:H5VWJBGX7:4:21601:22932:5954#0/1	99.333	150	1	0	972	1121	150	1	2.78e-70	272
NC_011593.1:2598858-2601929	NB551033:88:H5VWJBGX7:4:11612:25256:14076#0/1	99.333	150	1	0	1200	1349	1	150	2.78e-70	272
NC_011593.1:2598858-2601929	NB551033:88:H5VWJBGX7:4:11512:18317:15386#0/1	99.333	150	1	0	1384	1533	150	1	2.78e-70	272
NC_011593.1:2598858-2601929	NB551033:88:H5VWJBGX7:3:22606:20488:17052#0/1	99.333	150	1	0	2192	2341	1	150	2.78e-70	272
NC_011593.1:2598858-2601929	NB551033:88:H5VWJBGX7:2:23302:13526:16710#0/1	99.333	150	1	0	369	518	151	2	2.78e-70	272
NC_011593.1:2598858-2601929	NB551033:88:H5VWJBGX7:1:23301:19308:8494#0/1	99.333	150	1	0	1863	2012	1	150	2.78e-70	272
NC_011593.1:2598858-2601929	NB551033:88:H5VWJBGX7:1:23210:18159:6309#0/1	99.333	150	1	0	1107	1256	1	150	2.78e-70	272
NC_011593.1:2598858-2601929	NB551033:88:H5VWJBGX7:1:23106:3497:1458#0/1	99.333	150	1	0	1805	1954	150	1	2.78e-70	272
NC_011593.1:2598858-2601929	NB551033:88:H5VWJBGX7:1:21302:22417:10361#0/1	99.333	150	1	0	1190	1339	1	150	2.78e-70	272
NC_011593.1:2598858-2601929	NB551033:88:H5VWJBGX7:1:21205:22659:15707#0/1	99.333	150	1	0	2223	2372	1	150	2.78e-70	272
NC_011593.1:2598858-2601929	NB551033:88:H5VWJBGX7:1:12312:5593:6268#0/1	99.333	150	1	0	1073	1222	150	1	2.78e-70	272
NC_011593.1:2598858-2601929	NB551033:88:H5VWJBGX7:3:22606:20488:17052#0/2	100.000	146	0	0	2383	2528	146	1	1.00e-69	270
NC_011593.1:2598858-2601929	NB551033:88:H5VWJBGX7:3:21504:9615:4008#0/2	99.329	149	1	0	2380	2528	3	151	1.00e-69	270
NC_011593.1:2598858-2601929	NB551033:88:H5VWJBGX7:2:12110:19417:14516#0/2	99.329	149	1	0	385	533	151	3	1.00e-69	270
NC_011593.1:2598858-2601929	NB551033:88:H5VWJBGX7:1:22106:25853:14028#0/2	99.329	149	1	0	385	533	151	3	1.00e-69	270
NC_011593.1:2598858-2601929	NB551033:88:H5VWJBGX7:1:11105:20349:10145#0/2	99.329	149	1	0	952	1100	149	1	1.00e-69	270
NC_011593.1:2598858-2601929	NB551033:88:H5VWJBGX7:3:11405:22752:3708#0/1	99.329	149	1	0	1859	2007	149	1	1.00e-69	270
NC_011593.1:2598858-2601929	NB551033:88:H5VWJBGX7:2:21207:22498:12152#0/1	99.329	149	1	0	2	150	1	149	1.00e-69	270
NC_011593.1:2598858-2601929	NB551033:88:H5VWJBGX7:2:11201:12447:2722#0/1	99.329	149	1	0	1858	2006	149	1	1.00e-69	270
NC_011593.1:2598858-2601929	NB551033:88:H5VWJBGX7:4:22509:13091:17946#0/2	98.675	151	2	0	1255	1405	1	151	3.59e-69	268
NC_011593.1:2598858-2601929	NB551033:88:H5VWJBGX7:4:11502:14390:6989#0/2	98.675	151	2	0	677	827	1	151	3.59e-69	268
NC_011593.1:2598858-2601929	NB551033:88:H5VWJBGX7:2:23104:15645:4719#0/2	98.675	151	2	0	657	807	151	1	3.59e-69	268
NC_011593.1:2598858-2601929	NB551033:88:H5VWJBGX7:2:22204:16222:10361#0/2	98.675	151	2	0	2465	2615	1	151	3.59e-69	268
NC_011593.1:2598858-2601929	NB551033:88:H5VWJBGX7:2:21311:16640:1979#0/2	98.675	151	2	0	2491	2641	151	1	3.59e-69	268
NC_011593.1:2598858-2601929	NB551033:88:H5VWJBGX7:2:21309:14851:15704#0/2	98.675	151	2	0	970	1120	1	151	3.59e-69	268
NC_011593.1:2598858-2601929	NB551033:88:H5VWJBGX7:2:13201:20050:16730#0/2	98.675	151	2	0	1496	1646	151	1	3.59e-69	268
NC_011593.1:2598858-2601929	NB551033:88:H5VWJBGX7:1:23210:18159:6309#0/2	98.675	151	2	0	1230	1380	151	1	3.59e-69	268
NC_011593.1:2598858-2601929	NB551033:88:H5VWJBGX7:1:23206:22114:1155#0/2	98.675	151	2	0	1781	1931	151	1	3.59e-69	268
NC_011593.1:2598858-2601929	NB551033:88:H5VWJBGX7:1:11202:9666:1344#0/2	98.675	151	2	0	1391	1541	1	151	3.59e-69	268
NC_011593.1:2598858-2601929	NB551033:88:H5VWJBGX7:1:11111:3777:18979#0/2	98.675	151	2	0	2465	2615	1	151	3.59e-69	268
NC_011593.1:2598858-2601929	NB551033:88:H5VWJBGX7:1:11104:8682:6544#0/2	98.675	151	2	0	614	764	1	151	3.59e-69	268
NC_011593.1:2598858-2601929	NB551033:88:H5VWJBGX7:4:22509:13091:17946#0/1	98.675	151	2	0	1350	1500	151	1	3.59e-69	268
NC_011593.1:2598858-2601929	NB551033:88:H5VWJBGX7:2:22204:16222:10361#0/1	98.675	151	2	0	2503	2653	151	1	3.59e-69	268
NC_011593.1:2598858-2601929	NB551033:88:H5VWJBGX7:2:21201:21744:11412#0/1	98.675	151	2	0	2870	3020	1	151	3.59e-69	268
NC_011593.1:2598858-2601929	NB551033:88:H5VWJBGX7:2:21109:17816:10880#0/1	98.675	151	2	0	617	767	151	1	3.59e-69	268
NC_011593.1:2598858-2601929	NB551033:88:H5VWJBGX7:2:13201:20050:16730#0/1	98.675	151	2	0	1492	1642	1	151	3.59e-69	268
NC_011593.1:2598858-2601929	NB551033:88:H5VWJBGX7:2:12303:6617:7409#0/1	98.675	151	2	0	2870	3020	1	151	3.59e-69	268
NC_011593.1:2598858-2601929	NB551033:88:H5VWJBGX7:1:23112:17881:20221#0/1	98.675	151	2	0	95	245	151	1	3.59e-69	268
NC_011593.1:2598858-2601929	NB551033:88:H5VWJBGX7:1:11202:9666:1344#0/1	98.675	151	2	0	1527	1677	151	1	3.59e-69	268
NC_011593.1:2598858-2601929	NB551033:88:H5VWJBGX7:1:11105:20349:10145#0/1	98.675	151	2	0	681	831	1	151	3.59e-69	268
NC_011593.1:2598858-2601929	NB551033:88:H5VWJBGX7:4:23603:15718:15932#0/2	98.667	150	2	0	64	213	150	1	1.29e-68	267
NC_011593.1:2598858-2601929	NB551033:88:H5VWJBGX7:4:12411:9948:11237#0/2	98.667	150	2	0	2883	3032	1	150	1.29e-68	267
NC_011593.1:2598858-2601929	NB551033:88:H5VWJBGX7:4:12408:13205:15618#0/2	98.667	150	2	0	2446	2595	1	150	1.29e-68	267
NC_011593.1:2598858-2601929	NB551033:88:H5VWJBGX7:4:11612:25256:14076#0/2	98.667	150	2	0	1232	1381	150	1	1.29e-68	267
NC_011593.1:2598858-2601929	NB551033:88:H5VWJBGX7:4:11512:18317:15386#0/2	98.667	150	2	0	1349	1498	1	150	1.29e-68	267
NC_011593.1:2598858-2601929	NB551033:88:H5VWJBGX7:3:23408:23932:1188#0/2	98.667	150	2	0	2790	2939	150	1	1.29e-68	267
NC_011593.1:2598858-2601929	NB551033:88:H5VWJBGX7:2:23302:13526:16710#0/2	98.667	150	2	0	31	180	1	150	1.29e-68	267
NC_011593.1:2598858-2601929	NB551033:88:H5VWJBGX7:2:12310:5688:15939#0/2	98.667	150	2	0	595	744	1	150	1.29e-68	267
NC_011593.1:2598858-2601929	NB551033:88:H5VWJBGX7:2:11310:19780:1878#0/2	98.667	150	2	0	2296	2445	150	1	1.29e-68	267
NC_011593.1:2598858-2601929	NB551033:88:H5VWJBGX7:1:11202:8674:14122#0/2	98.667	150	2	0	1407	1556	1	150	1.29e-68	267
NC_011593.1:2598858-2601929	NB551033:88:H5VWJBGX7:1:11102:11817:2756#0/2	98.667	150	2	0	2876	3025	150	1	1.29e-68	267
NC_011593.1:2598858-2601929	NB551033:88:H5VWJBGX7:4:23604:1987:5935#0/1	98.667	150	2	0	1863	2012	1	150	1.29e-68	267
NC_011593.1:2598858-2601929	NB551033:88:H5VWJBGX7:4:11612:3458:15666#0/1	98.667	150	2	0	2147	2296	1	150	1.29e-68	267
NC_011593.1:2598858-2601929	NB551033:88:H5VWJBGX7:2:22303:12669:7558#0/1	98.667	150	2	0	1532	1681	1	150	1.29e-68	267
NC_011593.1:2598858-2601929	NB551033:88:H5VWJBGX7:1:12210:22170:18768#0/1	98.667	150	2	0	36	185	1	150	1.29e-68	267
NC_011593.1:2598858-2601929	NB551033:88:H5VWJBGX7:3:22606:3182:5726#0/2	98.658	149	2	0	171	319	149	1	4.65e-68	265
NC_011593.1:2598858-2601929	NB551033:88:H5VWJBGX7:2:12303:6617:7409#0/2	98.658	149	2	0	2908	3056	150	2	4.65e-68	265
NC_011593.1:2598858-2601929	NB551033:88:H5VWJBGX7:1:22211:23294:6354#0/2	98.658	149	2	0	1480	1628	2	150	4.65e-68	265
NC_011593.1:2598858-2601929	NB551033:88:H5VWJBGX7:1:21307:5595:13843#0/2	98.658	149	2	0	2894	3042	1	149	4.65e-68	265
NC_011593.1:2598858-2601929	NB551033:88:H5VWJBGX7:3:22606:3182:5726#0/1	98.658	149	2	0	137	285	1	149	4.65e-68	265
NC_011593.1:2598858-2601929	NB551033:88:H5VWJBGX7:3:21610:24390:11237#0/1	98.658	149	2	0	565	713	149	1	4.65e-68	265
NC_011593.1:2598858-2601929	NB551033:88:H5VWJBGX7:3:12611:16247:11707#0/1	98.658	149	2	0	565	713	149	1	4.65e-68	265
NC_011593.1:2598858-2601929	NB551033:88:H5VWJBGX7:4:12602:11585:9470#0/2	98.013	151	3	0	2632	2782	1	151	1.67e-67	263
NC_011593.1:2598858-2601929	NB551033:88:H5VWJBGX7:2:21207:22498:12152#0/2	98.649	148	2	0	390	537	148	1	1.67e-67	263
NC_011593.1:2598858-2601929	NB551033:88:H5VWJBGX7:2:13203:24440:1929#0/2	98.013	151	3	0	2846	2996	151	1	1.67e-67	263
NC_011593.1:2598858-2601929	NB551033:88:H5VWJBGX7:1:22202:23756:15962#0/2	98.013	151	3	0	2080	2230	1	151	1.67e-67	263
NC_011593.1:2598858-2601929	NB551033:88:H5VWJBGX7:1:21205:22659:15707#0/2	98.013	151	3	0	2277	2427	151	1	1.67e-67	263
NC_011593.1:2598858-2601929	NB551033:88:H5VWJBGX7:1:21105:26136:13971#0/2	98.013	151	3	0	2632	2782	1	151	1.67e-67	263
NC_011593.1:2598858-2601929	NB551033:88:H5VWJBGX7:1:12304:17198:1457#0/2	98.013	151	3	0	1167	1317	1	151	1.67e-67	263
NC_011593.1:2598858-2601929	NB551033:88:H5VWJBGX7:1:12208:14895:18130#0/2	98.013	151	3	0	2632	2782	1	151	1.67e-67	263
NC_011593.1:2598858-2601929	NB551033:88:H5VWJBGX7:1:12105:25241:13101#0/2	98.013	151	3	0	2048	2198	1	151	1.67e-67	263
NC_011593.1:2598858-2601929	NB551033:88:H5VWJBGX7:4:12602:11585:9470#0/1	98.013	151	3	0	2636	2786	151	1	1.67e-67	263
NC_011593.1:2598858-2601929	NB551033:88:H5VWJBGX7:4:11503:10507:18318#0/1	98.013	151	3	0	2919	3069	151	1	1.67e-67	263
NC_011593.1:2598858-2601929	NB551033:88:H5VWJBGX7:3:23504:10364:9388#0/1	98.013	151	3	0	2607	2757	151	1	1.67e-67	263
NC_011593.1:2598858-2601929	NB551033:88:H5VWJBGX7:3:11601:8847:6805#0/1	98.013	151	3	0	1255	1405	1	151	1.67e-67	263
NC_011593.1:2598858-2601929	NB551033:88:H5VWJBGX7:2:21311:11188:14332#0/1	98.013	151	3	0	1295	1445	151	1	1.67e-67	263
NC_011593.1:2598858-2601929	NB551033:88:H5VWJBGX7:2:21309:14851:15704#0/1	98.013	151	3	0	1350	1500	151	1	1.67e-67	263
NC_011593.1:2598858-2601929	NB551033:88:H5VWJBGX7:2:21302:22891:11640#0/1	98.013	151	3	0	1295	1445	151	1	1.67e-67	263
NC_011593.1:2598858-2601929	NB551033:88:H5VWJBGX7:2:13106:11089:11014#0/1	98.013	151	3	0	2905	3055	1	151	1.67e-67	263
NC_011593.1:2598858-2601929	NB551033:88:H5VWJBGX7:1:22202:23756:15962#0/1	98.013	151	3	0	2137	2287	151	1	1.67e-67	263
NC_011593.1:2598858-2601929	NB551033:88:H5VWJBGX7:1:22106:25853:14028#0/1	98.013	151	3	0	69	219	1	151	1.67e-67	263
NC_011593.1:2598858-2601929	NB551033:88:H5VWJBGX7:1:21105:26136:13971#0/1	98.013	151	3	0	2636	2786	151	1	1.67e-67	263
NC_011593.1:2598858-2601929	NB551033:88:H5VWJBGX7:1:12304:17198:1457#0/1	98.013	151	3	0	1337	1487	151	1	1.67e-67	263
NC_011593.1:2598858-2601929	NB551033:88:H5VWJBGX7:1:12208:14895:18130#0/1	98.013	151	3	0	2636	2786	151	1	1.67e-67	263
NC_011593.1:2598858-2601929	NB551033:88:H5VWJBGX7:1:12105:25241:13101#0/1	98.013	151	3	0	2064	2214	151	1	1.67e-67	263
NC_011593.1:2598858-2601929	NB551033:88:H5VWJBGX7:4:11612:3458:15666#0/2	98.000	150	3	0	2294	2443	150	1	6.02e-67	261
NC_011593.1:2598858-2601929	NB551033:88:H5VWJBGX7:3:23504:10364:9388#0/2	98.639	147	2	0	2576	2722	1	147	6.02e-67	261
NC_011593.1:2598858-2601929	NB551033:88:H5VWJBGX7:3:12512:25178:16659#0/2	98.000	150	3	0	1151	1300	150	1	6.02e-67	261
NC_011593.1:2598858-2601929	NB551033:88:H5VWJBGX7:2:21302:22891:11640#0/2	98.000	150	3	0	1195	1344	1	150	6.02e-67	261
NC_011593.1:2598858-2601929	NB551033:88:H5VWJBGX7:2:11107:2835:13674#0/2	98.000	150	3	0	2147	2296	1	150	6.02e-67	261
NC_011593.1:2598858-2601929	NB551033:88:H5VWJBGX7:1:13106:24310:13577#0/2	98.000	150	3	0	2534	2683	1	150	6.02e-67	261
NC_011593.1:2598858-2601929	NB551033:88:H5VWJBGX7:4:22512:20506:1453#0/1	98.000	150	3	0	682	831	1	150	6.02e-67	261
NC_011593.1:2598858-2601929	NB551033:88:H5VWJBGX7:3:13611:7924:9612#0/1	98.000	150	3	0	1105	1254	150	1	6.02e-67	261
NC_011593.1:2598858-2601929	NB551033:88:H5VWJBGX7:3:12512:25178:16659#0/1	98.000	150	3	0	1151	1300	1	150	6.02e-67	261
NC_011593.1:2598858-2601929	NB551033:88:H5VWJBGX7:2:11107:2835:13674#0/1	98.000	150	3	0	2378	2527	150	1	6.02e-67	261
NC_011593.1:2598858-2601929	NB551033:88:H5VWJBGX7:1:11202:8674:14122#0/1	98.000	150	3	0	1417	1566	150	1	6.02e-67	261
NC_011593.1:2598858-2601929	NB551033:88:H5VWJBGX7:1:11104:8682:6544#0/1	98.639	147	2	0	628	774	149	3	6.02e-67	261
NC_011593.1:2598858-2601929	NB551033:88:H5VWJBGX7:4:21504:21893:7122#0/2	100.000	140	0	0	976	1115	1	140	2.16e-66	259
NC_011593.1:2598858-2601929	NB551033:88:H5VWJBGX7:4:11503:10507:18318#0/2	97.987	149	3	0	2529	2677	1	149	2.16e-66	259
NC_011593.1:2598858-2601929	NB551033:88:H5VWJBGX7:2:21201:21744:11412#0/2	97.987	149	3	0	2924	3072	151	3	2.16e-66	259
NC_011593.1:2598858-2601929	NB551033:88:H5VWJBGX7:2:13309:11462:2713#0/2	97.987	149	3	0	87	235	1	149	2.16e-66	259
NC_011593.1:2598858-2601929	NB551033:88:H5VWJBGX7:2:12109:11454:12142#0/2	98.630	146	2	0	31	176	146	1	2.16e-66	259
NC_011593.1:2598858-2601929	NB551033:88:H5VWJBGX7:4:21504:21893:7122#0/1	100.000	140	0	0	976	1115	140	1	2.16e-66	259
NC_011593.1:2598858-2601929	NB551033:88:H5VWJBGX7:3:11603:7596:14725#0/1	97.987	149	3	0	553	701	149	1	2.16e-66	259
NC_011593.1:2598858-2601929	NB551033:88:H5VWJBGX7:2:23307:3883:12750#0/1	99.301	143	1	0	31	173	1	143	2.16e-66	259
NC_011593.1:2598858-2601929	NB551033:88:H5VWJBGX7:2:13309:11462:2713#0/1	97.987	149	3	0	87	235	149	1	2.16e-66	259
NC_011593.1:2598858-2601929	NB551033:88:H5VWJBGX7:2:12109:11454:12142#0/1	99.301	143	1	0	31	173	1	143	2.16e-66	259
NC_011593.1:2598858-2601929	NB551033:88:H5VWJBGX7:2:23307:3883:12750#0/2	98.621	145	2	0	32	176	145	1	7.78e-66	257
NC_011593.1:2598858-2601929	NB551033:88:H5VWJBGX7:2:22112:17644:12332#0/2	97.351	151	4	0	779	929	151	1	7.78e-66	257
NC_011593.1:2598858-2601929	NB551033:88:H5VWJBGX7:1:12312:5593:6268#0/2	97.351	151	4	0	880	1030	1	151	7.78e-66	257
NC_011593.1:2598858-2601929	NB551033:88:H5VWJBGX7:2:21305:3627:16691#0/1	97.973	148	3	0	1454	1601	1	148	7.78e-66	257
NC_011593.1:2598858-2601929	NB551033:88:H5VWJBGX7:1:21307:5595:13843#0/1	97.973	148	3	0	2917	3064	148	1	7.78e-66	257
NC_011593.1:2598858-2601929	NB551033:88:H5VWJBGX7:1:13106:24310:13577#0/1	97.351	151	4	0	2636	2786	151	1	7.78e-66	257
NC_011593.1:2598858-2601929	NB551033:88:H5VWJBGX7:1:11111:3777:18979#0/1	97.351	151	4	0	2707	2857	151	1	7.78e-66	257
NC_011593.1:2598858-2601929	NB551033:88:H5VWJBGX7:1:11102:11817:2756#0/1	97.351	151	4	0	2713	2863	1	151	7.78e-66	257
NC_011593.1:2598858-2601929	NB551033:88:H5VWJBGX7:4:11502:14390:6989#0/1	97.333	150	4	0	791	940	150	1	2.80e-65	255
NC_011593.1:2598858-2601929	NB551033:88:H5VWJBGX7:2:22112:17644:12332#0/1	98.611	144	2	0	749	892	1	144	2.80e-65	255
NC_011593.1:2598858-2601929	NB551033:88:H5VWJBGX7:2:21311:16640:1979#0/1	97.959	147	3	0	2031	2177	1	147	2.80e-65	255
NC_011593.1:2598858-2601929	NB551033:88:H5VWJBGX7:2:13203:24440:1929#0/1	97.333	150	4	0	2680	2829	1	150	2.80e-65	255
NC_011593.1:2598858-2601929	NB551033:88:H5VWJBGX7:1:12309:14252:9194#0/1	97.333	150	4	0	743	892	1	150	2.80e-65	255
NC_011593.1:2598858-2601929	NB551033:88:H5VWJBGX7:3:11603:7596:14725#0/2	97.315	149	4	0	91	239	1	149	1.01e-64	254
NC_011593.1:2598858-2601929	NB551033:88:H5VWJBGX7:2:21311:11188:14332#0/2	96.689	151	5	0	826	976	1	151	3.62e-64	252
NC_011593.1:2598858-2601929	NB551033:88:H5VWJBGX7:2:21310:9446:17550#0/2	96.689	151	5	0	826	976	1	151	3.62e-64	252
NC_011593.1:2598858-2601929	NB551033:88:H5VWJBGX7:4:13507:7387:11372#0/1	96.689	151	5	0	826	976	1	151	3.62e-64	252
NC_011593.1:2598858-2601929	NB551033:88:H5VWJBGX7:3:23408:23932:1188#0/1	96.689	151	5	0	2632	2782	1	151	3.62e-64	252
NC_011593.1:2598858-2601929	NB551033:88:H5VWJBGX7:2:22102:14909:11184#0/1	96.689	151	5	0	448	598	151	1	3.62e-64	252
NC_011593.1:2598858-2601929	NB551033:88:H5VWJBGX7:1:22107:8183:12657#0/1	96.689	151	5	0	826	976	1	151	3.62e-64	252
NC_011593.1:2598858-2601929	NB551033:88:H5VWJBGX7:1:21106:12674:2815#0/1	96.689	151	5	0	479	629	1	151	3.62e-64	252
NC_011593.1:2598858-2601929	NB551033:88:H5VWJBGX7:1:12311:23974:13825#0/1	97.297	148	4	0	403	550	151	4	3.62e-64	252
NC_011593.1:2598858-2601929	NB551033:88:H5VWJBGX7:4:22506:26306:14816#0/2	96.667	150	5	0	545	694	1	150	1.30e-63	250
NC_011593.1:2598858-2601929	NB551033:88:H5VWJBGX7:4:22506:26306:14816#0/1	96.667	150	5	0	780	929	150	1	1.30e-63	250
NC_011593.1:2598858-2601929	NB551033:88:H5VWJBGX7:4:12408:13205:15618#0/1	96.667	150	5	0	2639	2788	150	1	1.30e-63	250
NC_011593.1:2598858-2601929	NB551033:88:H5VWJBGX7:3:22510:21799:8308#0/1	96.667	150	5	0	799	948	1	150	1.30e-63	250
NC_011593.1:2598858-2601929	NB551033:88:H5VWJBGX7:1:12311:2789:10556#0/1	98.582	141	2	0	677	817	1	141	1.30e-63	250
NC_011593.1:2598858-2601929	NB551033:88:H5VWJBGX7:2:11107:16445:3202#0/2	100.000	134	0	0	967	1100	1	134	4.68e-63	248
NC_011593.1:2598858-2601929	NB551033:88:H5VWJBGX7:1:21303:6344:18969#0/2	96.644	149	5	0	2085	2233	150	2	4.68e-63	248
NC_011593.1:2598858-2601929	NB551033:88:H5VWJBGX7:1:21106:12674:2815#0/2	97.260	146	4	0	553	698	146	1	4.68e-63	248
NC_011593.1:2598858-2601929	NB551033:88:H5VWJBGX7:2:11107:16445:3202#0/1	100.000	134	0	0	967	1100	134	1	4.68e-63	248
NC_011593.1:2598858-2601929	NB551033:88:H5VWJBGX7:1:23304:14215:13321#0/2	97.887	142	3	0	651	792	142	1	1.68e-62	246
NC_011593.1:2598858-2601929	NB551033:88:H5VWJBGX7:2:12310:5688:15939#0/1	96.026	151	6	0	769	919	151	1	1.68e-62	246
NC_011593.1:2598858-2601929	NB551033:88:H5VWJBGX7:2:11310:19780:1878#0/1	96.026	151	6	0	2112	2262	1	151	1.68e-62	246
NC_011593.1:2598858-2601929	NB551033:88:H5VWJBGX7:1:23304:14215:13321#0/1	97.887	142	3	0	651	792	1	142	1.68e-62	246
NC_011593.1:2598858-2601929	NB551033:88:H5VWJBGX7:2:21304:3208:11867#0/2	100.000	128	0	0	1558	1685	1	128	1.01e-59	237
NC_011593.1:2598858-2601929	NB551033:88:H5VWJBGX7:2:21304:3208:11867#0/1	100.000	128	0	0	1558	1685	128	1	1.01e-59	237
NC_011593.1:2598858-2601929	NB551033:88:H5VWJBGX7:3:12502:13018:4545#0/2	97.794	136	3	0	2937	3072	1	136	3.65e-59	235
NC_011593.1:2598858-2601929	NB551033:88:H5VWJBGX7:1:12201:12615:12366#0/2	100.000	126	0	0	1971	2096	126	1	1.31e-58	233
NC_011593.1:2598858-2601929	NB551033:88:H5VWJBGX7:1:12201:12615:12366#0/1	100.000	126	0	0	1971	2096	1	126	1.31e-58	233
NC_011593.1:2598858-2601929	NB551033:88:H5VWJBGX7:3:21503:10149:20378#0/1	97.761	134	3	0	2634	2767	1	134	4.72e-58	231
NC_011593.1:2598858-2601929	NB551033:88:H5VWJBGX7:3:13611:7924:9612#0/2	96.403	139	5	0	545	683	1	139	1.70e-57	230
NC_011593.1:2598858-2601929	NB551033:88:H5VWJBGX7:2:11110:10745:9854#0/2	100.000	121	0	0	1740	1860	121	1	7.89e-56	224
NC_011593.1:2598858-2601929	NB551033:88:H5VWJBGX7:2:11110:10745:9854#0/1	100.000	121	0	0	1740	1860	1	121	7.89e-56	224
NC_011593.1:2598858-2601929	NB551033:88:H5VWJBGX7:2:12208:6959:5624#0/2	99.187	123	1	0	1	123	123	1	2.84e-55	222
NC_011593.1:2598858-2601929	NB551033:88:H5VWJBGX7:1:23306:13656:3105#0/2	99.180	122	1	0	1	122	122	1	1.02e-54	220
NC_011593.1:2598858-2601929	NB551033:88:H5VWJBGX7:1:22310:7505:12510#0/1	99.180	122	1	0	1	122	122	1	1.02e-54	220
NC_011593.1:2598858-2601929	NB551033:88:H5VWJBGX7:3:21503:10149:20378#0/2	96.800	125	4	0	2901	3025	125	1	6.14e-52	211
NC_011593.1:2598858-2601929	NB551033:88:H5VWJBGX7:2:13112:14076:18953#0/2	99.123	114	1	0	1320	1433	114	1	2.86e-50	206
NC_011593.1:2598858-2601929	NB551033:88:H5VWJBGX7:2:13112:14076:18953#0/1	99.123	114	1	0	1320	1433	1	114	2.86e-50	206
NC_011593.1:2598858-2601929	NB551033:88:H5VWJBGX7:4:23604:1987:5935#0/2	97.479	119	3	0	2493	2611	119	1	1.03e-49	204
NC_011593.1:2598858-2601929	NB551033:88:H5VWJBGX7:4:22512:20506:1453#0/2	100.000	109	0	0	1046	1154	109	1	3.70e-49	202
NC_011593.1:2598858-2601929	NB551033:88:H5VWJBGX7:2:13106:25251:15152#0/2	99.107	112	1	0	2607	2718	112	1	3.70e-49	202
NC_011593.1:2598858-2601929	NB551033:88:H5VWJBGX7:1:23210:8971:9621#0/2	95.935	123	5	0	527	649	123	1	1.33e-48	200
NC_011593.1:2598858-2601929	NB551033:88:H5VWJBGX7:1:23210:8971:9621#0/1	95.935	123	5	0	527	649	1	123	1.33e-48	200
NC_011593.1:2598858-2601929	NB551033:88:H5VWJBGX7:4:12607:3029:5369#0/2	97.414	116	3	0	2957	3072	1	116	4.78e-48	198
NC_011593.1:2598858-2601929	NB551033:88:H5VWJBGX7:3:13505:12153:14878#0/1	99.091	110	1	0	1	110	110	1	4.78e-48	198
NC_011593.1:2598858-2601929	NB551033:88:H5VWJBGX7:4:21606:9366:17520#0/2	99.083	109	1	0	992	1100	1	109	1.72e-47	196
NC_011593.1:2598858-2601929	NB551033:88:H5VWJBGX7:4:21606:9366:17520#0/1	99.083	109	1	0	992	1100	109	1	1.72e-47	196
NC_011593.1:2598858-2601929	NB551033:88:H5VWJBGX7:2:12208:6959:5624#0/1	100.000	106	0	0	1	106	46	151	1.72e-47	196
NC_011593.1:2598858-2601929	NB551033:88:H5VWJBGX7:3:23601:12882:2103#0/2	99.057	106	1	0	346	451	106	1	8.00e-46	191
NC_011593.1:2598858-2601929	NB551033:88:H5VWJBGX7:3:23601:12882:2103#0/1	99.057	106	1	0	346	451	1	106	8.00e-46	191
NC_011593.1:2598858-2601929	NB551033:88:H5VWJBGX7:3:23507:26513:18269#0/2	99.048	105	1	0	2778	2882	1	105	2.88e-45	189
NC_011593.1:2598858-2601929	NB551033:88:H5VWJBGX7:3:23507:26513:18269#0/1	99.048	105	1	0	2778	2882	105	1	2.88e-45	189
NC_011593.1:2598858-2601929	NB551033:88:H5VWJBGX7:2:21202:4511:14119#0/2	100.000	101	0	0	2422	2522	101	1	1.04e-44	187
NC_011593.1:2598858-2601929	NB551033:88:H5VWJBGX7:2:21202:4511:14119#0/1	100.000	101	0	0	2422	2522	1	101	1.04e-44	187
NC_011593.1:2598858-2601929	NB551033:88:H5VWJBGX7:2:21107:14379:13661#0/2	98.077	104	2	0	142	245	104	1	4.82e-43	182
NC_011593.1:2598858-2601929	NB551033:88:H5VWJBGX7:1:12307:7070:4221#0/2	98.077	104	2	0	1481	1584	1	104	4.82e-43	182
NC_011593.1:2598858-2601929	NB551033:88:H5VWJBGX7:2:21107:14379:13661#0/1	98.077	104	2	0	142	245	1	104	4.82e-43	182
NC_011593.1:2598858-2601929	NB551033:88:H5VWJBGX7:1:12307:7070:4221#0/1	97.196	107	3	0	1481	1587	107	1	4.82e-43	182
NC_011593.1:2598858-2601929	NB551033:88:H5VWJBGX7:1:13309:5772:18734#0/2	98.990	99	1	0	1873	1971	1	99	6.23e-42	178
NC_011593.1:2598858-2601929	NB551033:88:H5VWJBGX7:1:13309:5772:18734#0/1	98.990	99	1	0	1873	1971	99	1	6.23e-42	178
NC_011593.1:2598858-2601929	NB551033:88:H5VWJBGX7:1:21302:22417:10361#0/2	98.958	96	1	0	1412	1507	96	1	2.90e-40	172
NC_011593.1:2598858-2601929	NB551033:88:H5VWJBGX7:4:11405:7688:4109#0/2	98.947	95	1	0	2880	2974	95	1	1.04e-39	171
NC_011593.1:2598858-2601929	NB551033:88:H5VWJBGX7:2:22107:20078:12917#0/2	95.327	107	5	0	497	603	1	107	1.04e-39	171
NC_011593.1:2598858-2601929	NB551033:88:H5VWJBGX7:4:11405:7688:4109#0/1	98.947	95	1	0	2880	2974	1	95	1.04e-39	171
NC_011593.1:2598858-2601929	NB551033:88:H5VWJBGX7:2:22107:20078:12917#0/1	95.327	107	5	0	497	603	107	1	1.04e-39	171
NC_011593.1:2598858-2601929	NB551033:88:H5VWJBGX7:3:12602:17699:15753#0/2	98.936	94	1	0	1092	1185	94	1	3.75e-39	169
NC_011593.1:2598858-2601929	NB551033:88:H5VWJBGX7:3:12602:17699:15753#0/1	98.936	94	1	0	1092	1185	1	94	3.75e-39	169
NC_011593.1:2598858-2601929	NB551033:88:H5VWJBGX7:1:11306:14332:2570#0/2	100.000	89	0	0	1	89	89	1	4.85e-38	165
NC_011593.1:2598858-2601929	NB551033:88:H5VWJBGX7:1:23302:26512:9005#0/1	100.000	89	0	0	1	89	89	1	4.85e-38	165
NC_011593.1:2598858-2601929	NB551033:88:H5VWJBGX7:1:11306:14332:2570#0/1	100.000	89	0	0	1	89	25	113	4.85e-38	165
NC_011593.1:2598858-2601929	NB551033:88:H5VWJBGX7:3:22510:21799:8308#0/2	98.851	87	1	0	1047	1133	87	1	2.92e-35	156
NC_011593.1:2598858-2601929	NB551033:88:H5VWJBGX7:1:22101:2398:6060#0/2	97.778	90	2	0	1449	1538	90	1	2.92e-35	156
NC_011593.1:2598858-2601929	NB551033:88:H5VWJBGX7:1:22101:2398:6060#0/1	98.851	87	1	0	1449	1535	1	87	2.92e-35	156
NC_011593.1:2598858-2601929	NB551033:88:H5VWJBGX7:3:21608:6348:15087#0/2	98.837	86	1	0	115	200	1	86	1.05e-34	154
NC_011593.1:2598858-2601929	NB551033:88:H5VWJBGX7:2:21302:9297:10880#0/2	100.000	83	0	0	241	323	83	1	1.05e-34	154
NC_011593.1:2598858-2601929	NB551033:88:H5VWJBGX7:3:21608:6348:15087#0/1	98.837	86	1	0	115	200	86	1	1.05e-34	154
NC_011593.1:2598858-2601929	NB551033:88:H5VWJBGX7:2:21302:9297:10880#0/1	100.000	83	0	0	241	323	1	83	1.05e-34	154
NC_011593.1:2598858-2601929	NB551033:88:H5VWJBGX7:1:21312:24998:14064#0/2	98.824	85	1	0	2912	2996	85	1	3.78e-34	152
NC_011593.1:2598858-2601929	NB551033:88:H5VWJBGX7:1:21312:24998:14064#0/1	98.824	85	1	0	2912	2996	1	85	3.78e-34	152
NC_011593.1:2598858-2601929	NB551033:88:H5VWJBGX7:4:23603:15718:15932#0/1	100.000	81	0	0	1	81	70	150	1.36e-33	150
NC_011593.1:2598858-2601929	NB551033:88:H5VWJBGX7:2:22205:19570:1463#0/1	97.674	86	2	0	2987	3072	1	86	4.89e-33	148
NC_011593.1:2598858-2601929	NB551033:88:H5VWJBGX7:2:12302:15451:17754#0/2	100.000	77	0	0	1	77	77	1	2.27e-31	143
NC_011593.1:2598858-2601929	NB551033:88:H5VWJBGX7:4:12406:10240:7355#0/1	96.471	85	3	0	2988	3072	1	85	8.18e-31	141
NC_011593.1:2598858-2601929	NB551033:88:H5VWJBGX7:4:22605:8659:12618#0/2	98.718	78	1	0	2870	2947	1	78	2.94e-30	139
NC_011593.1:2598858-2601929	NB551033:88:H5VWJBGX7:4:22605:8659:12618#0/1	98.718	78	1	0	2870	2947	78	1	2.94e-30	139
NC_011593.1:2598858-2601929	NB551033:88:H5VWJBGX7:2:12108:7390:5699#0/2	97.500	80	2	0	2527	2606	1	80	1.06e-29	137
NC_011593.1:2598858-2601929	NB551033:88:H5VWJBGX7:1:12311:2789:10556#0/2	95.349	86	4	0	868	953	86	1	1.06e-29	137
NC_011593.1:2598858-2601929	NB551033:88:H5VWJBGX7:2:12108:7390:5699#0/1	97.500	80	2	0	2527	2606	80	1	1.06e-29	137
NC_011593.1:2598858-2601929	NB551033:88:H5VWJBGX7:1:13112:18812:16088#0/2	98.630	73	1	0	1	73	49	121	1.77e-27	130
NC_011593.1:2598858-2601929	NB551033:88:H5VWJBGX7:1:13112:18812:16088#0/1	98.630	73	1	0	1	73	73	1	1.77e-27	130
NC_011593.1:2598858-2601929	NB551033:88:H5VWJBGX7:1:23112:17881:20221#0/2	100.000	67	0	0	1	67	84	150	8.23e-26	124
NC_011593.1:2598858-2601929	NB551033:88:H5VWJBGX7:2:22205:23869:4954#0/1	98.507	67	1	0	1	67	67	1	3.83e-24	119
NC_011593.1:2598858-2601929	NB551033:88:H5VWJBGX7:1:13303:2264:20216#0/2	97.101	69	2	0	3004	3072	1	69	1.38e-23	117
NC_011593.1:2598858-2601929	NB551033:88:H5VWJBGX7:2:12302:15451:17754#0/1	100.000	59	0	0	1	59	93	151	2.31e-21	110
NC_011593.1:2598858-2601929	NB551033:88:H5VWJBGX7:4:12611:5695:15947#0/2	96.429	56	2	0	3017	3072	1	56	2.32e-16	93.5
NC_011593.1:2598858-2601929	NB551033:88:H5VWJBGX7:3:22408:25487:7580#0/2	98.039	51	1	0	619	669	6	56	3.00e-15	89.8
NC_011593.1:2598858-2601929	NB551033:88:H5VWJBGX7:3:22408:25487:7580#0/1	98.039	51	1	0	619	669	137	87	3.00e-15	89.8
NC_011593.1:2598858-2601929	NB551033:88:H5VWJBGX7:2:13103:24068:11375#0/2	100.000	40	0	0	1	40	93	132	8.41e-11	75.0
NC_011593.1:2598858-2601929	NB551033:88:H5VWJBGX7:2:13103:24068:11375#0/1	100.000	40	0	0	1	40	40	1	8.41e-11	75.0
NC_011593.1:2598858-2601929	NB551033:88:H5VWJBGX7:1:23302:26512:9005#0/2	100.000	37	0	0	1	37	113	149	3.91e-09	69.4
NC_011593.1:2598858-2601929	NB551033:88:H5VWJBGX7:1:23306:13656:3105#0/1	100.000	37	0	0	1	37	114	150	3.91e-09	69.4
# BLASTN 2.9.0+
# Query: NC_011593.1:c2604454-2602106 Bifidobacterium longum subsp. infantis ATCC 15697, complete genome
# Database: db/blast_C0159-5F-2A_S57.faa
# 0 hits found
# BLASTN 2.9.0+
# Query: NC_011593.1:c2605922-2604486 Bifidobacterium longum subsp. infantis ATCC 15697, complete genome
# Database: db/blast_C0159-5F-2A_S57.faa
# 0 hits found
# BLASTN 2.9.0+
# Query: NC_011593.1:c2606381-2605944 Bifidobacterium longum subsp. infantis ATCC 15697, complete genome
# Database: db/blast_C0159-5F-2A_S57.faa
# 0 hits found
# BLASTN 2.9.0+
# Query: NC_011593.1:c2607314-2606418 Bifidobacterium longum subsp. infantis ATCC 15697, complete genome
# Database: db/blast_C0159-5F-2A_S57.faa
# 0 hits found
# BLASTN 2.9.0+
# Query: NC_011593.1:c2608249-2607458 Bifidobacterium longum subsp. infantis ATCC 15697, complete genome
# Database: db/blast_C0159-5F-2A_S57.faa
# 0 hits found
# BLASTN 2.9.0+
# Query: NC_011593.1:c2609546-2608269 Bifidobacterium longum subsp. infantis ATCC 15697, complete genome
# Database: db/blast_C0159-5F-2A_S57.faa
# 0 hits found
# BLASTN 2.9.0+
# Query: NC_011593.1:c2610356-2609697 Bifidobacterium longum subsp. infantis ATCC 15697, complete genome
# Database: db/blast_C0159-5F-2A_S57.faa
# 0 hits found
# BLASTN 2.9.0+
# Query: NC_011593.1:c2611458-2610496 Bifidobacterium longum subsp. infantis ATCC 15697, complete genome
# Database: db/blast_C0159-5F-2A_S57.faa
# 0 hits found
# BLASTN 2.9.0+
# Query: NC_011593.1:c2612430-2611477 Bifidobacterium longum subsp. infantis ATCC 15697, complete genome
# Database: db/blast_C0159-5F-2A_S57.faa
# 0 hits found
# BLASTN 2.9.0+
# Query: NC_011593.1:c2614109-2612517 Bifidobacterium longum subsp. infantis ATCC 15697, complete genome
# Database: db/blast_C0159-5F-2A_S57.faa
# 0 hits found
# BLASTN 2.9.0+
# Query: NC_011593.1:c2615274-2614312 Bifidobacterium longum subsp. infantis ATCC 15697, complete genome
# Database: db/blast_C0159-5F-2A_S57.faa
# 0 hits found
# BLASTN 2.9.0+
# Query: NC_011593.1:c2616246-2615293 Bifidobacterium longum subsp. infantis ATCC 15697, complete genome
# Database: db/blast_C0159-5F-2A_S57.faa
# 0 hits found
# BLASTN 2.9.0+
# Query: NC_011593.1:c2617928-2616333 Bifidobacterium longum subsp. infantis ATCC 15697, complete genome
# Database: db/blast_C0159-5F-2A_S57.faa
# 0 hits found
# BLASTN 2.9.0+
# Query: NC_011593.1:c2619247-2618063 Bifidobacterium longum subsp. infantis ATCC 15697, complete genome
# Database: db/blast_C0159-5F-2A_S57.faa
# 0 hits found
# BLASTN 2.9.0+
# Query: NC_011593.1:c2620369-2619413 Bifidobacterium longum subsp. infantis ATCC 15697, complete genome
# Database: db/blast_C0159-5F-2A_S57.faa
# 0 hits found
# BLASTN 2.9.0+
# Query: NC_011593.1:c2622143-2620551 Bifidobacterium longum subsp. infantis ATCC 15697, complete genome
# Database: db/blast_C0159-5F-2A_S57.faa
# 0 hits found
# BLASTN 2.9.0+
# Query: NC_011593.1:c2624124-2622520 Bifidobacterium longum subsp. infantis ATCC 15697, complete genome
# Database: db/blast_C0159-5F-2A_S57.faa
# 0 hits found
# BLASTN 2.9.0+
# Query: NC_011593.1:c2626110-2624512 Bifidobacterium longum subsp. infantis ATCC 15697, complete genome
# Database: db/blast_C0159-5F-2A_S57.faa
# 0 hits found
# BLASTN 2.9.0+
# Query: NC_011593.1:c2626386-2626264 Bifidobacterium longum subsp. infantis ATCC 15697, complete genome
# Database: db/blast_C0159-5F-2A_S57.faa
# 0 hits found
# BLASTN 2.9.0+
# Query: NC_011593.1:c2628158-2626563 Bifidobacterium longum subsp. infantis ATCC 15697, complete genome
# Database: db/blast_C0159-5F-2A_S57.faa
# 0 hits found
# BLASTN 2.9.0+
# Query: NC_011593.1:c2630269-2628314 Bifidobacterium longum subsp. infantis ATCC 15697, complete genome
# Database: db/blast_C0159-5F-2A_S57.faa
# 0 hits found
# BLASTN 2.9.0+
# Query: NC_011593.1:c2631106-2630366 Bifidobacterium longum subsp. infantis ATCC 15697, complete genome
# Database: db/blast_C0159-5F-2A_S57.faa
# 0 hits found
# BLASTN 2.9.0+
# Query: NC_011593.1:c2632432-2631140 Bifidobacterium longum subsp. infantis ATCC 15697, complete genome
# Database: db/blast_C0159-5F-2A_S57.faa
# 0 hits found
# BLASTN 2.9.0+
# Query: NC_011593.1:c2633881-2632562 Bifidobacterium longum subsp. infantis ATCC 15697, complete genome
# Database: db/blast_C0159-5F-2A_S57.faa
# 0 hits found
# BLASTN 2.9.0+
# Query: NC_011593.1:c2634683-2633865 Bifidobacterium longum subsp. infantis ATCC 15697, complete genome
# Database: db/blast_C0159-5F-2A_S57.faa
# 0 hits found
# BLASTN 2.9.0+
# Query: NC_011593.1:c2635627-2634680 Bifidobacterium longum subsp. infantis ATCC 15697, complete genome
# Database: db/blast_C0159-5F-2A_S57.faa
# 0 hits found
# BLASTN 2.9.0+
# Query: NC_011593.1:c2636747-2635629 Bifidobacterium longum subsp. infantis ATCC 15697, complete genome
# Database: db/blast_C0159-5F-2A_S57.faa
# Fields: query acc.ver, subject acc.ver, % identity, alignment length, mismatches, gap opens, q. start, q. end, s. start, s. end, evalue, bit score
# 2 hits found
NC_011593.1:c2636747-2635629	NB551033:88:H5VWJBGX7:1:12212:21280:5691#0/2	97.059	34	1	0	407	440	34	1	3.06e-06	58.4
NC_011593.1:c2636747-2635629	NB551033:88:H5VWJBGX7:1:12212:21280:5691#0/1	100.000	28	0	0	407	434	123	150	1.43e-04	52.8
# BLAST processed 31 queries
