# BLASTN 2.9.0+
# Query: NC_011593.1:c2595355-2593832 Bifidobacterium longum subsp. infantis ATCC 15697, complete genome
# Database: db/blast_C0175-2F-1A_S51.faa
# Fields: query acc.ver, subject acc.ver, % identity, alignment length, mismatches, gap opens, q. start, q. end, s. start, s. end, evalue, bit score
# 76 hits found
NC_011593.1:c2595355-2593832	NB551033:151:HCYCWBGXB:2:21104:22123:10990#0/2	99.333	150	1	0	721	870	2	151	1.14e-70	272
NC_011593.1:c2595355-2593832	NB551033:151:HCYCWBGXB:2:21104:22123:10990#0/1	99.333	150	1	0	728	877	150	1	1.14e-70	272
NC_011593.1:c2595355-2593832	NB551033:151:HCYCWBGXB:4:21611:4664:3835#0/1	98.675	151	2	0	524	674	151	1	1.47e-69	268
NC_011593.1:c2595355-2593832	NB551033:151:HCYCWBGXB:1:21110:16122:9520#0/1	98.675	151	2	0	949	1099	151	1	1.47e-69	268
NC_011593.1:c2595355-2593832	NB551033:151:HCYCWBGXB:2:22107:23392:14118#0/2	98.667	150	2	0	939	1088	1	150	5.30e-69	267
NC_011593.1:c2595355-2593832	NB551033:151:HCYCWBGXB:3:13403:7781:4095#0/1	98.667	150	2	0	738	887	1	150	5.30e-69	267
NC_011593.1:c2595355-2593832	NB551033:151:HCYCWBGXB:2:22107:23392:14118#0/1	98.667	150	2	0	1050	1199	150	1	5.30e-69	267
NC_011593.1:c2595355-2593832	NB551033:151:HCYCWBGXB:4:21611:4664:3835#0/2	98.658	149	2	0	506	654	1	149	1.90e-68	265
NC_011593.1:c2595355-2593832	NB551033:151:HCYCWBGXB:3:13506:10408:7982#0/2	98.658	149	2	0	1079	1227	149	1	1.90e-68	265
NC_011593.1:c2595355-2593832	NB551033:151:HCYCWBGXB:3:13403:7781:4095#0/2	98.013	151	3	0	807	957	151	1	6.85e-68	263
NC_011593.1:c2595355-2593832	NB551033:151:HCYCWBGXB:2:13204:8844:13568#0/2	98.013	151	3	0	807	957	151	1	6.85e-68	263
NC_011593.1:c2595355-2593832	NB551033:151:HCYCWBGXB:2:12204:9877:13986#0/2	98.013	151	3	0	932	1082	1	151	6.85e-68	263
NC_011593.1:c2595355-2593832	NB551033:151:HCYCWBGXB:1:23108:10358:16564#0/2	98.013	151	3	0	967	1117	151	1	6.85e-68	263
NC_011593.1:c2595355-2593832	NB551033:151:HCYCWBGXB:1:21110:16122:9520#0/2	98.013	151	3	0	801	951	1	151	6.85e-68	263
NC_011593.1:c2595355-2593832	NB551033:151:HCYCWBGXB:2:13204:8844:13568#0/1	98.013	151	3	0	786	936	1	151	6.85e-68	263
NC_011593.1:c2595355-2593832	NB551033:151:HCYCWBGXB:4:13511:21329:11994#0/2	98.000	150	3	0	810	959	1	150	2.46e-67	261
NC_011593.1:c2595355-2593832	NB551033:151:HCYCWBGXB:2:22301:18831:3374#0/2	98.000	150	3	0	896	1045	150	1	2.46e-67	261
NC_011593.1:c2595355-2593832	NB551033:151:HCYCWBGXB:1:13108:24700:2392#0/2	98.000	150	3	0	818	967	150	1	2.46e-67	261
NC_011593.1:c2595355-2593832	NB551033:151:HCYCWBGXB:4:13604:11959:6151#0/1	98.000	150	3	0	94	243	1	150	2.46e-67	261
NC_011593.1:c2595355-2593832	NB551033:151:HCYCWBGXB:2:12204:9877:13986#0/1	98.000	150	3	0	955	1104	150	1	2.46e-67	261
NC_011593.1:c2595355-2593832	NB551033:151:HCYCWBGXB:4:13502:9192:5014#0/1	97.987	149	3	0	798	946	149	1	8.86e-67	259
NC_011593.1:c2595355-2593832	NB551033:151:HCYCWBGXB:3:21604:26567:13225#0/2	97.351	151	4	0	686	836	151	1	3.19e-66	257
NC_011593.1:c2595355-2593832	NB551033:151:HCYCWBGXB:2:21311:24224:12359#0/2	97.351	151	4	0	145	295	151	1	3.19e-66	257
NC_011593.1:c2595355-2593832	NB551033:151:HCYCWBGXB:2:23207:25558:5819#0/1	97.351	151	4	0	801	951	1	151	3.19e-66	257
NC_011593.1:c2595355-2593832	NB551033:151:HCYCWBGXB:2:21311:24224:12359#0/1	97.333	150	4	0	52	201	1	150	1.15e-65	255
NC_011593.1:c2595355-2593832	NB551033:151:HCYCWBGXB:1:23108:10358:16564#0/1	97.333	150	4	0	796	945	1	150	1.15e-65	255
NC_011593.1:c2595355-2593832	NB551033:151:HCYCWBGXB:1:13108:24700:2392#0/1	97.959	147	3	0	756	902	1	147	1.15e-65	255
NC_011593.1:c2595355-2593832	NB551033:151:HCYCWBGXB:1:11304:4153:4017#0/1	97.333	150	4	0	128	277	150	1	1.15e-65	255
NC_011593.1:c2595355-2593832	NB551033:151:HCYCWBGXB:4:13604:11959:6151#0/2	99.286	140	1	0	370	509	140	1	4.12e-65	254
NC_011593.1:c2595355-2593832	NB551033:151:HCYCWBGXB:3:13407:25502:5992#0/2	99.286	140	1	0	727	866	1	140	4.12e-65	254
NC_011593.1:c2595355-2593832	NB551033:151:HCYCWBGXB:3:13407:25502:5992#0/1	99.286	140	1	0	727	866	140	1	4.12e-65	254
NC_011593.1:c2595355-2593832	NB551033:151:HCYCWBGXB:1:22204:5563:15557#0/1	96.689	151	5	0	586	736	1	151	1.48e-64	252
NC_011593.1:c2595355-2593832	NB551033:151:HCYCWBGXB:1:22204:5563:15557#0/2	96.667	150	5	0	605	754	150	1	5.33e-64	250
NC_011593.1:c2595355-2593832	NB551033:151:HCYCWBGXB:3:12508:4233:18393#0/1	97.279	147	4	0	756	902	1	147	5.33e-64	250
NC_011593.1:c2595355-2593832	NB551033:151:HCYCWBGXB:2:12302:13582:11116#0/1	96.667	150	5	0	981	1130	150	1	5.33e-64	250
NC_011593.1:c2595355-2593832	NB551033:151:HCYCWBGXB:4:12609:25086:11244#0/2	96.026	151	6	0	261	411	1	151	6.90e-63	246
NC_011593.1:c2595355-2593832	NB551033:151:HCYCWBGXB:4:12609:25086:11244#0/1	96.026	151	6	0	585	735	151	1	6.90e-63	246
NC_011593.1:c2595355-2593832	NB551033:151:HCYCWBGXB:2:22301:18831:3374#0/1	96.026	151	6	0	610	760	1	151	6.90e-63	246
NC_011593.1:c2595355-2593832	NB551033:151:HCYCWBGXB:2:13204:23125:14725#0/1	96.026	151	6	0	293	443	1	151	6.90e-63	246
NC_011593.1:c2595355-2593832	NB551033:151:HCYCWBGXB:3:21412:17672:14769#0/2	96.000	150	6	0	660	809	150	1	2.48e-62	244
NC_011593.1:c2595355-2593832	NB551033:151:HCYCWBGXB:2:13204:23125:14725#0/2	96.000	150	6	0	300	449	150	1	2.48e-62	244
NC_011593.1:c2595355-2593832	NB551033:151:HCYCWBGXB:1:11304:4153:4017#0/2	96.552	145	5	0	52	196	6	150	3.21e-61	241
NC_011593.1:c2595355-2593832	NB551033:151:HCYCWBGXB:2:22302:13601:17391#0/2	97.143	140	4	0	1312	1451	140	1	4.15e-60	237
NC_011593.1:c2595355-2593832	NB551033:151:HCYCWBGXB:2:23207:25558:5819#0/2	97.761	134	3	0	952	1085	134	1	1.93e-58	231
NC_011593.1:c2595355-2593832	NB551033:151:HCYCWBGXB:4:13502:9192:5014#0/2	98.413	126	2	0	530	655	1	126	1.16e-55	222
NC_011593.1:c2595355-2593832	NB551033:151:HCYCWBGXB:2:13302:1966:14395#0/2	97.619	126	3	0	854	979	1	126	5.41e-54	217
NC_011593.1:c2595355-2593832	NB551033:151:HCYCWBGXB:2:13302:1966:14395#0/1	97.619	126	3	0	854	979	126	1	5.41e-54	217
NC_011593.1:c2595355-2593832	NB551033:151:HCYCWBGXB:1:21111:13362:2840#0/2	96.094	128	5	0	318	445	128	1	9.05e-52	209
NC_011593.1:c2595355-2593832	NB551033:151:HCYCWBGXB:1:21111:13362:2840#0/1	96.094	128	5	0	318	445	1	128	9.05e-52	209
NC_011593.1:c2595355-2593832	NB551033:151:HCYCWBGXB:3:21412:17672:14769#0/1	98.261	115	2	0	450	564	1	115	1.51e-49	202
NC_011593.1:c2595355-2593832	NB551033:151:HCYCWBGXB:3:21601:1498:19822#0/2	98.182	110	2	0	509	618	110	1	9.12e-47	193
NC_011593.1:c2595355-2593832	NB551033:151:HCYCWBGXB:3:23610:12802:3826#0/1	96.330	109	4	0	75	183	109	1	7.10e-43	180
NC_011593.1:c2595355-2593832	NB551033:151:HCYCWBGXB:3:13411:2148:5087#0/2	96.970	99	3	0	844	942	1	99	5.53e-39	167
NC_011593.1:c2595355-2593832	NB551033:151:HCYCWBGXB:3:13411:2148:5087#0/1	96.970	99	3	0	844	942	99	1	5.53e-39	167
NC_011593.1:c2595355-2593832	NB551033:151:HCYCWBGXB:2:12310:22469:20171#0/2	96.875	96	3	0	190	285	96	1	2.57e-37	161
NC_011593.1:c2595355-2593832	NB551033:151:HCYCWBGXB:2:12310:22469:20171#0/1	96.875	96	3	0	190	285	1	96	2.57e-37	161
NC_011593.1:c2595355-2593832	NB551033:151:HCYCWBGXB:3:11411:2064:7272#0/2	97.826	92	2	0	949	1040	92	1	9.25e-37	159
NC_011593.1:c2595355-2593832	NB551033:151:HCYCWBGXB:4:13511:21329:11994#0/1	98.876	89	1	0	1139	1227	89	1	9.25e-37	159
NC_011593.1:c2595355-2593832	NB551033:151:HCYCWBGXB:3:11411:2064:7272#0/1	97.826	92	2	0	949	1040	1	92	9.25e-37	159
NC_011593.1:c2595355-2593832	NB551033:151:HCYCWBGXB:3:22610:25388:20379#0/1	96.809	94	3	0	1377	1470	139	46	3.33e-36	158
NC_011593.1:c2595355-2593832	NB551033:151:HCYCWBGXB:3:21502:3242:13479#0/2	95.699	93	4	0	272	364	93	1	5.56e-34	150
NC_011593.1:c2595355-2593832	NB551033:151:HCYCWBGXB:3:21502:3242:13479#0/1	95.699	93	4	0	272	364	1	93	5.56e-34	150
NC_011593.1:c2595355-2593832	NB551033:151:HCYCWBGXB:1:13104:7196:18565#0/2	98.795	83	1	0	727	809	1	83	2.00e-33	148
NC_011593.1:c2595355-2593832	NB551033:151:HCYCWBGXB:1:13104:7196:18565#0/1	98.795	83	1	0	727	809	83	1	2.00e-33	148
NC_011593.1:c2595355-2593832	NB551033:151:HCYCWBGXB:2:22204:4579:19412#0/1	96.591	88	3	0	1383	1470	3	90	7.20e-33	147
NC_011593.1:c2595355-2593832	NB551033:151:HCYCWBGXB:2:23108:2101:10089#0/2	98.507	67	1	0	1161	1227	1	67	1.57e-24	119
NC_011593.1:c2595355-2593832	NB551033:151:HCYCWBGXB:2:23108:2101:10089#0/1	98.507	67	1	0	1161	1227	67	1	1.57e-24	119
NC_011593.1:c2595355-2593832	NB551033:151:HCYCWBGXB:3:12508:4233:18393#0/2	97.015	67	2	0	955	1021	67	1	7.30e-23	113
NC_011593.1:c2595355-2593832	NB551033:151:HCYCWBGXB:3:21604:26567:13225#0/1	100.000	59	0	0	610	668	1	59	9.44e-22	110
NC_011593.1:c2595355-2593832	NB551033:151:HCYCWBGXB:2:22302:13601:17391#0/1	98.305	59	1	0	1312	1370	1	59	4.39e-20	104
NC_011593.1:c2595355-2593832	NB551033:151:HCYCWBGXB:3:13506:10408:7982#0/1	100.000	55	0	0	924	978	1	55	1.58e-19	102
NC_011593.1:c2595355-2593832	NB551033:151:HCYCWBGXB:2:22210:13801:4065#0/1	98.182	55	1	0	755	809	55	1	7.35e-18	97.1
NC_011593.1:c2595355-2593832	NB551033:151:HCYCWBGXB:2:22210:13801:4065#0/2	98.148	54	1	0	755	808	1	54	2.64e-17	95.3
NC_011593.1:c2595355-2593832	NB551033:151:HCYCWBGXB:2:13305:9585:4005#0/1	96.226	53	2	0	1399	1451	1	53	4.43e-15	87.9
NC_011593.1:c2595355-2593832	NB551033:151:HCYCWBGXB:3:23610:17145:7466#0/2	97.368	38	1	0	525	562	1	38	2.07e-08	65.8
NC_011593.1:c2595355-2593832	NB551033:151:HCYCWBGXB:3:23610:17145:7466#0/1	97.368	38	1	0	525	562	38	1	2.07e-08	65.8
# BLASTN 2.9.0+
# Query: NC_011593.1:c2597106-2595574 Bifidobacterium longum subsp. infantis ATCC 15697, complete genome
# Database: db/blast_C0175-2F-1A_S51.faa
# Fields: query acc.ver, subject acc.ver, % identity, alignment length, mismatches, gap opens, q. start, q. end, s. start, s. end, evalue, bit score
# 9 hits found
NC_011593.1:c2597106-2595574	NB551033:151:HCYCWBGXB:3:13403:22004:17674#0/1	100.000	72	0	0	1	72	72	1	5.64e-29	134
NC_011593.1:c2597106-2595574	NB551033:151:HCYCWBGXB:4:23411:15622:2977#0/2	100.000	55	0	0	1	55	83	137	1.59e-19	102
NC_011593.1:c2597106-2595574	NB551033:151:HCYCWBGXB:3:23610:12802:3826#0/2	100.000	55	0	0	1	55	96	150	1.59e-19	102
NC_011593.1:c2597106-2595574	NB551033:151:HCYCWBGXB:3:21502:3242:13479#0/2	96.721	61	2	0	273	333	92	32	1.59e-19	102
NC_011593.1:c2597106-2595574	NB551033:151:HCYCWBGXB:4:23411:15622:2977#0/1	100.000	55	0	0	1	55	55	1	1.59e-19	102
NC_011593.1:c2597106-2595574	NB551033:151:HCYCWBGXB:3:21502:3242:13479#0/1	98.276	58	1	0	273	330	2	59	1.59e-19	102
NC_011593.1:c2597106-2595574	NB551033:151:HCYCWBGXB:2:22210:13801:4065#0/1	96.364	55	2	0	755	809	55	1	3.44e-16	91.6
NC_011593.1:c2597106-2595574	NB551033:151:HCYCWBGXB:2:22210:13801:4065#0/2	96.296	54	2	0	755	808	1	54	1.24e-15	89.8
NC_011593.1:c2597106-2595574	NB551033:151:HCYCWBGXB:2:13305:9585:4005#0/1	96.226	53	2	0	1399	1451	1	53	4.45e-15	87.9
# BLASTN 2.9.0+
# Query: NC_011593.1:c2598562-2597207 Bifidobacterium longum subsp. infantis ATCC 15697, complete genome
# Database: db/blast_C0175-2F-1A_S51.faa
# Fields: query acc.ver, subject acc.ver, % identity, alignment length, mismatches, gap opens, q. start, q. end, s. start, s. end, evalue, bit score
# 95 hits found
NC_011593.1:c2598562-2597207	NB551033:151:HCYCWBGXB:2:23212:14797:7280#0/2	100.000	151	0	0	156	306	1	151	6.04e-73	279
NC_011593.1:c2598562-2597207	NB551033:151:HCYCWBGXB:2:13309:4296:17844#0/2	100.000	151	0	0	879	1029	1	151	6.04e-73	279
NC_011593.1:c2598562-2597207	NB551033:151:HCYCWBGXB:2:13209:13853:11609#0/2	100.000	151	0	0	693	843	1	151	6.04e-73	279
NC_011593.1:c2598562-2597207	NB551033:151:HCYCWBGXB:1:22204:22777:6299#0/2	100.000	151	0	0	698	848	1	151	6.04e-73	279
NC_011593.1:c2598562-2597207	NB551033:151:HCYCWBGXB:4:12612:9344:13039#0/1	100.000	151	0	0	741	891	151	1	6.04e-73	279
NC_011593.1:c2598562-2597207	NB551033:151:HCYCWBGXB:2:22203:23991:19410#0/1	100.000	151	0	0	282	432	1	151	6.04e-73	279
NC_011593.1:c2598562-2597207	NB551033:151:HCYCWBGXB:2:12104:8279:16739#0/1	100.000	151	0	0	766	916	1	151	6.04e-73	279
NC_011593.1:c2598562-2597207	NB551033:151:HCYCWBGXB:4:22408:5043:18966#0/2	100.000	150	0	0	1204	1353	1	150	2.17e-72	278
NC_011593.1:c2598562-2597207	NB551033:151:HCYCWBGXB:4:13605:13185:5830#0/2	100.000	150	0	0	899	1048	1	150	2.17e-72	278
NC_011593.1:c2598562-2597207	NB551033:151:HCYCWBGXB:4:12612:9344:13039#0/2	100.000	150	0	0	654	803	1	150	2.17e-72	278
NC_011593.1:c2598562-2597207	NB551033:151:HCYCWBGXB:3:23506:16194:8121#0/2	100.000	150	0	0	748	897	150	1	2.17e-72	278
NC_011593.1:c2598562-2597207	NB551033:151:HCYCWBGXB:3:21612:11077:7395#0/2	100.000	150	0	0	673	822	1	150	2.17e-72	278
NC_011593.1:c2598562-2597207	NB551033:151:HCYCWBGXB:3:21604:21446:14304#0/2	100.000	150	0	0	358	507	1	150	2.17e-72	278
NC_011593.1:c2598562-2597207	NB551033:151:HCYCWBGXB:3:21507:20535:10791#0/2	100.000	150	0	0	546	695	1	150	2.17e-72	278
NC_011593.1:c2598562-2597207	NB551033:151:HCYCWBGXB:1:22311:9727:11759#0/2	100.000	150	0	0	779	928	1	150	2.17e-72	278
NC_011593.1:c2598562-2597207	NB551033:151:HCYCWBGXB:1:11305:13711:18229#0/2	100.000	150	0	0	1053	1202	1	150	2.17e-72	278
NC_011593.1:c2598562-2597207	NB551033:151:HCYCWBGXB:3:23506:16194:8121#0/1	100.000	150	0	0	656	805	1	150	2.17e-72	278
NC_011593.1:c2598562-2597207	NB551033:151:HCYCWBGXB:3:21507:20535:10791#0/1	100.000	150	0	0	548	697	150	1	2.17e-72	278
NC_011593.1:c2598562-2597207	NB551033:151:HCYCWBGXB:2:13209:13853:11609#0/1	100.000	150	0	0	748	897	150	1	2.17e-72	278
NC_011593.1:c2598562-2597207	NB551033:151:HCYCWBGXB:1:22311:9727:11759#0/1	100.000	150	0	0	936	1085	150	1	2.17e-72	278
NC_011593.1:c2598562-2597207	NB551033:151:HCYCWBGXB:1:22204:22777:6299#0/1	100.000	150	0	0	753	902	150	1	2.17e-72	278
NC_011593.1:c2598562-2597207	NB551033:151:HCYCWBGXB:1:21110:7015:16967#0/1	100.000	150	0	0	707	856	1	150	2.17e-72	278
NC_011593.1:c2598562-2597207	NB551033:151:HCYCWBGXB:1:11305:13711:18229#0/1	100.000	150	0	0	1096	1245	150	1	2.17e-72	278
NC_011593.1:c2598562-2597207	NB551033:151:HCYCWBGXB:4:21405:22274:16864#0/2	100.000	149	0	0	843	991	1	149	7.81e-72	276
NC_011593.1:c2598562-2597207	NB551033:151:HCYCWBGXB:4:11505:22749:10929#0/2	100.000	148	0	0	1187	1334	148	1	2.81e-71	274
NC_011593.1:c2598562-2597207	NB551033:151:HCYCWBGXB:4:13409:24385:9048#0/1	100.000	148	0	0	1197	1344	1	148	2.81e-71	274
NC_011593.1:c2598562-2597207	NB551033:151:HCYCWBGXB:3:13401:5786:18428#0/1	99.338	151	1	0	888	1038	151	1	2.81e-71	274
NC_011593.1:c2598562-2597207	NB551033:151:HCYCWBGXB:3:13401:5786:18428#0/2	99.333	150	1	0	747	896	1	150	1.01e-70	272
NC_011593.1:c2598562-2597207	NB551033:151:HCYCWBGXB:2:12111:12996:11186#0/2	100.000	147	0	0	980	1126	147	1	1.01e-70	272
NC_011593.1:c2598562-2597207	NB551033:151:HCYCWBGXB:4:12410:16423:9371#0/1	99.333	150	1	0	795	944	150	1	1.01e-70	272
NC_011593.1:c2598562-2597207	NB551033:151:HCYCWBGXB:4:11505:22749:10929#0/1	99.333	150	1	0	1136	1285	1	150	1.01e-70	272
NC_011593.1:c2598562-2597207	NB551033:151:HCYCWBGXB:2:23212:14797:7280#0/1	99.333	150	1	0	504	653	150	1	1.01e-70	272
NC_011593.1:c2598562-2597207	NB551033:151:HCYCWBGXB:2:12111:12996:11186#0/1	100.000	147	0	0	980	1126	1	147	1.01e-70	272
NC_011593.1:c2598562-2597207	NB551033:151:HCYCWBGXB:4:12410:16423:9371#0/2	99.329	149	1	0	769	917	1	149	3.63e-70	270
NC_011593.1:c2598562-2597207	NB551033:151:HCYCWBGXB:1:21111:12427:15735#0/2	100.000	146	0	0	324	469	1	146	3.63e-70	270
NC_011593.1:c2598562-2597207	NB551033:151:HCYCWBGXB:3:21511:15844:14413#0/1	99.329	149	1	0	333	481	149	1	3.63e-70	270
NC_011593.1:c2598562-2597207	NB551033:151:HCYCWBGXB:1:21111:12427:15735#0/1	100.000	146	0	0	324	469	146	1	3.63e-70	270
NC_011593.1:c2598562-2597207	NB551033:151:HCYCWBGXB:1:22212:8298:4841#0/1	100.000	145	0	0	1032	1176	145	1	1.31e-69	268
NC_011593.1:c2598562-2597207	NB551033:151:HCYCWBGXB:4:21405:22274:16864#0/1	100.000	143	0	0	922	1064	150	8	1.69e-68	265
NC_011593.1:c2598562-2597207	NB551033:151:HCYCWBGXB:1:22212:8298:4841#0/2	100.000	139	0	0	1032	1170	1	139	2.83e-66	257
NC_011593.1:c2598562-2597207	NB551033:151:HCYCWBGXB:3:23502:5894:14956#0/2	99.291	141	1	0	1216	1356	1	141	1.02e-65	255
NC_011593.1:c2598562-2597207	NB551033:151:HCYCWBGXB:1:21303:5820:19928#0/1	100.000	137	0	0	873	1009	137	1	3.66e-65	254
NC_011593.1:c2598562-2597207	NB551033:151:HCYCWBGXB:1:11112:14415:15528#0/2	100.000	132	0	0	1225	1356	133	2	2.20e-62	244
NC_011593.1:c2598562-2597207	NB551033:151:HCYCWBGXB:1:11112:14415:15528#0/1	100.000	132	0	0	1225	1356	1	132	2.20e-62	244
NC_011593.1:c2598562-2597207	NB551033:151:HCYCWBGXB:1:21303:5820:19928#0/2	100.000	131	0	0	504	634	1	131	7.92e-62	243
NC_011593.1:c2598562-2597207	NB551033:151:HCYCWBGXB:3:23610:14497:7919#0/2	100.000	130	0	0	663	792	1	130	2.85e-61	241
NC_011593.1:c2598562-2597207	NB551033:151:HCYCWBGXB:3:23610:14497:7919#0/1	100.000	130	0	0	663	792	130	1	2.85e-61	241
NC_011593.1:c2598562-2597207	NB551033:151:HCYCWBGXB:2:22203:23991:19410#0/2	100.000	123	0	0	624	746	123	1	2.22e-57	228
NC_011593.1:c2598562-2597207	NB551033:151:HCYCWBGXB:1:13207:22796:8687#0/2	100.000	121	0	0	960	1080	121	1	2.87e-56	224
NC_011593.1:c2598562-2597207	NB551033:151:HCYCWBGXB:1:13207:22796:8687#0/1	100.000	121	0	0	960	1080	1	121	2.87e-56	224
NC_011593.1:c2598562-2597207	NB551033:151:HCYCWBGXB:1:23204:14160:8581#0/1	100.000	119	0	0	1128	1246	1	119	3.71e-55	220
NC_011593.1:c2598562-2597207	NB551033:151:HCYCWBGXB:4:23504:19854:19460#0/2	100.000	115	0	0	907	1021	115	1	6.21e-53	213
NC_011593.1:c2598562-2597207	NB551033:151:HCYCWBGXB:3:12406:6004:1750#0/2	98.347	121	2	0	1065	1185	121	1	6.21e-53	213
NC_011593.1:c2598562-2597207	NB551033:151:HCYCWBGXB:4:23504:19854:19460#0/1	100.000	114	0	0	907	1020	1	114	2.23e-52	211
NC_011593.1:c2598562-2597207	NB551033:151:HCYCWBGXB:1:23108:16287:8652#0/2	100.000	111	0	0	359	469	111	1	1.04e-50	206
NC_011593.1:c2598562-2597207	NB551033:151:HCYCWBGXB:1:23108:16287:8652#0/1	100.000	111	0	0	359	469	1	111	1.04e-50	206
NC_011593.1:c2598562-2597207	NB551033:151:HCYCWBGXB:1:21206:25607:10443#0/2	100.000	109	0	0	471	579	1	109	1.34e-49	202
NC_011593.1:c2598562-2597207	NB551033:151:HCYCWBGXB:1:21206:25607:10443#0/1	100.000	109	0	0	471	579	109	1	1.34e-49	202
NC_011593.1:c2598562-2597207	NB551033:151:HCYCWBGXB:1:23308:26417:11301#0/2	98.246	114	2	0	1060	1173	114	1	4.84e-49	200
NC_011593.1:c2598562-2597207	NB551033:151:HCYCWBGXB:3:23611:17908:3123#0/1	100.000	105	0	0	1102	1206	105	1	2.25e-47	195
NC_011593.1:c2598562-2597207	NB551033:151:HCYCWBGXB:3:23501:20870:15511#0/1	98.165	109	2	0	186	294	1	109	2.91e-46	191
NC_011593.1:c2598562-2597207	NB551033:151:HCYCWBGXB:2:22206:9670:12462#0/1	100.000	102	0	0	645	746	102	1	1.05e-45	189
NC_011593.1:c2598562-2597207	NB551033:151:HCYCWBGXB:4:22404:21480:5478#0/2	100.000	98	0	0	1029	1126	1	98	1.75e-43	182
NC_011593.1:c2598562-2597207	NB551033:151:HCYCWBGXB:4:22404:21480:5478#0/1	100.000	98	0	0	1029	1126	98	1	1.75e-43	182
NC_011593.1:c2598562-2597207	NB551033:151:HCYCWBGXB:2:23203:3842:9478#0/2	100.000	85	0	0	1010	1094	85	1	2.95e-36	158
NC_011593.1:c2598562-2597207	NB551033:151:HCYCWBGXB:4:13605:13185:5830#0/1	100.000	83	0	0	982	1064	151	69	3.82e-35	154
NC_011593.1:c2598562-2597207	NB551033:151:HCYCWBGXB:4:21407:13928:2274#0/2	100.000	82	0	0	138	219	82	1	1.37e-34	152
NC_011593.1:c2598562-2597207	NB551033:151:HCYCWBGXB:3:23502:5894:14956#0/1	100.000	78	0	0	1279	1356	150	73	2.30e-32	145
NC_011593.1:c2598562-2597207	NB551033:151:HCYCWBGXB:4:23404:24609:15434#0/2	98.734	79	1	0	391	469	79	1	2.97e-31	141
NC_011593.1:c2598562-2597207	NB551033:151:HCYCWBGXB:4:21610:1859:19818#0/2	100.000	75	0	0	734	808	1	75	1.07e-30	139
NC_011593.1:c2598562-2597207	NB551033:151:HCYCWBGXB:2:23203:3842:9478#0/1	100.000	75	0	0	991	1065	1	75	1.07e-30	139
NC_011593.1:c2598562-2597207	NB551033:151:HCYCWBGXB:2:22206:9670:12462#0/2	100.000	74	0	0	645	718	1	74	3.85e-30	137
NC_011593.1:c2598562-2597207	NB551033:151:HCYCWBGXB:1:11111:14470:8541#0/2	100.000	73	0	0	846	918	1	73	1.38e-29	135
NC_011593.1:c2598562-2597207	NB551033:151:HCYCWBGXB:1:11111:14470:8541#0/1	100.000	73	0	0	846	918	73	1	1.38e-29	135
NC_011593.1:c2598562-2597207	NB551033:151:HCYCWBGXB:3:21503:14911:7658#0/2	100.000	71	0	0	399	469	71	1	1.79e-28	132
NC_011593.1:c2598562-2597207	NB551033:151:HCYCWBGXB:3:21402:4550:18776#0/2	100.000	71	0	0	336	406	1	71	1.79e-28	132
NC_011593.1:c2598562-2597207	NB551033:151:HCYCWBGXB:3:21503:14911:7658#0/1	100.000	71	0	0	399	469	1	71	1.79e-28	132
NC_011593.1:c2598562-2597207	NB551033:151:HCYCWBGXB:3:21402:4550:18776#0/1	100.000	71	0	0	336	406	71	1	1.79e-28	132
NC_011593.1:c2598562-2597207	NB551033:151:HCYCWBGXB:1:12307:12883:2690#0/2	100.000	65	0	0	955	1019	1	65	3.87e-25	121
NC_011593.1:c2598562-2597207	NB551033:151:HCYCWBGXB:3:22408:1384:17093#0/1	100.000	65	0	0	1265	1329	1	65	3.87e-25	121
NC_011593.1:c2598562-2597207	NB551033:151:HCYCWBGXB:1:12307:12883:2690#0/1	100.000	65	0	0	955	1019	65	1	3.87e-25	121
NC_011593.1:c2598562-2597207	NB551033:151:HCYCWBGXB:3:22408:1384:17093#0/2	100.000	63	0	0	1267	1329	63	1	5.01e-24	117
NC_011593.1:c2598562-2597207	NB551033:151:HCYCWBGXB:3:23501:20870:15511#0/2	100.000	59	0	0	498	556	59	1	8.38e-22	110
NC_011593.1:c2598562-2597207	NB551033:151:HCYCWBGXB:2:12206:23269:1074#0/2	100.000	57	0	0	1300	1356	1	57	1.08e-20	106
NC_011593.1:c2598562-2597207	NB551033:151:HCYCWBGXB:3:11607:10070:18732#0/2	100.000	55	0	0	138	192	55	1	1.40e-19	102
NC_011593.1:c2598562-2597207	NB551033:151:HCYCWBGXB:3:11607:10070:18732#0/1	100.000	55	0	0	138	192	42	96	1.40e-19	102
NC_011593.1:c2598562-2597207	NB551033:151:HCYCWBGXB:1:21110:7015:16967#0/2	100.000	53	0	0	1106	1158	53	1	1.81e-18	99.0
NC_011593.1:c2598562-2597207	NB551033:151:HCYCWBGXB:3:23611:17908:3123#0/2	96.491	57	2	0	1060	1116	94	150	2.35e-17	95.3
NC_011593.1:c2598562-2597207	NB551033:151:HCYCWBGXB:3:21411:26466:12219#0/1	100.000	49	0	0	231	279	49	1	3.04e-16	91.6
NC_011593.1:c2598562-2597207	NB551033:151:HCYCWBGXB:1:23308:26417:11301#0/1	96.364	55	2	0	1060	1114	96	150	3.04e-16	91.6
NC_011593.1:c2598562-2597207	NB551033:151:HCYCWBGXB:3:21604:21446:14304#0/1	100.000	45	0	0	498	542	45	1	5.08e-14	84.2
NC_011593.1:c2598562-2597207	NB551033:151:HCYCWBGXB:1:12208:9993:12705#0/2	100.000	43	0	0	809	851	1	43	6.57e-13	80.5
NC_011593.1:c2598562-2597207	NB551033:151:HCYCWBGXB:1:12208:9993:12705#0/1	100.000	43	0	0	809	851	43	1	6.57e-13	80.5
NC_011593.1:c2598562-2597207	NB551033:151:HCYCWBGXB:3:21612:11077:7395#0/1	100.000	30	0	0	844	873	30	1	1.11e-05	56.5
NC_011593.1:c2598562-2597207	NB551033:151:HCYCWBGXB:3:11605:25556:20247#0/1	100.000	30	0	0	138	167	30	1	1.11e-05	56.5
# BLASTN 2.9.0+
# Query: NC_011593.1:2598858-2601929 Bifidobacterium longum subsp. infantis ATCC 15697, complete genome
# Database: db/blast_C0175-2F-1A_S51.faa
# Fields: query acc.ver, subject acc.ver, % identity, alignment length, mismatches, gap opens, q. start, q. end, s. start, s. end, evalue, bit score
# 140 hits found
NC_011593.1:2598858-2601929	NB551033:151:HCYCWBGXB:3:11607:5241:12162#0/2	100.000	151	0	0	1718	1868	151	1	1.37e-72	279
NC_011593.1:2598858-2601929	NB551033:151:HCYCWBGXB:2:12311:11493:1353#0/2	100.000	151	0	0	1904	2054	151	1	1.37e-72	279
NC_011593.1:2598858-2601929	NB551033:151:HCYCWBGXB:2:12304:26143:14000#0/1	100.000	151	0	0	976	1126	1	151	1.37e-72	279
NC_011593.1:2598858-2601929	NB551033:151:HCYCWBGXB:4:22404:22555:13924#0/2	100.000	150	0	0	1983	2132	150	1	4.92e-72	278
NC_011593.1:2598858-2601929	NB551033:151:HCYCWBGXB:4:13610:24793:15101#0/2	100.000	150	0	0	2210	2359	150	1	4.92e-72	278
NC_011593.1:2598858-2601929	NB551033:151:HCYCWBGXB:3:21510:9731:6203#0/2	100.000	150	0	0	2197	2346	1	150	4.92e-72	278
NC_011593.1:2598858-2601929	NB551033:151:HCYCWBGXB:1:11207:8152:11925#0/2	100.000	150	0	0	1920	2069	1	150	4.92e-72	278
NC_011593.1:2598858-2601929	NB551033:151:HCYCWBGXB:4:13507:19433:6814#0/1	100.000	150	0	0	1703	1852	1	150	4.92e-72	278
NC_011593.1:2598858-2601929	NB551033:151:HCYCWBGXB:3:11607:5241:12162#0/1	100.000	150	0	0	1623	1772	1	150	4.92e-72	278
NC_011593.1:2598858-2601929	NB551033:151:HCYCWBGXB:4:13610:24793:15101#0/1	100.000	149	0	0	2177	2325	1	149	1.77e-71	276
NC_011593.1:2598858-2601929	NB551033:151:HCYCWBGXB:3:21406:3912:12072#0/1	100.000	149	0	0	1558	1706	149	1	1.77e-71	276
NC_011593.1:2598858-2601929	NB551033:151:HCYCWBGXB:3:21510:9731:6203#0/1	99.338	151	1	0	2387	2537	151	1	6.37e-71	274
NC_011593.1:2598858-2601929	NB551033:151:HCYCWBGXB:2:23204:9724:1366#0/1	99.338	151	1	0	383	533	1	151	6.37e-71	274
NC_011593.1:2598858-2601929	NB551033:151:HCYCWBGXB:2:12311:11493:1353#0/1	99.338	151	1	0	1858	2008	1	151	6.37e-71	274
NC_011593.1:2598858-2601929	NB551033:151:HCYCWBGXB:4:13507:19433:6814#0/2	99.333	150	1	0	1790	1939	150	1	2.29e-70	272
NC_011593.1:2598858-2601929	NB551033:151:HCYCWBGXB:3:13404:5025:5459#0/2	99.333	150	1	0	120	269	1	150	2.29e-70	272
NC_011593.1:2598858-2601929	NB551033:151:HCYCWBGXB:2:12304:26143:14000#0/2	99.333	150	1	0	1092	1241	150	1	2.29e-70	272
NC_011593.1:2598858-2601929	NB551033:151:HCYCWBGXB:1:22111:11827:4945#0/2	99.333	150	1	0	1567	1716	150	1	2.29e-70	272
NC_011593.1:2598858-2601929	NB551033:151:HCYCWBGXB:4:22404:22555:13924#0/1	99.333	150	1	0	1863	2012	1	150	2.29e-70	272
NC_011593.1:2598858-2601929	NB551033:151:HCYCWBGXB:4:13410:9345:6596#0/1	99.333	150	1	0	1863	2012	1	150	2.29e-70	272
NC_011593.1:2598858-2601929	NB551033:151:HCYCWBGXB:3:23602:13543:10049#0/1	99.333	150	1	0	1842	1991	1	150	2.29e-70	272
NC_011593.1:2598858-2601929	NB551033:151:HCYCWBGXB:3:22505:15936:15399#0/1	99.333	150	1	0	1755	1904	1	150	2.29e-70	272
NC_011593.1:2598858-2601929	NB551033:151:HCYCWBGXB:4:13410:9345:6596#0/2	99.329	149	1	0	2007	2155	149	1	8.24e-70	270
NC_011593.1:2598858-2601929	NB551033:151:HCYCWBGXB:3:23602:13543:10049#0/2	99.329	149	1	0	1858	2006	149	1	8.24e-70	270
NC_011593.1:2598858-2601929	NB551033:151:HCYCWBGXB:3:12403:16846:10768#0/1	99.329	149	1	0	2398	2546	149	1	8.24e-70	270
NC_011593.1:2598858-2601929	NB551033:151:HCYCWBGXB:4:23502:24454:13540#0/2	98.675	151	2	0	2136	2286	151	1	2.96e-69	268
NC_011593.1:2598858-2601929	NB551033:151:HCYCWBGXB:3:21608:7146:15844#0/2	98.675	151	2	0	1058	1208	151	1	2.96e-69	268
NC_011593.1:2598858-2601929	NB551033:151:HCYCWBGXB:1:23107:17023:10159#0/2	98.675	151	2	0	2023	2173	1	151	2.96e-69	268
NC_011593.1:2598858-2601929	NB551033:151:HCYCWBGXB:3:23609:8970:9449#0/1	98.675	151	2	0	2058	2208	1	151	2.96e-69	268
NC_011593.1:2598858-2601929	NB551033:151:HCYCWBGXB:3:22508:5050:9965#0/1	98.675	151	2	0	965	1115	151	1	2.96e-69	268
NC_011593.1:2598858-2601929	NB551033:151:HCYCWBGXB:4:12401:6814:17861#0/2	98.667	150	2	0	671	820	1	150	1.07e-68	267
NC_011593.1:2598858-2601929	NB551033:151:HCYCWBGXB:3:23502:13781:5144#0/2	98.667	150	2	0	1081	1230	1	150	1.07e-68	267
NC_011593.1:2598858-2601929	NB551033:151:HCYCWBGXB:3:23412:23885:4136#0/2	98.667	150	2	0	2406	2555	1	150	1.07e-68	267
NC_011593.1:2598858-2601929	NB551033:151:HCYCWBGXB:3:22508:5050:9965#0/2	99.320	147	1	0	729	875	1	147	1.07e-68	267
NC_011593.1:2598858-2601929	NB551033:151:HCYCWBGXB:3:21407:12194:17783#0/2	98.667	150	2	0	682	831	1	150	1.07e-68	267
NC_011593.1:2598858-2601929	NB551033:151:HCYCWBGXB:3:11509:18664:17855#0/2	98.667	150	2	0	96	245	150	1	1.07e-68	267
NC_011593.1:2598858-2601929	NB551033:151:HCYCWBGXB:2:22109:24478:11329#0/2	98.667	150	2	0	2106	2255	1	150	1.07e-68	267
NC_011593.1:2598858-2601929	NB551033:151:HCYCWBGXB:4:12401:6814:17861#0/1	98.667	150	2	0	1031	1180	150	1	1.07e-68	267
NC_011593.1:2598858-2601929	NB551033:151:HCYCWBGXB:3:11509:18664:17855#0/1	99.320	147	1	0	1	147	5	151	1.07e-68	267
NC_011593.1:2598858-2601929	NB551033:151:HCYCWBGXB:2:21112:7387:8902#0/1	99.320	147	1	0	307	453	1	147	1.07e-68	267
NC_011593.1:2598858-2601929	NB551033:151:HCYCWBGXB:1:23107:17023:10159#0/1	98.667	150	2	0	2103	2252	150	1	1.07e-68	267
NC_011593.1:2598858-2601929	NB551033:151:HCYCWBGXB:3:22504:6509:17715#0/2	98.658	149	2	0	2529	2677	1	149	3.83e-68	265
NC_011593.1:2598858-2601929	NB551033:151:HCYCWBGXB:2:13112:15984:8867#0/2	98.658	149	2	0	1283	1431	151	3	3.83e-68	265
NC_011593.1:2598858-2601929	NB551033:151:HCYCWBGXB:2:22207:6789:7334#0/1	98.658	149	2	0	744	892	1	149	3.83e-68	265
NC_011593.1:2598858-2601929	NB551033:151:HCYCWBGXB:2:12107:7964:8127#0/2	98.013	151	3	0	1293	1443	151	1	1.38e-67	263
NC_011593.1:2598858-2601929	NB551033:151:HCYCWBGXB:4:23502:24454:13540#0/1	98.013	151	3	0	2083	2233	1	151	1.38e-67	263
NC_011593.1:2598858-2601929	NB551033:151:HCYCWBGXB:3:21406:3912:12072#0/2	98.000	150	3	0	1437	1586	1	150	4.96e-67	261
NC_011593.1:2598858-2601929	NB551033:151:HCYCWBGXB:3:12403:16846:10768#0/2	98.000	150	3	0	2283	2432	1	150	4.96e-67	261
NC_011593.1:2598858-2601929	NB551033:151:HCYCWBGXB:2:13211:10260:7849#0/2	98.000	150	3	0	906	1055	150	1	4.96e-67	261
NC_011593.1:2598858-2601929	NB551033:151:HCYCWBGXB:1:13201:21259:3730#0/2	98.000	150	3	0	2905	3054	1	150	4.96e-67	261
NC_011593.1:2598858-2601929	NB551033:151:HCYCWBGXB:1:11307:3148:10434#0/2	98.639	147	2	0	2910	3056	1	147	4.96e-67	261
NC_011593.1:2598858-2601929	NB551033:151:HCYCWBGXB:4:13504:19076:9651#0/1	98.000	150	3	0	1316	1465	1	150	4.96e-67	261
NC_011593.1:2598858-2601929	NB551033:151:HCYCWBGXB:4:11601:24799:12434#0/1	98.000	150	3	0	114	263	1	150	4.96e-67	261
NC_011593.1:2598858-2601929	NB551033:151:HCYCWBGXB:3:23502:13781:5144#0/1	98.000	150	3	0	1267	1416	150	1	4.96e-67	261
NC_011593.1:2598858-2601929	NB551033:151:HCYCWBGXB:2:22109:24478:11329#0/1	98.000	150	3	0	2345	2494	150	1	4.96e-67	261
NC_011593.1:2598858-2601929	NB551033:151:HCYCWBGXB:2:12107:7964:8127#0/1	98.000	150	3	0	1251	1400	1	150	4.96e-67	261
NC_011593.1:2598858-2601929	NB551033:151:HCYCWBGXB:1:11207:8152:11925#0/1	98.000	150	3	0	2018	2167	150	1	4.96e-67	261
NC_011593.1:2598858-2601929	NB551033:151:HCYCWBGXB:1:13106:13516:5774#0/2	97.987	149	3	0	2544	2692	1	149	1.78e-66	259
NC_011593.1:2598858-2601929	NB551033:151:HCYCWBGXB:2:23204:9724:1366#0/2	97.959	147	3	0	628	774	149	3	2.31e-65	255
NC_011593.1:2598858-2601929	NB551033:151:HCYCWBGXB:2:22207:6789:7334#0/2	97.333	150	4	0	868	1017	150	1	2.31e-65	255
NC_011593.1:2598858-2601929	NB551033:151:HCYCWBGXB:1:22111:11827:4945#0/1	97.333	150	4	0	1467	1616	1	150	2.31e-65	255
NC_011593.1:2598858-2601929	NB551033:151:HCYCWBGXB:1:13106:13516:5774#0/1	97.333	150	4	0	2644	2793	150	1	2.31e-65	255
NC_011593.1:2598858-2601929	NB551033:151:HCYCWBGXB:2:11208:25878:3691#0/1	97.315	149	4	0	873	1021	149	1	8.30e-65	254
NC_011593.1:2598858-2601929	NB551033:151:HCYCWBGXB:2:12101:3811:3385#0/1	96.689	151	5	0	467	617	151	1	2.98e-64	252
NC_011593.1:2598858-2601929	NB551033:151:HCYCWBGXB:4:13504:19076:9651#0/2	97.279	147	4	0	1396	1542	147	1	1.07e-63	250
NC_011593.1:2598858-2601929	NB551033:151:HCYCWBGXB:4:12506:8911:18951#0/2	97.917	144	3	0	705	848	1	144	1.07e-63	250
NC_011593.1:2598858-2601929	NB551033:151:HCYCWBGXB:3:22505:15936:15399#0/2	97.917	144	3	0	2123	2266	144	1	1.07e-63	250
NC_011593.1:2598858-2601929	NB551033:151:HCYCWBGXB:2:11208:25878:3691#0/2	96.667	150	5	0	824	973	1	150	1.07e-63	250
NC_011593.1:2598858-2601929	NB551033:151:HCYCWBGXB:1:22307:24098:17633#0/2	96.667	150	5	0	1348	1497	1	150	1.07e-63	250
NC_011593.1:2598858-2601929	NB551033:151:HCYCWBGXB:4:12506:8911:18951#0/1	96.667	150	5	0	835	984	150	1	1.07e-63	250
NC_011593.1:2598858-2601929	NB551033:151:HCYCWBGXB:3:21608:7146:15844#0/1	96.667	150	5	0	799	948	1	150	1.07e-63	250
NC_011593.1:2598858-2601929	NB551033:151:HCYCWBGXB:3:21407:12194:17783#0/1	96.667	150	5	0	835	984	150	1	1.07e-63	250
NC_011593.1:2598858-2601929	NB551033:151:HCYCWBGXB:4:11601:24799:12434#0/2	98.571	140	2	0	227	366	140	1	3.86e-63	248
NC_011593.1:2598858-2601929	NB551033:151:HCYCWBGXB:2:12101:3811:3385#0/2	96.644	149	5	0	467	615	1	149	3.86e-63	248
NC_011593.1:2598858-2601929	NB551033:151:HCYCWBGXB:1:21312:8353:16036#0/2	96.000	150	6	0	541	690	150	1	4.99e-62	244
NC_011593.1:2598858-2601929	NB551033:151:HCYCWBGXB:3:22504:6509:17715#0/1	98.551	138	2	0	2796	2933	138	1	4.99e-62	244
NC_011593.1:2598858-2601929	NB551033:151:HCYCWBGXB:1:21312:8353:16036#0/1	96.000	150	6	0	479	628	1	150	4.99e-62	244
NC_011593.1:2598858-2601929	NB551033:151:HCYCWBGXB:2:12101:24343:19894#0/2	97.183	142	4	0	2616	2757	142	1	6.46e-61	241
NC_011593.1:2598858-2601929	NB551033:151:HCYCWBGXB:3:23412:23885:4136#0/1	98.519	135	2	0	2477	2611	135	1	2.32e-60	239
NC_011593.1:2598858-2601929	NB551033:151:HCYCWBGXB:3:22506:3368:4887#0/2	99.219	128	1	0	2030	2157	1	128	3.89e-58	231
NC_011593.1:2598858-2601929	NB551033:151:HCYCWBGXB:2:23106:3334:2096#0/2	100.000	116	0	0	1951	2066	1	116	3.91e-53	215
NC_011593.1:2598858-2601929	NB551033:151:HCYCWBGXB:2:23106:3334:2096#0/1	100.000	116	0	0	1951	2066	116	1	3.91e-53	215
NC_011593.1:2598858-2601929	NB551033:151:HCYCWBGXB:4:22508:13080:2646#0/2	97.458	118	3	0	2686	2803	1	118	3.05e-49	202
NC_011593.1:2598858-2601929	NB551033:151:HCYCWBGXB:4:22508:13080:2646#0/1	97.458	118	3	0	2686	2803	118	1	3.05e-49	202
NC_011593.1:2598858-2601929	NB551033:151:HCYCWBGXB:4:21607:22724:3302#0/2	100.000	108	0	0	1	108	108	1	1.10e-48	200
NC_011593.1:2598858-2601929	NB551033:151:HCYCWBGXB:1:22107:11822:11219#0/1	96.667	120	4	0	535	654	120	1	1.10e-48	200
NC_011593.1:2598858-2601929	NB551033:151:HCYCWBGXB:1:22107:11822:11219#0/2	96.639	119	4	0	535	653	1	119	3.94e-48	198
NC_011593.1:2598858-2601929	NB551033:151:HCYCWBGXB:2:22202:20786:10875#0/2	98.148	108	2	0	1240	1347	108	1	2.37e-45	189
NC_011593.1:2598858-2601929	NB551033:151:HCYCWBGXB:3:22506:3368:4887#0/1	100.000	102	0	0	2199	2300	103	2	2.37e-45	189
NC_011593.1:2598858-2601929	NB551033:151:HCYCWBGXB:2:22202:20786:10875#0/1	98.148	108	2	0	1240	1347	1	108	2.37e-45	189
NC_011593.1:2598858-2601929	NB551033:151:HCYCWBGXB:4:21408:8412:15508#0/2	98.131	107	2	0	2620	2726	107	1	8.53e-45	187
NC_011593.1:2598858-2601929	NB551033:151:HCYCWBGXB:2:22108:23095:13860#0/2	98.113	106	2	0	101	206	1	106	3.07e-44	185
NC_011593.1:2598858-2601929	NB551033:151:HCYCWBGXB:2:13211:10260:7849#0/1	97.115	104	3	0	656	759	1	104	1.85e-41	176
NC_011593.1:2598858-2601929	NB551033:151:HCYCWBGXB:4:11605:13090:20256#0/2	97.059	102	3	0	2971	3072	1	102	2.39e-40	172
NC_011593.1:2598858-2601929	NB551033:151:HCYCWBGXB:1:13201:21259:3730#0/1	97.059	102	3	0	2971	3072	109	8	2.39e-40	172
NC_011593.1:2598858-2601929	NB551033:151:HCYCWBGXB:1:11210:22462:14118#0/2	98.925	93	1	0	292	384	1	93	1.11e-38	167
NC_011593.1:2598858-2601929	NB551033:151:HCYCWBGXB:1:11210:22462:14118#0/1	98.925	93	1	0	292	384	93	1	1.11e-38	167
NC_011593.1:2598858-2601929	NB551033:151:HCYCWBGXB:4:11605:13210:19463#0/1	97.895	95	2	0	2560	2654	1	95	4.00e-38	165
NC_011593.1:2598858-2601929	NB551033:151:HCYCWBGXB:4:21408:8412:15508#0/1	98.889	90	1	0	2595	2684	1	90	5.17e-37	161
NC_011593.1:2598858-2601929	NB551033:151:HCYCWBGXB:1:13107:10020:5631#0/2	97.826	92	2	0	2560	2651	1	92	1.86e-36	159
NC_011593.1:2598858-2601929	NB551033:151:HCYCWBGXB:3:11502:7630:5610#0/1	100.000	86	0	0	941	1026	1	86	1.86e-36	159
NC_011593.1:2598858-2601929	NB551033:151:HCYCWBGXB:1:13107:10020:5631#0/1	97.826	92	2	0	2560	2651	92	1	1.86e-36	159
NC_011593.1:2598858-2601929	NB551033:151:HCYCWBGXB:3:11502:7630:5610#0/2	100.000	85	0	0	942	1026	85	1	6.69e-36	158
NC_011593.1:2598858-2601929	NB551033:151:HCYCWBGXB:2:22108:23095:13860#0/1	98.851	87	1	0	120	206	87	1	2.41e-35	156
NC_011593.1:2598858-2601929	NB551033:151:HCYCWBGXB:4:12501:2408:14349#0/1	95.745	94	4	0	2700	2793	94	1	3.11e-34	152
NC_011593.1:2598858-2601929	NB551033:151:HCYCWBGXB:2:21303:19397:13283#0/2	97.619	84	2	0	2519	2602	1	84	5.21e-32	145
NC_011593.1:2598858-2601929	NB551033:151:HCYCWBGXB:1:22307:24098:17633#0/1	98.765	81	1	0	1588	1668	81	1	5.21e-32	145
NC_011593.1:2598858-2601929	NB551033:151:HCYCWBGXB:3:21407:1139:14886#0/2	100.000	76	0	0	2422	2497	1	76	6.74e-31	141
NC_011593.1:2598858-2601929	NB551033:151:HCYCWBGXB:3:21406:26556:14887#0/2	100.000	76	0	0	2422	2497	1	76	6.74e-31	141
NC_011593.1:2598858-2601929	NB551033:151:HCYCWBGXB:3:21407:1139:14886#0/1	100.000	76	0	0	2422	2497	76	1	6.74e-31	141
NC_011593.1:2598858-2601929	NB551033:151:HCYCWBGXB:3:21406:26556:14887#0/1	100.000	76	0	0	2422	2497	76	1	6.74e-31	141
NC_011593.1:2598858-2601929	NB551033:151:HCYCWBGXB:4:11605:13210:19463#0/2	100.000	74	0	0	2760	2833	74	1	8.72e-30	137
NC_011593.1:2598858-2601929	NB551033:151:HCYCWBGXB:4:23604:20835:3684#0/2	100.000	71	0	0	1810	1880	71	1	4.06e-28	132
NC_011593.1:2598858-2601929	NB551033:151:HCYCWBGXB:4:23604:20835:3684#0/1	100.000	71	0	0	1810	1880	1	71	4.06e-28	132
NC_011593.1:2598858-2601929	NB551033:151:HCYCWBGXB:4:12406:8440:4953#0/2	98.611	72	1	0	2967	3038	1	72	5.25e-27	128
NC_011593.1:2598858-2601929	NB551033:151:HCYCWBGXB:4:13604:12210:2686#0/1	98.571	70	1	0	70	139	70	1	6.79e-26	124
NC_011593.1:2598858-2601929	NB551033:151:HCYCWBGXB:4:12611:21305:7709#0/2	98.462	65	1	0	826	890	65	1	4.08e-23	115
NC_011593.1:2598858-2601929	NB551033:151:HCYCWBGXB:1:11212:5660:20127#0/2	97.059	68	2	0	818	885	68	1	4.08e-23	115
NC_011593.1:2598858-2601929	NB551033:151:HCYCWBGXB:4:12611:21305:7709#0/1	98.462	65	1	0	826	890	1	65	4.08e-23	115
NC_011593.1:2598858-2601929	NB551033:151:HCYCWBGXB:1:11212:5660:20127#0/1	97.059	68	2	0	818	885	1	68	4.08e-23	115
NC_011593.1:2598858-2601929	NB551033:151:HCYCWBGXB:2:23105:9214:15510#0/2	98.438	64	1	0	1860	1923	1	64	1.47e-22	113
NC_011593.1:2598858-2601929	NB551033:151:HCYCWBGXB:2:23105:9214:15510#0/1	98.438	64	1	0	1860	1923	64	1	1.47e-22	113
NC_011593.1:2598858-2601929	NB551033:151:HCYCWBGXB:3:22504:10470:8233#0/2	98.276	58	1	0	555	612	58	1	3.18e-19	102
NC_011593.1:2598858-2601929	NB551033:151:HCYCWBGXB:3:22504:10470:8233#0/1	98.276	58	1	0	555	612	1	58	3.18e-19	102
NC_011593.1:2598858-2601929	NB551033:151:HCYCWBGXB:2:13103:1880:8755#0/2	100.000	53	0	0	2039	2091	53	1	4.11e-18	99.0
NC_011593.1:2598858-2601929	NB551033:151:HCYCWBGXB:2:13103:1880:8755#0/1	100.000	53	0	0	2039	2091	1	53	4.11e-18	99.0
NC_011593.1:2598858-2601929	NB551033:151:HCYCWBGXB:3:23609:8970:9449#0/2	100.000	52	0	0	2236	2287	52	1	1.48e-17	97.1
NC_011593.1:2598858-2601929	NB551033:151:HCYCWBGXB:3:13404:5025:5459#0/1	100.000	51	0	0	252	302	51	1	5.32e-17	95.3
NC_011593.1:2598858-2601929	NB551033:151:HCYCWBGXB:2:22310:2576:11602#0/2	96.429	56	2	0	3017	3072	1	56	1.91e-16	93.5
NC_011593.1:2598858-2601929	NB551033:151:HCYCWBGXB:2:13112:15984:8867#0/1	98.039	51	1	0	646	696	1	51	2.48e-15	89.8
NC_011593.1:2598858-2601929	NB551033:151:HCYCWBGXB:1:21203:12920:14900#0/2	100.000	47	0	0	961	1007	47	1	8.90e-15	87.9
NC_011593.1:2598858-2601929	NB551033:151:HCYCWBGXB:1:21203:12920:14900#0/1	100.000	47	0	0	961	1007	1	47	8.90e-15	87.9
NC_011593.1:2598858-2601929	NB551033:151:HCYCWBGXB:2:21112:7387:8902#0/2	96.154	52	2	0	478	529	52	1	3.20e-14	86.1
NC_011593.1:2598858-2601929	NB551033:151:HCYCWBGXB:3:11603:18798:18065#0/2	100.000	45	0	0	252	296	45	1	1.15e-13	84.2
NC_011593.1:2598858-2601929	NB551033:151:HCYCWBGXB:3:11603:18798:18065#0/1	100.000	45	0	0	252	296	1	45	1.15e-13	84.2
NC_011593.1:2598858-2601929	NB551033:151:HCYCWBGXB:4:22409:16877:8899#0/2	100.000	39	0	0	175	213	3	41	2.49e-10	73.1
NC_011593.1:2598858-2601929	NB551033:151:HCYCWBGXB:3:12504:14595:6582#0/2	97.619	42	1	0	1334	1375	42	1	2.49e-10	73.1
NC_011593.1:2598858-2601929	NB551033:151:HCYCWBGXB:3:12504:14595:6582#0/1	97.619	42	1	0	1334	1375	1	42	2.49e-10	73.1
NC_011593.1:2598858-2601929	NB551033:151:HCYCWBGXB:2:12101:24343:19894#0/1	100.000	37	0	0	2529	2565	1	37	3.22e-09	69.4
NC_011593.1:2598858-2601929	NB551033:151:HCYCWBGXB:4:22506:11258:8026#0/2	97.143	35	1	0	2778	2812	1	35	1.94e-06	60.2
# BLASTN 2.9.0+
# Query: NC_011593.1:c2604454-2602106 Bifidobacterium longum subsp. infantis ATCC 15697, complete genome
# Database: db/blast_C0175-2F-1A_S51.faa
# 0 hits found
# BLASTN 2.9.0+
# Query: NC_011593.1:c2605922-2604486 Bifidobacterium longum subsp. infantis ATCC 15697, complete genome
# Database: db/blast_C0175-2F-1A_S51.faa
# 0 hits found
# BLASTN 2.9.0+
# Query: NC_011593.1:c2606381-2605944 Bifidobacterium longum subsp. infantis ATCC 15697, complete genome
# Database: db/blast_C0175-2F-1A_S51.faa
# 0 hits found
# BLASTN 2.9.0+
# Query: NC_011593.1:c2607314-2606418 Bifidobacterium longum subsp. infantis ATCC 15697, complete genome
# Database: db/blast_C0175-2F-1A_S51.faa
# 0 hits found
# BLASTN 2.9.0+
# Query: NC_011593.1:c2608249-2607458 Bifidobacterium longum subsp. infantis ATCC 15697, complete genome
# Database: db/blast_C0175-2F-1A_S51.faa
# 0 hits found
# BLASTN 2.9.0+
# Query: NC_011593.1:c2609546-2608269 Bifidobacterium longum subsp. infantis ATCC 15697, complete genome
# Database: db/blast_C0175-2F-1A_S51.faa
# 0 hits found
# BLASTN 2.9.0+
# Query: NC_011593.1:c2610356-2609697 Bifidobacterium longum subsp. infantis ATCC 15697, complete genome
# Database: db/blast_C0175-2F-1A_S51.faa
# 0 hits found
# BLASTN 2.9.0+
# Query: NC_011593.1:c2611458-2610496 Bifidobacterium longum subsp. infantis ATCC 15697, complete genome
# Database: db/blast_C0175-2F-1A_S51.faa
# 0 hits found
# BLASTN 2.9.0+
# Query: NC_011593.1:c2612430-2611477 Bifidobacterium longum subsp. infantis ATCC 15697, complete genome
# Database: db/blast_C0175-2F-1A_S51.faa
# 0 hits found
# BLASTN 2.9.0+
# Query: NC_011593.1:c2614109-2612517 Bifidobacterium longum subsp. infantis ATCC 15697, complete genome
# Database: db/blast_C0175-2F-1A_S51.faa
# 0 hits found
# BLASTN 2.9.0+
# Query: NC_011593.1:c2615274-2614312 Bifidobacterium longum subsp. infantis ATCC 15697, complete genome
# Database: db/blast_C0175-2F-1A_S51.faa
# 0 hits found
# BLASTN 2.9.0+
# Query: NC_011593.1:c2616246-2615293 Bifidobacterium longum subsp. infantis ATCC 15697, complete genome
# Database: db/blast_C0175-2F-1A_S51.faa
# 0 hits found
# BLASTN 2.9.0+
# Query: NC_011593.1:c2617928-2616333 Bifidobacterium longum subsp. infantis ATCC 15697, complete genome
# Database: db/blast_C0175-2F-1A_S51.faa
# Fields: query acc.ver, subject acc.ver, % identity, alignment length, mismatches, gap opens, q. start, q. end, s. start, s. end, evalue, bit score
# 1 hits found
NC_011593.1:c2617928-2616333	NB551033:151:HCYCWBGXB:4:13412:15078:8288#0/2	95.122	41	2	0	493	533	48	8	2.17e-08	65.8
# BLASTN 2.9.0+
# Query: NC_011593.1:c2619247-2618063 Bifidobacterium longum subsp. infantis ATCC 15697, complete genome
# Database: db/blast_C0175-2F-1A_S51.faa
# 0 hits found
# BLASTN 2.9.0+
# Query: NC_011593.1:c2620369-2619413 Bifidobacterium longum subsp. infantis ATCC 15697, complete genome
# Database: db/blast_C0175-2F-1A_S51.faa
# 0 hits found
# BLASTN 2.9.0+
# Query: NC_011593.1:c2622143-2620551 Bifidobacterium longum subsp. infantis ATCC 15697, complete genome
# Database: db/blast_C0175-2F-1A_S51.faa
# 0 hits found
# BLASTN 2.9.0+
# Query: NC_011593.1:c2624124-2622520 Bifidobacterium longum subsp. infantis ATCC 15697, complete genome
# Database: db/blast_C0175-2F-1A_S51.faa
# 0 hits found
# BLASTN 2.9.0+
# Query: NC_011593.1:c2626110-2624512 Bifidobacterium longum subsp. infantis ATCC 15697, complete genome
# Database: db/blast_C0175-2F-1A_S51.faa
# 0 hits found
# BLASTN 2.9.0+
# Query: NC_011593.1:c2626386-2626264 Bifidobacterium longum subsp. infantis ATCC 15697, complete genome
# Database: db/blast_C0175-2F-1A_S51.faa
# 0 hits found
# BLASTN 2.9.0+
# Query: NC_011593.1:c2628158-2626563 Bifidobacterium longum subsp. infantis ATCC 15697, complete genome
# Database: db/blast_C0175-2F-1A_S51.faa
# 0 hits found
# BLASTN 2.9.0+
# Query: NC_011593.1:c2630269-2628314 Bifidobacterium longum subsp. infantis ATCC 15697, complete genome
# Database: db/blast_C0175-2F-1A_S51.faa
# 0 hits found
# BLASTN 2.9.0+
# Query: NC_011593.1:c2631106-2630366 Bifidobacterium longum subsp. infantis ATCC 15697, complete genome
# Database: db/blast_C0175-2F-1A_S51.faa
# 0 hits found
# BLASTN 2.9.0+
# Query: NC_011593.1:c2632432-2631140 Bifidobacterium longum subsp. infantis ATCC 15697, complete genome
# Database: db/blast_C0175-2F-1A_S51.faa
# 0 hits found
# BLASTN 2.9.0+
# Query: NC_011593.1:c2633881-2632562 Bifidobacterium longum subsp. infantis ATCC 15697, complete genome
# Database: db/blast_C0175-2F-1A_S51.faa
# 0 hits found
# BLASTN 2.9.0+
# Query: NC_011593.1:c2634683-2633865 Bifidobacterium longum subsp. infantis ATCC 15697, complete genome
# Database: db/blast_C0175-2F-1A_S51.faa
# 0 hits found
# BLASTN 2.9.0+
# Query: NC_011593.1:c2635627-2634680 Bifidobacterium longum subsp. infantis ATCC 15697, complete genome
# Database: db/blast_C0175-2F-1A_S51.faa
# 0 hits found
# BLASTN 2.9.0+
# Query: NC_011593.1:c2636747-2635629 Bifidobacterium longum subsp. infantis ATCC 15697, complete genome
# Database: db/blast_C0175-2F-1A_S51.faa
# 0 hits found
# BLAST processed 31 queries
