# BLASTN 2.9.0+
# Query: NC_011593.1:c2595355-2593832 Bifidobacterium longum subsp. infantis ATCC 15697, complete genome
# Database: db/blast_C0202-6F-1A_S21.faa
# Fields: query acc.ver, subject acc.ver, % identity, alignment length, mismatches, gap opens, q. start, q. end, s. start, s. end, evalue, bit score
# 70 hits found
NC_011593.1:c2595355-2593832	NB551033:91:H5W5HBGX7:1:12104:15943:7901#0/1	100.000	150	0	0	356	505	1	150	1.94e-72	278
NC_011593.1:c2595355-2593832	NB551033:91:H5W5HBGX7:4:12411:2287:16961#0/2	99.338	151	1	0	962	1112	1	151	2.51e-71	274
NC_011593.1:c2595355-2593832	NB551033:91:H5W5HBGX7:1:12104:15943:7901#0/2	99.333	150	1	0	384	533	150	1	9.05e-71	272
NC_011593.1:c2595355-2593832	NB551033:91:H5W5HBGX7:4:13604:4654:12538#0/1	98.675	151	2	0	935	1085	151	1	1.17e-69	268
NC_011593.1:c2595355-2593832	NB551033:91:H5W5HBGX7:3:21406:20170:2657#0/1	98.675	151	2	0	401	551	151	1	1.17e-69	268
NC_011593.1:c2595355-2593832	NB551033:91:H5W5HBGX7:2:11209:14773:11187#0/1	98.675	151	2	0	935	1085	151	1	1.17e-69	268
NC_011593.1:c2595355-2593832	NB551033:91:H5W5HBGX7:4:12411:2287:16961#0/1	98.667	150	2	0	1033	1182	150	1	4.21e-69	267
NC_011593.1:c2595355-2593832	NB551033:91:H5W5HBGX7:4:23502:24073:13197#0/2	98.658	149	2	0	458	606	1	149	1.51e-68	265
NC_011593.1:c2595355-2593832	NB551033:91:H5W5HBGX7:3:12501:23196:17016#0/1	98.013	151	3	0	1111	1261	1	151	5.44e-68	263
NC_011593.1:c2595355-2593832	NB551033:91:H5W5HBGX7:4:11407:10141:1273#0/2	98.000	150	3	0	1059	1208	150	1	1.96e-67	261
NC_011593.1:c2595355-2593832	NB551033:91:H5W5HBGX7:2:11112:12225:6406#0/2	98.000	150	3	0	1176	1325	1	150	1.96e-67	261
NC_011593.1:c2595355-2593832	NB551033:91:H5W5HBGX7:3:12401:12708:2420#0/1	98.000	150	3	0	1111	1260	1	150	1.96e-67	261
NC_011593.1:c2595355-2593832	NB551033:91:H5W5HBGX7:4:23411:9819:13826#0/2	97.351	151	4	0	145	295	151	1	2.53e-66	257
NC_011593.1:c2595355-2593832	NB551033:91:H5W5HBGX7:4:13604:4654:12538#0/2	97.351	151	4	0	842	992	1	151	2.53e-66	257
NC_011593.1:c2595355-2593832	NB551033:91:H5W5HBGX7:3:22602:3026:19050#0/1	97.351	151	4	0	847	997	151	1	2.53e-66	257
NC_011593.1:c2595355-2593832	NB551033:91:H5W5HBGX7:3:21406:20170:2657#0/2	97.333	150	4	0	339	488	1	150	9.11e-66	255
NC_011593.1:c2595355-2593832	NB551033:91:H5W5HBGX7:3:12401:12708:2420#0/2	98.601	143	2	0	1134	1276	151	9	3.28e-65	254
NC_011593.1:c2595355-2593832	NB551033:91:H5W5HBGX7:3:12401:12708:2420#0/2	100.000	28	0	0	1249	1276	1	28	1.28e-04	52.8
NC_011593.1:c2595355-2593832	NB551033:91:H5W5HBGX7:4:11407:10141:1273#0/1	96.689	151	5	0	801	951	1	151	1.18e-64	252
NC_011593.1:c2595355-2593832	NB551033:91:H5W5HBGX7:2:13102:14034:12711#0/1	96.689	151	5	0	177	327	151	1	1.18e-64	252
NC_011593.1:c2595355-2593832	NB551033:91:H5W5HBGX7:3:22408:1740:11441#0/1	97.279	147	4	0	680	826	147	1	4.24e-64	250
NC_011593.1:c2595355-2593832	NB551033:91:H5W5HBGX7:1:23208:10173:3320#0/1	96.644	149	5	0	670	818	149	1	1.52e-63	248
NC_011593.1:c2595355-2593832	NB551033:91:H5W5HBGX7:4:22511:2586:8969#0/2	96.026	151	6	0	230	380	151	1	5.48e-63	246
NC_011593.1:c2595355-2593832	NB551033:91:H5W5HBGX7:1:23208:10173:3320#0/2	96.026	151	6	0	620	770	1	151	5.48e-63	246
NC_011593.1:c2595355-2593832	NB551033:91:H5W5HBGX7:1:11204:20721:18571#0/2	96.026	151	6	0	214	364	151	1	5.48e-63	246
NC_011593.1:c2595355-2593832	NB551033:91:H5W5HBGX7:4:23502:24073:13197#0/1	96.026	151	6	0	644	794	151	1	5.48e-63	246
NC_011593.1:c2595355-2593832	NB551033:91:H5W5HBGX7:1:11101:19064:3926#0/2	96.599	147	5	0	672	818	147	1	1.97e-62	244
NC_011593.1:c2595355-2593832	NB551033:91:H5W5HBGX7:1:11101:19064:3926#0/1	96.599	147	5	0	672	818	1	147	1.97e-62	244
NC_011593.1:c2595355-2593832	NB551033:91:H5W5HBGX7:4:21408:16594:12249#0/2	98.540	137	2	0	992	1128	1	137	7.09e-62	243
NC_011593.1:c2595355-2593832	NB551033:91:H5W5HBGX7:2:13311:4468:4679#0/2	95.946	148	6	0	249	396	1	148	2.55e-61	241
NC_011593.1:c2595355-2593832	NB551033:91:H5W5HBGX7:2:13311:4468:4679#0/1	97.163	141	4	0	316	456	141	1	9.17e-61	239
NC_011593.1:c2595355-2593832	NB551033:91:H5W5HBGX7:1:11310:7965:9431#0/2	99.206	126	1	0	975	1100	1	126	1.99e-57	228
NC_011593.1:c2595355-2593832	NB551033:91:H5W5HBGX7:1:11310:7965:9431#0/1	99.206	126	1	0	975	1100	126	1	1.99e-57	228
NC_011593.1:c2595355-2593832	NB551033:91:H5W5HBGX7:1:11311:10922:13762#0/2	95.620	137	6	0	640	776	137	1	3.32e-55	220
NC_011593.1:c2595355-2593832	NB551033:91:H5W5HBGX7:1:11311:10922:13762#0/1	95.620	137	6	0	640	776	1	137	3.32e-55	220
NC_011593.1:c2595355-2593832	NB551033:91:H5W5HBGX7:3:22602:3026:19050#0/2	96.241	133	5	0	603	735	1	133	1.20e-54	219
NC_011593.1:c2595355-2593832	NB551033:91:H5W5HBGX7:2:11209:14773:11187#0/2	96.183	131	5	0	626	756	1	131	1.55e-53	215
NC_011593.1:c2595355-2593832	NB551033:91:H5W5HBGX7:4:23403:10089:15572#0/2	98.305	118	2	0	501	618	1	118	2.59e-51	207
NC_011593.1:c2595355-2593832	NB551033:91:H5W5HBGX7:4:23403:10089:15572#0/1	98.305	118	2	0	501	618	118	1	2.59e-51	207
NC_011593.1:c2595355-2593832	NB551033:91:H5W5HBGX7:1:13308:9146:3665#0/1	96.063	127	5	0	942	1068	1	127	2.59e-51	207
NC_011593.1:c2595355-2593832	NB551033:91:H5W5HBGX7:3:11401:20280:17670#0/2	97.500	120	3	0	1351	1470	1	120	9.30e-51	206
NC_011593.1:c2595355-2593832	NB551033:91:H5W5HBGX7:3:12501:23196:17016#0/2	97.414	116	3	0	1161	1276	124	9	1.56e-48	198
NC_011593.1:c2595355-2593832	NB551033:91:H5W5HBGX7:3:12501:23196:17016#0/2	100.000	28	0	0	1249	1276	1	28	1.28e-04	52.8
NC_011593.1:c2595355-2593832	NB551033:91:H5W5HBGX7:4:11605:19110:11835#0/2	98.198	111	2	0	971	1081	1	111	2.01e-47	195
NC_011593.1:c2595355-2593832	NB551033:91:H5W5HBGX7:4:11605:19110:11835#0/1	98.198	111	2	0	971	1081	111	1	2.01e-47	195
NC_011593.1:c2595355-2593832	NB551033:91:H5W5HBGX7:3:22408:1740:11441#0/2	99.020	102	1	0	529	630	1	102	4.36e-44	183
NC_011593.1:c2595355-2593832	NB551033:91:H5W5HBGX7:4:23604:21232:1208#0/1	98.095	105	2	0	1234	1338	1	105	4.36e-44	183
NC_011593.1:c2595355-2593832	NB551033:91:H5W5HBGX7:4:21407:9018:1811#0/2	97.196	107	3	0	96	202	1	107	1.57e-43	182
NC_011593.1:c2595355-2593832	NB551033:91:H5W5HBGX7:4:21407:9018:1811#0/1	97.196	107	3	0	96	202	107	1	1.57e-43	182
NC_011593.1:c2595355-2593832	NB551033:91:H5W5HBGX7:2:21304:2463:14768#0/2	95.413	109	5	0	864	972	109	1	2.62e-41	174
NC_011593.1:c2595355-2593832	NB551033:91:H5W5HBGX7:1:13308:9146:3665#0/2	97.059	102	3	0	1369	1470	111	10	9.44e-41	172
NC_011593.1:c2595355-2593832	NB551033:91:H5W5HBGX7:2:23101:5471:10871#0/2	96.970	99	3	0	75	173	99	1	4.39e-39	167
NC_011593.1:c2595355-2593832	NB551033:91:H5W5HBGX7:2:23101:5471:10871#0/1	97.917	96	2	0	75	170	1	96	4.39e-39	167
NC_011593.1:c2595355-2593832	NB551033:91:H5W5HBGX7:2:12201:14464:11322#0/2	96.970	99	2	1	1263	1360	7	105	1.58e-38	165
NC_011593.1:c2595355-2593832	NB551033:91:H5W5HBGX7:2:12201:14464:11322#0/1	96.970	99	2	1	1263	1360	99	1	1.58e-38	165
NC_011593.1:c2595355-2593832	NB551033:91:H5W5HBGX7:4:21408:16594:12249#0/1	96.809	94	3	0	1377	1470	109	16	2.64e-36	158
NC_011593.1:c2595355-2593832	NB551033:91:H5W5HBGX7:4:23604:21232:1208#0/2	97.701	87	2	0	1274	1360	87	1	4.42e-34	150
NC_011593.1:c2595355-2593832	NB551033:91:H5W5HBGX7:3:11603:13246:10869#0/1	100.000	74	0	0	1012	1085	74	1	3.44e-30	137
NC_011593.1:c2595355-2593832	NB551033:91:H5W5HBGX7:2:11112:12225:6406#0/1	97.500	80	2	0	1271	1350	80	1	3.44e-30	137
NC_011593.1:c2595355-2593832	NB551033:91:H5W5HBGX7:4:12406:20731:2777#0/2	97.436	78	2	0	1393	1470	3	80	4.45e-29	134
NC_011593.1:c2595355-2593832	NB551033:91:H5W5HBGX7:4:12406:20731:2777#0/1	96.000	75	3	0	1396	1470	150	76	9.64e-26	122
NC_011593.1:c2595355-2593832	NB551033:91:H5W5HBGX7:3:11603:13246:10869#0/2	95.833	72	3	0	626	697	1	72	4.49e-24	117
NC_011593.1:c2595355-2593832	NB551033:91:H5W5HBGX7:2:12105:16524:5266#0/2	100.000	59	0	0	801	859	59	1	7.51e-22	110
NC_011593.1:c2595355-2593832	NB551033:91:H5W5HBGX7:3:13412:5450:4797#0/1	100.000	59	0	0	366	424	1	59	7.51e-22	110
NC_011593.1:c2595355-2593832	NB551033:91:H5W5HBGX7:2:12105:16524:5266#0/1	100.000	59	0	0	801	859	1	59	7.51e-22	110
NC_011593.1:c2595355-2593832	NB551033:91:H5W5HBGX7:1:21210:17997:1151#0/2	100.000	58	0	0	801	858	1	58	2.70e-21	108
NC_011593.1:c2595355-2593832	NB551033:91:H5W5HBGX7:1:21210:17997:1151#0/1	100.000	58	0	0	801	858	58	1	2.70e-21	108
NC_011593.1:c2595355-2593832	NB551033:91:H5W5HBGX7:3:13412:5450:4797#0/2	98.276	58	1	0	986	1043	58	1	1.26e-19	102
NC_011593.1:c2595355-2593832	NB551033:91:H5W5HBGX7:1:21212:18449:17711#0/2	100.000	49	0	0	434	482	1	49	2.72e-16	91.6
NC_011593.1:c2595355-2593832	NB551033:91:H5W5HBGX7:1:21212:18449:17711#0/1	100.000	49	0	0	434	482	49	1	2.72e-16	91.6
# BLASTN 2.9.0+
# Query: NC_011593.1:c2597106-2595574 Bifidobacterium longum subsp. infantis ATCC 15697, complete genome
# Database: db/blast_C0202-6F-1A_S21.faa
# Fields: query acc.ver, subject acc.ver, % identity, alignment length, mismatches, gap opens, q. start, q. end, s. start, s. end, evalue, bit score
# 14 hits found
NC_011593.1:c2597106-2595574	NB551033:91:H5W5HBGX7:1:12104:15943:7901#0/2	95.946	148	6	0	386	533	148	1	2.57e-61	241
NC_011593.1:c2597106-2595574	NB551033:91:H5W5HBGX7:1:11204:20721:18571#0/1	95.035	141	7	0	10	150	1	141	9.29e-56	222
NC_011593.1:c2597106-2595574	NB551033:91:H5W5HBGX7:2:23310:20796:6152#0/2	97.521	121	3	0	1	121	121	1	2.60e-51	207
NC_011593.1:c2597106-2595574	NB551033:91:H5W5HBGX7:1:11204:20721:18571#0/2	95.000	120	6	0	214	333	151	32	9.43e-46	189
NC_011593.1:c2597106-2595574	NB551033:91:H5W5HBGX7:4:12406:20731:2777#0/2	97.436	78	2	0	1393	1470	3	80	4.48e-29	134
NC_011593.1:c2597106-2595574	NB551033:91:H5W5HBGX7:4:12406:20731:2777#0/1	96.000	75	3	0	1396	1470	150	76	9.70e-26	122
NC_011593.1:c2597106-2595574	NB551033:91:H5W5HBGX7:4:12404:17506:10494#0/1	100.000	66	0	0	1	66	66	1	9.70e-26	122
NC_011593.1:c2597106-2595574	NB551033:91:H5W5HBGX7:3:13611:19692:17374#0/1	100.000	66	0	0	1	66	66	1	9.70e-26	122
NC_011593.1:c2597106-2595574	NB551033:91:H5W5HBGX7:4:12404:17506:10494#0/2	100.000	62	0	0	1	62	89	150	1.62e-23	115
NC_011593.1:c2597106-2595574	NB551033:91:H5W5HBGX7:3:13611:19692:17374#0/2	100.000	62	0	0	1	62	89	150	1.62e-23	115
NC_011593.1:c2597106-2595574	NB551033:91:H5W5HBGX7:1:21212:18449:17711#0/2	100.000	49	0	0	434	482	1	49	2.73e-16	91.6
NC_011593.1:c2597106-2595574	NB551033:91:H5W5HBGX7:1:21212:18449:17711#0/1	100.000	49	0	0	434	482	49	1	2.73e-16	91.6
NC_011593.1:c2597106-2595574	NB551033:91:H5W5HBGX7:2:13102:14034:12711#0/2	100.000	45	0	0	1	45	106	150	4.58e-14	84.2
NC_011593.1:c2597106-2595574	NB551033:91:H5W5HBGX7:2:23310:20796:6152#0/1	100.000	37	0	0	1	37	115	151	1.28e-09	69.4
# BLASTN 2.9.0+
# Query: NC_011593.1:c2598562-2597207 Bifidobacterium longum subsp. infantis ATCC 15697, complete genome
# Database: db/blast_C0202-6F-1A_S21.faa
# Fields: query acc.ver, subject acc.ver, % identity, alignment length, mismatches, gap opens, q. start, q. end, s. start, s. end, evalue, bit score
# 79 hits found
NC_011593.1:c2598562-2597207	NB551033:91:H5W5HBGX7:3:13509:22446:17349#0/2	100.000	151	0	0	509	659	1	151	4.80e-73	279
NC_011593.1:c2598562-2597207	NB551033:91:H5W5HBGX7:4:11411:9768:20089#0/1	100.000	151	0	0	278	428	1	151	4.80e-73	279
NC_011593.1:c2598562-2597207	NB551033:91:H5W5HBGX7:3:12610:15037:15409#0/1	100.000	151	0	0	906	1056	151	1	4.80e-73	279
NC_011593.1:c2598562-2597207	NB551033:91:H5W5HBGX7:3:11602:14030:7951#0/1	100.000	151	0	0	278	428	1	151	4.80e-73	279
NC_011593.1:c2598562-2597207	NB551033:91:H5W5HBGX7:2:11203:7077:9647#0/1	100.000	151	0	0	681	831	151	1	4.80e-73	279
NC_011593.1:c2598562-2597207	NB551033:91:H5W5HBGX7:1:11103:4438:14309#0/1	100.000	151	0	0	596	746	1	151	4.80e-73	279
NC_011593.1:c2598562-2597207	NB551033:91:H5W5HBGX7:3:12610:15037:15409#0/2	100.000	150	0	0	747	896	1	150	1.73e-72	278
NC_011593.1:c2598562-2597207	NB551033:91:H5W5HBGX7:3:11602:14030:7951#0/2	100.000	150	0	0	504	653	150	1	1.73e-72	278
NC_011593.1:c2598562-2597207	NB551033:91:H5W5HBGX7:2:22307:23688:4579#0/2	100.000	150	0	0	564	713	1	150	1.73e-72	278
NC_011593.1:c2598562-2597207	NB551033:91:H5W5HBGX7:2:11203:7077:9647#0/2	100.000	150	0	0	564	713	1	150	1.73e-72	278
NC_011593.1:c2598562-2597207	NB551033:91:H5W5HBGX7:1:22204:20725:15289#0/2	100.000	150	0	0	899	1048	1	150	1.73e-72	278
NC_011593.1:c2598562-2597207	NB551033:91:H5W5HBGX7:1:22203:20429:6492#0/2	100.000	150	0	0	276	425	1	150	1.73e-72	278
NC_011593.1:c2598562-2597207	NB551033:91:H5W5HBGX7:4:12607:24826:3532#0/1	100.000	150	0	0	256	405	1	150	1.73e-72	278
NC_011593.1:c2598562-2597207	NB551033:91:H5W5HBGX7:3:13509:22446:17349#0/1	100.000	150	0	0	597	746	150	1	1.73e-72	278
NC_011593.1:c2598562-2597207	NB551033:91:H5W5HBGX7:2:21301:23283:7749#0/1	100.000	150	0	0	1150	1299	1	150	1.73e-72	278
NC_011593.1:c2598562-2597207	NB551033:91:H5W5HBGX7:4:13610:7830:1631#0/2	100.000	149	0	0	1156	1304	1	149	6.21e-72	276
NC_011593.1:c2598562-2597207	NB551033:91:H5W5HBGX7:4:11411:9768:20089#0/2	99.333	150	1	0	527	676	150	1	8.03e-71	272
NC_011593.1:c2598562-2597207	NB551033:91:H5W5HBGX7:2:12302:21617:5791#0/2	100.000	147	0	0	138	284	4	150	8.03e-71	272
NC_011593.1:c2598562-2597207	NB551033:91:H5W5HBGX7:2:21106:6018:15424#0/1	100.000	147	0	0	138	284	147	1	8.03e-71	272
NC_011593.1:c2598562-2597207	NB551033:91:H5W5HBGX7:1:22211:4224:2691#0/1	99.333	150	1	0	1100	1249	1	150	8.03e-71	272
NC_011593.1:c2598562-2597207	NB551033:91:H5W5HBGX7:4:12607:24826:3532#0/2	98.667	150	2	0	303	452	150	1	3.74e-69	267
NC_011593.1:c2598562-2597207	NB551033:91:H5W5HBGX7:1:12206:6621:9389#0/1	100.000	144	0	0	533	676	1	144	3.74e-69	267
NC_011593.1:c2598562-2597207	NB551033:91:H5W5HBGX7:1:13105:10691:11074#0/2	100.000	142	0	0	1188	1329	142	1	4.83e-68	263
NC_011593.1:c2598562-2597207	NB551033:91:H5W5HBGX7:1:13105:10691:11074#0/1	100.000	142	0	0	1188	1329	1	142	4.83e-68	263
NC_011593.1:c2598562-2597207	NB551033:91:H5W5HBGX7:4:13604:2301:11131#0/2	100.000	137	0	0	1145	1281	1	137	2.91e-65	254
NC_011593.1:c2598562-2597207	NB551033:91:H5W5HBGX7:2:13111:21910:4583#0/2	97.315	149	4	0	913	1061	149	1	2.91e-65	254
NC_011593.1:c2598562-2597207	NB551033:91:H5W5HBGX7:4:13604:2301:11131#0/1	100.000	137	0	0	1145	1281	137	1	2.91e-65	254
NC_011593.1:c2598562-2597207	NB551033:91:H5W5HBGX7:4:22612:11313:13494#0/1	96.667	150	5	0	1047	1196	1	150	3.76e-64	250
NC_011593.1:c2598562-2597207	NB551033:91:H5W5HBGX7:2:22206:13036:10931#0/2	95.918	147	6	0	1077	1223	1	147	8.14e-61	239
NC_011593.1:c2598562-2597207	NB551033:91:H5W5HBGX7:3:13609:18809:3814#0/2	97.122	139	4	0	871	1009	1	139	1.05e-59	235
NC_011593.1:c2598562-2597207	NB551033:91:H5W5HBGX7:2:22206:13036:10931#0/1	96.454	141	5	0	1114	1254	149	9	3.79e-59	233
NC_011593.1:c2598562-2597207	NB551033:91:H5W5HBGX7:2:12309:8389:8773#0/2	99.213	127	1	0	636	762	1	127	4.90e-58	230
NC_011593.1:c2598562-2597207	NB551033:91:H5W5HBGX7:1:11103:4438:14309#0/2	98.374	123	2	0	837	959	123	1	3.82e-54	217
NC_011593.1:c2598562-2597207	NB551033:91:H5W5HBGX7:4:13610:7830:1631#0/1	100.000	117	0	0	1240	1356	150	34	3.82e-54	217
NC_011593.1:c2598562-2597207	NB551033:91:H5W5HBGX7:2:12302:21617:5791#0/1	96.850	127	4	0	440	566	127	1	4.94e-53	213
NC_011593.1:c2598562-2597207	NB551033:91:H5W5HBGX7:1:22203:20429:6492#0/1	99.145	117	1	0	701	817	117	1	1.78e-52	211
NC_011593.1:c2598562-2597207	NB551033:91:H5W5HBGX7:2:21301:23283:7749#0/2	100.000	113	0	0	1207	1319	113	1	6.38e-52	209
NC_011593.1:c2598562-2597207	NB551033:91:H5W5HBGX7:3:23503:8388:19128#0/1	95.041	121	6	0	429	549	28	148	2.31e-46	191
NC_011593.1:c2598562-2597207	NB551033:91:H5W5HBGX7:1:11105:17991:12801#0/1	99.057	106	1	0	1251	1356	149	44	2.31e-46	191
NC_011593.1:c2598562-2597207	NB551033:91:H5W5HBGX7:2:22307:23688:4579#0/1	100.000	100	0	0	732	831	100	1	1.08e-44	185
NC_011593.1:c2598562-2597207	NB551033:91:H5W5HBGX7:2:12309:8389:8773#0/1	99.020	102	1	0	917	1018	102	1	3.87e-44	183
NC_011593.1:c2598562-2597207	NB551033:91:H5W5HBGX7:2:23201:16745:9219#0/2	100.000	97	0	0	480	576	1	97	5.01e-43	180
NC_011593.1:c2598562-2597207	NB551033:91:H5W5HBGX7:2:23201:16745:9219#0/1	100.000	97	0	0	480	576	97	1	5.01e-43	180
NC_011593.1:c2598562-2597207	NB551033:91:H5W5HBGX7:4:22501:3965:6231#0/1	96.296	108	4	0	808	915	108	1	1.80e-42	178
NC_011593.1:c2598562-2597207	NB551033:91:H5W5HBGX7:4:23504:3195:13533#0/2	97.115	104	3	0	808	911	29	132	6.48e-42	176
NC_011593.1:c2598562-2597207	NB551033:91:H5W5HBGX7:4:23504:3195:13533#0/1	97.115	104	3	0	808	911	108	5	6.48e-42	176
NC_011593.1:c2598562-2597207	NB551033:91:H5W5HBGX7:1:22204:20725:15289#0/1	100.000	89	0	0	976	1064	150	62	1.40e-38	165
NC_011593.1:c2598562-2597207	NB551033:91:H5W5HBGX7:3:11402:7115:18637#0/1	98.901	91	0	1	788	878	1	90	1.81e-37	161
NC_011593.1:c2598562-2597207	NB551033:91:H5W5HBGX7:1:22302:5925:8427#0/2	100.000	83	0	0	306	388	83	1	3.03e-35	154
NC_011593.1:c2598562-2597207	NB551033:91:H5W5HBGX7:3:23503:8388:19128#0/2	97.590	83	2	0	810	892	83	1	6.57e-32	143
NC_011593.1:c2598562-2597207	NB551033:91:H5W5HBGX7:1:21109:16075:14151#0/2	96.512	86	3	0	479	564	3	88	6.57e-32	143
NC_011593.1:c2598562-2597207	NB551033:91:H5W5HBGX7:1:21109:16075:14151#0/1	96.512	86	3	0	479	564	86	1	6.57e-32	143
NC_011593.1:c2598562-2597207	NB551033:91:H5W5HBGX7:2:21106:6018:15424#0/2	100.000	76	0	0	138	213	75	150	2.36e-31	141
NC_011593.1:c2598562-2597207	NB551033:91:H5W5HBGX7:3:13609:18809:3814#0/1	97.468	79	2	0	1176	1254	85	7	1.10e-29	135
NC_011593.1:c2598562-2597207	NB551033:91:H5W5HBGX7:2:23101:3119:3566#0/1	96.250	80	3	0	495	574	80	1	1.42e-28	132
NC_011593.1:c2598562-2597207	NB551033:91:H5W5HBGX7:1:12206:6621:9389#0/2	98.630	73	1	0	992	1064	134	62	5.11e-28	130
NC_011593.1:c2598562-2597207	NB551033:91:H5W5HBGX7:3:21604:17941:5868#0/2	100.000	67	0	0	183	249	20	86	2.38e-26	124
NC_011593.1:c2598562-2597207	NB551033:91:H5W5HBGX7:2:23301:18106:1418#0/1	100.000	64	0	0	711	774	64	1	1.11e-24	119
NC_011593.1:c2598562-2597207	NB551033:91:H5W5HBGX7:2:23101:3119:3566#0/2	95.890	73	2	1	436	508	1	72	3.98e-24	117
NC_011593.1:c2598562-2597207	NB551033:91:H5W5HBGX7:2:13208:6231:12221#0/2	100.000	59	0	0	138	196	45	103	6.66e-22	110
NC_011593.1:c2598562-2597207	NB551033:91:H5W5HBGX7:2:13208:6231:12221#0/1	100.000	59	0	0	138	196	59	1	6.66e-22	110
NC_011593.1:c2598562-2597207	NB551033:91:H5W5HBGX7:3:21604:17941:5868#0/1	100.000	58	0	0	195	252	58	1	2.40e-21	108
NC_011593.1:c2598562-2597207	NB551033:91:H5W5HBGX7:2:22302:14091:4431#0/2	100.000	57	0	0	1060	1116	57	1	8.62e-21	106
NC_011593.1:c2598562-2597207	NB551033:91:H5W5HBGX7:2:22104:14574:2209#0/2	100.000	57	0	0	1300	1356	1	57	8.62e-21	106
NC_011593.1:c2598562-2597207	NB551033:91:H5W5HBGX7:2:23301:18106:1418#0/2	100.000	56	0	0	347	402	28	83	3.10e-20	104
NC_011593.1:c2598562-2597207	NB551033:91:H5W5HBGX7:2:23301:18106:1418#0/2	100.000	28	0	0	327	354	35	8	1.14e-04	52.8
NC_011593.1:c2598562-2597207	NB551033:91:H5W5HBGX7:1:22211:4224:2691#0/2	100.000	56	0	0	1301	1356	150	95	3.10e-20	104
NC_011593.1:c2598562-2597207	NB551033:91:H5W5HBGX7:2:22107:9419:18972#0/1	95.082	61	3	0	373	433	95	35	5.19e-18	97.1
NC_011593.1:c2598562-2597207	NB551033:91:H5W5HBGX7:1:22106:18392:15267#0/2	98.000	50	1	0	949	998	1	50	3.12e-15	87.9
NC_011593.1:c2598562-2597207	NB551033:91:H5W5HBGX7:1:22106:18392:15267#0/1	98.000	50	1	0	949	998	50	1	3.12e-15	87.9
NC_011593.1:c2598562-2597207	NB551033:91:H5W5HBGX7:1:23310:19558:13703#0/2	100.000	44	0	0	1021	1064	1	44	1.45e-13	82.4
NC_011593.1:c2598562-2597207	NB551033:91:H5W5HBGX7:1:23310:19558:13703#0/1	100.000	44	0	0	1021	1064	145	102	1.45e-13	82.4
NC_011593.1:c2598562-2597207	NB551033:91:H5W5HBGX7:2:22101:5913:1808#0/2	95.833	48	2	0	595	642	1	48	1.88e-12	78.7
NC_011593.1:c2598562-2597207	NB551033:91:H5W5HBGX7:1:23109:25883:12676#0/2	97.778	45	1	0	1289	1333	1	45	1.88e-12	78.7
NC_011593.1:c2598562-2597207	NB551033:91:H5W5HBGX7:2:11206:15009:4543#0/2	100.000	39	0	0	1060	1098	39	1	8.74e-11	73.1
NC_011593.1:c2598562-2597207	NB551033:91:H5W5HBGX7:1:22302:5925:8427#0/1	97.500	40	1	0	138	177	110	149	1.13e-09	69.4
NC_011593.1:c2598562-2597207	NB551033:91:H5W5HBGX7:3:21504:9831:16650#0/2	100.000	36	0	0	1321	1356	1	36	4.07e-09	67.6
NC_011593.1:c2598562-2597207	NB551033:91:H5W5HBGX7:3:21504:9831:16650#0/1	100.000	35	0	0	1322	1356	114	80	1.46e-08	65.8
NC_011593.1:c2598562-2597207	NB551033:91:H5W5HBGX7:1:22309:21179:19032#0/2	100.000	29	0	0	138	166	29	1	3.17e-05	54.7
# BLASTN 2.9.0+
# Query: NC_011593.1:2598858-2601929 Bifidobacterium longum subsp. infantis ATCC 15697, complete genome
# Database: db/blast_C0202-6F-1A_S21.faa
# Fields: query acc.ver, subject acc.ver, % identity, alignment length, mismatches, gap opens, q. start, q. end, s. start, s. end, evalue, bit score
# 155 hits found
NC_011593.1:2598858-2601929	NB551033:91:H5W5HBGX7:1:13204:20019:5799#0/2	100.000	151	0	0	209	359	151	1	1.09e-72	279
NC_011593.1:2598858-2601929	NB551033:91:H5W5HBGX7:3:13412:23097:2122#0/1	100.000	151	0	0	209	359	151	1	1.09e-72	279
NC_011593.1:2598858-2601929	NB551033:91:H5W5HBGX7:4:23502:8689:15197#0/2	100.000	150	0	0	307	456	1	150	3.91e-72	278
NC_011593.1:2598858-2601929	NB551033:91:H5W5HBGX7:4:11412:11574:20018#0/2	100.000	150	0	0	1923	2072	1	150	3.91e-72	278
NC_011593.1:2598858-2601929	NB551033:91:H5W5HBGX7:4:21509:21952:20345#0/1	100.000	150	0	0	1705	1854	150	1	3.91e-72	278
NC_011593.1:2598858-2601929	NB551033:91:H5W5HBGX7:1:22103:13708:15967#0/1	100.000	150	0	0	1920	2069	1	150	3.91e-72	278
NC_011593.1:2598858-2601929	NB551033:91:H5W5HBGX7:4:23412:23996:17150#0/2	99.338	151	1	0	921	1071	1	151	5.06e-71	274
NC_011593.1:2598858-2601929	NB551033:91:H5W5HBGX7:4:22507:23189:9436#0/2	100.000	148	0	0	175	322	148	1	5.06e-71	274
NC_011593.1:2598858-2601929	NB551033:91:H5W5HBGX7:2:12208:22683:10167#0/2	100.000	148	0	0	2211	2358	1	148	5.06e-71	274
NC_011593.1:2598858-2601929	NB551033:91:H5W5HBGX7:4:21611:15475:6173#0/1	99.338	151	1	0	1154	1304	1	151	5.06e-71	274
NC_011593.1:2598858-2601929	NB551033:91:H5W5HBGX7:3:12612:10997:19965#0/1	99.338	151	1	0	2741	2891	1	151	5.06e-71	274
NC_011593.1:2598858-2601929	NB551033:91:H5W5HBGX7:1:12109:2599:15341#0/1	99.338	151	1	0	344	494	151	1	5.06e-71	274
NC_011593.1:2598858-2601929	NB551033:91:H5W5HBGX7:4:21505:23439:7101#0/2	99.333	150	1	0	1313	1462	150	1	1.82e-70	272
NC_011593.1:2598858-2601929	NB551033:91:H5W5HBGX7:4:12608:22584:2171#0/2	99.333	150	1	0	205	354	150	1	1.82e-70	272
NC_011593.1:2598858-2601929	NB551033:91:H5W5HBGX7:4:23412:23996:17150#0/1	99.333	150	1	0	1049	1198	150	1	1.82e-70	272
NC_011593.1:2598858-2601929	NB551033:91:H5W5HBGX7:2:23204:7654:5985#0/1	99.333	150	1	0	273	422	1	150	1.82e-70	272
NC_011593.1:2598858-2601929	NB551033:91:H5W5HBGX7:2:22104:19108:12942#0/1	100.000	147	0	0	175	321	148	2	1.82e-70	272
NC_011593.1:2598858-2601929	NB551033:91:H5W5HBGX7:1:21207:11070:2433#0/1	99.333	150	1	0	2192	2341	150	1	1.82e-70	272
NC_011593.1:2598858-2601929	NB551033:91:H5W5HBGX7:3:22503:20350:9432#0/1	99.329	149	1	0	1107	1255	1	149	6.55e-70	270
NC_011593.1:2598858-2601929	NB551033:91:H5W5HBGX7:4:21509:21952:20345#0/2	98.667	150	2	0	1678	1827	1	150	2.36e-69	268
NC_011593.1:2598858-2601929	NB551033:91:H5W5HBGX7:3:21605:14682:5308#0/2	98.675	151	2	0	2544	2694	151	1	2.36e-69	268
NC_011593.1:2598858-2601929	NB551033:91:H5W5HBGX7:3:11404:14423:8700#0/2	98.675	151	2	0	1047	1197	1	151	2.36e-69	268
NC_011593.1:2598858-2601929	NB551033:91:H5W5HBGX7:2:12308:19231:9082#0/2	98.675	151	2	0	1860	2010	1	151	2.36e-69	268
NC_011593.1:2598858-2601929	NB551033:91:H5W5HBGX7:2:12103:21469:13137#0/2	98.675	151	2	0	2868	3018	151	1	2.36e-69	268
NC_011593.1:2598858-2601929	NB551033:91:H5W5HBGX7:4:13607:22587:13966#0/1	98.675	151	2	0	975	1125	1	151	2.36e-69	268
NC_011593.1:2598858-2601929	NB551033:91:H5W5HBGX7:3:23602:12168:7715#0/1	98.675	151	2	0	1505	1655	151	1	2.36e-69	268
NC_011593.1:2598858-2601929	NB551033:91:H5W5HBGX7:2:13212:17863:3450#0/1	98.675	151	2	0	1045	1195	1	151	2.36e-69	268
NC_011593.1:2598858-2601929	NB551033:91:H5W5HBGX7:2:13101:7332:3037#0/1	98.675	151	2	0	2868	3018	151	1	2.36e-69	268
NC_011593.1:2598858-2601929	NB551033:91:H5W5HBGX7:2:11309:22574:15581#0/1	98.675	151	2	0	398	548	151	1	2.36e-69	268
NC_011593.1:2598858-2601929	NB551033:91:H5W5HBGX7:1:13204:20019:5799#0/1	99.324	148	1	0	1	148	3	150	2.36e-69	268
NC_011593.1:2598858-2601929	NB551033:91:H5W5HBGX7:4:21611:15475:6173#0/2	98.667	150	2	0	1308	1457	150	1	8.47e-69	267
NC_011593.1:2598858-2601929	NB551033:91:H5W5HBGX7:3:23602:12168:7715#0/2	98.667	150	2	0	1260	1409	1	150	8.47e-69	267
NC_011593.1:2598858-2601929	NB551033:91:H5W5HBGX7:3:22503:20350:9432#0/2	98.667	150	2	0	1240	1389	150	1	8.47e-69	267
NC_011593.1:2598858-2601929	NB551033:91:H5W5HBGX7:2:13101:7332:3037#0/2	98.667	150	2	0	2868	3017	1	150	8.47e-69	267
NC_011593.1:2598858-2601929	NB551033:91:H5W5HBGX7:1:12108:13485:6072#0/2	99.320	147	1	0	1640	1786	1	147	8.47e-69	267
NC_011593.1:2598858-2601929	NB551033:91:H5W5HBGX7:4:22602:24781:5372#0/1	98.667	150	2	0	8	157	150	1	8.47e-69	267
NC_011593.1:2598858-2601929	NB551033:91:H5W5HBGX7:2:12208:22683:10167#0/1	98.667	150	2	0	2499	2648	150	1	8.47e-69	267
NC_011593.1:2598858-2601929	NB551033:91:H5W5HBGX7:2:12103:21469:13137#0/1	98.667	150	2	0	2778	2927	1	150	8.47e-69	267
NC_011593.1:2598858-2601929	NB551033:91:H5W5HBGX7:2:11205:11891:3335#0/1	98.667	150	2	0	1504	1653	150	1	8.47e-69	267
NC_011593.1:2598858-2601929	NB551033:91:H5W5HBGX7:1:12206:6096:3620#0/1	98.667	150	2	0	587	736	1	150	8.47e-69	267
NC_011593.1:2598858-2601929	NB551033:91:H5W5HBGX7:4:21604:7186:13958#0/2	98.658	149	2	0	2501	2649	1	149	3.05e-68	265
NC_011593.1:2598858-2601929	NB551033:91:H5W5HBGX7:3:23507:19451:14270#0/2	98.658	149	2	0	2434	2582	149	1	3.05e-68	265
NC_011593.1:2598858-2601929	NB551033:91:H5W5HBGX7:3:13402:14454:2792#0/2	98.658	149	2	0	402	550	1	149	3.05e-68	265
NC_011593.1:2598858-2601929	NB551033:91:H5W5HBGX7:1:12108:13485:6072#0/1	98.658	149	2	0	2373	2521	150	2	3.05e-68	265
NC_011593.1:2598858-2601929	NB551033:91:H5W5HBGX7:4:22407:17796:6195#0/2	98.013	151	3	0	2830	2980	1	151	1.10e-67	263
NC_011593.1:2598858-2601929	NB551033:91:H5W5HBGX7:2:12304:23316:5599#0/2	98.013	151	3	0	2388	2538	1	151	1.10e-67	263
NC_011593.1:2598858-2601929	NB551033:91:H5W5HBGX7:1:12206:6096:3620#0/2	98.013	151	3	0	657	807	151	1	1.10e-67	263
NC_011593.1:2598858-2601929	NB551033:91:H5W5HBGX7:4:23502:8689:15197#0/1	98.649	148	2	0	553	700	148	1	1.10e-67	263
NC_011593.1:2598858-2601929	NB551033:91:H5W5HBGX7:4:21505:23439:7101#0/1	98.013	151	3	0	1138	1288	1	151	1.10e-67	263
NC_011593.1:2598858-2601929	NB551033:91:H5W5HBGX7:4:21410:12371:7236#0/1	98.013	151	3	0	597	747	151	1	1.10e-67	263
NC_011593.1:2598858-2601929	NB551033:91:H5W5HBGX7:4:21407:12935:4020#0/1	98.013	151	3	0	2013	2163	1	151	1.10e-67	263
NC_011593.1:2598858-2601929	NB551033:91:H5W5HBGX7:4:12405:26326:15904#0/1	98.013	151	3	0	234	384	151	1	1.10e-67	263
NC_011593.1:2598858-2601929	NB551033:91:H5W5HBGX7:4:11412:11574:20018#0/1	98.649	148	2	0	2158	2305	148	1	1.10e-67	263
NC_011593.1:2598858-2601929	NB551033:91:H5W5HBGX7:3:13505:25101:3991#0/1	98.013	151	3	0	2335	2485	151	1	1.10e-67	263
NC_011593.1:2598858-2601929	NB551033:91:H5W5HBGX7:2:12304:23316:5599#0/1	98.649	148	2	0	2494	2641	148	1	1.10e-67	263
NC_011593.1:2598858-2601929	NB551033:91:H5W5HBGX7:1:22104:9863:4870#0/1	98.013	151	3	0	2341	2491	151	1	1.10e-67	263
NC_011593.1:2598858-2601929	NB551033:91:H5W5HBGX7:4:21509:14993:12788#0/2	98.000	150	3	0	1134	1283	150	1	3.94e-67	261
NC_011593.1:2598858-2601929	NB551033:91:H5W5HBGX7:4:13607:22587:13966#0/2	98.000	150	3	0	1125	1274	150	1	3.94e-67	261
NC_011593.1:2598858-2601929	NB551033:91:H5W5HBGX7:4:12606:18306:19327#0/2	98.000	150	3	0	1134	1283	150	1	3.94e-67	261
NC_011593.1:2598858-2601929	NB551033:91:H5W5HBGX7:4:12405:26326:15904#0/2	98.000	150	3	0	102	251	1	150	3.94e-67	261
NC_011593.1:2598858-2601929	NB551033:91:H5W5HBGX7:2:22208:11968:7802#0/2	98.000	150	3	0	1338	1487	150	1	3.94e-67	261
NC_011593.1:2598858-2601929	NB551033:91:H5W5HBGX7:2:13212:17863:3450#0/2	98.000	150	3	0	1108	1257	150	1	3.94e-67	261
NC_011593.1:2598858-2601929	NB551033:91:H5W5HBGX7:2:11207:18075:7389#0/2	98.000	150	3	0	2293	2442	150	1	3.94e-67	261
NC_011593.1:2598858-2601929	NB551033:91:H5W5HBGX7:1:22103:13708:15967#0/2	98.000	150	3	0	2455	2604	150	1	3.94e-67	261
NC_011593.1:2598858-2601929	NB551033:91:H5W5HBGX7:4:21509:14993:12788#0/1	98.000	150	3	0	1113	1262	1	150	3.94e-67	261
NC_011593.1:2598858-2601929	NB551033:91:H5W5HBGX7:4:12606:18306:19327#0/1	98.000	150	3	0	1113	1262	1	150	3.94e-67	261
NC_011593.1:2598858-2601929	NB551033:91:H5W5HBGX7:3:23507:19451:14270#0/1	98.000	150	3	0	2303	2452	1	150	3.94e-67	261
NC_011593.1:2598858-2601929	NB551033:91:H5W5HBGX7:3:21605:14682:5308#0/1	98.639	147	2	0	2489	2635	1	147	3.94e-67	261
NC_011593.1:2598858-2601929	NB551033:91:H5W5HBGX7:3:11404:14423:8700#0/1	98.000	150	3	0	1105	1254	150	1	3.94e-67	261
NC_011593.1:2598858-2601929	NB551033:91:H5W5HBGX7:3:12612:10997:19965#0/2	97.987	149	3	0	2838	2986	149	1	1.42e-66	259
NC_011593.1:2598858-2601929	NB551033:91:H5W5HBGX7:1:22104:9863:4870#0/2	98.630	146	2	0	2155	2300	1	146	1.42e-66	259
NC_011593.1:2598858-2601929	NB551033:91:H5W5HBGX7:4:12507:16479:8521#0/2	97.368	152	3	1	2295	2446	1	151	5.10e-66	257
NC_011593.1:2598858-2601929	NB551033:91:H5W5HBGX7:3:21404:25929:14199#0/2	97.351	151	4	0	2648	2798	151	1	5.10e-66	257
NC_011593.1:2598858-2601929	NB551033:91:H5W5HBGX7:4:21604:7186:13958#0/1	97.351	151	4	0	2664	2814	151	1	5.10e-66	257
NC_011593.1:2598858-2601929	NB551033:91:H5W5HBGX7:4:12507:16479:8521#0/1	97.368	152	3	1	2314	2465	151	1	5.10e-66	257
NC_011593.1:2598858-2601929	NB551033:91:H5W5HBGX7:3:21404:25929:14199#0/1	97.351	151	4	0	2643	2793	1	151	5.10e-66	257
NC_011593.1:2598858-2601929	NB551033:91:H5W5HBGX7:2:12308:19231:9082#0/1	97.973	148	3	0	2494	2641	148	1	5.10e-66	257
NC_011593.1:2598858-2601929	NB551033:91:H5W5HBGX7:3:13505:25101:3991#0/2	97.315	149	4	0	2333	2481	1	149	6.60e-65	254
NC_011593.1:2598858-2601929	NB551033:91:H5W5HBGX7:3:13604:12916:11892#0/1	97.315	149	4	0	2638	2786	149	1	6.60e-65	254
NC_011593.1:2598858-2601929	NB551033:91:H5W5HBGX7:4:21410:12371:7236#0/2	96.667	150	5	0	529	678	1	150	8.53e-64	250
NC_011593.1:2598858-2601929	NB551033:91:H5W5HBGX7:4:21407:12935:4020#0/2	96.667	150	5	0	2077	2226	150	1	8.53e-64	250
NC_011593.1:2598858-2601929	NB551033:91:H5W5HBGX7:2:11207:18075:7389#0/1	99.275	138	1	0	2230	2367	1	138	8.53e-64	250
NC_011593.1:2598858-2601929	NB551033:91:H5W5HBGX7:2:23204:7654:5985#0/2	96.644	149	5	0	427	575	149	1	3.07e-63	248
NC_011593.1:2598858-2601929	NB551033:91:H5W5HBGX7:3:22601:18277:7125#0/2	98.551	138	2	0	1026	1163	138	1	3.97e-62	244
NC_011593.1:2598858-2601929	NB551033:91:H5W5HBGX7:2:12306:25395:6490#0/2	96.000	150	6	0	465	614	1	150	3.97e-62	244
NC_011593.1:2598858-2601929	NB551033:91:H5W5HBGX7:1:21207:11070:2433#0/2	96.000	150	6	0	2125	2274	1	150	3.97e-62	244
NC_011593.1:2598858-2601929	NB551033:91:H5W5HBGX7:3:22601:18277:7125#0/1	99.259	135	1	0	1026	1160	1	135	3.97e-62	244
NC_011593.1:2598858-2601929	NB551033:91:H5W5HBGX7:2:22211:21789:9959#0/1	96.000	150	6	0	799	948	1	150	3.97e-62	244
NC_011593.1:2598858-2601929	NB551033:91:H5W5HBGX7:2:12306:25395:6490#0/1	96.000	150	6	0	473	622	150	1	3.97e-62	244
NC_011593.1:2598858-2601929	NB551033:91:H5W5HBGX7:1:21210:23349:9450#0/1	96.000	150	6	0	814	963	150	1	3.97e-62	244
NC_011593.1:2598858-2601929	NB551033:91:H5W5HBGX7:1:21210:23349:9450#0/2	98.540	137	2	0	553	689	1	137	1.43e-61	243
NC_011593.1:2598858-2601929	NB551033:91:H5W5HBGX7:2:23302:26110:8437#0/1	95.364	151	7	0	826	976	1	151	5.13e-61	241
NC_011593.1:2598858-2601929	NB551033:91:H5W5HBGX7:2:22211:21789:9959#0/2	95.333	150	7	0	835	984	150	1	1.85e-60	239
NC_011593.1:2598858-2601929	NB551033:91:H5W5HBGX7:3:21511:5726:7994#0/2	97.143	140	4	0	2349	2488	140	1	6.64e-60	237
NC_011593.1:2598858-2601929	NB551033:91:H5W5HBGX7:4:22602:24781:5372#0/2	99.219	128	1	0	1	128	23	150	3.09e-58	231
NC_011593.1:2598858-2601929	NB551033:91:H5W5HBGX7:2:22107:22454:17124#0/2	97.015	134	4	0	2932	3065	1	134	1.44e-56	226
NC_011593.1:2598858-2601929	NB551033:91:H5W5HBGX7:2:22107:22454:17124#0/1	97.015	134	4	0	2932	3065	134	1	1.44e-56	226
NC_011593.1:2598858-2601929	NB551033:91:H5W5HBGX7:2:12301:11643:18798#0/2	97.674	129	3	0	619	747	129	1	1.86e-55	222
NC_011593.1:2598858-2601929	NB551033:91:H5W5HBGX7:3:13402:14454:2792#0/1	96.269	134	5	0	446	579	151	18	6.69e-55	220
NC_011593.1:2598858-2601929	NB551033:91:H5W5HBGX7:2:23206:17668:5542#0/2	99.174	121	1	0	195	315	121	1	2.41e-54	219
NC_011593.1:2598858-2601929	NB551033:91:H5W5HBGX7:4:12604:2111:15437#0/2	98.374	123	2	0	115	237	123	1	8.65e-54	217
NC_011593.1:2598858-2601929	NB551033:91:H5W5HBGX7:3:12508:1475:18836#0/2	98.374	123	2	0	1250	1372	123	1	8.65e-54	217
NC_011593.1:2598858-2601929	NB551033:91:H5W5HBGX7:4:12604:2111:15437#0/1	98.374	123	2	0	115	237	1	123	8.65e-54	217
NC_011593.1:2598858-2601929	NB551033:91:H5W5HBGX7:2:12301:11643:18798#0/1	95.556	135	6	0	484	618	1	135	8.65e-54	217
NC_011593.1:2598858-2601929	NB551033:91:H5W5HBGX7:1:12303:17656:15652#0/2	99.145	117	1	0	151	267	117	1	4.03e-52	211
NC_011593.1:2598858-2601929	NB551033:91:H5W5HBGX7:2:21304:21007:3879#0/2	99.130	115	1	0	121	235	115	1	5.21e-51	207
NC_011593.1:2598858-2601929	NB551033:91:H5W5HBGX7:3:11404:23151:18060#0/2	97.500	120	3	0	2026	2145	1	120	1.87e-50	206
NC_011593.1:2598858-2601929	NB551033:91:H5W5HBGX7:2:11205:11891:3335#0/2	97.500	120	3	0	1102	1221	1	120	1.87e-50	206
NC_011593.1:2598858-2601929	NB551033:91:H5W5HBGX7:3:11404:23151:18060#0/1	97.500	120	3	0	2026	2145	120	1	1.87e-50	206
NC_011593.1:2598858-2601929	NB551033:91:H5W5HBGX7:1:12109:2599:15341#0/2	100.000	106	0	0	1	106	46	151	1.13e-47	196
NC_011593.1:2598858-2601929	NB551033:91:H5W5HBGX7:3:11408:14716:4990#0/2	99.074	108	1	0	1	108	108	1	4.05e-47	195
NC_011593.1:2598858-2601929	NB551033:91:H5W5HBGX7:1:11107:5614:13241#0/2	99.057	106	1	0	312	417	106	1	5.24e-46	191
NC_011593.1:2598858-2601929	NB551033:91:H5W5HBGX7:1:11107:5614:13241#0/1	99.057	106	1	0	312	417	1	106	5.24e-46	191
NC_011593.1:2598858-2601929	NB551033:91:H5W5HBGX7:3:12508:23448:2497#0/2	97.297	111	3	0	630	740	111	1	1.89e-45	189
NC_011593.1:2598858-2601929	NB551033:91:H5W5HBGX7:3:12508:23448:2497#0/1	97.297	111	3	0	630	740	1	111	1.89e-45	189
NC_011593.1:2598858-2601929	NB551033:91:H5W5HBGX7:3:11408:14716:4990#0/1	99.048	105	1	0	1	105	46	150	1.89e-45	189
NC_011593.1:2598858-2601929	NB551033:91:H5W5HBGX7:3:21511:5726:7994#0/1	98.131	107	2	0	2211	2317	1	107	6.78e-45	187
NC_011593.1:2598858-2601929	NB551033:91:H5W5HBGX7:2:21106:11505:11966#0/2	99.029	103	1	0	165	267	103	1	2.44e-44	185
NC_011593.1:2598858-2601929	NB551033:91:H5W5HBGX7:4:21601:20449:16317#0/2	98.020	101	2	0	1454	1554	1	101	1.47e-41	176
NC_011593.1:2598858-2601929	NB551033:91:H5W5HBGX7:1:23202:4962:13631#0/2	98.969	97	1	0	1126	1222	97	1	5.28e-41	174
NC_011593.1:2598858-2601929	NB551033:91:H5W5HBGX7:1:23202:4962:13631#0/1	98.969	97	1	0	1126	1222	1	97	5.28e-41	174
NC_011593.1:2598858-2601929	NB551033:91:H5W5HBGX7:2:21101:19531:18760#0/1	98.936	94	1	0	2809	2902	94	1	2.46e-39	169
NC_011593.1:2598858-2601929	NB551033:91:H5W5HBGX7:2:22308:23811:6438#0/2	96.078	102	4	0	2537	2638	1	102	8.84e-39	167
NC_011593.1:2598858-2601929	NB551033:91:H5W5HBGX7:2:22308:23811:6438#0/1	97.895	95	2	0	2978	3072	118	24	3.18e-38	165
NC_011593.1:2598858-2601929	NB551033:91:H5W5HBGX7:2:23302:26110:8437#0/2	98.851	87	1	0	1112	1198	87	1	1.91e-35	156
NC_011593.1:2598858-2601929	NB551033:91:H5W5HBGX7:3:12508:1475:18836#0/1	100.000	84	0	0	1228	1311	1	84	1.91e-35	156
NC_011593.1:2598858-2601929	NB551033:91:H5W5HBGX7:2:22208:11968:7802#0/1	100.000	84	0	0	1045	1128	1	84	1.91e-35	156
NC_011593.1:2598858-2601929	NB551033:91:H5W5HBGX7:3:11602:6510:1958#0/2	100.000	83	0	0	1275	1357	83	1	6.88e-35	154
NC_011593.1:2598858-2601929	NB551033:91:H5W5HBGX7:3:11602:6510:1958#0/1	100.000	83	0	0	1275	1357	1	83	6.88e-35	154
NC_011593.1:2598858-2601929	NB551033:91:H5W5HBGX7:2:22207:23070:18459#0/2	97.647	85	2	0	2988	3072	1	85	1.15e-32	147
NC_011593.1:2598858-2601929	NB551033:91:H5W5HBGX7:1:22308:25040:3850#0/2	98.734	79	1	0	955	1033	1	79	5.36e-31	141
NC_011593.1:2598858-2601929	NB551033:91:H5W5HBGX7:4:21601:20449:16317#0/1	100.000	76	0	0	1667	1742	76	1	5.36e-31	141
NC_011593.1:2598858-2601929	NB551033:91:H5W5HBGX7:1:13104:7902:19273#0/2	98.571	70	1	0	2589	2658	1	70	5.40e-26	124
NC_011593.1:2598858-2601929	NB551033:91:H5W5HBGX7:1:13104:7902:19273#0/1	98.571	70	1	0	2589	2658	70	1	5.40e-26	124
NC_011593.1:2598858-2601929	NB551033:91:H5W5HBGX7:3:12512:15246:4603#0/2	98.551	69	1	0	1437	1505	69	1	1.94e-25	122
NC_011593.1:2598858-2601929	NB551033:91:H5W5HBGX7:3:12512:15246:4603#0/1	98.551	69	1	0	1437	1505	1	69	1.94e-25	122
NC_011593.1:2598858-2601929	NB551033:91:H5W5HBGX7:1:22308:25040:3850#0/1	95.890	73	3	0	1468	1540	73	1	2.51e-24	119
NC_011593.1:2598858-2601929	NB551033:91:H5W5HBGX7:2:11309:22574:15581#0/2	98.387	62	1	0	92	153	1	62	1.51e-21	110
NC_011593.1:2598858-2601929	NB551033:91:H5W5HBGX7:4:23608:15985:8739#0/2	100.000	58	0	0	1570	1627	1	58	5.43e-21	108
NC_011593.1:2598858-2601929	NB551033:91:H5W5HBGX7:1:12202:7358:18242#0/2	96.875	64	2	0	3009	3072	1	64	5.43e-21	108
NC_011593.1:2598858-2601929	NB551033:91:H5W5HBGX7:4:23608:15985:8739#0/1	100.000	58	0	0	1570	1627	58	1	5.43e-21	108
NC_011593.1:2598858-2601929	NB551033:91:H5W5HBGX7:3:23611:9380:11913#0/1	96.875	64	2	0	3009	3072	1	64	5.43e-21	108
NC_011593.1:2598858-2601929	NB551033:91:H5W5HBGX7:2:21304:21007:3879#0/1	100.000	58	0	0	1	58	51	108	5.43e-21	108
NC_011593.1:2598858-2601929	NB551033:91:H5W5HBGX7:2:21101:19531:18760#0/2	98.333	60	1	0	2632	2691	1	60	1.95e-20	106
NC_011593.1:2598858-2601929	NB551033:91:H5W5HBGX7:2:23206:9633:12840#0/2	100.000	52	0	0	2851	2902	52	1	1.18e-17	97.1
NC_011593.1:2598858-2601929	NB551033:91:H5W5HBGX7:2:23206:9633:12840#0/1	100.000	52	0	0	2851	2902	3	54	1.18e-17	97.1
NC_011593.1:2598858-2601929	NB551033:91:H5W5HBGX7:4:21411:14143:1663#0/2	100.000	51	0	0	1177	1227	51	1	4.23e-17	95.3
NC_011593.1:2598858-2601929	NB551033:91:H5W5HBGX7:3:23611:9380:11913#0/2	96.491	57	2	0	3016	3072	148	92	4.23e-17	95.3
NC_011593.1:2598858-2601929	NB551033:91:H5W5HBGX7:2:22208:7835:13804#0/2	100.000	51	0	0	1177	1227	51	1	4.23e-17	95.3
NC_011593.1:2598858-2601929	NB551033:91:H5W5HBGX7:4:21411:14143:1663#0/1	100.000	51	0	0	1177	1227	1	51	4.23e-17	95.3
NC_011593.1:2598858-2601929	NB551033:91:H5W5HBGX7:2:22208:7835:13804#0/1	100.000	51	0	0	1177	1227	1	51	4.23e-17	95.3
NC_011593.1:2598858-2601929	NB551033:91:H5W5HBGX7:3:13604:12916:11892#0/2	100.000	36	0	0	2332	2367	25	60	9.22e-09	67.6
NC_011593.1:2598858-2601929	NB551033:91:H5W5HBGX7:4:22405:22325:16627#0/1	96.875	32	1	0	1028	1059	44	75	7.18e-05	54.7
NC_011593.1:2598858-2601929	NB551033:91:H5W5HBGX7:4:13612:1327:10471#0/2	100.000	28	0	0	1028	1055	28	1	2.58e-04	52.8
NC_011593.1:2598858-2601929	NB551033:91:H5W5HBGX7:4:13611:26805:10472#0/2	100.000	28	0	0	1028	1055	28	1	2.58e-04	52.8
# BLASTN 2.9.0+
# Query: NC_011593.1:c2604454-2602106 Bifidobacterium longum subsp. infantis ATCC 15697, complete genome
# Database: db/blast_C0202-6F-1A_S21.faa
# 0 hits found
# BLASTN 2.9.0+
# Query: NC_011593.1:c2605922-2604486 Bifidobacterium longum subsp. infantis ATCC 15697, complete genome
# Database: db/blast_C0202-6F-1A_S21.faa
# 0 hits found
# BLASTN 2.9.0+
# Query: NC_011593.1:c2606381-2605944 Bifidobacterium longum subsp. infantis ATCC 15697, complete genome
# Database: db/blast_C0202-6F-1A_S21.faa
# 0 hits found
# BLASTN 2.9.0+
# Query: NC_011593.1:c2607314-2606418 Bifidobacterium longum subsp. infantis ATCC 15697, complete genome
# Database: db/blast_C0202-6F-1A_S21.faa
# 0 hits found
# BLASTN 2.9.0+
# Query: NC_011593.1:c2608249-2607458 Bifidobacterium longum subsp. infantis ATCC 15697, complete genome
# Database: db/blast_C0202-6F-1A_S21.faa
# 0 hits found
# BLASTN 2.9.0+
# Query: NC_011593.1:c2609546-2608269 Bifidobacterium longum subsp. infantis ATCC 15697, complete genome
# Database: db/blast_C0202-6F-1A_S21.faa
# Fields: query acc.ver, subject acc.ver, % identity, alignment length, mismatches, gap opens, q. start, q. end, s. start, s. end, evalue, bit score
# 2 hits found
NC_011593.1:c2609546-2608269	NB551033:91:H5W5HBGX7:3:11609:7565:6709#0/2	100.000	150	0	0	270	419	1	150	1.62e-72	278
NC_011593.1:c2609546-2608269	NB551033:91:H5W5HBGX7:4:13410:13239:6727#0/2	98.214	56	1	0	289	344	150	95	1.36e-18	99.0
# BLASTN 2.9.0+
# Query: NC_011593.1:c2610356-2609697 Bifidobacterium longum subsp. infantis ATCC 15697, complete genome
# Database: db/blast_C0202-6F-1A_S21.faa
# 0 hits found
# BLASTN 2.9.0+
# Query: NC_011593.1:c2611458-2610496 Bifidobacterium longum subsp. infantis ATCC 15697, complete genome
# Database: db/blast_C0202-6F-1A_S21.faa
# 0 hits found
# BLASTN 2.9.0+
# Query: NC_011593.1:c2612430-2611477 Bifidobacterium longum subsp. infantis ATCC 15697, complete genome
# Database: db/blast_C0202-6F-1A_S21.faa
# 0 hits found
# BLASTN 2.9.0+
# Query: NC_011593.1:c2614109-2612517 Bifidobacterium longum subsp. infantis ATCC 15697, complete genome
# Database: db/blast_C0202-6F-1A_S21.faa
# 0 hits found
# BLASTN 2.9.0+
# Query: NC_011593.1:c2615274-2614312 Bifidobacterium longum subsp. infantis ATCC 15697, complete genome
# Database: db/blast_C0202-6F-1A_S21.faa
# 0 hits found
# BLASTN 2.9.0+
# Query: NC_011593.1:c2616246-2615293 Bifidobacterium longum subsp. infantis ATCC 15697, complete genome
# Database: db/blast_C0202-6F-1A_S21.faa
# 0 hits found
# BLASTN 2.9.0+
# Query: NC_011593.1:c2617928-2616333 Bifidobacterium longum subsp. infantis ATCC 15697, complete genome
# Database: db/blast_C0202-6F-1A_S21.faa
# 0 hits found
# BLASTN 2.9.0+
# Query: NC_011593.1:c2619247-2618063 Bifidobacterium longum subsp. infantis ATCC 15697, complete genome
# Database: db/blast_C0202-6F-1A_S21.faa
# 0 hits found
# BLASTN 2.9.0+
# Query: NC_011593.1:c2620369-2619413 Bifidobacterium longum subsp. infantis ATCC 15697, complete genome
# Database: db/blast_C0202-6F-1A_S21.faa
# 0 hits found
# BLASTN 2.9.0+
# Query: NC_011593.1:c2622143-2620551 Bifidobacterium longum subsp. infantis ATCC 15697, complete genome
# Database: db/blast_C0202-6F-1A_S21.faa
# 0 hits found
# BLASTN 2.9.0+
# Query: NC_011593.1:c2624124-2622520 Bifidobacterium longum subsp. infantis ATCC 15697, complete genome
# Database: db/blast_C0202-6F-1A_S21.faa
# 0 hits found
# BLASTN 2.9.0+
# Query: NC_011593.1:c2626110-2624512 Bifidobacterium longum subsp. infantis ATCC 15697, complete genome
# Database: db/blast_C0202-6F-1A_S21.faa
# 0 hits found
# BLASTN 2.9.0+
# Query: NC_011593.1:c2626386-2626264 Bifidobacterium longum subsp. infantis ATCC 15697, complete genome
# Database: db/blast_C0202-6F-1A_S21.faa
# 0 hits found
# BLASTN 2.9.0+
# Query: NC_011593.1:c2628158-2626563 Bifidobacterium longum subsp. infantis ATCC 15697, complete genome
# Database: db/blast_C0202-6F-1A_S21.faa
# 0 hits found
# BLASTN 2.9.0+
# Query: NC_011593.1:c2630269-2628314 Bifidobacterium longum subsp. infantis ATCC 15697, complete genome
# Database: db/blast_C0202-6F-1A_S21.faa
# 0 hits found
# BLASTN 2.9.0+
# Query: NC_011593.1:c2631106-2630366 Bifidobacterium longum subsp. infantis ATCC 15697, complete genome
# Database: db/blast_C0202-6F-1A_S21.faa
# 0 hits found
# BLASTN 2.9.0+
# Query: NC_011593.1:c2632432-2631140 Bifidobacterium longum subsp. infantis ATCC 15697, complete genome
# Database: db/blast_C0202-6F-1A_S21.faa
# 0 hits found
# BLASTN 2.9.0+
# Query: NC_011593.1:c2633881-2632562 Bifidobacterium longum subsp. infantis ATCC 15697, complete genome
# Database: db/blast_C0202-6F-1A_S21.faa
# 0 hits found
# BLASTN 2.9.0+
# Query: NC_011593.1:c2634683-2633865 Bifidobacterium longum subsp. infantis ATCC 15697, complete genome
# Database: db/blast_C0202-6F-1A_S21.faa
# 0 hits found
# BLASTN 2.9.0+
# Query: NC_011593.1:c2635627-2634680 Bifidobacterium longum subsp. infantis ATCC 15697, complete genome
# Database: db/blast_C0202-6F-1A_S21.faa
# 0 hits found
# BLASTN 2.9.0+
# Query: NC_011593.1:c2636747-2635629 Bifidobacterium longum subsp. infantis ATCC 15697, complete genome
# Database: db/blast_C0202-6F-1A_S21.faa
# Fields: query acc.ver, subject acc.ver, % identity, alignment length, mismatches, gap opens, q. start, q. end, s. start, s. end, evalue, bit score
# 1 hits found
NC_011593.1:c2636747-2635629	NB551033:91:H5W5HBGX7:4:23601:11470:19978#0/2	100.000	31	0	0	407	437	20	50	2.01e-06	58.4
# BLAST processed 31 queries
