# BLASTN 2.9.0+
# Query: NC_011593.1:c2595355-2593832 Bifidobacterium longum subsp. infantis ATCC 15697, complete genome
# Database: db/blast_C0202-6E-1A_S85.faa
# Fields: query acc.ver, subject acc.ver, % identity, alignment length, mismatches, gap opens, q. start, q. end, s. start, s. end, evalue, bit score
# 127 hits found
NC_011593.1:c2595355-2593832	NB551033:109:HG7V5BGX9:4:11401:11221:19858#0/1	100.000	150	0	0	366	515	1	150	2.02e-72	278
NC_011593.1:c2595355-2593832	NB551033:109:HG7V5BGX9:4:13511:23841:12743#0/2	99.333	150	1	0	986	1135	150	1	9.41e-71	272
NC_011593.1:c2595355-2593832	NB551033:109:HG7V5BGX9:4:12411:3511:7143#0/2	99.333	150	1	0	986	1135	150	1	9.41e-71	272
NC_011593.1:c2595355-2593832	NB551033:109:HG7V5BGX9:3:11602:18794:7006#0/2	98.675	151	2	0	468	618	151	1	1.22e-69	268
NC_011593.1:c2595355-2593832	NB551033:109:HG7V5BGX9:4:11401:11221:19858#0/2	98.667	150	2	0	389	538	150	1	4.38e-69	267
NC_011593.1:c2595355-2593832	NB551033:109:HG7V5BGX9:1:11211:18930:19141#0/2	98.013	151	3	0	697	847	151	1	5.66e-68	263
NC_011593.1:c2595355-2593832	NB551033:109:HG7V5BGX9:4:12601:19696:11525#0/1	98.013	151	3	0	548	698	1	151	5.66e-68	263
NC_011593.1:c2595355-2593832	NB551033:109:HG7V5BGX9:2:22101:17213:4041#0/1	98.649	148	2	0	415	562	148	1	5.66e-68	263
NC_011593.1:c2595355-2593832	NB551033:109:HG7V5BGX9:1:22109:7684:19463#0/1	98.013	151	3	0	112	262	1	151	5.66e-68	263
NC_011593.1:c2595355-2593832	NB551033:109:HG7V5BGX9:1:13210:22772:18656#0/1	98.649	148	2	0	476	623	148	1	5.66e-68	263
NC_011593.1:c2595355-2593832	NB551033:109:HG7V5BGX9:1:11211:18930:19141#0/1	98.000	150	3	0	697	846	1	150	2.04e-67	261
NC_011593.1:c2595355-2593832	NB551033:109:HG7V5BGX9:4:22504:10848:1251#0/2	97.333	150	4	0	858	1007	150	1	9.47e-66	255
NC_011593.1:c2595355-2593832	NB551033:109:HG7V5BGX9:4:13505:8257:5490#0/2	97.333	150	4	0	891	1040	150	1	9.47e-66	255
NC_011593.1:c2595355-2593832	NB551033:109:HG7V5BGX9:1:13210:22772:18656#0/2	97.333	150	4	0	427	576	1	150	9.47e-66	255
NC_011593.1:c2595355-2593832	NB551033:109:HG7V5BGX9:4:22504:10848:1251#0/1	97.959	147	3	0	756	902	1	147	9.47e-66	255
NC_011593.1:c2595355-2593832	NB551033:109:HG7V5BGX9:4:13505:8257:5490#0/1	97.333	150	4	0	891	1040	1	150	9.47e-66	255
NC_011593.1:c2595355-2593832	NB551033:109:HG7V5BGX9:1:22110:15254:5423#0/1	97.333	150	4	0	94	243	1	150	9.47e-66	255
NC_011593.1:c2595355-2593832	NB551033:109:HG7V5BGX9:1:12303:22248:1549#0/1	97.333	150	4	0	292	441	150	1	9.47e-66	255
NC_011593.1:c2595355-2593832	NB551033:109:HG7V5BGX9:3:11602:18794:7006#0/1	96.689	151	5	0	154	304	1	151	1.23e-64	252
NC_011593.1:c2595355-2593832	NB551033:109:HG7V5BGX9:2:12310:3102:14458#0/1	96.689	151	5	0	130	280	151	1	1.23e-64	252
NC_011593.1:c2595355-2593832	NB551033:109:HG7V5BGX9:2:11312:19688:7563#0/1	96.689	151	5	0	176	326	151	1	1.23e-64	252
NC_011593.1:c2595355-2593832	NB551033:109:HG7V5BGX9:4:11404:16440:5720#0/2	96.667	150	5	0	175	324	1	150	4.41e-64	250
NC_011593.1:c2595355-2593832	NB551033:109:HG7V5BGX9:3:12501:16108:6788#0/2	96.667	150	5	0	126	275	150	1	4.41e-64	250
NC_011593.1:c2595355-2593832	NB551033:109:HG7V5BGX9:2:23207:6379:1330#0/2	96.667	150	5	0	288	437	150	1	4.41e-64	250
NC_011593.1:c2595355-2593832	NB551033:109:HG7V5BGX9:1:22109:7684:19463#0/2	96.667	150	5	0	288	437	150	1	4.41e-64	250
NC_011593.1:c2595355-2593832	NB551033:109:HG7V5BGX9:4:11404:16440:5720#0/1	96.667	150	5	0	286	435	150	1	4.41e-64	250
NC_011593.1:c2595355-2593832	NB551033:109:HG7V5BGX9:3:21408:2748:8017#0/1	96.667	150	5	0	288	437	150	1	4.41e-64	250
NC_011593.1:c2595355-2593832	NB551033:109:HG7V5BGX9:3:21603:6347:12824#0/1	98.571	140	2	0	991	1130	140	1	1.59e-63	248
NC_011593.1:c2595355-2593832	NB551033:109:HG7V5BGX9:2:11312:19688:7563#0/2	96.026	151	6	0	161	311	1	151	5.70e-63	246
NC_011593.1:c2595355-2593832	NB551033:109:HG7V5BGX9:3:21403:24779:9702#0/2	96.599	147	5	0	1272	1418	1	147	2.05e-62	244
NC_011593.1:c2595355-2593832	NB551033:109:HG7V5BGX9:4:12411:3511:7143#0/1	95.973	149	6	0	662	810	1	149	7.37e-62	243
NC_011593.1:c2595355-2593832	NB551033:109:HG7V5BGX9:3:21610:12509:11467#0/2	97.183	142	4	0	88	229	142	1	2.65e-61	241
NC_011593.1:c2595355-2593832	NB551033:109:HG7V5BGX9:3:11402:10161:15254#0/1	95.333	150	7	0	246	395	150	1	9.54e-61	239
NC_011593.1:c2595355-2593832	NB551033:109:HG7V5BGX9:4:23510:17785:7933#0/2	98.507	134	2	0	717	850	134	1	3.43e-60	237
NC_011593.1:c2595355-2593832	NB551033:109:HG7V5BGX9:3:21408:2748:8017#0/2	96.503	143	5	0	267	409	1	143	3.43e-60	237
NC_011593.1:c2595355-2593832	NB551033:109:HG7V5BGX9:3:21403:24779:9702#0/1	97.794	136	3	0	1335	1470	151	16	1.23e-59	235
NC_011593.1:c2595355-2593832	NB551033:109:HG7V5BGX9:1:11104:17852:3725#0/1	97.794	136	3	0	1335	1470	151	16	1.23e-59	235
NC_011593.1:c2595355-2593832	NB551033:109:HG7V5BGX9:1:23207:26210:7121#0/2	96.454	141	5	0	1311	1451	1	141	4.44e-59	233
NC_011593.1:c2595355-2593832	NB551033:109:HG7V5BGX9:1:22110:15254:5423#0/2	96.403	139	5	0	207	345	139	1	5.74e-58	230
NC_011593.1:c2595355-2593832	NB551033:109:HG7V5BGX9:1:12303:22248:1549#0/2	95.775	142	6	0	239	380	1	142	5.74e-58	230
NC_011593.1:c2595355-2593832	NB551033:109:HG7V5BGX9:2:11112:24062:2809#0/1	98.438	128	2	0	1135	1262	1	128	7.43e-57	226
NC_011593.1:c2595355-2593832	NB551033:109:HG7V5BGX9:1:11205:12813:9011#0/2	98.400	125	2	0	1122	1246	1	125	3.46e-55	220
NC_011593.1:c2595355-2593832	NB551033:109:HG7V5BGX9:3:11503:12602:5525#0/2	96.241	133	5	0	137	269	1	133	1.24e-54	219
NC_011593.1:c2595355-2593832	NB551033:109:HG7V5BGX9:3:11503:12602:5525#0/1	96.241	133	5	0	137	269	133	1	1.24e-54	219
NC_011593.1:c2595355-2593832	NB551033:109:HG7V5BGX9:1:11205:12813:9011#0/1	98.374	123	2	0	1124	1246	123	1	4.47e-54	217
NC_011593.1:c2595355-2593832	NB551033:109:HG7V5BGX9:4:21611:24895:5153#0/2	97.581	124	3	0	856	979	1	124	5.78e-53	213
NC_011593.1:c2595355-2593832	NB551033:109:HG7V5BGX9:4:21611:24895:5153#0/1	97.581	124	3	0	856	979	124	1	5.78e-53	213
NC_011593.1:c2595355-2593832	NB551033:109:HG7V5BGX9:3:11610:17013:3364#0/2	98.319	119	2	0	781	899	1	119	7.48e-52	209
NC_011593.1:c2595355-2593832	NB551033:109:HG7V5BGX9:3:11610:17013:3364#0/1	98.319	119	2	0	781	899	119	1	7.48e-52	209
NC_011593.1:c2595355-2593832	NB551033:109:HG7V5BGX9:2:23308:8012:9522#0/2	98.305	118	2	0	501	618	118	1	2.69e-51	207
NC_011593.1:c2595355-2593832	NB551033:109:HG7V5BGX9:4:23503:3823:7578#0/2	97.414	116	3	0	1114	1229	116	1	1.62e-48	198
NC_011593.1:c2595355-2593832	NB551033:109:HG7V5BGX9:1:23103:8011:13289#0/2	98.230	113	2	0	429	541	1	113	1.62e-48	198
NC_011593.1:c2595355-2593832	NB551033:109:HG7V5BGX9:1:23103:8011:13289#0/1	98.230	113	2	0	429	541	113	1	1.62e-48	198
NC_011593.1:c2595355-2593832	NB551033:109:HG7V5BGX9:4:23607:5234:14213#0/2	100.000	106	0	0	356	461	1	106	5.82e-48	196
NC_011593.1:c2595355-2593832	NB551033:109:HG7V5BGX9:4:23607:5234:14213#0/1	100.000	106	0	0	356	461	106	1	5.82e-48	196
NC_011593.1:c2595355-2593832	NB551033:109:HG7V5BGX9:2:11301:18798:4467#0/2	98.198	111	2	0	1221	1331	1	111	2.09e-47	195
NC_011593.1:c2595355-2593832	NB551033:109:HG7V5BGX9:2:11204:2155:10194#0/2	98.148	108	2	0	1238	1345	1	108	9.74e-46	189
NC_011593.1:c2595355-2593832	NB551033:109:HG7V5BGX9:1:11107:12694:11288#0/2	95.690	116	5	0	166	281	116	1	3.50e-45	187
NC_011593.1:c2595355-2593832	NB551033:109:HG7V5BGX9:1:11107:12694:11288#0/1	95.690	116	5	0	166	281	1	116	3.50e-45	187
NC_011593.1:c2595355-2593832	NB551033:109:HG7V5BGX9:4:11511:9687:15169#0/1	98.113	106	2	0	332	437	106	1	1.26e-44	185
NC_011593.1:c2595355-2593832	NB551033:109:HG7V5BGX9:1:11209:22899:17877#0/2	95.614	114	5	0	28	141	3	116	4.53e-44	183
NC_011593.1:c2595355-2593832	NB551033:109:HG7V5BGX9:2:22305:19705:14612#0/1	99.020	102	1	0	528	629	102	1	4.53e-44	183
NC_011593.1:c2595355-2593832	NB551033:109:HG7V5BGX9:1:11209:22899:17877#0/1	95.614	114	5	0	28	141	114	1	4.53e-44	183
NC_011593.1:c2595355-2593832	NB551033:109:HG7V5BGX9:2:11209:18202:4947#0/2	98.077	104	2	0	756	859	1	104	1.63e-43	182
NC_011593.1:c2595355-2593832	NB551033:109:HG7V5BGX9:1:13112:20737:2318#0/1	98.077	104	2	0	520	623	104	1	1.63e-43	182
NC_011593.1:c2595355-2593832	NB551033:109:HG7V5BGX9:2:13209:24168:5970#0/2	97.170	106	3	0	847	952	106	1	5.86e-43	180
NC_011593.1:c2595355-2593832	NB551033:109:HG7V5BGX9:2:13209:24168:5970#0/1	97.170	106	3	0	847	952	1	106	5.86e-43	180
NC_011593.1:c2595355-2593832	NB551033:109:HG7V5BGX9:4:11511:9687:15169#0/2	97.143	105	3	0	64	168	1	105	2.11e-42	178
NC_011593.1:c2595355-2593832	NB551033:109:HG7V5BGX9:4:23411:6145:11548#0/2	97.115	104	3	0	133	236	1	104	7.59e-42	176
NC_011593.1:c2595355-2593832	NB551033:109:HG7V5BGX9:4:23411:6145:11548#0/1	97.115	104	3	0	133	236	104	1	7.59e-42	176
NC_011593.1:c2595355-2593832	NB551033:109:HG7V5BGX9:4:21607:6292:12169#0/2	98.000	100	2	0	1136	1235	100	1	2.73e-41	174
NC_011593.1:c2595355-2593832	NB551033:109:HG7V5BGX9:1:21209:18988:16643#0/2	97.087	103	3	0	1368	1470	1	103	2.73e-41	174
NC_011593.1:c2595355-2593832	NB551033:109:HG7V5BGX9:4:21607:6292:12169#0/1	98.000	100	2	0	1136	1235	1	100	2.73e-41	174
NC_011593.1:c2595355-2593832	NB551033:109:HG7V5BGX9:2:22205:23248:15522#0/2	100.000	93	0	0	989	1081	93	1	9.81e-41	172
NC_011593.1:c2595355-2593832	NB551033:109:HG7V5BGX9:2:23308:8012:9522#0/1	95.370	108	5	0	323	430	1	108	9.81e-41	172
NC_011593.1:c2595355-2593832	NB551033:109:HG7V5BGX9:2:22205:23248:15522#0/1	100.000	93	0	0	989	1081	1	93	9.81e-41	172
NC_011593.1:c2595355-2593832	NB551033:109:HG7V5BGX9:3:12510:25036:12207#0/1	97.030	101	3	0	1092	1192	1	101	3.53e-40	171
NC_011593.1:c2595355-2593832	NB551033:109:HG7V5BGX9:3:22506:14755:6721#0/2	97.895	95	2	0	444	538	95	1	1.64e-38	165
NC_011593.1:c2595355-2593832	NB551033:109:HG7V5BGX9:2:11112:24062:2809#0/2	96.939	98	3	0	1321	1418	100	3	1.64e-38	165
NC_011593.1:c2595355-2593832	NB551033:109:HG7V5BGX9:1:21204:20967:17836#0/2	98.889	90	1	0	1068	1157	1	90	2.12e-37	161
NC_011593.1:c2595355-2593832	NB551033:109:HG7V5BGX9:3:22506:14755:6721#0/1	96.842	95	3	0	444	538	1	95	7.64e-37	159
NC_011593.1:c2595355-2593832	NB551033:109:HG7V5BGX9:1:22106:21266:14774#0/2	96.809	94	3	0	616	709	1	94	2.75e-36	158
NC_011593.1:c2595355-2593832	NB551033:109:HG7V5BGX9:1:13112:20737:2318#0/2	95.876	97	4	0	496	592	1	97	2.75e-36	158
NC_011593.1:c2595355-2593832	NB551033:109:HG7V5BGX9:1:22106:21266:14774#0/1	95.876	97	4	0	616	712	97	1	2.75e-36	158
NC_011593.1:c2595355-2593832	NB551033:109:HG7V5BGX9:1:21204:20967:17836#0/1	97.778	90	2	0	1068	1157	90	1	9.88e-36	156
NC_011593.1:c2595355-2593832	NB551033:109:HG7V5BGX9:3:21608:17535:9593#0/2	95.789	95	4	0	175	269	95	1	3.55e-35	154
NC_011593.1:c2595355-2593832	NB551033:109:HG7V5BGX9:4:12510:4283:15153#0/2	100.000	82	0	0	429	510	82	1	1.28e-34	152
NC_011593.1:c2595355-2593832	NB551033:109:HG7V5BGX9:4:12510:4283:15153#0/1	100.000	82	0	0	429	510	1	82	1.28e-34	152
NC_011593.1:c2595355-2593832	NB551033:109:HG7V5BGX9:3:21608:17535:9593#0/1	95.699	93	4	0	175	267	1	93	4.60e-34	150
NC_011593.1:c2595355-2593832	NB551033:109:HG7V5BGX9:1:21209:18988:16643#0/1	96.667	90	3	0	1381	1470	150	61	4.60e-34	150
NC_011593.1:c2595355-2593832	NB551033:109:HG7V5BGX9:1:11209:25655:10829#0/2	97.674	86	2	0	245	330	2	87	1.65e-33	148
NC_011593.1:c2595355-2593832	NB551033:109:HG7V5BGX9:1:12303:12676:11963#0/2	98.780	82	1	0	356	437	1	82	5.95e-33	147
NC_011593.1:c2595355-2593832	NB551033:109:HG7V5BGX9:1:12303:12676:11963#0/1	98.780	82	1	0	356	437	82	1	5.95e-33	147
NC_011593.1:c2595355-2593832	NB551033:109:HG7V5BGX9:2:13210:26278:13358#0/1	96.552	87	3	0	621	707	87	1	2.14e-32	145
NC_011593.1:c2595355-2593832	NB551033:109:HG7V5BGX9:3:12510:25036:12207#0/2	96.512	86	3	0	1108	1193	86	1	7.69e-32	143
NC_011593.1:c2595355-2593832	NB551033:109:HG7V5BGX9:2:22101:17213:4041#0/2	100.000	77	0	0	389	465	1	77	7.69e-32	143
NC_011593.1:c2595355-2593832	NB551033:109:HG7V5BGX9:3:13506:7807:6124#0/1	96.471	85	3	0	863	947	85	1	2.77e-31	141
NC_011593.1:c2595355-2593832	NB551033:109:HG7V5BGX9:2:23207:6379:1330#0/1	97.561	82	2	0	265	346	2	83	2.77e-31	141
NC_011593.1:c2595355-2593832	NB551033:109:HG7V5BGX9:3:21603:6347:12824#0/2	98.718	78	1	0	991	1068	1	78	9.95e-31	139
NC_011593.1:c2595355-2593832	NB551033:109:HG7V5BGX9:3:13506:7807:6124#0/2	96.429	84	3	0	863	946	1	84	9.95e-31	139
NC_011593.1:c2595355-2593832	NB551033:109:HG7V5BGX9:4:13511:23841:12743#0/1	98.718	78	1	0	939	1016	1	78	9.95e-31	139
NC_011593.1:c2595355-2593832	NB551033:109:HG7V5BGX9:2:11103:4596:11877#0/2	96.250	80	3	0	891	970	80	1	1.67e-28	132
NC_011593.1:c2595355-2593832	NB551033:109:HG7V5BGX9:2:11103:4596:11877#0/1	96.250	80	3	0	891	970	1	80	1.67e-28	132
NC_011593.1:c2595355-2593832	NB551033:109:HG7V5BGX9:3:13602:3480:7724#0/2	97.368	76	2	0	1395	1470	1	76	5.99e-28	130
NC_011593.1:c2595355-2593832	NB551033:109:HG7V5BGX9:3:13602:3480:7724#0/1	97.368	76	2	0	1395	1470	127	52	5.99e-28	130
NC_011593.1:c2595355-2593832	NB551033:109:HG7V5BGX9:4:22509:5635:2987#0/2	98.592	71	1	0	937	1007	1	71	7.75e-27	126
NC_011593.1:c2595355-2593832	NB551033:109:HG7V5BGX9:4:12609:19177:9733#0/2	97.297	74	2	0	965	1038	74	1	7.75e-27	126
NC_011593.1:c2595355-2593832	NB551033:109:HG7V5BGX9:4:22509:5635:2987#0/1	98.592	71	1	0	937	1007	71	1	7.75e-27	126
NC_011593.1:c2595355-2593832	NB551033:109:HG7V5BGX9:2:22305:19705:14612#0/2	100.000	67	0	0	427	493	1	67	2.79e-26	124
NC_011593.1:c2595355-2593832	NB551033:109:HG7V5BGX9:2:11301:18798:4467#0/1	97.222	72	2	0	1274	1345	72	1	1.00e-25	122
NC_011593.1:c2595355-2593832	NB551033:109:HG7V5BGX9:2:11204:2155:10194#0/1	97.222	72	2	0	1274	1345	72	1	1.00e-25	122
NC_011593.1:c2595355-2593832	NB551033:109:HG7V5BGX9:2:13210:26278:13358#0/2	98.529	68	1	0	609	676	1	68	3.61e-25	121
NC_011593.1:c2595355-2593832	NB551033:109:HG7V5BGX9:1:21104:19617:9868#0/2	100.000	65	0	0	1026	1090	1	65	3.61e-25	121
NC_011593.1:c2595355-2593832	NB551033:109:HG7V5BGX9:4:11606:4242:10234#0/1	95.946	74	3	0	194	267	1	74	3.61e-25	121
NC_011593.1:c2595355-2593832	NB551033:109:HG7V5BGX9:1:21104:19617:9868#0/1	100.000	65	0	0	1026	1090	65	1	3.61e-25	121
NC_011593.1:c2595355-2593832	NB551033:109:HG7V5BGX9:1:11104:17852:3725#0/2	98.485	66	1	0	1311	1376	1	66	4.66e-24	117
NC_011593.1:c2595355-2593832	NB551033:109:HG7V5BGX9:4:12601:19696:11525#0/2	98.462	65	1	0	754	818	65	1	1.68e-23	115
NC_011593.1:c2595355-2593832	NB551033:109:HG7V5BGX9:1:21201:16993:14617#0/1	98.462	65	1	0	548	612	1	65	1.68e-23	115
NC_011593.1:c2595355-2593832	NB551033:109:HG7V5BGX9:4:23408:5483:15576#0/2	97.015	67	2	0	75	141	67	1	6.03e-23	113
NC_011593.1:c2595355-2593832	NB551033:109:HG7V5BGX9:1:21201:16993:14617#0/2	100.000	58	0	0	792	849	58	1	2.81e-21	108
NC_011593.1:c2595355-2593832	NB551033:109:HG7V5BGX9:4:23403:3777:17996#0/2	98.305	59	1	0	1412	1470	1	59	3.63e-20	104
NC_011593.1:c2595355-2593832	NB551033:109:HG7V5BGX9:4:12609:19177:9733#0/1	96.721	61	2	0	842	902	1	61	1.31e-19	102
NC_011593.1:c2595355-2593832	NB551033:109:HG7V5BGX9:1:11207:6036:9797#0/2	95.238	63	3	0	496	558	1	63	4.70e-19	100
NC_011593.1:c2595355-2593832	NB551033:109:HG7V5BGX9:1:11110:23829:19730#0/1	98.148	54	1	0	1417	1470	1	54	2.19e-17	95.3
NC_011593.1:c2595355-2593832	NB551033:109:HG7V5BGX9:4:11606:4242:10234#0/2	98.077	52	1	0	279	330	53	2	2.83e-16	91.6
NC_011593.1:c2595355-2593832	NB551033:109:HG7V5BGX9:1:11209:25655:10829#0/1	98.077	52	1	0	279	330	53	2	2.83e-16	91.6
NC_011593.1:c2595355-2593832	NB551033:109:HG7V5BGX9:4:23403:3777:17996#0/1	100.000	45	0	0	1426	1470	113	69	4.73e-14	84.2
# BLASTN 2.9.0+
# Query: NC_011593.1:c2597106-2595574 Bifidobacterium longum subsp. infantis ATCC 15697, complete genome
# Database: db/blast_C0202-6E-1A_S85.faa
# Fields: query acc.ver, subject acc.ver, % identity, alignment length, mismatches, gap opens, q. start, q. end, s. start, s. end, evalue, bit score
# 33 hits found
NC_011593.1:c2597106-2595574	NB551033:109:HG7V5BGX9:4:11401:11221:19858#0/2	95.333	150	7	0	389	538	150	1	9.60e-61	239
NC_011593.1:c2597106-2595574	NB551033:109:HG7V5BGX9:3:22402:11089:13019#0/2	95.105	143	7	0	1	143	143	1	7.47e-57	226
NC_011593.1:c2597106-2595574	NB551033:109:HG7V5BGX9:2:12310:3102:14458#0/2	97.561	123	3	0	1	123	27	149	2.09e-52	211
NC_011593.1:c2597106-2595574	NB551033:109:HG7V5BGX9:3:22402:11089:13019#0/1	96.552	116	4	0	1	116	27	142	7.58e-47	193
NC_011593.1:c2597106-2595574	NB551033:109:HG7V5BGX9:1:22110:15254:5423#0/2	95.000	120	6	0	214	333	132	13	9.80e-46	189
NC_011593.1:c2597106-2595574	NB551033:109:HG7V5BGX9:1:23103:8011:13289#0/2	95.536	112	5	0	429	540	1	112	5.90e-43	180
NC_011593.1:c2597106-2595574	NB551033:109:HG7V5BGX9:1:23103:8011:13289#0/1	95.536	112	5	0	429	540	113	2	5.90e-43	180
NC_011593.1:c2597106-2595574	NB551033:109:HG7V5BGX9:4:12510:4283:15153#0/2	98.765	81	1	0	429	509	82	2	2.15e-32	145
NC_011593.1:c2597106-2595574	NB551033:109:HG7V5BGX9:4:12510:4283:15153#0/1	98.765	81	1	0	429	509	1	81	2.15e-32	145
NC_011593.1:c2597106-2595574	NB551033:109:HG7V5BGX9:3:11402:10161:15254#0/2	95.402	87	4	0	244	330	1	87	1.00e-30	139
NC_011593.1:c2597106-2595574	NB551033:109:HG7V5BGX9:1:11209:25655:10829#0/2	95.402	87	4	0	244	330	1	87	1.00e-30	139
NC_011593.1:c2597106-2595574	NB551033:109:HG7V5BGX9:4:13402:6888:14600#0/2	100.000	72	0	0	1	72	72	1	4.66e-29	134
NC_011593.1:c2597106-2595574	NB551033:109:HG7V5BGX9:4:11405:3168:9759#0/2	100.000	72	0	0	1	72	72	1	4.66e-29	134
NC_011593.1:c2597106-2595574	NB551033:109:HG7V5BGX9:2:22101:17213:4041#0/2	97.403	77	2	0	389	465	1	77	1.68e-28	132
NC_011593.1:c2597106-2595574	NB551033:109:HG7V5BGX9:3:13602:3480:7724#0/2	97.368	76	2	0	1395	1470	1	76	6.03e-28	130
NC_011593.1:c2597106-2595574	NB551033:109:HG7V5BGX9:3:13602:3480:7724#0/1	97.368	76	2	0	1395	1470	127	52	6.03e-28	130
NC_011593.1:c2597106-2595574	NB551033:109:HG7V5BGX9:2:22305:19705:14612#0/2	100.000	67	0	0	427	493	1	67	2.80e-26	124
NC_011593.1:c2597106-2595574	NB551033:109:HG7V5BGX9:2:23207:6379:1330#0/1	96.970	66	2	0	265	330	2	67	2.18e-22	111
NC_011593.1:c2597106-2595574	NB551033:109:HG7V5BGX9:2:12205:22320:10588#0/1	100.000	60	0	0	1	60	60	1	2.18e-22	111
NC_011593.1:c2597106-2595574	NB551033:109:HG7V5BGX9:4:12601:19696:11525#0/2	96.923	65	2	0	754	818	65	1	7.85e-22	110
NC_011593.1:c2597106-2595574	NB551033:109:HG7V5BGX9:4:23403:3777:17996#0/2	98.305	59	1	0	1412	1470	1	59	3.65e-20	104
NC_011593.1:c2597106-2595574	NB551033:109:HG7V5BGX9:3:12602:17372:17721#0/2	100.000	55	0	0	1	55	55	1	1.31e-19	102
NC_011593.1:c2597106-2595574	NB551033:109:HG7V5BGX9:3:12602:17372:17721#0/1	100.000	55	0	0	1	55	83	137	1.31e-19	102
NC_011593.1:c2597106-2595574	NB551033:109:HG7V5BGX9:1:11110:23829:19730#0/1	98.148	54	1	0	1417	1470	1	54	2.20e-17	95.3
NC_011593.1:c2597106-2595574	NB551033:109:HG7V5BGX9:4:11606:4242:10234#0/2	98.077	52	1	0	279	330	53	2	2.84e-16	91.6
NC_011593.1:c2597106-2595574	NB551033:109:HG7V5BGX9:1:11209:25655:10829#0/1	98.077	52	1	0	279	330	53	2	2.84e-16	91.6
NC_011593.1:c2597106-2595574	NB551033:109:HG7V5BGX9:2:13101:2968:13285#0/1	98.000	50	1	0	6	55	50	1	3.68e-15	87.9
NC_011593.1:c2597106-2595574	NB551033:109:HG7V5BGX9:4:23403:3777:17996#0/1	100.000	45	0	0	1426	1470	113	69	4.76e-14	84.2
NC_011593.1:c2597106-2595574	NB551033:109:HG7V5BGX9:4:13402:6888:14600#0/1	100.000	37	0	0	1	37	115	151	1.33e-09	69.4
NC_011593.1:c2597106-2595574	NB551033:109:HG7V5BGX9:4:11405:3168:9759#0/1	100.000	37	0	0	1	37	114	150	1.33e-09	69.4
NC_011593.1:c2597106-2595574	NB551033:109:HG7V5BGX9:2:22201:25390:17848#0/2	100.000	36	0	0	1	36	36	1	4.79e-09	67.6
NC_011593.1:c2597106-2595574	NB551033:109:HG7V5BGX9:2:22201:25390:17848#0/1	100.000	36	0	0	1	36	34	69	4.79e-09	67.6
NC_011593.1:c2597106-2595574	NB551033:109:HG7V5BGX9:4:21401:22205:2666#0/1	100.000	30	0	0	1	30	30	1	1.04e-05	56.5
# BLASTN 2.9.0+
# Query: NC_011593.1:c2598562-2597207 Bifidobacterium longum subsp. infantis ATCC 15697, complete genome
# Database: db/blast_C0202-6E-1A_S85.faa
# Fields: query acc.ver, subject acc.ver, % identity, alignment length, mismatches, gap opens, q. start, q. end, s. start, s. end, evalue, bit score
# 102 hits found
NC_011593.1:c2598562-2597207	NB551033:109:HG7V5BGX9:2:13104:9729:18000#0/2	100.000	151	0	0	904	1054	1	151	4.99e-73	279
NC_011593.1:c2598562-2597207	NB551033:109:HG7V5BGX9:1:13211:12394:4817#0/1	100.000	151	0	0	1198	1348	1	151	4.99e-73	279
NC_011593.1:c2598562-2597207	NB551033:109:HG7V5BGX9:2:23208:1252:7568#0/2	100.000	150	0	0	211	360	1	150	1.79e-72	278
NC_011593.1:c2598562-2597207	NB551033:109:HG7V5BGX9:2:12111:16926:6408#0/2	100.000	150	0	0	830	979	1	150	1.79e-72	278
NC_011593.1:c2598562-2597207	NB551033:109:HG7V5BGX9:2:11111:1931:10058#0/2	100.000	150	0	0	738	887	1	150	1.79e-72	278
NC_011593.1:c2598562-2597207	NB551033:109:HG7V5BGX9:4:13608:6316:5533#0/1	100.000	150	0	0	800	949	150	1	1.79e-72	278
NC_011593.1:c2598562-2597207	NB551033:109:HG7V5BGX9:2:12111:16926:6408#0/1	100.000	150	0	0	908	1057	150	1	1.79e-72	278
NC_011593.1:c2598562-2597207	NB551033:109:HG7V5BGX9:2:11111:1931:10058#0/1	100.000	150	0	0	758	907	150	1	1.79e-72	278
NC_011593.1:c2598562-2597207	NB551033:109:HG7V5BGX9:1:22109:17997:3579#0/1	100.000	150	0	0	1095	1244	1	150	1.79e-72	278
NC_011593.1:c2598562-2597207	NB551033:109:HG7V5BGX9:1:22109:17997:3579#0/2	100.000	149	0	0	1144	1292	149	1	6.45e-72	276
NC_011593.1:c2598562-2597207	NB551033:109:HG7V5BGX9:4:21503:18617:13591#0/2	99.342	152	0	1	753	904	1	151	2.32e-71	274
NC_011593.1:c2598562-2597207	NB551033:109:HG7V5BGX9:1:13212:24299:14222#0/2	99.338	151	1	0	640	790	1	151	2.32e-71	274
NC_011593.1:c2598562-2597207	NB551033:109:HG7V5BGX9:4:23404:2678:12181#0/1	99.338	151	1	0	1061	1211	151	1	2.32e-71	274
NC_011593.1:c2598562-2597207	NB551033:109:HG7V5BGX9:2:12312:11855:14287#0/1	99.338	151	1	0	337	487	151	1	2.32e-71	274
NC_011593.1:c2598562-2597207	NB551033:109:HG7V5BGX9:4:13608:6316:5533#0/2	99.333	150	1	0	689	838	1	150	8.35e-71	272
NC_011593.1:c2598562-2597207	NB551033:109:HG7V5BGX9:4:12511:23326:16942#0/1	99.329	149	1	0	180	328	1	149	3.00e-70	270
NC_011593.1:c2598562-2597207	NB551033:109:HG7V5BGX9:2:21311:23595:11651#0/2	100.000	144	0	0	1080	1223	144	1	3.88e-69	267
NC_011593.1:c2598562-2597207	NB551033:109:HG7V5BGX9:3:11506:5713:14154#0/2	100.000	136	0	0	1215	1350	1	136	1.09e-64	252
NC_011593.1:c2598562-2597207	NB551033:109:HG7V5BGX9:2:21311:23595:11651#0/1	100.000	134	0	0	1060	1193	18	151	1.41e-63	248
NC_011593.1:c2598562-2597207	NB551033:109:HG7V5BGX9:3:22607:13730:11407#0/2	100.000	132	0	0	1225	1356	1	132	1.82e-62	244
NC_011593.1:c2598562-2597207	NB551033:109:HG7V5BGX9:4:22612:18651:4108#0/2	100.000	131	0	0	934	1064	1	131	6.55e-62	243
NC_011593.1:c2598562-2597207	NB551033:109:HG7V5BGX9:1:21207:10273:17300#0/2	99.254	134	1	0	1073	1206	134	1	6.55e-62	243
NC_011593.1:c2598562-2597207	NB551033:109:HG7V5BGX9:1:21312:19428:5480#0/1	98.507	134	2	0	336	469	1	134	3.05e-60	237
NC_011593.1:c2598562-2597207	NB551033:109:HG7V5BGX9:4:23404:2678:12181#0/2	100.000	126	0	0	1060	1185	25	150	3.94e-59	233
NC_011593.1:c2598562-2597207	NB551033:109:HG7V5BGX9:2:13108:4555:6205#0/2	100.000	125	0	0	1145	1269	1	125	1.42e-58	231
NC_011593.1:c2598562-2597207	NB551033:109:HG7V5BGX9:1:13201:11573:19507#0/2	100.000	123	0	0	633	755	123	1	1.83e-57	228
NC_011593.1:c2598562-2597207	NB551033:109:HG7V5BGX9:4:22402:21883:15884#0/2	100.000	122	0	0	1087	1208	1	122	6.59e-57	226
NC_011593.1:c2598562-2597207	NB551033:109:HG7V5BGX9:1:13212:24299:14222#0/1	99.206	126	0	1	770	895	125	1	6.59e-57	226
NC_011593.1:c2598562-2597207	NB551033:109:HG7V5BGX9:4:12511:23326:16942#0/2	100.000	120	0	0	318	437	120	1	8.53e-56	222
NC_011593.1:c2598562-2597207	NB551033:109:HG7V5BGX9:4:11608:18598:8791#0/1	99.187	123	1	0	1117	1239	1	123	8.53e-56	222
NC_011593.1:c2598562-2597207	NB551033:109:HG7V5BGX9:1:22105:7846:2597#0/2	95.522	134	6	0	1090	1223	134	1	1.43e-53	215
NC_011593.1:c2598562-2597207	NB551033:109:HG7V5BGX9:4:11401:20860:11648#0/1	100.000	116	0	0	563	678	1	116	1.43e-53	215
NC_011593.1:c2598562-2597207	NB551033:109:HG7V5BGX9:1:22105:7846:2597#0/1	95.522	134	6	0	1090	1223	1	134	1.43e-53	215
NC_011593.1:c2598562-2597207	NB551033:109:HG7V5BGX9:4:11401:20860:11648#0/2	100.000	113	0	0	566	678	113	1	6.64e-52	209
NC_011593.1:c2598562-2597207	NB551033:109:HG7V5BGX9:2:21212:13307:10331#0/2	100.000	110	0	0	1118	1227	1	110	3.09e-50	204
NC_011593.1:c2598562-2597207	NB551033:109:HG7V5BGX9:3:12505:19596:11801#0/2	95.968	124	5	0	846	969	1	124	1.11e-49	202
NC_011593.1:c2598562-2597207	NB551033:109:HG7V5BGX9:3:21402:12368:15207#0/2	97.391	115	3	0	901	1015	3	117	5.17e-48	196
NC_011593.1:c2598562-2597207	NB551033:109:HG7V5BGX9:1:13211:12394:4817#0/2	100.000	106	0	0	1251	1356	149	44	5.17e-48	196
NC_011593.1:c2598562-2597207	NB551033:109:HG7V5BGX9:3:12510:2353:3127#0/2	100.000	104	0	0	216	319	104	1	6.69e-47	193
NC_011593.1:c2598562-2597207	NB551033:109:HG7V5BGX9:4:21503:18617:13591#0/1	100.000	104	0	0	958	1061	104	1	6.69e-47	193
NC_011593.1:c2598562-2597207	NB551033:109:HG7V5BGX9:3:21402:12368:15207#0/1	97.345	113	3	0	930	1042	113	1	6.69e-47	193
NC_011593.1:c2598562-2597207	NB551033:109:HG7V5BGX9:3:12510:2353:3127#0/1	100.000	104	0	0	216	319	1	104	6.69e-47	193
NC_011593.1:c2598562-2597207	NB551033:109:HG7V5BGX9:3:12505:19596:11801#0/1	95.082	122	6	0	848	969	122	1	6.69e-47	193
NC_011593.1:c2598562-2597207	NB551033:109:HG7V5BGX9:4:11608:18598:8791#0/2	99.048	105	1	0	1136	1240	105	1	8.65e-46	189
NC_011593.1:c2598562-2597207	NB551033:109:HG7V5BGX9:3:13412:2913:11029#0/1	96.429	112	4	0	461	572	1	112	1.12e-44	185
NC_011593.1:c2598562-2597207	NB551033:109:HG7V5BGX9:4:21503:2912:9540#0/2	100.000	99	0	0	1060	1158	99	1	4.02e-44	183
NC_011593.1:c2598562-2597207	NB551033:109:HG7V5BGX9:4:21503:2912:9540#0/1	100.000	99	0	0	1060	1158	13	111	4.02e-44	183
NC_011593.1:c2598562-2597207	NB551033:109:HG7V5BGX9:3:23503:6719:4932#0/1	100.000	99	0	0	1060	1158	99	1	4.02e-44	183
NC_011593.1:c2598562-2597207	NB551033:109:HG7V5BGX9:4:22501:3139:3531#0/2	98.039	102	2	0	960	1061	1	102	1.87e-42	178
NC_011593.1:c2598562-2597207	NB551033:109:HG7V5BGX9:3:11609:13599:20357#0/2	100.000	96	0	0	962	1057	96	1	1.87e-42	178
NC_011593.1:c2598562-2597207	NB551033:109:HG7V5BGX9:2:22110:13690:12179#0/2	97.143	105	3	0	908	1012	105	1	1.87e-42	178
NC_011593.1:c2598562-2597207	NB551033:109:HG7V5BGX9:4:22501:3139:3531#0/1	98.039	102	2	0	960	1061	102	1	1.87e-42	178
NC_011593.1:c2598562-2597207	NB551033:109:HG7V5BGX9:1:21207:10273:17300#0/1	100.000	95	0	0	1073	1167	1	95	6.73e-42	176
NC_011593.1:c2598562-2597207	NB551033:109:HG7V5BGX9:2:22101:10942:10010#0/2	100.000	93	0	0	703	795	93	1	8.71e-41	172
NC_011593.1:c2598562-2597207	NB551033:109:HG7V5BGX9:2:22101:10942:10010#0/1	100.000	93	0	0	703	795	1	93	8.71e-41	172
NC_011593.1:c2598562-2597207	NB551033:109:HG7V5BGX9:3:13403:24828:8285#0/2	100.000	87	0	0	1270	1356	130	44	1.89e-37	161
NC_011593.1:c2598562-2597207	NB551033:109:HG7V5BGX9:3:13403:24828:8285#0/1	100.000	87	0	0	1270	1356	1	87	1.89e-37	161
NC_011593.1:c2598562-2597207	NB551033:109:HG7V5BGX9:2:23209:22824:9474#0/2	97.826	92	2	0	945	1036	92	1	6.78e-37	159
NC_011593.1:c2598562-2597207	NB551033:109:HG7V5BGX9:2:23209:22824:9474#0/1	97.826	92	2	0	945	1036	1	92	6.78e-37	159
NC_011593.1:c2598562-2597207	NB551033:109:HG7V5BGX9:3:11606:5842:2432#0/2	100.000	82	0	0	138	219	69	150	1.13e-34	152
NC_011593.1:c2598562-2597207	NB551033:109:HG7V5BGX9:2:12312:11855:14287#0/2	100.000	82	0	0	261	342	1	82	1.13e-34	152
NC_011593.1:c2598562-2597207	NB551033:109:HG7V5BGX9:3:11609:13599:20357#0/1	100.000	81	0	0	962	1042	1	81	4.08e-34	150
NC_011593.1:c2598562-2597207	NB551033:109:HG7V5BGX9:2:23208:1252:7568#0/1	97.647	85	2	0	307	391	85	1	5.28e-33	147
NC_011593.1:c2598562-2597207	NB551033:109:HG7V5BGX9:2:13104:9729:18000#0/1	98.734	79	1	0	986	1064	91	13	2.46e-31	141
NC_011593.1:c2598562-2597207	NB551033:109:HG7V5BGX9:2:22110:13690:12179#0/1	97.500	80	2	0	908	987	1	80	3.18e-30	137
NC_011593.1:c2598562-2597207	NB551033:109:HG7V5BGX9:2:13108:4555:6205#0/1	98.701	77	1	0	1280	1356	105	29	3.18e-30	137
NC_011593.1:c2598562-2597207	NB551033:109:HG7V5BGX9:2:11109:1771:7568#0/1	100.000	71	0	0	1060	1130	71	1	1.48e-28	132
NC_011593.1:c2598562-2597207	NB551033:109:HG7V5BGX9:3:23407:13964:5388#0/2	100.000	70	0	0	899	968	70	1	5.32e-28	130
NC_011593.1:c2598562-2597207	NB551033:109:HG7V5BGX9:2:21303:18671:5981#0/2	100.000	70	0	0	899	968	1	70	5.32e-28	130
NC_011593.1:c2598562-2597207	NB551033:109:HG7V5BGX9:2:11109:1771:7568#0/2	100.000	70	0	0	1060	1129	51	120	5.32e-28	130
NC_011593.1:c2598562-2597207	NB551033:109:HG7V5BGX9:3:23407:13964:5388#0/1	100.000	70	0	0	899	968	1	70	5.32e-28	130
NC_011593.1:c2598562-2597207	NB551033:109:HG7V5BGX9:2:21303:18671:5981#0/1	100.000	70	0	0	899	968	70	1	5.32e-28	130
NC_011593.1:c2598562-2597207	NB551033:109:HG7V5BGX9:3:13602:19372:19127#0/2	97.222	72	2	0	813	884	72	1	8.90e-26	122
NC_011593.1:c2598562-2597207	NB551033:109:HG7V5BGX9:3:12611:17165:19519#0/2	100.000	66	0	0	1060	1125	66	1	8.90e-26	122
NC_011593.1:c2598562-2597207	NB551033:109:HG7V5BGX9:1:13107:8961:4046#0/2	100.000	66	0	0	254	319	1	66	8.90e-26	122
NC_011593.1:c2598562-2597207	NB551033:109:HG7V5BGX9:3:12611:17165:19519#0/1	100.000	66	0	0	1060	1125	3	68	8.90e-26	122
NC_011593.1:c2598562-2597207	NB551033:109:HG7V5BGX9:1:13107:8961:4046#0/1	100.000	66	0	0	254	319	66	1	8.90e-26	122
NC_011593.1:c2598562-2597207	NB551033:109:HG7V5BGX9:3:12504:23784:11972#0/2	100.000	64	0	0	1063	1126	64	1	1.15e-24	119
NC_011593.1:c2598562-2597207	NB551033:109:HG7V5BGX9:3:13602:19372:19127#0/1	97.101	69	2	0	808	876	83	151	4.14e-24	117
NC_011593.1:c2598562-2597207	NB551033:109:HG7V5BGX9:2:21212:13307:10331#0/1	100.000	62	0	0	1295	1356	90	29	1.49e-23	115
NC_011593.1:c2598562-2597207	NB551033:109:HG7V5BGX9:3:11606:5842:2432#0/1	100.000	61	0	0	231	291	61	1	5.35e-23	113
NC_011593.1:c2598562-2597207	NB551033:109:HG7V5BGX9:1:11206:6671:9535#0/2	98.413	63	1	0	960	1022	1	63	1.93e-22	111
NC_011593.1:c2598562-2597207	NB551033:109:HG7V5BGX9:3:23503:6719:4932#0/2	100.000	59	0	0	1060	1118	93	151	6.93e-22	110
NC_011593.1:c2598562-2597207	NB551033:109:HG7V5BGX9:1:13204:26803:19329#0/1	96.923	65	2	0	1177	1241	1	65	6.93e-22	110
NC_011593.1:c2598562-2597207	NB551033:109:HG7V5BGX9:3:12604:20917:4120#0/2	100.000	57	0	0	138	194	57	1	8.96e-21	106
NC_011593.1:c2598562-2597207	NB551033:109:HG7V5BGX9:1:13204:26803:19329#0/2	96.825	63	2	0	1216	1278	63	1	8.96e-21	106
NC_011593.1:c2598562-2597207	NB551033:109:HG7V5BGX9:3:12604:20917:4120#0/1	100.000	57	0	0	138	194	70	126	8.96e-21	106
NC_011593.1:c2598562-2597207	NB551033:109:HG7V5BGX9:1:13201:11573:19507#0/1	100.000	56	0	0	626	681	1	56	3.22e-20	104
NC_011593.1:c2598562-2597207	NB551033:109:HG7V5BGX9:2:13207:23942:9169#0/2	100.000	55	0	0	138	192	29	83	1.16e-19	102
NC_011593.1:c2598562-2597207	NB551033:109:HG7V5BGX9:2:13207:23942:9169#0/1	100.000	55	0	0	138	192	55	1	1.16e-19	102
NC_011593.1:c2598562-2597207	NB551033:109:HG7V5BGX9:2:21303:6243:4356#0/2	100.000	54	0	0	1011	1064	115	62	4.17e-19	100
NC_011593.1:c2598562-2597207	NB551033:109:HG7V5BGX9:2:21303:6243:4356#0/1	100.000	54	0	0	1011	1064	1	54	4.17e-19	100
NC_011593.1:c2598562-2597207	NB551033:109:HG7V5BGX9:3:21607:5733:8582#0/2	100.000	52	0	0	138	189	52	1	5.39e-18	97.1
NC_011593.1:c2598562-2597207	NB551033:109:HG7V5BGX9:1:21312:19428:5480#0/2	100.000	52	0	0	418	469	53	2	5.39e-18	97.1
NC_011593.1:c2598562-2597207	NB551033:109:HG7V5BGX9:4:22612:18651:4108#0/1	100.000	50	0	0	1015	1064	92	43	6.98e-17	93.5
NC_011593.1:c2598562-2597207	NB551033:109:HG7V5BGX9:4:13609:10458:2302#0/2	100.000	47	0	0	1310	1356	1	47	3.25e-15	87.9
NC_011593.1:c2598562-2597207	NB551033:109:HG7V5BGX9:1:21204:24806:3604#0/2	100.000	44	0	0	1060	1103	74	117	1.51e-13	82.4
NC_011593.1:c2598562-2597207	NB551033:109:HG7V5BGX9:1:21204:24806:3604#0/1	100.000	44	0	0	1060	1103	44	1	1.51e-13	82.4
NC_011593.1:c2598562-2597207	NB551033:109:HG7V5BGX9:3:22607:13730:11407#0/1	97.674	43	1	0	1314	1356	130	88	2.53e-11	75.0
NC_011593.1:c2598562-2597207	NB551033:109:HG7V5BGX9:2:12206:5270:8606#0/1	100.000	37	0	0	1028	1064	1	37	1.18e-09	69.4
NC_011593.1:c2598562-2597207	NB551033:109:HG7V5BGX9:2:12206:5270:8606#0/2	100.000	36	0	0	1029	1064	97	62	4.23e-09	67.6
NC_011593.1:c2598562-2597207	NB551033:109:HG7V5BGX9:1:12303:5175:18265#0/1	100.000	28	0	0	361	388	29	2	1.18e-04	52.8
# BLASTN 2.9.0+
# Query: NC_011593.1:2598858-2601929 Bifidobacterium longum subsp. infantis ATCC 15697, complete genome
# Database: db/blast_C0202-6E-1A_S85.faa
# Fields: query acc.ver, subject acc.ver, % identity, alignment length, mismatches, gap opens, q. start, q. end, s. start, s. end, evalue, bit score
# 303 hits found
NC_011593.1:2598858-2601929	NB551033:109:HG7V5BGX9:4:21402:8620:1419#0/2	100.000	151	0	0	1640	1790	1	151	1.13e-72	279
NC_011593.1:2598858-2601929	NB551033:109:HG7V5BGX9:4:23504:26834:3898#0/1	100.000	151	0	0	991	1141	151	1	1.13e-72	279
NC_011593.1:2598858-2601929	NB551033:109:HG7V5BGX9:3:22508:19757:13593#0/2	100.000	150	0	0	1912	2061	150	1	4.06e-72	278
NC_011593.1:2598858-2601929	NB551033:109:HG7V5BGX9:3:11511:12688:7552#0/2	100.000	150	0	0	369	518	151	2	4.06e-72	278
NC_011593.1:2598858-2601929	NB551033:109:HG7V5BGX9:2:22304:11441:16598#0/2	100.000	150	0	0	2428	2577	150	1	4.06e-72	278
NC_011593.1:2598858-2601929	NB551033:109:HG7V5BGX9:2:12206:10102:18238#0/2	100.000	150	0	0	1740	1889	1	150	4.06e-72	278
NC_011593.1:2598858-2601929	NB551033:109:HG7V5BGX9:3:21602:25185:10209#0/1	100.000	150	0	0	1917	2066	150	1	4.06e-72	278
NC_011593.1:2598858-2601929	NB551033:109:HG7V5BGX9:3:11502:20125:15469#0/1	100.000	150	0	0	334	483	150	1	4.06e-72	278
NC_011593.1:2598858-2601929	NB551033:109:HG7V5BGX9:2:12201:24838:13465#0/1	100.000	150	0	0	341	490	1	150	4.06e-72	278
NC_011593.1:2598858-2601929	NB551033:109:HG7V5BGX9:3:11502:20125:15469#0/2	100.000	149	0	0	328	476	1	149	1.46e-71	276
NC_011593.1:2598858-2601929	NB551033:109:HG7V5BGX9:1:12110:14877:12938#0/1	100.000	149	0	0	2383	2531	1	149	1.46e-71	276
NC_011593.1:2598858-2601929	NB551033:109:HG7V5BGX9:4:11511:24226:11723#0/2	99.338	151	1	0	376	526	1	151	5.25e-71	274
NC_011593.1:2598858-2601929	NB551033:109:HG7V5BGX9:3:21602:25185:10209#0/2	99.338	151	1	0	1812	1962	1	151	5.25e-71	274
NC_011593.1:2598858-2601929	NB551033:109:HG7V5BGX9:2:21304:12249:7129#0/2	99.338	151	1	0	1665	1815	151	1	5.25e-71	274
NC_011593.1:2598858-2601929	NB551033:109:HG7V5BGX9:3:22611:5309:3504#0/1	99.338	151	1	0	383	533	1	151	5.25e-71	274
NC_011593.1:2598858-2601929	NB551033:109:HG7V5BGX9:2:22203:14150:11397#0/1	99.338	151	1	0	905	1055	151	1	5.25e-71	274
NC_011593.1:2598858-2601929	NB551033:109:HG7V5BGX9:2:12203:13266:19647#0/1	99.338	151	1	0	1836	1986	1	151	5.25e-71	274
NC_011593.1:2598858-2601929	NB551033:109:HG7V5BGX9:4:11408:12448:16065#0/2	99.333	150	1	0	1092	1241	150	1	1.89e-70	272
NC_011593.1:2598858-2601929	NB551033:109:HG7V5BGX9:2:22110:22677:9790#0/2	99.333	150	1	0	904	1053	150	1	1.89e-70	272
NC_011593.1:2598858-2601929	NB551033:109:HG7V5BGX9:2:12203:13266:19647#0/2	99.333	150	1	0	1840	1989	150	1	1.89e-70	272
NC_011593.1:2598858-2601929	NB551033:109:HG7V5BGX9:2:12111:23586:12013#0/2	99.333	150	1	0	705	854	1	150	1.89e-70	272
NC_011593.1:2598858-2601929	NB551033:109:HG7V5BGX9:1:11212:14779:13586#0/2	99.333	150	1	0	1860	2009	1	150	1.89e-70	272
NC_011593.1:2598858-2601929	NB551033:109:HG7V5BGX9:4:11408:12448:16065#0/1	99.333	150	1	0	1092	1241	1	150	1.89e-70	272
NC_011593.1:2598858-2601929	NB551033:109:HG7V5BGX9:3:11511:12688:7552#0/1	99.333	150	1	0	311	460	1	150	1.89e-70	272
NC_011593.1:2598858-2601929	NB551033:109:HG7V5BGX9:1:22107:11749:8699#0/1	99.333	150	1	0	2182	2331	150	1	1.89e-70	272
NC_011593.1:2598858-2601929	NB551033:109:HG7V5BGX9:1:11212:14779:13586#0/1	99.333	150	1	0	1890	2039	150	1	1.89e-70	272
NC_011593.1:2598858-2601929	NB551033:109:HG7V5BGX9:4:12403:13862:5587#0/2	98.675	151	2	0	2535	2685	151	1	2.44e-69	268
NC_011593.1:2598858-2601929	NB551033:109:HG7V5BGX9:1:12110:14877:12938#0/2	98.675	151	2	0	2491	2641	151	1	2.44e-69	268
NC_011593.1:2598858-2601929	NB551033:109:HG7V5BGX9:3:13504:13560:11339#0/1	99.324	148	1	0	340	487	148	1	2.44e-69	268
NC_011593.1:2598858-2601929	NB551033:109:HG7V5BGX9:1:11101:22156:8525#0/1	98.675	151	2	0	1045	1195	1	151	2.44e-69	268
NC_011593.1:2598858-2601929	NB551033:109:HG7V5BGX9:4:23504:26834:3898#0/2	98.667	150	2	0	916	1065	1	150	8.79e-69	267
NC_011593.1:2598858-2601929	NB551033:109:HG7V5BGX9:4:12609:16575:10841#0/2	98.667	150	2	0	1782	1931	1	150	8.79e-69	267
NC_011593.1:2598858-2601929	NB551033:109:HG7V5BGX9:4:11409:19478:14627#0/2	98.667	150	2	0	27	176	150	1	8.79e-69	267
NC_011593.1:2598858-2601929	NB551033:109:HG7V5BGX9:2:21104:25190:7046#0/2	98.667	150	2	0	2447	2596	150	1	8.79e-69	267
NC_011593.1:2598858-2601929	NB551033:109:HG7V5BGX9:2:12303:15680:11136#0/2	98.667	150	2	0	2248	2397	1	150	8.79e-69	267
NC_011593.1:2598858-2601929	NB551033:109:HG7V5BGX9:2:12207:15727:18923#0/2	98.667	150	2	0	705	854	1	150	8.79e-69	267
NC_011593.1:2598858-2601929	NB551033:109:HG7V5BGX9:2:11204:23808:18688#0/2	98.667	150	2	0	2078	2227	150	1	8.79e-69	267
NC_011593.1:2598858-2601929	NB551033:109:HG7V5BGX9:1:21104:11504:11950#0/2	98.667	150	2	0	27	176	150	1	8.79e-69	267
NC_011593.1:2598858-2601929	NB551033:109:HG7V5BGX9:1:13105:3768:12373#0/2	98.667	150	2	0	1529	1678	150	1	8.79e-69	267
NC_011593.1:2598858-2601929	NB551033:109:HG7V5BGX9:4:21402:8620:1419#0/1	98.667	150	2	0	1753	1902	150	1	8.79e-69	267
NC_011593.1:2598858-2601929	NB551033:109:HG7V5BGX9:2:11304:19117:11687#0/1	98.667	150	2	0	1399	1548	150	1	8.79e-69	267
NC_011593.1:2598858-2601929	NB551033:109:HG7V5BGX9:2:11204:23808:18688#0/1	98.667	150	2	0	2078	2227	1	150	8.79e-69	267
NC_011593.1:2598858-2601929	NB551033:109:HG7V5BGX9:2:11201:1988:5599#0/1	98.667	150	2	0	1381	1530	1	150	8.79e-69	267
NC_011593.1:2598858-2601929	NB551033:109:HG7V5BGX9:1:23210:19397:12074#0/1	98.667	150	2	0	376	525	1	150	8.79e-69	267
NC_011593.1:2598858-2601929	NB551033:109:HG7V5BGX9:4:13402:10710:18540#0/1	98.658	149	2	0	71	219	1	149	3.16e-68	265
NC_011593.1:2598858-2601929	NB551033:109:HG7V5BGX9:4:11501:20701:14333#0/1	98.658	149	2	0	2000	2148	149	1	3.16e-68	265
NC_011593.1:2598858-2601929	NB551033:109:HG7V5BGX9:4:11404:12542:14136#0/1	98.658	149	2	0	2778	2926	1	149	3.16e-68	265
NC_011593.1:2598858-2601929	NB551033:109:HG7V5BGX9:4:12610:25246:8846#0/2	98.013	151	3	0	2331	2481	151	1	1.14e-67	263
NC_011593.1:2598858-2601929	NB551033:109:HG7V5BGX9:2:23209:18499:1350#0/2	99.310	145	1	0	273	417	1	145	1.14e-67	263
NC_011593.1:2598858-2601929	NB551033:109:HG7V5BGX9:2:12201:24838:13465#0/2	98.649	148	2	0	403	550	151	4	1.14e-67	263
NC_011593.1:2598858-2601929	NB551033:109:HG7V5BGX9:2:11201:1988:5599#0/2	98.649	148	2	0	1396	1543	148	1	1.14e-67	263
NC_011593.1:2598858-2601929	NB551033:109:HG7V5BGX9:2:23209:18499:1350#0/1	99.310	145	1	0	273	417	145	1	1.14e-67	263
NC_011593.1:2598858-2601929	NB551033:109:HG7V5BGX9:2:12206:10102:18238#0/1	100.000	142	0	0	1903	2044	142	1	1.14e-67	263
NC_011593.1:2598858-2601929	NB551033:109:HG7V5BGX9:1:13105:3768:12373#0/1	98.013	151	3	0	1435	1585	1	151	1.14e-67	263
NC_011593.1:2598858-2601929	NB551033:109:HG7V5BGX9:1:12111:3687:5692#0/1	98.013	151	3	0	2471	2621	151	1	1.14e-67	263
NC_011593.1:2598858-2601929	NB551033:109:HG7V5BGX9:4:12508:21911:11457#0/2	98.000	150	3	0	2447	2596	150	1	4.09e-67	261
NC_011593.1:2598858-2601929	NB551033:109:HG7V5BGX9:3:23610:11442:18529#0/2	98.000	150	3	0	1453	1602	150	1	4.09e-67	261
NC_011593.1:2598858-2601929	NB551033:109:HG7V5BGX9:3:21501:21067:11429#0/2	98.000	150	3	0	2279	2428	1	150	4.09e-67	261
NC_011593.1:2598858-2601929	NB551033:109:HG7V5BGX9:2:23305:24925:7150#0/2	98.000	150	3	0	2100	2249	1	150	4.09e-67	261
NC_011593.1:2598858-2601929	NB551033:109:HG7V5BGX9:2:22102:9669:4569#0/2	98.000	150	3	0	2295	2444	1	150	4.09e-67	261
NC_011593.1:2598858-2601929	NB551033:109:HG7V5BGX9:1:22211:4672:8405#0/2	98.000	150	3	0	1140	1289	1	150	4.09e-67	261
NC_011593.1:2598858-2601929	NB551033:109:HG7V5BGX9:4:23609:16502:5731#0/1	98.000	150	3	0	2023	2172	1	150	4.09e-67	261
NC_011593.1:2598858-2601929	NB551033:109:HG7V5BGX9:4:21506:16218:12569#0/1	98.000	150	3	0	162	311	1	150	4.09e-67	261
NC_011593.1:2598858-2601929	NB551033:109:HG7V5BGX9:4:12610:25246:8846#0/1	98.000	150	3	0	2318	2467	1	150	4.09e-67	261
NC_011593.1:2598858-2601929	NB551033:109:HG7V5BGX9:4:12508:21911:11457#0/1	98.000	150	3	0	2409	2558	1	150	4.09e-67	261
NC_011593.1:2598858-2601929	NB551033:109:HG7V5BGX9:3:23610:11442:18529#0/1	98.000	150	3	0	1407	1556	1	150	4.09e-67	261
NC_011593.1:2598858-2601929	NB551033:109:HG7V5BGX9:3:22508:19757:13593#0/1	98.000	150	3	0	1824	1973	1	150	4.09e-67	261
NC_011593.1:2598858-2601929	NB551033:109:HG7V5BGX9:2:22304:11441:16598#0/1	98.000	150	3	0	2323	2472	1	150	4.09e-67	261
NC_011593.1:2598858-2601929	NB551033:109:HG7V5BGX9:1:22211:4672:8405#0/1	98.000	150	3	0	1151	1300	150	1	4.09e-67	261
NC_011593.1:2598858-2601929	NB551033:109:HG7V5BGX9:1:22303:5420:16741#0/2	100.000	140	0	0	1742	1881	140	1	1.47e-66	259
NC_011593.1:2598858-2601929	NB551033:109:HG7V5BGX9:1:22303:5420:16741#0/1	100.000	140	0	0	1742	1881	1	140	1.47e-66	259
NC_011593.1:2598858-2601929	NB551033:109:HG7V5BGX9:4:22401:22881:12772#0/2	98.611	144	2	0	2910	3053	144	1	1.90e-65	255
NC_011593.1:2598858-2601929	NB551033:109:HG7V5BGX9:2:11306:5546:7153#0/2	97.333	150	4	0	2691	2840	150	1	1.90e-65	255
NC_011593.1:2598858-2601929	NB551033:109:HG7V5BGX9:1:22107:11749:8699#0/2	97.333	150	4	0	2157	2306	1	150	1.90e-65	255
NC_011593.1:2598858-2601929	NB551033:109:HG7V5BGX9:1:12110:7005:4814#0/2	97.333	150	4	0	2686	2835	1	150	1.90e-65	255
NC_011593.1:2598858-2601929	NB551033:109:HG7V5BGX9:4:22401:22881:12772#0/1	99.291	141	1	0	2910	3050	1	141	1.90e-65	255
NC_011593.1:2598858-2601929	NB551033:109:HG7V5BGX9:4:12403:13862:5587#0/1	97.333	150	4	0	2457	2606	1	150	1.90e-65	255
NC_011593.1:2598858-2601929	NB551033:109:HG7V5BGX9:4:21505:12611:13208#0/2	100.000	137	0	0	905	1041	137	1	6.84e-65	254
NC_011593.1:2598858-2601929	NB551033:109:HG7V5BGX9:2:22301:19353:16891#0/2	100.000	137	0	0	1714	1850	1	137	6.84e-65	254
NC_011593.1:2598858-2601929	NB551033:109:HG7V5BGX9:2:11310:20661:1724#0/2	100.000	137	0	0	2417	2553	137	1	6.84e-65	254
NC_011593.1:2598858-2601929	NB551033:109:HG7V5BGX9:1:22210:23610:2022#0/2	97.315	149	4	0	2628	2776	1	149	6.84e-65	254
NC_011593.1:2598858-2601929	NB551033:109:HG7V5BGX9:4:21505:12611:13208#0/1	100.000	137	0	0	905	1041	1	137	6.84e-65	254
NC_011593.1:2598858-2601929	NB551033:109:HG7V5BGX9:2:22301:19353:16891#0/1	100.000	137	0	0	1714	1850	137	1	6.84e-65	254
NC_011593.1:2598858-2601929	NB551033:109:HG7V5BGX9:2:22110:22677:9790#0/1	97.315	149	4	0	867	1015	1	149	6.84e-65	254
NC_011593.1:2598858-2601929	NB551033:109:HG7V5BGX9:3:22611:5309:3504#0/2	96.689	151	5	0	458	608	151	1	2.46e-64	252
NC_011593.1:2598858-2601929	NB551033:109:HG7V5BGX9:1:22202:20922:7860#0/2	97.931	145	3	0	877	1021	145	1	2.46e-64	252
NC_011593.1:2598858-2601929	NB551033:109:HG7V5BGX9:1:22202:20922:7860#0/1	96.689	151	5	0	826	976	1	151	2.46e-64	252
NC_011593.1:2598858-2601929	NB551033:109:HG7V5BGX9:1:12101:10180:11716#0/1	96.689	151	5	0	486	636	1	151	2.46e-64	252
NC_011593.1:2598858-2601929	NB551033:109:HG7V5BGX9:2:22203:14150:11397#0/2	96.667	150	5	0	759	908	1	150	8.85e-64	250
NC_011593.1:2598858-2601929	NB551033:109:HG7V5BGX9:1:12111:3687:5692#0/2	96.667	150	5	0	2090	2239	1	150	8.85e-64	250
NC_011593.1:2598858-2601929	NB551033:109:HG7V5BGX9:1:13303:14289:20109#0/2	98.571	140	2	0	2905	3044	1	140	3.18e-63	248
NC_011593.1:2598858-2601929	NB551033:109:HG7V5BGX9:3:12403:14497:15444#0/1	99.270	137	1	0	2910	3046	1	137	3.18e-63	248
NC_011593.1:2598858-2601929	NB551033:109:HG7V5BGX9:2:21210:24871:16692#0/1	99.270	137	1	0	1865	2001	137	1	3.18e-63	248
NC_011593.1:2598858-2601929	NB551033:109:HG7V5BGX9:1:13303:14289:20109#0/1	99.270	137	1	0	2908	3044	137	1	3.18e-63	248
NC_011593.1:2598858-2601929	NB551033:109:HG7V5BGX9:4:23609:16502:5731#0/2	97.241	145	4	0	2056	2200	145	1	1.15e-62	246
NC_011593.1:2598858-2601929	NB551033:109:HG7V5BGX9:4:22408:6500:10768#0/2	100.000	133	0	0	1640	1772	1	133	1.15e-62	246
NC_011593.1:2598858-2601929	NB551033:109:HG7V5BGX9:4:22408:6500:10768#0/1	100.000	133	0	0	1640	1772	133	1	1.15e-62	246
NC_011593.1:2598858-2601929	NB551033:109:HG7V5BGX9:4:11511:24226:11723#0/1	96.000	150	6	0	510	659	150	1	4.12e-62	244
NC_011593.1:2598858-2601929	NB551033:109:HG7V5BGX9:3:22612:20405:14861#0/1	96.000	150	6	0	845	994	1	150	4.12e-62	244
NC_011593.1:2598858-2601929	NB551033:109:HG7V5BGX9:3:21501:21067:11429#0/1	99.259	135	1	0	2403	2537	135	1	4.12e-62	244
NC_011593.1:2598858-2601929	NB551033:109:HG7V5BGX9:2:21304:12249:7129#0/1	100.000	131	0	0	1640	1770	1	131	1.48e-61	243
NC_011593.1:2598858-2601929	NB551033:109:HG7V5BGX9:4:21501:7742:14924#0/1	99.242	132	1	0	693	824	132	1	1.92e-60	239
NC_011593.1:2598858-2601929	NB551033:109:HG7V5BGX9:1:11311:8454:18630#0/1	97.163	141	4	0	800	940	141	1	1.92e-60	239
NC_011593.1:2598858-2601929	NB551033:109:HG7V5BGX9:4:22503:21363:18467#0/2	96.479	142	5	0	2078	2219	1	142	2.48e-59	235
NC_011593.1:2598858-2601929	NB551033:109:HG7V5BGX9:4:11501:20701:14333#0/2	99.231	130	1	0	1883	2012	1	130	2.48e-59	235
NC_011593.1:2598858-2601929	NB551033:109:HG7V5BGX9:2:12203:4594:5987#0/2	97.794	136	3	0	2576	2711	136	1	2.48e-59	235
NC_011593.1:2598858-2601929	NB551033:109:HG7V5BGX9:2:12203:4594:5987#0/1	97.794	136	3	0	2576	2711	1	136	2.48e-59	235
NC_011593.1:2598858-2601929	NB551033:109:HG7V5BGX9:1:22109:11860:16240#0/2	100.000	126	0	0	1623	1748	1	126	8.92e-59	233
NC_011593.1:2598858-2601929	NB551033:109:HG7V5BGX9:4:11503:6954:9062#0/2	97.761	134	3	0	2939	3072	141	8	3.21e-58	231
NC_011593.1:2598858-2601929	NB551033:109:HG7V5BGX9:4:11503:6954:9062#0/1	97.761	134	3	0	2939	3072	1	134	3.21e-58	231
NC_011593.1:2598858-2601929	NB551033:109:HG7V5BGX9:2:21104:25190:7046#0/1	97.761	134	3	0	2362	2495	1	134	3.21e-58	231
NC_011593.1:2598858-2601929	NB551033:109:HG7V5BGX9:1:12110:7005:4814#0/1	98.473	131	2	0	2788	2918	131	1	3.21e-58	231
NC_011593.1:2598858-2601929	NB551033:109:HG7V5BGX9:4:21501:7742:14924#0/2	97.744	133	3	0	692	824	1	133	1.15e-57	230
NC_011593.1:2598858-2601929	NB551033:109:HG7V5BGX9:1:11101:22156:8525#0/2	99.213	127	1	0	1096	1222	127	1	1.15e-57	230
NC_011593.1:2598858-2601929	NB551033:109:HG7V5BGX9:4:22609:12086:18192#0/1	97.059	136	4	0	2686	2821	1	136	1.15e-57	230
NC_011593.1:2598858-2601929	NB551033:109:HG7V5BGX9:2:12204:1423:3786#0/2	96.296	135	5	0	2058	2192	1	135	1.93e-55	222
NC_011593.1:2598858-2601929	NB551033:109:HG7V5BGX9:1:22302:14974:2743#0/2	100.000	120	0	0	1752	1871	1	120	1.93e-55	222
NC_011593.1:2598858-2601929	NB551033:109:HG7V5BGX9:3:11409:20987:4022#0/1	97.674	129	3	0	1437	1565	129	1	1.93e-55	222
NC_011593.1:2598858-2601929	NB551033:109:HG7V5BGX9:1:22302:14974:2743#0/1	100.000	120	0	0	1752	1871	120	1	1.93e-55	222
NC_011593.1:2598858-2601929	NB551033:109:HG7V5BGX9:2:11112:7250:13289#0/2	96.212	132	5	0	2101	2232	132	1	8.98e-54	217
NC_011593.1:2598858-2601929	NB551033:109:HG7V5BGX9:1:12101:10180:11716#0/2	96.212	132	5	0	507	638	132	1	8.98e-54	217
NC_011593.1:2598858-2601929	NB551033:109:HG7V5BGX9:2:22107:10906:7729#0/1	99.167	120	1	0	1878	1997	1	120	8.98e-54	217
NC_011593.1:2598858-2601929	NB551033:109:HG7V5BGX9:2:11112:7250:13289#0/1	96.212	132	5	0	2101	2232	1	132	8.98e-54	217
NC_011593.1:2598858-2601929	NB551033:109:HG7V5BGX9:2:13109:10269:16755#0/2	100.000	116	0	0	2211	2326	1	116	3.23e-53	215
NC_011593.1:2598858-2601929	NB551033:109:HG7V5BGX9:1:11307:23839:1251#0/2	99.160	119	1	0	1836	1954	1	119	3.23e-53	215
NC_011593.1:2598858-2601929	NB551033:109:HG7V5BGX9:1:23303:16139:15190#0/1	98.347	121	2	0	2560	2680	1	121	1.16e-52	213
NC_011593.1:2598858-2601929	NB551033:109:HG7V5BGX9:1:23303:16139:15190#0/2	98.333	120	2	0	2561	2680	120	1	4.18e-52	211
NC_011593.1:2598858-2601929	NB551033:109:HG7V5BGX9:2:21110:7737:14387#0/1	96.825	126	4	0	682	807	126	1	4.18e-52	211
NC_011593.1:2598858-2601929	NB551033:109:HG7V5BGX9:1:12107:4306:12578#0/2	100.000	112	0	0	1914	2025	1	112	5.40e-51	207
NC_011593.1:2598858-2601929	NB551033:109:HG7V5BGX9:2:22102:9669:4569#0/1	96.774	124	4	0	2357	2480	124	1	5.40e-51	207
NC_011593.1:2598858-2601929	NB551033:109:HG7V5BGX9:4:22503:21363:18467#0/1	96.032	126	5	0	2094	2219	126	1	1.94e-50	206
NC_011593.1:2598858-2601929	NB551033:109:HG7V5BGX9:3:11608:21273:14141#0/2	96.721	122	4	0	2633	2754	1	122	6.99e-50	204
NC_011593.1:2598858-2601929	NB551033:109:HG7V5BGX9:2:22107:10906:7729#0/2	99.115	113	1	0	1885	1997	113	1	6.99e-50	204
NC_011593.1:2598858-2601929	NB551033:109:HG7V5BGX9:2:12204:1423:3786#0/1	98.261	115	2	0	2187	2301	115	1	2.51e-49	202
NC_011593.1:2598858-2601929	NB551033:109:HG7V5BGX9:4:23609:9994:13772#0/2	100.000	108	0	0	1	108	108	1	9.04e-49	200
NC_011593.1:2598858-2601929	NB551033:109:HG7V5BGX9:4:12607:24521:6646#0/2	96.667	120	4	0	2636	2755	120	1	9.04e-49	200
NC_011593.1:2598858-2601929	NB551033:109:HG7V5BGX9:4:21402:18597:3437#0/1	99.099	111	1	0	274	384	111	1	9.04e-49	200
NC_011593.1:2598858-2601929	NB551033:109:HG7V5BGX9:3:23505:13484:3799#0/1	98.246	114	2	0	2593	2706	114	1	9.04e-49	200
NC_011593.1:2598858-2601929	NB551033:109:HG7V5BGX9:4:23608:22155:12498#0/2	98.230	113	2	0	2824	2936	1	113	3.25e-48	198
NC_011593.1:2598858-2601929	NB551033:109:HG7V5BGX9:4:13609:15957:17915#0/2	98.230	113	2	0	573	685	113	1	3.25e-48	198
NC_011593.1:2598858-2601929	NB551033:109:HG7V5BGX9:3:21609:19234:4419#0/2	100.000	107	0	0	1657	1763	107	1	3.25e-48	198
NC_011593.1:2598858-2601929	NB551033:109:HG7V5BGX9:4:13609:15957:17915#0/1	98.230	113	2	0	573	685	1	113	3.25e-48	198
NC_011593.1:2598858-2601929	NB551033:109:HG7V5BGX9:3:21609:19234:4419#0/1	100.000	107	0	0	1657	1763	1	107	3.25e-48	198
NC_011593.1:2598858-2601929	NB551033:109:HG7V5BGX9:2:22110:18608:14709#0/2	100.000	106	0	0	1645	1750	106	1	1.17e-47	196
NC_011593.1:2598858-2601929	NB551033:109:HG7V5BGX9:3:11608:21273:14141#0/1	95.868	121	5	0	2634	2754	121	1	1.17e-47	196
NC_011593.1:2598858-2601929	NB551033:109:HG7V5BGX9:2:22110:18608:14709#0/1	100.000	106	0	0	1645	1750	1	106	1.17e-47	196
NC_011593.1:2598858-2601929	NB551033:109:HG7V5BGX9:3:23505:13484:3799#0/2	97.368	114	3	0	2593	2706	1	114	4.21e-47	195
NC_011593.1:2598858-2601929	NB551033:109:HG7V5BGX9:3:12407:19401:19192#0/2	99.074	108	1	0	1047	1154	1	108	4.21e-47	195
NC_011593.1:2598858-2601929	NB551033:109:HG7V5BGX9:2:21205:12563:5813#0/2	100.000	105	0	0	1363	1467	1	105	4.21e-47	195
NC_011593.1:2598858-2601929	NB551033:109:HG7V5BGX9:2:23305:24925:7150#0/1	97.368	114	3	0	2528	2641	114	1	4.21e-47	195
NC_011593.1:2598858-2601929	NB551033:109:HG7V5BGX9:2:21205:12563:5813#0/1	100.000	105	0	0	1363	1467	105	1	4.21e-47	195
NC_011593.1:2598858-2601929	NB551033:109:HG7V5BGX9:4:21506:16218:12569#0/2	100.000	104	0	0	215	318	104	1	1.51e-46	193
NC_011593.1:2598858-2601929	NB551033:109:HG7V5BGX9:3:12403:14497:15444#0/2	96.552	116	4	0	2957	3072	150	35	1.51e-46	193
NC_011593.1:2598858-2601929	NB551033:109:HG7V5BGX9:1:22102:22723:19701#0/2	96.552	116	4	0	448	563	1	116	1.51e-46	193
NC_011593.1:2598858-2601929	NB551033:109:HG7V5BGX9:4:23606:24025:5414#0/1	100.000	104	0	0	1	104	25	128	1.51e-46	193
NC_011593.1:2598858-2601929	NB551033:109:HG7V5BGX9:1:22102:22723:19701#0/1	96.552	116	4	0	448	563	116	1	1.51e-46	193
NC_011593.1:2598858-2601929	NB551033:109:HG7V5BGX9:3:23507:5231:20306#0/2	98.165	109	2	0	2481	2589	1	109	5.44e-46	191
NC_011593.1:2598858-2601929	NB551033:109:HG7V5BGX9:3:21503:12963:2176#0/2	100.000	102	0	0	1	102	102	1	1.96e-45	189
NC_011593.1:2598858-2601929	NB551033:109:HG7V5BGX9:3:11604:15956:7350#0/2	100.000	101	0	0	181	281	101	1	7.04e-45	187
NC_011593.1:2598858-2601929	NB551033:109:HG7V5BGX9:3:13504:13560:11339#0/2	99.029	103	1	0	248	350	1	103	2.53e-44	185
NC_011593.1:2598858-2601929	NB551033:109:HG7V5BGX9:1:23211:11415:10729#0/2	96.429	112	4	0	2643	2754	112	1	2.53e-44	185
NC_011593.1:2598858-2601929	NB551033:109:HG7V5BGX9:1:23211:11415:10729#0/1	96.429	112	4	0	2643	2754	1	112	2.53e-44	185
NC_011593.1:2598858-2601929	NB551033:109:HG7V5BGX9:1:22109:11860:16240#0/1	100.000	100	0	0	1649	1748	100	1	2.53e-44	185
NC_011593.1:2598858-2601929	NB551033:109:HG7V5BGX9:3:22508:21060:8184#0/2	99.020	102	1	0	2851	2952	3	104	9.11e-44	183
NC_011593.1:2598858-2601929	NB551033:109:HG7V5BGX9:2:21304:11775:4369#0/2	98.095	105	2	0	2576	2680	1	105	9.11e-44	183
NC_011593.1:2598858-2601929	NB551033:109:HG7V5BGX9:3:22508:21060:8184#0/1	99.020	102	1	0	2851	2952	102	1	9.11e-44	183
NC_011593.1:2598858-2601929	NB551033:109:HG7V5BGX9:2:21304:11775:4369#0/1	98.095	105	2	0	2576	2680	105	1	9.11e-44	183
NC_011593.1:2598858-2601929	NB551033:109:HG7V5BGX9:4:22609:12086:18192#0/2	97.196	107	3	0	2715	2821	107	1	3.28e-43	182
NC_011593.1:2598858-2601929	NB551033:109:HG7V5BGX9:3:23507:3013:1764#0/2	99.010	101	1	0	2484	2584	1	101	3.28e-43	182
NC_011593.1:2598858-2601929	NB551033:109:HG7V5BGX9:3:23507:3013:1764#0/1	99.010	101	1	0	2484	2584	101	1	3.28e-43	182
NC_011593.1:2598858-2601929	NB551033:109:HG7V5BGX9:3:22612:20405:14861#0/2	98.058	103	2	0	1078	1180	103	1	1.18e-42	180
NC_011593.1:2598858-2601929	NB551033:109:HG7V5BGX9:1:11206:13050:17901#0/2	96.330	109	4	0	699	807	109	1	1.18e-42	180
NC_011593.1:2598858-2601929	NB551033:109:HG7V5BGX9:3:21403:14399:4312#0/2	98.990	99	1	0	125	223	1	99	4.24e-42	178
NC_011593.1:2598858-2601929	NB551033:109:HG7V5BGX9:2:23308:17015:16560#0/1	98.020	101	2	0	2813	2913	1	101	1.52e-41	176
NC_011593.1:2598858-2601929	NB551033:109:HG7V5BGX9:2:23308:17015:16560#0/2	98.000	100	2	0	2814	2913	100	1	5.48e-41	174
NC_011593.1:2598858-2601929	NB551033:109:HG7V5BGX9:2:13107:12228:20243#0/2	98.969	97	1	0	1126	1222	97	1	5.48e-41	174
NC_011593.1:2598858-2601929	NB551033:109:HG7V5BGX9:1:11302:21823:1077#0/2	97.087	103	3	0	2962	3064	103	1	5.48e-41	174
NC_011593.1:2598858-2601929	NB551033:109:HG7V5BGX9:3:23405:6552:6297#0/1	98.000	100	2	0	5	104	100	1	5.48e-41	174
NC_011593.1:2598858-2601929	NB551033:109:HG7V5BGX9:2:13107:12228:20243#0/1	98.969	97	1	0	1126	1222	1	97	5.48e-41	174
NC_011593.1:2598858-2601929	NB551033:109:HG7V5BGX9:2:12207:15727:18923#0/1	97.087	103	3	0	778	880	103	1	5.48e-41	174
NC_011593.1:2598858-2601929	NB551033:109:HG7V5BGX9:1:12107:4306:12578#0/1	96.226	106	4	0	2198	2303	106	1	5.48e-41	174
NC_011593.1:2598858-2601929	NB551033:109:HG7V5BGX9:1:11302:21823:1077#0/1	97.087	103	3	0	2962	3064	1	103	5.48e-41	174
NC_011593.1:2598858-2601929	NB551033:109:HG7V5BGX9:3:11604:15956:7350#0/1	98.958	96	1	0	137	232	1	96	1.97e-40	172
NC_011593.1:2598858-2601929	NB551033:109:HG7V5BGX9:1:12110:9761:7237#0/1	100.000	93	0	0	270	362	1	93	1.97e-40	172
NC_011593.1:2598858-2601929	NB551033:109:HG7V5BGX9:4:22508:25111:11637#0/2	98.947	95	1	0	1837	1931	1	95	7.09e-40	171
NC_011593.1:2598858-2601929	NB551033:109:HG7V5BGX9:4:21503:21026:8229#0/2	100.000	92	0	0	1693	1784	1	92	7.09e-40	171
NC_011593.1:2598858-2601929	NB551033:109:HG7V5BGX9:3:23402:13198:16175#0/2	97.959	98	2	0	2039	2136	1	98	7.09e-40	171
NC_011593.1:2598858-2601929	NB551033:109:HG7V5BGX9:3:22511:5290:5803#0/2	98.947	95	1	0	1102	1196	1	95	7.09e-40	171
NC_011593.1:2598858-2601929	NB551033:109:HG7V5BGX9:4:22508:25111:11637#0/1	98.947	95	1	0	1837	1931	95	1	7.09e-40	171
NC_011593.1:2598858-2601929	NB551033:109:HG7V5BGX9:3:21406:14422:18748#0/1	100.000	92	0	0	1780	1871	92	1	7.09e-40	171
NC_011593.1:2598858-2601929	NB551033:109:HG7V5BGX9:2:13109:10269:16755#0/1	100.000	92	0	0	2235	2326	93	2	7.09e-40	171
NC_011593.1:2598858-2601929	NB551033:109:HG7V5BGX9:4:22406:20022:5583#0/2	100.000	91	0	0	2447	2537	1	91	2.55e-39	169
NC_011593.1:2598858-2601929	NB551033:109:HG7V5BGX9:3:21603:9765:14070#0/2	100.000	91	0	0	333	423	1	91	2.55e-39	169
NC_011593.1:2598858-2601929	NB551033:109:HG7V5BGX9:2:22104:19768:16405#0/2	100.000	91	0	0	177	267	91	1	2.55e-39	169
NC_011593.1:2598858-2601929	NB551033:109:HG7V5BGX9:4:22406:20022:5583#0/1	100.000	91	0	0	2447	2537	91	1	2.55e-39	169
NC_011593.1:2598858-2601929	NB551033:109:HG7V5BGX9:3:23402:13198:16175#0/1	97.938	97	2	0	2040	2136	97	1	2.55e-39	169
NC_011593.1:2598858-2601929	NB551033:109:HG7V5BGX9:2:22104:19768:16405#0/1	100.000	91	0	0	177	267	1	91	2.55e-39	169
NC_011593.1:2598858-2601929	NB551033:109:HG7V5BGX9:2:12111:23586:12013#0/1	98.936	94	1	0	790	883	94	1	2.55e-39	169
NC_011593.1:2598858-2601929	NB551033:109:HG7V5BGX9:2:21202:1690:4935#0/2	97.917	96	2	0	2833	2928	96	1	9.17e-39	167
NC_011593.1:2598858-2601929	NB551033:109:HG7V5BGX9:4:21401:11978:6446#0/2	98.925	93	0	1	2749	2841	1	92	3.30e-38	165
NC_011593.1:2598858-2601929	NB551033:109:HG7V5BGX9:2:11305:14691:14770#0/2	98.913	92	1	0	1425	1516	92	1	3.30e-38	165
NC_011593.1:2598858-2601929	NB551033:109:HG7V5BGX9:2:11305:14691:14770#0/1	98.913	92	1	0	1425	1516	1	92	3.30e-38	165
NC_011593.1:2598858-2601929	NB551033:109:HG7V5BGX9:3:21503:12963:2176#0/1	100.000	88	0	0	1	88	25	112	1.19e-37	163
NC_011593.1:2598858-2601929	NB551033:109:HG7V5BGX9:2:12303:15680:11136#0/1	95.960	99	4	0	2357	2455	99	1	4.27e-37	161
NC_011593.1:2598858-2601929	NB551033:109:HG7V5BGX9:3:23504:16609:13707#0/2	98.876	89	1	0	952	1040	1	89	1.53e-36	159
NC_011593.1:2598858-2601929	NB551033:109:HG7V5BGX9:1:22307:8888:6274#0/1	100.000	86	0	0	1177	1262	86	1	1.53e-36	159
NC_011593.1:2598858-2601929	NB551033:109:HG7V5BGX9:4:23502:9725:5663#0/1	100.000	85	0	0	1162	1246	85	1	5.52e-36	158
NC_011593.1:2598858-2601929	NB551033:109:HG7V5BGX9:2:21210:24871:16692#0/2	98.851	87	1	0	1852	1938	1	87	1.99e-35	156
NC_011593.1:2598858-2601929	NB551033:109:HG7V5BGX9:4:21503:21026:8229#0/1	97.778	90	2	0	1695	1784	90	1	1.99e-35	156
NC_011593.1:2598858-2601929	NB551033:109:HG7V5BGX9:4:21401:11978:6446#0/1	97.802	91	1	1	2795	2885	90	1	1.99e-35	156
NC_011593.1:2598858-2601929	NB551033:109:HG7V5BGX9:1:11307:23828:1255#0/2	98.837	86	1	0	1836	1921	1	86	7.14e-35	154
NC_011593.1:2598858-2601929	NB551033:109:HG7V5BGX9:3:23504:16609:13707#0/1	97.753	89	2	0	952	1040	89	1	7.14e-35	154
NC_011593.1:2598858-2601929	NB551033:109:HG7V5BGX9:4:23502:9725:5663#0/2	98.824	85	1	0	1092	1176	1	85	2.57e-34	152
NC_011593.1:2598858-2601929	NB551033:109:HG7V5BGX9:4:12408:19902:3916#0/2	100.000	82	0	0	1908	1989	1	82	2.57e-34	152
NC_011593.1:2598858-2601929	NB551033:109:HG7V5BGX9:3:22511:5290:5803#0/1	98.824	85	1	0	1114	1198	85	1	2.57e-34	152
NC_011593.1:2598858-2601929	NB551033:109:HG7V5BGX9:1:11307:23839:1251#0/1	96.703	91	3	0	1864	1954	91	1	2.57e-34	152
NC_011593.1:2598858-2601929	NB551033:109:HG7V5BGX9:3:21403:14399:4312#0/1	98.810	84	1	0	225	308	84	1	9.24e-34	150
NC_011593.1:2598858-2601929	NB551033:109:HG7V5BGX9:4:13401:21374:2180#0/1	98.780	82	1	0	154	235	1	82	1.19e-32	147
NC_011593.1:2598858-2601929	NB551033:109:HG7V5BGX9:4:12408:19902:3916#0/1	98.780	82	1	0	1908	1989	82	1	1.19e-32	147
NC_011593.1:2598858-2601929	NB551033:109:HG7V5BGX9:4:13401:21374:2180#0/2	97.619	84	2	0	154	237	84	1	4.30e-32	145
NC_011593.1:2598858-2601929	NB551033:109:HG7V5BGX9:4:11408:2859:2221#0/2	100.000	77	0	0	1	77	77	1	1.55e-31	143
NC_011593.1:2598858-2601929	NB551033:109:HG7V5BGX9:3:12510:5176:10458#0/2	100.000	77	0	0	9	85	77	1	1.55e-31	143
NC_011593.1:2598858-2601929	NB551033:109:HG7V5BGX9:1:23104:9693:6231#0/2	98.734	79	1	0	2513	2591	1	79	5.56e-31	141
NC_011593.1:2598858-2601929	NB551033:109:HG7V5BGX9:1:22110:8946:8006#0/2	97.561	82	2	0	1408	1489	1	82	5.56e-31	141
NC_011593.1:2598858-2601929	NB551033:109:HG7V5BGX9:1:11211:26015:5036#0/2	98.734	79	1	0	2940	3018	1	79	5.56e-31	141
NC_011593.1:2598858-2601929	NB551033:109:HG7V5BGX9:1:22110:8946:8006#0/1	97.561	82	2	0	1408	1489	82	1	5.56e-31	141
NC_011593.1:2598858-2601929	NB551033:109:HG7V5BGX9:2:13102:22855:19823#0/2	100.000	75	0	0	1693	1767	1	75	2.00e-30	139
NC_011593.1:2598858-2601929	NB551033:109:HG7V5BGX9:3:21603:9765:14070#0/1	100.000	75	0	0	375	449	75	1	2.00e-30	139
NC_011593.1:2598858-2601929	NB551033:109:HG7V5BGX9:1:23104:9693:6231#0/1	98.718	78	1	0	2514	2591	78	1	2.00e-30	139
NC_011593.1:2598858-2601929	NB551033:109:HG7V5BGX9:4:23608:22155:12498#0/1	97.500	80	2	0	2946	3025	80	1	7.19e-30	137
NC_011593.1:2598858-2601929	NB551033:109:HG7V5BGX9:2:13102:22855:19823#0/1	100.000	74	0	0	1695	1768	74	1	7.19e-30	137
NC_011593.1:2598858-2601929	NB551033:109:HG7V5BGX9:2:13207:24500:14102#0/2	98.684	76	1	0	1147	1222	76	1	2.59e-29	135
NC_011593.1:2598858-2601929	NB551033:109:HG7V5BGX9:4:11505:15716:9338#0/1	98.684	76	1	0	2972	3047	76	1	2.59e-29	135
NC_011593.1:2598858-2601929	NB551033:109:HG7V5BGX9:2:12301:9757:9720#0/1	95.294	85	4	0	818	902	1	85	2.59e-29	135
NC_011593.1:2598858-2601929	NB551033:109:HG7V5BGX9:1:11211:26015:5036#0/1	97.468	79	2	0	2940	3018	79	1	2.59e-29	135
NC_011593.1:2598858-2601929	NB551033:109:HG7V5BGX9:3:12407:19401:19192#0/1	97.436	78	2	0	1077	1154	78	1	9.30e-29	134
NC_011593.1:2598858-2601929	NB551033:109:HG7V5BGX9:1:21301:2399:13278#0/1	100.000	71	0	0	413	483	71	1	3.35e-28	132
NC_011593.1:2598858-2601929	NB551033:109:HG7V5BGX9:4:11505:15716:9338#0/2	97.368	76	2	0	2972	3047	1	76	1.20e-27	130
NC_011593.1:2598858-2601929	NB551033:109:HG7V5BGX9:2:11104:8963:8184#0/2	100.000	70	0	0	2040	2109	1	70	1.20e-27	130
NC_011593.1:2598858-2601929	NB551033:109:HG7V5BGX9:4:11409:19478:14627#0/1	100.000	70	0	0	1	70	82	151	1.20e-27	130
NC_011593.1:2598858-2601929	NB551033:109:HG7V5BGX9:3:12510:5176:10458#0/1	100.000	70	0	0	9	78	1	70	1.20e-27	130
NC_011593.1:2598858-2601929	NB551033:109:HG7V5BGX9:4:22402:9025:11172#0/2	97.333	75	2	0	1492	1566	1	75	4.33e-27	128
NC_011593.1:2598858-2601929	NB551033:109:HG7V5BGX9:2:11211:7974:15815#0/2	100.000	69	0	0	790	858	1	69	4.33e-27	128
NC_011593.1:2598858-2601929	NB551033:109:HG7V5BGX9:4:22402:9025:11172#0/1	97.333	75	2	0	1492	1566	75	1	4.33e-27	128
NC_011593.1:2598858-2601929	NB551033:109:HG7V5BGX9:2:11306:5546:7153#0/1	97.333	75	2	0	2529	2603	1	75	4.33e-27	128
NC_011593.1:2598858-2601929	NB551033:109:HG7V5BGX9:1:11307:23828:1255#0/1	96.154	78	3	0	1877	1954	78	1	4.33e-27	128
NC_011593.1:2598858-2601929	NB551033:109:HG7V5BGX9:3:22610:12912:14203#0/2	98.592	71	1	0	1045	1115	71	1	1.56e-26	126
NC_011593.1:2598858-2601929	NB551033:109:HG7V5BGX9:3:12506:22208:19425#0/2	98.592	71	1	0	1486	1556	1	71	1.56e-26	126
NC_011593.1:2598858-2601929	NB551033:109:HG7V5BGX9:3:22610:12912:14203#0/1	98.592	71	1	0	1045	1115	1	71	1.56e-26	126
NC_011593.1:2598858-2601929	NB551033:109:HG7V5BGX9:3:12506:22208:19425#0/1	98.592	71	1	0	1486	1556	71	1	1.56e-26	126
NC_011593.1:2598858-2601929	NB551033:109:HG7V5BGX9:4:21508:4289:13119#0/2	100.000	67	0	0	2471	2537	1	67	5.60e-26	124
NC_011593.1:2598858-2601929	NB551033:109:HG7V5BGX9:1:22307:8888:6274#0/2	100.000	67	0	0	1177	1243	1	67	5.60e-26	124
NC_011593.1:2598858-2601929	NB551033:109:HG7V5BGX9:4:21508:4289:13119#0/1	100.000	67	0	0	2471	2537	67	1	5.60e-26	124
NC_011593.1:2598858-2601929	NB551033:109:HG7V5BGX9:2:11104:8963:8184#0/1	98.571	70	1	0	2040	2109	70	1	5.60e-26	124
NC_011593.1:2598858-2601929	NB551033:109:HG7V5BGX9:1:21301:2399:13278#0/2	98.551	69	1	0	254	322	1	69	2.01e-25	122
NC_011593.1:2598858-2601929	NB551033:109:HG7V5BGX9:2:11310:20661:1724#0/1	100.000	66	0	0	2192	2257	1	66	2.01e-25	122
NC_011593.1:2598858-2601929	NB551033:109:HG7V5BGX9:3:21501:17595:2577#0/2	100.000	65	0	0	2983	3047	1	65	7.24e-25	121
NC_011593.1:2598858-2601929	NB551033:109:HG7V5BGX9:3:21501:17595:2577#0/1	100.000	65	0	0	2983	3047	65	1	7.24e-25	121
NC_011593.1:2598858-2601929	NB551033:109:HG7V5BGX9:4:23504:13707:14471#0/2	100.000	63	0	0	2988	3050	65	3	9.37e-24	117
NC_011593.1:2598858-2601929	NB551033:109:HG7V5BGX9:3:11409:20987:4022#0/2	98.485	66	1	0	1437	1502	1	66	9.37e-24	117
NC_011593.1:2598858-2601929	NB551033:109:HG7V5BGX9:4:23504:13707:14471#0/1	100.000	63	0	0	2988	3050	1	63	9.37e-24	117
NC_011593.1:2598858-2601929	NB551033:109:HG7V5BGX9:4:13402:10710:18540#0/2	100.000	62	0	0	195	256	62	1	3.37e-23	115
NC_011593.1:2598858-2601929	NB551033:109:HG7V5BGX9:3:11501:19497:12087#0/2	98.438	64	1	0	1991	2054	1	64	1.21e-22	113
NC_011593.1:2598858-2601929	NB551033:109:HG7V5BGX9:2:21110:7737:14387#0/2	97.015	67	2	0	682	748	1	67	1.21e-22	113
NC_011593.1:2598858-2601929	NB551033:109:HG7V5BGX9:2:11211:7974:15815#0/1	100.000	61	0	0	1050	1110	61	1	1.21e-22	113
NC_011593.1:2598858-2601929	NB551033:109:HG7V5BGX9:2:11304:19117:11687#0/2	98.413	63	1	0	1381	1443	1	63	4.36e-22	111
NC_011593.1:2598858-2601929	NB551033:109:HG7V5BGX9:1:11311:8454:18630#0/2	100.000	60	0	0	799	858	1	60	4.36e-22	111
NC_011593.1:2598858-2601929	NB551033:109:HG7V5BGX9:3:21406:14422:18748#0/2	100.000	59	0	0	1780	1838	1	59	1.57e-21	110
NC_011593.1:2598858-2601929	NB551033:109:HG7V5BGX9:1:12110:9761:7237#0/2	96.923	65	2	0	302	366	65	1	1.57e-21	110
NC_011593.1:2598858-2601929	NB551033:109:HG7V5BGX9:1:11304:21250:10561#0/2	98.387	62	1	0	2650	2711	62	1	1.57e-21	110
NC_011593.1:2598858-2601929	NB551033:109:HG7V5BGX9:2:23110:25204:10860#0/1	100.000	59	0	0	2762	2820	1	59	1.57e-21	110
NC_011593.1:2598858-2601929	NB551033:109:HG7V5BGX9:1:11304:21250:10561#0/1	98.387	62	1	0	2650	2711	1	62	1.57e-21	110
NC_011593.1:2598858-2601929	NB551033:109:HG7V5BGX9:3:22510:20907:14452#0/2	98.361	61	1	0	1138	1198	1	61	5.64e-21	108
NC_011593.1:2598858-2601929	NB551033:109:HG7V5BGX9:3:12408:17873:12221#0/2	100.000	58	0	0	1	58	58	1	5.64e-21	108
NC_011593.1:2598858-2601929	NB551033:109:HG7V5BGX9:3:23507:5231:20306#0/1	98.361	61	1	0	2529	2589	61	1	5.64e-21	108
NC_011593.1:2598858-2601929	NB551033:109:HG7V5BGX9:3:22510:20907:14452#0/1	98.361	61	1	0	1138	1198	61	1	5.64e-21	108
NC_011593.1:2598858-2601929	NB551033:109:HG7V5BGX9:3:12408:17873:12221#0/1	100.000	58	0	0	1	58	41	98	5.64e-21	108
NC_011593.1:2598858-2601929	NB551033:109:HG7V5BGX9:2:21105:12420:6018#0/1	100.000	58	0	0	1968	2025	58	1	5.64e-21	108
NC_011593.1:2598858-2601929	NB551033:109:HG7V5BGX9:2:23110:25204:10860#0/2	100.000	57	0	0	2764	2820	57	1	2.03e-20	106
NC_011593.1:2598858-2601929	NB551033:109:HG7V5BGX9:3:22505:25397:19223#0/1	100.000	57	0	0	1420	1476	1	57	2.03e-20	106
NC_011593.1:2598858-2601929	NB551033:109:HG7V5BGX9:4:12609:16575:10841#0/1	100.000	56	0	0	1965	2020	56	1	7.29e-20	104
NC_011593.1:2598858-2601929	NB551033:109:HG7V5BGX9:1:22302:2361:7879#0/2	100.000	55	0	0	419	473	55	1	2.62e-19	102
NC_011593.1:2598858-2601929	NB551033:109:HG7V5BGX9:2:21202:1690:4935#0/1	98.276	58	1	0	2802	2859	1	58	2.62e-19	102
NC_011593.1:2598858-2601929	NB551033:109:HG7V5BGX9:1:22302:2361:7879#0/1	100.000	55	0	0	419	473	1	55	2.62e-19	102
NC_011593.1:2598858-2601929	NB551033:109:HG7V5BGX9:4:21402:18597:3437#0/2	98.214	56	1	0	168	223	1	56	3.39e-18	99.0
NC_011593.1:2598858-2601929	NB551033:109:HG7V5BGX9:3:22505:25397:19223#0/2	96.610	59	2	0	1468	1526	59	1	3.39e-18	99.0
NC_011593.1:2598858-2601929	NB551033:109:HG7V5BGX9:2:22107:10243:18137#0/2	100.000	53	0	0	2279	2331	53	1	3.39e-18	99.0
NC_011593.1:2598858-2601929	NB551033:109:HG7V5BGX9:2:21105:12420:6018#0/2	100.000	53	0	0	1807	1859	1	53	3.39e-18	99.0
NC_011593.1:2598858-2601929	NB551033:109:HG7V5BGX9:2:22107:10243:18137#0/1	100.000	53	0	0	2279	2331	1	53	3.39e-18	99.0
NC_011593.1:2598858-2601929	NB551033:109:HG7V5BGX9:2:13207:24500:14102#0/1	98.214	56	1	0	1146	1201	1	56	3.39e-18	99.0
NC_011593.1:2598858-2601929	NB551033:109:HG7V5BGX9:3:11501:19497:12087#0/1	98.148	54	1	0	2001	2054	54	1	4.39e-17	95.3
NC_011593.1:2598858-2601929	NB551033:109:HG7V5BGX9:4:23606:24025:5414#0/2	100.000	50	0	0	55	104	50	1	1.58e-16	93.5
NC_011593.1:2598858-2601929	NB551033:109:HG7V5BGX9:3:21611:13448:19280#0/2	96.429	56	2	0	3017	3072	1	56	1.58e-16	93.5
NC_011593.1:2598858-2601929	NB551033:109:HG7V5BGX9:4:12607:24521:6646#0/1	98.113	53	1	0	2598	2650	1	53	1.58e-16	93.5
NC_011593.1:2598858-2601929	NB551033:109:HG7V5BGX9:3:21611:13448:19280#0/1	96.429	56	2	0	3017	3072	96	41	1.58e-16	93.5
NC_011593.1:2598858-2601929	NB551033:109:HG7V5BGX9:3:13504:22431:13970#0/2	96.364	55	2	0	3018	3072	1	55	5.68e-16	91.6
NC_011593.1:2598858-2601929	NB551033:109:HG7V5BGX9:3:13504:22431:13970#0/1	96.364	55	2	0	3018	3072	102	48	5.68e-16	91.6
NC_011593.1:2598858-2601929	NB551033:109:HG7V5BGX9:3:21503:23167:17268#0/2	100.000	39	0	0	1	39	39	1	2.06e-10	73.1
NC_011593.1:2598858-2601929	NB551033:109:HG7V5BGX9:1:21104:11504:11950#0/1	100.000	38	0	0	1	38	92	129	7.40e-10	71.3
NC_011593.1:2598858-2601929	NB551033:109:HG7V5BGX9:3:12601:6074:8229#0/1	100.000	37	0	0	1	37	37	1	2.66e-09	69.4
NC_011593.1:2598858-2601929	NB551033:109:HG7V5BGX9:3:13403:20139:1283#0/1	97.436	39	1	0	1	39	39	1	9.57e-09	67.6
NC_011593.1:2598858-2601929	NB551033:109:HG7V5BGX9:2:23312:6541:16842#0/2	100.000	29	0	0	1	29	59	87	7.45e-05	54.7
NC_011593.1:2598858-2601929	NB551033:109:HG7V5BGX9:1:12204:8934:12199#0/1	100.000	28	0	0	1028	1055	28	1	2.68e-04	52.8
# BLASTN 2.9.0+
# Query: NC_011593.1:c2604454-2602106 Bifidobacterium longum subsp. infantis ATCC 15697, complete genome
# Database: db/blast_C0202-6E-1A_S85.faa
# 0 hits found
# BLASTN 2.9.0+
# Query: NC_011593.1:c2605922-2604486 Bifidobacterium longum subsp. infantis ATCC 15697, complete genome
# Database: db/blast_C0202-6E-1A_S85.faa
# 0 hits found
# BLASTN 2.9.0+
# Query: NC_011593.1:c2606381-2605944 Bifidobacterium longum subsp. infantis ATCC 15697, complete genome
# Database: db/blast_C0202-6E-1A_S85.faa
# 0 hits found
# BLASTN 2.9.0+
# Query: NC_011593.1:c2607314-2606418 Bifidobacterium longum subsp. infantis ATCC 15697, complete genome
# Database: db/blast_C0202-6E-1A_S85.faa
# 0 hits found
# BLASTN 2.9.0+
# Query: NC_011593.1:c2608249-2607458 Bifidobacterium longum subsp. infantis ATCC 15697, complete genome
# Database: db/blast_C0202-6E-1A_S85.faa
# 0 hits found
# BLASTN 2.9.0+
# Query: NC_011593.1:c2609546-2608269 Bifidobacterium longum subsp. infantis ATCC 15697, complete genome
# Database: db/blast_C0202-6E-1A_S85.faa
# Fields: query acc.ver, subject acc.ver, % identity, alignment length, mismatches, gap opens, q. start, q. end, s. start, s. end, evalue, bit score
# 20 hits found
NC_011593.1:c2609546-2608269	NB551033:109:HG7V5BGX9:3:13611:10815:1377#0/1	100.000	149	0	0	320	468	150	2	6.07e-72	276
NC_011593.1:c2609546-2608269	NB551033:109:HG7V5BGX9:3:13611:10815:1377#0/2	98.667	150	2	0	314	463	1	150	3.66e-69	267
NC_011593.1:c2609546-2608269	NB551033:109:HG7V5BGX9:2:23105:9026:15083#0/1	100.000	141	0	0	281	421	141	1	1.70e-67	261
NC_011593.1:c2609546-2608269	NB551033:109:HG7V5BGX9:4:13607:3754:9531#0/2	100.000	134	0	0	166	299	134	1	1.32e-63	248
NC_011593.1:c2609546-2608269	NB551033:109:HG7V5BGX9:4:13607:3754:9531#0/1	100.000	134	0	0	166	299	3	136	1.32e-63	248
NC_011593.1:c2609546-2608269	NB551033:109:HG7V5BGX9:2:12311:19293:14402#0/2	96.000	150	6	0	1093	1242	1	150	1.71e-62	244
NC_011593.1:c2609546-2608269	NB551033:109:HG7V5BGX9:1:11203:10566:20326#0/2	96.063	127	5	0	1150	1276	150	24	2.25e-51	207
NC_011593.1:c2609546-2608269	NB551033:109:HG7V5BGX9:2:23107:1529:7555#0/1	95.349	129	6	0	948	1076	1	129	8.08e-51	206
NC_011593.1:c2609546-2608269	NB551033:109:HG7V5BGX9:2:23107:1529:7555#0/2	95.000	120	6	0	957	1076	120	1	8.14e-46	189
NC_011593.1:c2609546-2608269	NB551033:109:HG7V5BGX9:2:23105:9026:15083#0/2	100.000	94	0	0	281	374	1	94	2.28e-41	174
NC_011593.1:c2609546-2608269	NB551033:109:HG7V5BGX9:1:12211:14520:10231#0/2	96.078	102	4	0	1169	1270	102	1	3.81e-39	167
NC_011593.1:c2609546-2608269	NB551033:109:HG7V5BGX9:1:12211:14520:10231#0/1	96.078	102	4	0	1169	1270	1	102	3.81e-39	167
NC_011593.1:c2609546-2608269	NB551033:109:HG7V5BGX9:2:21207:17081:19889#0/2	98.795	83	1	0	576	658	1	83	1.38e-33	148
NC_011593.1:c2609546-2608269	NB551033:109:HG7V5BGX9:2:21207:17081:19889#0/1	96.429	84	3	0	576	659	84	1	8.32e-31	139
NC_011593.1:c2609546-2608269	NB551033:109:HG7V5BGX9:4:12401:16860:18840#0/2	95.349	86	4	0	1152	1237	86	1	2.99e-30	137
NC_011593.1:c2609546-2608269	NB551033:109:HG7V5BGX9:4:12401:16860:18840#0/1	95.349	86	4	0	1152	1237	1	86	2.99e-30	137
NC_011593.1:c2609546-2608269	NB551033:109:HG7V5BGX9:2:12311:19293:14402#0/1	96.154	78	3	0	1165	1242	80	3	1.80e-27	128
NC_011593.1:c2609546-2608269	NB551033:109:HG7V5BGX9:3:11609:4877:7722#0/2	95.082	61	3	0	279	339	6	66	5.08e-18	97.1
NC_011593.1:c2609546-2608269	NB551033:109:HG7V5BGX9:1:11202:17920:17139#0/2	100.000	38	0	0	307	344	94	57	3.08e-10	71.3
NC_011593.1:c2609546-2608269	NB551033:109:HG7V5BGX9:1:11202:17920:17139#0/1	100.000	38	0	0	307	344	2	39	3.08e-10	71.3
# BLASTN 2.9.0+
# Query: NC_011593.1:c2610356-2609697 Bifidobacterium longum subsp. infantis ATCC 15697, complete genome
# Database: db/blast_C0202-6E-1A_S85.faa
# 0 hits found
# BLASTN 2.9.0+
# Query: NC_011593.1:c2611458-2610496 Bifidobacterium longum subsp. infantis ATCC 15697, complete genome
# Database: db/blast_C0202-6E-1A_S85.faa
# 0 hits found
# BLASTN 2.9.0+
# Query: NC_011593.1:c2612430-2611477 Bifidobacterium longum subsp. infantis ATCC 15697, complete genome
# Database: db/blast_C0202-6E-1A_S85.faa
# 0 hits found
# BLASTN 2.9.0+
# Query: NC_011593.1:c2614109-2612517 Bifidobacterium longum subsp. infantis ATCC 15697, complete genome
# Database: db/blast_C0202-6E-1A_S85.faa
# 0 hits found
# BLASTN 2.9.0+
# Query: NC_011593.1:c2615274-2614312 Bifidobacterium longum subsp. infantis ATCC 15697, complete genome
# Database: db/blast_C0202-6E-1A_S85.faa
# 0 hits found
# BLASTN 2.9.0+
# Query: NC_011593.1:c2616246-2615293 Bifidobacterium longum subsp. infantis ATCC 15697, complete genome
# Database: db/blast_C0202-6E-1A_S85.faa
# 0 hits found
# BLASTN 2.9.0+
# Query: NC_011593.1:c2617928-2616333 Bifidobacterium longum subsp. infantis ATCC 15697, complete genome
# Database: db/blast_C0202-6E-1A_S85.faa
# 0 hits found
# BLASTN 2.9.0+
# Query: NC_011593.1:c2619247-2618063 Bifidobacterium longum subsp. infantis ATCC 15697, complete genome
# Database: db/blast_C0202-6E-1A_S85.faa
# 0 hits found
# BLASTN 2.9.0+
# Query: NC_011593.1:c2620369-2619413 Bifidobacterium longum subsp. infantis ATCC 15697, complete genome
# Database: db/blast_C0202-6E-1A_S85.faa
# 0 hits found
# BLASTN 2.9.0+
# Query: NC_011593.1:c2622143-2620551 Bifidobacterium longum subsp. infantis ATCC 15697, complete genome
# Database: db/blast_C0202-6E-1A_S85.faa
# 0 hits found
# BLASTN 2.9.0+
# Query: NC_011593.1:c2624124-2622520 Bifidobacterium longum subsp. infantis ATCC 15697, complete genome
# Database: db/blast_C0202-6E-1A_S85.faa
# 0 hits found
# BLASTN 2.9.0+
# Query: NC_011593.1:c2626110-2624512 Bifidobacterium longum subsp. infantis ATCC 15697, complete genome
# Database: db/blast_C0202-6E-1A_S85.faa
# 0 hits found
# BLASTN 2.9.0+
# Query: NC_011593.1:c2626386-2626264 Bifidobacterium longum subsp. infantis ATCC 15697, complete genome
# Database: db/blast_C0202-6E-1A_S85.faa
# 0 hits found
# BLASTN 2.9.0+
# Query: NC_011593.1:c2628158-2626563 Bifidobacterium longum subsp. infantis ATCC 15697, complete genome
# Database: db/blast_C0202-6E-1A_S85.faa
# 0 hits found
# BLASTN 2.9.0+
# Query: NC_011593.1:c2630269-2628314 Bifidobacterium longum subsp. infantis ATCC 15697, complete genome
# Database: db/blast_C0202-6E-1A_S85.faa
# 0 hits found
# BLASTN 2.9.0+
# Query: NC_011593.1:c2631106-2630366 Bifidobacterium longum subsp. infantis ATCC 15697, complete genome
# Database: db/blast_C0202-6E-1A_S85.faa
# 0 hits found
# BLASTN 2.9.0+
# Query: NC_011593.1:c2632432-2631140 Bifidobacterium longum subsp. infantis ATCC 15697, complete genome
# Database: db/blast_C0202-6E-1A_S85.faa
# 0 hits found
# BLASTN 2.9.0+
# Query: NC_011593.1:c2633881-2632562 Bifidobacterium longum subsp. infantis ATCC 15697, complete genome
# Database: db/blast_C0202-6E-1A_S85.faa
# 0 hits found
# BLASTN 2.9.0+
# Query: NC_011593.1:c2634683-2633865 Bifidobacterium longum subsp. infantis ATCC 15697, complete genome
# Database: db/blast_C0202-6E-1A_S85.faa
# 0 hits found
# BLASTN 2.9.0+
# Query: NC_011593.1:c2635627-2634680 Bifidobacterium longum subsp. infantis ATCC 15697, complete genome
# Database: db/blast_C0202-6E-1A_S85.faa
# 0 hits found
# BLASTN 2.9.0+
# Query: NC_011593.1:c2636747-2635629 Bifidobacterium longum subsp. infantis ATCC 15697, complete genome
# Database: db/blast_C0202-6E-1A_S85.faa
# 0 hits found
# BLAST processed 31 queries
