# BLASTN 2.9.0+
# Query: NC_011593.1:c2595355-2593832 Bifidobacterium longum subsp. infantis ATCC 15697, complete genome
# Database: db/blast_C0202-6F-2A_S33.faa
# Fields: query acc.ver, subject acc.ver, % identity, alignment length, mismatches, gap opens, q. start, q. end, s. start, s. end, evalue, bit score
# 94 hits found
NC_011593.1:c2595355-2593832	NB551033:91:H5W5HBGX7:1:21210:22880:6590#0/1	100.000	150	0	0	356	505	1	150	1.90e-72	278
NC_011593.1:c2595355-2593832	NB551033:91:H5W5HBGX7:2:13311:12530:6522#0/2	99.338	151	1	0	1014	1164	151	1	2.45e-71	274
NC_011593.1:c2595355-2593832	NB551033:91:H5W5HBGX7:2:13311:12530:6522#0/1	99.333	150	1	0	949	1098	1	150	8.82e-71	272
NC_011593.1:c2595355-2593832	NB551033:91:H5W5HBGX7:4:21412:8318:2543#0/2	98.675	151	2	0	1002	1152	151	1	1.14e-69	268
NC_011593.1:c2595355-2593832	NB551033:91:H5W5HBGX7:1:22207:23359:1448#0/2	98.675	151	2	0	951	1101	151	1	1.14e-69	268
NC_011593.1:c2595355-2593832	NB551033:91:H5W5HBGX7:3:11408:25232:14478#0/1	98.675	151	2	0	1069	1219	1	151	1.14e-69	268
NC_011593.1:c2595355-2593832	NB551033:91:H5W5HBGX7:2:11201:6700:11139#0/1	98.675	151	2	0	388	538	151	1	1.14e-69	268
NC_011593.1:c2595355-2593832	NB551033:91:H5W5HBGX7:2:11110:20205:8767#0/1	99.324	148	1	0	521	668	1	148	1.14e-69	268
NC_011593.1:c2595355-2593832	NB551033:91:H5W5HBGX7:4:23511:6775:15805#0/2	98.667	150	2	0	959	1108	1	150	4.10e-69	267
NC_011593.1:c2595355-2593832	NB551033:91:H5W5HBGX7:4:12509:17342:17721#0/2	98.667	150	2	0	477	626	1	150	4.10e-69	267
NC_011593.1:c2595355-2593832	NB551033:91:H5W5HBGX7:1:21210:22880:6590#0/2	98.667	150	2	0	460	609	150	1	4.10e-69	267
NC_011593.1:c2595355-2593832	NB551033:91:H5W5HBGX7:2:22202:24483:13382#0/1	98.667	150	2	0	713	862	150	1	4.10e-69	267
NC_011593.1:c2595355-2593832	NB551033:91:H5W5HBGX7:3:11406:9375:7977#0/2	98.658	149	2	0	1127	1275	1	149	1.48e-68	265
NC_011593.1:c2595355-2593832	NB551033:91:H5W5HBGX7:1:12204:18892:10109#0/2	98.013	151	3	0	335	485	151	1	5.31e-68	263
NC_011593.1:c2595355-2593832	NB551033:91:H5W5HBGX7:2:11108:18161:2218#0/1	98.013	151	3	0	929	1079	151	1	5.31e-68	263
NC_011593.1:c2595355-2593832	NB551033:91:H5W5HBGX7:2:21102:21036:5639#0/2	98.000	150	3	0	823	972	150	1	1.91e-67	261
NC_011593.1:c2595355-2593832	NB551033:91:H5W5HBGX7:1:23208:4021:10161#0/2	98.000	150	3	0	700	849	150	1	1.91e-67	261
NC_011593.1:c2595355-2593832	NB551033:91:H5W5HBGX7:4:21607:21411:8058#0/1	98.000	150	3	0	808	957	1	150	1.91e-67	261
NC_011593.1:c2595355-2593832	NB551033:91:H5W5HBGX7:3:22606:24389:13158#0/1	98.000	150	3	0	701	850	150	1	1.91e-67	261
NC_011593.1:c2595355-2593832	NB551033:91:H5W5HBGX7:2:11112:16446:11356#0/1	98.000	150	3	0	323	472	1	150	1.91e-67	261
NC_011593.1:c2595355-2593832	NB551033:91:H5W5HBGX7:4:23511:6775:15805#0/1	97.987	149	3	0	1041	1189	149	1	6.87e-67	259
NC_011593.1:c2595355-2593832	NB551033:91:H5W5HBGX7:3:12509:26072:17435#0/1	97.987	149	3	0	712	860	149	1	6.87e-67	259
NC_011593.1:c2595355-2593832	NB551033:91:H5W5HBGX7:3:22606:24389:13158#0/2	98.621	145	2	0	340	484	1	145	2.47e-66	257
NC_011593.1:c2595355-2593832	NB551033:91:H5W5HBGX7:2:22109:6067:3648#0/1	97.351	151	4	0	890	1040	151	1	2.47e-66	257
NC_011593.1:c2595355-2593832	NB551033:91:H5W5HBGX7:1:22207:23359:1448#0/1	97.351	151	4	0	801	951	1	151	2.47e-66	257
NC_011593.1:c2595355-2593832	NB551033:91:H5W5HBGX7:1:21105:8680:19870#0/1	97.351	151	4	0	306	456	151	1	2.47e-66	257
NC_011593.1:c2595355-2593832	NB551033:91:H5W5HBGX7:1:11201:24974:13302#0/1	97.351	151	4	0	842	992	1	151	2.47e-66	257
NC_011593.1:c2595355-2593832	NB551033:91:H5W5HBGX7:4:23508:2099:7200#0/2	98.611	144	2	0	1000	1143	144	1	8.88e-66	255
NC_011593.1:c2595355-2593832	NB551033:91:H5W5HBGX7:4:21607:21411:8058#0/2	97.333	150	4	0	858	1007	150	1	8.88e-66	255
NC_011593.1:c2595355-2593832	NB551033:91:H5W5HBGX7:3:11408:25232:14478#0/2	96.689	151	5	0	1287	1437	151	1	1.15e-64	252
NC_011593.1:c2595355-2593832	NB551033:91:H5W5HBGX7:2:11204:21739:1317#0/2	96.689	151	5	0	139	289	1	151	1.15e-64	252
NC_011593.1:c2595355-2593832	NB551033:91:H5W5HBGX7:2:11110:20205:8767#0/2	96.689	151	5	0	580	730	151	1	1.15e-64	252
NC_011593.1:c2595355-2593832	NB551033:91:H5W5HBGX7:2:11204:21739:1317#0/1	96.689	151	5	0	186	336	151	1	1.15e-64	252
NC_011593.1:c2595355-2593832	NB551033:91:H5W5HBGX7:1:12203:11184:8271#0/1	96.689	151	5	0	1301	1451	1	151	1.15e-64	252
NC_011593.1:c2595355-2593832	NB551033:91:H5W5HBGX7:1:11201:24974:13302#0/2	98.582	141	2	0	1045	1185	151	11	4.13e-64	250
NC_011593.1:c2595355-2593832	NB551033:91:H5W5HBGX7:4:13508:6481:18187#0/1	97.917	144	3	0	486	629	144	1	4.13e-64	250
NC_011593.1:c2595355-2593832	NB551033:91:H5W5HBGX7:4:21501:4314:9565#0/1	96.026	151	6	0	67	217	151	1	5.35e-63	246
NC_011593.1:c2595355-2593832	NB551033:91:H5W5HBGX7:1:12204:18892:10109#0/1	96.622	148	5	0	272	419	1	148	5.35e-63	246
NC_011593.1:c2595355-2593832	NB551033:91:H5W5HBGX7:4:11607:11262:10319#0/2	99.259	135	1	0	530	664	135	1	1.92e-62	244
NC_011593.1:c2595355-2593832	NB551033:91:H5W5HBGX7:4:12509:17342:17721#0/1	96.000	150	6	0	627	776	150	1	1.92e-62	244
NC_011593.1:c2595355-2593832	NB551033:91:H5W5HBGX7:4:11607:11262:10319#0/1	99.259	135	1	0	530	664	1	135	1.92e-62	244
NC_011593.1:c2595355-2593832	NB551033:91:H5W5HBGX7:1:23208:4021:10161#0/1	96.000	150	6	0	644	793	1	150	1.92e-62	244
NC_011593.1:c2595355-2593832	NB551033:91:H5W5HBGX7:4:21412:8318:2543#0/1	95.973	149	6	0	655	803	1	149	6.91e-62	243
NC_011593.1:c2595355-2593832	NB551033:91:H5W5HBGX7:4:21501:4314:9565#0/2	96.552	145	5	0	52	196	6	150	2.49e-61	241
NC_011593.1:c2595355-2593832	NB551033:91:H5W5HBGX7:2:22101:16307:5943#0/1	95.333	150	7	0	229	378	150	1	8.94e-61	239
NC_011593.1:c2595355-2593832	NB551033:91:H5W5HBGX7:4:22601:15538:10510#0/2	99.237	131	1	0	1028	1158	1	131	3.22e-60	237
NC_011593.1:c2595355-2593832	NB551033:91:H5W5HBGX7:2:21207:26744:15020#0/2	97.143	140	4	0	298	437	1	140	3.22e-60	237
NC_011593.1:c2595355-2593832	NB551033:91:H5W5HBGX7:2:21206:1334:15021#0/2	97.143	140	4	0	298	437	1	140	3.22e-60	237
NC_011593.1:c2595355-2593832	NB551033:91:H5W5HBGX7:2:21207:26744:15020#0/1	97.143	140	4	0	298	437	140	1	3.22e-60	237
NC_011593.1:c2595355-2593832	NB551033:91:H5W5HBGX7:2:21206:1334:15021#0/1	97.143	140	4	0	298	437	140	1	3.22e-60	237
NC_011593.1:c2595355-2593832	NB551033:91:H5W5HBGX7:2:11104:17724:18008#0/1	97.761	134	3	0	1337	1470	1	134	1.50e-58	231
NC_011593.1:c2595355-2593832	NB551033:91:H5W5HBGX7:2:13103:3031:19441#0/1	96.324	136	5	0	1326	1461	136	1	2.50e-56	224
NC_011593.1:c2595355-2593832	NB551033:91:H5W5HBGX7:4:21407:8308:4023#0/2	96.970	132	4	0	1339	1470	1	132	9.01e-56	222
NC_011593.1:c2595355-2593832	NB551033:91:H5W5HBGX7:2:22109:6067:3648#0/2	98.413	126	2	0	399	524	1	126	9.01e-56	222
NC_011593.1:c2595355-2593832	NB551033:91:H5W5HBGX7:2:13103:3031:19441#0/2	98.413	126	2	0	1164	1289	1	126	9.01e-56	222
NC_011593.1:c2595355-2593832	NB551033:91:H5W5HBGX7:1:23303:8546:18085#0/2	98.400	125	2	0	1241	1365	1	125	3.24e-55	220
NC_011593.1:c2595355-2593832	NB551033:91:H5W5HBGX7:3:22510:5306:1682#0/1	96.947	131	4	0	211	341	3	133	3.24e-55	220
NC_011593.1:c2595355-2593832	NB551033:91:H5W5HBGX7:2:21102:21036:5639#0/1	96.124	129	5	0	610	738	1	129	1.95e-52	211
NC_011593.1:c2595355-2593832	NB551033:91:H5W5HBGX7:4:22501:12029:3598#0/2	96.800	125	4	0	323	447	1	125	7.01e-52	209
NC_011593.1:c2595355-2593832	NB551033:91:H5W5HBGX7:4:22501:12029:3598#0/1	96.800	125	4	0	323	447	125	1	7.01e-52	209
NC_011593.1:c2595355-2593832	NB551033:91:H5W5HBGX7:1:23303:8546:18085#0/1	96.800	125	4	0	1241	1365	126	2	7.01e-52	209
NC_011593.1:c2595355-2593832	NB551033:91:H5W5HBGX7:2:22201:8168:14702#0/2	97.500	120	3	0	699	818	120	1	9.07e-51	206
NC_011593.1:c2595355-2593832	NB551033:91:H5W5HBGX7:2:11108:18161:2218#0/2	96.032	126	5	0	610	735	1	126	9.07e-51	206
NC_011593.1:c2595355-2593832	NB551033:91:H5W5HBGX7:2:22201:8168:14702#0/1	97.500	120	3	0	699	818	1	120	9.07e-51	206
NC_011593.1:c2595355-2593832	NB551033:91:H5W5HBGX7:4:13502:15670:1658#0/2	99.115	113	1	0	737	849	113	1	3.26e-50	204
NC_011593.1:c2595355-2593832	NB551033:91:H5W5HBGX7:4:13502:15670:1658#0/1	99.115	113	1	0	737	849	1	113	3.26e-50	204
NC_011593.1:c2595355-2593832	NB551033:91:H5W5HBGX7:4:13405:25791:19883#0/2	95.968	124	5	0	217	340	151	28	1.17e-49	202
NC_011593.1:c2595355-2593832	NB551033:91:H5W5HBGX7:4:13405:25791:19883#0/2	100.000	35	0	0	434	468	1	35	1.61e-08	65.8
NC_011593.1:c2595355-2593832	NB551033:91:H5W5HBGX7:3:12509:26072:17435#0/2	100.000	108	0	0	408	515	1	108	4.22e-49	200
NC_011593.1:c2595355-2593832	NB551033:91:H5W5HBGX7:4:13402:25614:19933#0/1	96.639	119	4	0	1352	1470	1	119	1.52e-48	198
NC_011593.1:c2595355-2593832	NB551033:91:H5W5HBGX7:1:13111:14341:7163#0/1	98.182	110	2	0	1257	1366	1	110	7.06e-47	193
NC_011593.1:c2595355-2593832	NB551033:91:H5W5HBGX7:2:11104:17724:18008#0/2	97.321	112	3	0	1359	1470	151	40	2.54e-46	191
NC_011593.1:c2595355-2593832	NB551033:91:H5W5HBGX7:2:11112:16446:11356#0/2	100.000	100	0	0	397	496	100	1	1.18e-44	185
NC_011593.1:c2595355-2593832	NB551033:91:H5W5HBGX7:1:12306:19480:15774#0/2	97.222	108	3	0	1363	1470	1	108	4.25e-44	183
NC_011593.1:c2595355-2593832	NB551033:91:H5W5HBGX7:2:22202:24483:13382#0/2	98.039	102	2	0	465	566	1	102	1.98e-42	178
NC_011593.1:c2595355-2593832	NB551033:91:H5W5HBGX7:1:12306:19480:15774#0/1	97.115	104	3	0	1367	1470	149	46	7.11e-42	176
NC_011593.1:c2595355-2593832	NB551033:91:H5W5HBGX7:2:21107:11747:6078#0/2	98.925	93	1	0	1135	1227	93	1	4.28e-39	167
NC_011593.1:c2595355-2593832	NB551033:91:H5W5HBGX7:4:23508:2099:7200#0/1	97.917	96	2	0	904	999	3	98	4.28e-39	167
NC_011593.1:c2595355-2593832	NB551033:91:H5W5HBGX7:2:21107:11747:6078#0/1	98.925	93	1	0	1135	1227	1	93	4.28e-39	167
NC_011593.1:c2595355-2593832	NB551033:91:H5W5HBGX7:2:21303:12230:8778#0/1	96.040	101	4	0	704	804	101	1	1.54e-38	165
NC_011593.1:c2595355-2593832	NB551033:91:H5W5HBGX7:4:13402:25614:19933#0/2	96.809	94	3	0	1377	1470	149	56	2.58e-36	158
NC_011593.1:c2595355-2593832	NB551033:91:H5W5HBGX7:1:13206:21802:16043#0/2	97.753	89	2	0	978	1066	1	89	3.33e-35	154
NC_011593.1:c2595355-2593832	NB551033:91:H5W5HBGX7:1:13206:21802:16043#0/1	97.753	89	2	0	978	1066	89	1	3.33e-35	154
NC_011593.1:c2595355-2593832	NB551033:91:H5W5HBGX7:4:21605:11750:12831#0/2	96.703	91	3	0	1139	1229	91	1	1.20e-34	152
NC_011593.1:c2595355-2593832	NB551033:91:H5W5HBGX7:4:21605:11750:12831#0/1	96.703	91	3	0	610	700	1	91	1.20e-34	152
NC_011593.1:c2595355-2593832	NB551033:91:H5W5HBGX7:4:22601:15538:10510#0/1	95.652	92	4	0	1095	1186	92	1	1.55e-33	148
NC_011593.1:c2595355-2593832	NB551033:91:H5W5HBGX7:4:11402:12613:14464#0/2	98.765	81	1	0	949	1029	1	81	2.01e-32	145
NC_011593.1:c2595355-2593832	NB551033:91:H5W5HBGX7:2:11304:22777:3707#0/2	96.552	87	3	0	849	935	87	1	2.01e-32	145
NC_011593.1:c2595355-2593832	NB551033:91:H5W5HBGX7:4:11402:12613:14464#0/1	98.765	81	1	0	949	1029	81	1	2.01e-32	145
NC_011593.1:c2595355-2593832	NB551033:91:H5W5HBGX7:2:11304:22777:3707#0/1	96.552	87	3	0	849	935	1	87	2.01e-32	145
NC_011593.1:c2595355-2593832	NB551033:91:H5W5HBGX7:4:13405:25791:19883#0/1	95.455	88	4	0	137	224	1	88	2.59e-31	141
NC_011593.1:c2595355-2593832	NB551033:91:H5W5HBGX7:3:21611:3050:7068#0/2	97.500	80	2	0	940	1019	1	80	3.36e-30	137
NC_011593.1:c2595355-2593832	NB551033:91:H5W5HBGX7:3:21611:3050:7068#0/1	97.500	80	2	0	940	1019	80	1	3.36e-30	137
NC_011593.1:c2595355-2593832	NB551033:91:H5W5HBGX7:4:13508:6481:18187#0/2	96.000	75	3	0	262	336	1	75	9.40e-26	122
# BLASTN 2.9.0+
# Query: NC_011593.1:c2597106-2595574 Bifidobacterium longum subsp. infantis ATCC 15697, complete genome
# Database: db/blast_C0202-6F-2A_S33.faa
# Fields: query acc.ver, subject acc.ver, % identity, alignment length, mismatches, gap opens, q. start, q. end, s. start, s. end, evalue, bit score
# 19 hits found
NC_011593.1:c2597106-2595574	NB551033:91:H5W5HBGX7:2:11201:6700:11139#0/1	95.364	151	7	0	388	538	151	1	2.50e-61	241
NC_011593.1:c2597106-2595574	NB551033:91:H5W5HBGX7:2:11201:6700:11139#0/2	95.890	146	6	0	5	150	1	146	3.24e-60	237
NC_011593.1:c2597106-2595574	NB551033:91:H5W5HBGX7:2:22109:6067:3648#0/2	96.032	126	5	0	399	524	1	126	9.13e-51	206
NC_011593.1:c2597106-2595574	NB551033:91:H5W5HBGX7:3:12509:26072:17435#0/2	98.148	108	2	0	408	515	1	108	9.19e-46	189
NC_011593.1:c2597106-2595574	NB551033:91:H5W5HBGX7:3:22510:5306:1682#0/1	95.726	117	5	0	214	330	6	122	9.19e-46	189
NC_011593.1:c2597106-2595574	NB551033:91:H5W5HBGX7:1:23311:4108:10724#0/2	96.460	113	4	0	1	113	113	1	3.31e-45	187
NC_011593.1:c2597106-2595574	NB551033:91:H5W5HBGX7:2:11112:16446:11356#0/2	100.000	97	0	0	398	494	99	3	5.53e-43	180
NC_011593.1:c2597106-2595574	NB551033:91:H5W5HBGX7:3:11505:6283:11376#0/1	95.327	107	5	0	1	107	107	1	3.33e-40	171
NC_011593.1:c2597106-2595574	NB551033:91:H5W5HBGX7:1:23307:13700:11225#0/2	95.652	92	4	0	30	121	92	1	1.56e-33	148
NC_011593.1:c2597106-2595574	NB551033:91:H5W5HBGX7:1:23307:13700:11225#0/1	95.652	92	4	0	30	121	1	92	1.56e-33	148
NC_011593.1:c2597106-2595574	NB551033:91:H5W5HBGX7:4:22408:6226:11321#0/1	98.701	77	1	0	1	77	77	1	3.38e-30	137
NC_011593.1:c2597106-2595574	NB551033:91:H5W5HBGX7:3:13512:25892:10255#0/2	100.000	72	0	0	1	72	72	1	4.37e-29	134
NC_011593.1:c2597106-2595574	NB551033:91:H5W5HBGX7:1:11201:5736:17084#0/1	100.000	66	0	0	1	66	66	1	9.46e-26	122
NC_011593.1:c2597106-2595574	NB551033:91:H5W5HBGX7:4:13508:6481:18187#0/2	95.652	69	3	0	262	330	1	69	2.05e-22	111
NC_011593.1:c2597106-2595574	NB551033:91:H5W5HBGX7:1:23311:4108:10724#0/1	100.000	54	0	0	1	54	97	150	4.43e-19	100
NC_011593.1:c2597106-2595574	NB551033:91:H5W5HBGX7:4:22601:15538:10510#0/1	95.238	63	2	1	1120	1182	67	6	1.59e-18	99.0
NC_011593.1:c2597106-2595574	NB551033:91:H5W5HBGX7:2:22101:16307:5943#0/2	100.000	36	0	0	1	36	115	150	4.49e-09	67.6
NC_011593.1:c2597106-2595574	NB551033:91:H5W5HBGX7:4:13405:25791:19883#0/2	100.000	35	0	0	434	468	1	35	1.62e-08	65.8
NC_011593.1:c2597106-2595574	NB551033:91:H5W5HBGX7:1:11201:5736:17084#0/2	100.000	31	0	0	1	31	121	151	2.70e-06	58.4
# BLASTN 2.9.0+
# Query: NC_011593.1:c2598562-2597207 Bifidobacterium longum subsp. infantis ATCC 15697, complete genome
# Database: db/blast_C0202-6F-2A_S33.faa
# Fields: query acc.ver, subject acc.ver, % identity, alignment length, mismatches, gap opens, q. start, q. end, s. start, s. end, evalue, bit score
# 61 hits found
NC_011593.1:c2598562-2597207	NB551033:91:H5W5HBGX7:4:22510:14666:4286#0/2	100.000	151	0	0	650	800	1	151	4.68e-73	279
NC_011593.1:c2598562-2597207	NB551033:91:H5W5HBGX7:4:13502:22690:1369#0/2	100.000	151	0	0	736	886	1	151	4.68e-73	279
NC_011593.1:c2598562-2597207	NB551033:91:H5W5HBGX7:4:22612:3906:13383#0/1	100.000	151	0	0	1201	1351	1	151	4.68e-73	279
NC_011593.1:c2598562-2597207	NB551033:91:H5W5HBGX7:2:13201:21441:11299#0/1	100.000	151	0	0	766	916	1	151	4.68e-73	279
NC_011593.1:c2598562-2597207	NB551033:91:H5W5HBGX7:4:22401:6190:3703#0/2	100.000	150	0	0	1103	1252	1	150	1.68e-72	278
NC_011593.1:c2598562-2597207	NB551033:91:H5W5HBGX7:4:12611:8065:10498#0/2	100.000	150	0	0	906	1055	1	150	1.68e-72	278
NC_011593.1:c2598562-2597207	NB551033:91:H5W5HBGX7:3:13408:5167:12582#0/2	100.000	150	0	0	906	1055	1	150	1.68e-72	278
NC_011593.1:c2598562-2597207	NB551033:91:H5W5HBGX7:2:13201:21441:11299#0/2	100.000	150	0	0	800	949	150	1	1.68e-72	278
NC_011593.1:c2598562-2597207	NB551033:91:H5W5HBGX7:1:23206:10209:2340#0/2	100.000	150	0	0	303	452	1	150	1.68e-72	278
NC_011593.1:c2598562-2597207	NB551033:91:H5W5HBGX7:2:13208:26480:14117#0/1	100.000	150	0	0	753	902	150	1	1.68e-72	278
NC_011593.1:c2598562-2597207	NB551033:91:H5W5HBGX7:2:13208:26480:14117#0/2	99.338	151	1	0	607	757	1	151	2.18e-71	274
NC_011593.1:c2598562-2597207	NB551033:91:H5W5HBGX7:4:22403:21612:10295#0/1	99.338	151	1	0	1111	1261	1	151	2.18e-71	274
NC_011593.1:c2598562-2597207	NB551033:91:H5W5HBGX7:4:22510:14666:4286#0/1	99.333	150	1	0	848	997	150	1	7.83e-71	272
NC_011593.1:c2598562-2597207	NB551033:91:H5W5HBGX7:1:23206:10209:2340#0/1	99.333	150	1	0	469	618	150	1	7.83e-71	272
NC_011593.1:c2598562-2597207	NB551033:91:H5W5HBGX7:4:12503:9642:6039#0/1	98.000	150	3	0	1074	1223	150	1	1.69e-67	261
NC_011593.1:c2598562-2597207	NB551033:91:H5W5HBGX7:1:23212:18020:4492#0/2	97.297	148	4	0	901	1048	3	150	1.02e-64	252
NC_011593.1:c2598562-2597207	NB551033:91:H5W5HBGX7:1:21209:17165:11908#0/2	100.000	136	0	0	1150	1285	136	1	1.02e-64	252
NC_011593.1:c2598562-2597207	NB551033:91:H5W5HBGX7:1:11205:26467:2523#0/1	96.689	151	5	0	462	612	1	151	1.02e-64	252
NC_011593.1:c2598562-2597207	NB551033:91:H5W5HBGX7:4:21402:6058:14097#0/1	100.000	134	0	0	1063	1196	134	1	1.32e-63	248
NC_011593.1:c2598562-2597207	NB551033:91:H5W5HBGX7:1:23212:18020:4492#0/1	96.026	151	6	0	986	1136	151	1	4.74e-63	246
NC_011593.1:c2598562-2597207	NB551033:91:H5W5HBGX7:1:21209:17165:11908#0/1	99.265	136	1	0	1150	1285	1	136	4.74e-63	246
NC_011593.1:c2598562-2597207	NB551033:91:H5W5HBGX7:3:23411:22170:7644#0/2	95.946	148	6	0	1030	1177	1	148	2.21e-61	241
NC_011593.1:c2598562-2597207	NB551033:91:H5W5HBGX7:4:23612:6359:7693#0/2	95.302	149	7	0	1030	1178	1	149	2.86e-60	237
NC_011593.1:c2598562-2597207	NB551033:91:H5W5HBGX7:1:13210:5617:15800#0/1	95.035	141	7	0	475	615	141	1	8.00e-56	222
NC_011593.1:c2598562-2597207	NB551033:91:H5W5HBGX7:1:13211:18600:1888#0/2	100.000	117	0	0	301	417	1	117	3.72e-54	217
NC_011593.1:c2598562-2597207	NB551033:91:H5W5HBGX7:1:13211:18600:1888#0/1	100.000	117	0	0	301	417	117	1	3.72e-54	217
NC_011593.1:c2598562-2597207	NB551033:91:H5W5HBGX7:2:22208:24615:6174#0/2	97.600	125	3	0	980	1104	1	125	1.34e-53	215
NC_011593.1:c2598562-2597207	NB551033:91:H5W5HBGX7:2:22208:24615:6174#0/1	97.600	125	3	0	980	1104	125	1	1.34e-53	215
NC_011593.1:c2598562-2597207	NB551033:91:H5W5HBGX7:3:12412:6674:18650#0/2	99.130	115	1	0	1242	1356	1	115	2.24e-51	207
NC_011593.1:c2598562-2597207	NB551033:91:H5W5HBGX7:1:22205:19081:9363#0/2	100.000	111	0	0	909	1019	111	1	8.05e-51	206
NC_011593.1:c2598562-2597207	NB551033:91:H5W5HBGX7:1:22205:19081:9363#0/1	100.000	111	0	0	909	1019	1	111	8.05e-51	206
NC_011593.1:c2598562-2597207	NB551033:91:H5W5HBGX7:4:13502:22690:1369#0/1	99.091	110	1	0	955	1064	150	41	1.35e-48	198
NC_011593.1:c2598562-2597207	NB551033:91:H5W5HBGX7:1:13103:1908:3646#0/2	100.000	105	0	0	1146	1250	105	1	1.74e-47	195
NC_011593.1:c2598562-2597207	NB551033:91:H5W5HBGX7:2:22102:25369:12331#0/1	100.000	105	0	0	960	1064	1	105	1.74e-47	195
NC_011593.1:c2598562-2597207	NB551033:91:H5W5HBGX7:1:23302:20207:7035#0/1	100.000	103	0	0	519	621	103	1	2.25e-46	191
NC_011593.1:c2598562-2597207	NB551033:91:H5W5HBGX7:3:11508:4423:13277#0/2	99.048	105	1	0	960	1064	1	105	8.11e-46	189
NC_011593.1:c2598562-2597207	NB551033:91:H5W5HBGX7:4:12504:6080:5481#0/2	100.000	100	0	0	238	337	1	100	1.05e-44	185
NC_011593.1:c2598562-2597207	NB551033:91:H5W5HBGX7:4:12504:6080:5481#0/1	100.000	100	0	0	238	337	100	1	1.05e-44	185
NC_011593.1:c2598562-2597207	NB551033:91:H5W5HBGX7:4:23603:20327:1505#0/1	100.000	99	0	0	1060	1158	99	1	3.77e-44	183
NC_011593.1:c2598562-2597207	NB551033:91:H5W5HBGX7:1:11301:22292:19650#0/1	100.000	90	0	0	177	266	90	1	3.80e-39	167
NC_011593.1:c2598562-2597207	NB551033:91:H5W5HBGX7:4:21509:18176:4298#0/2	100.000	87	0	0	138	224	87	1	1.77e-37	161
NC_011593.1:c2598562-2597207	NB551033:91:H5W5HBGX7:2:21111:9572:8933#0/2	100.000	87	0	0	138	224	60	146	1.77e-37	161
NC_011593.1:c2598562-2597207	NB551033:91:H5W5HBGX7:2:21111:9572:8933#0/1	100.000	87	0	0	138	224	87	1	1.77e-37	161
NC_011593.1:c2598562-2597207	NB551033:91:H5W5HBGX7:2:23301:10719:1759#0/2	100.000	82	0	0	906	987	1	82	1.06e-34	152
NC_011593.1:c2598562-2597207	NB551033:91:H5W5HBGX7:4:21410:6285:11200#0/1	100.000	82	0	0	1275	1356	1	82	1.06e-34	152
NC_011593.1:c2598562-2597207	NB551033:91:H5W5HBGX7:1:13103:1908:3646#0/1	100.000	82	0	0	1060	1141	70	151	1.06e-34	152
NC_011593.1:c2598562-2597207	NB551033:91:H5W5HBGX7:1:11303:22094:11499#0/2	100.000	80	0	0	698	777	1	80	1.38e-33	148
NC_011593.1:c2598562-2597207	NB551033:91:H5W5HBGX7:1:11303:22094:11499#0/1	100.000	80	0	0	698	777	80	1	1.38e-33	148
NC_011593.1:c2598562-2597207	NB551033:91:H5W5HBGX7:1:11205:26467:2523#0/2	100.000	78	0	0	576	653	78	1	1.78e-32	145
NC_011593.1:c2598562-2597207	NB551033:91:H5W5HBGX7:2:12211:14798:5910#0/1	96.471	85	3	0	429	513	85	1	2.30e-31	141
NC_011593.1:c2598562-2597207	NB551033:91:H5W5HBGX7:4:22509:2063:3769#0/1	96.250	80	3	0	808	887	80	1	1.39e-28	132
NC_011593.1:c2598562-2597207	NB551033:91:H5W5HBGX7:4:22509:2063:3769#0/2	96.203	79	3	0	808	886	57	135	4.99e-28	130
NC_011593.1:c2598562-2597207	NB551033:91:H5W5HBGX7:4:22612:3906:13383#0/2	98.611	72	1	0	1285	1356	151	80	1.79e-27	128
NC_011593.1:c2598562-2597207	NB551033:91:H5W5HBGX7:3:12412:6674:18650#0/1	100.000	66	0	0	1291	1356	151	86	8.34e-26	122
NC_011593.1:c2598562-2597207	NB551033:91:H5W5HBGX7:4:22403:21612:10295#0/2	100.000	63	0	0	1294	1356	150	88	3.88e-24	117
NC_011593.1:c2598562-2597207	NB551033:91:H5W5HBGX7:3:13411:12231:18550#0/1	95.588	68	3	0	366	433	1	68	6.49e-22	110
NC_011593.1:c2598562-2597207	NB551033:91:H5W5HBGX7:4:22401:6190:3703#0/1	100.000	50	0	0	1307	1356	120	71	6.54e-17	93.5
NC_011593.1:c2598562-2597207	NB551033:91:H5W5HBGX7:2:22102:25369:12331#0/2	100.000	49	0	0	1016	1064	150	102	2.35e-16	91.6
NC_011593.1:c2598562-2597207	NB551033:91:H5W5HBGX7:3:11508:4423:13277#0/1	97.959	49	1	0	1016	1064	150	102	1.09e-14	86.1
NC_011593.1:c2598562-2597207	NB551033:91:H5W5HBGX7:2:22202:16634:12176#0/2	100.000	33	0	0	500	532	119	87	1.84e-07	62.1
NC_011593.1:c2598562-2597207	NB551033:91:H5W5HBGX7:2:22202:16634:12176#0/1	100.000	33	0	0	500	532	1	33	1.84e-07	62.1
# BLASTN 2.9.0+
# Query: NC_011593.1:2598858-2601929 Bifidobacterium longum subsp. infantis ATCC 15697, complete genome
# Database: db/blast_C0202-6F-2A_S33.faa
# Fields: query acc.ver, subject acc.ver, % identity, alignment length, mismatches, gap opens, q. start, q. end, s. start, s. end, evalue, bit score
# 189 hits found
NC_011593.1:2598858-2601929	NB551033:91:H5W5HBGX7:1:13109:7121:9392#0/1	100.000	151	0	0	1971	2121	1	151	1.06e-72	279
NC_011593.1:2598858-2601929	NB551033:91:H5W5HBGX7:1:11206:21854:13874#0/1	100.000	151	0	0	2402	2552	1	151	1.06e-72	279
NC_011593.1:2598858-2601929	NB551033:91:H5W5HBGX7:4:23409:18181:17024#0/2	100.000	150	0	0	1567	1716	1	150	3.82e-72	278
NC_011593.1:2598858-2601929	NB551033:91:H5W5HBGX7:4:22401:10557:7501#0/2	100.000	150	0	0	1689	1838	150	1	3.82e-72	278
NC_011593.1:2598858-2601929	NB551033:91:H5W5HBGX7:1:23311:9514:3605#0/2	100.000	150	0	0	1677	1826	1	150	3.82e-72	278
NC_011593.1:2598858-2601929	NB551033:91:H5W5HBGX7:4:23409:18181:17024#0/1	100.000	150	0	0	1666	1815	150	1	3.82e-72	278
NC_011593.1:2598858-2601929	NB551033:91:H5W5HBGX7:4:22401:10557:7501#0/1	100.000	150	0	0	1681	1830	1	150	3.82e-72	278
NC_011593.1:2598858-2601929	NB551033:91:H5W5HBGX7:4:21506:17304:13377#0/1	100.000	150	0	0	215	364	150	1	3.82e-72	278
NC_011593.1:2598858-2601929	NB551033:91:H5W5HBGX7:2:11102:3725:4883#0/2	100.000	149	0	0	1981	2129	1	149	1.37e-71	276
NC_011593.1:2598858-2601929	NB551033:91:H5W5HBGX7:1:11206:21854:13874#0/2	100.000	149	0	0	2407	2555	149	1	1.37e-71	276
NC_011593.1:2598858-2601929	NB551033:91:H5W5HBGX7:4:22606:16172:8993#0/2	99.338	151	1	0	976	1126	1	151	4.94e-71	274
NC_011593.1:2598858-2601929	NB551033:91:H5W5HBGX7:3:21406:18876:10946#0/2	99.338	151	1	0	2387	2537	151	1	4.94e-71	274
NC_011593.1:2598858-2601929	NB551033:91:H5W5HBGX7:2:13305:11865:1501#0/2	99.338	151	1	0	2749	2899	1	151	4.94e-71	274
NC_011593.1:2598858-2601929	NB551033:91:H5W5HBGX7:2:13104:8108:1858#0/2	99.338	151	1	0	1035	1185	151	1	4.94e-71	274
NC_011593.1:2598858-2601929	NB551033:91:H5W5HBGX7:2:12111:19953:11433#0/2	99.338	151	1	0	117	267	151	1	4.94e-71	274
NC_011593.1:2598858-2601929	NB551033:91:H5W5HBGX7:2:11208:5924:12786#0/2	99.338	151	1	0	1615	1765	151	1	4.94e-71	274
NC_011593.1:2598858-2601929	NB551033:91:H5W5HBGX7:2:11208:13260:2764#0/2	99.338	151	1	0	1035	1185	151	1	4.94e-71	274
NC_011593.1:2598858-2601929	NB551033:91:H5W5HBGX7:1:23106:22052:1169#0/2	99.338	151	1	0	344	494	151	1	4.94e-71	274
NC_011593.1:2598858-2601929	NB551033:91:H5W5HBGX7:2:22201:16374:10274#0/1	99.338	151	1	0	960	1110	151	1	4.94e-71	274
NC_011593.1:2598858-2601929	NB551033:91:H5W5HBGX7:2:11208:13260:2764#0/1	99.338	151	1	0	1017	1167	1	151	4.94e-71	274
NC_011593.1:2598858-2601929	NB551033:91:H5W5HBGX7:1:23311:9514:3605#0/1	99.338	151	1	0	1795	1945	151	1	4.94e-71	274
NC_011593.1:2598858-2601929	NB551033:91:H5W5HBGX7:1:23107:13104:3288#0/1	99.338	151	1	0	567	717	1	151	4.94e-71	274
NC_011593.1:2598858-2601929	NB551033:91:H5W5HBGX7:2:12101:9829:8147#0/2	99.333	150	1	0	1693	1842	1	150	1.78e-70	272
NC_011593.1:2598858-2601929	NB551033:91:H5W5HBGX7:1:12307:11898:7323#0/2	99.333	150	1	0	952	1101	1	150	1.78e-70	272
NC_011593.1:2598858-2601929	NB551033:91:H5W5HBGX7:1:11111:9208:6494#0/2	99.333	150	1	0	2389	2538	2	151	1.78e-70	272
NC_011593.1:2598858-2601929	NB551033:91:H5W5HBGX7:1:11108:23144:12260#0/2	99.333	150	1	0	153	302	150	1	1.78e-70	272
NC_011593.1:2598858-2601929	NB551033:91:H5W5HBGX7:1:11102:12516:4266#0/2	99.333	150	1	0	107	256	1	150	1.78e-70	272
NC_011593.1:2598858-2601929	NB551033:91:H5W5HBGX7:1:23106:22052:1169#0/1	99.333	150	1	0	317	466	1	150	1.78e-70	272
NC_011593.1:2598858-2601929	NB551033:91:H5W5HBGX7:4:23610:6356:14920#0/2	99.329	149	1	0	1886	2034	1	149	6.39e-70	270
NC_011593.1:2598858-2601929	NB551033:91:H5W5HBGX7:4:23610:6356:14920#0/1	99.329	149	1	0	1886	2034	149	1	6.39e-70	270
NC_011593.1:2598858-2601929	NB551033:91:H5W5HBGX7:3:11510:2700:13429#0/1	99.329	149	1	0	148	296	149	1	6.39e-70	270
NC_011593.1:2598858-2601929	NB551033:91:H5W5HBGX7:2:23104:12275:2719#0/1	99.329	149	1	0	2758	2906	151	3	6.39e-70	270
NC_011593.1:2598858-2601929	NB551033:91:H5W5HBGX7:1:11102:12516:4266#0/1	99.329	149	1	0	148	296	149	1	6.39e-70	270
NC_011593.1:2598858-2601929	NB551033:91:H5W5HBGX7:4:12406:10897:14820#0/2	98.675	151	2	0	2347	2497	151	1	2.30e-69	268
NC_011593.1:2598858-2601929	NB551033:91:H5W5HBGX7:3:11502:18218:12311#0/2	98.675	151	2	0	2868	3018	151	1	2.30e-69	268
NC_011593.1:2598858-2601929	NB551033:91:H5W5HBGX7:2:22201:16374:10274#0/2	99.324	148	1	0	928	1075	3	150	2.30e-69	268
NC_011593.1:2598858-2601929	NB551033:91:H5W5HBGX7:1:21204:3403:9386#0/2	98.675	151	2	0	2544	2694	151	1	2.30e-69	268
NC_011593.1:2598858-2601929	NB551033:91:H5W5HBGX7:1:13109:7121:9392#0/2	98.675	151	2	0	2069	2219	151	1	2.30e-69	268
NC_011593.1:2598858-2601929	NB551033:91:H5W5HBGX7:4:22606:16172:8993#0/1	98.675	151	2	0	1035	1185	151	1	2.30e-69	268
NC_011593.1:2598858-2601929	NB551033:91:H5W5HBGX7:2:13104:8108:1858#0/1	99.324	148	1	0	951	1098	1	148	2.30e-69	268
NC_011593.1:2598858-2601929	NB551033:91:H5W5HBGX7:1:21106:2684:19302#0/1	98.675	151	2	0	2514	2664	151	1	2.30e-69	268
NC_011593.1:2598858-2601929	NB551033:91:H5W5HBGX7:1:12307:11898:7323#0/1	98.675	151	2	0	1013	1163	151	1	2.30e-69	268
NC_011593.1:2598858-2601929	NB551033:91:H5W5HBGX7:4:21506:17304:13377#0/2	98.667	150	2	0	11	160	1	150	8.27e-69	267
NC_011593.1:2598858-2601929	NB551033:91:H5W5HBGX7:3:13401:17488:6247#0/2	98.667	150	2	0	2311	2460	1	150	8.27e-69	267
NC_011593.1:2598858-2601929	NB551033:91:H5W5HBGX7:2:23210:8751:1829#0/2	98.667	150	2	0	956	1105	150	1	8.27e-69	267
NC_011593.1:2598858-2601929	NB551033:91:H5W5HBGX7:1:22108:23947:9234#0/2	98.667	150	2	0	2894	3043	1	150	8.27e-69	267
NC_011593.1:2598858-2601929	NB551033:91:H5W5HBGX7:1:12205:10682:15580#0/2	98.667	150	2	0	2536	2685	150	1	8.27e-69	267
NC_011593.1:2598858-2601929	NB551033:91:H5W5HBGX7:4:12412:9695:13477#0/1	98.667	150	2	0	603	752	150	1	8.27e-69	267
NC_011593.1:2598858-2601929	NB551033:91:H5W5HBGX7:4:11502:7046:19340#0/1	98.667	150	2	0	2769	2918	150	1	8.27e-69	267
NC_011593.1:2598858-2601929	NB551033:91:H5W5HBGX7:3:21510:14078:13690#0/1	98.667	150	2	0	2803	2952	150	1	8.27e-69	267
NC_011593.1:2598858-2601929	NB551033:91:H5W5HBGX7:3:12601:20639:12476#0/1	98.667	150	2	0	2278	2427	1	150	8.27e-69	267
NC_011593.1:2598858-2601929	NB551033:91:H5W5HBGX7:3:12504:10509:2788#0/1	98.667	150	2	0	46	195	150	1	8.27e-69	267
NC_011593.1:2598858-2601929	NB551033:91:H5W5HBGX7:2:11208:5924:12786#0/1	98.667	150	2	0	1177	1326	1	150	8.27e-69	267
NC_011593.1:2598858-2601929	NB551033:91:H5W5HBGX7:1:12205:10682:15580#0/1	98.667	150	2	0	2437	2586	1	150	8.27e-69	267
NC_011593.1:2598858-2601929	NB551033:91:H5W5HBGX7:1:12108:18485:5533#0/1	98.667	150	2	0	2767	2916	150	1	8.27e-69	267
NC_011593.1:2598858-2601929	NB551033:91:H5W5HBGX7:1:11108:23144:12260#0/1	98.667	150	2	0	86	235	1	150	8.27e-69	267
NC_011593.1:2598858-2601929	NB551033:91:H5W5HBGX7:4:12412:9695:13477#0/2	98.658	149	2	0	402	550	1	149	2.97e-68	265
NC_011593.1:2598858-2601929	NB551033:91:H5W5HBGX7:1:22110:2370:4304#0/2	99.315	146	1	0	226	371	1	146	2.97e-68	265
NC_011593.1:2598858-2601929	NB551033:91:H5W5HBGX7:3:13401:17488:6247#0/1	98.658	149	2	0	2448	2596	149	1	2.97e-68	265
NC_011593.1:2598858-2601929	NB551033:91:H5W5HBGX7:1:21103:23813:9848#0/1	98.658	149	2	0	2826	2974	149	1	2.97e-68	265
NC_011593.1:2598858-2601929	NB551033:91:H5W5HBGX7:4:22605:10084:14961#0/2	98.013	151	3	0	1221	1371	151	1	1.07e-67	263
NC_011593.1:2598858-2601929	NB551033:91:H5W5HBGX7:4:21610:26142:11187#0/2	98.013	151	3	0	600	750	151	1	1.07e-67	263
NC_011593.1:2598858-2601929	NB551033:91:H5W5HBGX7:4:11612:8554:5526#0/2	98.649	148	2	0	2908	3055	3	150	1.07e-67	263
NC_011593.1:2598858-2601929	NB551033:91:H5W5HBGX7:4:11401:21932:15381#0/2	98.013	151	3	0	2561	2711	151	1	1.07e-67	263
NC_011593.1:2598858-2601929	NB551033:91:H5W5HBGX7:1:13311:1817:14395#0/2	98.013	151	3	0	2481	2631	1	151	1.07e-67	263
NC_011593.1:2598858-2601929	NB551033:91:H5W5HBGX7:4:12406:10897:14820#0/1	98.013	151	3	0	2293	2443	1	151	1.07e-67	263
NC_011593.1:2598858-2601929	NB551033:91:H5W5HBGX7:3:21408:16881:6309#0/1	98.013	151	3	0	2476	2626	151	1	1.07e-67	263
NC_011593.1:2598858-2601929	NB551033:91:H5W5HBGX7:3:13410:5229:4125#0/1	98.013	151	3	0	1220	1370	1	151	1.07e-67	263
NC_011593.1:2598858-2601929	NB551033:91:H5W5HBGX7:2:11102:3725:4883#0/1	99.310	145	1	0	2161	2305	145	1	1.07e-67	263
NC_011593.1:2598858-2601929	NB551033:91:H5W5HBGX7:1:22110:2370:4304#0/1	99.310	145	1	0	227	371	145	1	1.07e-67	263
NC_011593.1:2598858-2601929	NB551033:91:H5W5HBGX7:1:21210:7026:7803#0/1	98.649	148	2	0	1537	1684	3	150	1.07e-67	263
NC_011593.1:2598858-2601929	NB551033:91:H5W5HBGX7:1:21204:3403:9386#0/1	98.013	151	3	0	2297	2447	1	151	1.07e-67	263
NC_011593.1:2598858-2601929	NB551033:91:H5W5HBGX7:1:11111:9208:6494#0/1	98.013	151	3	0	2535	2685	151	1	1.07e-67	263
NC_011593.1:2598858-2601929	NB551033:91:H5W5HBGX7:4:13511:8789:3411#0/2	98.000	150	3	0	2830	2979	150	1	3.85e-67	261
NC_011593.1:2598858-2601929	NB551033:91:H5W5HBGX7:3:21510:14078:13690#0/2	98.000	150	3	0	2778	2927	1	150	3.85e-67	261
NC_011593.1:2598858-2601929	NB551033:91:H5W5HBGX7:3:13410:5229:4125#0/2	98.000	150	3	0	1222	1371	150	1	3.85e-67	261
NC_011593.1:2598858-2601929	NB551033:91:H5W5HBGX7:3:12605:6028:11221#0/2	99.306	144	1	0	930	1073	1	144	3.85e-67	261
NC_011593.1:2598858-2601929	NB551033:91:H5W5HBGX7:2:21310:12314:6232#0/2	98.000	150	3	0	2876	3025	150	1	3.85e-67	261
NC_011593.1:2598858-2601929	NB551033:91:H5W5HBGX7:2:21107:18510:12454#0/2	98.000	150	3	0	390	539	150	1	3.85e-67	261
NC_011593.1:2598858-2601929	NB551033:91:H5W5HBGX7:4:22605:10084:14961#0/1	98.000	150	3	0	1107	1256	1	150	3.85e-67	261
NC_011593.1:2598858-2601929	NB551033:91:H5W5HBGX7:4:22601:11711:7267#0/1	98.000	150	3	0	124	273	1	150	3.85e-67	261
NC_011593.1:2598858-2601929	NB551033:91:H5W5HBGX7:4:11612:8554:5526#0/1	98.000	150	3	0	2911	3060	150	1	3.85e-67	261
NC_011593.1:2598858-2601929	NB551033:91:H5W5HBGX7:1:11112:18215:10237#0/1	98.000	150	3	0	203	352	1	150	3.85e-67	261
NC_011593.1:2598858-2601929	NB551033:91:H5W5HBGX7:3:12601:20639:12476#0/2	97.987	149	3	0	2398	2546	149	1	1.38e-66	259
NC_011593.1:2598858-2601929	NB551033:91:H5W5HBGX7:1:21106:2684:19302#0/2	97.987	149	3	0	2451	2599	1	149	1.38e-66	259
NC_011593.1:2598858-2601929	NB551033:91:H5W5HBGX7:1:12108:18485:5533#0/2	97.987	149	3	0	2584	2732	1	149	1.38e-66	259
NC_011593.1:2598858-2601929	NB551033:91:H5W5HBGX7:3:12605:6028:11221#0/1	99.301	143	1	0	931	1073	143	1	1.38e-66	259
NC_011593.1:2598858-2601929	NB551033:91:H5W5HBGX7:3:21507:4762:8747#0/2	97.973	148	3	0	2815	2962	148	1	4.98e-66	257
NC_011593.1:2598858-2601929	NB551033:91:H5W5HBGX7:3:12409:24792:18584#0/2	97.351	151	4	0	2643	2793	1	151	4.98e-66	257
NC_011593.1:2598858-2601929	NB551033:91:H5W5HBGX7:2:23104:12275:2719#0/2	97.351	151	4	0	2716	2866	1	151	4.98e-66	257
NC_011593.1:2598858-2601929	NB551033:91:H5W5HBGX7:1:13204:23462:12675#0/2	97.973	148	3	0	2295	2442	148	1	4.98e-66	257
NC_011593.1:2598858-2601929	NB551033:91:H5W5HBGX7:4:13511:8789:3411#0/1	97.351	151	4	0	2643	2793	1	151	4.98e-66	257
NC_011593.1:2598858-2601929	NB551033:91:H5W5HBGX7:4:11401:21932:15381#0/1	97.351	151	4	0	2473	2623	1	151	4.98e-66	257
NC_011593.1:2598858-2601929	NB551033:91:H5W5HBGX7:1:13204:23462:12675#0/1	97.973	148	3	0	2295	2442	1	148	4.98e-66	257
NC_011593.1:2598858-2601929	NB551033:91:H5W5HBGX7:4:11502:7046:19340#0/2	97.333	150	4	0	2686	2835	1	150	1.79e-65	255
NC_011593.1:2598858-2601929	NB551033:91:H5W5HBGX7:1:21103:23813:9848#0/2	97.959	147	3	0	2576	2722	1	147	1.79e-65	255
NC_011593.1:2598858-2601929	NB551033:91:H5W5HBGX7:1:12205:11786:5658#0/2	97.333	150	4	0	2306	2455	150	1	1.79e-65	255
NC_011593.1:2598858-2601929	NB551033:91:H5W5HBGX7:1:11112:18215:10237#0/2	97.333	150	4	0	543	692	150	1	1.79e-65	255
NC_011593.1:2598858-2601929	NB551033:91:H5W5HBGX7:4:11502:23181:3924#0/1	97.333	150	4	0	2686	2835	1	150	1.79e-65	255
NC_011593.1:2598858-2601929	NB551033:91:H5W5HBGX7:4:11401:4597:3758#0/1	97.959	147	3	0	2031	2177	1	147	1.79e-65	255
NC_011593.1:2598858-2601929	NB551033:91:H5W5HBGX7:3:12409:24792:18584#0/1	99.291	141	1	0	2766	2906	141	1	1.79e-65	255
NC_011593.1:2598858-2601929	NB551033:91:H5W5HBGX7:3:11502:18218:12311#0/1	97.333	150	4	0	2661	2810	1	150	1.79e-65	255
NC_011593.1:2598858-2601929	NB551033:91:H5W5HBGX7:2:22303:17596:18331#0/1	97.333	150	4	0	799	948	1	150	1.79e-65	255
NC_011593.1:2598858-2601929	NB551033:91:H5W5HBGX7:1:21312:10890:1570#0/2	97.945	146	3	0	2285	2430	146	1	6.44e-65	254
NC_011593.1:2598858-2601929	NB551033:91:H5W5HBGX7:1:21105:1887:6948#0/2	98.601	143	2	0	2338	2480	143	1	6.44e-65	254
NC_011593.1:2598858-2601929	NB551033:91:H5W5HBGX7:1:21105:1887:6948#0/1	98.601	143	2	0	2338	2480	1	143	6.44e-65	254
NC_011593.1:2598858-2601929	NB551033:91:H5W5HBGX7:2:21310:12314:6232#0/1	97.931	145	3	0	2435	2579	1	145	2.32e-64	252
NC_011593.1:2598858-2601929	NB551033:91:H5W5HBGX7:1:12205:11786:5658#0/1	97.297	148	4	0	2123	2270	1	148	2.32e-64	252
NC_011593.1:2598858-2601929	NB551033:91:H5W5HBGX7:4:22601:11711:7267#0/2	97.279	147	4	0	537	683	149	3	8.33e-64	250
NC_011593.1:2598858-2601929	NB551033:91:H5W5HBGX7:4:11401:4597:3758#0/2	96.667	150	5	0	2070	2219	150	1	8.33e-64	250
NC_011593.1:2598858-2601929	NB551033:91:H5W5HBGX7:3:22611:18879:17246#0/2	97.279	147	4	0	2640	2786	147	1	8.33e-64	250
NC_011593.1:2598858-2601929	NB551033:91:H5W5HBGX7:2:21211:1712:12633#0/2	96.667	150	5	0	826	975	1	150	8.33e-64	250
NC_011593.1:2598858-2601929	NB551033:91:H5W5HBGX7:4:21610:26142:11187#0/1	96.667	150	5	0	529	678	1	150	8.33e-64	250
NC_011593.1:2598858-2601929	NB551033:91:H5W5HBGX7:3:22611:18879:17246#0/1	97.279	147	4	0	2640	2786	1	147	8.33e-64	250
NC_011593.1:2598858-2601929	NB551033:91:H5W5HBGX7:3:21408:16881:6309#0/2	98.571	140	2	0	2155	2294	1	140	3.00e-63	248
NC_011593.1:2598858-2601929	NB551033:91:H5W5HBGX7:2:22303:17596:18331#0/2	96.644	149	5	0	952	1100	149	1	3.00e-63	248
NC_011593.1:2598858-2601929	NB551033:91:H5W5HBGX7:2:21211:1712:12633#0/1	96.622	148	5	0	835	982	148	1	1.08e-62	246
NC_011593.1:2598858-2601929	NB551033:91:H5W5HBGX7:4:23407:3390:19511#0/2	100.000	132	0	0	1617	1748	1	132	3.87e-62	244
NC_011593.1:2598858-2601929	NB551033:91:H5W5HBGX7:2:22105:15959:2129#0/2	100.000	132	0	0	1028	1159	132	1	3.87e-62	244
NC_011593.1:2598858-2601929	NB551033:91:H5W5HBGX7:2:12303:6866:19125#0/2	96.000	150	6	0	826	975	1	150	3.87e-62	244
NC_011593.1:2598858-2601929	NB551033:91:H5W5HBGX7:4:23407:3390:19511#0/1	100.000	132	0	0	1617	1748	132	1	3.87e-62	244
NC_011593.1:2598858-2601929	NB551033:91:H5W5HBGX7:2:23210:8751:1829#0/1	96.000	150	6	0	799	948	1	150	3.87e-62	244
NC_011593.1:2598858-2601929	NB551033:91:H5W5HBGX7:2:22105:15959:2129#0/1	100.000	132	0	0	1028	1159	1	132	3.87e-62	244
NC_011593.1:2598858-2601929	NB551033:91:H5W5HBGX7:2:23309:25554:18152#0/2	99.254	134	1	0	400	533	136	3	1.39e-61	243
NC_011593.1:2598858-2601929	NB551033:91:H5W5HBGX7:2:12303:6866:19125#0/1	95.973	149	6	0	836	984	149	1	1.39e-61	243
NC_011593.1:2598858-2601929	NB551033:91:H5W5HBGX7:2:12101:9829:8147#0/1	97.203	143	4	0	2161	2303	143	1	1.39e-61	243
NC_011593.1:2598858-2601929	NB551033:91:H5W5HBGX7:4:22512:6691:12554#0/1	99.206	126	1	0	928	1053	126	1	3.90e-57	228
NC_011593.1:2598858-2601929	NB551033:91:H5W5HBGX7:4:11412:22823:5524#0/2	97.710	131	3	0	2416	2546	1	131	1.40e-56	226
NC_011593.1:2598858-2601929	NB551033:91:H5W5HBGX7:4:11412:22823:5524#0/1	97.710	131	3	0	2416	2546	131	1	1.40e-56	226
NC_011593.1:2598858-2601929	NB551033:91:H5W5HBGX7:2:12102:16791:9716#0/2	99.194	124	1	0	294	417	1	124	5.05e-56	224
NC_011593.1:2598858-2601929	NB551033:91:H5W5HBGX7:1:23107:13104:3288#0/2	100.000	121	0	0	654	774	150	30	5.05e-56	224
NC_011593.1:2598858-2601929	NB551033:91:H5W5HBGX7:1:23107:13104:3288#0/2	97.297	37	1	0	724	760	1	37	1.16e-07	63.9
NC_011593.1:2598858-2601929	NB551033:91:H5W5HBGX7:1:13311:1817:14395#0/1	98.425	127	2	0	2892	3018	127	1	5.05e-56	224
NC_011593.1:2598858-2601929	NB551033:91:H5W5HBGX7:4:22512:6691:12554#0/2	98.413	126	2	0	928	1053	2	127	1.82e-55	222
NC_011593.1:2598858-2601929	NB551033:91:H5W5HBGX7:4:21407:18298:8519#0/1	99.187	123	1	0	1	123	123	1	1.82e-55	222
NC_011593.1:2598858-2601929	NB551033:91:H5W5HBGX7:3:12506:25308:19819#0/2	97.619	126	3	0	2400	2525	126	1	8.45e-54	217
NC_011593.1:2598858-2601929	NB551033:91:H5W5HBGX7:1:21103:16373:14295#0/2	99.145	117	1	0	129	245	117	1	3.93e-52	211
NC_011593.1:2598858-2601929	NB551033:91:H5W5HBGX7:1:21103:16373:14295#0/1	99.145	117	1	0	129	245	1	117	3.93e-52	211
NC_011593.1:2598858-2601929	NB551033:91:H5W5HBGX7:3:12506:25308:19819#0/1	96.774	124	4	0	2400	2523	1	124	5.08e-51	207
NC_011593.1:2598858-2601929	NB551033:91:H5W5HBGX7:2:11109:3279:10364#0/1	99.123	114	1	0	17	130	114	1	1.83e-50	206
NC_011593.1:2598858-2601929	NB551033:91:H5W5HBGX7:3:12504:10509:2788#0/2	100.000	110	0	0	1	110	39	148	6.58e-50	204
NC_011593.1:2598858-2601929	NB551033:91:H5W5HBGX7:2:11109:3279:10364#0/2	100.000	110	0	0	1	110	41	150	6.58e-50	204
NC_011593.1:2598858-2601929	NB551033:91:H5W5HBGX7:2:21107:18510:12454#0/1	100.000	108	0	0	198	305	1	108	8.51e-49	200
NC_011593.1:2598858-2601929	NB551033:91:H5W5HBGX7:4:11404:18422:1944#0/2	98.230	113	2	0	2529	2641	1	113	3.06e-48	198
NC_011593.1:2598858-2601929	NB551033:91:H5W5HBGX7:4:11404:18422:1944#0/1	98.230	113	2	0	2529	2641	113	1	3.06e-48	198
NC_011593.1:2598858-2601929	NB551033:91:H5W5HBGX7:3:23507:4262:16883#0/1	99.083	109	1	0	590	698	109	1	1.10e-47	196
NC_011593.1:2598858-2601929	NB551033:91:H5W5HBGX7:3:23507:4262:16883#0/2	99.074	108	1	0	590	697	1	108	3.96e-47	195
NC_011593.1:2598858-2601929	NB551033:91:H5W5HBGX7:3:11510:2700:13429#0/2	100.000	105	0	0	1	105	46	150	3.96e-47	195
NC_011593.1:2598858-2601929	NB551033:91:H5W5HBGX7:2:12111:19953:11433#0/1	100.000	105	0	0	1	105	46	150	3.96e-47	195
NC_011593.1:2598858-2601929	NB551033:91:H5W5HBGX7:3:11511:8767:1293#0/1	99.065	107	1	0	2447	2553	1	107	1.42e-46	193
NC_011593.1:2598858-2601929	NB551033:91:H5W5HBGX7:3:11511:8767:1293#0/2	98.131	107	2	0	2447	2553	107	1	6.62e-45	187
NC_011593.1:2598858-2601929	NB551033:91:H5W5HBGX7:4:11610:19303:3488#0/2	99.020	102	1	0	999	1100	1	102	8.57e-44	183
NC_011593.1:2598858-2601929	NB551033:91:H5W5HBGX7:3:11402:26294:10228#0/2	97.222	108	3	0	139	246	1	108	8.57e-44	183
NC_011593.1:2598858-2601929	NB551033:91:H5W5HBGX7:4:11610:19303:3488#0/1	99.020	102	1	0	999	1100	102	1	8.57e-44	183
NC_011593.1:2598858-2601929	NB551033:91:H5W5HBGX7:4:22406:13343:7963#0/2	98.058	103	2	0	2091	2193	1	103	1.11e-42	180
NC_011593.1:2598858-2601929	NB551033:91:H5W5HBGX7:3:11504:19323:5904#0/2	98.039	102	2	0	29	130	102	1	3.99e-42	178
NC_011593.1:2598858-2601929	NB551033:91:H5W5HBGX7:3:11406:7491:4833#0/2	98.990	99	1	0	1296	1394	99	1	3.99e-42	178
NC_011593.1:2598858-2601929	NB551033:91:H5W5HBGX7:3:11504:19323:5904#0/1	98.039	102	2	0	29	130	1	102	3.99e-42	178
NC_011593.1:2598858-2601929	NB551033:91:H5W5HBGX7:1:21312:10890:1570#0/1	98.958	96	1	0	1865	1960	1	96	1.85e-40	172
NC_011593.1:2598858-2601929	NB551033:91:H5W5HBGX7:3:11406:7491:4833#0/1	96.000	100	4	0	882	981	1	100	1.12e-37	163
NC_011593.1:2598858-2601929	NB551033:91:H5W5HBGX7:1:12205:9033:9587#0/1	100.000	88	0	0	219	306	1	88	1.12e-37	163
NC_011593.1:2598858-2601929	NB551033:91:H5W5HBGX7:2:12102:16791:9716#0/1	95.876	97	4	0	886	982	97	1	5.19e-36	158
NC_011593.1:2598858-2601929	NB551033:91:H5W5HBGX7:3:21406:18876:10946#0/1	97.778	90	2	0	2124	2213	1	90	1.87e-35	156
NC_011593.1:2598858-2601929	NB551033:91:H5W5HBGX7:1:12304:25020:7200#0/2	100.000	83	0	0	1363	1445	83	1	6.72e-35	154
NC_011593.1:2598858-2601929	NB551033:91:H5W5HBGX7:1:12304:25020:7200#0/1	100.000	83	0	0	1363	1445	1	83	6.72e-35	154
NC_011593.1:2598858-2601929	NB551033:91:H5W5HBGX7:1:21308:3924:15504#0/2	97.727	88	2	0	1337	1424	88	1	2.42e-34	152
NC_011593.1:2598858-2601929	NB551033:91:H5W5HBGX7:1:21308:3924:15504#0/1	97.727	88	2	0	1337	1424	1	88	2.42e-34	152
NC_011593.1:2598858-2601929	NB551033:91:H5W5HBGX7:2:23309:25554:18152#0/1	100.000	79	0	0	198	276	1	79	1.12e-32	147
NC_011593.1:2598858-2601929	NB551033:91:H5W5HBGX7:1:12205:9033:9587#0/2	98.765	81	1	0	749	829	81	1	4.04e-32	145
NC_011593.1:2598858-2601929	NB551033:91:H5W5HBGX7:3:21409:10277:12784#0/2	98.734	79	1	0	1116	1194	79	1	5.23e-31	141
NC_011593.1:2598858-2601929	NB551033:91:H5W5HBGX7:4:22406:13343:7963#0/1	97.561	82	2	0	2724	2805	82	1	5.23e-31	141
NC_011593.1:2598858-2601929	NB551033:91:H5W5HBGX7:2:22103:16168:2530#0/2	97.531	81	2	0	1495	1575	3	83	1.88e-30	139
NC_011593.1:2598858-2601929	NB551033:91:H5W5HBGX7:1:21210:7026:7803#0/2	100.000	75	0	0	1681	1755	75	1	1.88e-30	139
NC_011593.1:2598858-2601929	NB551033:91:H5W5HBGX7:3:21409:10277:12784#0/1	98.718	78	1	0	1116	1193	1	78	1.88e-30	139
NC_011593.1:2598858-2601929	NB551033:91:H5W5HBGX7:2:22103:16168:2530#0/1	97.531	81	2	0	1495	1575	81	1	1.88e-30	139
NC_011593.1:2598858-2601929	NB551033:91:H5W5HBGX7:3:13505:17252:14109#0/2	98.684	76	1	0	2874	2949	1	76	2.43e-29	135
NC_011593.1:2598858-2601929	NB551033:91:H5W5HBGX7:3:13505:17252:14109#0/1	98.684	76	1	0	2874	2949	76	1	2.43e-29	135
NC_011593.1:2598858-2601929	NB551033:91:H5W5HBGX7:1:13105:15496:2106#0/2	98.649	74	1	0	2212	2285	74	1	3.15e-28	132
NC_011593.1:2598858-2601929	NB551033:91:H5W5HBGX7:1:13105:15496:2106#0/1	98.649	74	1	0	2212	2285	3	76	3.15e-28	132
NC_011593.1:2598858-2601929	NB551033:91:H5W5HBGX7:1:11202:22297:5262#0/1	100.000	66	0	0	1	66	66	1	1.89e-25	122
NC_011593.1:2598858-2601929	NB551033:91:H5W5HBGX7:4:11502:23181:3924#0/2	96.429	56	2	0	3017	3072	149	94	1.49e-16	93.5
NC_011593.1:2598858-2601929	NB551033:91:H5W5HBGX7:2:21211:23085:16091#0/2	96.429	56	2	0	3017	3072	1	56	1.49e-16	93.5
NC_011593.1:2598858-2601929	NB551033:91:H5W5HBGX7:2:21312:6192:7406#0/1	96.429	56	2	0	3017	3072	1	56	1.49e-16	93.5
NC_011593.1:2598858-2601929	NB551033:91:H5W5HBGX7:4:13409:15312:6618#0/1	100.000	44	0	0	1	44	44	1	3.21e-13	82.4
NC_011593.1:2598858-2601929	NB551033:91:H5W5HBGX7:3:13612:22271:14132#0/2	100.000	43	0	0	1	43	43	1	1.16e-12	80.5
NC_011593.1:2598858-2601929	NB551033:91:H5W5HBGX7:3:13612:22271:14132#0/1	100.000	43	0	0	1	43	82	124	1.16e-12	80.5
NC_011593.1:2598858-2601929	NB551033:91:H5W5HBGX7:1:21312:22358:8155#0/2	100.000	28	0	0	1028	1055	28	1	2.52e-04	52.8
NC_011593.1:2598858-2601929	NB551033:91:H5W5HBGX7:1:11209:13668:3096#0/2	100.000	28	0	0	1028	1055	28	1	2.52e-04	52.8
NC_011593.1:2598858-2601929	NB551033:91:H5W5HBGX7:1:21312:22358:8155#0/1	100.000	28	0	0	1028	1055	108	135	2.52e-04	52.8
# BLASTN 2.9.0+
# Query: NC_011593.1:c2604454-2602106 Bifidobacterium longum subsp. infantis ATCC 15697, complete genome
# Database: db/blast_C0202-6F-2A_S33.faa
# 0 hits found
# BLASTN 2.9.0+
# Query: NC_011593.1:c2605922-2604486 Bifidobacterium longum subsp. infantis ATCC 15697, complete genome
# Database: db/blast_C0202-6F-2A_S33.faa
# 0 hits found
# BLASTN 2.9.0+
# Query: NC_011593.1:c2606381-2605944 Bifidobacterium longum subsp. infantis ATCC 15697, complete genome
# Database: db/blast_C0202-6F-2A_S33.faa
# 0 hits found
# BLASTN 2.9.0+
# Query: NC_011593.1:c2607314-2606418 Bifidobacterium longum subsp. infantis ATCC 15697, complete genome
# Database: db/blast_C0202-6F-2A_S33.faa
# 0 hits found
# BLASTN 2.9.0+
# Query: NC_011593.1:c2608249-2607458 Bifidobacterium longum subsp. infantis ATCC 15697, complete genome
# Database: db/blast_C0202-6F-2A_S33.faa
# 0 hits found
# BLASTN 2.9.0+
# Query: NC_011593.1:c2609546-2608269 Bifidobacterium longum subsp. infantis ATCC 15697, complete genome
# Database: db/blast_C0202-6F-2A_S33.faa
# Fields: query acc.ver, subject acc.ver, % identity, alignment length, mismatches, gap opens, q. start, q. end, s. start, s. end, evalue, bit score
# 2 hits found
NC_011593.1:c2609546-2608269	NB551033:91:H5W5HBGX7:3:21607:12600:10901#0/2	100.000	149	0	0	320	468	150	2	5.70e-72	276
NC_011593.1:c2609546-2608269	NB551033:91:H5W5HBGX7:1:22105:6728:7555#0/1	99.333	150	1	0	328	477	150	1	7.37e-71	272
# BLASTN 2.9.0+
# Query: NC_011593.1:c2610356-2609697 Bifidobacterium longum subsp. infantis ATCC 15697, complete genome
# Database: db/blast_C0202-6F-2A_S33.faa
# 0 hits found
# BLASTN 2.9.0+
# Query: NC_011593.1:c2611458-2610496 Bifidobacterium longum subsp. infantis ATCC 15697, complete genome
# Database: db/blast_C0202-6F-2A_S33.faa
# 0 hits found
# BLASTN 2.9.0+
# Query: NC_011593.1:c2612430-2611477 Bifidobacterium longum subsp. infantis ATCC 15697, complete genome
# Database: db/blast_C0202-6F-2A_S33.faa
# 0 hits found
# BLASTN 2.9.0+
# Query: NC_011593.1:c2614109-2612517 Bifidobacterium longum subsp. infantis ATCC 15697, complete genome
# Database: db/blast_C0202-6F-2A_S33.faa
# 0 hits found
# BLASTN 2.9.0+
# Query: NC_011593.1:c2615274-2614312 Bifidobacterium longum subsp. infantis ATCC 15697, complete genome
# Database: db/blast_C0202-6F-2A_S33.faa
# 0 hits found
# BLASTN 2.9.0+
# Query: NC_011593.1:c2616246-2615293 Bifidobacterium longum subsp. infantis ATCC 15697, complete genome
# Database: db/blast_C0202-6F-2A_S33.faa
# 0 hits found
# BLASTN 2.9.0+
# Query: NC_011593.1:c2617928-2616333 Bifidobacterium longum subsp. infantis ATCC 15697, complete genome
# Database: db/blast_C0202-6F-2A_S33.faa
# 0 hits found
# BLASTN 2.9.0+
# Query: NC_011593.1:c2619247-2618063 Bifidobacterium longum subsp. infantis ATCC 15697, complete genome
# Database: db/blast_C0202-6F-2A_S33.faa
# 0 hits found
# BLASTN 2.9.0+
# Query: NC_011593.1:c2620369-2619413 Bifidobacterium longum subsp. infantis ATCC 15697, complete genome
# Database: db/blast_C0202-6F-2A_S33.faa
# 0 hits found
# BLASTN 2.9.0+
# Query: NC_011593.1:c2622143-2620551 Bifidobacterium longum subsp. infantis ATCC 15697, complete genome
# Database: db/blast_C0202-6F-2A_S33.faa
# 0 hits found
# BLASTN 2.9.0+
# Query: NC_011593.1:c2624124-2622520 Bifidobacterium longum subsp. infantis ATCC 15697, complete genome
# Database: db/blast_C0202-6F-2A_S33.faa
# 0 hits found
# BLASTN 2.9.0+
# Query: NC_011593.1:c2626110-2624512 Bifidobacterium longum subsp. infantis ATCC 15697, complete genome
# Database: db/blast_C0202-6F-2A_S33.faa
# 0 hits found
# BLASTN 2.9.0+
# Query: NC_011593.1:c2626386-2626264 Bifidobacterium longum subsp. infantis ATCC 15697, complete genome
# Database: db/blast_C0202-6F-2A_S33.faa
# 0 hits found
# BLASTN 2.9.0+
# Query: NC_011593.1:c2628158-2626563 Bifidobacterium longum subsp. infantis ATCC 15697, complete genome
# Database: db/blast_C0202-6F-2A_S33.faa
# 0 hits found
# BLASTN 2.9.0+
# Query: NC_011593.1:c2630269-2628314 Bifidobacterium longum subsp. infantis ATCC 15697, complete genome
# Database: db/blast_C0202-6F-2A_S33.faa
# 0 hits found
# BLASTN 2.9.0+
# Query: NC_011593.1:c2631106-2630366 Bifidobacterium longum subsp. infantis ATCC 15697, complete genome
# Database: db/blast_C0202-6F-2A_S33.faa
# 0 hits found
# BLASTN 2.9.0+
# Query: NC_011593.1:c2632432-2631140 Bifidobacterium longum subsp. infantis ATCC 15697, complete genome
# Database: db/blast_C0202-6F-2A_S33.faa
# 0 hits found
# BLASTN 2.9.0+
# Query: NC_011593.1:c2633881-2632562 Bifidobacterium longum subsp. infantis ATCC 15697, complete genome
# Database: db/blast_C0202-6F-2A_S33.faa
# 0 hits found
# BLASTN 2.9.0+
# Query: NC_011593.1:c2634683-2633865 Bifidobacterium longum subsp. infantis ATCC 15697, complete genome
# Database: db/blast_C0202-6F-2A_S33.faa
# 0 hits found
# BLASTN 2.9.0+
# Query: NC_011593.1:c2635627-2634680 Bifidobacterium longum subsp. infantis ATCC 15697, complete genome
# Database: db/blast_C0202-6F-2A_S33.faa
# 0 hits found
# BLASTN 2.9.0+
# Query: NC_011593.1:c2636747-2635629 Bifidobacterium longum subsp. infantis ATCC 15697, complete genome
# Database: db/blast_C0202-6F-2A_S33.faa
# 0 hits found
# BLAST processed 31 queries
