# BLASTN 2.9.0+
# Query: NC_011593.1:c2595355-2593832 Bifidobacterium longum subsp. infantis ATCC 15697, complete genome
# Database: db/blast_C0249-4F-1A_S20.faa
# Fields: query acc.ver, subject acc.ver, % identity, alignment length, mismatches, gap opens, q. start, q. end, s. start, s. end, evalue, bit score
# 91 hits found
NC_011593.1:c2595355-2593832	NB551033:131:HK2T7BGX9:1:22106:6043:1403#0/1	99.329	149	1	0	377	525	1	149	5.84e-70	270
NC_011593.1:c2595355-2593832	NB551033:131:HK2T7BGX9:3:21505:15753:19957#0/1	98.675	151	2	0	406	556	151	1	2.10e-69	268
NC_011593.1:c2595355-2593832	NB551033:131:HK2T7BGX9:2:13108:5679:14880#0/1	98.675	151	2	0	1024	1174	151	1	2.10e-69	268
NC_011593.1:c2595355-2593832	NB551033:131:HK2T7BGX9:2:11206:4404:19423#0/2	98.667	150	2	0	441	590	150	1	7.56e-69	267
NC_011593.1:c2595355-2593832	NB551033:131:HK2T7BGX9:2:12308:6316:10290#0/2	98.658	149	2	0	939	1087	1	149	2.72e-68	265
NC_011593.1:c2595355-2593832	NB551033:131:HK2T7BGX9:4:22602:7447:16494#0/2	98.013	151	3	0	483	633	151	1	9.78e-68	263
NC_011593.1:c2595355-2593832	NB551033:131:HK2T7BGX9:4:11602:11638:14795#0/2	98.013	151	3	0	707	857	151	1	9.78e-68	263
NC_011593.1:c2595355-2593832	NB551033:131:HK2T7BGX9:2:21305:12621:3079#0/2	98.013	151	3	0	798	948	151	1	9.78e-68	263
NC_011593.1:c2595355-2593832	NB551033:131:HK2T7BGX9:2:13108:5679:14880#0/2	98.013	151	3	0	801	951	1	151	9.78e-68	263
NC_011593.1:c2595355-2593832	NB551033:131:HK2T7BGX9:4:12412:23001:11170#0/1	98.013	151	3	0	697	847	151	1	9.78e-68	263
NC_011593.1:c2595355-2593832	NB551033:131:HK2T7BGX9:2:21105:25390:7811#0/2	98.639	147	2	0	1186	1332	1	147	3.52e-67	261
NC_011593.1:c2595355-2593832	NB551033:131:HK2T7BGX9:2:11212:9789:15975#0/2	98.639	147	2	0	949	1095	147	1	3.52e-67	261
NC_011593.1:c2595355-2593832	NB551033:131:HK2T7BGX9:4:22602:7447:16494#0/1	98.000	150	3	0	389	538	1	150	3.52e-67	261
NC_011593.1:c2595355-2593832	NB551033:131:HK2T7BGX9:2:21305:12621:3079#0/1	98.000	150	3	0	783	932	1	150	3.52e-67	261
NC_011593.1:c2595355-2593832	NB551033:131:HK2T7BGX9:1:23105:18154:11754#0/1	98.000	150	3	0	524	673	1	150	3.52e-67	261
NC_011593.1:c2595355-2593832	NB551033:131:HK2T7BGX9:2:11212:9789:15975#0/1	98.630	146	2	0	949	1094	1	146	1.26e-66	259
NC_011593.1:c2595355-2593832	NB551033:131:HK2T7BGX9:1:23308:15510:9917#0/1	97.351	151	4	0	890	1040	151	1	4.55e-66	257
NC_011593.1:c2595355-2593832	NB551033:131:HK2T7BGX9:1:23304:20889:1885#0/1	97.351	151	4	0	844	994	1	151	4.55e-66	257
NC_011593.1:c2595355-2593832	NB551033:131:HK2T7BGX9:1:12105:23384:5764#0/1	97.351	151	4	0	81	231	151	1	4.55e-66	257
NC_011593.1:c2595355-2593832	NB551033:131:HK2T7BGX9:1:12105:23384:5764#0/2	97.333	150	4	0	79	228	1	150	1.64e-65	255
NC_011593.1:c2595355-2593832	NB551033:131:HK2T7BGX9:3:21505:15753:19957#0/2	96.689	151	5	0	262	412	1	151	2.12e-64	252
NC_011593.1:c2595355-2593832	NB551033:131:HK2T7BGX9:2:22307:9126:6151#0/1	96.689	151	5	0	120	270	151	1	2.12e-64	252
NC_011593.1:c2595355-2593832	NB551033:131:HK2T7BGX9:4:11508:14978:9207#0/2	96.667	150	5	0	187	336	150	1	7.61e-64	250
NC_011593.1:c2595355-2593832	NB551033:131:HK2T7BGX9:3:21401:13683:6963#0/2	96.667	150	5	0	288	437	150	1	7.61e-64	250
NC_011593.1:c2595355-2593832	NB551033:131:HK2T7BGX9:3:11603:8700:9081#0/1	97.279	147	4	0	1311	1457	147	1	7.61e-64	250
NC_011593.1:c2595355-2593832	NB551033:131:HK2T7BGX9:2:12308:6316:10290#0/1	96.667	150	5	0	1298	1447	150	1	7.61e-64	250
NC_011593.1:c2595355-2593832	NB551033:131:HK2T7BGX9:1:23212:21749:14446#0/1	96.667	150	5	0	1288	1437	150	1	7.61e-64	250
NC_011593.1:c2595355-2593832	NB551033:131:HK2T7BGX9:1:12211:9654:3890#0/1	96.667	150	5	0	146	295	150	1	7.61e-64	250
NC_011593.1:c2595355-2593832	NB551033:131:HK2T7BGX9:4:22612:1243:8663#0/1	96.644	149	5	0	74	222	149	1	2.74e-63	248
NC_011593.1:c2595355-2593832	NB551033:131:HK2T7BGX9:2:21105:25390:7811#0/1	97.241	145	4	0	1274	1418	147	3	9.85e-63	246
NC_011593.1:c2595355-2593832	NB551033:131:HK2T7BGX9:2:13103:6489:7818#0/1	96.026	151	6	0	610	760	1	151	9.85e-63	246
NC_011593.1:c2595355-2593832	NB551033:131:HK2T7BGX9:1:11101:7380:9733#0/1	96.026	151	6	0	432	582	151	1	9.85e-63	246
NC_011593.1:c2595355-2593832	NB551033:131:HK2T7BGX9:2:13103:6489:7818#0/2	96.000	150	6	0	660	809	150	1	3.54e-62	244
NC_011593.1:c2595355-2593832	NB551033:131:HK2T7BGX9:1:23110:23342:7705#0/2	96.000	150	6	0	427	576	1	150	3.54e-62	244
NC_011593.1:c2595355-2593832	NB551033:131:HK2T7BGX9:4:11602:11638:14795#0/1	96.000	150	6	0	672	821	1	150	3.54e-62	244
NC_011593.1:c2595355-2593832	NB551033:131:HK2T7BGX9:1:23304:20889:1885#0/2	97.183	142	4	0	858	999	142	1	4.58e-61	241
NC_011593.1:c2595355-2593832	NB551033:131:HK2T7BGX9:1:23105:18154:11754#0/2	95.364	151	7	0	644	794	151	1	4.58e-61	241
NC_011593.1:c2595355-2593832	NB551033:131:HK2T7BGX9:3:11602:8575:12143#0/1	95.364	151	7	0	380	530	1	151	4.58e-61	241
NC_011593.1:c2595355-2593832	NB551033:131:HK2T7BGX9:2:22307:9126:6151#0/2	96.528	144	5	0	52	195	6	149	1.65e-60	239
NC_011593.1:c2595355-2593832	NB551033:131:HK2T7BGX9:3:22409:21019:2023#0/1	95.333	150	7	0	660	809	150	1	1.65e-60	239
NC_011593.1:c2595355-2593832	NB551033:131:HK2T7BGX9:4:12412:23001:11170#0/2	95.302	149	7	0	635	783	1	149	5.93e-60	237
NC_011593.1:c2595355-2593832	NB551033:131:HK2T7BGX9:2:22309:11985:17710#0/2	95.270	148	7	0	372	519	1	148	2.13e-59	235
NC_011593.1:c2595355-2593832	NB551033:131:HK2T7BGX9:2:22309:11985:17710#0/1	95.270	148	7	0	372	519	150	3	2.13e-59	235
NC_011593.1:c2595355-2593832	NB551033:131:HK2T7BGX9:2:12303:20820:4931#0/2	95.238	147	7	0	630	776	147	1	7.67e-59	233
NC_011593.1:c2595355-2593832	NB551033:131:HK2T7BGX9:2:12303:20820:4931#0/1	95.238	147	7	0	630	776	1	147	7.67e-59	233
NC_011593.1:c2595355-2593832	NB551033:131:HK2T7BGX9:1:13308:18037:1831#0/2	97.744	133	3	0	692	824	1	133	9.92e-58	230
NC_011593.1:c2595355-2593832	NB551033:131:HK2T7BGX9:1:13104:9560:9290#0/1	96.403	139	5	0	692	830	1	139	9.92e-58	230
NC_011593.1:c2595355-2593832	NB551033:131:HK2T7BGX9:4:12606:9801:15865#0/1	96.269	134	5	0	697	830	1	134	5.97e-55	220
NC_011593.1:c2595355-2593832	NB551033:131:HK2T7BGX9:1:21209:20457:9509#0/1	95.000	140	7	0	355	494	142	3	5.97e-55	220
NC_011593.1:c2595355-2593832	NB551033:131:HK2T7BGX9:3:21411:21523:13626#0/1	97.600	125	3	0	916	1040	125	1	2.78e-53	215
NC_011593.1:c2595355-2593832	NB551033:131:HK2T7BGX9:2:13306:8378:18480#0/2	96.154	130	5	0	429	558	1	130	9.99e-53	213
NC_011593.1:c2595355-2593832	NB551033:131:HK2T7BGX9:3:23606:8213:19084#0/2	98.333	120	2	0	1127	1246	120	1	3.59e-52	211
NC_011593.1:c2595355-2593832	NB551033:131:HK2T7BGX9:3:23606:8213:19084#0/1	98.333	120	2	0	1127	1246	1	120	3.59e-52	211
NC_011593.1:c2595355-2593832	NB551033:131:HK2T7BGX9:1:23212:21749:14446#0/2	97.541	122	3	0	1282	1403	1	122	1.29e-51	209
NC_011593.1:c2595355-2593832	NB551033:131:HK2T7BGX9:3:12606:3065:15741#0/2	97.500	120	3	0	828	947	120	1	1.67e-50	206
NC_011593.1:c2595355-2593832	NB551033:131:HK2T7BGX9:3:12606:3065:15741#0/1	97.500	120	3	0	828	947	1	120	1.67e-50	206
NC_011593.1:c2595355-2593832	NB551033:131:HK2T7BGX9:1:23203:5649:3899#0/1	95.968	124	5	0	707	830	1	124	2.16e-49	202
NC_011593.1:c2595355-2593832	NB551033:131:HK2T7BGX9:1:11110:12889:3584#0/2	98.198	111	2	0	971	1081	1	111	3.62e-47	195
NC_011593.1:c2595355-2593832	NB551033:131:HK2T7BGX9:1:11110:12889:3584#0/1	98.198	111	2	0	971	1081	111	1	3.62e-47	195
NC_011593.1:c2595355-2593832	NB551033:131:HK2T7BGX9:2:22306:21951:20087#0/1	96.330	109	4	0	450	558	1	109	1.01e-42	180
NC_011593.1:c2595355-2593832	NB551033:131:HK2T7BGX9:3:13410:7020:12512#0/1	97.143	105	3	0	870	974	1	105	3.64e-42	178
NC_011593.1:c2595355-2593832	NB551033:131:HK2T7BGX9:3:13405:4221:6188#0/2	97.115	104	3	0	64	167	104	1	1.31e-41	176
NC_011593.1:c2595355-2593832	NB551033:131:HK2T7BGX9:3:13405:4221:6188#0/1	97.115	104	3	0	64	167	1	104	1.31e-41	176
NC_011593.1:c2595355-2593832	NB551033:131:HK2T7BGX9:2:13208:18776:15369#0/1	96.154	104	4	0	455	558	1	104	6.10e-40	171
NC_011593.1:c2595355-2593832	NB551033:131:HK2T7BGX9:2:21302:22612:12375#0/2	96.040	101	4	0	458	558	1	101	2.84e-38	165
NC_011593.1:c2595355-2593832	NB551033:131:HK2T7BGX9:2:11206:4404:19423#0/1	100.000	89	0	0	377	465	1	89	2.84e-38	165
NC_011593.1:c2595355-2593832	NB551033:131:HK2T7BGX9:1:23308:15510:9917#0/2	96.907	97	3	0	849	945	1	97	1.02e-37	163
NC_011593.1:c2595355-2593832	NB551033:131:HK2T7BGX9:4:21608:7471:7701#0/1	95.918	98	4	0	461	558	1	98	1.32e-36	159
NC_011593.1:c2595355-2593832	NB551033:131:HK2T7BGX9:4:23402:11888:13559#0/2	95.833	96	4	0	699	794	1	96	1.71e-35	156
NC_011593.1:c2595355-2593832	NB551033:131:HK2T7BGX9:4:23402:11888:13559#0/1	95.506	89	4	0	706	794	89	1	1.33e-31	143
NC_011593.1:c2595355-2593832	NB551033:131:HK2T7BGX9:3:21401:13683:6963#0/1	96.471	85	3	0	239	323	1	85	4.78e-31	141
NC_011593.1:c2595355-2593832	NB551033:131:HK2T7BGX9:4:22509:11246:13849#0/2	95.402	87	4	0	472	558	1	87	1.72e-30	139
NC_011593.1:c2595355-2593832	NB551033:131:HK2T7BGX9:4:21504:23907:6854#0/2	95.122	82	4	0	387	468	82	1	1.03e-27	130
NC_011593.1:c2595355-2593832	NB551033:131:HK2T7BGX9:4:21504:23907:6854#0/1	95.122	82	4	0	387	468	1	82	1.03e-27	130
NC_011593.1:c2595355-2593832	NB551033:131:HK2T7BGX9:4:13604:18268:6313#0/1	97.368	76	2	0	1395	1470	1	76	1.03e-27	130
NC_011593.1:c2595355-2593832	NB551033:131:HK2T7BGX9:1:13110:18661:8278#0/1	98.592	71	1	0	1190	1260	1	71	1.34e-26	126
NC_011593.1:c2595355-2593832	NB551033:131:HK2T7BGX9:2:22209:21343:15161#0/2	97.222	72	2	0	759	830	72	1	1.73e-25	122
NC_011593.1:c2595355-2593832	NB551033:131:HK2T7BGX9:1:13110:18661:8278#0/2	97.222	72	2	0	1274	1345	72	1	1.73e-25	122
NC_011593.1:c2595355-2593832	NB551033:131:HK2T7BGX9:4:12602:20722:2466#0/2	95.890	73	3	0	500	572	1	73	2.24e-24	119
NC_011593.1:c2595355-2593832	NB551033:131:HK2T7BGX9:4:12602:20722:2466#0/1	95.890	73	3	0	500	572	73	1	2.24e-24	119
NC_011593.1:c2595355-2593832	NB551033:131:HK2T7BGX9:1:13312:20442:6080#0/2	98.387	62	1	0	757	818	62	1	1.35e-21	110
NC_011593.1:c2595355-2593832	NB551033:131:HK2T7BGX9:3:21511:9843:7186#0/1	98.387	62	1	0	80	141	62	1	1.35e-21	110
NC_011593.1:c2595355-2593832	NB551033:131:HK2T7BGX9:3:21511:9843:7186#0/2	98.333	60	1	0	80	139	1	60	1.74e-20	106
NC_011593.1:c2595355-2593832	NB551033:131:HK2T7BGX9:3:11503:6064:13247#0/2	98.333	60	1	0	499	558	2	61	1.74e-20	106
NC_011593.1:c2595355-2593832	NB551033:131:HK2T7BGX9:2:11109:10973:6736#0/2	98.305	59	1	0	1412	1470	1	59	6.27e-20	104
NC_011593.1:c2595355-2593832	NB551033:131:HK2T7BGX9:2:11109:10973:6736#0/1	98.305	59	1	0	1412	1470	134	76	6.27e-20	104
NC_011593.1:c2595355-2593832	NB551033:131:HK2T7BGX9:3:11603:8700:9081#0/2	98.276	58	1	0	1311	1368	1	58	2.26e-19	102
NC_011593.1:c2595355-2593832	NB551033:131:HK2T7BGX9:2:21305:8579:3792#0/2	98.276	58	1	0	500	557	1	58	2.26e-19	102
NC_011593.1:c2595355-2593832	NB551033:131:HK2T7BGX9:3:21501:16610:9488#0/2	98.246	57	1	0	768	824	1	57	8.11e-19	100
NC_011593.1:c2595355-2593832	NB551033:131:HK2T7BGX9:1:11101:13324:3863#0/2	97.917	48	1	0	511	558	1	48	8.17e-14	84.2
NC_011593.1:c2595355-2593832	NB551033:131:HK2T7BGX9:2:21303:23533:5142#0/2	95.918	49	2	0	429	477	1	49	1.06e-12	80.5
# BLASTN 2.9.0+
# Query: NC_011593.1:c2597106-2595574 Bifidobacterium longum subsp. infantis ATCC 15697, complete genome
# Database: db/blast_C0249-4F-1A_S20.faa
# Fields: query acc.ver, subject acc.ver, % identity, alignment length, mismatches, gap opens, q. start, q. end, s. start, s. end, evalue, bit score
# 17 hits found
NC_011593.1:c2597106-2595574	NB551033:131:HK2T7BGX9:2:13306:8378:18480#0/2	95.161	124	6	0	429	552	1	124	1.01e-47	196
NC_011593.1:c2597106-2595574	NB551033:131:HK2T7BGX9:4:23610:16076:18499#0/2	95.000	120	6	0	1	120	120	1	1.69e-45	189
NC_011593.1:c2597106-2595574	NB551033:131:HK2T7BGX9:4:11508:14978:9207#0/1	95.283	106	5	0	1	106	45	150	2.21e-39	169
NC_011593.1:c2597106-2595574	NB551033:131:HK2T7BGX9:3:21401:13683:6963#0/1	95.294	85	4	0	239	323	1	85	2.24e-29	135
NC_011593.1:c2597106-2595574	NB551033:131:HK2T7BGX9:4:11603:19551:3360#0/2	100.000	70	0	0	1	70	70	1	1.04e-27	130
NC_011593.1:c2597106-2595574	NB551033:131:HK2T7BGX9:4:13604:18268:6313#0/1	97.368	76	2	0	1395	1470	1	76	1.04e-27	130
NC_011593.1:c2597106-2595574	NB551033:131:HK2T7BGX9:3:13509:11566:3320#0/2	96.053	76	3	0	133	208	1	76	4.84e-26	124
NC_011593.1:c2597106-2595574	NB551033:131:HK2T7BGX9:3:13509:11566:3320#0/1	96.053	76	3	0	133	208	76	1	4.84e-26	124
NC_011593.1:c2597106-2595574	NB551033:131:HK2T7BGX9:2:22209:21343:15161#0/2	95.833	72	3	0	759	830	72	1	8.10e-24	117
NC_011593.1:c2597106-2595574	NB551033:131:HK2T7BGX9:2:22101:1838:15619#0/1	100.000	61	0	0	1	61	91	151	1.05e-22	113
NC_011593.1:c2597106-2595574	NB551033:131:HK2T7BGX9:2:11109:10973:6736#0/2	98.305	59	1	0	1412	1470	1	59	6.31e-20	104
NC_011593.1:c2597106-2595574	NB551033:131:HK2T7BGX9:1:13312:20442:6080#0/2	96.774	62	2	0	757	818	62	1	6.31e-20	104
NC_011593.1:c2597106-2595574	NB551033:131:HK2T7BGX9:2:11109:10973:6736#0/1	98.305	59	1	0	1412	1470	134	76	6.31e-20	104
NC_011593.1:c2597106-2595574	NB551033:131:HK2T7BGX9:3:21610:15761:4261#0/2	100.000	55	0	0	1	55	55	1	2.27e-19	102
NC_011593.1:c2597106-2595574	NB551033:131:HK2T7BGX9:3:21501:16610:9488#0/2	98.246	57	1	0	768	824	1	57	8.16e-19	100
NC_011593.1:c2597106-2595574	NB551033:131:HK2T7BGX9:4:23503:9437:16420#0/2	97.917	48	1	0	34	81	55	8	8.22e-14	84.2
NC_011593.1:c2597106-2595574	NB551033:131:HK2T7BGX9:2:21303:23533:5142#0/2	95.918	49	2	0	429	477	1	49	1.06e-12	80.5
# BLASTN 2.9.0+
# Query: NC_011593.1:c2598562-2597207 Bifidobacterium longum subsp. infantis ATCC 15697, complete genome
# Database: db/blast_C0249-4F-1A_S20.faa
# Fields: query acc.ver, subject acc.ver, % identity, alignment length, mismatches, gap opens, q. start, q. end, s. start, s. end, evalue, bit score
# 86 hits found
NC_011593.1:c2598562-2597207	NB551033:131:HK2T7BGX9:4:22509:14278:14552#0/2	100.000	151	0	0	1195	1345	151	1	8.62e-73	279
NC_011593.1:c2598562-2597207	NB551033:131:HK2T7BGX9:3:11610:24063:2002#0/2	100.000	151	0	0	602	752	1	151	8.62e-73	279
NC_011593.1:c2598562-2597207	NB551033:131:HK2T7BGX9:3:11601:2700:7860#0/2	100.000	151	0	0	883	1033	1	151	8.62e-73	279
NC_011593.1:c2598562-2597207	NB551033:131:HK2T7BGX9:2:13311:12194:11371#0/2	100.000	151	0	0	213	363	1	151	8.62e-73	279
NC_011593.1:c2598562-2597207	NB551033:131:HK2T7BGX9:1:22108:8706:3355#0/2	100.000	151	0	0	287	437	1	151	8.62e-73	279
NC_011593.1:c2598562-2597207	NB551033:131:HK2T7BGX9:1:21205:10672:9444#0/2	100.000	151	0	0	636	786	1	151	8.62e-73	279
NC_011593.1:c2598562-2597207	NB551033:131:HK2T7BGX9:4:12604:11791:6887#0/1	100.000	151	0	0	211	361	1	151	8.62e-73	279
NC_011593.1:c2598562-2597207	NB551033:131:HK2T7BGX9:3:12610:19257:8635#0/1	100.000	151	0	0	658	808	1	151	8.62e-73	279
NC_011593.1:c2598562-2597207	NB551033:131:HK2T7BGX9:2:13101:13759:2797#0/1	100.000	151	0	0	764	914	1	151	8.62e-73	279
NC_011593.1:c2598562-2597207	NB551033:131:HK2T7BGX9:3:21407:19346:16016#0/2	100.000	150	0	0	566	715	1	150	3.10e-72	278
NC_011593.1:c2598562-2597207	NB551033:131:HK2T7BGX9:2:22311:24193:15782#0/2	100.000	150	0	0	240	389	1	150	3.10e-72	278
NC_011593.1:c2598562-2597207	NB551033:131:HK2T7BGX9:2:13101:13759:2797#0/2	100.000	150	0	0	814	963	150	1	3.10e-72	278
NC_011593.1:c2598562-2597207	NB551033:131:HK2T7BGX9:4:11509:16930:18198#0/1	100.000	150	0	0	899	1048	1	150	3.10e-72	278
NC_011593.1:c2598562-2597207	NB551033:131:HK2T7BGX9:4:11505:8065:16905#0/1	100.000	150	0	0	1091	1240	150	1	3.10e-72	278
NC_011593.1:c2598562-2597207	NB551033:131:HK2T7BGX9:3:11610:24063:2002#0/1	100.000	150	0	0	763	912	150	1	3.10e-72	278
NC_011593.1:c2598562-2597207	NB551033:131:HK2T7BGX9:2:22302:22128:15632#0/1	100.000	150	0	0	705	854	150	1	3.10e-72	278
NC_011593.1:c2598562-2597207	NB551033:131:HK2T7BGX9:2:12311:7520:7265#0/1	100.000	150	0	0	689	838	1	150	3.10e-72	278
NC_011593.1:c2598562-2597207	NB551033:131:HK2T7BGX9:1:22104:21431:16150#0/1	100.000	150	0	0	289	438	1	150	3.10e-72	278
NC_011593.1:c2598562-2597207	NB551033:131:HK2T7BGX9:1:21205:10672:9444#0/1	100.000	150	0	0	809	958	150	1	3.10e-72	278
NC_011593.1:c2598562-2597207	NB551033:131:HK2T7BGX9:4:13611:19052:6538#0/2	100.000	149	0	0	542	690	1	149	1.11e-71	276
NC_011593.1:c2598562-2597207	NB551033:131:HK2T7BGX9:2:22302:22128:15632#0/2	100.000	149	0	0	683	831	1	149	1.11e-71	276
NC_011593.1:c2598562-2597207	NB551033:131:HK2T7BGX9:2:13304:5145:14878#0/2	100.000	149	0	0	504	652	1	149	1.11e-71	276
NC_011593.1:c2598562-2597207	NB551033:131:HK2T7BGX9:2:12311:7520:7265#0/2	100.000	149	0	0	820	968	149	1	1.11e-71	276
NC_011593.1:c2598562-2597207	NB551033:131:HK2T7BGX9:4:23409:25514:4972#0/1	100.000	149	0	0	668	816	1	149	1.11e-71	276
NC_011593.1:c2598562-2597207	NB551033:131:HK2T7BGX9:1:22312:2821:4480#0/2	100.000	148	0	0	645	792	1	148	4.01e-71	274
NC_011593.1:c2598562-2597207	NB551033:131:HK2T7BGX9:1:22312:2821:4480#0/1	100.000	148	0	0	726	873	148	1	4.01e-71	274
NC_011593.1:c2598562-2597207	NB551033:131:HK2T7BGX9:1:12303:25014:5107#0/2	99.333	150	1	0	889	1038	1	150	1.44e-70	272
NC_011593.1:c2598562-2597207	NB551033:131:HK2T7BGX9:3:21407:19346:16016#0/1	100.000	147	0	0	589	735	147	1	1.44e-70	272
NC_011593.1:c2598562-2597207	NB551033:131:HK2T7BGX9:3:12408:7359:13468#0/2	99.329	149	1	0	607	755	1	149	5.19e-70	270
NC_011593.1:c2598562-2597207	NB551033:131:HK2T7BGX9:1:22205:6892:11091#0/2	100.000	140	0	0	876	1015	1	140	1.12e-66	259
NC_011593.1:c2598562-2597207	NB551033:131:HK2T7BGX9:1:21209:7995:4978#0/1	97.987	149	3	0	382	530	1	149	1.12e-66	259
NC_011593.1:c2598562-2597207	NB551033:131:HK2T7BGX9:4:13611:19052:6538#0/1	99.242	132	1	0	566	697	132	1	1.46e-60	239
NC_011593.1:c2598562-2597207	NB551033:131:HK2T7BGX9:1:23312:2774:8259#0/1	99.242	132	1	0	795	926	1	132	1.46e-60	239
NC_011593.1:c2598562-2597207	NB551033:131:HK2T7BGX9:4:11505:8065:16905#0/2	100.000	124	0	0	1058	1181	28	151	8.80e-58	230
NC_011593.1:c2598562-2597207	NB551033:131:HK2T7BGX9:3:22509:3717:18959#0/1	100.000	124	0	0	138	261	27	150	8.80e-58	230
NC_011593.1:c2598562-2597207	NB551033:131:HK2T7BGX9:4:21607:10101:6332#0/2	100.000	121	0	0	1225	1345	1	121	4.10e-56	224
NC_011593.1:c2598562-2597207	NB551033:131:HK2T7BGX9:4:21607:10101:6332#0/1	100.000	121	0	0	1225	1345	121	1	4.10e-56	224
NC_011593.1:c2598562-2597207	NB551033:131:HK2T7BGX9:3:12602:20046:20359#0/2	100.000	120	0	0	1058	1177	32	151	1.47e-55	222
NC_011593.1:c2598562-2597207	NB551033:131:HK2T7BGX9:2:13105:11348:15303#0/1	100.000	119	0	0	1058	1176	119	1	5.30e-55	220
NC_011593.1:c2598562-2597207	NB551033:131:HK2T7BGX9:3:13604:20331:2000#0/1	100.000	114	0	0	318	431	114	1	3.19e-52	211
NC_011593.1:c2598562-2597207	NB551033:131:HK2T7BGX9:1:23105:3023:2169#0/2	97.521	121	3	0	138	258	4	124	4.12e-51	207
NC_011593.1:c2598562-2597207	NB551033:131:HK2T7BGX9:1:22104:21431:16150#0/2	100.000	112	0	0	358	469	113	2	4.12e-51	207
NC_011593.1:c2598562-2597207	NB551033:131:HK2T7BGX9:3:11509:3777:7303#0/2	99.115	113	1	0	1220	1332	113	1	5.34e-50	204
NC_011593.1:c2598562-2597207	NB551033:131:HK2T7BGX9:2:13304:5145:14878#0/1	100.000	106	0	0	576	681	106	1	8.93e-48	196
NC_011593.1:c2598562-2597207	NB551033:131:HK2T7BGX9:1:22102:9474:5862#0/2	100.000	105	0	0	960	1064	1	105	3.21e-47	195
NC_011593.1:c2598562-2597207	NB551033:131:HK2T7BGX9:1:21105:8611:4558#0/2	100.000	98	0	0	1259	1356	1	98	2.50e-43	182
NC_011593.1:c2598562-2597207	NB551033:131:HK2T7BGX9:1:21203:15003:14613#0/2	100.000	93	0	0	876	968	93	1	1.50e-40	172
NC_011593.1:c2598562-2597207	NB551033:131:HK2T7BGX9:1:21203:15003:14613#0/1	100.000	93	0	0	876	968	1	93	1.50e-40	172
NC_011593.1:c2598562-2597207	NB551033:131:HK2T7BGX9:2:21206:20948:10083#0/1	100.000	92	0	0	228	319	92	1	5.41e-40	171
NC_011593.1:c2598562-2597207	NB551033:131:HK2T7BGX9:1:22307:7221:2291#0/1	100.000	91	0	0	698	788	1	91	1.95e-39	169
NC_011593.1:c2598562-2597207	NB551033:131:HK2T7BGX9:2:12209:15468:19429#0/1	100.000	87	0	0	831	917	87	1	3.26e-37	161
NC_011593.1:c2598562-2597207	NB551033:131:HK2T7BGX9:3:22509:3717:18959#0/2	100.000	84	0	0	231	314	84	1	1.52e-35	156
NC_011593.1:c2598562-2597207	NB551033:131:HK2T7BGX9:2:12209:15468:19429#0/2	100.000	83	0	0	618	700	1	83	5.45e-35	154
NC_011593.1:c2598562-2597207	NB551033:131:HK2T7BGX9:3:12408:7359:13468#0/1	98.837	86	1	0	927	1012	86	1	5.45e-35	154
NC_011593.1:c2598562-2597207	NB551033:131:HK2T7BGX9:2:12308:4363:8478#0/1	100.000	82	0	0	147	228	1	82	1.96e-34	152
NC_011593.1:c2598562-2597207	NB551033:131:HK2T7BGX9:1:22208:9901:15019#0/2	98.780	82	1	0	138	219	4	85	9.12e-33	147
NC_011593.1:c2598562-2597207	NB551033:131:HK2T7BGX9:1:22208:9901:15019#0/1	98.780	82	1	0	138	219	82	1	9.12e-33	147
NC_011593.1:c2598562-2597207	NB551033:131:HK2T7BGX9:1:13112:3675:5824#0/1	100.000	76	0	0	138	213	75	150	4.24e-31	141
NC_011593.1:c2598562-2597207	NB551033:131:HK2T7BGX9:3:23402:22659:2232#0/1	100.000	75	0	0	377	451	1	75	1.53e-30	139
NC_011593.1:c2598562-2597207	NB551033:131:HK2T7BGX9:1:21209:7995:4978#0/2	100.000	73	0	0	496	568	73	1	1.97e-29	135
NC_011593.1:c2598562-2597207	NB551033:131:HK2T7BGX9:2:13105:11348:15303#0/2	100.000	71	0	0	1058	1128	80	150	2.55e-28	132
NC_011593.1:c2598562-2597207	NB551033:131:HK2T7BGX9:4:13608:16927:9263#0/2	100.000	69	0	0	585	653	69	1	3.30e-27	128
NC_011593.1:c2598562-2597207	NB551033:131:HK2T7BGX9:3:23402:22659:2232#0/2	100.000	68	0	0	497	564	68	1	1.19e-26	126
NC_011593.1:c2598562-2597207	NB551033:131:HK2T7BGX9:4:13608:16927:9263#0/1	100.000	67	0	0	462	528	1	67	4.27e-26	124
NC_011593.1:c2598562-2597207	NB551033:131:HK2T7BGX9:1:23312:2774:8259#0/2	100.000	66	0	0	971	1036	66	1	1.54e-25	122
NC_011593.1:c2598562-2597207	NB551033:131:HK2T7BGX9:2:13311:12194:11371#0/1	100.000	65	0	0	311	375	65	1	5.53e-25	121
NC_011593.1:c2598562-2597207	NB551033:131:HK2T7BGX9:3:12607:24004:15105#0/1	100.000	61	0	0	1004	1064	1	61	9.25e-23	113
NC_011593.1:c2598562-2597207	NB551033:131:HK2T7BGX9:2:12308:4363:8478#0/2	100.000	59	0	0	844	902	59	1	1.20e-21	110
NC_011593.1:c2598562-2597207	NB551033:131:HK2T7BGX9:1:13106:12959:19658#0/2	100.000	57	0	0	138	194	57	1	1.55e-20	106
NC_011593.1:c2598562-2597207	NB551033:131:HK2T7BGX9:1:13106:12959:19658#0/1	100.000	57	0	0	138	194	50	106	1.55e-20	106
NC_011593.1:c2598562-2597207	NB551033:131:HK2T7BGX9:4:12604:11791:6887#0/2	100.000	56	0	0	315	370	56	1	5.57e-20	104
NC_011593.1:c2598562-2597207	NB551033:131:HK2T7BGX9:2:22311:24193:15782#0/1	100.000	56	0	0	414	469	57	2	5.57e-20	104
NC_011593.1:c2598562-2597207	NB551033:131:HK2T7BGX9:1:12104:26561:18043#0/1	100.000	56	0	0	1301	1356	1	56	5.57e-20	104
NC_011593.1:c2598562-2597207	NB551033:131:HK2T7BGX9:1:22108:8706:3355#0/1	95.312	64	3	0	430	493	64	1	2.00e-19	102
NC_011593.1:c2598562-2597207	NB551033:131:HK2T7BGX9:4:13406:12687:2598#0/2	100.000	54	0	0	1011	1064	1	54	7.20e-19	100
NC_011593.1:c2598562-2597207	NB551033:131:HK2T7BGX9:3:22507:10446:18108#0/2	100.000	54	0	0	154	207	54	1	7.20e-19	100
NC_011593.1:c2598562-2597207	NB551033:131:HK2T7BGX9:1:12303:25014:5107#0/1	100.000	54	0	0	1011	1064	150	97	7.20e-19	100
NC_011593.1:c2598562-2597207	NB551033:131:HK2T7BGX9:1:13112:3675:5824#0/2	100.000	53	0	0	232	284	53	1	2.59e-18	99.0
NC_011593.1:c2598562-2597207	NB551033:131:HK2T7BGX9:2:23308:21508:10134#0/1	100.000	52	0	0	1305	1356	1	52	9.31e-18	97.1
NC_011593.1:c2598562-2597207	NB551033:131:HK2T7BGX9:2:21206:20948:10083#0/2	98.148	54	1	0	138	191	80	133	3.35e-17	95.3
NC_011593.1:c2598562-2597207	NB551033:131:HK2T7BGX9:2:11306:20888:16130#0/2	100.000	51	0	0	1058	1108	51	1	3.35e-17	95.3
NC_011593.1:c2598562-2597207	NB551033:131:HK2T7BGX9:1:12104:17577:10810#0/2	100.000	47	0	0	1310	1356	1	47	5.61e-15	87.9
NC_011593.1:c2598562-2597207	NB551033:131:HK2T7BGX9:3:12602:20046:20359#0/1	100.000	46	0	0	1311	1356	125	80	2.02e-14	86.1
NC_011593.1:c2598562-2597207	NB551033:131:HK2T7BGX9:1:23105:3023:2169#0/1	97.959	49	1	0	596	644	49	1	2.02e-14	86.1
NC_011593.1:c2598562-2597207	NB551033:131:HK2T7BGX9:3:13604:20331:2000#0/2	100.000	39	0	0	138	176	113	151	1.57e-10	73.1
NC_011593.1:c2598562-2597207	NB551033:131:HK2T7BGX9:1:21105:8611:4558#0/1	100.000	29	0	0	1328	1356	151	123	5.69e-05	54.7
# BLASTN 2.9.0+
# Query: NC_011593.1:2598858-2601929 Bifidobacterium longum subsp. infantis ATCC 15697, complete genome
# Database: db/blast_C0249-4F-1A_S20.faa
# Fields: query acc.ver, subject acc.ver, % identity, alignment length, mismatches, gap opens, q. start, q. end, s. start, s. end, evalue, bit score
# 189 hits found
NC_011593.1:2598858-2601929	NB551033:131:HK2T7BGX9:3:21609:17824:13589#0/2	100.000	151	0	0	2463	2613	1	151	1.96e-72	279
NC_011593.1:2598858-2601929	NB551033:131:HK2T7BGX9:3:12609:10753:16052#0/2	100.000	151	0	0	1172	1322	1	151	1.96e-72	279
NC_011593.1:2598858-2601929	NB551033:131:HK2T7BGX9:4:13408:21476:14409#0/1	100.000	151	0	0	2434	2584	151	1	1.96e-72	279
NC_011593.1:2598858-2601929	NB551033:131:HK2T7BGX9:2:22101:13987:13920#0/1	100.000	151	0	0	1916	2066	151	1	1.96e-72	279
NC_011593.1:2598858-2601929	NB551033:131:HK2T7BGX9:4:11410:13050:5332#0/2	100.000	150	0	0	1951	2100	150	1	7.03e-72	278
NC_011593.1:2598858-2601929	NB551033:131:HK2T7BGX9:3:22406:5374:19803#0/2	100.000	150	0	0	1190	1339	150	1	7.03e-72	278
NC_011593.1:2598858-2601929	NB551033:131:HK2T7BGX9:3:12512:20114:3379#0/2	100.000	150	0	0	369	518	151	2	7.03e-72	278
NC_011593.1:2598858-2601929	NB551033:131:HK2T7BGX9:2:12107:19726:18406#0/2	100.000	150	0	0	1964	2113	150	1	7.03e-72	278
NC_011593.1:2598858-2601929	NB551033:131:HK2T7BGX9:1:21110:6319:5415#0/2	100.000	150	0	0	1981	2130	1	150	7.03e-72	278
NC_011593.1:2598858-2601929	NB551033:131:HK2T7BGX9:4:22410:12935:17173#0/2	99.338	151	1	0	115	265	1	151	9.10e-71	274
NC_011593.1:2598858-2601929	NB551033:131:HK2T7BGX9:4:12508:16945:11040#0/2	99.338	151	1	0	2544	2694	151	1	9.10e-71	274
NC_011593.1:2598858-2601929	NB551033:131:HK2T7BGX9:3:21510:23406:10300#0/2	99.338	151	1	0	260	410	151	1	9.10e-71	274
NC_011593.1:2598858-2601929	NB551033:131:HK2T7BGX9:3:13401:21070:1280#0/2	99.338	151	1	0	364	514	151	1	9.10e-71	274
NC_011593.1:2598858-2601929	NB551033:131:HK2T7BGX9:2:23301:9165:10480#0/2	99.338	151	1	0	376	526	1	151	9.10e-71	274
NC_011593.1:2598858-2601929	NB551033:131:HK2T7BGX9:4:21511:15391:10851#0/1	99.338	151	1	0	333	483	151	1	9.10e-71	274
NC_011593.1:2598858-2601929	NB551033:131:HK2T7BGX9:4:12508:16945:11040#0/1	99.338	151	1	0	2529	2679	1	151	9.10e-71	274
NC_011593.1:2598858-2601929	NB551033:131:HK2T7BGX9:3:22605:15782:14781#0/1	99.338	151	1	0	1264	1414	151	1	9.10e-71	274
NC_011593.1:2598858-2601929	NB551033:131:HK2T7BGX9:3:21510:23406:10300#0/1	99.338	151	1	0	251	401	1	151	9.10e-71	274
NC_011593.1:2598858-2601929	NB551033:131:HK2T7BGX9:3:12609:10753:16052#0/1	99.338	151	1	0	1225	1375	151	1	9.10e-71	274
NC_011593.1:2598858-2601929	NB551033:131:HK2T7BGX9:2:12203:18379:4115#0/1	99.338	151	1	0	339	489	151	1	9.10e-71	274
NC_011593.1:2598858-2601929	NB551033:131:HK2T7BGX9:2:12107:19726:18406#0/1	99.338	151	1	0	1860	2010	1	151	9.10e-71	274
NC_011593.1:2598858-2601929	NB551033:131:HK2T7BGX9:3:21601:22725:16073#0/2	99.333	150	1	0	23	172	1	150	3.27e-70	272
NC_011593.1:2598858-2601929	NB551033:131:HK2T7BGX9:2:22101:13987:13920#0/2	99.333	150	1	0	1863	2012	1	150	3.27e-70	272
NC_011593.1:2598858-2601929	NB551033:131:HK2T7BGX9:2:12203:18379:4115#0/2	99.333	150	1	0	333	482	1	150	3.27e-70	272
NC_011593.1:2598858-2601929	NB551033:131:HK2T7BGX9:2:11209:8513:4367#0/2	99.333	150	1	0	2509	2658	150	1	3.27e-70	272
NC_011593.1:2598858-2601929	NB551033:131:HK2T7BGX9:1:21309:20072:4672#0/2	99.333	150	1	0	1913	2062	1	150	3.27e-70	272
NC_011593.1:2598858-2601929	NB551033:131:HK2T7BGX9:1:21308:18303:18193#0/2	99.333	150	1	0	1508	1657	150	1	3.27e-70	272
NC_011593.1:2598858-2601929	NB551033:131:HK2T7BGX9:1:13205:6260:2901#0/2	99.333	150	1	0	2207	2356	150	1	3.27e-70	272
NC_011593.1:2598858-2601929	NB551033:131:HK2T7BGX9:1:13104:16320:19971#0/2	99.333	150	1	0	1708	1857	1	150	3.27e-70	272
NC_011593.1:2598858-2601929	NB551033:131:HK2T7BGX9:1:11208:16608:7478#0/2	99.333	150	1	0	170	319	150	1	3.27e-70	272
NC_011593.1:2598858-2601929	NB551033:131:HK2T7BGX9:4:11410:13050:5332#0/1	99.333	150	1	0	1873	2022	1	150	3.27e-70	272
NC_011593.1:2598858-2601929	NB551033:131:HK2T7BGX9:3:21601:22725:16073#0/1	99.333	150	1	0	301	450	150	1	3.27e-70	272
NC_011593.1:2598858-2601929	NB551033:131:HK2T7BGX9:3:12512:20114:3379#0/1	99.333	150	1	0	270	419	1	150	3.27e-70	272
NC_011593.1:2598858-2601929	NB551033:131:HK2T7BGX9:3:11508:13503:8941#0/1	99.333	150	1	0	296	445	150	1	3.27e-70	272
NC_011593.1:2598858-2601929	NB551033:131:HK2T7BGX9:1:22101:16818:7697#0/1	99.333	150	1	0	2229	2378	150	1	3.27e-70	272
NC_011593.1:2598858-2601929	NB551033:131:HK2T7BGX9:1:11208:16608:7478#0/1	99.333	150	1	0	120	269	1	150	3.27e-70	272
NC_011593.1:2598858-2601929	NB551033:131:HK2T7BGX9:4:12403:24720:6602#0/1	99.329	149	1	0	1918	2066	149	1	1.18e-69	270
NC_011593.1:2598858-2601929	NB551033:131:HK2T7BGX9:2:11307:23212:8442#0/1	99.329	149	1	0	1717	1865	1	149	1.18e-69	270
NC_011593.1:2598858-2601929	NB551033:131:HK2T7BGX9:4:23612:24296:6257#0/2	98.675	151	2	0	1471	1621	151	1	4.23e-69	268
NC_011593.1:2598858-2601929	NB551033:131:HK2T7BGX9:4:21511:15391:10851#0/2	98.675	151	2	0	58	208	1	151	4.23e-69	268
NC_011593.1:2598858-2601929	NB551033:131:HK2T7BGX9:2:22110:8725:11039#0/2	98.675	151	2	0	2815	2965	151	1	4.23e-69	268
NC_011593.1:2598858-2601929	NB551033:131:HK2T7BGX9:2:21302:1660:11334#0/2	98.675	151	2	0	1048	1198	151	1	4.23e-69	268
NC_011593.1:2598858-2601929	NB551033:131:HK2T7BGX9:2:13311:12235:4048#0/2	98.675	151	2	0	1394	1544	151	1	4.23e-69	268
NC_011593.1:2598858-2601929	NB551033:131:HK2T7BGX9:1:22101:16818:7697#0/2	99.324	148	1	0	2211	2358	1	148	4.23e-69	268
NC_011593.1:2598858-2601929	NB551033:131:HK2T7BGX9:2:23102:19186:14532#0/1	98.675	151	2	0	1776	1926	151	1	4.23e-69	268
NC_011593.1:2598858-2601929	NB551033:131:HK2T7BGX9:2:13309:14972:12680#0/1	98.675	151	2	0	2862	3012	151	1	4.23e-69	268
NC_011593.1:2598858-2601929	NB551033:131:HK2T7BGX9:1:21308:18303:18193#0/1	98.675	151	2	0	1425	1575	1	151	4.23e-69	268
NC_011593.1:2598858-2601929	NB551033:131:HK2T7BGX9:1:21101:14008:14820#0/1	98.675	151	2	0	2022	2172	1	151	4.23e-69	268
NC_011593.1:2598858-2601929	NB551033:131:HK2T7BGX9:1:13104:16320:19971#0/1	98.675	151	2	0	1799	1949	151	1	4.23e-69	268
NC_011593.1:2598858-2601929	NB551033:131:HK2T7BGX9:4:12407:9830:14262#0/2	99.320	147	1	0	690	836	1	147	1.52e-68	267
NC_011593.1:2598858-2601929	NB551033:131:HK2T7BGX9:4:12403:24720:6602#0/2	98.667	150	2	0	1794	1943	1	150	1.52e-68	267
NC_011593.1:2598858-2601929	NB551033:131:HK2T7BGX9:3:23608:22073:15419#0/2	98.667	150	2	0	1049	1198	150	1	1.52e-68	267
NC_011593.1:2598858-2601929	NB551033:131:HK2T7BGX9:2:23111:11844:18353#0/2	98.667	150	2	0	2888	3037	1	150	1.52e-68	267
NC_011593.1:2598858-2601929	NB551033:131:HK2T7BGX9:2:23102:19186:14532#0/2	98.667	150	2	0	1437	1586	1	150	1.52e-68	267
NC_011593.1:2598858-2601929	NB551033:131:HK2T7BGX9:2:13201:10263:19949#0/2	98.667	150	2	0	2874	3023	150	1	1.52e-68	267
NC_011593.1:2598858-2601929	NB551033:131:HK2T7BGX9:1:23106:4392:3722#0/2	98.667	150	2	0	2883	3032	1	150	1.52e-68	267
NC_011593.1:2598858-2601929	NB551033:131:HK2T7BGX9:1:22212:23169:7999#0/2	98.667	150	2	0	2398	2547	150	1	1.52e-68	267
NC_011593.1:2598858-2601929	NB551033:131:HK2T7BGX9:4:13602:12246:11154#0/1	98.667	150	2	0	2391	2540	1	150	1.52e-68	267
NC_011593.1:2598858-2601929	NB551033:131:HK2T7BGX9:3:22406:5374:19803#0/1	98.667	150	2	0	1146	1295	1	150	1.52e-68	267
NC_011593.1:2598858-2601929	NB551033:131:HK2T7BGX9:3:21609:17824:13589#0/1	98.667	150	2	0	2580	2729	150	1	1.52e-68	267
NC_011593.1:2598858-2601929	NB551033:131:HK2T7BGX9:3:21506:14139:20210#0/1	98.667	150	2	0	2798	2947	150	1	1.52e-68	267
NC_011593.1:2598858-2601929	NB551033:131:HK2T7BGX9:2:13311:12235:4048#0/1	98.667	150	2	0	1220	1369	1	150	1.52e-68	267
NC_011593.1:2598858-2601929	NB551033:131:HK2T7BGX9:1:22106:3182:6843#0/1	98.667	150	2	0	1079	1228	150	1	1.52e-68	267
NC_011593.1:2598858-2601929	NB551033:131:HK2T7BGX9:1:13305:7827:18518#0/1	98.667	150	2	0	1759	1908	1	150	1.52e-68	267
NC_011593.1:2598858-2601929	NB551033:131:HK2T7BGX9:1:13102:17861:12427#0/1	98.667	150	2	0	2857	3006	1	150	1.52e-68	267
NC_011593.1:2598858-2601929	NB551033:131:HK2T7BGX9:4:13602:12246:11154#0/2	98.658	149	2	0	2584	2732	150	2	5.48e-68	265
NC_011593.1:2598858-2601929	NB551033:131:HK2T7BGX9:1:21203:13343:11905#0/2	98.658	149	2	0	952	1100	149	1	5.48e-68	265
NC_011593.1:2598858-2601929	NB551033:131:HK2T7BGX9:3:23612:18828:4345#0/2	98.013	151	3	0	2830	2980	1	151	1.97e-67	263
NC_011593.1:2598858-2601929	NB551033:131:HK2T7BGX9:2:13309:14972:12680#0/2	98.649	148	2	0	2851	2998	3	150	1.97e-67	263
NC_011593.1:2598858-2601929	NB551033:131:HK2T7BGX9:2:11306:2402:19227#0/2	98.013	151	3	0	2636	2786	151	1	1.97e-67	263
NC_011593.1:2598858-2601929	NB551033:131:HK2T7BGX9:4:23612:24296:6257#0/1	98.649	148	2	0	1454	1601	1	148	1.97e-67	263
NC_011593.1:2598858-2601929	NB551033:131:HK2T7BGX9:4:12606:18776:19096#0/1	98.013	151	3	0	2219	2369	151	1	1.97e-67	263
NC_011593.1:2598858-2601929	NB551033:131:HK2T7BGX9:3:23612:18828:4345#0/1	98.013	151	3	0	2919	3069	151	1	1.97e-67	263
NC_011593.1:2598858-2601929	NB551033:131:HK2T7BGX9:2:11212:12384:5849#0/1	98.013	151	3	0	613	763	151	1	1.97e-67	263
NC_011593.1:2598858-2601929	NB551033:131:HK2T7BGX9:4:12502:11914:3127#0/2	98.000	150	3	0	2283	2432	1	150	7.08e-67	261
NC_011593.1:2598858-2601929	NB551033:131:HK2T7BGX9:3:22605:15782:14781#0/2	98.000	150	3	0	646	795	1	150	7.08e-67	261
NC_011593.1:2598858-2601929	NB551033:131:HK2T7BGX9:2:13201:10263:19949#0/1	98.000	150	3	0	2677	2826	1	150	7.08e-67	261
NC_011593.1:2598858-2601929	NB551033:131:HK2T7BGX9:2:23111:11844:18353#0/1	98.630	146	2	0	2911	3056	148	3	2.55e-66	259
NC_011593.1:2598858-2601929	NB551033:131:HK2T7BGX9:2:11305:25297:6267#0/1	97.987	149	3	0	2249	2397	149	1	2.55e-66	259
NC_011593.1:2598858-2601929	NB551033:131:HK2T7BGX9:4:11509:5669:15314#0/2	97.973	148	3	0	2273	2420	1	148	9.16e-66	257
NC_011593.1:2598858-2601929	NB551033:131:HK2T7BGX9:3:22608:18993:16811#0/2	97.351	151	4	0	2058	2208	1	151	9.16e-66	257
NC_011593.1:2598858-2601929	NB551033:131:HK2T7BGX9:3:22602:6213:8991#0/2	97.973	148	3	0	2916	3063	1	148	9.16e-66	257
NC_011593.1:2598858-2601929	NB551033:131:HK2T7BGX9:2:12108:21098:14154#0/2	97.351	151	4	0	2316	2466	151	1	9.16e-66	257
NC_011593.1:2598858-2601929	NB551033:131:HK2T7BGX9:4:11509:5669:15314#0/1	97.351	151	4	0	2636	2786	151	1	9.16e-66	257
NC_011593.1:2598858-2601929	NB551033:131:HK2T7BGX9:2:23301:9165:10480#0/1	97.351	151	4	0	411	561	151	1	9.16e-66	257
NC_011593.1:2598858-2601929	NB551033:131:HK2T7BGX9:4:13408:21476:14409#0/2	97.333	150	4	0	2323	2472	1	150	3.30e-65	255
NC_011593.1:2598858-2601929	NB551033:131:HK2T7BGX9:3:21506:14139:20210#0/2	97.333	150	4	0	2714	2863	1	150	3.30e-65	255
NC_011593.1:2598858-2601929	NB551033:131:HK2T7BGX9:2:11212:12384:5849#0/2	97.333	150	4	0	409	558	1	150	3.30e-65	255
NC_011593.1:2598858-2601929	NB551033:131:HK2T7BGX9:4:12502:11914:3127#0/1	97.333	150	4	0	2348	2497	150	1	3.30e-65	255
NC_011593.1:2598858-2601929	NB551033:131:HK2T7BGX9:2:12108:21098:14154#0/1	97.333	150	4	0	2301	2450	1	150	3.30e-65	255
NC_011593.1:2598858-2601929	NB551033:131:HK2T7BGX9:1:22212:23169:7999#0/1	97.333	150	4	0	2063	2212	1	150	3.30e-65	255
NC_011593.1:2598858-2601929	NB551033:131:HK2T7BGX9:2:11306:2402:19227#0/1	97.315	149	4	0	2606	2754	1	149	1.19e-64	254
NC_011593.1:2598858-2601929	NB551033:131:HK2T7BGX9:3:23608:22073:15419#0/1	96.689	151	5	0	826	976	1	151	4.26e-64	252
NC_011593.1:2598858-2601929	NB551033:131:HK2T7BGX9:1:21304:13438:12148#0/1	96.689	151	5	0	2058	2208	1	151	4.26e-64	252
NC_011593.1:2598858-2601929	NB551033:131:HK2T7BGX9:4:23603:2898:6752#0/2	100.000	135	0	0	1670	1804	1	135	1.53e-63	250
NC_011593.1:2598858-2601929	NB551033:131:HK2T7BGX9:3:22611:21032:18026#0/2	97.917	144	3	0	661	804	1	144	1.53e-63	250
NC_011593.1:2598858-2601929	NB551033:131:HK2T7BGX9:3:11508:13503:8941#0/2	98.582	141	2	0	107	247	1	141	1.53e-63	250
NC_011593.1:2598858-2601929	NB551033:131:HK2T7BGX9:2:11307:23212:8442#0/2	96.667	150	5	0	2070	2219	150	1	1.53e-63	250
NC_011593.1:2598858-2601929	NB551033:131:HK2T7BGX9:3:22611:21032:18026#0/1	96.667	150	5	0	823	972	150	1	1.53e-63	250
NC_011593.1:2598858-2601929	NB551033:131:HK2T7BGX9:2:21302:1660:11334#0/1	96.667	150	5	0	799	948	1	150	1.53e-63	250
NC_011593.1:2598858-2601929	NB551033:131:HK2T7BGX9:1:21203:13343:11905#0/1	97.279	147	4	0	622	768	1	147	1.53e-63	250
NC_011593.1:2598858-2601929	NB551033:131:HK2T7BGX9:1:13205:6260:2901#0/1	96.667	150	5	0	2147	2296	1	150	1.53e-63	250
NC_011593.1:2598858-2601929	NB551033:131:HK2T7BGX9:1:21101:14008:14820#0/2	97.902	143	3	0	2161	2303	143	1	5.51e-63	248
NC_011593.1:2598858-2601929	NB551033:131:HK2T7BGX9:4:11510:15810:9508#0/2	96.026	151	6	0	2137	2287	151	1	1.98e-62	246
NC_011593.1:2598858-2601929	NB551033:131:HK2T7BGX9:1:22106:3182:6843#0/2	96.000	150	6	0	759	908	1	150	7.13e-62	244
NC_011593.1:2598858-2601929	NB551033:131:HK2T7BGX9:2:11209:8513:4367#0/1	95.973	149	6	0	2147	2295	1	149	2.57e-61	243
NC_011593.1:2598858-2601929	NB551033:131:HK2T7BGX9:1:21309:11698:10302#0/2	96.528	144	5	0	784	927	1	144	3.32e-60	239
NC_011593.1:2598858-2601929	NB551033:131:HK2T7BGX9:2:21203:23281:17032#0/2	97.794	136	3	0	2295	2430	1	136	4.29e-59	235
NC_011593.1:2598858-2601929	NB551033:131:HK2T7BGX9:4:21412:4681:4185#0/2	95.833	144	6	0	2161	2304	144	1	1.54e-58	233
NC_011593.1:2598858-2601929	NB551033:131:HK2T7BGX9:2:11305:25297:6267#0/2	100.000	126	0	0	1979	2104	1	126	1.54e-58	233
NC_011593.1:2598858-2601929	NB551033:131:HK2T7BGX9:2:22110:8725:11039#0/1	97.778	135	3	0	2681	2815	1	135	1.54e-58	233
NC_011593.1:2598858-2601929	NB551033:131:HK2T7BGX9:4:12407:9830:14262#0/1	97.080	137	4	0	766	902	137	1	5.55e-58	231
NC_011593.1:2598858-2601929	NB551033:131:HK2T7BGX9:4:22410:12935:17173#0/1	99.213	127	1	0	195	321	127	1	2.00e-57	230
NC_011593.1:2598858-2601929	NB551033:131:HK2T7BGX9:2:21203:23281:17032#0/1	97.059	136	4	0	2295	2430	136	1	2.00e-57	230
NC_011593.1:2598858-2601929	NB551033:131:HK2T7BGX9:1:11206:3123:5315#0/1	99.213	127	1	0	168	294	1	127	2.00e-57	230
NC_011593.1:2598858-2601929	NB551033:131:HK2T7BGX9:1:11206:3123:5315#0/2	98.425	127	2	0	168	294	127	1	9.29e-56	224
NC_011593.1:2598858-2601929	NB551033:131:HK2T7BGX9:3:23609:15638:3856#0/1	96.324	136	5	0	799	934	1	136	9.29e-56	224
NC_011593.1:2598858-2601929	NB551033:131:HK2T7BGX9:1:21309:11698:10302#0/1	96.324	136	5	0	792	927	136	1	9.29e-56	224
NC_011593.1:2598858-2601929	NB551033:131:HK2T7BGX9:3:23609:15638:3856#0/2	96.296	135	5	0	800	934	135	1	3.34e-55	222
NC_011593.1:2598858-2601929	NB551033:131:HK2T7BGX9:2:11309:14123:1604#0/2	98.413	126	2	0	2422	2547	1	126	3.34e-55	222
NC_011593.1:2598858-2601929	NB551033:131:HK2T7BGX9:2:11309:14123:1604#0/1	98.413	126	2	0	2422	2547	126	1	3.34e-55	222
NC_011593.1:2598858-2601929	NB551033:131:HK2T7BGX9:4:13405:1439:4980#0/1	99.180	122	1	0	1	122	122	1	1.20e-54	220
NC_011593.1:2598858-2601929	NB551033:131:HK2T7BGX9:4:12401:24365:4754#0/2	98.387	124	2	0	2396	2519	124	1	4.32e-54	219
NC_011593.1:2598858-2601929	NB551033:131:HK2T7BGX9:4:12401:24365:4754#0/1	98.387	124	2	0	2396	2519	1	124	4.32e-54	219
NC_011593.1:2598858-2601929	NB551033:131:HK2T7BGX9:1:12110:2783:11541#0/2	98.374	123	2	0	1	123	123	1	1.56e-53	217
NC_011593.1:2598858-2601929	NB551033:131:HK2T7BGX9:1:12110:2783:11541#0/1	98.374	123	2	0	1	123	13	135	1.56e-53	217
NC_011593.1:2598858-2601929	NB551033:131:HK2T7BGX9:3:13408:4304:7267#0/2	99.160	119	1	0	12	130	119	1	5.59e-53	215
NC_011593.1:2598858-2601929	NB551033:131:HK2T7BGX9:3:23601:2943:17283#0/2	98.347	121	2	0	1227	1347	121	1	2.01e-52	213
NC_011593.1:2598858-2601929	NB551033:131:HK2T7BGX9:4:21412:4681:4185#0/1	99.153	118	1	0	1903	2020	1	118	2.01e-52	213
NC_011593.1:2598858-2601929	NB551033:131:HK2T7BGX9:1:11311:22856:16768#0/1	99.153	118	1	0	1481	1598	118	1	2.01e-52	213
NC_011593.1:2598858-2601929	NB551033:131:HK2T7BGX9:1:13305:7827:18518#0/2	100.000	111	0	0	1981	2091	111	1	3.37e-50	206
NC_011593.1:2598858-2601929	NB551033:131:HK2T7BGX9:3:22608:18993:16811#0/1	96.032	126	5	0	2096	2221	126	1	3.37e-50	206
NC_011593.1:2598858-2601929	NB551033:131:HK2T7BGX9:3:13509:21281:19681#0/1	98.291	117	2	0	124	240	1	117	3.37e-50	206
NC_011593.1:2598858-2601929	NB551033:131:HK2T7BGX9:4:13405:1439:4980#0/2	100.000	110	0	0	1	110	41	150	1.21e-49	204
NC_011593.1:2598858-2601929	NB551033:131:HK2T7BGX9:4:12606:18776:19096#0/2	96.610	118	4	0	2140	2257	1	118	2.03e-47	196
NC_011593.1:2598858-2601929	NB551033:131:HK2T7BGX9:1:21304:13438:12148#0/2	95.082	122	6	0	2096	2217	122	1	2.62e-46	193
NC_011593.1:2598858-2601929	NB551033:131:HK2T7BGX9:2:23209:10772:12039#0/2	99.020	102	1	0	1480	1581	102	1	1.58e-43	183
NC_011593.1:2598858-2601929	NB551033:131:HK2T7BGX9:2:23209:10772:12039#0/1	98.095	105	2	0	1477	1581	1	105	1.58e-43	183
NC_011593.1:2598858-2601929	NB551033:131:HK2T7BGX9:1:23108:21870:10375#0/1	97.222	108	3	0	2965	3072	1	108	1.58e-43	183
NC_011593.1:2598858-2601929	NB551033:131:HK2T7BGX9:4:13412:26455:10767#0/1	97.030	101	3	0	682	782	1	101	1.23e-39	171
NC_011593.1:2598858-2601929	NB551033:131:HK2T7BGX9:3:13408:4304:7267#0/1	100.000	92	0	0	1	92	59	150	1.23e-39	171
NC_011593.1:2598858-2601929	NB551033:131:HK2T7BGX9:1:13204:6960:13338#0/1	100.000	92	0	0	1	92	59	150	1.23e-39	171
NC_011593.1:2598858-2601929	NB551033:131:HK2T7BGX9:2:12201:24268:17548#0/2	98.936	94	1	0	2045	2138	94	1	4.42e-39	169
NC_011593.1:2598858-2601929	NB551033:131:HK2T7BGX9:1:12211:23944:13316#0/2	98.936	94	1	0	315	408	94	1	4.42e-39	169
NC_011593.1:2598858-2601929	NB551033:131:HK2T7BGX9:3:23601:2943:17283#0/1	95.283	106	5	0	976	1081	1	106	4.42e-39	169
NC_011593.1:2598858-2601929	NB551033:131:HK2T7BGX9:1:12211:23944:13316#0/1	98.936	94	1	0	315	408	1	94	4.42e-39	169
NC_011593.1:2598858-2601929	NB551033:131:HK2T7BGX9:1:13204:6960:13338#0/2	98.913	92	1	0	154	245	92	1	5.71e-38	165
NC_011593.1:2598858-2601929	NB551033:131:HK2T7BGX9:2:12201:24268:17548#0/1	98.876	89	1	0	1787	1875	1	89	2.66e-36	159
NC_011593.1:2598858-2601929	NB551033:131:HK2T7BGX9:4:22512:7496:2147#0/1	98.864	88	1	0	1531	1618	1	88	9.56e-36	158
NC_011593.1:2598858-2601929	NB551033:131:HK2T7BGX9:3:22507:2592:15896#0/2	98.837	86	1	0	2817	2902	1	86	1.24e-34	154
NC_011593.1:2598858-2601929	NB551033:131:HK2T7BGX9:3:22506:6902:1575#0/2	100.000	83	0	0	1172	1254	1	83	1.24e-34	154
NC_011593.1:2598858-2601929	NB551033:131:HK2T7BGX9:3:22507:2592:15896#0/1	98.837	86	1	0	2817	2902	86	1	1.24e-34	154
NC_011593.1:2598858-2601929	NB551033:131:HK2T7BGX9:3:22408:11427:20298#0/1	98.837	86	1	0	60	145	86	1	1.24e-34	154
NC_011593.1:2598858-2601929	NB551033:131:HK2T7BGX9:4:12607:14032:2964#0/2	95.745	94	4	0	2134	2227	1	94	4.45e-34	152
NC_011593.1:2598858-2601929	NB551033:131:HK2T7BGX9:3:22506:6902:1575#0/1	100.000	82	0	0	1173	1254	82	1	4.45e-34	152
NC_011593.1:2598858-2601929	NB551033:131:HK2T7BGX9:1:21110:6319:5415#0/1	95.556	90	4	0	2130	2219	90	1	7.44e-32	145
NC_011593.1:2598858-2601929	NB551033:131:HK2T7BGX9:2:13307:19823:5180#0/2	98.718	78	1	0	1454	1531	78	1	3.46e-30	139
NC_011593.1:2598858-2601929	NB551033:131:HK2T7BGX9:2:13307:19823:5180#0/1	98.718	78	1	0	1454	1531	1	78	3.46e-30	139
NC_011593.1:2598858-2601929	NB551033:131:HK2T7BGX9:3:23508:8450:6372#0/1	97.500	80	2	0	2910	2989	1	80	1.25e-29	137
NC_011593.1:2598858-2601929	NB551033:131:HK2T7BGX9:2:13305:23032:6481#0/1	100.000	74	0	0	341	414	1	74	1.25e-29	137
NC_011593.1:2598858-2601929	NB551033:131:HK2T7BGX9:4:13412:26455:10767#0/2	97.468	79	2	0	814	892	87	9	4.48e-29	135
NC_011593.1:2598858-2601929	NB551033:131:HK2T7BGX9:4:11405:12337:18197#0/1	95.238	84	4	0	2989	3072	148	65	1.61e-28	134
NC_011593.1:2598858-2601929	NB551033:131:HK2T7BGX9:4:23603:2898:6752#0/1	100.000	71	0	0	2085	2155	71	1	5.79e-28	132
NC_011593.1:2598858-2601929	NB551033:131:HK2T7BGX9:4:11510:15810:9508#0/1	100.000	71	0	0	1960	2030	1	71	5.79e-28	132
NC_011593.1:2598858-2601929	NB551033:131:HK2T7BGX9:3:13606:12465:16352#0/2	95.122	82	4	0	2989	3070	82	1	2.08e-27	130
NC_011593.1:2598858-2601929	NB551033:131:HK2T7BGX9:3:13606:12465:16352#0/1	95.122	82	4	0	2989	3070	2	83	2.08e-27	130
NC_011593.1:2598858-2601929	NB551033:131:HK2T7BGX9:3:22408:11427:20298#0/2	100.000	67	0	0	1	67	84	150	9.70e-26	124
NC_011593.1:2598858-2601929	NB551033:131:HK2T7BGX9:3:13509:21281:19681#0/2	100.000	66	0	0	175	240	66	1	3.49e-25	122
NC_011593.1:2598858-2601929	NB551033:131:HK2T7BGX9:3:22507:5262:10687#0/2	98.485	66	1	0	988	1053	66	1	1.62e-23	117
NC_011593.1:2598858-2601929	NB551033:131:HK2T7BGX9:3:22507:5262:10687#0/1	98.485	66	1	0	988	1053	1	66	1.62e-23	117
NC_011593.1:2598858-2601929	NB551033:131:HK2T7BGX9:1:11205:9390:1842#0/1	95.833	72	3	0	3001	3072	3	74	1.62e-23	117
NC_011593.1:2598858-2601929	NB551033:131:HK2T7BGX9:1:11311:22856:16768#0/2	100.000	62	0	0	1255	1316	1	62	5.84e-23	115
NC_011593.1:2598858-2601929	NB551033:131:HK2T7BGX9:4:12607:14032:2964#0/1	96.923	65	2	0	2163	2227	65	1	2.71e-21	110
NC_011593.1:2598858-2601929	NB551033:131:HK2T7BGX9:2:22103:8657:12992#0/1	96.875	64	2	0	3009	3072	1	64	9.76e-21	108
NC_011593.1:2598858-2601929	NB551033:131:HK2T7BGX9:1:21305:1817:3370#0/2	96.825	63	2	0	3010	3072	1	63	3.51e-20	106
NC_011593.1:2598858-2601929	NB551033:131:HK2T7BGX9:1:21305:1817:3370#0/1	96.825	63	2	0	3010	3072	97	35	3.51e-20	106
NC_011593.1:2598858-2601929	NB551033:131:HK2T7BGX9:2:13305:23032:6481#0/2	100.000	55	0	0	460	514	55	1	4.54e-19	102
NC_011593.1:2598858-2601929	NB551033:131:HK2T7BGX9:3:21604:7958:2356#0/2	96.667	60	2	0	3013	3072	1	60	1.63e-18	100
NC_011593.1:2598858-2601929	NB551033:131:HK2T7BGX9:4:22512:7496:2147#0/2	98.113	53	1	0	1643	1695	53	1	2.73e-16	93.5
NC_011593.1:2598858-2601929	NB551033:131:HK2T7BGX9:4:21603:2639:8374#0/2	96.364	55	2	0	3018	3072	111	57	9.83e-16	91.6
NC_011593.1:2598858-2601929	NB551033:131:HK2T7BGX9:4:21603:2639:8374#0/1	96.364	55	2	0	3018	3072	1	55	9.83e-16	91.6
NC_011593.1:2598858-2601929	NB551033:131:HK2T7BGX9:4:13605:24769:4204#0/2	98.039	51	1	0	619	669	147	97	3.54e-15	89.8
NC_011593.1:2598858-2601929	NB551033:131:HK2T7BGX9:3:13401:21070:1280#0/1	100.000	47	0	0	316	362	1	47	1.27e-14	87.9
NC_011593.1:2598858-2601929	NB551033:131:HK2T7BGX9:4:11605:8286:5878#0/2	100.000	39	0	0	1	39	39	1	3.56e-10	73.1
NC_011593.1:2598858-2601929	NB551033:131:HK2T7BGX9:2:21306:4137:12169#0/2	95.349	43	2	0	2348	2390	1	43	4.61e-09	69.4
NC_011593.1:2598858-2601929	NB551033:131:HK2T7BGX9:4:11605:8286:5878#0/1	100.000	36	0	0	1	36	116	151	1.66e-08	67.6
NC_011593.1:2598858-2601929	NB551033:131:HK2T7BGX9:4:11510:21609:15705#0/2	100.000	28	0	0	1028	1055	28	1	4.64e-04	52.8
NC_011593.1:2598858-2601929	NB551033:131:HK2T7BGX9:1:11304:4657:10993#0/2	100.000	28	0	0	1028	1055	15	42	4.64e-04	52.8
NC_011593.1:2598858-2601929	NB551033:131:HK2T7BGX9:4:11510:21609:15705#0/1	100.000	28	0	0	1028	1055	66	93	4.64e-04	52.8
# BLASTN 2.9.0+
# Query: NC_011593.1:c2604454-2602106 Bifidobacterium longum subsp. infantis ATCC 15697, complete genome
# Database: db/blast_C0249-4F-1A_S20.faa
# 0 hits found
# BLASTN 2.9.0+
# Query: NC_011593.1:c2605922-2604486 Bifidobacterium longum subsp. infantis ATCC 15697, complete genome
# Database: db/blast_C0249-4F-1A_S20.faa
# 0 hits found
# BLASTN 2.9.0+
# Query: NC_011593.1:c2606381-2605944 Bifidobacterium longum subsp. infantis ATCC 15697, complete genome
# Database: db/blast_C0249-4F-1A_S20.faa
# 0 hits found
# BLASTN 2.9.0+
# Query: NC_011593.1:c2607314-2606418 Bifidobacterium longum subsp. infantis ATCC 15697, complete genome
# Database: db/blast_C0249-4F-1A_S20.faa
# 0 hits found
# BLASTN 2.9.0+
# Query: NC_011593.1:c2608249-2607458 Bifidobacterium longum subsp. infantis ATCC 15697, complete genome
# Database: db/blast_C0249-4F-1A_S20.faa
# 0 hits found
# BLASTN 2.9.0+
# Query: NC_011593.1:c2609546-2608269 Bifidobacterium longum subsp. infantis ATCC 15697, complete genome
# Database: db/blast_C0249-4F-1A_S20.faa
# Fields: query acc.ver, subject acc.ver, % identity, alignment length, mismatches, gap opens, q. start, q. end, s. start, s. end, evalue, bit score
# 17 hits found
NC_011593.1:c2609546-2608269	NB551033:131:HK2T7BGX9:1:22112:25770:18712#0/1	100.000	151	0	0	218	368	151	1	8.20e-73	279
NC_011593.1:c2609546-2608269	NB551033:131:HK2T7BGX9:1:22112:25770:18712#0/2	100.000	150	0	0	200	349	1	150	2.95e-72	278
NC_011593.1:c2609546-2608269	NB551033:131:HK2T7BGX9:4:11403:9989:8574#0/1	100.000	150	0	0	186	335	150	1	2.95e-72	278
NC_011593.1:c2609546-2608269	NB551033:131:HK2T7BGX9:2:23103:10659:1962#0/1	96.689	151	5	0	904	1054	1	151	1.79e-64	252
NC_011593.1:c2609546-2608269	NB551033:131:HK2T7BGX9:3:21401:3406:17233#0/1	95.973	149	6	0	1015	1163	151	3	1.08e-61	243
NC_011593.1:c2609546-2608269	NB551033:131:HK2T7BGX9:2:12310:3882:13134#0/2	95.364	151	7	0	1017	1167	151	1	3.87e-61	241
NC_011593.1:c2609546-2608269	NB551033:131:HK2T7BGX9:3:21411:10165:18841#0/1	95.333	150	7	0	360	509	1	150	1.39e-60	239
NC_011593.1:c2609546-2608269	NB551033:131:HK2T7BGX9:1:23303:16659:20103#0/2	95.302	149	7	0	928	1076	149	1	5.01e-60	237
NC_011593.1:c2609546-2608269	NB551033:131:HK2T7BGX9:4:22609:13278:14345#0/2	96.429	140	5	0	1137	1276	149	10	2.33e-58	231
NC_011593.1:c2609546-2608269	NB551033:131:HK2T7BGX9:2:22201:12631:19124#0/2	100.000	101	0	0	168	268	101	1	5.11e-45	187
NC_011593.1:c2609546-2608269	NB551033:131:HK2T7BGX9:1:12211:6100:11949#0/1	95.918	98	4	0	969	1066	98	1	1.11e-36	159
NC_011593.1:c2609546-2608269	NB551033:131:HK2T7BGX9:2:13111:15861:15109#0/2	95.349	86	4	0	595	680	1	86	5.22e-30	137
NC_011593.1:c2609546-2608269	NB551033:131:HK2T7BGX9:2:13111:15861:15109#0/1	95.349	86	4	0	595	680	88	3	5.22e-30	137
NC_011593.1:c2609546-2608269	NB551033:131:HK2T7BGX9:2:11306:3120:2952#0/2	95.455	66	3	0	279	344	122	57	1.47e-20	106
NC_011593.1:c2609546-2608269	NB551033:131:HK2T7BGX9:1:21301:13550:14681#0/1	95.455	66	3	0	279	344	4	69	1.47e-20	106
NC_011593.1:c2609546-2608269	NB551033:131:HK2T7BGX9:4:11412:20106:10619#0/2	98.305	59	1	0	286	344	149	91	5.30e-20	104
NC_011593.1:c2609546-2608269	NB551033:131:HK2T7BGX9:2:13206:5563:7102#0/1	98.305	59	1	0	286	344	1	59	5.30e-20	104
# BLASTN 2.9.0+
# Query: NC_011593.1:c2610356-2609697 Bifidobacterium longum subsp. infantis ATCC 15697, complete genome
# Database: db/blast_C0249-4F-1A_S20.faa
# 0 hits found
# BLASTN 2.9.0+
# Query: NC_011593.1:c2611458-2610496 Bifidobacterium longum subsp. infantis ATCC 15697, complete genome
# Database: db/blast_C0249-4F-1A_S20.faa
# 0 hits found
# BLASTN 2.9.0+
# Query: NC_011593.1:c2612430-2611477 Bifidobacterium longum subsp. infantis ATCC 15697, complete genome
# Database: db/blast_C0249-4F-1A_S20.faa
# 0 hits found
# BLASTN 2.9.0+
# Query: NC_011593.1:c2614109-2612517 Bifidobacterium longum subsp. infantis ATCC 15697, complete genome
# Database: db/blast_C0249-4F-1A_S20.faa
# 0 hits found
# BLASTN 2.9.0+
# Query: NC_011593.1:c2615274-2614312 Bifidobacterium longum subsp. infantis ATCC 15697, complete genome
# Database: db/blast_C0249-4F-1A_S20.faa
# 0 hits found
# BLASTN 2.9.0+
# Query: NC_011593.1:c2616246-2615293 Bifidobacterium longum subsp. infantis ATCC 15697, complete genome
# Database: db/blast_C0249-4F-1A_S20.faa
# 0 hits found
# BLASTN 2.9.0+
# Query: NC_011593.1:c2617928-2616333 Bifidobacterium longum subsp. infantis ATCC 15697, complete genome
# Database: db/blast_C0249-4F-1A_S20.faa
# Fields: query acc.ver, subject acc.ver, % identity, alignment length, mismatches, gap opens, q. start, q. end, s. start, s. end, evalue, bit score
# 1 hits found
NC_011593.1:c2617928-2616333	NB551033:131:HK2T7BGX9:1:21210:18529:18501#0/2	100.000	35	0	0	493	527	100	134	3.10e-08	65.8
# BLASTN 2.9.0+
# Query: NC_011593.1:c2619247-2618063 Bifidobacterium longum subsp. infantis ATCC 15697, complete genome
# Database: db/blast_C0249-4F-1A_S20.faa
# 0 hits found
# BLASTN 2.9.0+
# Query: NC_011593.1:c2620369-2619413 Bifidobacterium longum subsp. infantis ATCC 15697, complete genome
# Database: db/blast_C0249-4F-1A_S20.faa
# 0 hits found
# BLASTN 2.9.0+
# Query: NC_011593.1:c2622143-2620551 Bifidobacterium longum subsp. infantis ATCC 15697, complete genome
# Database: db/blast_C0249-4F-1A_S20.faa
# 0 hits found
# BLASTN 2.9.0+
# Query: NC_011593.1:c2624124-2622520 Bifidobacterium longum subsp. infantis ATCC 15697, complete genome
# Database: db/blast_C0249-4F-1A_S20.faa
# 0 hits found
# BLASTN 2.9.0+
# Query: NC_011593.1:c2626110-2624512 Bifidobacterium longum subsp. infantis ATCC 15697, complete genome
# Database: db/blast_C0249-4F-1A_S20.faa
# Fields: query acc.ver, subject acc.ver, % identity, alignment length, mismatches, gap opens, q. start, q. end, s. start, s. end, evalue, bit score
# 21 hits found
NC_011593.1:c2626110-2624512	NB551033:131:HK2T7BGX9:4:21507:11817:19371#0/2	100.000	30	0	0	1555	1584	76	47	1.87e-05	56.5
NC_011593.1:c2626110-2624512	NB551033:131:HK2T7BGX9:3:12409:19308:3517#0/2	100.000	30	0	0	1555	1584	118	89	1.87e-05	56.5
NC_011593.1:c2626110-2624512	NB551033:131:HK2T7BGX9:3:11610:12908:18065#0/2	100.000	30	0	0	1555	1584	56	27	1.87e-05	56.5
NC_011593.1:c2626110-2624512	NB551033:131:HK2T7BGX9:2:22107:14607:16293#0/2	100.000	30	0	0	1555	1584	10	39	1.87e-05	56.5
NC_011593.1:c2626110-2624512	NB551033:131:HK2T7BGX9:2:21303:6582:14167#0/2	100.000	30	0	0	1555	1584	72	43	1.87e-05	56.5
NC_011593.1:c2626110-2624512	NB551033:131:HK2T7BGX9:1:21212:17629:5658#0/2	100.000	30	0	0	1555	1584	96	67	1.87e-05	56.5
NC_011593.1:c2626110-2624512	NB551033:131:HK2T7BGX9:1:21105:21110:19851#0/2	100.000	30	0	0	1555	1584	57	28	1.87e-05	56.5
NC_011593.1:c2626110-2624512	NB551033:131:HK2T7BGX9:4:21507:11817:19371#0/1	100.000	30	0	0	1555	1584	56	85	1.87e-05	56.5
NC_011593.1:c2626110-2624512	NB551033:131:HK2T7BGX9:4:12603:22495:14731#0/1	100.000	30	0	0	1555	1584	59	88	1.87e-05	56.5
NC_011593.1:c2626110-2624512	NB551033:131:HK2T7BGX9:4:11602:19301:11100#0/1	100.000	30	0	0	1555	1584	25	54	1.87e-05	56.5
NC_011593.1:c2626110-2624512	NB551033:131:HK2T7BGX9:3:11610:12908:18065#0/1	100.000	30	0	0	1555	1584	113	142	1.87e-05	56.5
NC_011593.1:c2626110-2624512	NB551033:131:HK2T7BGX9:3:11407:17108:18203#0/1	100.000	30	0	0	1555	1584	52	23	1.87e-05	56.5
NC_011593.1:c2626110-2624512	NB551033:131:HK2T7BGX9:2:22107:14607:16293#0/1	100.000	30	0	0	1555	1584	96	67	1.87e-05	56.5
NC_011593.1:c2626110-2624512	NB551033:131:HK2T7BGX9:2:13311:16220:17966#0/1	100.000	30	0	0	1555	1584	57	28	1.87e-05	56.5
NC_011593.1:c2626110-2624512	NB551033:131:HK2T7BGX9:1:23203:17375:18503#0/1	100.000	30	0	0	1555	1584	79	108	1.87e-05	56.5
NC_011593.1:c2626110-2624512	NB551033:131:HK2T7BGX9:1:12110:26624:7558#0/1	100.000	30	0	0	1555	1584	98	127	1.87e-05	56.5
NC_011593.1:c2626110-2624512	NB551033:131:HK2T7BGX9:1:12109:1079:7557#0/1	100.000	30	0	0	1555	1584	98	127	1.87e-05	56.5
NC_011593.1:c2626110-2624512	NB551033:131:HK2T7BGX9:4:22504:12900:13894#0/2	100.000	28	0	0	1557	1584	85	58	2.42e-04	52.8
NC_011593.1:c2626110-2624512	NB551033:131:HK2T7BGX9:1:11209:13781:2510#0/2	100.000	28	0	0	1557	1584	54	27	2.42e-04	52.8
NC_011593.1:c2626110-2624512	NB551033:131:HK2T7BGX9:4:22504:12900:13894#0/1	100.000	28	0	0	1557	1584	1	28	2.42e-04	52.8
NC_011593.1:c2626110-2624512	NB551033:131:HK2T7BGX9:1:11209:13781:2510#0/1	100.000	28	0	0	1557	1584	1	28	2.42e-04	52.8
# BLASTN 2.9.0+
# Query: NC_011593.1:c2626386-2626264 Bifidobacterium longum subsp. infantis ATCC 15697, complete genome
# Database: db/blast_C0249-4F-1A_S20.faa
# 0 hits found
# BLASTN 2.9.0+
# Query: NC_011593.1:c2628158-2626563 Bifidobacterium longum subsp. infantis ATCC 15697, complete genome
# Database: db/blast_C0249-4F-1A_S20.faa
# 0 hits found
# BLASTN 2.9.0+
# Query: NC_011593.1:c2630269-2628314 Bifidobacterium longum subsp. infantis ATCC 15697, complete genome
# Database: db/blast_C0249-4F-1A_S20.faa
# 0 hits found
# BLASTN 2.9.0+
# Query: NC_011593.1:c2631106-2630366 Bifidobacterium longum subsp. infantis ATCC 15697, complete genome
# Database: db/blast_C0249-4F-1A_S20.faa
# 0 hits found
# BLASTN 2.9.0+
# Query: NC_011593.1:c2632432-2631140 Bifidobacterium longum subsp. infantis ATCC 15697, complete genome
# Database: db/blast_C0249-4F-1A_S20.faa
# 0 hits found
# BLASTN 2.9.0+
# Query: NC_011593.1:c2633881-2632562 Bifidobacterium longum subsp. infantis ATCC 15697, complete genome
# Database: db/blast_C0249-4F-1A_S20.faa
# 0 hits found
# BLASTN 2.9.0+
# Query: NC_011593.1:c2634683-2633865 Bifidobacterium longum subsp. infantis ATCC 15697, complete genome
# Database: db/blast_C0249-4F-1A_S20.faa
# 0 hits found
# BLASTN 2.9.0+
# Query: NC_011593.1:c2635627-2634680 Bifidobacterium longum subsp. infantis ATCC 15697, complete genome
# Database: db/blast_C0249-4F-1A_S20.faa
# 0 hits found
# BLASTN 2.9.0+
# Query: NC_011593.1:c2636747-2635629 Bifidobacterium longum subsp. infantis ATCC 15697, complete genome
# Database: db/blast_C0249-4F-1A_S20.faa
# 0 hits found
# BLAST processed 31 queries
