# BLASTN 2.9.0+
# Query: NC_011593.1:c2595355-2593832 Bifidobacterium longum subsp. infantis ATCC 15697, complete genome
# Database: db/blast_C0277-2F-1A_S27.faa
# Fields: query acc.ver, subject acc.ver, % identity, alignment length, mismatches, gap opens, q. start, q. end, s. start, s. end, evalue, bit score
# 78 hits found
NC_011593.1:c2595355-2593832	NB551033:137:HK33LBGX9:3:23509:7937:8354#0/2	100.000	149	0	0	366	514	149	1	7.77e-72	276
NC_011593.1:c2595355-2593832	NB551033:137:HK33LBGX9:3:13512:18845:4945#0/2	99.338	151	1	0	945	1095	151	1	2.79e-71	274
NC_011593.1:c2595355-2593832	NB551033:137:HK33LBGX9:4:23604:25433:5362#0/1	99.338	151	1	0	1016	1166	1	151	2.79e-71	274
NC_011593.1:c2595355-2593832	NB551033:137:HK33LBGX9:2:21209:17100:12791#0/2	99.329	149	1	0	382	530	1	149	3.62e-70	270
NC_011593.1:c2595355-2593832	NB551033:137:HK33LBGX9:3:23509:7937:8354#0/1	99.329	149	1	0	366	514	1	149	3.62e-70	270
NC_011593.1:c2595355-2593832	NB551033:137:HK33LBGX9:3:21603:20227:10626#0/2	98.675	151	2	0	488	638	1	151	1.30e-69	268
NC_011593.1:c2595355-2593832	NB551033:137:HK33LBGX9:4:11512:6422:10858#0/1	98.675	151	2	0	715	865	1	151	1.30e-69	268
NC_011593.1:c2595355-2593832	NB551033:137:HK33LBGX9:2:11312:2547:3125#0/1	98.675	151	2	0	468	618	151	1	1.30e-69	268
NC_011593.1:c2595355-2593832	NB551033:137:HK33LBGX9:2:11312:2547:3125#0/2	98.667	150	2	0	429	578	1	150	4.68e-69	267
NC_011593.1:c2595355-2593832	NB551033:137:HK33LBGX9:2:21209:17100:12791#0/1	98.667	150	2	0	494	643	150	1	4.68e-69	267
NC_011593.1:c2595355-2593832	NB551033:137:HK33LBGX9:1:22204:2544:5752#0/1	98.667	150	2	0	410	559	1	150	4.68e-69	267
NC_011593.1:c2595355-2593832	NB551033:137:HK33LBGX9:3:11607:18449:15111#0/2	98.658	149	2	0	439	587	1	149	1.68e-68	265
NC_011593.1:c2595355-2593832	NB551033:137:HK33LBGX9:3:22511:26160:7126#0/1	98.658	149	2	0	971	1119	1	149	1.68e-68	265
NC_011593.1:c2595355-2593832	NB551033:137:HK33LBGX9:3:11504:4323:2019#0/1	98.658	149	2	0	530	678	1	149	1.68e-68	265
NC_011593.1:c2595355-2593832	NB551033:137:HK33LBGX9:2:22312:22601:12120#0/2	98.013	151	3	0	1096	1246	1	151	6.05e-68	263
NC_011593.1:c2595355-2593832	NB551033:137:HK33LBGX9:1:23111:19995:7558#0/2	98.013	151	3	0	1090	1240	1	151	6.05e-68	263
NC_011593.1:c2595355-2593832	NB551033:137:HK33LBGX9:4:13501:20161:7505#0/1	98.013	151	3	0	697	847	1	151	6.05e-68	263
NC_011593.1:c2595355-2593832	NB551033:137:HK33LBGX9:3:11607:18449:15111#0/1	98.649	148	2	0	531	678	150	3	6.05e-68	263
NC_011593.1:c2595355-2593832	NB551033:137:HK33LBGX9:2:13203:9069:14476#0/1	98.013	151	3	0	888	1038	151	1	6.05e-68	263
NC_011593.1:c2595355-2593832	NB551033:137:HK33LBGX9:1:23111:19995:7558#0/1	98.013	151	3	0	1096	1246	151	1	6.05e-68	263
NC_011593.1:c2595355-2593832	NB551033:137:HK33LBGX9:3:11504:4323:2019#0/2	98.000	150	3	0	700	849	150	1	2.18e-67	261
NC_011593.1:c2595355-2593832	NB551033:137:HK33LBGX9:4:21507:25609:17063#0/1	98.000	150	3	0	886	1035	150	1	2.18e-67	261
NC_011593.1:c2595355-2593832	NB551033:137:HK33LBGX9:4:13509:10592:16193#0/1	98.000	150	3	0	410	559	1	150	2.18e-67	261
NC_011593.1:c2595355-2593832	NB551033:137:HK33LBGX9:3:12405:8860:11043#0/1	98.000	150	3	0	701	850	150	1	2.18e-67	261
NC_011593.1:c2595355-2593832	NB551033:137:HK33LBGX9:2:23104:9369:2581#0/2	97.987	149	3	0	560	708	1	149	7.83e-67	259
NC_011593.1:c2595355-2593832	NB551033:137:HK33LBGX9:1:23103:12015:2585#0/1	97.351	151	4	0	307	457	151	1	2.81e-66	257
NC_011593.1:c2595355-2593832	NB551033:137:HK33LBGX9:4:21401:13851:6922#0/2	97.333	150	4	0	298	447	150	1	1.01e-65	255
NC_011593.1:c2595355-2593832	NB551033:137:HK33LBGX9:3:13410:17624:11936#0/2	97.333	150	4	0	288	437	150	1	1.01e-65	255
NC_011593.1:c2595355-2593832	NB551033:137:HK33LBGX9:2:13203:9069:14476#0/2	97.959	147	3	0	883	1029	1	147	1.01e-65	255
NC_011593.1:c2595355-2593832	NB551033:137:HK33LBGX9:1:11304:10663:3924#0/2	97.959	147	3	0	801	947	147	1	1.01e-65	255
NC_011593.1:c2595355-2593832	NB551033:137:HK33LBGX9:4:21401:13851:6922#0/1	97.333	150	4	0	267	416	1	150	1.01e-65	255
NC_011593.1:c2595355-2593832	NB551033:137:HK33LBGX9:2:13307:1310:15893#0/1	97.959	147	3	0	883	1029	147	1	1.01e-65	255
NC_011593.1:c2595355-2593832	NB551033:137:HK33LBGX9:1:11304:10663:3924#0/1	97.959	147	3	0	801	947	1	147	1.01e-65	255
NC_011593.1:c2595355-2593832	NB551033:137:HK33LBGX9:4:22409:2548:2480#0/1	99.286	140	1	0	957	1096	1	140	3.64e-65	254
NC_011593.1:c2595355-2593832	NB551033:137:HK33LBGX9:4:21507:25609:17063#0/2	96.689	151	5	0	842	992	1	151	1.31e-64	252
NC_011593.1:c2595355-2593832	NB551033:137:HK33LBGX9:3:23502:9272:15125#0/2	96.689	151	5	0	671	821	151	1	1.31e-64	252
NC_011593.1:c2595355-2593832	NB551033:137:HK33LBGX9:4:13509:10592:16193#0/2	96.667	150	5	0	670	819	150	1	4.71e-64	250
NC_011593.1:c2595355-2593832	NB551033:137:HK33LBGX9:1:23103:12015:2585#0/2	96.667	150	5	0	159	308	1	150	4.71e-64	250
NC_011593.1:c2595355-2593832	NB551033:137:HK33LBGX9:1:21205:6985:3304#0/2	96.667	150	5	0	246	395	150	1	4.71e-64	250
NC_011593.1:c2595355-2593832	NB551033:137:HK33LBGX9:1:13310:20558:7019#0/2	96.667	150	5	0	245	394	2	151	4.71e-64	250
NC_011593.1:c2595355-2593832	NB551033:137:HK33LBGX9:1:13310:20558:7019#0/1	96.667	150	5	0	248	397	150	1	4.71e-64	250
NC_011593.1:c2595355-2593832	NB551033:137:HK33LBGX9:3:22610:11473:2050#0/2	96.026	151	6	0	659	809	151	1	6.09e-63	246
NC_011593.1:c2595355-2593832	NB551033:137:HK33LBGX9:3:13410:17624:11936#0/1	96.026	151	6	0	211	361	1	151	6.09e-63	246
NC_011593.1:c2595355-2593832	NB551033:137:HK33LBGX9:2:23104:9369:2581#0/1	96.026	151	6	0	659	809	151	1	6.09e-63	246
NC_011593.1:c2595355-2593832	NB551033:137:HK33LBGX9:4:23608:16065:8320#0/2	98.551	138	2	0	427	564	1	138	2.19e-62	244
NC_011593.1:c2595355-2593832	NB551033:137:HK33LBGX9:4:12409:21508:8732#0/2	96.000	150	6	0	224	373	150	1	2.19e-62	244
NC_011593.1:c2595355-2593832	NB551033:137:HK33LBGX9:3:12405:8860:11043#0/2	96.000	150	6	0	627	776	1	150	2.19e-62	244
NC_011593.1:c2595355-2593832	NB551033:137:HK33LBGX9:2:22302:3554:1364#0/2	96.000	150	6	0	1284	1433	1	150	2.19e-62	244
NC_011593.1:c2595355-2593832	NB551033:137:HK33LBGX9:1:22204:2544:5752#0/2	96.000	150	6	0	670	819	150	1	2.19e-62	244
NC_011593.1:c2595355-2593832	NB551033:137:HK33LBGX9:4:23608:16065:8320#0/1	98.551	138	2	0	427	564	138	1	2.19e-62	244
NC_011593.1:c2595355-2593832	NB551033:137:HK33LBGX9:3:23502:9272:15125#0/1	96.000	150	6	0	622	771	1	150	2.19e-62	244
NC_011593.1:c2595355-2593832	NB551033:137:HK33LBGX9:3:21603:20227:10626#0/1	96.000	150	6	0	627	776	150	1	2.19e-62	244
NC_011593.1:c2595355-2593832	NB551033:137:HK33LBGX9:3:13512:18845:4945#0/1	99.242	132	1	0	942	1073	1	132	1.02e-60	239
NC_011593.1:c2595355-2593832	NB551033:137:HK33LBGX9:2:13307:1310:15893#0/2	95.302	149	7	0	635	783	1	149	3.67e-60	237
NC_011593.1:c2595355-2593832	NB551033:137:HK33LBGX9:3:23605:10995:5914#0/1	97.778	135	3	0	561	695	135	1	4.74e-59	233
NC_011593.1:c2595355-2593832	NB551033:137:HK33LBGX9:3:23605:10995:5914#0/2	97.761	134	3	0	560	693	1	134	1.71e-58	231
NC_011593.1:c2595355-2593832	NB551033:137:HK33LBGX9:4:22505:16493:8327#0/2	97.727	132	3	0	576	707	1	132	2.21e-57	228
NC_011593.1:c2595355-2593832	NB551033:137:HK33LBGX9:4:13501:20161:7505#0/2	99.187	123	1	0	725	847	123	1	1.03e-55	222
NC_011593.1:c2595355-2593832	NB551033:137:HK33LBGX9:2:22312:22601:12120#0/1	96.296	135	5	0	1274	1408	135	1	1.03e-55	222
NC_011593.1:c2595355-2593832	NB551033:137:HK33LBGX9:4:11512:6422:10858#0/2	98.319	119	2	0	967	1085	119	1	7.99e-52	209
NC_011593.1:c2595355-2593832	NB551033:137:HK33LBGX9:3:22611:22601:15549#0/2	95.349	129	6	0	666	794	129	1	1.03e-50	206
NC_011593.1:c2595355-2593832	NB551033:137:HK33LBGX9:3:22611:22601:15549#0/1	95.349	129	6	0	666	794	1	129	1.03e-50	206
NC_011593.1:c2595355-2593832	NB551033:137:HK33LBGX9:2:22302:3554:1364#0/1	97.500	120	3	0	1351	1470	150	31	1.03e-50	206
NC_011593.1:c2595355-2593832	NB551033:137:HK33LBGX9:2:22205:25355:10157#0/2	95.690	116	5	0	30	145	1	116	3.75e-45	187
NC_011593.1:c2595355-2593832	NB551033:137:HK33LBGX9:2:22205:25355:10157#0/1	95.690	116	5	0	30	145	116	1	3.75e-45	187
NC_011593.1:c2595355-2593832	NB551033:137:HK33LBGX9:1:13308:7350:8869#0/2	100.000	92	0	0	766	857	92	1	3.77e-40	171
NC_011593.1:c2595355-2593832	NB551033:137:HK33LBGX9:1:13308:7350:8869#0/1	100.000	92	0	0	766	857	1	92	3.77e-40	171
NC_011593.1:c2595355-2593832	NB551033:137:HK33LBGX9:4:11509:8558:4207#0/2	96.939	98	3	0	1373	1470	1	98	1.75e-38	165
NC_011593.1:c2595355-2593832	NB551033:137:HK33LBGX9:4:11509:8558:4207#0/1	96.939	98	3	0	1373	1470	108	11	1.75e-38	165
NC_011593.1:c2595355-2593832	NB551033:137:HK33LBGX9:4:22505:16493:8327#0/1	96.703	91	3	0	831	921	91	1	1.37e-34	152
NC_011593.1:c2595355-2593832	NB551033:137:HK33LBGX9:4:23604:25433:5362#0/2	97.403	77	2	0	1274	1350	77	1	1.78e-28	132
NC_011593.1:c2595355-2593832	NB551033:137:HK33LBGX9:1:23310:12967:1338#0/1	95.181	83	4	0	387	469	83	1	1.78e-28	132
NC_011593.1:c2595355-2593832	NB551033:137:HK33LBGX9:4:22409:2548:2480#0/2	96.104	77	3	0	1274	1350	77	1	8.28e-27	126
NC_011593.1:c2595355-2593832	NB551033:137:HK33LBGX9:3:22511:26160:7126#0/2	98.182	55	1	0	1273	1327	55	1	6.49e-18	97.1
NC_011593.1:c2595355-2593832	NB551033:137:HK33LBGX9:1:22210:16518:8022#0/2	96.491	57	2	0	886	942	57	1	2.34e-17	95.3
NC_011593.1:c2595355-2593832	NB551033:137:HK33LBGX9:1:22210:16518:8022#0/1	96.491	57	2	0	886	942	1	57	2.34e-17	95.3
NC_011593.1:c2595355-2593832	NB551033:137:HK33LBGX9:4:21609:24352:13060#0/2	96.226	53	2	0	499	551	2	54	3.91e-15	87.9
NC_011593.1:c2595355-2593832	NB551033:137:HK33LBGX9:4:21609:24352:13060#0/1	96.226	53	2	0	499	551	53	1	3.91e-15	87.9
# BLASTN 2.9.0+
# Query: NC_011593.1:c2597106-2595574 Bifidobacterium longum subsp. infantis ATCC 15697, complete genome
# Database: db/blast_C0277-2F-1A_S27.faa
# Fields: query acc.ver, subject acc.ver, % identity, alignment length, mismatches, gap opens, q. start, q. end, s. start, s. end, evalue, bit score
# 11 hits found
NC_011593.1:c2597106-2595574	NB551033:137:HK33LBGX9:1:21201:8114:5400#0/2	95.333	150	7	0	1	150	151	2	1.03e-60	239
NC_011593.1:c2597106-2595574	NB551033:137:HK33LBGX9:2:21209:17100:12791#0/2	95.862	145	6	0	386	530	5	149	1.33e-59	235
NC_011593.1:c2597106-2595574	NB551033:137:HK33LBGX9:3:13410:17624:11936#0/1	95.726	117	5	0	214	330	4	120	1.05e-45	189
NC_011593.1:c2597106-2595574	NB551033:137:HK33LBGX9:4:12409:21508:8732#0/1	96.226	106	4	0	1	106	45	150	2.93e-41	174
NC_011593.1:c2597106-2595574	NB551033:137:HK33LBGX9:1:21205:6985:3304#0/1	95.604	91	4	0	1	91	60	150	6.39e-33	147
NC_011593.1:c2597106-2595574	NB551033:137:HK33LBGX9:1:13308:7350:8869#0/2	95.000	80	4	0	767	846	91	12	8.33e-27	126
NC_011593.1:c2597106-2595574	NB551033:137:HK33LBGX9:1:13308:7350:8869#0/1	95.000	80	4	0	767	846	2	81	8.33e-27	126
NC_011593.1:c2597106-2595574	NB551033:137:HK33LBGX9:2:12108:12894:18769#0/1	100.000	60	0	0	1	60	60	1	2.33e-22	111
NC_011593.1:c2597106-2595574	NB551033:137:HK33LBGX9:1:23106:11869:5095#0/2	100.000	55	0	0	1	55	55	1	1.40e-19	102
NC_011593.1:c2597106-2595574	NB551033:137:HK33LBGX9:1:12312:1096:13801#0/2	100.000	55	0	0	1	55	55	1	1.40e-19	102
NC_011593.1:c2597106-2595574	NB551033:137:HK33LBGX9:1:23106:11869:5095#0/1	100.000	55	0	0	1	55	62	116	1.40e-19	102
# BLASTN 2.9.0+
# Query: NC_011593.1:c2598562-2597207 Bifidobacterium longum subsp. infantis ATCC 15697, complete genome
# Database: db/blast_C0277-2F-1A_S27.faa
# Fields: query acc.ver, subject acc.ver, % identity, alignment length, mismatches, gap opens, q. start, q. end, s. start, s. end, evalue, bit score
# 64 hits found
NC_011593.1:c2598562-2597207	NB551033:137:HK33LBGX9:3:21603:11545:9102#0/2	100.000	151	0	0	961	1111	1	151	5.33e-73	279
NC_011593.1:c2598562-2597207	NB551033:137:HK33LBGX9:2:22305:17566:8234#0/2	100.000	151	0	0	337	487	151	1	5.33e-73	279
NC_011593.1:c2598562-2597207	NB551033:137:HK33LBGX9:2:12305:2291:7736#0/2	100.000	151	0	0	239	389	1	151	5.33e-73	279
NC_011593.1:c2598562-2597207	NB551033:137:HK33LBGX9:1:13111:20048:5635#0/2	100.000	151	0	0	211	361	1	151	5.33e-73	279
NC_011593.1:c2598562-2597207	NB551033:137:HK33LBGX9:1:13108:25189:15150#0/2	100.000	151	0	0	1053	1203	151	1	5.33e-73	279
NC_011593.1:c2598562-2597207	NB551033:137:HK33LBGX9:4:21511:17449:12397#0/1	100.000	151	0	0	359	509	1	151	5.33e-73	279
NC_011593.1:c2598562-2597207	NB551033:137:HK33LBGX9:3:21603:11545:9102#0/1	100.000	151	0	0	1123	1273	151	1	5.33e-73	279
NC_011593.1:c2598562-2597207	NB551033:137:HK33LBGX9:2:12308:25649:13592#0/1	100.000	151	0	0	394	544	1	151	5.33e-73	279
NC_011593.1:c2598562-2597207	NB551033:137:HK33LBGX9:1:22304:9361:18569#0/1	100.000	151	0	0	511	661	1	151	5.33e-73	279
NC_011593.1:c2598562-2597207	NB551033:137:HK33LBGX9:4:13605:11704:3412#0/2	100.000	150	0	0	747	896	1	150	1.92e-72	278
NC_011593.1:c2598562-2597207	NB551033:137:HK33LBGX9:4:11612:18678:17602#0/2	100.000	150	0	0	936	1085	150	1	1.92e-72	278
NC_011593.1:c2598562-2597207	NB551033:137:HK33LBGX9:2:22205:16989:12935#0/2	100.000	150	0	0	748	897	150	1	1.92e-72	278
NC_011593.1:c2598562-2597207	NB551033:137:HK33LBGX9:1:22304:9361:18569#0/2	100.000	150	0	0	548	697	150	1	1.92e-72	278
NC_011593.1:c2598562-2597207	NB551033:137:HK33LBGX9:4:13605:11704:3412#0/1	100.000	150	0	0	793	942	150	1	1.92e-72	278
NC_011593.1:c2598562-2597207	NB551033:137:HK33LBGX9:4:13403:14977:19260#0/1	100.000	150	0	0	1171	1320	1	150	1.92e-72	278
NC_011593.1:c2598562-2597207	NB551033:137:HK33LBGX9:3:22603:7674:12106#0/1	100.000	150	0	0	272	421	150	1	1.92e-72	278
NC_011593.1:c2598562-2597207	NB551033:137:HK33LBGX9:2:21110:7683:6014#0/1	100.000	150	0	0	1138	1287	150	1	1.92e-72	278
NC_011593.1:c2598562-2597207	NB551033:137:HK33LBGX9:1:21208:21520:2358#0/1	100.000	150	0	0	1168	1317	1	150	1.92e-72	278
NC_011593.1:c2598562-2597207	NB551033:137:HK33LBGX9:1:21103:16799:1941#0/1	100.000	150	0	0	479	628	1	150	1.92e-72	278
NC_011593.1:c2598562-2597207	NB551033:137:HK33LBGX9:1:13111:20048:5635#0/1	100.000	150	0	0	273	422	150	1	1.92e-72	278
NC_011593.1:c2598562-2597207	NB551033:137:HK33LBGX9:1:13108:25189:15150#0/1	100.000	150	0	0	1011	1160	1	150	1.92e-72	278
NC_011593.1:c2598562-2597207	NB551033:137:HK33LBGX9:2:13203:8944:14783#0/2	100.000	149	0	0	960	1108	1	149	6.90e-72	276
NC_011593.1:c2598562-2597207	NB551033:137:HK33LBGX9:2:13203:8944:14783#0/1	100.000	149	0	0	960	1108	149	1	6.90e-72	276
NC_011593.1:c2598562-2597207	NB551033:137:HK33LBGX9:1:11104:16151:12347#0/1	100.000	149	0	0	888	1036	149	1	6.90e-72	276
NC_011593.1:c2598562-2597207	NB551033:137:HK33LBGX9:2:21204:15842:7401#0/2	99.338	151	1	0	678	828	151	1	2.48e-71	274
NC_011593.1:c2598562-2597207	NB551033:137:HK33LBGX9:2:21110:7683:6014#0/2	100.000	148	0	0	972	1119	1	148	2.48e-71	274
NC_011593.1:c2598562-2597207	NB551033:137:HK33LBGX9:1:22202:2107:5670#0/2	99.338	151	1	0	591	741	151	1	2.48e-71	274
NC_011593.1:c2598562-2597207	NB551033:137:HK33LBGX9:4:11612:18678:17602#0/1	99.338	151	1	0	870	1020	1	151	2.48e-71	274
NC_011593.1:c2598562-2597207	NB551033:137:HK33LBGX9:2:21204:15842:7401#0/1	99.338	151	1	0	602	752	1	151	2.48e-71	274
NC_011593.1:c2598562-2597207	NB551033:137:HK33LBGX9:1:21208:21520:2358#0/2	100.000	147	0	0	1173	1319	147	1	8.92e-71	272
NC_011593.1:c2598562-2597207	NB551033:137:HK33LBGX9:1:21103:16799:1941#0/2	99.333	150	1	0	597	746	150	1	8.92e-71	272
NC_011593.1:c2598562-2597207	NB551033:137:HK33LBGX9:1:11104:16151:12347#0/2	99.333	150	1	0	567	716	1	150	8.92e-71	272
NC_011593.1:c2598562-2597207	NB551033:137:HK33LBGX9:2:22205:16989:12935#0/1	99.333	150	1	0	566	715	1	150	8.92e-71	272
NC_011593.1:c2598562-2597207	NB551033:137:HK33LBGX9:1:22202:2107:5670#0/1	99.333	150	1	0	567	716	1	150	8.92e-71	272
NC_011593.1:c2598562-2597207	NB551033:137:HK33LBGX9:3:23504:20012:12010#0/2	99.310	145	1	0	645	789	1	145	5.37e-68	263
NC_011593.1:c2598562-2597207	NB551033:137:HK33LBGX9:3:23504:20012:12010#0/1	99.310	145	1	0	645	789	145	1	5.37e-68	263
NC_011593.1:c2598562-2597207	NB551033:137:HK33LBGX9:4:21408:17381:19487#0/2	100.000	139	0	0	960	1098	139	1	2.50e-66	257
NC_011593.1:c2598562-2597207	NB551033:137:HK33LBGX9:4:21408:17381:19487#0/1	100.000	139	0	0	960	1098	1	139	2.50e-66	257
NC_011593.1:c2598562-2597207	NB551033:137:HK33LBGX9:2:23207:11176:10931#0/2	99.281	139	1	0	636	774	139	1	1.16e-64	252
NC_011593.1:c2598562-2597207	NB551033:137:HK33LBGX9:2:23207:11176:10931#0/1	99.281	139	1	0	636	774	1	139	1.16e-64	252
NC_011593.1:c2598562-2597207	NB551033:137:HK33LBGX9:2:12305:2291:7736#0/1	99.248	133	1	0	521	653	133	1	2.52e-61	241
NC_011593.1:c2598562-2597207	NB551033:137:HK33LBGX9:4:23506:19140:9445#0/2	100.000	125	0	0	1232	1356	1	125	1.51e-58	231
NC_011593.1:c2598562-2597207	NB551033:137:HK33LBGX9:2:22305:17566:8234#0/1	99.194	124	1	0	138	261	27	150	2.53e-56	224
NC_011593.1:c2598562-2597207	NB551033:137:HK33LBGX9:2:12308:25649:13592#0/2	100.000	119	0	0	546	664	119	1	3.28e-55	220
NC_011593.1:c2598562-2597207	NB551033:137:HK33LBGX9:1:23112:20536:12979#0/1	100.000	107	0	0	1250	1356	150	44	1.54e-48	198
NC_011593.1:c2598562-2597207	NB551033:137:HK33LBGX9:2:13209:15835:16596#0/2	100.000	105	0	0	1252	1356	1	105	1.99e-47	195
NC_011593.1:c2598562-2597207	NB551033:137:HK33LBGX9:4:22403:15507:1637#0/2	100.000	101	0	0	815	915	1	101	3.32e-45	187
NC_011593.1:c2598562-2597207	NB551033:137:HK33LBGX9:4:22403:15507:1637#0/1	100.000	101	0	0	815	915	101	1	3.32e-45	187
NC_011593.1:c2598562-2597207	NB551033:137:HK33LBGX9:1:13308:18858:9864#0/2	100.000	87	0	0	1232	1318	87	1	2.01e-37	161
NC_011593.1:c2598562-2597207	NB551033:137:HK33LBGX9:1:13308:18858:9864#0/1	100.000	87	0	0	1232	1318	1	87	2.01e-37	161
NC_011593.1:c2598562-2597207	NB551033:137:HK33LBGX9:4:21511:17449:12397#0/2	100.000	79	0	0	496	574	79	1	5.64e-33	147
NC_011593.1:c2598562-2597207	NB551033:137:HK33LBGX9:3:22603:7674:12106#0/2	100.000	76	0	0	138	213	75	150	2.63e-31	141
NC_011593.1:c2598562-2597207	NB551033:137:HK33LBGX9:1:11305:22798:2902#0/1	100.000	76	0	0	138	213	76	1	2.63e-31	141
NC_011593.1:c2598562-2597207	NB551033:137:HK33LBGX9:1:11105:4830:7290#0/2	100.000	74	0	0	497	570	74	1	3.40e-30	137
NC_011593.1:c2598562-2597207	NB551033:137:HK33LBGX9:1:11105:4830:7290#0/1	100.000	73	0	0	138	210	75	147	1.22e-29	135
NC_011593.1:c2598562-2597207	NB551033:137:HK33LBGX9:2:22310:1867:18607#0/2	100.000	72	0	0	230	301	72	1	4.39e-29	134
NC_011593.1:c2598562-2597207	NB551033:137:HK33LBGX9:1:11305:22798:2902#0/2	100.000	60	0	0	138	197	91	150	2.06e-22	111
NC_011593.1:c2598562-2597207	NB551033:137:HK33LBGX9:3:21408:24648:3905#0/2	100.000	55	0	0	1270	1324	1	55	1.24e-19	102
NC_011593.1:c2598562-2597207	NB551033:137:HK33LBGX9:3:21408:24648:3905#0/1	100.000	55	0	0	1270	1324	55	1	1.24e-19	102
NC_011593.1:c2598562-2597207	NB551033:137:HK33LBGX9:1:13302:2663:17782#0/1	98.148	54	1	0	1225	1278	54	1	2.07e-17	95.3
NC_011593.1:c2598562-2597207	NB551033:137:HK33LBGX9:4:13403:14977:19260#0/2	100.000	50	0	0	1307	1356	132	83	7.46e-17	93.5
NC_011593.1:c2598562-2597207	NB551033:137:HK33LBGX9:3:21506:2006:12659#0/1	100.000	42	0	0	138	179	42	1	2.09e-12	78.7
NC_011593.1:c2598562-2597207	NB551033:137:HK33LBGX9:2:13209:15835:16596#0/1	100.000	42	0	0	1315	1356	129	88	2.09e-12	78.7
NC_011593.1:c2598562-2597207	NB551033:137:HK33LBGX9:3:12501:12003:18300#0/1	100.000	37	0	0	1319	1355	1	37	1.26e-09	69.4
# BLASTN 2.9.0+
# Query: NC_011593.1:2598858-2601929 Bifidobacterium longum subsp. infantis ATCC 15697, complete genome
# Database: db/blast_C0277-2F-1A_S27.faa
# Fields: query acc.ver, subject acc.ver, % identity, alignment length, mismatches, gap opens, q. start, q. end, s. start, s. end, evalue, bit score
# 145 hits found
NC_011593.1:2598858-2601929	NB551033:137:HK33LBGX9:3:21408:14265:4271#0/1	100.000	151	0	0	1700	1850	151	1	1.21e-72	279
NC_011593.1:2598858-2601929	NB551033:137:HK33LBGX9:2:23101:9951:5950#0/1	100.000	151	0	0	1721	1871	151	1	1.21e-72	279
NC_011593.1:2598858-2601929	NB551033:137:HK33LBGX9:1:11101:4932:14071#0/1	100.000	151	0	0	1990	2140	151	1	1.21e-72	279
NC_011593.1:2598858-2601929	NB551033:137:HK33LBGX9:3:21408:14265:4271#0/2	100.000	150	0	0	1692	1841	1	150	4.35e-72	278
NC_011593.1:2598858-2601929	NB551033:137:HK33LBGX9:3:21403:15237:20036#0/2	100.000	150	0	0	1719	1868	150	1	4.35e-72	278
NC_011593.1:2598858-2601929	NB551033:137:HK33LBGX9:3:21403:15237:20036#0/1	100.000	150	0	0	1589	1738	1	150	4.35e-72	278
NC_011593.1:2598858-2601929	NB551033:137:HK33LBGX9:3:11410:10238:3441#0/1	100.000	150	0	0	1965	2114	150	1	4.35e-72	278
NC_011593.1:2598858-2601929	NB551033:137:HK33LBGX9:1:13101:14810:18597#0/1	100.000	150	0	0	1956	2105	1	150	4.35e-72	278
NC_011593.1:2598858-2601929	NB551033:137:HK33LBGX9:4:21411:3961:9096#0/2	99.338	151	1	0	1818	1968	151	1	5.63e-71	274
NC_011593.1:2598858-2601929	NB551033:137:HK33LBGX9:4:12601:2465:12702#0/2	99.338	151	1	0	2752	2902	151	1	5.63e-71	274
NC_011593.1:2598858-2601929	NB551033:137:HK33LBGX9:1:11107:16974:18616#0/2	99.338	151	1	0	965	1115	151	1	5.63e-71	274
NC_011593.1:2598858-2601929	NB551033:137:HK33LBGX9:1:11101:4932:14071#0/2	100.000	148	0	0	1713	1860	1	148	5.63e-71	274
NC_011593.1:2598858-2601929	NB551033:137:HK33LBGX9:4:12407:8417:16577#0/1	99.338	151	1	0	337	487	151	1	5.63e-71	274
NC_011593.1:2598858-2601929	NB551033:137:HK33LBGX9:2:21211:10398:7452#0/1	99.338	151	1	0	15	165	151	1	5.63e-71	274
NC_011593.1:2598858-2601929	NB551033:137:HK33LBGX9:1:13302:18347:9261#0/1	99.338	151	1	0	199	349	151	1	5.63e-71	274
NC_011593.1:2598858-2601929	NB551033:137:HK33LBGX9:3:11410:10238:3441#0/2	99.333	150	1	0	1824	1973	1	150	2.02e-70	272
NC_011593.1:2598858-2601929	NB551033:137:HK33LBGX9:1:11203:22761:16528#0/2	100.000	147	0	0	2433	2579	1	147	2.02e-70	272
NC_011593.1:2598858-2601929	NB551033:137:HK33LBGX9:4:21411:3961:9096#0/1	99.333	150	1	0	1677	1826	1	150	2.02e-70	272
NC_011593.1:2598858-2601929	NB551033:137:HK33LBGX9:3:12512:17416:5512#0/1	99.333	150	1	0	977	1126	150	1	2.02e-70	272
NC_011593.1:2598858-2601929	NB551033:137:HK33LBGX9:3:11401:8411:10028#0/1	99.333	150	1	0	946	1095	1	150	2.02e-70	272
NC_011593.1:2598858-2601929	NB551033:137:HK33LBGX9:2:23305:17570:5114#0/1	99.333	150	1	0	2742	2891	150	1	2.02e-70	272
NC_011593.1:2598858-2601929	NB551033:137:HK33LBGX9:2:22111:11390:12206#0/1	99.333	150	1	0	225	374	1	150	2.02e-70	272
NC_011593.1:2598858-2601929	NB551033:137:HK33LBGX9:1:23104:17496:13876#0/1	99.333	150	1	0	334	483	150	1	2.02e-70	272
NC_011593.1:2598858-2601929	NB551033:137:HK33LBGX9:3:11401:8411:10028#0/2	99.329	149	1	0	952	1100	149	1	7.28e-70	270
NC_011593.1:2598858-2601929	NB551033:137:HK33LBGX9:4:21610:26032:9882#0/2	99.324	148	1	0	8	155	148	1	2.62e-69	268
NC_011593.1:2598858-2601929	NB551033:137:HK33LBGX9:4:13510:7394:12319#0/2	98.675	151	2	0	2151	2301	151	1	2.62e-69	268
NC_011593.1:2598858-2601929	NB551033:137:HK33LBGX9:3:23605:24982:15183#0/2	98.675	151	2	0	602	752	151	1	2.62e-69	268
NC_011593.1:2598858-2601929	NB551033:137:HK33LBGX9:2:11201:14250:16450#0/2	98.675	151	2	0	976	1126	1	151	2.62e-69	268
NC_011593.1:2598858-2601929	NB551033:137:HK33LBGX9:1:13107:7843:2698#0/2	98.675	151	2	0	2897	3047	151	1	2.62e-69	268
NC_011593.1:2598858-2601929	NB551033:137:HK33LBGX9:1:12106:6404:6212#0/2	98.675	151	2	0	600	750	1	151	2.62e-69	268
NC_011593.1:2598858-2601929	NB551033:137:HK33LBGX9:4:22511:15188:9600#0/1	99.324	148	1	0	11	158	1	148	2.62e-69	268
NC_011593.1:2598858-2601929	NB551033:137:HK33LBGX9:4:22409:3327:10500#0/1	98.675	151	2	0	613	763	151	1	2.62e-69	268
NC_011593.1:2598858-2601929	NB551033:137:HK33LBGX9:4:11612:3005:8608#0/1	99.324	148	1	0	2383	2530	1	148	2.62e-69	268
NC_011593.1:2598858-2601929	NB551033:137:HK33LBGX9:3:23402:21369:11944#0/1	98.675	151	2	0	1551	1701	151	1	2.62e-69	268
NC_011593.1:2598858-2601929	NB551033:137:HK33LBGX9:1:13107:7843:2698#0/1	98.675	151	2	0	2778	2928	1	151	2.62e-69	268
NC_011593.1:2598858-2601929	NB551033:137:HK33LBGX9:4:13511:13455:18627#0/2	98.667	150	2	0	2052	2201	1	150	9.42e-69	267
NC_011593.1:2598858-2601929	NB551033:137:HK33LBGX9:1:23104:17496:13876#0/2	98.667	150	2	0	16	165	1	150	9.42e-69	267
NC_011593.1:2598858-2601929	NB551033:137:HK33LBGX9:4:13511:13455:18627#0/1	98.667	150	2	0	2065	2214	150	1	9.42e-69	267
NC_011593.1:2598858-2601929	NB551033:137:HK33LBGX9:2:23211:5456:10590#0/1	98.667	150	2	0	2870	3019	1	150	9.42e-69	267
NC_011593.1:2598858-2601929	NB551033:137:HK33LBGX9:1:23209:7767:18013#0/1	98.667	150	2	0	595	744	1	150	9.42e-69	267
NC_011593.1:2598858-2601929	NB551033:137:HK33LBGX9:1:22311:24687:13827#0/2	98.658	149	2	0	2870	3018	149	1	3.39e-68	265
NC_011593.1:2598858-2601929	NB551033:137:HK33LBGX9:4:13505:3184:14756#0/1	98.658	149	2	0	2529	2677	1	149	3.39e-68	265
NC_011593.1:2598858-2601929	NB551033:137:HK33LBGX9:1:22311:24687:13827#0/1	98.658	149	2	0	2870	3018	1	149	3.39e-68	265
NC_011593.1:2598858-2601929	NB551033:137:HK33LBGX9:4:13604:1247:8409#0/2	98.013	151	3	0	1209	1359	1	151	1.22e-67	263
NC_011593.1:2598858-2601929	NB551033:137:HK33LBGX9:3:23402:21369:11944#0/2	98.013	151	3	0	1287	1437	1	151	1.22e-67	263
NC_011593.1:2598858-2601929	NB551033:137:HK33LBGX9:2:23211:5456:10590#0/2	98.013	151	3	0	2919	3069	151	1	1.22e-67	263
NC_011593.1:2598858-2601929	NB551033:137:HK33LBGX9:2:22112:9357:2200#0/2	98.013	151	3	0	718	868	151	1	1.22e-67	263
NC_011593.1:2598858-2601929	NB551033:137:HK33LBGX9:2:13205:21364:3013#0/2	98.013	151	3	0	1197	1347	151	1	1.22e-67	263
NC_011593.1:2598858-2601929	NB551033:137:HK33LBGX9:1:13101:14810:18597#0/2	98.013	151	3	0	2069	2219	151	1	1.22e-67	263
NC_011593.1:2598858-2601929	NB551033:137:HK33LBGX9:4:21504:15534:10091#0/1	98.013	151	3	0	2905	3055	1	151	1.22e-67	263
NC_011593.1:2598858-2601929	NB551033:137:HK33LBGX9:2:11201:14250:16450#0/1	98.013	151	3	0	1072	1222	151	1	1.22e-67	263
NC_011593.1:2598858-2601929	NB551033:137:HK33LBGX9:1:23210:21894:20320#0/1	98.013	151	3	0	2344	2494	1	151	1.22e-67	263
NC_011593.1:2598858-2601929	NB551033:137:HK33LBGX9:4:13603:26708:8411#0/2	98.000	150	3	0	1209	1358	1	150	4.38e-67	261
NC_011593.1:2598858-2601929	NB551033:137:HK33LBGX9:4:13405:23337:17327#0/2	98.000	150	3	0	1504	1653	150	1	4.38e-67	261
NC_011593.1:2598858-2601929	NB551033:137:HK33LBGX9:4:11410:14519:11351#0/2	98.000	150	3	0	1107	1256	1	150	4.38e-67	261
NC_011593.1:2598858-2601929	NB551033:137:HK33LBGX9:3:23512:10996:5851#0/2	98.000	150	3	0	1344	1493	1	150	4.38e-67	261
NC_011593.1:2598858-2601929	NB551033:137:HK33LBGX9:3:13410:15398:4298#0/2	98.639	147	2	0	2910	3056	1	147	4.38e-67	261
NC_011593.1:2598858-2601929	NB551033:137:HK33LBGX9:2:23303:5769:8220#0/2	98.000	150	3	0	1283	1432	2	151	4.38e-67	261
NC_011593.1:2598858-2601929	NB551033:137:HK33LBGX9:1:23108:20499:2655#0/2	98.000	150	3	0	1200	1349	150	1	4.38e-67	261
NC_011593.1:2598858-2601929	NB551033:137:HK33LBGX9:4:13603:26708:8411#0/1	98.000	150	3	0	1257	1406	150	1	4.38e-67	261
NC_011593.1:2598858-2601929	NB551033:137:HK33LBGX9:4:13510:7394:12319#0/1	98.000	150	3	0	2140	2289	1	150	4.38e-67	261
NC_011593.1:2598858-2601929	NB551033:137:HK33LBGX9:4:13510:7576:12160#0/1	98.000	150	3	0	2046	2195	1	150	4.38e-67	261
NC_011593.1:2598858-2601929	NB551033:137:HK33LBGX9:3:23512:10996:5851#0/1	98.000	150	3	0	1351	1500	150	1	4.38e-67	261
NC_011593.1:2598858-2601929	NB551033:137:HK33LBGX9:2:22112:9357:2200#0/1	98.000	150	3	0	556	705	1	150	4.38e-67	261
NC_011593.1:2598858-2601929	NB551033:137:HK33LBGX9:2:13205:21364:3013#0/1	98.000	150	3	0	1102	1251	1	150	4.38e-67	261
NC_011593.1:2598858-2601929	NB551033:137:HK33LBGX9:1:23108:20499:2655#0/1	98.000	150	3	0	1146	1295	1	150	4.38e-67	261
NC_011593.1:2598858-2601929	NB551033:137:HK33LBGX9:2:23305:17570:5114#0/2	97.351	151	4	0	2718	2868	1	151	5.67e-66	257
NC_011593.1:2598858-2601929	NB551033:137:HK33LBGX9:4:13405:23337:17327#0/1	97.351	151	4	0	1459	1609	1	151	5.67e-66	257
NC_011593.1:2598858-2601929	NB551033:137:HK33LBGX9:4:11410:14519:11351#0/1	97.351	151	4	0	1225	1375	151	1	5.67e-66	257
NC_011593.1:2598858-2601929	NB551033:137:HK33LBGX9:3:13410:15398:4298#0/1	97.973	148	3	0	2917	3064	148	1	5.67e-66	257
NC_011593.1:2598858-2601929	NB551033:137:HK33LBGX9:2:21111:12079:12575#0/1	97.351	151	4	0	2624	2774	1	151	5.67e-66	257
NC_011593.1:2598858-2601929	NB551033:137:HK33LBGX9:1:11203:22761:16528#0/1	97.351	151	4	0	2636	2786	151	1	5.67e-66	257
NC_011593.1:2598858-2601929	NB551033:137:HK33LBGX9:4:13510:7576:12160#0/2	97.333	150	4	0	2263	2412	150	1	2.04e-65	255
NC_011593.1:2598858-2601929	NB551033:137:HK33LBGX9:4:13406:10436:7700#0/2	97.333	150	4	0	2837	2986	1	150	2.04e-65	255
NC_011593.1:2598858-2601929	NB551033:137:HK33LBGX9:2:23101:9951:5950#0/2	97.333	150	4	0	1459	1608	1	150	2.04e-65	255
NC_011593.1:2598858-2601929	NB551033:137:HK33LBGX9:2:21111:12079:12575#0/2	97.333	150	4	0	2637	2786	150	1	2.04e-65	255
NC_011593.1:2598858-2601929	NB551033:137:HK33LBGX9:1:22103:16449:15343#0/2	98.611	144	2	0	2078	2221	144	1	2.04e-65	255
NC_011593.1:2598858-2601929	NB551033:137:HK33LBGX9:4:12601:2465:12702#0/1	97.333	150	4	0	2593	2742	1	150	2.04e-65	255
NC_011593.1:2598858-2601929	NB551033:137:HK33LBGX9:1:22103:16449:15343#0/1	98.611	144	2	0	2078	2221	1	144	2.04e-65	255
NC_011593.1:2598858-2601929	NB551033:137:HK33LBGX9:4:13505:3184:14756#0/2	97.315	149	4	0	2644	2792	149	1	7.33e-65	254
NC_011593.1:2598858-2601929	NB551033:137:HK33LBGX9:3:12512:17416:5512#0/2	97.315	149	4	0	866	1014	2	150	7.33e-65	254
NC_011593.1:2598858-2601929	NB551033:137:HK33LBGX9:2:23303:5769:8220#0/1	97.945	146	3	0	1487	1632	150	5	7.33e-65	254
NC_011593.1:2598858-2601929	NB551033:137:HK33LBGX9:4:22409:3327:10500#0/2	96.689	151	5	0	486	636	1	151	2.64e-64	252
NC_011593.1:2598858-2601929	NB551033:137:HK33LBGX9:2:22311:22437:14217#0/2	97.931	145	3	0	1433	1577	145	1	2.64e-64	252
NC_011593.1:2598858-2601929	NB551033:137:HK33LBGX9:1:12106:6404:6212#0/1	96.689	151	5	0	779	929	151	1	2.64e-64	252
NC_011593.1:2598858-2601929	NB551033:137:HK33LBGX9:4:21507:25313:7576#0/2	96.667	150	5	0	489	638	150	1	9.48e-64	250
NC_011593.1:2598858-2601929	NB551033:137:HK33LBGX9:2:22111:11390:12206#0/2	96.667	150	5	0	489	638	150	1	9.48e-64	250
NC_011593.1:2598858-2601929	NB551033:137:HK33LBGX9:1:23209:7767:18013#0/2	96.667	150	5	0	805	954	150	1	9.48e-64	250
NC_011593.1:2598858-2601929	NB551033:137:HK33LBGX9:4:21507:25313:7576#0/1	96.667	150	5	0	453	602	1	150	9.48e-64	250
NC_011593.1:2598858-2601929	NB551033:137:HK33LBGX9:1:11107:16974:18616#0/1	97.917	144	2	1	749	892	1	143	3.41e-63	248
NC_011593.1:2598858-2601929	NB551033:137:HK33LBGX9:2:22311:22437:14217#0/1	97.241	145	4	0	1433	1577	1	145	1.23e-62	246
NC_011593.1:2598858-2601929	NB551033:137:HK33LBGX9:4:22511:15188:9600#0/2	99.259	135	1	0	24	158	135	1	4.41e-62	244
NC_011593.1:2598858-2601929	NB551033:137:HK33LBGX9:1:23210:21894:20320#0/2	96.528	144	5	0	2688	2831	144	1	2.05e-60	239
NC_011593.1:2598858-2601929	NB551033:137:HK33LBGX9:1:22108:16559:8971#0/2	97.826	138	3	0	2935	3072	1	138	2.05e-60	239
NC_011593.1:2598858-2601929	NB551033:137:HK33LBGX9:1:22108:16559:8971#0/1	97.826	138	3	0	2935	3072	150	13	2.05e-60	239
NC_011593.1:2598858-2601929	NB551033:137:HK33LBGX9:3:13510:6629:18233#0/2	97.794	136	3	0	2685	2820	136	1	2.66e-59	235
NC_011593.1:2598858-2601929	NB551033:137:HK33LBGX9:2:22307:15491:2944#0/2	100.000	127	0	0	2161	2287	5	131	2.66e-59	235
NC_011593.1:2598858-2601929	NB551033:137:HK33LBGX9:2:22307:15491:2944#0/1	100.000	127	0	0	2161	2287	127	1	2.66e-59	235
NC_011593.1:2598858-2601929	NB551033:137:HK33LBGX9:4:21504:15534:10091#0/2	97.744	133	3	0	2940	3072	151	19	1.24e-57	230
NC_011593.1:2598858-2601929	NB551033:137:HK33LBGX9:4:12407:8417:16577#0/2	98.462	130	2	0	11	140	3	132	1.24e-57	230
NC_011593.1:2598858-2601929	NB551033:137:HK33LBGX9:3:11609:21415:8915#0/2	98.425	127	2	0	1163	1289	1	127	5.75e-56	224
NC_011593.1:2598858-2601929	NB551033:137:HK33LBGX9:3:11609:21415:8915#0/1	98.425	127	2	0	1163	1289	127	1	5.75e-56	224
NC_011593.1:2598858-2601929	NB551033:137:HK33LBGX9:3:23505:2199:5611#0/2	95.556	135	6	0	2623	2757	135	1	9.62e-54	217
NC_011593.1:2598858-2601929	NB551033:137:HK33LBGX9:2:22204:15058:12999#0/2	98.361	122	2	0	1	122	122	1	3.46e-53	215
NC_011593.1:2598858-2601929	NB551033:137:HK33LBGX9:3:12611:22860:8732#0/2	99.130	115	1	0	1	115	35	149	5.79e-51	207
NC_011593.1:2598858-2601929	NB551033:137:HK33LBGX9:3:12611:22860:8732#0/1	99.130	115	1	0	1	115	115	1	5.79e-51	207
NC_011593.1:2598858-2601929	NB551033:137:HK33LBGX9:1:21108:15211:15597#0/2	99.123	114	1	0	695	808	114	1	2.08e-50	206
NC_011593.1:2598858-2601929	NB551033:137:HK33LBGX9:2:22204:15058:12999#0/1	97.500	120	3	0	3	122	10	129	2.08e-50	206
NC_011593.1:2598858-2601929	NB551033:137:HK33LBGX9:1:21108:15211:15597#0/1	99.123	114	1	0	695	808	1	114	2.08e-50	206
NC_011593.1:2598858-2601929	NB551033:137:HK33LBGX9:2:21109:5745:10438#0/2	98.261	115	2	0	1386	1500	115	1	2.69e-49	202
NC_011593.1:2598858-2601929	NB551033:137:HK33LBGX9:2:21109:5745:10438#0/1	98.261	115	2	0	1386	1500	1	115	2.69e-49	202
NC_011593.1:2598858-2601929	NB551033:137:HK33LBGX9:2:21107:6860:15175#0/2	100.000	104	0	0	1	104	104	1	1.62e-46	193
NC_011593.1:2598858-2601929	NB551033:137:HK33LBGX9:2:13103:25693:4748#0/2	97.321	112	3	0	2682	2793	112	1	5.83e-46	191
NC_011593.1:2598858-2601929	NB551033:137:HK33LBGX9:2:13103:25693:4748#0/1	97.321	112	3	0	2682	2793	1	112	5.83e-46	191
NC_011593.1:2598858-2601929	NB551033:137:HK33LBGX9:4:13406:10436:7700#0/1	97.170	106	3	0	2967	3072	129	24	1.26e-42	180
NC_011593.1:2598858-2601929	NB551033:137:HK33LBGX9:4:21610:26032:9882#0/1	100.000	92	0	0	1	92	59	150	7.60e-40	171
NC_011593.1:2598858-2601929	NB551033:137:HK33LBGX9:2:13211:2889:14567#0/2	98.925	93	1	0	292	384	1	93	9.83e-39	167
NC_011593.1:2598858-2601929	NB551033:137:HK33LBGX9:2:13211:2889:14567#0/1	98.925	93	1	0	292	384	93	1	9.83e-39	167
NC_011593.1:2598858-2601929	NB551033:137:HK33LBGX9:1:13201:24056:7105#0/2	98.901	91	1	0	2402	2492	91	1	1.27e-37	163
NC_011593.1:2598858-2601929	NB551033:137:HK33LBGX9:1:13201:24056:7105#0/1	98.901	91	1	0	2402	2492	1	91	1.27e-37	163
NC_011593.1:2598858-2601929	NB551033:137:HK33LBGX9:4:13604:1247:8409#0/1	97.826	92	2	0	1315	1406	92	1	1.64e-36	159
NC_011593.1:2598858-2601929	NB551033:137:HK33LBGX9:3:23505:2199:5611#0/1	97.826	92	2	0	2383	2474	1	92	1.64e-36	159
NC_011593.1:2598858-2601929	NB551033:137:HK33LBGX9:2:13301:16541:15099#0/2	100.000	85	0	0	1645	1729	1	85	5.91e-36	158
NC_011593.1:2598858-2601929	NB551033:137:HK33LBGX9:2:13301:16541:15099#0/1	100.000	85	0	0	1645	1729	85	1	5.91e-36	158
NC_011593.1:2598858-2601929	NB551033:137:HK33LBGX9:2:12101:5558:14318#0/2	97.619	84	2	0	2989	3072	107	24	4.60e-32	145
NC_011593.1:2598858-2601929	NB551033:137:HK33LBGX9:3:23605:24982:15183#0/1	95.556	90	4	0	527	616	1	90	4.60e-32	145
NC_011593.1:2598858-2601929	NB551033:137:HK33LBGX9:2:12101:5558:14318#0/1	97.619	84	2	0	2989	3072	1	84	4.60e-32	145
NC_011593.1:2598858-2601929	NB551033:137:HK33LBGX9:3:21608:14986:9036#0/2	100.000	77	0	0	31	107	77	1	1.66e-31	143
NC_011593.1:2598858-2601929	NB551033:137:HK33LBGX9:3:21608:14986:9036#0/1	100.000	77	0	0	31	107	1	77	1.66e-31	143
NC_011593.1:2598858-2601929	NB551033:137:HK33LBGX9:2:23201:15964:19560#0/2	100.000	75	0	0	2472	2546	1	75	2.14e-30	139
NC_011593.1:2598858-2601929	NB551033:137:HK33LBGX9:2:23201:15964:19560#0/1	97.500	80	2	0	2527	2606	80	1	7.70e-30	137
NC_011593.1:2598858-2601929	NB551033:137:HK33LBGX9:3:23410:1387:14595#0/1	100.000	72	0	0	686	757	1	72	9.97e-29	134
NC_011593.1:2598858-2601929	NB551033:137:HK33LBGX9:3:13510:6629:18233#0/1	95.522	67	3	0	2684	2750	1	67	6.04e-21	108
NC_011593.1:2598858-2601929	NB551033:137:HK33LBGX9:3:22510:2033:19974#0/1	96.774	62	2	0	2132	2193	62	1	7.81e-20	104
NC_011593.1:2598858-2601929	NB551033:137:HK33LBGX9:2:21110:7591:4765#0/1	96.774	62	2	0	3011	3072	1	62	7.81e-20	104
NC_011593.1:2598858-2601929	NB551033:137:HK33LBGX9:1:23101:8992:13427#0/1	98.276	58	1	0	1	58	58	1	2.81e-19	102
NC_011593.1:2598858-2601929	NB551033:137:HK33LBGX9:4:12508:8091:9291#0/2	100.000	54	0	0	1693	1746	1	54	1.01e-18	100
NC_011593.1:2598858-2601929	NB551033:137:HK33LBGX9:4:12508:8091:9291#0/1	100.000	54	0	0	1693	1746	54	1	1.01e-18	100
NC_011593.1:2598858-2601929	NB551033:137:HK33LBGX9:2:13109:23213:3661#0/2	97.917	48	1	0	1191	1238	1	48	1.02e-13	84.2
NC_011593.1:2598858-2601929	NB551033:137:HK33LBGX9:3:22510:2033:19974#0/2	97.727	44	1	0	1900	1943	1	44	1.70e-11	76.8
NC_011593.1:2598858-2601929	NB551033:137:HK33LBGX9:3:23408:17717:10686#0/2	97.500	40	1	0	630	669	1	40	2.85e-09	69.4
NC_011593.1:2598858-2601929	NB551033:137:HK33LBGX9:2:12208:1128:17929#0/2	97.500	40	1	0	2746	2785	40	1	2.85e-09	69.4
NC_011593.1:2598858-2601929	NB551033:137:HK33LBGX9:3:23408:17717:10686#0/1	97.500	40	1	0	630	669	110	71	2.85e-09	69.4
NC_011593.1:2598858-2601929	NB551033:137:HK33LBGX9:2:21107:6860:15175#0/1	100.000	36	0	0	1	36	116	151	1.03e-08	67.6
NC_011593.1:2598858-2601929	NB551033:137:HK33LBGX9:3:21510:4528:2997#0/2	100.000	29	0	0	641	669	1	29	7.98e-05	54.7
# BLASTN 2.9.0+
# Query: NC_011593.1:c2604454-2602106 Bifidobacterium longum subsp. infantis ATCC 15697, complete genome
# Database: db/blast_C0277-2F-1A_S27.faa
# 0 hits found
# BLASTN 2.9.0+
# Query: NC_011593.1:c2605922-2604486 Bifidobacterium longum subsp. infantis ATCC 15697, complete genome
# Database: db/blast_C0277-2F-1A_S27.faa
# 0 hits found
# BLASTN 2.9.0+
# Query: NC_011593.1:c2606381-2605944 Bifidobacterium longum subsp. infantis ATCC 15697, complete genome
# Database: db/blast_C0277-2F-1A_S27.faa
# 0 hits found
# BLASTN 2.9.0+
# Query: NC_011593.1:c2607314-2606418 Bifidobacterium longum subsp. infantis ATCC 15697, complete genome
# Database: db/blast_C0277-2F-1A_S27.faa
# 0 hits found
# BLASTN 2.9.0+
# Query: NC_011593.1:c2608249-2607458 Bifidobacterium longum subsp. infantis ATCC 15697, complete genome
# Database: db/blast_C0277-2F-1A_S27.faa
# 0 hits found
# BLASTN 2.9.0+
# Query: NC_011593.1:c2609546-2608269 Bifidobacterium longum subsp. infantis ATCC 15697, complete genome
# Database: db/blast_C0277-2F-1A_S27.faa
# 0 hits found
# BLASTN 2.9.0+
# Query: NC_011593.1:c2610356-2609697 Bifidobacterium longum subsp. infantis ATCC 15697, complete genome
# Database: db/blast_C0277-2F-1A_S27.faa
# 0 hits found
# BLASTN 2.9.0+
# Query: NC_011593.1:c2611458-2610496 Bifidobacterium longum subsp. infantis ATCC 15697, complete genome
# Database: db/blast_C0277-2F-1A_S27.faa
# 0 hits found
# BLASTN 2.9.0+
# Query: NC_011593.1:c2612430-2611477 Bifidobacterium longum subsp. infantis ATCC 15697, complete genome
# Database: db/blast_C0277-2F-1A_S27.faa
# 0 hits found
# BLASTN 2.9.0+
# Query: NC_011593.1:c2614109-2612517 Bifidobacterium longum subsp. infantis ATCC 15697, complete genome
# Database: db/blast_C0277-2F-1A_S27.faa
# 0 hits found
# BLASTN 2.9.0+
# Query: NC_011593.1:c2615274-2614312 Bifidobacterium longum subsp. infantis ATCC 15697, complete genome
# Database: db/blast_C0277-2F-1A_S27.faa
# 0 hits found
# BLASTN 2.9.0+
# Query: NC_011593.1:c2616246-2615293 Bifidobacterium longum subsp. infantis ATCC 15697, complete genome
# Database: db/blast_C0277-2F-1A_S27.faa
# 0 hits found
# BLASTN 2.9.0+
# Query: NC_011593.1:c2617928-2616333 Bifidobacterium longum subsp. infantis ATCC 15697, complete genome
# Database: db/blast_C0277-2F-1A_S27.faa
# 0 hits found
# BLASTN 2.9.0+
# Query: NC_011593.1:c2619247-2618063 Bifidobacterium longum subsp. infantis ATCC 15697, complete genome
# Database: db/blast_C0277-2F-1A_S27.faa
# 0 hits found
# BLASTN 2.9.0+
# Query: NC_011593.1:c2620369-2619413 Bifidobacterium longum subsp. infantis ATCC 15697, complete genome
# Database: db/blast_C0277-2F-1A_S27.faa
# 0 hits found
# BLASTN 2.9.0+
# Query: NC_011593.1:c2622143-2620551 Bifidobacterium longum subsp. infantis ATCC 15697, complete genome
# Database: db/blast_C0277-2F-1A_S27.faa
# 0 hits found
# BLASTN 2.9.0+
# Query: NC_011593.1:c2624124-2622520 Bifidobacterium longum subsp. infantis ATCC 15697, complete genome
# Database: db/blast_C0277-2F-1A_S27.faa
# 0 hits found
# BLASTN 2.9.0+
# Query: NC_011593.1:c2626110-2624512 Bifidobacterium longum subsp. infantis ATCC 15697, complete genome
# Database: db/blast_C0277-2F-1A_S27.faa
# 0 hits found
# BLASTN 2.9.0+
# Query: NC_011593.1:c2626386-2626264 Bifidobacterium longum subsp. infantis ATCC 15697, complete genome
# Database: db/blast_C0277-2F-1A_S27.faa
# 0 hits found
# BLASTN 2.9.0+
# Query: NC_011593.1:c2628158-2626563 Bifidobacterium longum subsp. infantis ATCC 15697, complete genome
# Database: db/blast_C0277-2F-1A_S27.faa
# 0 hits found
# BLASTN 2.9.0+
# Query: NC_011593.1:c2630269-2628314 Bifidobacterium longum subsp. infantis ATCC 15697, complete genome
# Database: db/blast_C0277-2F-1A_S27.faa
# 0 hits found
# BLASTN 2.9.0+
# Query: NC_011593.1:c2631106-2630366 Bifidobacterium longum subsp. infantis ATCC 15697, complete genome
# Database: db/blast_C0277-2F-1A_S27.faa
# 0 hits found
# BLASTN 2.9.0+
# Query: NC_011593.1:c2632432-2631140 Bifidobacterium longum subsp. infantis ATCC 15697, complete genome
# Database: db/blast_C0277-2F-1A_S27.faa
# 0 hits found
# BLASTN 2.9.0+
# Query: NC_011593.1:c2633881-2632562 Bifidobacterium longum subsp. infantis ATCC 15697, complete genome
# Database: db/blast_C0277-2F-1A_S27.faa
# 0 hits found
# BLASTN 2.9.0+
# Query: NC_011593.1:c2634683-2633865 Bifidobacterium longum subsp. infantis ATCC 15697, complete genome
# Database: db/blast_C0277-2F-1A_S27.faa
# 0 hits found
# BLASTN 2.9.0+
# Query: NC_011593.1:c2635627-2634680 Bifidobacterium longum subsp. infantis ATCC 15697, complete genome
# Database: db/blast_C0277-2F-1A_S27.faa
# 0 hits found
# BLASTN 2.9.0+
# Query: NC_011593.1:c2636747-2635629 Bifidobacterium longum subsp. infantis ATCC 15697, complete genome
# Database: db/blast_C0277-2F-1A_S27.faa
# Fields: query acc.ver, subject acc.ver, % identity, alignment length, mismatches, gap opens, q. start, q. end, s. start, s. end, evalue, bit score
# 2 hits found
NC_011593.1:c2636747-2635629	NB551033:137:HK33LBGX9:4:23611:19163:7514#0/2	97.059	34	1	0	407	440	26	59	2.23e-06	58.4
NC_011593.1:c2636747-2635629	NB551033:137:HK33LBGX9:4:23611:19163:7514#0/1	97.059	34	1	0	407	440	35	2	2.23e-06	58.4
# BLAST processed 31 queries
