# BLASTN 2.9.0+
# Query: NC_011593.1:c2595355-2593832 Bifidobacterium longum subsp. infantis ATCC 15697, complete genome
# Database: db/blast_C0296_5F_1A_S37.faa
# Fields: query acc.ver, subject acc.ver, % identity, alignment length, mismatches, gap opens, q. start, q. end, s. start, s. end, evalue, bit score
# 88 hits found
NC_011593.1:c2595355-2593832	NB551033:76:HLGC3BGX5:3:22512:10852:10505:37#0/1	99.338	151	1	0	356	506	1	151	1.97e-71	274
NC_011593.1:c2595355-2593832	NB551033:76:HLGC3BGX5:1:11306:20988:1350:37#0/1	99.338	151	1	0	364	514	151	1	1.97e-71	274
NC_011593.1:c2595355-2593832	NB551033:76:HLGC3BGX5:1:23212:2252:5882:37#0/1	99.333	150	1	0	355	504	150	1	7.08e-71	272
NC_011593.1:c2595355-2593832	NB551033:76:HLGC3BGX5:3:12406:10210:15977:37#0/1	99.329	149	1	0	726	874	1	149	2.55e-70	270
NC_011593.1:c2595355-2593832	NB551033:76:HLGC3BGX5:3:22512:10852:10505:37#0/2	98.675	151	2	0	488	638	151	1	9.16e-70	268
NC_011593.1:c2595355-2593832	NB551033:76:HLGC3BGX5:1:11202:18647:5813:37#0/1	98.675	151	2	0	512	662	1	151	9.16e-70	268
NC_011593.1:c2595355-2593832	NB551033:76:HLGC3BGX5:2:22209:10664:14945:37#0/2	98.667	150	2	0	997	1146	1	150	3.29e-69	267
NC_011593.1:c2595355-2593832	NB551033:76:HLGC3BGX5:1:13210:10190:4660:37#0/2	98.667	150	2	0	717	866	150	1	3.29e-69	267
NC_011593.1:c2595355-2593832	NB551033:76:HLGC3BGX5:4:21608:12098:14537:37#0/1	98.013	151	3	0	702	852	151	1	4.26e-68	263
NC_011593.1:c2595355-2593832	NB551033:76:HLGC3BGX5:1:12112:25576:9061:37#0/1	98.013	151	3	0	111	261	1	151	4.26e-68	263
NC_011593.1:c2595355-2593832	NB551033:76:HLGC3BGX5:3:12406:10210:15977:37#0/2	98.000	150	3	0	769	918	150	1	1.53e-67	261
NC_011593.1:c2595355-2593832	NB551033:76:HLGC3BGX5:1:11306:20988:1350:37#0/2	98.000	150	3	0	342	491	1	150	1.53e-67	261
NC_011593.1:c2595355-2593832	NB551033:76:HLGC3BGX5:2:12309:13359:19800:37#0/1	98.000	150	3	0	941	1090	150	1	1.53e-67	261
NC_011593.1:c2595355-2593832	NB551033:76:HLGC3BGX5:4:12507:6964:17688:37#0/2	97.351	151	4	0	80	230	1	151	1.98e-66	257
NC_011593.1:c2595355-2593832	NB551033:76:HLGC3BGX5:3:12602:10409:8024:37#0/2	97.351	151	4	0	1309	1459	1	151	1.98e-66	257
NC_011593.1:c2595355-2593832	NB551033:76:HLGC3BGX5:2:12205:25318:17189:37#0/2	99.296	142	1	0	524	665	142	1	1.98e-66	257
NC_011593.1:c2595355-2593832	NB551033:76:HLGC3BGX5:1:21111:3460:12090:37#0/2	97.351	151	4	0	778	928	1	151	1.98e-66	257
NC_011593.1:c2595355-2593832	NB551033:76:HLGC3BGX5:1:13308:22845:3387:37#0/2	97.351	151	4	0	141	291	151	1	1.98e-66	257
NC_011593.1:c2595355-2593832	NB551033:76:HLGC3BGX5:1:12112:25576:9061:37#0/2	97.351	151	4	0	135	285	151	1	1.98e-66	257
NC_011593.1:c2595355-2593832	NB551033:76:HLGC3BGX5:4:12507:6964:17688:37#0/1	97.351	151	4	0	125	275	151	1	1.98e-66	257
NC_011593.1:c2595355-2593832	NB551033:76:HLGC3BGX5:1:21111:3460:12090:37#0/1	97.351	151	4	0	855	1005	151	1	1.98e-66	257
NC_011593.1:c2595355-2593832	NB551033:76:HLGC3BGX5:3:21509:8152:6696:37#0/2	97.333	150	4	0	1144	1293	1	150	7.13e-66	255
NC_011593.1:c2595355-2593832	NB551033:76:HLGC3BGX5:2:23110:24818:9360:37#0/2	97.333	150	4	0	106	255	1	150	7.13e-66	255
NC_011593.1:c2595355-2593832	NB551033:76:HLGC3BGX5:2:22306:15255:19113:37#0/2	97.333	150	4	0	103	252	150	1	7.13e-66	255
NC_011593.1:c2595355-2593832	NB551033:76:HLGC3BGX5:1:22206:22408:14968:37#0/2	97.333	150	4	0	848	997	150	1	7.13e-66	255
NC_011593.1:c2595355-2593832	NB551033:76:HLGC3BGX5:3:13604:20575:19890:37#0/1	97.333	150	4	0	156	305	1	150	7.13e-66	255
NC_011593.1:c2595355-2593832	NB551033:76:HLGC3BGX5:2:22311:23215:5068:37#0/1	97.333	150	4	0	152	301	150	1	7.13e-66	255
NC_011593.1:c2595355-2593832	NB551033:76:HLGC3BGX5:2:22209:10664:14945:37#0/1	97.333	150	4	0	1041	1190	150	1	7.13e-66	255
NC_011593.1:c2595355-2593832	NB551033:76:HLGC3BGX5:2:13210:5134:14818:37#0/1	97.333	150	4	0	181	330	151	2	7.13e-66	255
NC_011593.1:c2595355-2593832	NB551033:76:HLGC3BGX5:1:22206:22408:14968:37#0/1	97.333	150	4	0	842	991	1	150	7.13e-66	255
NC_011593.1:c2595355-2593832	NB551033:76:HLGC3BGX5:4:23504:4882:10393:37#0/2	96.689	151	5	0	176	326	151	1	9.22e-65	252
NC_011593.1:c2595355-2593832	NB551033:76:HLGC3BGX5:1:11204:12228:1287:37#0/2	96.689	151	5	0	567	717	151	1	9.22e-65	252
NC_011593.1:c2595355-2593832	NB551033:76:HLGC3BGX5:1:11202:18647:5813:37#0/2	96.689	151	5	0	585	735	151	1	9.22e-65	252
NC_011593.1:c2595355-2593832	NB551033:76:HLGC3BGX5:2:22306:15255:19113:37#0/1	97.931	145	3	0	99	243	1	145	9.22e-65	252
NC_011593.1:c2595355-2593832	NB551033:76:HLGC3BGX5:2:13304:14202:8442:37#0/1	97.297	148	4	0	156	303	1	148	9.22e-65	252
NC_011593.1:c2595355-2593832	NB551033:76:HLGC3BGX5:2:12205:25318:17189:37#0/1	98.592	142	2	0	524	665	1	142	9.22e-65	252
NC_011593.1:c2595355-2593832	NB551033:76:HLGC3BGX5:1:13210:10190:4660:37#0/1	96.689	151	5	0	574	724	1	151	9.22e-65	252
NC_011593.1:c2595355-2593832	NB551033:76:HLGC3BGX5:3:21509:8152:6696:37#0/1	96.667	150	5	0	1288	1437	150	1	3.32e-64	250
NC_011593.1:c2595355-2593832	NB551033:76:HLGC3BGX5:2:11309:22377:13289:37#0/1	96.667	150	5	0	177	326	150	1	3.32e-64	250
NC_011593.1:c2595355-2593832	NB551033:76:HLGC3BGX5:4:23509:16862:20037:37#0/2	96.644	149	5	0	670	818	149	1	1.19e-63	248
NC_011593.1:c2595355-2593832	NB551033:76:HLGC3BGX5:4:12611:5731:3537:37#0/2	97.902	143	3	0	399	541	143	1	1.19e-63	248
NC_011593.1:c2595355-2593832	NB551033:76:HLGC3BGX5:1:23212:2252:5882:37#0/2	96.026	151	6	0	273	423	1	151	4.29e-63	246
NC_011593.1:c2595355-2593832	NB551033:76:HLGC3BGX5:4:12611:5731:3537:37#0/1	97.887	142	3	0	399	540	1	142	4.29e-63	246
NC_011593.1:c2595355-2593832	NB551033:76:HLGC3BGX5:1:13107:19647:7759:37#0/1	97.241	145	4	0	52	196	6	150	4.29e-63	246
NC_011593.1:c2595355-2593832	NB551033:76:HLGC3BGX5:3:23603:3645:17576:37#0/2	96.000	150	6	0	288	437	150	1	1.54e-62	244
NC_011593.1:c2595355-2593832	NB551033:76:HLGC3BGX5:4:23509:16862:20037:37#0/1	96.000	150	6	0	627	776	1	150	1.54e-62	244
NC_011593.1:c2595355-2593832	NB551033:76:HLGC3BGX5:3:23603:3645:17576:37#0/1	96.000	150	6	0	265	414	1	150	1.54e-62	244
NC_011593.1:c2595355-2593832	NB551033:76:HLGC3BGX5:1:23205:19361:6189:37#0/2	95.973	149	6	0	279	427	1	149	5.55e-62	243
NC_011593.1:c2595355-2593832	NB551033:76:HLGC3BGX5:2:23110:24818:9360:37#0/1	95.973	149	6	0	289	437	149	1	5.55e-62	243
NC_011593.1:c2595355-2593832	NB551033:76:HLGC3BGX5:1:23205:19361:6189:37#0/1	95.973	149	6	0	279	427	149	1	5.55e-62	243
NC_011593.1:c2595355-2593832	NB551033:76:HLGC3BGX5:3:13604:20575:19890:37#0/2	95.364	151	7	0	224	374	151	1	2.00e-61	241
NC_011593.1:c2595355-2593832	NB551033:76:HLGC3BGX5:2:13304:14202:8442:37#0/2	95.364	151	7	0	224	374	151	1	2.00e-61	241
NC_011593.1:c2595355-2593832	NB551033:76:HLGC3BGX5:1:11108:21399:1473:37#0/2	95.833	144	6	0	52	195	144	1	3.34e-59	233
NC_011593.1:c2595355-2593832	NB551033:76:HLGC3BGX5:2:21204:14838:13869:37#0/1	97.080	137	4	0	1334	1470	149	13	1.20e-58	231
NC_011593.1:c2595355-2593832	NB551033:76:HLGC3BGX5:1:11204:12228:1287:37#0/1	98.462	130	2	0	501	630	1	130	4.32e-58	230
NC_011593.1:c2595355-2593832	NB551033:76:HLGC3BGX5:4:23407:11420:6409:37#0/2	95.556	135	6	0	303	437	1	135	3.36e-54	217
NC_011593.1:c2595355-2593832	NB551033:76:HLGC3BGX5:4:23407:11420:6409:37#0/1	95.556	135	6	0	303	437	135	1	3.36e-54	217
NC_011593.1:c2595355-2593832	NB551033:76:HLGC3BGX5:3:23501:10933:13811:37#0/2	96.800	125	4	0	1081	1205	1	125	5.63e-52	209
NC_011593.1:c2595355-2593832	NB551033:76:HLGC3BGX5:1:11310:8542:17015:37#0/2	97.500	120	3	0	1351	1470	1	120	7.28e-51	206
NC_011593.1:c2595355-2593832	NB551033:76:HLGC3BGX5:1:11310:8542:17015:37#0/1	97.500	120	3	0	1351	1470	135	16	7.28e-51	206
NC_011593.1:c2595355-2593832	NB551033:76:HLGC3BGX5:2:21204:14838:13869:37#0/2	95.902	122	5	0	1296	1417	1	122	1.22e-48	198
NC_011593.1:c2595355-2593832	NB551033:76:HLGC3BGX5:2:12301:18533:5058:37#0/2	99.091	110	1	0	749	858	110	1	1.22e-48	198
NC_011593.1:c2595355-2593832	NB551033:76:HLGC3BGX5:2:12301:18533:5058:37#0/1	96.610	118	4	0	453	570	1	118	4.38e-48	196
NC_011593.1:c2595355-2593832	NB551033:76:HLGC3BGX5:1:13108:16386:7574:37#0/2	99.057	106	1	0	999	1104	1	106	2.04e-46	191
NC_011593.1:c2595355-2593832	NB551033:76:HLGC3BGX5:1:13108:16386:7574:37#0/1	99.057	106	1	0	999	1104	106	1	2.04e-46	191
NC_011593.1:c2595355-2593832	NB551033:76:HLGC3BGX5:2:12210:23856:19188:37#0/1	99.020	102	1	0	1011	1112	1	102	3.41e-44	183
NC_011593.1:c2595355-2593832	NB551033:76:HLGC3BGX5:1:13107:19647:7759:37#0/2	95.575	113	5	0	284	396	113	1	1.23e-43	182
NC_011593.1:c2595355-2593832	NB551033:76:HLGC3BGX5:3:13609:6312:16516:37#0/2	98.980	98	1	0	581	678	1	98	5.71e-42	176
NC_011593.1:c2595355-2593832	NB551033:76:HLGC3BGX5:3:13609:6312:16516:37#0/1	98.980	98	1	0	581	678	100	3	5.71e-42	176
NC_011593.1:c2595355-2593832	NB551033:76:HLGC3BGX5:4:21608:12098:14537:37#0/2	95.370	108	5	0	674	781	1	108	7.39e-41	172
NC_011593.1:c2595355-2593832	NB551033:76:HLGC3BGX5:1:23309:18092:15671:37#0/2	100.000	93	0	0	404	496	1	93	7.39e-41	172
NC_011593.1:c2595355-2593832	NB551033:76:HLGC3BGX5:1:23309:18092:15671:37#0/1	100.000	93	0	0	404	496	93	1	7.39e-41	172
NC_011593.1:c2595355-2593832	NB551033:76:HLGC3BGX5:1:21304:26451:9238:37#0/1	98.958	96	1	0	1074	1169	96	1	7.39e-41	172
NC_011593.1:c2595355-2593832	NB551033:76:HLGC3BGX5:2:21311:11540:11971:37#0/2	96.154	104	4	0	323	426	104	1	2.66e-40	171
NC_011593.1:c2595355-2593832	NB551033:76:HLGC3BGX5:1:21304:26451:9238:37#0/2	98.947	95	1	0	1074	1168	1	95	2.66e-40	171
NC_011593.1:c2595355-2593832	NB551033:76:HLGC3BGX5:2:21311:11540:11971:37#0/1	96.154	104	4	0	323	426	1	104	2.66e-40	171
NC_011593.1:c2595355-2593832	NB551033:76:HLGC3BGX5:1:11107:2869:16370:37#0/2	96.939	98	3	0	1149	1246	1	98	1.24e-38	165
NC_011593.1:c2595355-2593832	NB551033:76:HLGC3BGX5:1:11107:2869:16370:37#0/1	96.939	98	3	0	1149	1246	98	1	1.24e-38	165
NC_011593.1:c2595355-2593832	NB551033:76:HLGC3BGX5:3:23501:10933:13811:37#0/1	97.619	84	2	0	1273	1356	84	1	1.61e-32	145
NC_011593.1:c2595355-2593832	NB551033:76:HLGC3BGX5:4:22512:8380:18786:37#0/2	100.000	75	0	0	792	866	75	1	7.49e-31	139
NC_011593.1:c2595355-2593832	NB551033:76:HLGC3BGX5:1:23104:14854:4494:37#0/2	97.531	81	2	0	229	309	81	1	7.49e-31	139
NC_011593.1:c2595355-2593832	NB551033:76:HLGC3BGX5:1:23104:14854:4494:37#0/1	97.531	81	2	0	229	309	1	81	7.49e-31	139
NC_011593.1:c2595355-2593832	NB551033:76:HLGC3BGX5:4:22512:8380:18786:37#0/1	97.436	78	2	0	507	584	2	79	3.49e-29	134
NC_011593.1:c2595355-2593832	NB551033:76:HLGC3BGX5:2:12210:23856:19188:37#0/2	97.333	75	2	0	1103	1177	75	1	1.62e-27	128
NC_011593.1:c2595355-2593832	NB551033:76:HLGC3BGX5:2:12309:13359:19800:37#0/2	96.104	77	3	0	625	701	1	77	5.83e-27	126
NC_011593.1:c2595355-2593832	NB551033:76:HLGC3BGX5:3:12602:10409:8024:37#0/1	100.000	51	0	0	1420	1470	147	97	1.64e-17	95.3
NC_011593.1:c2595355-2593832	NB551033:76:HLGC3BGX5:3:11502:22569:5200:37#0/1	100.000	34	0	0	1437	1470	1	34	4.64e-08	63.9
NC_011593.1:c2595355-2593832	NB551033:76:HLGC3BGX5:4:13510:12287:3625:37#0/2	100.000	30	0	0	1441	1470	1	30	7.76e-06	56.5
# BLASTN 2.9.0+
# Query: NC_011593.1:c2597106-2595574 Bifidobacterium longum subsp. infantis ATCC 15697, complete genome
# Database: db/blast_C0296_5F_1A_S37.faa
# Fields: query acc.ver, subject acc.ver, % identity, alignment length, mismatches, gap opens, q. start, q. end, s. start, s. end, evalue, bit score
# 16 hits found
NC_011593.1:c2597106-2595574	NB551033:76:HLGC3BGX5:4:12611:5731:3537:37#0/2	95.775	142	6	0	399	540	143	2	4.35e-58	230
NC_011593.1:c2597106-2595574	NB551033:76:HLGC3BGX5:4:12611:5731:3537:37#0/1	95.775	142	6	0	399	540	1	142	4.35e-58	230
NC_011593.1:c2597106-2595574	NB551033:76:HLGC3BGX5:4:13602:26262:10476:37#0/2	95.833	120	5	0	1	120	120	1	1.59e-47	195
NC_011593.1:c2597106-2595574	NB551033:76:HLGC3BGX5:4:23504:4882:10393:37#0/1	95.798	119	5	0	1	119	32	150	5.70e-47	193
NC_011593.1:c2597106-2595574	NB551033:76:HLGC3BGX5:4:11603:21454:19154:37#0/1	95.000	120	6	0	7	126	120	1	7.38e-46	189
NC_011593.1:c2597106-2595574	NB551033:76:HLGC3BGX5:2:22311:23215:5068:37#0/2	95.283	106	5	0	1	106	45	150	9.61e-40	169
NC_011593.1:c2597106-2595574	NB551033:76:HLGC3BGX5:1:23309:18092:15671:37#0/2	100.000	91	0	0	404	494	1	91	9.61e-40	169
NC_011593.1:c2597106-2595574	NB551033:76:HLGC3BGX5:1:23309:18092:15671:37#0/1	100.000	91	0	0	404	494	93	3	9.61e-40	169
NC_011593.1:c2597106-2595574	NB551033:76:HLGC3BGX5:3:21507:11502:15625:37#0/2	98.765	81	1	0	1	81	88	8	1.62e-32	145
NC_011593.1:c2597106-2595574	NB551033:76:HLGC3BGX5:3:21507:11502:15625:37#0/1	98.765	81	1	0	1	81	12	92	1.62e-32	145
NC_011593.1:c2597106-2595574	NB551033:76:HLGC3BGX5:3:13412:16451:10135:37#0/2	98.387	62	0	1	1	62	91	151	2.13e-21	108
NC_011593.1:c2597106-2595574	NB551033:76:HLGC3BGX5:3:12602:10409:8024:37#0/1	100.000	51	0	0	1420	1470	147	97	1.65e-17	95.3
NC_011593.1:c2597106-2595574	NB551033:76:HLGC3BGX5:2:12210:23856:19188:37#0/2	96.429	56	2	0	1120	1175	58	3	5.95e-17	93.5
NC_011593.1:c2597106-2595574	NB551033:76:HLGC3BGX5:4:13602:26262:10476:37#0/1	100.000	46	0	0	1	46	106	151	9.96e-15	86.1
NC_011593.1:c2597106-2595574	NB551033:76:HLGC3BGX5:3:11502:22569:5200:37#0/1	100.000	34	0	0	1437	1470	1	34	4.67e-08	63.9
NC_011593.1:c2597106-2595574	NB551033:76:HLGC3BGX5:4:13510:12287:3625:37#0/2	100.000	30	0	0	1441	1470	1	30	7.81e-06	56.5
# BLASTN 2.9.0+
# Query: NC_011593.1:c2598562-2597207 Bifidobacterium longum subsp. infantis ATCC 15697, complete genome
# Database: db/blast_C0296_5F_1A_S37.faa
# Fields: query acc.ver, subject acc.ver, % identity, alignment length, mismatches, gap opens, q. start, q. end, s. start, s. end, evalue, bit score
# 146 hits found
NC_011593.1:c2598562-2597207	NB551033:76:HLGC3BGX5:4:13409:25442:2173:37#0/2	100.000	151	0	0	360	510	1	151	3.76e-73	279
NC_011593.1:c2598562-2597207	NB551033:76:HLGC3BGX5:2:12307:9318:13569:37#0/2	100.000	151	0	0	756	906	151	1	3.76e-73	279
NC_011593.1:c2598562-2597207	NB551033:76:HLGC3BGX5:2:11202:6924:18630:37#0/2	100.000	151	0	0	339	489	1	151	3.76e-73	279
NC_011593.1:c2598562-2597207	NB551033:76:HLGC3BGX5:4:23504:10291:7480:37#0/1	100.000	151	0	0	343	493	151	1	3.76e-73	279
NC_011593.1:c2598562-2597207	NB551033:76:HLGC3BGX5:4:12608:24040:8899:37#0/1	100.000	151	0	0	883	1033	1	151	3.76e-73	279
NC_011593.1:c2598562-2597207	NB551033:76:HLGC3BGX5:4:11612:14275:12359:37#0/1	100.000	151	0	0	533	683	1	151	3.76e-73	279
NC_011593.1:c2598562-2597207	NB551033:76:HLGC3BGX5:3:23504:10357:4799:37#0/1	100.000	151	0	0	514	664	1	151	3.76e-73	279
NC_011593.1:c2598562-2597207	NB551033:76:HLGC3BGX5:3:12602:4098:19679:37#0/1	100.000	151	0	0	909	1059	1	151	3.76e-73	279
NC_011593.1:c2598562-2597207	NB551033:76:HLGC3BGX5:4:23504:10291:7480:37#0/2	100.000	150	0	0	311	460	1	150	1.35e-72	278
NC_011593.1:c2598562-2597207	NB551033:76:HLGC3BGX5:3:22609:21323:10778:37#0/2	100.000	150	0	0	473	622	1	150	1.35e-72	278
NC_011593.1:c2598562-2597207	NB551033:76:HLGC3BGX5:3:21410:1866:6997:37#0/2	100.000	150	0	0	704	853	1	150	1.35e-72	278
NC_011593.1:c2598562-2597207	NB551033:76:HLGC3BGX5:3:13511:3323:12230:37#0/2	100.000	150	0	0	819	968	150	1	1.35e-72	278
NC_011593.1:c2598562-2597207	NB551033:76:HLGC3BGX5:3:11408:15947:18025:37#0/2	100.000	150	0	0	566	715	1	150	1.35e-72	278
NC_011593.1:c2598562-2597207	NB551033:76:HLGC3BGX5:2:22210:12040:11945:37#0/2	100.000	150	0	0	146	295	150	1	1.35e-72	278
NC_011593.1:c2598562-2597207	NB551033:76:HLGC3BGX5:1:23309:10326:6319:37#0/2	100.000	150	0	0	610	759	1	150	1.35e-72	278
NC_011593.1:c2598562-2597207	NB551033:76:HLGC3BGX5:1:23104:16366:6784:37#0/2	100.000	150	0	0	215	364	1	150	1.35e-72	278
NC_011593.1:c2598562-2597207	NB551033:76:HLGC3BGX5:4:13507:3345:5126:37#0/1	100.000	150	0	0	600	749	1	150	1.35e-72	278
NC_011593.1:c2598562-2597207	NB551033:76:HLGC3BGX5:3:22609:21323:10778:37#0/1	100.000	150	0	0	533	682	150	1	1.35e-72	278
NC_011593.1:c2598562-2597207	NB551033:76:HLGC3BGX5:3:13511:3323:12230:37#0/1	100.000	150	0	0	645	794	1	150	1.35e-72	278
NC_011593.1:c2598562-2597207	NB551033:76:HLGC3BGX5:3:12603:23498:5733:37#0/1	100.000	150	0	0	158	307	1	150	1.35e-72	278
NC_011593.1:c2598562-2597207	NB551033:76:HLGC3BGX5:3:11408:15947:18025:37#0/1	100.000	150	0	0	611	760	150	1	1.35e-72	278
NC_011593.1:c2598562-2597207	NB551033:76:HLGC3BGX5:2:23110:3363:8914:37#0/1	100.000	150	0	0	628	777	150	1	1.35e-72	278
NC_011593.1:c2598562-2597207	NB551033:76:HLGC3BGX5:2:12307:9318:13569:37#0/1	100.000	150	0	0	458	607	1	150	1.35e-72	278
NC_011593.1:c2598562-2597207	NB551033:76:HLGC3BGX5:1:23309:10326:6319:37#0/1	100.000	150	0	0	753	902	150	1	1.35e-72	278
NC_011593.1:c2598562-2597207	NB551033:76:HLGC3BGX5:1:12106:21942:16676:37#0/1	100.000	150	0	0	1086	1235	1	150	1.35e-72	278
NC_011593.1:c2598562-2597207	NB551033:76:HLGC3BGX5:4:22506:20760:17297:37#0/1	100.000	149	0	0	309	457	1	149	4.86e-72	276
NC_011593.1:c2598562-2597207	NB551033:76:HLGC3BGX5:3:21410:1866:6997:37#0/1	100.000	149	0	0	820	968	149	1	4.86e-72	276
NC_011593.1:c2598562-2597207	NB551033:76:HLGC3BGX5:2:23102:1534:5880:37#0/1	100.000	149	0	0	787	935	149	1	4.86e-72	276
NC_011593.1:c2598562-2597207	NB551033:76:HLGC3BGX5:2:22109:20788:16550:37#0/1	100.000	149	0	0	820	968	149	1	4.86e-72	276
NC_011593.1:c2598562-2597207	NB551033:76:HLGC3BGX5:1:23104:16366:6784:37#0/1	100.000	149	0	0	444	592	149	1	4.86e-72	276
NC_011593.1:c2598562-2597207	NB551033:76:HLGC3BGX5:4:11612:14275:12359:37#0/2	100.000	148	0	0	603	750	148	1	1.75e-71	274
NC_011593.1:c2598562-2597207	NB551033:76:HLGC3BGX5:4:11402:3634:16215:37#0/2	100.000	148	0	0	770	917	1	148	1.75e-71	274
NC_011593.1:c2598562-2597207	NB551033:76:HLGC3BGX5:2:23206:16587:14885:37#0/2	100.000	148	0	0	312	459	148	1	1.75e-71	274
NC_011593.1:c2598562-2597207	NB551033:76:HLGC3BGX5:2:23110:3363:8914:37#0/2	99.338	151	1	0	626	776	1	151	1.75e-71	274
NC_011593.1:c2598562-2597207	NB551033:76:HLGC3BGX5:4:23609:7216:19553:37#0/1	99.338	151	1	0	742	892	151	1	1.75e-71	274
NC_011593.1:c2598562-2597207	NB551033:76:HLGC3BGX5:4:11402:3634:16215:37#0/1	99.338	151	1	0	888	1038	151	1	1.75e-71	274
NC_011593.1:c2598562-2597207	NB551033:76:HLGC3BGX5:1:23104:12188:20075:37#0/2	100.000	147	0	0	314	460	147	1	6.28e-71	272
NC_011593.1:c2598562-2597207	NB551033:76:HLGC3BGX5:3:23407:8897:10979:37#0/1	99.333	150	1	0	605	754	1	150	6.28e-71	272
NC_011593.1:c2598562-2597207	NB551033:76:HLGC3BGX5:1:23104:12188:20075:37#0/1	100.000	147	0	0	314	460	1	147	6.28e-71	272
NC_011593.1:c2598562-2597207	NB551033:76:HLGC3BGX5:3:23407:8897:10979:37#0/2	99.329	149	1	0	649	797	149	1	2.26e-70	270
NC_011593.1:c2598562-2597207	NB551033:76:HLGC3BGX5:2:23102:1534:5880:37#0/2	98.675	151	2	0	360	510	1	151	8.13e-70	268
NC_011593.1:c2598562-2597207	NB551033:76:HLGC3BGX5:4:13409:25442:2173:37#0/1	98.675	151	2	0	516	666	151	1	8.13e-70	268
NC_011593.1:c2598562-2597207	NB551033:76:HLGC3BGX5:3:11606:6038:18011:37#0/2	100.000	143	0	0	466	608	1	143	1.05e-68	265
NC_011593.1:c2598562-2597207	NB551033:76:HLGC3BGX5:3:11606:6038:18011:37#0/1	100.000	142	0	0	467	608	142	1	3.78e-68	263
NC_011593.1:c2598562-2597207	NB551033:76:HLGC3BGX5:2:12112:21966:7344:37#0/2	100.000	141	0	0	156	296	1	141	1.36e-67	261
NC_011593.1:c2598562-2597207	NB551033:76:HLGC3BGX5:1:12106:21942:16676:37#0/2	100.000	141	0	0	1179	1319	141	1	1.36e-67	261
NC_011593.1:c2598562-2597207	NB551033:76:HLGC3BGX5:2:22311:11037:9687:37#0/2	100.000	139	0	0	547	685	1	139	1.76e-66	257
NC_011593.1:c2598562-2597207	NB551033:76:HLGC3BGX5:2:22311:11037:9687:37#0/1	100.000	139	0	0	547	685	139	1	1.76e-66	257
NC_011593.1:c2598562-2597207	NB551033:76:HLGC3BGX5:2:22201:26042:4534:37#0/1	100.000	139	0	0	388	526	1	139	1.76e-66	257
NC_011593.1:c2598562-2597207	NB551033:76:HLGC3BGX5:3:22511:24357:14918:37#0/2	100.000	137	0	0	766	902	1	137	2.28e-65	254
NC_011593.1:c2598562-2597207	NB551033:76:HLGC3BGX5:4:12608:24040:8899:37#0/2	100.000	136	0	0	1060	1195	136	1	8.19e-65	252
NC_011593.1:c2598562-2597207	NB551033:76:HLGC3BGX5:2:22106:24913:19166:37#0/1	96.667	150	5	0	828	977	150	1	2.94e-64	250
NC_011593.1:c2598562-2597207	NB551033:76:HLGC3BGX5:1:13204:12038:5820:37#0/1	97.297	148	3	1	643	790	5	151	2.94e-64	250
NC_011593.1:c2598562-2597207	NB551033:76:HLGC3BGX5:1:21101:1681:9426:37#0/2	96.026	151	6	0	781	931	1	151	3.81e-63	246
NC_011593.1:c2598562-2597207	NB551033:76:HLGC3BGX5:2:23105:19279:11879:37#0/1	96.026	151	6	0	751	901	1	151	3.81e-63	246
NC_011593.1:c2598562-2597207	NB551033:76:HLGC3BGX5:2:12112:21966:7344:37#0/1	100.000	133	0	0	164	296	133	1	3.81e-63	246
NC_011593.1:c2598562-2597207	NB551033:76:HLGC3BGX5:2:11202:6924:18630:37#0/1	99.265	136	1	0	526	661	136	1	3.81e-63	246
NC_011593.1:c2598562-2597207	NB551033:76:HLGC3BGX5:2:11111:21792:8472:37#0/1	96.000	150	6	0	393	542	1	150	1.37e-62	244
NC_011593.1:c2598562-2597207	NB551033:76:HLGC3BGX5:1:21101:1681:9426:37#0/1	96.000	150	6	0	790	939	150	1	1.37e-62	244
NC_011593.1:c2598562-2597207	NB551033:76:HLGC3BGX5:2:22201:26042:4534:37#0/2	100.000	131	0	0	444	574	131	1	4.93e-62	243
NC_011593.1:c2598562-2597207	NB551033:76:HLGC3BGX5:2:22109:20788:16550:37#0/2	99.254	134	1	0	734	867	1	134	4.93e-62	243
NC_011593.1:c2598562-2597207	NB551033:76:HLGC3BGX5:2:22106:24913:19166:37#0/2	96.000	150	5	1	693	842	1	149	4.93e-62	243
NC_011593.1:c2598562-2597207	NB551033:76:HLGC3BGX5:1:21209:13037:14567:37#0/2	96.599	147	4	1	822	968	146	1	4.93e-62	243
NC_011593.1:c2598562-2597207	NB551033:76:HLGC3BGX5:4:12511:10159:9404:37#0/2	95.918	147	6	0	785	931	1	147	6.37e-61	239
NC_011593.1:c2598562-2597207	NB551033:76:HLGC3BGX5:1:23212:3416:10984:37#0/1	95.890	146	6	0	413	558	1	146	2.29e-60	237
NC_011593.1:c2598562-2597207	NB551033:76:HLGC3BGX5:4:12511:10159:9404:37#0/1	95.862	145	6	0	787	931	145	1	8.24e-60	235
NC_011593.1:c2598562-2597207	NB551033:76:HLGC3BGX5:4:21610:6109:11298:37#0/1	100.000	122	0	0	1235	1356	1	122	4.96e-57	226
NC_011593.1:c2598562-2597207	NB551033:76:HLGC3BGX5:4:13409:10912:9757:37#0/2	100.000	121	0	0	1188	1308	1	121	1.78e-56	224
NC_011593.1:c2598562-2597207	NB551033:76:HLGC3BGX5:2:23105:26461:10398:37#0/2	100.000	121	0	0	533	653	121	1	1.78e-56	224
NC_011593.1:c2598562-2597207	NB551033:76:HLGC3BGX5:4:13409:10912:9757:37#0/1	100.000	121	0	0	1188	1308	121	1	1.78e-56	224
NC_011593.1:c2598562-2597207	NB551033:76:HLGC3BGX5:2:23105:26461:10398:37#0/1	100.000	121	0	0	533	653	1	121	1.78e-56	224
NC_011593.1:c2598562-2597207	NB551033:76:HLGC3BGX5:2:21102:16135:19132:37#0/2	96.269	134	5	0	407	540	1	134	2.31e-55	220
NC_011593.1:c2598562-2597207	NB551033:76:HLGC3BGX5:1:11311:17780:3221:37#0/2	98.400	125	2	0	866	990	1	125	2.31e-55	220
NC_011593.1:c2598562-2597207	NB551033:76:HLGC3BGX5:1:11311:17780:3221:37#0/1	98.400	125	2	0	866	990	143	19	2.31e-55	220
NC_011593.1:c2598562-2597207	NB551033:76:HLGC3BGX5:3:12603:23498:5733:37#0/2	100.000	118	0	0	486	603	118	1	8.30e-55	219
NC_011593.1:c2598562-2597207	NB551033:76:HLGC3BGX5:4:22607:23714:3872:37#0/2	100.000	117	0	0	753	869	117	1	2.99e-54	217
NC_011593.1:c2598562-2597207	NB551033:76:HLGC3BGX5:2:11111:6941:4467:37#0/2	96.923	130	3	1	643	772	129	1	2.99e-54	217
NC_011593.1:c2598562-2597207	NB551033:76:HLGC3BGX5:1:13204:12038:5820:37#0/2	98.374	123	2	0	868	990	150	28	2.99e-54	217
NC_011593.1:c2598562-2597207	NB551033:76:HLGC3BGX5:1:13204:12038:5820:37#0/2	97.561	41	1	0	1242	1282	41	1	2.46e-10	71.3
NC_011593.1:c2598562-2597207	NB551033:76:HLGC3BGX5:4:22607:23714:3872:37#0/1	100.000	117	0	0	753	869	1	117	2.99e-54	217
NC_011593.1:c2598562-2597207	NB551033:76:HLGC3BGX5:1:13303:11894:18828:37#0/1	99.153	118	1	0	567	684	1	118	3.86e-53	213
NC_011593.1:c2598562-2597207	NB551033:76:HLGC3BGX5:1:13303:11894:18828:37#0/2	100.000	111	0	0	768	878	111	1	6.46e-51	206
NC_011593.1:c2598562-2597207	NB551033:76:HLGC3BGX5:4:23609:7216:19553:37#0/2	100.000	110	0	0	293	402	1	110	2.32e-50	204
NC_011593.1:c2598562-2597207	NB551033:76:HLGC3BGX5:3:11503:3639:3788:37#0/1	100.000	110	0	0	955	1064	1	110	2.32e-50	204
NC_011593.1:c2598562-2597207	NB551033:76:HLGC3BGX5:4:13510:21134:2591:37#0/2	96.721	122	3	1	643	764	121	1	8.36e-50	202
NC_011593.1:c2598562-2597207	NB551033:76:HLGC3BGX5:3:12407:5687:16697:37#0/2	96.721	122	3	1	643	764	121	1	8.36e-50	202
NC_011593.1:c2598562-2597207	NB551033:76:HLGC3BGX5:2:23110:17026:13458:37#0/2	100.000	105	0	0	960	1064	1	105	1.40e-47	195
NC_011593.1:c2598562-2597207	NB551033:76:HLGC3BGX5:1:23205:25078:12845:37#0/2	95.000	120	6	0	460	579	120	1	6.51e-46	189
NC_011593.1:c2598562-2597207	NB551033:76:HLGC3BGX5:1:11104:9830:15779:37#0/2	100.000	102	0	0	462	563	102	1	6.51e-46	189
NC_011593.1:c2598562-2597207	NB551033:76:HLGC3BGX5:1:11104:9830:15779:37#0/1	100.000	102	0	0	462	563	1	102	6.51e-46	189
NC_011593.1:c2598562-2597207	NB551033:76:HLGC3BGX5:3:23502:12357:7772:37#0/2	100.000	99	0	0	1060	1158	51	149	3.03e-44	183
NC_011593.1:c2598562-2597207	NB551033:76:HLGC3BGX5:3:22508:3775:6993:37#0/1	100.000	99	0	0	1258	1356	1	99	3.03e-44	183
NC_011593.1:c2598562-2597207	NB551033:76:HLGC3BGX5:2:22210:12040:11945:37#0/1	100.000	96	0	0	138	233	55	150	1.41e-42	178
NC_011593.1:c2598562-2597207	NB551033:76:HLGC3BGX5:2:11201:11220:8964:37#0/1	97.115	104	3	0	643	746	104	1	5.07e-42	176
NC_011593.1:c2598562-2597207	NB551033:76:HLGC3BGX5:4:13507:3345:5126:37#0/2	100.000	94	0	0	875	968	94	1	1.82e-41	174
NC_011593.1:c2598562-2597207	NB551033:76:HLGC3BGX5:3:11404:25098:10524:37#0/2	100.000	94	0	0	1095	1188	1	94	1.82e-41	174
NC_011593.1:c2598562-2597207	NB551033:76:HLGC3BGX5:3:21404:13731:10312:37#0/1	95.413	109	5	0	1248	1356	139	31	1.82e-41	174
NC_011593.1:c2598562-2597207	NB551033:76:HLGC3BGX5:3:23504:10357:4799:37#0/2	100.000	87	0	0	926	1012	87	1	1.42e-37	161
NC_011593.1:c2598562-2597207	NB551033:76:HLGC3BGX5:3:23502:12357:7772:37#0/1	100.000	87	0	0	1243	1329	87	1	1.42e-37	161
NC_011593.1:c2598562-2597207	NB551033:76:HLGC3BGX5:2:13107:2973:11522:37#0/1	100.000	87	0	0	138	224	87	1	1.42e-37	161
NC_011593.1:c2598562-2597207	NB551033:76:HLGC3BGX5:4:23605:11167:4222:37#0/2	100.000	86	0	0	843	928	1	86	5.10e-37	159
NC_011593.1:c2598562-2597207	NB551033:76:HLGC3BGX5:4:23605:11167:4222:37#0/1	100.000	86	0	0	843	928	86	1	5.10e-37	159
NC_011593.1:c2598562-2597207	NB551033:76:HLGC3BGX5:2:22106:22235:13781:37#0/1	100.000	86	0	0	689	774	86	1	5.10e-37	159
NC_011593.1:c2598562-2597207	NB551033:76:HLGC3BGX5:2:23105:19279:11879:37#0/2	98.864	88	1	0	886	973	88	1	1.84e-36	158
NC_011593.1:c2598562-2597207	NB551033:76:HLGC3BGX5:2:22106:22235:13781:37#0/2	100.000	85	0	0	689	773	1	85	1.84e-36	158
NC_011593.1:c2598562-2597207	NB551033:76:HLGC3BGX5:3:22511:24357:14918:37#0/1	100.000	85	0	0	980	1064	150	66	1.84e-36	158
NC_011593.1:c2598562-2597207	NB551033:76:HLGC3BGX5:4:12403:9129:2087:37#0/1	96.667	90	3	0	753	842	1	90	3.07e-34	150
NC_011593.1:c2598562-2597207	NB551033:76:HLGC3BGX5:3:23601:21403:14270:37#0/2	98.765	81	1	0	910	990	104	24	1.43e-32	145
NC_011593.1:c2598562-2597207	NB551033:76:HLGC3BGX5:3:23601:21403:14270:37#0/2	97.297	37	1	0	1242	1278	37	1	4.12e-08	63.9
NC_011593.1:c2598562-2597207	NB551033:76:HLGC3BGX5:3:23601:21403:14270:37#0/1	98.765	81	1	0	910	990	1	81	1.43e-32	145
NC_011593.1:c2598562-2597207	NB551033:76:HLGC3BGX5:3:23601:21403:14270:37#0/1	97.297	37	1	0	1242	1278	68	104	4.12e-08	63.9
NC_011593.1:c2598562-2597207	NB551033:76:HLGC3BGX5:2:11307:24593:7107:37#0/2	96.471	85	3	0	643	727	85	1	1.85e-31	141
NC_011593.1:c2598562-2597207	NB551033:76:HLGC3BGX5:2:11307:24593:7107:37#0/1	96.471	85	3	0	643	727	9	93	1.85e-31	141
NC_011593.1:c2598562-2597207	NB551033:76:HLGC3BGX5:4:22506:20760:17297:37#0/2	98.718	78	1	0	685	762	78	1	6.65e-31	139
NC_011593.1:c2598562-2597207	NB551033:76:HLGC3BGX5:1:23212:3416:10984:37#0/2	96.429	84	3	0	491	574	84	1	6.65e-31	139
NC_011593.1:c2598562-2597207	NB551033:76:HLGC3BGX5:2:23302:6552:10724:37#0/2	95.349	86	4	0	210	295	86	1	2.39e-30	137
NC_011593.1:c2598562-2597207	NB551033:76:HLGC3BGX5:4:11504:5275:12580:37#0/2	96.341	82	3	0	643	724	11	92	8.60e-30	135
NC_011593.1:c2598562-2597207	NB551033:76:HLGC3BGX5:3:23403:10965:8830:37#0/2	98.684	76	1	0	915	990	1	76	8.60e-30	135
NC_011593.1:c2598562-2597207	NB551033:76:HLGC3BGX5:3:23403:10965:8830:37#0/2	95.652	46	2	0	1242	1287	63	108	1.90e-11	75.0
NC_011593.1:c2598562-2597207	NB551033:76:HLGC3BGX5:3:21404:13731:10312:37#0/2	97.468	79	2	0	912	990	1	79	8.60e-30	135
NC_011593.1:c2598562-2597207	NB551033:76:HLGC3BGX5:4:11504:5275:12580:37#0/1	96.341	82	3	0	643	724	82	1	8.60e-30	135
NC_011593.1:c2598562-2597207	NB551033:76:HLGC3BGX5:3:23403:10965:8830:37#0/1	98.684	76	1	0	915	990	108	33	8.60e-30	135
NC_011593.1:c2598562-2597207	NB551033:76:HLGC3BGX5:3:23403:10965:8830:37#0/1	95.652	46	2	0	1242	1287	46	1	1.90e-11	75.0
NC_011593.1:c2598562-2597207	NB551033:76:HLGC3BGX5:1:22110:9654:2537:37#0/2	96.296	81	3	0	568	648	3	83	3.09e-29	134
NC_011593.1:c2598562-2597207	NB551033:76:HLGC3BGX5:2:23206:16587:14885:37#0/1	100.000	71	0	0	138	208	80	150	1.11e-28	132
NC_011593.1:c2598562-2597207	NB551033:76:HLGC3BGX5:3:12612:9820:19711:37#0/2	98.611	72	1	0	1	72	77	6	1.44e-27	128
NC_011593.1:c2598562-2597207	NB551033:76:HLGC3BGX5:2:11111:21792:8472:37#0/2	95.946	74	3	0	575	648	150	77	2.41e-25	121
NC_011593.1:c2598562-2597207	NB551033:76:HLGC3BGX5:2:22209:19402:11850:37#0/2	100.000	64	0	0	1293	1356	1	64	8.66e-25	119
NC_011593.1:c2598562-2597207	NB551033:76:HLGC3BGX5:4:11508:3841:8482:37#0/2	100.000	61	0	0	1004	1064	97	37	4.03e-23	113
NC_011593.1:c2598562-2597207	NB551033:76:HLGC3BGX5:2:23110:17026:13458:37#0/1	100.000	61	0	0	1060	1120	61	1	4.03e-23	113
NC_011593.1:c2598562-2597207	NB551033:76:HLGC3BGX5:2:23302:6552:10724:37#0/1	98.413	63	1	0	1	63	73	135	1.45e-22	111
NC_011593.1:c2598562-2597207	NB551033:76:HLGC3BGX5:1:22110:9654:2537:37#0/1	98.413	63	1	0	586	648	150	88	1.45e-22	111
NC_011593.1:c2598562-2597207	NB551033:76:HLGC3BGX5:3:11401:23210:3999:37#0/2	100.000	59	0	0	1298	1356	87	29	5.21e-22	110
NC_011593.1:c2598562-2597207	NB551033:76:HLGC3BGX5:3:11401:23210:3999:37#0/1	100.000	59	0	0	1298	1356	1	59	5.21e-22	110
NC_011593.1:c2598562-2597207	NB551033:76:HLGC3BGX5:4:11508:3841:8482:37#0/1	98.361	61	1	0	1004	1064	1	61	1.88e-21	108
NC_011593.1:c2598562-2597207	NB551033:76:HLGC3BGX5:1:23109:13267:6795:37#0/1	98.333	60	1	0	931	990	1	60	6.74e-21	106
NC_011593.1:c2598562-2597207	NB551033:76:HLGC3BGX5:1:23109:13267:6795:37#0/1	96.774	62	2	0	1242	1303	47	108	2.43e-20	104
NC_011593.1:c2598562-2597207	NB551033:76:HLGC3BGX5:1:21209:13037:14567:37#0/1	95.455	66	3	0	643	708	75	140	6.74e-21	106
NC_011593.1:c2598562-2597207	NB551033:76:HLGC3BGX5:3:22508:3775:6993:37#0/2	100.000	56	0	0	1301	1356	151	96	2.43e-20	104
NC_011593.1:c2598562-2597207	NB551033:76:HLGC3BGX5:2:23101:4168:4753:37#0/1	98.305	59	1	0	1	59	59	1	2.43e-20	104
NC_011593.1:c2598562-2597207	NB551033:76:HLGC3BGX5:2:12201:23723:1272:37#0/2	95.312	64	3	0	643	706	64	1	8.72e-20	102
NC_011593.1:c2598562-2597207	NB551033:76:HLGC3BGX5:4:12509:14191:11552:37#0/2	100.000	47	0	0	1310	1356	79	33	2.44e-15	87.9
NC_011593.1:c2598562-2597207	NB551033:76:HLGC3BGX5:2:22210:1862:2947:37#0/2	100.000	47	0	0	1310	1356	1	47	2.44e-15	87.9
NC_011593.1:c2598562-2597207	NB551033:76:HLGC3BGX5:4:12509:14191:11552:37#0/1	100.000	47	0	0	1310	1356	1	47	2.44e-15	87.9
NC_011593.1:c2598562-2597207	NB551033:76:HLGC3BGX5:2:22210:1862:2947:37#0/1	100.000	46	0	0	1311	1356	125	80	8.79e-15	86.1
NC_011593.1:c2598562-2597207	NB551033:76:HLGC3BGX5:2:21308:3465:12195:37#0/1	100.000	35	0	0	138	172	35	1	1.14e-08	65.8
# BLASTN 2.9.0+
# Query: NC_011593.1:2598858-2601929 Bifidobacterium longum subsp. infantis ATCC 15697, complete genome
# Database: db/blast_C0296_5F_1A_S37.faa
# Fields: query acc.ver, subject acc.ver, % identity, alignment length, mismatches, gap opens, q. start, q. end, s. start, s. end, evalue, bit score
# 186 hits found
NC_011593.1:2598858-2601929	NB551033:76:HLGC3BGX5:4:11505:7264:3019:37#0/1	100.000	151	0	0	1700	1850	151	1	8.52e-73	279
NC_011593.1:2598858-2601929	NB551033:76:HLGC3BGX5:2:21208:11300:3333:37#0/1	100.000	151	0	0	178	328	1	151	8.52e-73	279
NC_011593.1:2598858-2601929	NB551033:76:HLGC3BGX5:1:13211:16281:14347:37#0/1	100.000	151	0	0	1742	1892	1	151	8.52e-73	279
NC_011593.1:2598858-2601929	NB551033:76:HLGC3BGX5:3:21503:16154:15244:37#0/2	100.000	150	0	0	2404	2553	1	150	3.07e-72	278
NC_011593.1:2598858-2601929	NB551033:76:HLGC3BGX5:4:13411:11631:6024:37#0/2	100.000	149	0	0	175	323	3	151	1.10e-71	276
NC_011593.1:2598858-2601929	NB551033:76:HLGC3BGX5:2:13108:13803:11183:37#0/1	100.000	149	0	0	1615	1763	149	1	1.10e-71	276
NC_011593.1:2598858-2601929	NB551033:76:HLGC3BGX5:3:11602:15998:14324:37#0/1	99.338	151	1	0	2214	2364	151	1	3.97e-71	274
NC_011593.1:2598858-2601929	NB551033:76:HLGC3BGX5:2:21309:6714:9451:37#0/1	99.338	151	1	0	706	856	151	1	3.97e-71	274
NC_011593.1:2598858-2601929	NB551033:76:HLGC3BGX5:2:22111:22232:3540:37#0/2	99.333	150	1	0	379	528	1	150	1.43e-70	272
NC_011593.1:2598858-2601929	NB551033:76:HLGC3BGX5:2:13312:10430:4189:37#0/2	99.333	150	1	0	299	448	1	150	1.43e-70	272
NC_011593.1:2598858-2601929	NB551033:76:HLGC3BGX5:1:21107:4947:10191:37#0/2	99.333	150	1	0	2442	2591	151	2	1.43e-70	272
NC_011593.1:2598858-2601929	NB551033:76:HLGC3BGX5:4:13411:11631:6024:37#0/1	99.333	150	1	0	326	475	150	1	1.43e-70	272
NC_011593.1:2598858-2601929	NB551033:76:HLGC3BGX5:3:22406:18611:12254:37#0/1	99.333	150	1	0	147	296	1	150	1.43e-70	272
NC_011593.1:2598858-2601929	NB551033:76:HLGC3BGX5:2:11303:13640:6501:37#0/1	99.333	150	1	0	1764	1913	150	1	1.43e-70	272
NC_011593.1:2598858-2601929	NB551033:76:HLGC3BGX5:1:23302:21595:2690:37#0/1	99.333	150	1	0	123	272	150	1	1.43e-70	272
NC_011593.1:2598858-2601929	NB551033:76:HLGC3BGX5:1:22203:22347:5862:37#0/1	99.333	150	1	0	1599	1748	150	1	1.43e-70	272
NC_011593.1:2598858-2601929	NB551033:76:HLGC3BGX5:1:13103:11991:16224:37#0/1	99.333	150	1	0	999	1148	150	1	1.43e-70	272
NC_011593.1:2598858-2601929	NB551033:76:HLGC3BGX5:3:22406:9875:2688:37#0/2	99.329	149	1	0	1938	2086	149	1	5.13e-70	270
NC_011593.1:2598858-2601929	NB551033:76:HLGC3BGX5:3:13606:9075:13788:37#0/2	100.000	146	0	0	2392	2537	146	1	5.13e-70	270
NC_011593.1:2598858-2601929	NB551033:76:HLGC3BGX5:3:11602:15998:14324:37#0/2	100.000	146	0	0	1670	1815	1	146	5.13e-70	270
NC_011593.1:2598858-2601929	NB551033:76:HLGC3BGX5:3:22406:9875:2688:37#0/1	99.329	149	1	0	1712	1860	1	149	5.13e-70	270
NC_011593.1:2598858-2601929	NB551033:76:HLGC3BGX5:3:13411:26496:2126:37#0/1	100.000	146	0	0	373	518	1	146	5.13e-70	270
NC_011593.1:2598858-2601929	NB551033:76:HLGC3BGX5:2:22102:14570:14870:37#0/1	99.329	149	1	0	1146	1294	1	149	5.13e-70	270
NC_011593.1:2598858-2601929	NB551033:76:HLGC3BGX5:1:21107:21315:7218:37#0/1	99.329	149	1	0	2398	2546	149	1	5.13e-70	270
NC_011593.1:2598858-2601929	NB551033:76:HLGC3BGX5:4:12605:12978:6715:37#0/2	98.675	151	2	0	2481	2631	151	1	1.85e-69	268
NC_011593.1:2598858-2601929	NB551033:76:HLGC3BGX5:2:22102:14570:14870:37#0/2	98.675	151	2	0	1350	1500	151	1	1.85e-69	268
NC_011593.1:2598858-2601929	NB551033:76:HLGC3BGX5:2:21306:8531:11537:37#0/2	98.675	151	2	0	1035	1185	151	1	1.85e-69	268
NC_011593.1:2598858-2601929	NB551033:76:HLGC3BGX5:2:13108:13803:11183:37#0/2	98.675	151	2	0	1534	1684	1	151	1.85e-69	268
NC_011593.1:2598858-2601929	NB551033:76:HLGC3BGX5:2:11210:13999:11319:37#0/2	98.675	151	2	0	1244	1394	151	1	1.85e-69	268
NC_011593.1:2598858-2601929	NB551033:76:HLGC3BGX5:2:11112:22646:19309:37#0/2	100.000	145	0	0	2435	2579	1	145	1.85e-69	268
NC_011593.1:2598858-2601929	NB551033:76:HLGC3BGX5:1:13311:25429:5592:37#0/2	98.675	151	2	0	1860	2010	1	151	1.85e-69	268
NC_011593.1:2598858-2601929	NB551033:76:HLGC3BGX5:4:12605:12978:6715:37#0/1	98.675	151	2	0	2473	2623	1	151	1.85e-69	268
NC_011593.1:2598858-2601929	NB551033:76:HLGC3BGX5:2:11112:22646:19309:37#0/1	99.324	148	1	0	2435	2582	148	1	1.85e-69	268
NC_011593.1:2598858-2601929	NB551033:76:HLGC3BGX5:1:23208:7656:4399:37#0/1	98.675	151	2	0	1067	1217	151	1	1.85e-69	268
NC_011593.1:2598858-2601929	NB551033:76:HLGC3BGX5:3:21604:15635:10597:37#0/2	99.320	147	1	0	1	147	147	1	6.64e-69	267
NC_011593.1:2598858-2601929	NB551033:76:HLGC3BGX5:3:12412:11732:12808:37#0/2	98.667	150	2	0	2511	2660	1	150	6.64e-69	267
NC_011593.1:2598858-2601929	NB551033:76:HLGC3BGX5:2:21309:6714:9451:37#0/2	98.667	150	2	0	682	831	1	150	6.64e-69	267
NC_011593.1:2598858-2601929	NB551033:76:HLGC3BGX5:1:23211:8008:1568:37#0/2	98.667	150	2	0	1075	1224	150	1	6.64e-69	267
NC_011593.1:2598858-2601929	NB551033:76:HLGC3BGX5:1:23205:5151:10597:37#0/2	98.667	150	2	0	964	1113	1	150	6.64e-69	267
NC_011593.1:2598858-2601929	NB551033:76:HLGC3BGX5:4:12511:9117:5984:37#0/1	98.667	150	2	0	2874	3023	1	150	6.64e-69	267
NC_011593.1:2598858-2601929	NB551033:76:HLGC3BGX5:3:22603:13800:11642:37#0/1	98.667	150	2	0	1328	1477	150	1	6.64e-69	267
NC_011593.1:2598858-2601929	NB551033:76:HLGC3BGX5:3:21604:15635:10597:37#0/1	99.320	147	1	0	1	147	3	149	6.64e-69	267
NC_011593.1:2598858-2601929	NB551033:76:HLGC3BGX5:1:23102:20520:17862:37#0/1	98.667	150	2	0	578	727	150	1	6.64e-69	267
NC_011593.1:2598858-2601929	NB551033:76:HLGC3BGX5:1:13311:25429:5592:37#0/1	98.667	150	2	0	1874	2023	150	1	6.64e-69	267
NC_011593.1:2598858-2601929	NB551033:76:HLGC3BGX5:1:12310:22640:20067:37#0/1	98.667	150	2	0	55	204	1	150	6.64e-69	267
NC_011593.1:2598858-2601929	NB551033:76:HLGC3BGX5:4:22410:17581:17954:37#0/2	99.315	146	1	0	1897	2042	5	150	2.39e-68	265
NC_011593.1:2598858-2601929	NB551033:76:HLGC3BGX5:3:11610:20603:5454:37#0/1	98.658	149	2	0	565	713	149	1	2.39e-68	265
NC_011593.1:2598858-2601929	NB551033:76:HLGC3BGX5:1:23211:8008:1568:37#0/1	98.658	149	2	0	1071	1219	1	149	2.39e-68	265
NC_011593.1:2598858-2601929	NB551033:76:HLGC3BGX5:4:21408:16150:10859:37#0/2	98.013	151	3	0	1283	1433	151	1	8.59e-68	263
NC_011593.1:2598858-2601929	NB551033:76:HLGC3BGX5:4:13505:18841:5181:37#0/2	98.649	148	2	0	1396	1543	148	1	8.59e-68	263
NC_011593.1:2598858-2601929	NB551033:76:HLGC3BGX5:4:12408:3236:14461:37#0/2	98.013	151	3	0	1435	1585	1	151	8.59e-68	263
NC_011593.1:2598858-2601929	NB551033:76:HLGC3BGX5:4:11505:7264:3019:37#0/2	99.310	145	1	0	1593	1737	1	145	8.59e-68	263
NC_011593.1:2598858-2601929	NB551033:76:HLGC3BGX5:1:12206:10411:14584:37#0/2	98.013	151	3	0	1287	1437	1	151	8.59e-68	263
NC_011593.1:2598858-2601929	NB551033:76:HLGC3BGX5:4:22410:17581:17954:37#0/1	98.013	151	3	0	2544	2694	151	1	8.59e-68	263
NC_011593.1:2598858-2601929	NB551033:76:HLGC3BGX5:4:12408:3236:14461:37#0/1	98.013	151	3	0	1475	1625	151	1	8.59e-68	263
NC_011593.1:2598858-2601929	NB551033:76:HLGC3BGX5:2:12312:6572:14460:37#0/1	98.013	151	3	0	1515	1665	151	1	8.59e-68	263
NC_011593.1:2598858-2601929	NB551033:76:HLGC3BGX5:1:12206:10411:14584:37#0/1	98.013	151	3	0	1337	1487	151	1	8.59e-68	263
NC_011593.1:2598858-2601929	NB551033:76:HLGC3BGX5:3:22603:13800:11642:37#0/2	98.000	150	3	0	1190	1339	1	150	3.09e-67	261
NC_011593.1:2598858-2601929	NB551033:76:HLGC3BGX5:3:13509:10090:13083:37#0/2	98.000	150	3	0	2311	2460	1	150	3.09e-67	261
NC_011593.1:2598858-2601929	NB551033:76:HLGC3BGX5:3:13411:26496:2126:37#0/2	98.639	147	2	0	404	550	150	4	3.09e-67	261
NC_011593.1:2598858-2601929	NB551033:76:HLGC3BGX5:2:12312:6572:14460:37#0/2	98.000	150	3	0	1191	1340	1	150	3.09e-67	261
NC_011593.1:2598858-2601929	NB551033:76:HLGC3BGX5:1:22309:20208:11017:37#0/2	98.639	147	2	0	1897	2043	147	1	3.09e-67	261
NC_011593.1:2598858-2601929	NB551033:76:HLGC3BGX5:1:13211:16281:14347:37#0/2	98.000	150	3	0	1874	2023	150	1	3.09e-67	261
NC_011593.1:2598858-2601929	NB551033:76:HLGC3BGX5:1:12311:3637:9646:37#0/2	98.000	150	3	0	2293	2442	1	150	3.09e-67	261
NC_011593.1:2598858-2601929	NB551033:76:HLGC3BGX5:4:13505:18841:5181:37#0/1	98.000	150	3	0	1292	1441	1	150	3.09e-67	261
NC_011593.1:2598858-2601929	NB551033:76:HLGC3BGX5:3:21503:16154:15244:37#0/1	98.000	150	3	0	2572	2721	150	1	3.09e-67	261
NC_011593.1:2598858-2601929	NB551033:76:HLGC3BGX5:3:13606:9075:13788:37#0/1	98.000	150	3	0	2323	2472	1	150	3.09e-67	261
NC_011593.1:2598858-2601929	NB551033:76:HLGC3BGX5:3:13509:10090:13083:37#0/1	98.000	150	3	0	2331	2480	150	1	3.09e-67	261
NC_011593.1:2598858-2601929	NB551033:76:HLGC3BGX5:3:12508:4100:4657:37#0/1	98.000	150	3	0	1504	1653	150	1	3.09e-67	261
NC_011593.1:2598858-2601929	NB551033:76:HLGC3BGX5:2:11210:13999:11319:37#0/1	98.000	150	3	0	1018	1167	1	150	3.09e-67	261
NC_011593.1:2598858-2601929	NB551033:76:HLGC3BGX5:2:12210:24722:13874:37#0/2	97.987	149	3	0	2679	2827	149	1	1.11e-66	259
NC_011593.1:2598858-2601929	NB551033:76:HLGC3BGX5:4:21408:16150:10859:37#0/1	97.987	149	3	0	1128	1276	1	149	1.11e-66	259
NC_011593.1:2598858-2601929	NB551033:76:HLGC3BGX5:2:11201:23243:3912:37#0/1	98.630	146	2	0	2908	3053	146	1	1.11e-66	259
NC_011593.1:2598858-2601929	NB551033:76:HLGC3BGX5:3:12508:4100:4657:37#0/2	97.351	151	4	0	1425	1575	1	151	3.99e-66	257
NC_011593.1:2598858-2601929	NB551033:76:HLGC3BGX5:1:21105:24622:20143:37#0/2	97.351	151	4	0	2632	2782	1	151	3.99e-66	257
NC_011593.1:2598858-2601929	NB551033:76:HLGC3BGX5:3:12412:11732:12808:37#0/1	98.621	145	2	0	2874	3018	145	1	3.99e-66	257
NC_011593.1:2598858-2601929	NB551033:76:HLGC3BGX5:2:23208:13759:1573:37#0/1	97.973	148	3	0	2925	3072	1	148	3.99e-66	257
NC_011593.1:2598858-2601929	NB551033:76:HLGC3BGX5:2:21308:26798:17947:37#0/1	98.621	145	2	0	2499	2643	145	1	3.99e-66	257
NC_011593.1:2598858-2601929	NB551033:76:HLGC3BGX5:1:23205:5151:10597:37#0/1	97.973	148	3	0	1129	1276	148	1	3.99e-66	257
NC_011593.1:2598858-2601929	NB551033:76:HLGC3BGX5:3:12507:9206:4506:37#0/2	97.333	150	4	0	1391	1540	150	1	1.44e-65	255
NC_011593.1:2598858-2601929	NB551033:76:HLGC3BGX5:3:12507:9206:4506:37#0/1	97.333	150	4	0	1190	1339	1	150	1.44e-65	255
NC_011593.1:2598858-2601929	NB551033:76:HLGC3BGX5:2:12210:24722:13874:37#0/1	97.333	150	4	0	2638	2787	1	150	1.44e-65	255
NC_011593.1:2598858-2601929	NB551033:76:HLGC3BGX5:3:23411:10997:17786:37#0/2	96.689	151	5	0	790	940	1	151	1.86e-64	252
NC_011593.1:2598858-2601929	NB551033:76:HLGC3BGX5:2:21208:11300:3333:37#0/2	96.667	150	5	0	461	610	150	1	6.68e-64	250
NC_011593.1:2598858-2601929	NB551033:76:HLGC3BGX5:3:23608:14159:13688:37#0/1	96.667	150	5	0	1016	1165	1	150	6.68e-64	250
NC_011593.1:2598858-2601929	NB551033:76:HLGC3BGX5:2:13312:10430:4189:37#0/1	96.667	150	5	0	799	948	150	1	6.68e-64	250
NC_011593.1:2598858-2601929	NB551033:76:HLGC3BGX5:1:21107:4947:10191:37#0/1	97.279	147	4	0	2323	2469	1	147	6.68e-64	250
NC_011593.1:2598858-2601929	NB551033:76:HLGC3BGX5:2:13302:8196:19264:37#0/1	96.644	149	5	0	836	984	149	1	2.40e-63	248
NC_011593.1:2598858-2601929	NB551033:76:HLGC3BGX5:1:21105:24622:20143:37#0/1	97.260	146	4	0	2641	2786	146	1	2.40e-63	248
NC_011593.1:2598858-2601929	NB551033:76:HLGC3BGX5:2:22111:22232:3540:37#0/1	98.561	139	2	0	565	703	139	1	8.65e-63	246
NC_011593.1:2598858-2601929	NB551033:76:HLGC3BGX5:1:23102:20520:17862:37#0/2	98.540	137	2	0	99	235	1	137	1.12e-61	243
NC_011593.1:2598858-2601929	NB551033:76:HLGC3BGX5:3:22609:14310:16692:37#0/2	97.826	138	3	0	1146	1283	138	1	1.45e-60	239
NC_011593.1:2598858-2601929	NB551033:76:HLGC3BGX5:2:13302:8196:19264:37#0/2	96.528	144	5	0	537	680	1	144	1.45e-60	239
NC_011593.1:2598858-2601929	NB551033:76:HLGC3BGX5:1:23208:7656:4399:37#0/2	98.519	135	2	0	1055	1189	1	135	1.45e-60	239
NC_011593.1:2598858-2601929	NB551033:76:HLGC3BGX5:1:12310:22640:20067:37#0/2	99.242	132	1	0	240	371	132	1	1.45e-60	239
NC_011593.1:2598858-2601929	NB551033:76:HLGC3BGX5:3:22609:14310:16692:37#0/1	97.826	138	3	0	1146	1283	1	138	1.45e-60	239
NC_011593.1:2598858-2601929	NB551033:76:HLGC3BGX5:3:22406:18611:12254:37#0/2	99.231	130	1	0	242	371	130	1	1.87e-59	235
NC_011593.1:2598858-2601929	NB551033:76:HLGC3BGX5:2:11108:4985:18902:37#0/1	97.101	138	4	0	2686	2823	1	138	6.73e-59	233
NC_011593.1:2598858-2601929	NB551033:76:HLGC3BGX5:1:11312:3836:17837:37#0/1	100.000	126	0	0	1727	1852	126	1	6.73e-59	233
NC_011593.1:2598858-2601929	NB551033:76:HLGC3BGX5:2:23209:9668:8604:37#0/2	97.080	137	4	0	2090	2226	1	137	2.42e-58	231
NC_011593.1:2598858-2601929	NB551033:76:HLGC3BGX5:2:11302:13780:17066:37#0/2	99.219	128	1	0	999	1126	128	1	2.42e-58	231
NC_011593.1:2598858-2601929	NB551033:76:HLGC3BGX5:2:23209:9668:8604:37#0/1	97.080	137	4	0	2090	2226	137	1	2.42e-58	231
NC_011593.1:2598858-2601929	NB551033:76:HLGC3BGX5:2:11302:13780:17066:37#0/1	99.219	128	1	0	999	1126	1	128	2.42e-58	231
NC_011593.1:2598858-2601929	NB551033:76:HLGC3BGX5:4:21607:10737:4384:37#0/2	99.213	127	1	0	1940	2066	1	127	8.71e-58	230
NC_011593.1:2598858-2601929	NB551033:76:HLGC3BGX5:1:21206:3665:9151:37#0/2	99.213	127	1	0	1940	2066	1	127	8.71e-58	230
NC_011593.1:2598858-2601929	NB551033:76:HLGC3BGX5:4:21607:10737:4384:37#0/1	99.213	127	1	0	1940	2066	127	1	8.71e-58	230
NC_011593.1:2598858-2601929	NB551033:76:HLGC3BGX5:1:21206:3665:9151:37#0/1	99.213	127	1	0	1940	2066	127	1	8.71e-58	230
NC_011593.1:2598858-2601929	NB551033:76:HLGC3BGX5:4:22407:5940:20089:37#0/1	96.377	138	5	0	480	617	138	1	3.13e-57	228
NC_011593.1:2598858-2601929	NB551033:76:HLGC3BGX5:4:12604:9191:3598:37#0/1	98.450	129	2	0	1042	1170	1	129	3.13e-57	228
NC_011593.1:2598858-2601929	NB551033:76:HLGC3BGX5:2:11303:13640:6501:37#0/2	97.710	131	3	0	1504	1634	1	131	1.13e-56	226
NC_011593.1:2598858-2601929	NB551033:76:HLGC3BGX5:2:11201:23243:3912:37#0/2	97.692	130	3	0	2613	2742	1	130	4.05e-56	224
NC_011593.1:2598858-2601929	NB551033:76:HLGC3BGX5:4:12604:9191:3598:37#0/2	97.674	129	3	0	1042	1170	129	1	1.46e-55	222
NC_011593.1:2598858-2601929	NB551033:76:HLGC3BGX5:4:23402:9771:5175:37#0/2	96.923	130	4	0	867	996	130	1	1.88e-54	219
NC_011593.1:2598858-2601929	NB551033:76:HLGC3BGX5:4:23402:9771:5175:37#0/1	96.923	130	4	0	867	996	1	130	1.88e-54	219
NC_011593.1:2598858-2601929	NB551033:76:HLGC3BGX5:1:13103:11991:16224:37#0/2	98.374	123	2	0	574	696	1	123	6.78e-54	217
NC_011593.1:2598858-2601929	NB551033:76:HLGC3BGX5:1:23210:7328:15895:37#0/1	100.000	117	0	0	2161	2277	6	122	6.78e-54	217
NC_011593.1:2598858-2601929	NB551033:76:HLGC3BGX5:2:22103:1466:10794:37#0/2	99.160	119	1	0	1912	2030	1	119	2.44e-53	215
NC_011593.1:2598858-2601929	NB551033:76:HLGC3BGX5:2:22103:1466:10794:37#0/1	99.160	119	1	0	1912	2030	119	1	2.44e-53	215
NC_011593.1:2598858-2601929	NB551033:76:HLGC3BGX5:2:12112:9480:18236:37#0/1	96.774	124	4	0	2652	2775	1	124	4.08e-51	207
NC_011593.1:2598858-2601929	NB551033:76:HLGC3BGX5:1:12312:7515:19582:37#0/2	96.748	123	4	0	545	667	123	1	1.47e-50	206
NC_011593.1:2598858-2601929	NB551033:76:HLGC3BGX5:4:12412:22423:7354:37#0/1	99.123	114	1	0	1	114	114	1	1.47e-50	206
NC_011593.1:2598858-2601929	NB551033:76:HLGC3BGX5:1:12312:7515:19582:37#0/1	96.748	123	4	0	545	667	1	123	1.47e-50	206
NC_011593.1:2598858-2601929	NB551033:76:HLGC3BGX5:2:21308:26798:17947:37#0/2	96.000	125	5	0	2147	2271	1	125	5.28e-50	204
NC_011593.1:2598858-2601929	NB551033:76:HLGC3BGX5:1:23210:7328:15895:37#0/2	96.721	122	4	0	2359	2480	122	1	5.28e-50	204
NC_011593.1:2598858-2601929	NB551033:76:HLGC3BGX5:3:23610:15837:15963:37#0/2	99.107	112	1	0	2473	2584	112	1	1.90e-49	202
NC_011593.1:2598858-2601929	NB551033:76:HLGC3BGX5:3:23610:15837:15963:37#0/1	99.107	112	1	0	2473	2584	1	112	1.90e-49	202
NC_011593.1:2598858-2601929	NB551033:76:HLGC3BGX5:1:22303:23968:11412:37#0/2	97.414	116	3	0	2957	3072	1	116	2.46e-48	198
NC_011593.1:2598858-2601929	NB551033:76:HLGC3BGX5:4:11406:26710:14327:37#0/1	95.902	122	5	0	18	139	1	122	2.46e-48	198
NC_011593.1:2598858-2601929	NB551033:76:HLGC3BGX5:1:22309:20208:11017:37#0/1	99.091	110	1	0	1630	1739	1	110	2.46e-48	198
NC_011593.1:2598858-2601929	NB551033:76:HLGC3BGX5:1:12304:8406:1526:37#0/2	97.368	114	3	0	1276	1389	114	1	3.18e-47	195
NC_011593.1:2598858-2601929	NB551033:76:HLGC3BGX5:3:23411:10997:17786:37#0/1	95.833	120	5	0	866	985	120	1	3.18e-47	195
NC_011593.1:2598858-2601929	NB551033:76:HLGC3BGX5:1:12304:8406:1526:37#0/1	97.368	114	3	0	1276	1389	1	114	3.18e-47	195
NC_011593.1:2598858-2601929	NB551033:76:HLGC3BGX5:1:21107:21315:7218:37#0/2	98.165	109	2	0	2106	2214	1	109	4.11e-46	191
NC_011593.1:2598858-2601929	NB551033:76:HLGC3BGX5:1:13311:15695:7432:37#0/2	99.057	106	1	0	759	864	108	3	4.11e-46	191
NC_011593.1:2598858-2601929	NB551033:76:HLGC3BGX5:1:13311:15695:7432:37#0/1	99.057	106	1	0	759	864	1	106	4.11e-46	191
NC_011593.1:2598858-2601929	NB551033:76:HLGC3BGX5:1:11312:3836:17837:37#0/2	99.048	105	1	0	1609	1713	1	105	1.48e-45	189
NC_011593.1:2598858-2601929	NB551033:76:HLGC3BGX5:4:12508:10745:12591:37#0/2	100.000	100	0	0	1	100	100	1	1.91e-44	185
NC_011593.1:2598858-2601929	NB551033:76:HLGC3BGX5:2:13108:23586:14479:37#0/2	98.113	106	2	0	453	558	106	1	1.91e-44	185
NC_011593.1:2598858-2601929	NB551033:76:HLGC3BGX5:1:23211:11599:17304:37#0/2	98.113	106	2	0	453	558	106	1	1.91e-44	185
NC_011593.1:2598858-2601929	NB551033:76:HLGC3BGX5:2:13108:23586:14479:37#0/1	98.113	106	2	0	453	558	1	106	1.91e-44	185
NC_011593.1:2598858-2601929	NB551033:76:HLGC3BGX5:1:23211:11599:17304:37#0/1	98.113	106	2	0	453	558	1	106	1.91e-44	185
NC_011593.1:2598858-2601929	NB551033:76:HLGC3BGX5:1:12311:3637:9646:37#0/1	98.077	104	2	0	2533	2636	104	1	2.47e-43	182
NC_011593.1:2598858-2601929	NB551033:76:HLGC3BGX5:2:21101:3687:10532:37#0/1	97.170	106	3	0	2967	3072	1	106	8.89e-43	180
NC_011593.1:2598858-2601929	NB551033:76:HLGC3BGX5:1:11305:10772:17743:37#0/1	97.170	106	3	0	1235	1340	106	1	8.89e-43	180
NC_011593.1:2598858-2601929	NB551033:76:HLGC3BGX5:1:22303:23968:11412:37#0/1	97.143	105	3	0	2968	3072	148	44	3.20e-42	178
NC_011593.1:2598858-2601929	NB551033:76:HLGC3BGX5:1:22106:17839:8478:37#0/2	98.020	101	2	0	2632	2732	1	101	1.15e-41	176
NC_011593.1:2598858-2601929	NB551033:76:HLGC3BGX5:3:11610:20603:5454:37#0/2	97.087	103	3	0	448	550	1	103	4.14e-41	174
NC_011593.1:2598858-2601929	NB551033:76:HLGC3BGX5:3:13512:6402:3399:37#0/1	98.947	95	1	0	1983	2077	1	95	5.35e-40	171
NC_011593.1:2598858-2601929	NB551033:76:HLGC3BGX5:4:12501:3128:7498:37#0/1	100.000	91	0	0	397	487	91	1	1.93e-39	169
NC_011593.1:2598858-2601929	NB551033:76:HLGC3BGX5:2:23302:18652:19602:37#0/1	97.000	100	3	0	2686	2785	100	1	1.93e-39	169
NC_011593.1:2598858-2601929	NB551033:76:HLGC3BGX5:4:11503:4833:9853:37#0/2	100.000	90	0	0	1	90	90	1	6.92e-39	167
NC_011593.1:2598858-2601929	NB551033:76:HLGC3BGX5:2:23302:18652:19602:37#0/2	96.970	99	3	0	2686	2784	1	99	6.92e-39	167
NC_011593.1:2598858-2601929	NB551033:76:HLGC3BGX5:4:11503:4833:9853:37#0/1	100.000	89	0	0	1	89	51	139	2.49e-38	165
NC_011593.1:2598858-2601929	NB551033:76:HLGC3BGX5:3:13511:23151:14842:37#0/1	100.000	89	0	0	1	89	89	1	2.49e-38	165
NC_011593.1:2598858-2601929	NB551033:76:HLGC3BGX5:3:23406:25366:7043:37#0/2	100.000	88	0	0	2211	2298	1	88	8.96e-38	163
NC_011593.1:2598858-2601929	NB551033:76:HLGC3BGX5:3:23406:25366:7043:37#0/1	100.000	88	0	0	2211	2298	88	1	8.96e-38	163
NC_011593.1:2598858-2601929	NB551033:76:HLGC3BGX5:1:12105:3167:16266:37#0/2	98.876	89	1	0	2634	2722	90	2	1.16e-36	159
NC_011593.1:2598858-2601929	NB551033:76:HLGC3BGX5:1:12105:3167:16266:37#0/1	98.876	89	1	0	2634	2722	1	89	1.16e-36	159
NC_011593.1:2598858-2601929	NB551033:76:HLGC3BGX5:2:21306:8531:11537:37#0/1	97.802	91	2	0	799	889	1	91	4.17e-36	158
NC_011593.1:2598858-2601929	NB551033:76:HLGC3BGX5:4:23407:19972:10368:37#0/2	98.851	87	1	0	1381	1467	87	1	1.50e-35	156
NC_011593.1:2598858-2601929	NB551033:76:HLGC3BGX5:1:21110:16321:9706:37#0/2	97.778	90	2	0	2543	2632	90	1	1.50e-35	156
NC_011593.1:2598858-2601929	NB551033:76:HLGC3BGX5:4:23407:19972:10368:37#0/1	98.851	87	1	0	1381	1467	1	87	1.50e-35	156
NC_011593.1:2598858-2601929	NB551033:76:HLGC3BGX5:1:21110:16321:9706:37#0/1	97.778	90	2	0	2543	2632	1	90	1.50e-35	156
NC_011593.1:2598858-2601929	NB551033:76:HLGC3BGX5:3:23608:14159:13688:37#0/2	98.837	86	1	0	1392	1477	86	1	5.39e-35	154
NC_011593.1:2598858-2601929	NB551033:76:HLGC3BGX5:3:13511:23151:14842:37#0/2	100.000	83	0	0	1	83	68	150	5.39e-35	154
NC_011593.1:2598858-2601929	NB551033:76:HLGC3BGX5:4:12501:3128:7498:37#0/2	100.000	82	0	0	8	89	1	82	1.94e-34	152
NC_011593.1:2598858-2601929	NB551033:76:HLGC3BGX5:1:21308:17892:14415:37#0/2	97.647	85	2	0	2988	3072	1	85	9.02e-33	147
NC_011593.1:2598858-2601929	NB551033:76:HLGC3BGX5:2:13103:25900:12178:37#0/2	100.000	77	0	0	1649	1725	77	1	1.17e-31	143
NC_011593.1:2598858-2601929	NB551033:76:HLGC3BGX5:2:13103:25900:12178:37#0/1	100.000	77	0	0	1649	1725	1	77	1.17e-31	143
NC_011593.1:2598858-2601929	NB551033:76:HLGC3BGX5:3:22609:12982:6330:37#0/2	100.000	76	0	0	2211	2286	1	76	4.20e-31	141
NC_011593.1:2598858-2601929	NB551033:76:HLGC3BGX5:1:22203:22347:5862:37#0/2	97.561	82	2	0	1474	1555	1	82	4.20e-31	141
NC_011593.1:2598858-2601929	NB551033:76:HLGC3BGX5:3:22609:12982:6330:37#0/1	100.000	76	0	0	2211	2286	76	1	4.20e-31	141
NC_011593.1:2598858-2601929	NB551033:76:HLGC3BGX5:2:11306:13369:15105:37#0/2	98.718	78	1	0	2954	3031	78	1	1.51e-30	139
NC_011593.1:2598858-2601929	NB551033:76:HLGC3BGX5:2:11306:13369:15105:37#0/1	98.718	78	1	0	2954	3031	1	78	1.51e-30	139
NC_011593.1:2598858-2601929	NB551033:76:HLGC3BGX5:2:13310:22051:18555:37#0/2	98.684	76	1	0	2830	2905	76	1	1.95e-29	135
NC_011593.1:2598858-2601929	NB551033:76:HLGC3BGX5:1:11305:10772:17743:37#0/2	97.468	79	2	0	616	694	1	79	1.95e-29	135
NC_011593.1:2598858-2601929	NB551033:76:HLGC3BGX5:2:13310:22051:18555:37#0/1	98.684	76	1	0	2830	2905	1	76	1.95e-29	135
NC_011593.1:2598858-2601929	NB551033:76:HLGC3BGX5:3:13512:6402:3399:37#0/2	97.403	77	2	0	2553	2629	77	1	2.53e-28	132
NC_011593.1:2598858-2601929	NB551033:76:HLGC3BGX5:2:11108:4985:18902:37#0/2	97.368	76	2	0	2815	2890	76	1	9.09e-28	130
NC_011593.1:2598858-2601929	NB551033:76:HLGC3BGX5:4:12412:22423:7354:37#0/2	100.000	69	0	0	1	69	83	151	3.27e-27	128
NC_011593.1:2598858-2601929	NB551033:76:HLGC3BGX5:1:22106:17839:8478:37#0/1	96.000	75	3	0	2716	2790	75	1	1.52e-25	122
NC_011593.1:2598858-2601929	NB551033:76:HLGC3BGX5:3:22410:16825:10493:37#0/2	96.552	58	2	0	3015	3072	1	58	9.21e-18	97.1
NC_011593.1:2598858-2601929	NB551033:76:HLGC3BGX5:2:23208:13759:1573:37#0/2	96.491	57	2	0	3016	3072	150	94	3.31e-17	95.3
NC_011593.1:2598858-2601929	NB551033:76:HLGC3BGX5:4:21604:11177:10158:37#0/1	100.000	47	0	0	1	47	47	1	5.55e-15	87.9
NC_011593.1:2598858-2601929	NB551033:76:HLGC3BGX5:3:13609:20272:14618:37#0/2	100.000	46	0	0	1	46	46	1	1.99e-14	86.1
NC_011593.1:2598858-2601929	NB551033:76:HLGC3BGX5:3:13609:20272:14618:37#0/1	100.000	46	0	0	1	46	51	96	1.99e-14	86.1
# BLASTN 2.9.0+
# Query: NC_011593.1:c2604454-2602106 Bifidobacterium longum subsp. infantis ATCC 15697, complete genome
# Database: db/blast_C0296_5F_1A_S37.faa
# 0 hits found
# BLASTN 2.9.0+
# Query: NC_011593.1:c2605922-2604486 Bifidobacterium longum subsp. infantis ATCC 15697, complete genome
# Database: db/blast_C0296_5F_1A_S37.faa
# 0 hits found
# BLASTN 2.9.0+
# Query: NC_011593.1:c2606381-2605944 Bifidobacterium longum subsp. infantis ATCC 15697, complete genome
# Database: db/blast_C0296_5F_1A_S37.faa
# 0 hits found
# BLASTN 2.9.0+
# Query: NC_011593.1:c2607314-2606418 Bifidobacterium longum subsp. infantis ATCC 15697, complete genome
# Database: db/blast_C0296_5F_1A_S37.faa
# 0 hits found
# BLASTN 2.9.0+
# Query: NC_011593.1:c2608249-2607458 Bifidobacterium longum subsp. infantis ATCC 15697, complete genome
# Database: db/blast_C0296_5F_1A_S37.faa
# 0 hits found
# BLASTN 2.9.0+
# Query: NC_011593.1:c2609546-2608269 Bifidobacterium longum subsp. infantis ATCC 15697, complete genome
# Database: db/blast_C0296_5F_1A_S37.faa
# 0 hits found
# BLASTN 2.9.0+
# Query: NC_011593.1:c2610356-2609697 Bifidobacterium longum subsp. infantis ATCC 15697, complete genome
# Database: db/blast_C0296_5F_1A_S37.faa
# 0 hits found
# BLASTN 2.9.0+
# Query: NC_011593.1:c2611458-2610496 Bifidobacterium longum subsp. infantis ATCC 15697, complete genome
# Database: db/blast_C0296_5F_1A_S37.faa
# 0 hits found
# BLASTN 2.9.0+
# Query: NC_011593.1:c2612430-2611477 Bifidobacterium longum subsp. infantis ATCC 15697, complete genome
# Database: db/blast_C0296_5F_1A_S37.faa
# 0 hits found
# BLASTN 2.9.0+
# Query: NC_011593.1:c2614109-2612517 Bifidobacterium longum subsp. infantis ATCC 15697, complete genome
# Database: db/blast_C0296_5F_1A_S37.faa
# 0 hits found
# BLASTN 2.9.0+
# Query: NC_011593.1:c2615274-2614312 Bifidobacterium longum subsp. infantis ATCC 15697, complete genome
# Database: db/blast_C0296_5F_1A_S37.faa
# 0 hits found
# BLASTN 2.9.0+
# Query: NC_011593.1:c2616246-2615293 Bifidobacterium longum subsp. infantis ATCC 15697, complete genome
# Database: db/blast_C0296_5F_1A_S37.faa
# 0 hits found
# BLASTN 2.9.0+
# Query: NC_011593.1:c2617928-2616333 Bifidobacterium longum subsp. infantis ATCC 15697, complete genome
# Database: db/blast_C0296_5F_1A_S37.faa
# 0 hits found
# BLASTN 2.9.0+
# Query: NC_011593.1:c2619247-2618063 Bifidobacterium longum subsp. infantis ATCC 15697, complete genome
# Database: db/blast_C0296_5F_1A_S37.faa
# 0 hits found
# BLASTN 2.9.0+
# Query: NC_011593.1:c2620369-2619413 Bifidobacterium longum subsp. infantis ATCC 15697, complete genome
# Database: db/blast_C0296_5F_1A_S37.faa
# 0 hits found
# BLASTN 2.9.0+
# Query: NC_011593.1:c2622143-2620551 Bifidobacterium longum subsp. infantis ATCC 15697, complete genome
# Database: db/blast_C0296_5F_1A_S37.faa
# 0 hits found
# BLASTN 2.9.0+
# Query: NC_011593.1:c2624124-2622520 Bifidobacterium longum subsp. infantis ATCC 15697, complete genome
# Database: db/blast_C0296_5F_1A_S37.faa
# 0 hits found
# BLASTN 2.9.0+
# Query: NC_011593.1:c2626110-2624512 Bifidobacterium longum subsp. infantis ATCC 15697, complete genome
# Database: db/blast_C0296_5F_1A_S37.faa
# 0 hits found
# BLASTN 2.9.0+
# Query: NC_011593.1:c2626386-2626264 Bifidobacterium longum subsp. infantis ATCC 15697, complete genome
# Database: db/blast_C0296_5F_1A_S37.faa
# 0 hits found
# BLASTN 2.9.0+
# Query: NC_011593.1:c2628158-2626563 Bifidobacterium longum subsp. infantis ATCC 15697, complete genome
# Database: db/blast_C0296_5F_1A_S37.faa
# 0 hits found
# BLASTN 2.9.0+
# Query: NC_011593.1:c2630269-2628314 Bifidobacterium longum subsp. infantis ATCC 15697, complete genome
# Database: db/blast_C0296_5F_1A_S37.faa
# 0 hits found
# BLASTN 2.9.0+
# Query: NC_011593.1:c2631106-2630366 Bifidobacterium longum subsp. infantis ATCC 15697, complete genome
# Database: db/blast_C0296_5F_1A_S37.faa
# 0 hits found
# BLASTN 2.9.0+
# Query: NC_011593.1:c2632432-2631140 Bifidobacterium longum subsp. infantis ATCC 15697, complete genome
# Database: db/blast_C0296_5F_1A_S37.faa
# 0 hits found
# BLASTN 2.9.0+
# Query: NC_011593.1:c2633881-2632562 Bifidobacterium longum subsp. infantis ATCC 15697, complete genome
# Database: db/blast_C0296_5F_1A_S37.faa
# 0 hits found
# BLASTN 2.9.0+
# Query: NC_011593.1:c2634683-2633865 Bifidobacterium longum subsp. infantis ATCC 15697, complete genome
# Database: db/blast_C0296_5F_1A_S37.faa
# 0 hits found
# BLASTN 2.9.0+
# Query: NC_011593.1:c2635627-2634680 Bifidobacterium longum subsp. infantis ATCC 15697, complete genome
# Database: db/blast_C0296_5F_1A_S37.faa
# 0 hits found
# BLASTN 2.9.0+
# Query: NC_011593.1:c2636747-2635629 Bifidobacterium longum subsp. infantis ATCC 15697, complete genome
# Database: db/blast_C0296_5F_1A_S37.faa
# 0 hits found
# BLAST processed 31 queries
