# BLASTN 2.9.0+
# Query: NC_011593.1:c2595355-2593832 Bifidobacterium longum subsp. infantis ATCC 15697, complete genome
# Database: db/blast_C0337-3E-1A_S53.faa
# Fields: query acc.ver, subject acc.ver, % identity, alignment length, mismatches, gap opens, q. start, q. end, s. start, s. end, evalue, bit score
# 77 hits found
NC_011593.1:c2595355-2593832	NB551033:107:HTJKNBGX7:4:22504:20764:10484#0/1	99.333	150	1	0	936	1085	150	1	6.47e-71	272
NC_011593.1:c2595355-2593832	NB551033:107:HTJKNBGX7:2:12104:9521:10978#0/2	98.675	151	2	0	524	674	151	1	8.37e-70	268
NC_011593.1:c2595355-2593832	NB551033:107:HTJKNBGX7:4:12503:6897:16537#0/2	98.667	150	2	0	429	578	1	150	3.01e-69	267
NC_011593.1:c2595355-2593832	NB551033:107:HTJKNBGX7:4:21410:20215:3647#0/1	98.667	150	2	0	496	645	1	150	3.01e-69	267
NC_011593.1:c2595355-2593832	NB551033:107:HTJKNBGX7:1:23311:16797:3192#0/2	98.013	151	3	0	112	262	1	151	3.90e-68	263
NC_011593.1:c2595355-2593832	NB551033:107:HTJKNBGX7:4:12503:6897:16537#0/1	98.649	148	2	0	531	678	150	3	3.90e-68	263
NC_011593.1:c2595355-2593832	NB551033:107:HTJKNBGX7:4:22504:20764:10484#0/2	98.000	150	3	0	891	1040	1	150	1.40e-67	261
NC_011593.1:c2595355-2593832	NB551033:107:HTJKNBGX7:3:11409:21906:18381#0/2	98.000	150	3	0	768	917	1	150	1.40e-67	261
NC_011593.1:c2595355-2593832	NB551033:107:HTJKNBGX7:2:12304:23356:3826#0/1	97.351	151	4	0	130	280	1	151	1.81e-66	257
NC_011593.1:c2595355-2593832	NB551033:107:HTJKNBGX7:1:12101:3578:10323#0/1	97.351	151	4	0	466	616	1	151	1.81e-66	257
NC_011593.1:c2595355-2593832	NB551033:107:HTJKNBGX7:4:22410:21508:14762#0/2	97.333	150	4	0	288	437	150	1	6.52e-66	255
NC_011593.1:c2595355-2593832	NB551033:107:HTJKNBGX7:4:23512:4873:15981#0/1	97.333	150	4	0	80	229	1	150	6.52e-66	255
NC_011593.1:c2595355-2593832	NB551033:107:HTJKNBGX7:4:22410:21508:14762#0/1	97.333	150	4	0	288	437	1	150	6.52e-66	255
NC_011593.1:c2595355-2593832	NB551033:107:HTJKNBGX7:2:23312:9492:10514#0/1	97.333	150	4	0	865	1014	150	1	6.52e-66	255
NC_011593.1:c2595355-2593832	NB551033:107:HTJKNBGX7:4:21410:20215:3647#0/2	97.931	145	3	0	564	708	145	1	8.43e-65	252
NC_011593.1:c2595355-2593832	NB551033:107:HTJKNBGX7:1:23102:5695:17123#0/2	96.667	150	5	0	610	759	1	150	3.03e-64	250
NC_011593.1:c2595355-2593832	NB551033:107:HTJKNBGX7:4:13408:6516:12531#0/2	96.644	149	5	0	671	819	149	1	1.09e-63	248
NC_011593.1:c2595355-2593832	NB551033:107:HTJKNBGX7:2:11309:26097:12920#0/2	99.265	136	1	0	721	856	136	1	3.92e-63	246
NC_011593.1:c2595355-2593832	NB551033:107:HTJKNBGX7:1:11207:21207:12907#0/1	96.026	151	6	0	194	344	1	151	3.92e-63	246
NC_011593.1:c2595355-2593832	NB551033:107:HTJKNBGX7:2:12304:23356:3826#0/2	96.000	150	6	0	286	435	150	1	1.41e-62	244
NC_011593.1:c2595355-2593832	NB551033:107:HTJKNBGX7:4:12610:9496:2543#0/1	96.000	150	6	0	660	809	150	1	1.41e-62	244
NC_011593.1:c2595355-2593832	NB551033:107:HTJKNBGX7:2:23302:14439:13748#0/1	96.000	150	6	0	591	740	150	1	1.41e-62	244
NC_011593.1:c2595355-2593832	NB551033:107:HTJKNBGX7:1:23102:5695:17123#0/1	96.000	150	6	0	660	809	150	1	1.41e-62	244
NC_011593.1:c2595355-2593832	NB551033:107:HTJKNBGX7:1:13109:11596:4498#0/2	95.973	149	6	0	289	437	149	1	5.08e-62	243
NC_011593.1:c2595355-2593832	NB551033:107:HTJKNBGX7:1:12101:3578:10323#0/2	95.973	149	6	0	616	764	149	1	5.08e-62	243
NC_011593.1:c2595355-2593832	NB551033:107:HTJKNBGX7:2:11309:26097:12920#0/1	95.973	149	6	0	662	810	1	149	5.08e-62	243
NC_011593.1:c2595355-2593832	NB551033:107:HTJKNBGX7:1:11207:21207:12907#0/2	95.333	150	7	0	225	374	150	1	6.57e-61	239
NC_011593.1:c2595355-2593832	NB551033:107:HTJKNBGX7:2:21112:9437:19071#0/1	98.519	135	2	0	904	1038	135	1	6.57e-61	239
NC_011593.1:c2595355-2593832	NB551033:107:HTJKNBGX7:1:23311:16797:3192#0/1	96.528	144	5	0	193	336	144	1	6.57e-61	239
NC_011593.1:c2595355-2593832	NB551033:107:HTJKNBGX7:2:21107:3008:19543#0/2	99.219	128	1	0	387	514	128	1	1.10e-58	231
NC_011593.1:c2595355-2593832	NB551033:107:HTJKNBGX7:3:22609:13814:5095#0/1	95.804	143	6	0	1057	1199	143	1	1.10e-58	231
NC_011593.1:c2595355-2593832	NB551033:107:HTJKNBGX7:2:21107:3008:19543#0/1	99.219	128	1	0	387	514	1	128	1.10e-58	231
NC_011593.1:c2595355-2593832	NB551033:107:HTJKNBGX7:4:12612:21468:9551#0/2	99.200	125	1	0	356	480	125	1	5.11e-57	226
NC_011593.1:c2595355-2593832	NB551033:107:HTJKNBGX7:1:13207:4065:12127#0/2	99.200	125	1	0	372	496	125	1	5.11e-57	226
NC_011593.1:c2595355-2593832	NB551033:107:HTJKNBGX7:4:12612:21468:9551#0/1	99.200	125	1	0	356	480	1	125	5.11e-57	226
NC_011593.1:c2595355-2593832	NB551033:107:HTJKNBGX7:1:13207:4065:12127#0/1	99.200	125	1	0	372	496	1	125	5.11e-57	226
NC_011593.1:c2595355-2593832	NB551033:107:HTJKNBGX7:1:12210:12508:11070#0/2	95.683	139	6	0	449	587	141	3	1.84e-56	224
NC_011593.1:c2595355-2593832	NB551033:107:HTJKNBGX7:3:22609:13814:5095#0/2	98.361	122	2	0	899	1020	1	122	1.11e-53	215
NC_011593.1:c2595355-2593832	NB551033:107:HTJKNBGX7:2:21112:9437:19071#0/2	96.850	127	4	0	873	999	1	127	3.98e-53	213
NC_011593.1:c2595355-2593832	NB551033:107:HTJKNBGX7:1:12301:23063:10828#0/2	97.500	120	3	0	211	330	121	2	6.66e-51	206
NC_011593.1:c2595355-2593832	NB551033:107:HTJKNBGX7:1:12301:23063:10828#0/1	96.748	123	4	0	208	330	1	123	6.66e-51	206
NC_011593.1:c2595355-2593832	NB551033:107:HTJKNBGX7:4:23512:4873:15981#0/2	96.721	122	4	0	159	280	122	1	2.40e-50	204
NC_011593.1:c2595355-2593832	NB551033:107:HTJKNBGX7:4:13611:5571:17654#0/1	95.968	124	5	0	707	830	1	124	8.61e-50	202
NC_011593.1:c2595355-2593832	NB551033:107:HTJKNBGX7:2:13203:15390:3944#0/2	97.414	116	3	0	52	167	116	1	1.11e-48	198
NC_011593.1:c2595355-2593832	NB551033:107:HTJKNBGX7:1:11102:15413:20029#0/2	97.414	116	3	0	52	167	6	121	1.11e-48	198
NC_011593.1:c2595355-2593832	NB551033:107:HTJKNBGX7:2:13203:15390:3944#0/1	97.414	116	3	0	52	167	6	121	1.11e-48	198
NC_011593.1:c2595355-2593832	NB551033:107:HTJKNBGX7:1:11102:15413:20029#0/1	97.414	116	3	0	52	167	116	1	1.11e-48	198
NC_011593.1:c2595355-2593832	NB551033:107:HTJKNBGX7:1:23312:21762:2795#0/2	98.131	107	2	0	496	602	107	1	2.41e-45	187
NC_011593.1:c2595355-2593832	NB551033:107:HTJKNBGX7:4:21605:17238:7286#0/1	100.000	101	0	0	409	509	101	1	2.41e-45	187
NC_011593.1:c2595355-2593832	NB551033:107:HTJKNBGX7:4:23505:15843:12016#0/1	97.196	107	3	0	1341	1447	107	1	1.12e-43	182
NC_011593.1:c2595355-2593832	NB551033:107:HTJKNBGX7:1:12210:12508:11070#0/1	96.364	110	4	0	449	558	1	110	1.12e-43	182
NC_011593.1:c2595355-2593832	NB551033:107:HTJKNBGX7:4:12508:5667:4183#0/2	97.170	106	3	0	57	162	1	106	4.04e-43	180
NC_011593.1:c2595355-2593832	NB551033:107:HTJKNBGX7:2:23312:9492:10514#0/2	97.170	106	3	0	796	901	1	106	4.04e-43	180
NC_011593.1:c2595355-2593832	NB551033:107:HTJKNBGX7:3:23501:4529:18302#0/1	97.143	105	3	0	705	809	105	1	1.45e-42	178
NC_011593.1:c2595355-2593832	NB551033:107:HTJKNBGX7:2:23307:24774:1338#0/2	98.020	101	2	0	94	194	1	101	5.22e-42	176
NC_011593.1:c2595355-2593832	NB551033:107:HTJKNBGX7:3:23501:4529:18302#0/2	96.190	105	4	0	705	809	1	105	6.75e-41	172
NC_011593.1:c2595355-2593832	NB551033:107:HTJKNBGX7:1:23303:11094:2759#0/1	96.154	104	4	0	727	830	1	104	2.43e-40	171
NC_011593.1:c2595355-2593832	NB551033:107:HTJKNBGX7:4:12508:5667:4183#0/1	96.970	99	3	0	339	437	99	1	3.14e-39	167
NC_011593.1:c2595355-2593832	NB551033:107:HTJKNBGX7:3:23607:13579:4983#0/2	96.875	96	3	0	342	437	96	1	1.46e-37	161
NC_011593.1:c2595355-2593832	NB551033:107:HTJKNBGX7:2:23302:14439:13748#0/2	100.000	87	0	0	560	646	1	87	1.46e-37	161
NC_011593.1:c2595355-2593832	NB551033:107:HTJKNBGX7:1:23312:21762:2795#0/1	95.918	98	4	0	496	593	1	98	5.26e-37	159
NC_011593.1:c2595355-2593832	NB551033:107:HTJKNBGX7:3:13603:7481:7163#0/2	95.876	97	4	0	455	551	1	97	1.89e-36	158
NC_011593.1:c2595355-2593832	NB551033:107:HTJKNBGX7:3:23607:13579:4983#0/1	96.809	94	3	0	342	435	1	94	1.89e-36	158
NC_011593.1:c2595355-2593832	NB551033:107:HTJKNBGX7:4:23405:16077:8883#0/2	96.739	92	3	0	161	252	92	1	2.45e-35	154
NC_011593.1:c2595355-2593832	NB551033:107:HTJKNBGX7:4:23405:16077:8883#0/1	96.739	92	3	0	161	252	1	92	2.45e-35	154
NC_011593.1:c2595355-2593832	NB551033:107:HTJKNBGX7:4:13408:6516:12531#0/1	96.703	91	3	0	610	700	1	91	8.80e-35	152
NC_011593.1:c2595355-2593832	NB551033:107:HTJKNBGX7:2:23307:24774:1338#0/1	98.824	85	1	0	114	198	85	1	8.80e-35	152
NC_011593.1:c2595355-2593832	NB551033:107:HTJKNBGX7:3:11409:21906:18381#0/1	97.590	83	2	0	899	981	83	1	5.30e-32	143
NC_011593.1:c2595355-2593832	NB551033:107:HTJKNBGX7:2:12104:9521:10978#0/1	96.552	87	2	1	466	552	1	86	5.30e-32	143
NC_011593.1:c2595355-2593832	NB551033:107:HTJKNBGX7:1:13204:7753:1362#0/1	96.429	84	3	0	758	841	3	86	6.85e-31	139
NC_011593.1:c2595355-2593832	NB551033:107:HTJKNBGX7:2:13203:20972:8951#0/2	96.341	82	3	0	260	341	1	82	8.86e-30	135
NC_011593.1:c2595355-2593832	NB551033:107:HTJKNBGX7:4:21605:17238:7286#0/2	97.403	77	2	0	187	263	1	77	1.15e-28	132
NC_011593.1:c2595355-2593832	NB551033:107:HTJKNBGX7:1:13204:7753:1362#0/2	98.630	73	1	0	963	1035	73	1	4.12e-28	130
NC_011593.1:c2595355-2593832	NB551033:107:HTJKNBGX7:4:23505:15843:12016#0/2	97.333	75	2	0	1295	1369	1	75	1.48e-27	128
NC_011593.1:c2595355-2593832	NB551033:107:HTJKNBGX7:1:13109:11596:4498#0/1	96.154	78	3	0	267	344	1	78	1.48e-27	128
NC_011593.1:c2595355-2593832	NB551033:107:HTJKNBGX7:4:23410:9177:12738#0/2	97.260	73	2	0	190	262	1	73	1.92e-26	124
NC_011593.1:c2595355-2593832	NB551033:107:HTJKNBGX7:4:23410:9177:12738#0/1	97.260	73	2	0	190	262	73	1	1.92e-26	124
# BLASTN 2.9.0+
# Query: NC_011593.1:c2597106-2595574 Bifidobacterium longum subsp. infantis ATCC 15697, complete genome
# Database: db/blast_C0337-3E-1A_S53.faa
# Fields: query acc.ver, subject acc.ver, % identity, alignment length, mismatches, gap opens, q. start, q. end, s. start, s. end, evalue, bit score
# 11 hits found
NC_011593.1:c2597106-2595574	NB551033:107:HTJKNBGX7:2:21107:3008:19543#0/2	96.094	128	5	0	387	514	128	1	5.18e-52	209
NC_011593.1:c2597106-2595574	NB551033:107:HTJKNBGX7:2:21107:3008:19543#0/1	96.094	128	5	0	387	514	1	128	5.18e-52	209
NC_011593.1:c2597106-2595574	NB551033:107:HTJKNBGX7:1:12301:23063:10828#0/2	95.726	117	5	0	214	330	118	2	6.75e-46	189
NC_011593.1:c2597106-2595574	NB551033:107:HTJKNBGX7:1:23311:16797:3192#0/1	95.000	120	6	0	214	333	123	4	6.75e-46	189
NC_011593.1:c2597106-2595574	NB551033:107:HTJKNBGX7:1:12301:23063:10828#0/1	95.726	117	5	0	214	330	7	123	6.75e-46	189
NC_011593.1:c2597106-2595574	NB551033:107:HTJKNBGX7:1:11207:21207:12907#0/1	95.726	117	5	0	214	330	21	137	6.75e-46	189
NC_011593.1:c2597106-2595574	NB551033:107:HTJKNBGX7:4:21605:17238:7286#0/1	99.010	101	1	0	409	509	101	1	1.13e-43	182
NC_011593.1:c2597106-2595574	NB551033:107:HTJKNBGX7:3:11406:14138:20095#0/1	96.703	91	3	0	450	540	1	91	8.85e-35	152
NC_011593.1:c2597106-2595574	NB551033:107:HTJKNBGX7:1:12209:9258:17687#0/2	95.946	74	3	0	467	540	1	74	2.50e-25	121
NC_011593.1:c2597106-2595574	NB551033:107:HTJKNBGX7:2:13203:20972:8951#0/2	95.775	71	3	0	260	330	1	71	1.16e-23	115
NC_011593.1:c2597106-2595574	NB551033:107:HTJKNBGX7:1:13109:11596:4498#0/1	96.875	64	2	0	267	330	1	64	1.94e-21	108
# BLASTN 2.9.0+
# Query: NC_011593.1:c2598562-2597207 Bifidobacterium longum subsp. infantis ATCC 15697, complete genome
# Database: db/blast_C0337-3E-1A_S53.faa
# Fields: query acc.ver, subject acc.ver, % identity, alignment length, mismatches, gap opens, q. start, q. end, s. start, s. end, evalue, bit score
# 102 hits found
NC_011593.1:c2598562-2597207	NB551033:107:HTJKNBGX7:4:12407:19998:9958#0/2	100.000	150	0	0	907	1056	1	150	1.25e-72	278
NC_011593.1:c2598562-2597207	NB551033:107:HTJKNBGX7:4:11402:6581:12170#0/2	100.000	150	0	0	199	348	1	150	1.25e-72	278
NC_011593.1:c2598562-2597207	NB551033:107:HTJKNBGX7:3:13604:13871:5654#0/2	100.000	150	0	0	1095	1244	1	150	1.25e-72	278
NC_011593.1:c2598562-2597207	NB551033:107:HTJKNBGX7:2:23307:5956:12919#0/2	100.000	150	0	0	774	923	150	1	1.25e-72	278
NC_011593.1:c2598562-2597207	NB551033:107:HTJKNBGX7:2:13310:12963:5369#0/2	100.000	150	0	0	819	968	150	1	1.25e-72	278
NC_011593.1:c2598562-2597207	NB551033:107:HTJKNBGX7:2:13208:15286:12200#0/2	100.000	150	0	0	773	922	150	1	1.25e-72	278
NC_011593.1:c2598562-2597207	NB551033:107:HTJKNBGX7:1:21209:3393:1410#0/2	100.000	150	0	0	337	486	1	150	1.25e-72	278
NC_011593.1:c2598562-2597207	NB551033:107:HTJKNBGX7:4:12407:19998:9958#0/1	100.000	150	0	0	912	1061	150	1	1.25e-72	278
NC_011593.1:c2598562-2597207	NB551033:107:HTJKNBGX7:3:22602:21351:12496#0/1	100.000	150	0	0	615	764	150	1	1.25e-72	278
NC_011593.1:c2598562-2597207	NB551033:107:HTJKNBGX7:2:23307:5956:12919#0/1	100.000	150	0	0	766	915	1	150	1.25e-72	278
NC_011593.1:c2598562-2597207	NB551033:107:HTJKNBGX7:1:12309:3282:1569#0/2	100.000	149	0	0	146	294	1	149	4.49e-72	276
NC_011593.1:c2598562-2597207	NB551033:107:HTJKNBGX7:1:22306:5724:2123#0/1	100.000	149	0	0	768	916	149	1	4.49e-72	276
NC_011593.1:c2598562-2597207	NB551033:107:HTJKNBGX7:1:12211:2661:11269#0/2	100.000	148	0	0	147	294	1	148	1.62e-71	274
NC_011593.1:c2598562-2597207	NB551033:107:HTJKNBGX7:2:13208:15286:12200#0/1	100.000	148	0	0	770	917	1	148	1.62e-71	274
NC_011593.1:c2598562-2597207	NB551033:107:HTJKNBGX7:2:12202:26168:8551#0/2	99.333	150	1	0	181	330	1	150	5.81e-71	272
NC_011593.1:c2598562-2597207	NB551033:107:HTJKNBGX7:3:13604:21009:8319#0/1	99.333	150	1	0	887	1036	1	150	5.81e-71	272
NC_011593.1:c2598562-2597207	NB551033:107:HTJKNBGX7:2:11208:9238:2471#0/1	100.000	147	0	0	1173	1319	147	1	5.81e-71	272
NC_011593.1:c2598562-2597207	NB551033:107:HTJKNBGX7:3:23510:10629:10995#0/2	99.324	148	1	0	709	856	1	148	7.52e-70	268
NC_011593.1:c2598562-2597207	NB551033:107:HTJKNBGX7:2:21308:16728:19802#0/1	100.000	145	0	0	811	955	145	1	7.52e-70	268
NC_011593.1:c2598562-2597207	NB551033:107:HTJKNBGX7:2:21308:16728:19802#0/2	98.667	150	2	0	738	887	1	150	2.70e-69	267
NC_011593.1:c2598562-2597207	NB551033:107:HTJKNBGX7:3:21610:16386:17393#0/1	100.000	139	0	0	180	318	1	139	1.63e-66	257
NC_011593.1:c2598562-2597207	NB551033:107:HTJKNBGX7:1:12110:18199:14490#0/2	100.000	138	0	0	253	390	1	138	5.86e-66	255
NC_011593.1:c2598562-2597207	NB551033:107:HTJKNBGX7:3:13604:13871:5654#0/1	100.000	138	0	0	1192	1329	138	1	5.86e-66	255
NC_011593.1:c2598562-2597207	NB551033:107:HTJKNBGX7:1:21306:4913:4521#0/2	100.000	134	0	0	659	792	134	1	9.80e-64	248
NC_011593.1:c2598562-2597207	NB551033:107:HTJKNBGX7:1:21306:4913:4521#0/1	100.000	134	0	0	659	792	1	134	9.80e-64	248
NC_011593.1:c2598562-2597207	NB551033:107:HTJKNBGX7:2:21108:20813:16303#0/2	99.265	136	1	0	588	723	136	1	3.52e-63	246
NC_011593.1:c2598562-2597207	NB551033:107:HTJKNBGX7:1:13109:24062:13817#0/1	100.000	132	0	0	641	772	1	132	1.27e-62	244
NC_011593.1:c2598562-2597207	NB551033:107:HTJKNBGX7:1:22311:8238:19369#0/2	100.000	131	0	0	1199	1329	131	1	4.56e-62	243
NC_011593.1:c2598562-2597207	NB551033:107:HTJKNBGX7:2:11208:9238:2471#0/2	100.000	129	0	0	1143	1271	1	129	5.90e-61	239
NC_011593.1:c2598562-2597207	NB551033:107:HTJKNBGX7:3:23511:11677:2774#0/1	99.242	132	1	0	786	917	132	1	5.90e-61	239
NC_011593.1:c2598562-2597207	NB551033:107:HTJKNBGX7:3:12408:24982:13955#0/2	100.000	126	0	0	838	963	126	1	2.74e-59	233
NC_011593.1:c2598562-2597207	NB551033:107:HTJKNBGX7:3:11405:8570:19325#0/2	100.000	123	0	0	846	968	123	1	1.28e-57	228
NC_011593.1:c2598562-2597207	NB551033:107:HTJKNBGX7:3:11612:15337:13796#0/2	99.194	124	1	0	941	1064	1	124	1.65e-56	224
NC_011593.1:c2598562-2597207	NB551033:107:HTJKNBGX7:1:22306:5724:2123#0/2	100.000	121	0	0	461	581	1	121	1.65e-56	224
NC_011593.1:c2598562-2597207	NB551033:107:HTJKNBGX7:3:11405:8570:19325#0/1	99.187	123	1	0	846	968	1	123	5.94e-56	222
NC_011593.1:c2598562-2597207	NB551033:107:HTJKNBGX7:2:22104:12108:14051#0/1	99.187	123	1	0	769	891	123	1	5.94e-56	222
NC_011593.1:c2598562-2597207	NB551033:107:HTJKNBGX7:3:22604:1806:2130#0/1	100.000	117	0	0	794	910	1	117	2.76e-54	217
NC_011593.1:c2598562-2597207	NB551033:107:HTJKNBGX7:3:23510:13251:2819#0/1	98.361	122	2	0	934	1055	1	122	9.94e-54	215
NC_011593.1:c2598562-2597207	NB551033:107:HTJKNBGX7:2:23207:12247:8652#0/2	100.000	112	0	0	784	895	112	1	1.66e-51	207
NC_011593.1:c2598562-2597207	NB551033:107:HTJKNBGX7:2:23207:12247:8652#0/1	100.000	112	0	0	784	895	1	112	1.66e-51	207
NC_011593.1:c2598562-2597207	NB551033:107:HTJKNBGX7:3:12603:8052:11002#0/2	100.000	107	0	0	563	669	1	107	1.00e-48	198
NC_011593.1:c2598562-2597207	NB551033:107:HTJKNBGX7:3:23511:11677:2774#0/2	100.000	106	0	0	663	768	1	106	3.60e-48	196
NC_011593.1:c2598562-2597207	NB551033:107:HTJKNBGX7:3:12603:8052:11002#0/1	99.074	108	1	0	821	928	108	1	1.29e-47	195
NC_011593.1:c2598562-2597207	NB551033:107:HTJKNBGX7:3:11612:15337:13796#0/1	99.038	104	1	0	961	1064	121	18	2.17e-45	187
NC_011593.1:c2598562-2597207	NB551033:107:HTJKNBGX7:3:23610:2438:2521#0/2	100.000	100	0	0	1240	1339	1	100	7.79e-45	185
NC_011593.1:c2598562-2597207	NB551033:107:HTJKNBGX7:3:23610:2438:2521#0/1	100.000	100	0	0	1240	1339	100	1	7.79e-45	185
NC_011593.1:c2598562-2597207	NB551033:107:HTJKNBGX7:1:23310:4822:15058#0/1	100.000	100	0	0	1060	1159	35	134	7.79e-45	185
NC_011593.1:c2598562-2597207	NB551033:107:HTJKNBGX7:1:23310:4822:15058#0/2	99.020	102	1	0	1122	1223	102	1	2.80e-44	183
NC_011593.1:c2598562-2597207	NB551033:107:HTJKNBGX7:2:21108:20813:16303#0/1	100.000	98	0	0	564	661	1	98	1.01e-43	182
NC_011593.1:c2598562-2597207	NB551033:107:HTJKNBGX7:3:22602:21351:12496#0/2	96.190	105	4	0	414	518	1	105	6.07e-41	172
NC_011593.1:c2598562-2597207	NB551033:107:HTJKNBGX7:3:12408:24982:13955#0/1	100.000	92	0	0	698	789	1	92	2.18e-40	171
NC_011593.1:c2598562-2597207	NB551033:107:HTJKNBGX7:2:13310:12963:5369#0/1	97.895	95	2	0	689	783	1	95	1.02e-38	165
NC_011593.1:c2598562-2597207	NB551033:107:HTJKNBGX7:2:12202:26168:8551#0/1	97.872	94	2	0	332	425	94	1	3.65e-38	163
NC_011593.1:c2598562-2597207	NB551033:107:HTJKNBGX7:3:21610:16386:17393#0/2	100.000	87	0	0	233	319	87	1	1.31e-37	161
NC_011593.1:c2598562-2597207	NB551033:107:HTJKNBGX7:3:22506:22917:4494#0/1	100.000	86	0	0	1232	1317	1	86	4.72e-37	159
NC_011593.1:c2598562-2597207	NB551033:107:HTJKNBGX7:4:12602:22359:5669#0/2	100.000	82	0	0	908	989	1	82	7.90e-35	152
NC_011593.1:c2598562-2597207	NB551033:107:HTJKNBGX7:1:13109:24062:13817#0/2	97.727	88	2	0	805	892	88	1	7.90e-35	152
NC_011593.1:c2598562-2597207	NB551033:107:HTJKNBGX7:4:12602:22359:5669#0/1	100.000	82	0	0	908	989	82	1	7.90e-35	152
NC_011593.1:c2598562-2597207	NB551033:107:HTJKNBGX7:1:12211:2661:11269#0/1	100.000	82	0	0	231	312	82	1	7.90e-35	152
NC_011593.1:c2598562-2597207	NB551033:107:HTJKNBGX7:1:21204:19579:4626#0/1	100.000	80	0	0	1277	1356	1	80	1.02e-33	148
NC_011593.1:c2598562-2597207	NB551033:107:HTJKNBGX7:2:22104:12108:14051#0/2	100.000	76	0	0	483	558	1	76	1.71e-31	141
NC_011593.1:c2598562-2597207	NB551033:107:HTJKNBGX7:3:21606:14690:15785#0/1	100.000	76	0	0	547	622	1	76	1.71e-31	141
NC_011593.1:c2598562-2597207	NB551033:107:HTJKNBGX7:3:22601:19330:11742#0/1	100.000	75	0	0	1060	1134	75	1	6.15e-31	139
NC_011593.1:c2598562-2597207	NB551033:107:HTJKNBGX7:3:21606:14690:15785#0/2	100.000	74	0	0	730	803	74	1	2.21e-30	137
NC_011593.1:c2598562-2597207	NB551033:107:HTJKNBGX7:1:21209:3393:1410#0/1	98.701	77	1	0	577	653	77	1	2.21e-30	137
NC_011593.1:c2598562-2597207	NB551033:107:HTJKNBGX7:3:22601:19330:11742#0/2	100.000	73	0	0	1060	1132	78	150	7.96e-30	135
NC_011593.1:c2598562-2597207	NB551033:107:HTJKNBGX7:2:21102:12306:12489#0/2	100.000	73	0	0	1252	1324	73	1	7.96e-30	135
NC_011593.1:c2598562-2597207	NB551033:107:HTJKNBGX7:1:22310:10620:17553#0/2	100.000	73	0	0	1278	1350	73	1	7.96e-30	135
NC_011593.1:c2598562-2597207	NB551033:107:HTJKNBGX7:2:21102:12306:12489#0/1	100.000	73	0	0	1252	1324	1	73	7.96e-30	135
NC_011593.1:c2598562-2597207	NB551033:107:HTJKNBGX7:1:22310:10620:17553#0/1	100.000	73	0	0	1278	1350	22	94	7.96e-30	135
NC_011593.1:c2598562-2597207	NB551033:107:HTJKNBGX7:1:12110:18199:14490#0/1	100.000	73	0	0	318	390	73	1	7.96e-30	135
NC_011593.1:c2598562-2597207	NB551033:107:HTJKNBGX7:4:11402:6581:12170#0/1	100.000	71	0	0	498	568	71	1	1.03e-28	132
NC_011593.1:c2598562-2597207	NB551033:107:HTJKNBGX7:1:12309:3282:1569#0/1	100.000	71	0	0	231	301	71	1	1.03e-28	132
NC_011593.1:c2598562-2597207	NB551033:107:HTJKNBGX7:1:21103:22821:1842#0/2	100.000	70	0	0	138	207	70	1	3.70e-28	130
NC_011593.1:c2598562-2597207	NB551033:107:HTJKNBGX7:3:23601:11348:16487#0/1	100.000	69	0	0	233	301	69	1	1.33e-27	128
NC_011593.1:c2598562-2597207	NB551033:107:HTJKNBGX7:3:23510:10629:10995#0/1	100.000	69	0	0	996	1064	110	42	1.33e-27	128
NC_011593.1:c2598562-2597207	NB551033:107:HTJKNBGX7:3:12405:5554:11510#0/2	100.000	65	0	0	1249	1313	65	1	2.23e-25	121
NC_011593.1:c2598562-2597207	NB551033:107:HTJKNBGX7:3:12405:5554:11510#0/1	100.000	65	0	0	1249	1313	80	144	2.23e-25	121
NC_011593.1:c2598562-2597207	NB551033:107:HTJKNBGX7:4:21410:22744:4762#0/2	100.000	60	0	0	1278	1337	60	1	1.34e-22	111
NC_011593.1:c2598562-2597207	NB551033:107:HTJKNBGX7:3:13604:21009:8319#0/2	100.000	59	0	0	1006	1064	150	92	4.82e-22	110
NC_011593.1:c2598562-2597207	NB551033:107:HTJKNBGX7:3:23601:11348:16487#0/2	100.000	57	0	0	138	194	80	136	6.24e-21	106
NC_011593.1:c2598562-2597207	NB551033:107:HTJKNBGX7:2:21202:21955:10539#0/2	100.000	57	0	0	138	194	32	88	6.24e-21	106
NC_011593.1:c2598562-2597207	NB551033:107:HTJKNBGX7:2:21202:21955:10539#0/1	100.000	57	0	0	138	194	57	1	6.24e-21	106
NC_011593.1:c2598562-2597207	NB551033:107:HTJKNBGX7:1:23111:9172:14422#0/2	98.305	59	1	0	1	59	59	1	2.24e-20	104
NC_011593.1:c2598562-2597207	NB551033:107:HTJKNBGX7:4:11408:13280:2602#0/2	100.000	55	0	0	1060	1114	55	1	8.07e-20	102
NC_011593.1:c2598562-2597207	NB551033:107:HTJKNBGX7:4:11408:13280:2602#0/1	100.000	55	0	0	1060	1114	69	123	8.07e-20	102
NC_011593.1:c2598562-2597207	NB551033:107:HTJKNBGX7:2:12205:6030:19230#0/1	100.000	55	0	0	1278	1332	55	1	8.07e-20	102
NC_011593.1:c2598562-2597207	NB551033:107:HTJKNBGX7:2:12104:11534:12436#0/1	100.000	51	0	0	1306	1356	1	51	1.35e-17	95.3
NC_011593.1:c2598562-2597207	NB551033:107:HTJKNBGX7:2:12104:11534:12436#0/2	100.000	48	0	0	1309	1356	151	104	6.28e-16	89.8
NC_011593.1:c2598562-2597207	NB551033:107:HTJKNBGX7:1:13111:15526:15679#0/1	100.000	47	0	0	1310	1356	1	47	2.26e-15	87.9
NC_011593.1:c2598562-2597207	NB551033:107:HTJKNBGX7:4:13606:7255:2034#0/2	100.000	46	0	0	1311	1356	133	88	8.13e-15	86.1
NC_011593.1:c2598562-2597207	NB551033:107:HTJKNBGX7:4:13606:7255:2034#0/1	100.000	46	0	0	1311	1356	1	46	8.13e-15	86.1
NC_011593.1:c2598562-2597207	NB551033:107:HTJKNBGX7:3:22412:9680:19059#0/2	100.000	42	0	0	1278	1319	42	1	1.36e-12	78.7
NC_011593.1:c2598562-2597207	NB551033:107:HTJKNBGX7:3:22412:9680:19059#0/1	100.000	42	0	0	1278	1319	32	73	1.36e-12	78.7
NC_011593.1:c2598562-2597207	NB551033:107:HTJKNBGX7:4:12502:19503:10622#0/1	100.000	41	0	0	1058	1098	41	1	4.89e-12	76.8
NC_011593.1:c2598562-2597207	NB551033:107:HTJKNBGX7:2:23104:9406:6905#0/1	100.000	41	0	0	1278	1318	41	1	4.89e-12	76.8
NC_011593.1:c2598562-2597207	NB551033:107:HTJKNBGX7:2:22204:16915:16175#0/2	100.000	39	0	0	1060	1098	39	1	6.33e-11	73.1
NC_011593.1:c2598562-2597207	NB551033:107:HTJKNBGX7:3:22506:22917:4494#0/2	100.000	38	0	0	1319	1356	81	44	2.28e-10	71.3
NC_011593.1:c2598562-2597207	NB551033:107:HTJKNBGX7:2:12106:9060:4642#0/2	100.000	36	0	0	1278	1313	36	1	2.94e-09	67.6
NC_011593.1:c2598562-2597207	NB551033:107:HTJKNBGX7:2:11310:8722:11082#0/2	100.000	36	0	0	1321	1356	1	36	2.94e-09	67.6
NC_011593.1:c2598562-2597207	NB551033:107:HTJKNBGX7:2:11310:8722:11082#0/1	100.000	35	0	0	1322	1356	147	113	1.06e-08	65.8
NC_011593.1:c2598562-2597207	NB551033:107:HTJKNBGX7:2:11103:16749:6441#0/1	100.000	31	0	0	1058	1088	31	1	1.77e-06	58.4
# BLASTN 2.9.0+
# Query: NC_011593.1:2598858-2601929 Bifidobacterium longum subsp. infantis ATCC 15697, complete genome
# Database: db/blast_C0337-3E-1A_S53.faa
# Fields: query acc.ver, subject acc.ver, % identity, alignment length, mismatches, gap opens, q. start, q. end, s. start, s. end, evalue, bit score
# 153 hits found
NC_011593.1:2598858-2601929	NB551033:107:HTJKNBGX7:2:21204:17697:16108#0/2	100.000	151	0	0	965	1115	151	1	7.87e-73	279
NC_011593.1:2598858-2601929	NB551033:107:HTJKNBGX7:1:13109:19043:5915#0/1	100.000	150	0	0	926	1075	1	150	2.83e-72	278
NC_011593.1:2598858-2601929	NB551033:107:HTJKNBGX7:1:13109:19043:5915#0/2	99.338	151	1	0	965	1115	151	1	3.66e-71	274
NC_011593.1:2598858-2601929	NB551033:107:HTJKNBGX7:4:21603:18102:16620#0/2	99.333	150	1	0	2754	2903	1	150	1.32e-70	272
NC_011593.1:2598858-2601929	NB551033:107:HTJKNBGX7:2:21209:1712:9765#0/2	99.333	150	1	0	231	380	1	150	1.32e-70	272
NC_011593.1:2598858-2601929	NB551033:107:HTJKNBGX7:3:22607:19887:13146#0/1	99.333	150	1	0	315	464	150	1	1.32e-70	272
NC_011593.1:2598858-2601929	NB551033:107:HTJKNBGX7:1:21103:15164:14016#0/1	100.000	147	0	0	2433	2579	1	147	1.32e-70	272
NC_011593.1:2598858-2601929	NB551033:107:HTJKNBGX7:1:13207:4047:8508#0/1	99.333	150	1	0	120	269	1	150	1.32e-70	272
NC_011593.1:2598858-2601929	NB551033:107:HTJKNBGX7:1:21311:17070:19535#0/2	99.329	149	1	0	2188	2336	149	1	4.74e-70	270
NC_011593.1:2598858-2601929	NB551033:107:HTJKNBGX7:4:11412:19618:5986#0/2	98.675	151	2	0	1048	1198	151	1	1.70e-69	268
NC_011593.1:2598858-2601929	NB551033:107:HTJKNBGX7:1:21110:11055:3777#0/2	98.675	151	2	0	1886	2036	1	151	1.70e-69	268
NC_011593.1:2598858-2601929	NB551033:107:HTJKNBGX7:3:12604:5890:10372#0/1	98.675	151	2	0	974	1124	1	151	1.70e-69	268
NC_011593.1:2598858-2601929	NB551033:107:HTJKNBGX7:3:12604:5890:10372#0/2	98.667	150	2	0	1005	1154	150	1	6.13e-69	267
NC_011593.1:2598858-2601929	NB551033:107:HTJKNBGX7:4:11412:19618:5986#0/1	98.667	150	2	0	1017	1166	1	150	6.13e-69	267
NC_011593.1:2598858-2601929	NB551033:107:HTJKNBGX7:3:12602:3028:6489#0/1	98.667	150	2	0	2817	2966	1	150	6.13e-69	267
NC_011593.1:2598858-2601929	NB551033:107:HTJKNBGX7:1:21110:11055:3777#0/1	98.667	150	2	0	2142	2291	150	1	6.13e-69	267
NC_011593.1:2598858-2601929	NB551033:107:HTJKNBGX7:4:21410:17328:19057#0/2	98.658	149	2	0	2295	2443	1	149	2.20e-68	265
NC_011593.1:2598858-2601929	NB551033:107:HTJKNBGX7:3:13606:6971:16487#0/1	98.658	149	2	0	2529	2677	1	149	2.20e-68	265
NC_011593.1:2598858-2601929	NB551033:107:HTJKNBGX7:3:13504:18456:8993#0/1	99.315	146	1	0	1726	1871	146	1	2.20e-68	265
NC_011593.1:2598858-2601929	NB551033:107:HTJKNBGX7:2:12107:3987:1512#0/1	98.658	149	2	0	2883	3031	1	149	2.20e-68	265
NC_011593.1:2598858-2601929	NB551033:107:HTJKNBGX7:1:22205:12611:16253#0/1	100.000	143	0	0	898	1040	143	1	2.20e-68	265
NC_011593.1:2598858-2601929	NB551033:107:HTJKNBGX7:1:21211:3793:15585#0/1	98.658	149	2	0	659	807	149	1	2.20e-68	265
NC_011593.1:2598858-2601929	NB551033:107:HTJKNBGX7:4:13607:17534:9696#0/2	98.013	151	3	0	1295	1445	151	1	7.93e-68	263
NC_011593.1:2598858-2601929	NB551033:107:HTJKNBGX7:4:11403:9641:19296#0/2	98.013	151	3	0	1427	1577	151	1	7.93e-68	263
NC_011593.1:2598858-2601929	NB551033:107:HTJKNBGX7:3:21503:3953:7994#0/2	98.013	151	3	0	2347	2497	151	1	7.93e-68	263
NC_011593.1:2598858-2601929	NB551033:107:HTJKNBGX7:1:21103:15164:14016#0/2	98.013	151	3	0	2566	2716	151	1	7.93e-68	263
NC_011593.1:2598858-2601929	NB551033:107:HTJKNBGX7:4:21410:17328:19057#0/1	98.013	151	3	0	2316	2466	151	1	7.93e-68	263
NC_011593.1:2598858-2601929	NB551033:107:HTJKNBGX7:3:13603:10157:16115#0/1	98.649	148	2	0	651	798	1	148	7.93e-68	263
NC_011593.1:2598858-2601929	NB551033:107:HTJKNBGX7:3:13603:10157:16115#0/2	98.000	150	3	0	739	888	150	1	2.85e-67	261
NC_011593.1:2598858-2601929	NB551033:107:HTJKNBGX7:2:23208:10161:5003#0/2	98.000	150	3	0	2334	2483	150	1	2.85e-67	261
NC_011593.1:2598858-2601929	NB551033:107:HTJKNBGX7:1:23103:21868:13895#0/2	98.639	147	2	0	2910	3056	1	147	2.85e-67	261
NC_011593.1:2598858-2601929	NB551033:107:HTJKNBGX7:1:21211:3793:15585#0/2	98.000	150	3	0	651	800	1	150	2.85e-67	261
NC_011593.1:2598858-2601929	NB551033:107:HTJKNBGX7:4:21603:18102:16620#0/1	98.000	150	3	0	2819	2968	150	1	2.85e-67	261
NC_011593.1:2598858-2601929	NB551033:107:HTJKNBGX7:1:13207:11673:16055#0/1	98.000	150	3	0	2317	2466	150	1	2.85e-67	261
NC_011593.1:2598858-2601929	NB551033:107:HTJKNBGX7:1:12201:9251:19681#0/1	98.000	150	3	0	877	1026	150	1	2.85e-67	261
NC_011593.1:2598858-2601929	NB551033:107:HTJKNBGX7:4:12609:24425:13871#0/2	99.301	143	1	0	952	1094	143	1	1.03e-66	259
NC_011593.1:2598858-2601929	NB551033:107:HTJKNBGX7:4:11403:9641:19296#0/1	97.987	149	3	0	1364	1512	1	149	1.03e-66	259
NC_011593.1:2598858-2601929	NB551033:107:HTJKNBGX7:3:21503:3953:7994#0/1	97.987	149	3	0	2323	2471	1	149	1.03e-66	259
NC_011593.1:2598858-2601929	NB551033:107:HTJKNBGX7:2:23208:10161:5003#0/1	97.351	151	4	0	2263	2413	1	151	3.69e-66	257
NC_011593.1:2598858-2601929	NB551033:107:HTJKNBGX7:3:13606:6971:16487#0/2	97.333	150	4	0	2612	2761	150	1	1.33e-65	255
NC_011593.1:2598858-2601929	NB551033:107:HTJKNBGX7:2:22211:7721:2635#0/2	97.333	150	4	0	868	1017	150	1	1.33e-65	255
NC_011593.1:2598858-2601929	NB551033:107:HTJKNBGX7:1:13207:11673:16055#0/2	97.333	150	4	0	2295	2444	1	150	1.33e-65	255
NC_011593.1:2598858-2601929	NB551033:107:HTJKNBGX7:4:13607:17534:9696#0/1	97.333	150	4	0	1155	1304	1	150	1.33e-65	255
NC_011593.1:2598858-2601929	NB551033:107:HTJKNBGX7:1:12201:9251:19681#0/2	96.689	151	5	0	826	976	1	151	1.72e-64	252
NC_011593.1:2598858-2601929	NB551033:107:HTJKNBGX7:2:12312:18841:6896#0/2	96.667	150	5	0	2605	2754	1	150	6.17e-64	250
NC_011593.1:2598858-2601929	NB551033:107:HTJKNBGX7:2:21209:1712:9765#0/1	96.667	150	5	0	242	391	150	1	6.17e-64	250
NC_011593.1:2598858-2601929	NB551033:107:HTJKNBGX7:2:12312:18841:6896#0/1	96.667	150	5	0	2636	2785	150	1	6.17e-64	250
NC_011593.1:2598858-2601929	NB551033:107:HTJKNBGX7:1:23103:21868:13895#0/1	97.917	144	3	0	2929	3072	151	8	6.17e-64	250
NC_011593.1:2598858-2601929	NB551033:107:HTJKNBGX7:2:22211:7721:2635#0/1	96.644	149	5	0	810	958	1	149	2.22e-63	248
NC_011593.1:2598858-2601929	NB551033:107:HTJKNBGX7:4:23407:2831:17260#0/2	98.561	139	2	0	1251	1389	1	139	7.99e-63	246
NC_011593.1:2598858-2601929	NB551033:107:HTJKNBGX7:3:12606:11739:19820#0/2	98.561	139	2	0	1251	1389	1	139	7.99e-63	246
NC_011593.1:2598858-2601929	NB551033:107:HTJKNBGX7:4:23407:2831:17260#0/1	98.551	138	2	0	1252	1389	138	1	2.87e-62	244
NC_011593.1:2598858-2601929	NB551033:107:HTJKNBGX7:4:13605:2921:14232#0/1	96.000	150	6	0	505	654	150	1	2.87e-62	244
NC_011593.1:2598858-2601929	NB551033:107:HTJKNBGX7:3:23402:8563:10763#0/1	98.551	138	2	0	2905	3042	1	138	2.87e-62	244
NC_011593.1:2598858-2601929	NB551033:107:HTJKNBGX7:2:13204:21798:12230#0/2	100.000	129	0	0	1722	1850	129	1	1.34e-60	239
NC_011593.1:2598858-2601929	NB551033:107:HTJKNBGX7:2:12107:3987:1512#0/2	97.826	138	3	0	2935	3072	150	13	1.34e-60	239
NC_011593.1:2598858-2601929	NB551033:107:HTJKNBGX7:1:13209:7070:19585#0/2	99.242	132	1	0	2173	2304	1	132	1.34e-60	239
NC_011593.1:2598858-2601929	NB551033:107:HTJKNBGX7:1:12303:1746:8062#0/2	97.163	141	4	0	2645	2785	141	1	1.34e-60	239
NC_011593.1:2598858-2601929	NB551033:107:HTJKNBGX7:1:23301:6872:4728#0/1	97.143	140	4	0	2646	2785	140	1	4.81e-60	237
NC_011593.1:2598858-2601929	NB551033:107:HTJKNBGX7:4:12404:14879:19330#0/2	98.485	132	2	0	2870	3001	1	132	6.22e-59	233
NC_011593.1:2598858-2601929	NB551033:107:HTJKNBGX7:4:12404:14879:19330#0/1	98.485	132	2	0	2870	3001	132	1	6.22e-59	233
NC_011593.1:2598858-2601929	NB551033:107:HTJKNBGX7:4:13408:25417:1096#0/2	98.473	131	2	0	2830	2960	1	131	2.24e-58	231
NC_011593.1:2598858-2601929	NB551033:107:HTJKNBGX7:4:13503:5313:18003#0/1	97.744	133	3	0	1459	1591	1	133	8.04e-58	230
NC_011593.1:2598858-2601929	NB551033:107:HTJKNBGX7:3:12602:3028:6489#0/2	98.450	129	2	0	2868	2996	129	1	2.89e-57	228
NC_011593.1:2598858-2601929	NB551033:107:HTJKNBGX7:3:12606:11739:19820#0/1	98.450	129	2	0	1261	1389	129	1	2.89e-57	228
NC_011593.1:2598858-2601929	NB551033:107:HTJKNBGX7:4:22506:1721:15420#0/2	99.200	125	1	0	1830	1954	1	125	1.04e-56	226
NC_011593.1:2598858-2601929	NB551033:107:HTJKNBGX7:4:13408:25417:1096#0/1	97.656	128	3	0	2945	3072	151	24	4.84e-55	220
NC_011593.1:2598858-2601929	NB551033:107:HTJKNBGX7:1:22101:9377:10361#0/2	96.899	129	4	0	2944	3072	150	22	6.26e-54	217
NC_011593.1:2598858-2601929	NB551033:107:HTJKNBGX7:1:23203:14597:19969#0/1	97.619	126	3	0	2713	2838	126	1	6.26e-54	217
NC_011593.1:2598858-2601929	NB551033:107:HTJKNBGX7:1:23304:6335:7652#0/2	100.000	115	0	0	364	478	115	1	8.10e-53	213
NC_011593.1:2598858-2601929	NB551033:107:HTJKNBGX7:3:22407:24133:5947#0/2	98.333	120	2	0	81	200	1	120	2.91e-52	211
NC_011593.1:2598858-2601929	NB551033:107:HTJKNBGX7:4:23402:14549:8035#0/2	100.000	109	0	0	341	449	109	1	1.75e-49	202
NC_011593.1:2598858-2601929	NB551033:107:HTJKNBGX7:4:13605:2921:14232#0/2	95.276	127	6	0	486	612	1	127	1.75e-49	202
NC_011593.1:2598858-2601929	NB551033:107:HTJKNBGX7:4:23402:14549:8035#0/1	100.000	109	0	0	341	449	1	109	1.75e-49	202
NC_011593.1:2598858-2601929	NB551033:107:HTJKNBGX7:4:13503:5313:18003#0/2	96.667	120	4	0	1480	1599	120	1	6.31e-49	200
NC_011593.1:2598858-2601929	NB551033:107:HTJKNBGX7:3:23402:8563:10763#0/2	99.099	111	1	0	2932	3042	111	1	6.31e-49	200
NC_011593.1:2598858-2601929	NB551033:107:HTJKNBGX7:1:11304:4498:10324#0/2	98.246	114	2	0	2613	2726	114	1	6.31e-49	200
NC_011593.1:2598858-2601929	NB551033:107:HTJKNBGX7:2:21204:17697:16108#0/1	98.246	114	2	0	705	818	1	114	6.31e-49	200
NC_011593.1:2598858-2601929	NB551033:107:HTJKNBGX7:4:13608:6985:1977#0/2	97.414	116	3	0	2957	3072	149	34	2.27e-48	198
NC_011593.1:2598858-2601929	NB551033:107:HTJKNBGX7:4:23608:13151:11919#0/1	95.902	122	5	0	464	585	1	122	2.27e-48	198
NC_011593.1:2598858-2601929	NB551033:107:HTJKNBGX7:4:13608:6985:1977#0/1	97.414	116	3	0	2957	3072	1	116	2.27e-48	198
NC_011593.1:2598858-2601929	NB551033:107:HTJKNBGX7:1:11304:4498:10324#0/1	99.091	110	1	0	2613	2722	1	110	2.27e-48	198
NC_011593.1:2598858-2601929	NB551033:107:HTJKNBGX7:1:23203:14597:19969#0/2	96.552	116	4	0	2635	2750	1	116	1.06e-46	193
NC_011593.1:2598858-2601929	NB551033:107:HTJKNBGX7:1:21311:17070:19535#0/1	98.165	109	2	0	2147	2255	1	109	3.80e-46	191
NC_011593.1:2598858-2601929	NB551033:107:HTJKNBGX7:1:22101:9377:10361#0/1	98.131	107	2	0	2843	2949	1	107	4.91e-45	187
NC_011593.1:2598858-2601929	NB551033:107:HTJKNBGX7:1:21309:9581:4607#0/2	98.113	106	2	0	1190	1295	106	1	1.77e-44	185
NC_011593.1:2598858-2601929	NB551033:107:HTJKNBGX7:1:21309:9581:4607#0/1	98.113	106	2	0	1190	1295	1	106	1.77e-44	185
NC_011593.1:2598858-2601929	NB551033:107:HTJKNBGX7:4:22506:15106:18299#0/2	98.058	103	2	0	2877	2979	1	103	8.22e-43	180
NC_011593.1:2598858-2601929	NB551033:107:HTJKNBGX7:2:23307:2322:12460#0/2	97.170	106	3	0	1461	1566	106	1	8.22e-43	180
NC_011593.1:2598858-2601929	NB551033:107:HTJKNBGX7:2:12205:17460:2056#0/2	99.000	100	1	0	1860	1959	100	1	8.22e-43	180
NC_011593.1:2598858-2601929	NB551033:107:HTJKNBGX7:1:21209:12795:17199#0/2	99.000	100	1	0	1425	1524	100	1	8.22e-43	180
NC_011593.1:2598858-2601929	NB551033:107:HTJKNBGX7:2:23307:2322:12460#0/1	97.170	106	3	0	1461	1566	1	106	8.22e-43	180
NC_011593.1:2598858-2601929	NB551033:107:HTJKNBGX7:2:12205:17460:2056#0/1	99.000	100	1	0	1860	1959	1	100	8.22e-43	180
NC_011593.1:2598858-2601929	NB551033:107:HTJKNBGX7:1:21209:12795:17199#0/1	99.000	100	1	0	1425	1524	1	100	8.22e-43	180
NC_011593.1:2598858-2601929	NB551033:107:HTJKNBGX7:4:13508:26073:7137#0/2	98.039	102	2	0	1381	1482	1	102	2.95e-42	178
NC_011593.1:2598858-2601929	NB551033:107:HTJKNBGX7:1:23304:6335:7652#0/1	100.000	96	0	0	364	459	2	97	2.95e-42	178
NC_011593.1:2598858-2601929	NB551033:107:HTJKNBGX7:2:22309:6710:7436#0/2	98.020	101	2	0	690	790	1	101	1.06e-41	176
NC_011593.1:2598858-2601929	NB551033:107:HTJKNBGX7:1:21110:15707:17675#0/2	100.000	95	0	0	424	518	96	2	1.06e-41	176
NC_011593.1:2598858-2601929	NB551033:107:HTJKNBGX7:1:13310:3943:11956#0/2	98.980	98	1	0	1403	1500	1	98	1.06e-41	176
NC_011593.1:2598858-2601929	NB551033:107:HTJKNBGX7:3:13501:3191:1551#0/1	97.115	104	3	0	91	194	1	104	1.06e-41	176
NC_011593.1:2598858-2601929	NB551033:107:HTJKNBGX7:1:21110:15707:17675#0/1	100.000	95	0	0	424	518	1	95	1.06e-41	176
NC_011593.1:2598858-2601929	NB551033:107:HTJKNBGX7:1:13310:3943:11956#0/1	98.980	98	1	0	1403	1500	98	1	1.06e-41	176
NC_011593.1:2598858-2601929	NB551033:107:HTJKNBGX7:4:13508:26073:7137#0/1	98.000	100	2	0	1383	1482	100	1	3.82e-41	174
NC_011593.1:2598858-2601929	NB551033:107:HTJKNBGX7:2:13204:21798:12230#0/1	100.000	94	0	0	1566	1659	1	94	3.82e-41	174
NC_011593.1:2598858-2601929	NB551033:107:HTJKNBGX7:1:13207:4047:8508#0/2	100.000	92	0	0	245	336	92	1	4.94e-40	171
NC_011593.1:2598858-2601929	NB551033:107:HTJKNBGX7:1:13209:7070:19585#0/1	98.947	95	1	0	2210	2304	95	1	4.94e-40	171
NC_011593.1:2598858-2601929	NB551033:107:HTJKNBGX7:3:12606:11744:10329#0/2	100.000	90	0	0	270	359	1	90	6.40e-39	167
NC_011593.1:2598858-2601929	NB551033:107:HTJKNBGX7:3:12606:11744:10329#0/1	100.000	90	0	0	270	359	90	1	6.40e-39	167
NC_011593.1:2598858-2601929	NB551033:107:HTJKNBGX7:3:13501:3191:1551#0/2	96.040	101	4	0	327	427	101	1	2.30e-38	165
NC_011593.1:2598858-2601929	NB551033:107:HTJKNBGX7:4:23603:9626:1779#0/2	97.872	94	2	0	2513	2606	1	94	8.27e-38	163
NC_011593.1:2598858-2601929	NB551033:107:HTJKNBGX7:4:23412:18673:6138#0/2	98.889	90	1	0	2288	2377	1	90	2.98e-37	161
NC_011593.1:2598858-2601929	NB551033:107:HTJKNBGX7:3:22607:19887:13146#0/2	98.889	90	1	0	143	232	1	90	2.98e-37	161
NC_011593.1:2598858-2601929	NB551033:107:HTJKNBGX7:4:23412:18673:6138#0/1	98.889	90	1	0	2288	2377	90	1	2.98e-37	161
NC_011593.1:2598858-2601929	NB551033:107:HTJKNBGX7:4:23608:13151:11919#0/2	95.000	100	5	0	504	603	100	1	3.85e-36	158
NC_011593.1:2598858-2601929	NB551033:107:HTJKNBGX7:2:13303:7930:16937#0/2	97.802	91	2	0	1214	1304	92	2	3.85e-36	158
NC_011593.1:2598858-2601929	NB551033:107:HTJKNBGX7:2:13303:7930:16937#0/1	97.802	91	2	0	1214	1304	1	91	3.85e-36	158
NC_011593.1:2598858-2601929	NB551033:107:HTJKNBGX7:2:23207:2894:2556#0/2	97.753	89	2	0	2570	2658	89	1	4.98e-35	154
NC_011593.1:2598858-2601929	NB551033:107:HTJKNBGX7:2:11203:3917:15255#0/2	98.837	86	1	0	332	417	1	86	4.98e-35	154
NC_011593.1:2598858-2601929	NB551033:107:HTJKNBGX7:2:23207:2894:2556#0/1	97.753	89	2	0	2570	2658	1	89	4.98e-35	154
NC_011593.1:2598858-2601929	NB551033:107:HTJKNBGX7:2:11203:3917:15255#0/1	98.837	86	1	0	332	417	86	1	4.98e-35	154
NC_011593.1:2598858-2601929	NB551033:107:HTJKNBGX7:1:22110:14093:19323#0/1	100.000	83	0	0	427	509	1	83	4.98e-35	154
NC_011593.1:2598858-2601929	NB551033:107:HTJKNBGX7:3:13504:18456:8993#0/2	97.701	87	2	0	1726	1812	1	87	6.44e-34	150
NC_011593.1:2598858-2601929	NB551033:107:HTJKNBGX7:1:22205:12611:16253#0/2	96.667	90	3	0	742	831	1	90	6.44e-34	150
NC_011593.1:2598858-2601929	NB551033:107:HTJKNBGX7:4:22506:1721:15420#0/1	100.000	81	0	0	1909	1989	81	1	6.44e-34	150
NC_011593.1:2598858-2601929	NB551033:107:HTJKNBGX7:4:12609:24425:13871#0/1	97.701	87	2	0	799	885	1	87	6.44e-34	150
NC_011593.1:2598858-2601929	NB551033:107:HTJKNBGX7:2:12203:15790:2431#0/2	97.674	86	2	0	2833	2918	86	1	2.32e-33	148
NC_011593.1:2598858-2601929	NB551033:107:HTJKNBGX7:1:23301:6872:4728#0/2	97.674	86	2	0	2645	2730	1	86	2.32e-33	148
NC_011593.1:2598858-2601929	NB551033:107:HTJKNBGX7:4:21408:20592:1959#0/2	97.647	85	2	0	2881	2965	1	85	8.33e-33	147
NC_011593.1:2598858-2601929	NB551033:107:HTJKNBGX7:4:21408:20592:1959#0/1	98.780	82	1	0	2894	2975	82	1	8.33e-33	147
NC_011593.1:2598858-2601929	NB551033:107:HTJKNBGX7:3:22407:24133:5947#0/1	98.750	80	1	0	121	200	80	1	1.08e-31	143
NC_011593.1:2598858-2601929	NB551033:107:HTJKNBGX7:4:22506:15106:18299#0/1	97.531	81	2	0	2899	2979	81	1	1.39e-30	139
NC_011593.1:2598858-2601929	NB551033:107:HTJKNBGX7:1:12303:1746:8062#0/1	98.718	78	1	0	2645	2722	1	78	1.39e-30	139
NC_011593.1:2598858-2601929	NB551033:107:HTJKNBGX7:3:21409:10818:1031#0/2	96.341	82	3	0	448	529	82	1	1.80e-29	135
NC_011593.1:2598858-2601929	NB551033:107:HTJKNBGX7:1:13107:15147:6773#0/2	100.000	73	0	0	2408	2480	1	73	1.80e-29	135
NC_011593.1:2598858-2601929	NB551033:107:HTJKNBGX7:2:12203:15790:2431#0/1	98.684	76	1	0	2817	2892	1	76	1.80e-29	135
NC_011593.1:2598858-2601929	NB551033:107:HTJKNBGX7:1:13107:15147:6773#0/1	100.000	73	0	0	2408	2480	73	1	1.80e-29	135
NC_011593.1:2598858-2601929	NB551033:107:HTJKNBGX7:4:21503:14175:16949#0/2	98.667	75	1	0	2513	2587	75	1	6.49e-29	134
NC_011593.1:2598858-2601929	NB551033:107:HTJKNBGX7:2:23307:15361:17671#0/2	98.667	75	1	0	1835	1909	1	75	6.49e-29	134
NC_011593.1:2598858-2601929	NB551033:107:HTJKNBGX7:4:21503:14175:16949#0/1	98.667	75	1	0	2513	2587	1	75	6.49e-29	134
NC_011593.1:2598858-2601929	NB551033:107:HTJKNBGX7:3:23505:7490:9907#0/1	98.667	75	1	0	2967	3041	1	75	6.49e-29	134
NC_011593.1:2598858-2601929	NB551033:107:HTJKNBGX7:2:23307:15361:17671#0/1	98.667	75	1	0	1835	1909	75	1	6.49e-29	134
NC_011593.1:2598858-2601929	NB551033:107:HTJKNBGX7:1:13210:19690:1319#0/2	98.630	73	1	0	2967	3039	73	1	8.39e-28	130
NC_011593.1:2598858-2601929	NB551033:107:HTJKNBGX7:1:13210:19690:1319#0/1	98.630	73	1	0	2967	3039	1	73	8.39e-28	130
NC_011593.1:2598858-2601929	NB551033:107:HTJKNBGX7:4:23603:9626:1779#0/1	97.333	75	2	0	2532	2606	75	1	3.02e-27	128
NC_011593.1:2598858-2601929	NB551033:107:HTJKNBGX7:2:22309:6710:7436#0/1	97.297	74	2	0	819	892	77	4	1.09e-26	126
NC_011593.1:2598858-2601929	NB551033:107:HTJKNBGX7:3:21409:10818:1031#0/1	98.529	68	1	0	1	68	15	82	5.05e-25	121
NC_011593.1:2598858-2601929	NB551033:107:HTJKNBGX7:2:13112:12946:16785#0/1	98.529	68	1	0	1	68	68	1	5.05e-25	121
NC_011593.1:2598858-2601929	NB551033:107:HTJKNBGX7:1:11311:20808:17524#0/1	97.059	68	2	0	1	68	68	1	2.35e-23	115
NC_011593.1:2598858-2601929	NB551033:107:HTJKNBGX7:2:22207:3943:6954#0/1	96.667	60	2	0	3013	3072	1	60	6.58e-19	100
NC_011593.1:2598858-2601929	NB551033:107:HTJKNBGX7:2:22207:3943:6954#0/2	95.000	60	3	0	3013	3072	97	38	3.06e-17	95.3
NC_011593.1:2598858-2601929	NB551033:107:HTJKNBGX7:3:11608:9978:14325#0/2	100.000	28	0	0	1028	1055	28	1	1.87e-04	52.8
NC_011593.1:2598858-2601929	NB551033:107:HTJKNBGX7:3:11608:9978:14325#0/1	100.000	28	0	0	1028	1055	120	147	1.87e-04	52.8
NC_011593.1:2598858-2601929	NB551033:107:HTJKNBGX7:2:13312:4322:4793#0/1	100.000	28	0	0	1028	1055	28	1	1.87e-04	52.8
# BLASTN 2.9.0+
# Query: NC_011593.1:c2604454-2602106 Bifidobacterium longum subsp. infantis ATCC 15697, complete genome
# Database: db/blast_C0337-3E-1A_S53.faa
# 0 hits found
# BLASTN 2.9.0+
# Query: NC_011593.1:c2605922-2604486 Bifidobacterium longum subsp. infantis ATCC 15697, complete genome
# Database: db/blast_C0337-3E-1A_S53.faa
# 0 hits found
# BLASTN 2.9.0+
# Query: NC_011593.1:c2606381-2605944 Bifidobacterium longum subsp. infantis ATCC 15697, complete genome
# Database: db/blast_C0337-3E-1A_S53.faa
# 0 hits found
# BLASTN 2.9.0+
# Query: NC_011593.1:c2607314-2606418 Bifidobacterium longum subsp. infantis ATCC 15697, complete genome
# Database: db/blast_C0337-3E-1A_S53.faa
# 0 hits found
# BLASTN 2.9.0+
# Query: NC_011593.1:c2608249-2607458 Bifidobacterium longum subsp. infantis ATCC 15697, complete genome
# Database: db/blast_C0337-3E-1A_S53.faa
# 0 hits found
# BLASTN 2.9.0+
# Query: NC_011593.1:c2609546-2608269 Bifidobacterium longum subsp. infantis ATCC 15697, complete genome
# Database: db/blast_C0337-3E-1A_S53.faa
# Fields: query acc.ver, subject acc.ver, % identity, alignment length, mismatches, gap opens, q. start, q. end, s. start, s. end, evalue, bit score
# 1 hits found
NC_011593.1:c2609546-2608269	NB551033:107:HTJKNBGX7:2:22312:14255:8984#0/1	97.674	43	1	0	302	344	1	43	1.66e-11	75.0
# BLASTN 2.9.0+
# Query: NC_011593.1:c2610356-2609697 Bifidobacterium longum subsp. infantis ATCC 15697, complete genome
# Database: db/blast_C0337-3E-1A_S53.faa
# 0 hits found
# BLASTN 2.9.0+
# Query: NC_011593.1:c2611458-2610496 Bifidobacterium longum subsp. infantis ATCC 15697, complete genome
# Database: db/blast_C0337-3E-1A_S53.faa
# 0 hits found
# BLASTN 2.9.0+
# Query: NC_011593.1:c2612430-2611477 Bifidobacterium longum subsp. infantis ATCC 15697, complete genome
# Database: db/blast_C0337-3E-1A_S53.faa
# 0 hits found
# BLASTN 2.9.0+
# Query: NC_011593.1:c2614109-2612517 Bifidobacterium longum subsp. infantis ATCC 15697, complete genome
# Database: db/blast_C0337-3E-1A_S53.faa
# 0 hits found
# BLASTN 2.9.0+
# Query: NC_011593.1:c2615274-2614312 Bifidobacterium longum subsp. infantis ATCC 15697, complete genome
# Database: db/blast_C0337-3E-1A_S53.faa
# 0 hits found
# BLASTN 2.9.0+
# Query: NC_011593.1:c2616246-2615293 Bifidobacterium longum subsp. infantis ATCC 15697, complete genome
# Database: db/blast_C0337-3E-1A_S53.faa
# 0 hits found
# BLASTN 2.9.0+
# Query: NC_011593.1:c2617928-2616333 Bifidobacterium longum subsp. infantis ATCC 15697, complete genome
# Database: db/blast_C0337-3E-1A_S53.faa
# 0 hits found
# BLASTN 2.9.0+
# Query: NC_011593.1:c2619247-2618063 Bifidobacterium longum subsp. infantis ATCC 15697, complete genome
# Database: db/blast_C0337-3E-1A_S53.faa
# 0 hits found
# BLASTN 2.9.0+
# Query: NC_011593.1:c2620369-2619413 Bifidobacterium longum subsp. infantis ATCC 15697, complete genome
# Database: db/blast_C0337-3E-1A_S53.faa
# 0 hits found
# BLASTN 2.9.0+
# Query: NC_011593.1:c2622143-2620551 Bifidobacterium longum subsp. infantis ATCC 15697, complete genome
# Database: db/blast_C0337-3E-1A_S53.faa
# 0 hits found
# BLASTN 2.9.0+
# Query: NC_011593.1:c2624124-2622520 Bifidobacterium longum subsp. infantis ATCC 15697, complete genome
# Database: db/blast_C0337-3E-1A_S53.faa
# 0 hits found
# BLASTN 2.9.0+
# Query: NC_011593.1:c2626110-2624512 Bifidobacterium longum subsp. infantis ATCC 15697, complete genome
# Database: db/blast_C0337-3E-1A_S53.faa
# 0 hits found
# BLASTN 2.9.0+
# Query: NC_011593.1:c2626386-2626264 Bifidobacterium longum subsp. infantis ATCC 15697, complete genome
# Database: db/blast_C0337-3E-1A_S53.faa
# 0 hits found
# BLASTN 2.9.0+
# Query: NC_011593.1:c2628158-2626563 Bifidobacterium longum subsp. infantis ATCC 15697, complete genome
# Database: db/blast_C0337-3E-1A_S53.faa
# 0 hits found
# BLASTN 2.9.0+
# Query: NC_011593.1:c2630269-2628314 Bifidobacterium longum subsp. infantis ATCC 15697, complete genome
# Database: db/blast_C0337-3E-1A_S53.faa
# 0 hits found
# BLASTN 2.9.0+
# Query: NC_011593.1:c2631106-2630366 Bifidobacterium longum subsp. infantis ATCC 15697, complete genome
# Database: db/blast_C0337-3E-1A_S53.faa
# 0 hits found
# BLASTN 2.9.0+
# Query: NC_011593.1:c2632432-2631140 Bifidobacterium longum subsp. infantis ATCC 15697, complete genome
# Database: db/blast_C0337-3E-1A_S53.faa
# 0 hits found
# BLASTN 2.9.0+
# Query: NC_011593.1:c2633881-2632562 Bifidobacterium longum subsp. infantis ATCC 15697, complete genome
# Database: db/blast_C0337-3E-1A_S53.faa
# 0 hits found
# BLASTN 2.9.0+
# Query: NC_011593.1:c2634683-2633865 Bifidobacterium longum subsp. infantis ATCC 15697, complete genome
# Database: db/blast_C0337-3E-1A_S53.faa
# 0 hits found
# BLASTN 2.9.0+
# Query: NC_011593.1:c2635627-2634680 Bifidobacterium longum subsp. infantis ATCC 15697, complete genome
# Database: db/blast_C0337-3E-1A_S53.faa
# 0 hits found
# BLASTN 2.9.0+
# Query: NC_011593.1:c2636747-2635629 Bifidobacterium longum subsp. infantis ATCC 15697, complete genome
# Database: db/blast_C0337-3E-1A_S53.faa
# 0 hits found
# BLAST processed 31 queries
