# BLASTN 2.9.0+
# Query: NC_011593.1:c2595355-2593832 Bifidobacterium longum subsp. infantis ATCC 15697, complete genome
# Database: db/blast_C0403-3E-1A_S22.faa
# Fields: query acc.ver, subject acc.ver, % identity, alignment length, mismatches, gap opens, q. start, q. end, s. start, s. end, evalue, bit score
# 95 hits found
NC_011593.1:c2595355-2593832	NB551033:91:H5W5HBGX7:3:11609:17785:14786#0/2	99.338	151	1	0	923	1073	1	151	2.95e-71	274
NC_011593.1:c2595355-2593832	NB551033:91:H5W5HBGX7:3:11609:17785:14786#0/1	99.338	151	1	0	993	1143	151	1	2.95e-71	274
NC_011593.1:c2595355-2593832	NB551033:91:H5W5HBGX7:2:13201:5741:10782#0/2	99.333	150	1	0	355	504	150	1	1.06e-70	272
NC_011593.1:c2595355-2593832	NB551033:91:H5W5HBGX7:4:12608:5486:20171#0/2	98.675	151	2	0	482	632	151	1	1.37e-69	268
NC_011593.1:c2595355-2593832	NB551033:91:H5W5HBGX7:1:13301:3112:16364#0/1	98.675	151	2	0	1004	1154	151	1	1.37e-69	268
NC_011593.1:c2595355-2593832	NB551033:91:H5W5HBGX7:1:11107:2149:13982#0/1	98.675	151	2	0	410	560	1	151	1.37e-69	268
NC_011593.1:c2595355-2593832	NB551033:91:H5W5HBGX7:4:13508:10610:18118#0/2	98.667	150	2	0	443	592	150	1	4.94e-69	267
NC_011593.1:c2595355-2593832	NB551033:91:H5W5HBGX7:4:22506:18574:15268#0/1	98.667	150	2	0	715	864	150	1	4.94e-69	267
NC_011593.1:c2595355-2593832	NB551033:91:H5W5HBGX7:3:22402:3181:9418#0/1	98.667	150	2	0	917	1066	150	1	4.94e-69	267
NC_011593.1:c2595355-2593832	NB551033:91:H5W5HBGX7:4:22506:18574:15268#0/2	98.649	148	2	0	384	531	1	148	6.38e-68	263
NC_011593.1:c2595355-2593832	NB551033:91:H5W5HBGX7:2:12309:5971:8524#0/2	98.013	151	3	0	1121	1271	151	1	6.38e-68	263
NC_011593.1:c2595355-2593832	NB551033:91:H5W5HBGX7:1:13201:20401:2488#0/2	98.013	151	3	0	344	494	151	1	6.38e-68	263
NC_011593.1:c2595355-2593832	NB551033:91:H5W5HBGX7:2:12105:7181:3941#0/1	98.013	151	3	0	1035	1185	1	151	6.38e-68	263
NC_011593.1:c2595355-2593832	NB551033:91:H5W5HBGX7:3:13601:15126:19477#0/2	98.000	150	3	0	1127	1276	1	150	2.30e-67	261
NC_011593.1:c2595355-2593832	NB551033:91:H5W5HBGX7:2:22210:11485:12320#0/2	98.000	150	3	0	1195	1344	1	150	2.30e-67	261
NC_011593.1:c2595355-2593832	NB551033:91:H5W5HBGX7:2:22111:11772:14513#0/2	98.000	150	3	0	556	705	1	150	2.30e-67	261
NC_011593.1:c2595355-2593832	NB551033:91:H5W5HBGX7:2:12105:7181:3941#0/2	98.000	150	3	0	1078	1227	150	1	2.30e-67	261
NC_011593.1:c2595355-2593832	NB551033:91:H5W5HBGX7:2:12110:11249:20114#0/1	98.000	150	3	0	786	935	1	150	2.30e-67	261
NC_011593.1:c2595355-2593832	NB551033:91:H5W5HBGX7:1:12306:13355:12583#0/2	97.987	149	3	0	115	263	150	2	8.26e-67	259
NC_011593.1:c2595355-2593832	NB551033:91:H5W5HBGX7:4:12401:11324:15237#0/2	97.351	151	4	0	1315	1465	151	1	2.97e-66	257
NC_011593.1:c2595355-2593832	NB551033:91:H5W5HBGX7:2:12110:11249:20114#0/2	97.351	151	4	0	855	1005	151	1	2.97e-66	257
NC_011593.1:c2595355-2593832	NB551033:91:H5W5HBGX7:4:12401:11324:15237#0/1	97.351	151	4	0	1311	1461	1	151	2.97e-66	257
NC_011593.1:c2595355-2593832	NB551033:91:H5W5HBGX7:3:21512:17671:16389#0/1	97.973	148	3	0	338	485	148	1	2.97e-66	257
NC_011593.1:c2595355-2593832	NB551033:91:H5W5HBGX7:3:22402:3181:9418#0/2	97.333	150	4	0	808	957	1	150	1.07e-65	255
NC_011593.1:c2595355-2593832	NB551033:91:H5W5HBGX7:1:23305:2160:5378#0/2	97.333	150	4	0	858	1007	150	1	1.07e-65	255
NC_011593.1:c2595355-2593832	NB551033:91:H5W5HBGX7:2:12311:5856:15125#0/1	97.333	150	4	0	126	275	150	1	1.07e-65	255
NC_011593.1:c2595355-2593832	NB551033:91:H5W5HBGX7:2:12309:5971:8524#0/1	97.333	150	4	0	1068	1217	1	150	1.07e-65	255
NC_011593.1:c2595355-2593832	NB551033:91:H5W5HBGX7:2:12107:4030:17896#0/2	96.689	151	5	0	69	219	151	1	1.38e-64	252
NC_011593.1:c2595355-2593832	NB551033:91:H5W5HBGX7:1:11107:2149:13982#0/2	96.689	151	5	0	580	730	151	1	1.38e-64	252
NC_011593.1:c2595355-2593832	NB551033:91:H5W5HBGX7:3:21406:18048:15961#0/1	96.689	151	5	0	707	857	151	1	1.38e-64	252
NC_011593.1:c2595355-2593832	NB551033:91:H5W5HBGX7:2:13201:5741:10782#0/1	96.667	150	5	0	159	308	1	150	4.97e-64	250
NC_011593.1:c2595355-2593832	NB551033:91:H5W5HBGX7:1:13201:20401:2488#0/1	96.667	150	5	0	323	472	1	150	4.97e-64	250
NC_011593.1:c2595355-2593832	NB551033:91:H5W5HBGX7:3:11502:19761:5767#0/1	96.644	149	5	0	670	818	149	1	1.79e-63	248
NC_011593.1:c2595355-2593832	NB551033:91:H5W5HBGX7:2:22210:11485:12320#0/1	97.260	146	4	0	1273	1418	148	3	1.79e-63	248
NC_011593.1:c2595355-2593832	NB551033:91:H5W5HBGX7:2:11311:7458:14396#0/2	96.026	151	6	0	272	422	151	1	6.43e-63	246
NC_011593.1:c2595355-2593832	NB551033:91:H5W5HBGX7:4:11506:25875:16605#0/1	96.026	151	6	0	291	441	151	1	6.43e-63	246
NC_011593.1:c2595355-2593832	NB551033:91:H5W5HBGX7:3:13601:15126:19477#0/1	97.241	145	4	0	1274	1418	147	3	6.43e-63	246
NC_011593.1:c2595355-2593832	NB551033:91:H5W5HBGX7:4:21506:18860:12964#0/2	96.000	150	6	0	642	791	150	1	2.31e-62	244
NC_011593.1:c2595355-2593832	NB551033:91:H5W5HBGX7:4:21403:18210:5088#0/2	96.000	150	6	0	267	416	1	150	2.31e-62	244
NC_011593.1:c2595355-2593832	NB551033:91:H5W5HBGX7:3:13503:24267:11574#0/2	96.599	147	5	0	190	336	1	147	2.31e-62	244
NC_011593.1:c2595355-2593832	NB551033:91:H5W5HBGX7:4:21604:14753:10601#0/1	97.222	144	4	0	52	195	144	1	2.31e-62	244
NC_011593.1:c2595355-2593832	NB551033:91:H5W5HBGX7:4:21506:18860:12964#0/1	96.000	150	6	0	631	780	1	150	2.31e-62	244
NC_011593.1:c2595355-2593832	NB551033:91:H5W5HBGX7:3:13503:24267:11574#0/1	96.000	150	6	0	288	437	150	1	2.31e-62	244
NC_011593.1:c2595355-2593832	NB551033:91:H5W5HBGX7:2:22212:1643:5220#0/1	96.000	150	6	0	627	776	150	1	2.31e-62	244
NC_011593.1:c2595355-2593832	NB551033:91:H5W5HBGX7:2:22111:11772:14513#0/1	96.599	147	5	0	670	816	147	1	2.31e-62	244
NC_011593.1:c2595355-2593832	NB551033:91:H5W5HBGX7:1:12304:6637:17912#0/2	97.203	143	4	0	1328	1470	1	143	8.32e-62	243
NC_011593.1:c2595355-2593832	NB551033:91:H5W5HBGX7:1:12211:16696:14129#0/2	97.203	143	4	0	1328	1470	1	143	8.32e-62	243
NC_011593.1:c2595355-2593832	NB551033:91:H5W5HBGX7:2:12311:5856:15125#0/2	96.552	145	5	0	52	196	6	150	2.99e-61	241
NC_011593.1:c2595355-2593832	NB551033:91:H5W5HBGX7:2:11110:10363:15772#0/2	95.946	148	6	0	265	412	148	1	2.99e-61	241
NC_011593.1:c2595355-2593832	NB551033:91:H5W5HBGX7:2:23310:26800:5032#0/1	96.552	145	5	0	52	196	6	150	2.99e-61	241
NC_011593.1:c2595355-2593832	NB551033:91:H5W5HBGX7:2:23309:1238:5021#0/1	96.552	145	5	0	52	196	6	150	2.99e-61	241
NC_011593.1:c2595355-2593832	NB551033:91:H5W5HBGX7:4:11506:25875:16605#0/2	95.333	150	7	0	258	407	1	150	1.08e-60	239
NC_011593.1:c2595355-2593832	NB551033:91:H5W5HBGX7:3:21406:18048:15961#0/2	95.918	147	6	0	671	817	1	147	1.08e-60	239
NC_011593.1:c2595355-2593832	NB551033:91:H5W5HBGX7:2:11311:7458:14396#0/1	95.333	150	7	0	36	185	1	150	1.08e-60	239
NC_011593.1:c2595355-2593832	NB551033:91:H5W5HBGX7:3:21512:17671:16389#0/2	95.270	148	7	0	249	396	1	148	1.39e-59	235
NC_011593.1:c2595355-2593832	NB551033:91:H5W5HBGX7:4:12608:5486:20171#0/1	99.206	126	1	0	407	532	1	126	2.33e-57	228
NC_011593.1:c2595355-2593832	NB551033:91:H5W5HBGX7:4:23508:26175:13150#0/2	96.970	132	4	0	1311	1442	1	132	1.08e-55	222
NC_011593.1:c2595355-2593832	NB551033:91:H5W5HBGX7:4:23508:26175:13150#0/1	96.212	132	5	0	1311	1442	132	1	5.04e-54	217
NC_011593.1:c2595355-2593832	NB551033:91:H5W5HBGX7:2:23310:26800:5032#0/2	95.455	132	6	0	211	342	132	1	2.35e-52	211
NC_011593.1:c2595355-2593832	NB551033:91:H5W5HBGX7:4:23510:8635:15330#0/2	96.800	125	4	0	155	279	125	1	8.44e-52	209
NC_011593.1:c2595355-2593832	NB551033:91:H5W5HBGX7:2:23309:1238:5021#0/2	95.935	123	5	0	220	342	123	1	5.08e-49	200
NC_011593.1:c2595355-2593832	NB551033:91:H5W5HBGX7:1:12211:16696:14129#0/1	97.436	117	3	0	1354	1470	151	35	5.08e-49	200
NC_011593.1:c2595355-2593832	NB551033:91:H5W5HBGX7:4:22410:10687:6715#0/2	97.414	116	3	0	64	179	1	116	1.83e-48	198
NC_011593.1:c2595355-2593832	NB551033:91:H5W5HBGX7:3:11605:15026:8069#0/2	97.368	114	3	0	99	212	114	1	2.36e-47	195
NC_011593.1:c2595355-2593832	NB551033:91:H5W5HBGX7:2:21109:12160:5984#0/2	99.074	108	1	0	425	532	108	1	2.36e-47	195
NC_011593.1:c2595355-2593832	NB551033:91:H5W5HBGX7:4:22410:10687:6715#0/1	97.368	114	3	0	582	695	114	1	2.36e-47	195
NC_011593.1:c2595355-2593832	NB551033:91:H5W5HBGX7:3:11605:15026:8069#0/1	98.198	111	2	0	99	209	1	111	2.36e-47	195
NC_011593.1:c2595355-2593832	NB551033:91:H5W5HBGX7:2:21109:12160:5984#0/1	99.074	108	1	0	425	532	1	108	2.36e-47	195
NC_011593.1:c2595355-2593832	NB551033:91:H5W5HBGX7:1:21101:17814:13997#0/2	95.798	119	5	0	272	390	1	119	8.50e-47	193
NC_011593.1:c2595355-2593832	NB551033:91:H5W5HBGX7:1:21101:17814:13997#0/1	95.798	119	5	0	272	390	119	1	8.50e-47	193
NC_011593.1:c2595355-2593832	NB551033:91:H5W5HBGX7:2:12306:3238:2669#0/1	96.460	113	4	0	1358	1470	1	113	3.95e-45	187
NC_011593.1:c2595355-2593832	NB551033:91:H5W5HBGX7:4:13508:10610:18118#0/1	95.614	114	5	0	267	380	1	114	5.11e-44	183
NC_011593.1:c2595355-2593832	NB551033:91:H5W5HBGX7:2:11310:14101:11354#0/2	95.536	112	5	0	316	427	112	1	6.61e-43	180
NC_011593.1:c2595355-2593832	NB551033:91:H5W5HBGX7:2:11310:14101:11354#0/1	95.536	112	5	0	316	427	1	112	6.61e-43	180
NC_011593.1:c2595355-2593832	NB551033:91:H5W5HBGX7:2:22212:1643:5220#0/2	97.143	105	3	0	502	606	1	105	2.38e-42	178
NC_011593.1:c2595355-2593832	NB551033:91:H5W5HBGX7:4:11511:6289:10545#0/2	97.115	104	3	0	705	808	1	104	8.56e-42	176
NC_011593.1:c2595355-2593832	NB551033:91:H5W5HBGX7:4:11511:6289:10545#0/1	97.115	104	3	0	705	808	104	1	8.56e-42	176
NC_011593.1:c2595355-2593832	NB551033:91:H5W5HBGX7:3:11502:19761:5767#0/2	98.969	97	1	0	389	485	1	97	3.08e-41	174
NC_011593.1:c2595355-2593832	NB551033:91:H5W5HBGX7:4:13609:9471:14470#0/1	98.969	97	1	0	942	1038	97	1	3.08e-41	174
NC_011593.1:c2595355-2593832	NB551033:91:H5W5HBGX7:1:22311:1398:7352#0/2	97.059	102	3	0	229	330	103	2	1.11e-40	172
NC_011593.1:c2595355-2593832	NB551033:91:H5W5HBGX7:1:22311:1398:7352#0/1	97.059	102	3	0	229	330	1	102	1.11e-40	172
NC_011593.1:c2595355-2593832	NB551033:91:H5W5HBGX7:4:21403:18210:5088#0/1	100.000	89	0	0	426	514	89	1	1.85e-38	165
NC_011593.1:c2595355-2593832	NB551033:91:H5W5HBGX7:1:23305:2160:5378#0/1	97.849	93	2	0	727	819	1	93	2.40e-37	161
NC_011593.1:c2595355-2593832	NB551033:91:H5W5HBGX7:4:21510:11128:3738#0/2	97.826	92	2	0	452	543	92	1	8.62e-37	159
NC_011593.1:c2595355-2593832	NB551033:91:H5W5HBGX7:4:21510:11128:3738#0/1	97.826	92	2	0	452	543	1	92	8.62e-37	159
NC_011593.1:c2595355-2593832	NB551033:91:H5W5HBGX7:1:13301:3112:16364#0/2	98.851	87	1	0	896	982	1	87	1.11e-35	156
NC_011593.1:c2595355-2593832	NB551033:91:H5W5HBGX7:3:13604:2147:5630#0/2	100.000	81	0	0	429	509	81	1	5.19e-34	150
NC_011593.1:c2595355-2593832	NB551033:91:H5W5HBGX7:1:22209:23704:10573#0/2	100.000	80	0	0	768	847	80	1	1.87e-33	148
NC_011593.1:c2595355-2593832	NB551033:91:H5W5HBGX7:1:22209:23704:10573#0/1	100.000	80	0	0	768	847	1	80	1.87e-33	148
NC_011593.1:c2595355-2593832	NB551033:91:H5W5HBGX7:4:13609:9471:14470#0/2	97.647	85	2	0	605	689	1	85	6.71e-33	147
NC_011593.1:c2595355-2593832	NB551033:91:H5W5HBGX7:3:13604:2147:5630#0/1	98.765	81	1	0	429	509	1	81	2.41e-32	145
NC_011593.1:c2595355-2593832	NB551033:91:H5W5HBGX7:2:23102:6744:2839#0/2	96.386	83	3	0	1087	1169	94	12	4.04e-30	137
NC_011593.1:c2595355-2593832	NB551033:91:H5W5HBGX7:2:23102:6744:2839#0/1	96.386	83	3	0	1087	1169	1	83	4.04e-30	137
NC_011593.1:c2595355-2593832	NB551033:91:H5W5HBGX7:4:12506:25411:15599#0/2	98.305	59	1	0	1412	1470	1	59	4.10e-20	104
NC_011593.1:c2595355-2593832	NB551033:91:H5W5HBGX7:4:12506:25411:15599#0/1	100.000	33	0	0	1438	1470	108	76	2.50e-07	62.1
# BLASTN 2.9.0+
# Query: NC_011593.1:c2597106-2595574 Bifidobacterium longum subsp. infantis ATCC 15697, complete genome
# Database: db/blast_C0403-3E-1A_S22.faa
# Fields: query acc.ver, subject acc.ver, % identity, alignment length, mismatches, gap opens, q. start, q. end, s. start, s. end, evalue, bit score
# 20 hits found
NC_011593.1:c2597106-2595574	NB551033:91:H5W5HBGX7:4:22506:18574:15268#0/2	95.205	146	7	0	386	531	3	148	1.81e-58	231
NC_011593.1:c2597106-2595574	NB551033:91:H5W5HBGX7:4:12608:5486:20171#0/1	96.825	126	4	0	407	532	1	126	2.36e-52	211
NC_011593.1:c2597106-2595574	NB551033:91:H5W5HBGX7:2:12305:6924:9109#0/1	95.833	120	5	0	1	120	120	1	2.38e-47	195
NC_011593.1:c2597106-2595574	NB551033:91:H5W5HBGX7:2:21109:12160:5984#0/2	96.296	108	4	0	425	532	108	1	2.39e-42	178
NC_011593.1:c2597106-2595574	NB551033:91:H5W5HBGX7:2:21109:12160:5984#0/1	96.296	108	4	0	425	532	1	108	2.39e-42	178
NC_011593.1:c2597106-2595574	NB551033:91:H5W5HBGX7:3:11502:19761:5767#0/2	96.907	97	3	0	389	485	1	97	6.70e-38	163
NC_011593.1:c2597106-2595574	NB551033:91:H5W5HBGX7:1:22311:1398:7352#0/2	95.098	102	5	0	229	330	103	2	2.41e-37	161
NC_011593.1:c2597106-2595574	NB551033:91:H5W5HBGX7:4:23510:8635:15330#0/1	95.098	102	5	0	1	102	47	148	2.41e-37	161
NC_011593.1:c2597106-2595574	NB551033:91:H5W5HBGX7:1:22311:1398:7352#0/1	95.098	102	5	0	229	330	1	102	2.41e-37	161
NC_011593.1:c2597106-2595574	NB551033:91:H5W5HBGX7:4:21403:18210:5088#0/1	97.753	89	2	0	426	514	89	1	4.03e-35	154
NC_011593.1:c2597106-2595574	NB551033:91:H5W5HBGX7:1:22112:26316:6192#0/2	95.652	92	4	0	1	92	92	1	1.88e-33	148
NC_011593.1:c2597106-2595574	NB551033:91:H5W5HBGX7:3:21501:7234:18841#0/2	98.765	81	1	0	1	81	87	7	2.43e-32	145
NC_011593.1:c2597106-2595574	NB551033:91:H5W5HBGX7:3:13604:2147:5630#0/2	98.765	81	1	0	429	509	81	1	2.43e-32	145
NC_011593.1:c2597106-2595574	NB551033:91:H5W5HBGX7:3:21501:7234:18841#0/1	98.765	81	1	0	1	81	45	125	2.43e-32	145
NC_011593.1:c2597106-2595574	NB551033:91:H5W5HBGX7:3:13604:2147:5630#0/1	97.531	81	2	0	429	509	1	81	1.13e-30	139
NC_011593.1:c2597106-2595574	NB551033:91:H5W5HBGX7:1:12306:13355:12583#0/1	100.000	71	0	0	1	71	32	102	1.89e-28	132
NC_011593.1:c2597106-2595574	NB551033:91:H5W5HBGX7:2:12107:4030:17896#0/1	100.000	62	0	0	1	62	89	150	1.90e-23	115
NC_011593.1:c2597106-2595574	NB551033:91:H5W5HBGX7:4:12506:25411:15599#0/2	98.305	59	1	0	1412	1470	1	59	4.12e-20	104
NC_011593.1:c2597106-2595574	NB551033:91:H5W5HBGX7:4:12506:25411:15599#0/1	100.000	33	0	0	1438	1470	108	76	2.51e-07	62.1
NC_011593.1:c2597106-2595574	NB551033:91:H5W5HBGX7:1:22112:26316:6192#0/1	100.000	32	0	0	1	32	119	150	9.05e-07	60.2
# BLASTN 2.9.0+
# Query: NC_011593.1:c2598562-2597207 Bifidobacterium longum subsp. infantis ATCC 15697, complete genome
# Database: db/blast_C0403-3E-1A_S22.faa
# 0 hits found
# BLASTN 2.9.0+
# Query: NC_011593.1:2598858-2601929 Bifidobacterium longum subsp. infantis ATCC 15697, complete genome
# Database: db/blast_C0403-3E-1A_S22.faa
# Fields: query acc.ver, subject acc.ver, % identity, alignment length, mismatches, gap opens, q. start, q. end, s. start, s. end, evalue, bit score
# 275 hits found
NC_011593.1:2598858-2601929	NB551033:91:H5W5HBGX7:4:21610:7867:1719#0/2	100.000	151	0	0	1710	1860	151	1	1.28e-72	279
NC_011593.1:2598858-2601929	NB551033:91:H5W5HBGX7:2:23310:12175:1490#0/2	100.000	151	0	0	1900	2050	1	151	1.28e-72	279
NC_011593.1:2598858-2601929	NB551033:91:H5W5HBGX7:1:22104:20969:17137#0/2	100.000	151	0	0	1640	1790	1	151	1.28e-72	279
NC_011593.1:2598858-2601929	NB551033:91:H5W5HBGX7:2:21312:8169:19725#0/1	100.000	151	0	0	198	348	1	151	1.28e-72	279
NC_011593.1:2598858-2601929	NB551033:91:H5W5HBGX7:1:22104:20969:17137#0/1	100.000	151	0	0	1721	1871	151	1	1.28e-72	279
NC_011593.1:2598858-2601929	NB551033:91:H5W5HBGX7:4:22610:5800:13088#0/1	100.000	150	0	0	176	325	150	1	4.59e-72	278
NC_011593.1:2598858-2601929	NB551033:91:H5W5HBGX7:4:21610:7867:1719#0/1	100.000	150	0	0	1569	1718	1	150	4.59e-72	278
NC_011593.1:2598858-2601929	NB551033:91:H5W5HBGX7:3:11611:4947:7751#0/1	100.000	150	0	0	2398	2547	150	1	4.59e-72	278
NC_011593.1:2598858-2601929	NB551033:91:H5W5HBGX7:2:22211:16838:3921#0/1	100.000	150	0	0	2389	2538	1	150	4.59e-72	278
NC_011593.1:2598858-2601929	NB551033:91:H5W5HBGX7:3:12404:14568:17358#0/2	100.000	149	0	0	1683	1831	1	149	1.65e-71	276
NC_011593.1:2598858-2601929	NB551033:91:H5W5HBGX7:1:22109:13162:11775#0/2	100.000	149	0	0	1920	2068	1	149	1.65e-71	276
NC_011593.1:2598858-2601929	NB551033:91:H5W5HBGX7:3:12607:20331:14150#0/1	100.000	149	0	0	1576	1724	149	1	1.65e-71	276
NC_011593.1:2598858-2601929	NB551033:91:H5W5HBGX7:2:11204:22377:15951#0/2	99.338	151	1	0	295	445	151	1	5.94e-71	274
NC_011593.1:2598858-2601929	NB551033:91:H5W5HBGX7:1:12104:9543:20026#0/2	99.338	151	1	0	128	278	151	1	5.94e-71	274
NC_011593.1:2598858-2601929	NB551033:91:H5W5HBGX7:4:21509:22715:8914#0/1	99.338	151	1	0	8	158	151	1	5.94e-71	274
NC_011593.1:2598858-2601929	NB551033:91:H5W5HBGX7:4:21506:17540:15146#0/1	99.338	151	1	0	2181	2331	151	1	5.94e-71	274
NC_011593.1:2598858-2601929	NB551033:91:H5W5HBGX7:2:23310:14523:10309#0/1	99.338	151	1	0	972	1122	151	1	5.94e-71	274
NC_011593.1:2598858-2601929	NB551033:91:H5W5HBGX7:2:21310:3869:8207#0/1	99.338	151	1	0	965	1115	151	1	5.94e-71	274
NC_011593.1:2598858-2601929	NB551033:91:H5W5HBGX7:2:21205:26425:8204#0/1	99.338	151	1	0	333	483	151	1	5.94e-71	274
NC_011593.1:2598858-2601929	NB551033:91:H5W5HBGX7:2:21106:24907:16856#0/1	99.338	151	1	0	1546	1696	151	1	5.94e-71	274
NC_011593.1:2598858-2601929	NB551033:91:H5W5HBGX7:2:11302:6950:12152#0/1	99.338	151	1	0	1787	1937	151	1	5.94e-71	274
NC_011593.1:2598858-2601929	NB551033:91:H5W5HBGX7:1:13304:1595:11144#0/1	99.338	151	1	0	152	302	151	1	5.94e-71	274
NC_011593.1:2598858-2601929	NB551033:91:H5W5HBGX7:3:22510:14093:18225#0/2	99.333	150	1	0	2192	2341	150	1	2.14e-70	272
NC_011593.1:2598858-2601929	NB551033:91:H5W5HBGX7:3:11503:22175:14116#0/2	99.333	150	1	0	1788	1937	1	150	2.14e-70	272
NC_011593.1:2598858-2601929	NB551033:91:H5W5HBGX7:2:23310:14523:10309#0/2	99.333	150	1	0	705	854	1	150	2.14e-70	272
NC_011593.1:2598858-2601929	NB551033:91:H5W5HBGX7:1:23108:19351:13341#0/2	99.333	150	1	0	1005	1154	150	1	2.14e-70	272
NC_011593.1:2598858-2601929	NB551033:91:H5W5HBGX7:1:13204:10858:13232#0/2	99.333	150	1	0	953	1102	150	1	2.14e-70	272
NC_011593.1:2598858-2601929	NB551033:91:H5W5HBGX7:1:12106:26842:12210#0/2	99.333	150	1	0	274	423	150	1	2.14e-70	272
NC_011593.1:2598858-2601929	NB551033:91:H5W5HBGX7:1:12105:1303:12217#0/2	99.333	150	1	0	274	423	150	1	2.14e-70	272
NC_011593.1:2598858-2601929	NB551033:91:H5W5HBGX7:1:11312:7488:7203#0/2	99.333	150	1	0	127	276	1	150	2.14e-70	272
NC_011593.1:2598858-2601929	NB551033:91:H5W5HBGX7:4:12405:26186:6080#0/1	99.333	150	1	0	2753	2902	1	150	2.14e-70	272
NC_011593.1:2598858-2601929	NB551033:91:H5W5HBGX7:3:22608:24986:8889#0/1	99.333	150	1	0	301	450	150	1	2.14e-70	272
NC_011593.1:2598858-2601929	NB551033:91:H5W5HBGX7:3:22505:14254:13788#0/1	99.333	150	1	0	964	1113	1	150	2.14e-70	272
NC_011593.1:2598858-2601929	NB551033:91:H5W5HBGX7:3:12501:21345:3038#0/1	99.333	150	1	0	1005	1154	150	1	2.14e-70	272
NC_011593.1:2598858-2601929	NB551033:91:H5W5HBGX7:3:11503:22175:14116#0/1	99.333	150	1	0	2192	2341	150	1	2.14e-70	272
NC_011593.1:2598858-2601929	NB551033:91:H5W5HBGX7:2:23209:23672:7604#0/1	99.333	150	1	0	974	1123	1	150	2.14e-70	272
NC_011593.1:2598858-2601929	NB551033:91:H5W5HBGX7:2:11204:22377:15951#0/1	99.333	150	1	0	270	419	1	150	2.14e-70	272
NC_011593.1:2598858-2601929	NB551033:91:H5W5HBGX7:1:12104:9543:20026#0/1	99.333	150	1	0	16	165	1	150	2.14e-70	272
NC_011593.1:2598858-2601929	NB551033:91:H5W5HBGX7:1:11101:14274:15974#0/1	99.333	150	1	0	318	467	1	150	2.14e-70	272
NC_011593.1:2598858-2601929	NB551033:91:H5W5HBGX7:1:13103:20564:1910#0/2	99.329	149	1	0	328	476	1	149	7.69e-70	270
NC_011593.1:2598858-2601929	NB551033:91:H5W5HBGX7:3:12404:14568:17358#0/1	99.329	149	1	0	1858	2006	149	1	7.69e-70	270
NC_011593.1:2598858-2601929	NB551033:91:H5W5HBGX7:2:12106:26756:10925#0/1	99.329	149	1	0	171	319	149	1	7.69e-70	270
NC_011593.1:2598858-2601929	NB551033:91:H5W5HBGX7:2:12105:1205:10927#0/1	99.329	149	1	0	171	319	149	1	7.69e-70	270
NC_011593.1:2598858-2601929	NB551033:91:H5W5HBGX7:4:13406:15682:4664#0/2	98.675	151	2	0	2535	2685	151	1	2.77e-69	268
NC_011593.1:2598858-2601929	NB551033:91:H5W5HBGX7:3:23604:16709:16178#0/2	98.675	151	2	0	640	790	1	151	2.77e-69	268
NC_011593.1:2598858-2601929	NB551033:91:H5W5HBGX7:3:22505:14254:13788#0/2	98.675	151	2	0	1013	1163	151	1	2.77e-69	268
NC_011593.1:2598858-2601929	NB551033:91:H5W5HBGX7:3:21611:11785:13968#0/2	98.675	151	2	0	1239	1389	151	1	2.77e-69	268
NC_011593.1:2598858-2601929	NB551033:91:H5W5HBGX7:2:23209:23672:7604#0/2	98.675	151	2	0	1048	1198	151	1	2.77e-69	268
NC_011593.1:2598858-2601929	NB551033:91:H5W5HBGX7:2:12105:4743:19779#0/2	98.675	151	2	0	2501	2651	151	1	2.77e-69	268
NC_011593.1:2598858-2601929	NB551033:91:H5W5HBGX7:1:21109:11841:7940#0/2	98.675	151	2	0	679	829	151	1	2.77e-69	268
NC_011593.1:2598858-2601929	NB551033:91:H5W5HBGX7:4:23608:4299:6630#0/1	98.675	151	2	0	657	807	151	1	2.77e-69	268
NC_011593.1:2598858-2601929	NB551033:91:H5W5HBGX7:4:23403:14710:11833#0/1	98.675	151	2	0	1531	1681	151	1	2.77e-69	268
NC_011593.1:2598858-2601929	NB551033:91:H5W5HBGX7:4:11606:10652:1411#0/1	98.675	151	2	0	1493	1643	151	1	2.77e-69	268
NC_011593.1:2598858-2601929	NB551033:91:H5W5HBGX7:3:22610:19479:11201#0/1	98.675	151	2	0	2778	2928	1	151	2.77e-69	268
NC_011593.1:2598858-2601929	NB551033:91:H5W5HBGX7:3:21611:11785:13968#0/1	98.675	151	2	0	1209	1359	1	151	2.77e-69	268
NC_011593.1:2598858-2601929	NB551033:91:H5W5HBGX7:3:12402:7710:15798#0/1	98.675	151	2	0	1397	1547	151	1	2.77e-69	268
NC_011593.1:2598858-2601929	NB551033:91:H5W5HBGX7:2:12105:4743:19779#0/1	98.675	151	2	0	2343	2493	1	151	2.77e-69	268
NC_011593.1:2598858-2601929	NB551033:91:H5W5HBGX7:1:12106:26842:12210#0/1	98.675	151	2	0	93	243	1	151	2.77e-69	268
NC_011593.1:2598858-2601929	NB551033:91:H5W5HBGX7:1:12105:1303:12217#0/1	98.675	151	2	0	93	243	1	151	2.77e-69	268
NC_011593.1:2598858-2601929	NB551033:91:H5W5HBGX7:4:21608:12694:5737#0/2	98.667	150	2	0	568	717	150	1	9.95e-69	267
NC_011593.1:2598858-2601929	NB551033:91:H5W5HBGX7:4:11604:24677:5429#0/2	98.667	150	2	0	2331	2480	150	1	9.95e-69	267
NC_011593.1:2598858-2601929	NB551033:91:H5W5HBGX7:3:23611:10578:5059#0/2	98.667	150	2	0	945	1094	150	1	9.95e-69	267
NC_011593.1:2598858-2601929	NB551033:91:H5W5HBGX7:3:22608:24986:8889#0/2	98.667	150	2	0	131	280	1	150	9.95e-69	267
NC_011593.1:2598858-2601929	NB551033:91:H5W5HBGX7:3:21501:25083:14506#0/2	98.667	150	2	0	2764	2913	150	1	9.95e-69	267
NC_011593.1:2598858-2601929	NB551033:91:H5W5HBGX7:3:12507:10633:6210#0/2	98.667	150	2	0	569	718	150	1	9.95e-69	267
NC_011593.1:2598858-2601929	NB551033:91:H5W5HBGX7:3:12402:7710:15798#0/2	98.667	150	2	0	1381	1530	1	150	9.95e-69	267
NC_011593.1:2598858-2601929	NB551033:91:H5W5HBGX7:2:12106:26756:10925#0/2	98.667	150	2	0	31	180	1	150	9.95e-69	267
NC_011593.1:2598858-2601929	NB551033:91:H5W5HBGX7:2:12105:1205:10927#0/2	98.667	150	2	0	31	180	1	150	9.95e-69	267
NC_011593.1:2598858-2601929	NB551033:91:H5W5HBGX7:1:22312:8816:6818#0/2	98.667	150	2	0	1504	1653	150	1	9.95e-69	267
NC_011593.1:2598858-2601929	NB551033:91:H5W5HBGX7:1:13306:17605:2267#0/2	98.667	150	2	0	2824	2973	150	1	9.95e-69	267
NC_011593.1:2598858-2601929	NB551033:91:H5W5HBGX7:1:11112:12753:6436#0/2	98.667	150	2	0	2862	3011	1	150	9.95e-69	267
NC_011593.1:2598858-2601929	NB551033:91:H5W5HBGX7:4:13501:10437:8510#0/1	98.667	150	2	0	1383	1532	150	1	9.95e-69	267
NC_011593.1:2598858-2601929	NB551033:91:H5W5HBGX7:4:13406:15682:4664#0/1	98.667	150	2	0	2458	2607	1	150	9.95e-69	267
NC_011593.1:2598858-2601929	NB551033:91:H5W5HBGX7:4:12504:23598:5299#0/1	98.667	150	2	0	1313	1462	150	1	9.95e-69	267
NC_011593.1:2598858-2601929	NB551033:91:H5W5HBGX7:3:12406:17944:20337#0/1	98.667	150	2	0	2332	2481	150	1	9.95e-69	267
NC_011593.1:2598858-2601929	NB551033:91:H5W5HBGX7:2:23310:12175:1490#0/1	98.667	150	2	0	2343	2492	150	1	9.95e-69	267
NC_011593.1:2598858-2601929	NB551033:91:H5W5HBGX7:2:13106:9593:17004#0/1	98.667	150	2	0	2323	2472	1	150	9.95e-69	267
NC_011593.1:2598858-2601929	NB551033:91:H5W5HBGX7:2:12103:13454:14833#0/1	98.667	150	2	0	2778	2927	1	150	9.95e-69	267
NC_011593.1:2598858-2601929	NB551033:91:H5W5HBGX7:1:21109:11841:7940#0/1	98.667	150	2	0	590	739	1	150	9.95e-69	267
NC_011593.1:2598858-2601929	NB551033:91:H5W5HBGX7:1:21207:1551:17700#0/2	98.658	149	2	0	651	799	1	149	3.58e-68	265
NC_011593.1:2598858-2601929	NB551033:91:H5W5HBGX7:4:22601:20050:2378#0/1	98.658	149	2	0	60	208	1	149	3.58e-68	265
NC_011593.1:2598858-2601929	NB551033:91:H5W5HBGX7:4:11409:1462:13733#0/1	98.658	149	2	0	952	1100	149	1	3.58e-68	265
NC_011593.1:2598858-2601929	NB551033:91:H5W5HBGX7:4:23408:24846:15177#0/2	99.310	145	1	0	1	145	145	1	1.29e-67	263
NC_011593.1:2598858-2601929	NB551033:91:H5W5HBGX7:4:21608:15322:4437#0/2	98.013	151	3	0	1277	1427	1	151	1.29e-67	263
NC_011593.1:2598858-2601929	NB551033:91:H5W5HBGX7:4:21508:8407:10353#0/2	98.013	151	3	0	1312	1462	151	1	1.29e-67	263
NC_011593.1:2598858-2601929	NB551033:91:H5W5HBGX7:4:12601:11452:9981#0/2	98.649	148	2	0	1396	1543	148	1	1.29e-67	263
NC_011593.1:2598858-2601929	NB551033:91:H5W5HBGX7:3:12607:20331:14150#0/2	98.013	151	3	0	1477	1627	1	151	1.29e-67	263
NC_011593.1:2598858-2601929	NB551033:91:H5W5HBGX7:3:12406:17944:20337#0/2	98.013	151	3	0	2263	2413	1	151	1.29e-67	263
NC_011593.1:2598858-2601929	NB551033:91:H5W5HBGX7:3:11511:5276:15198#0/2	98.013	151	3	0	1283	1433	151	1	1.29e-67	263
NC_011593.1:2598858-2601929	NB551033:91:H5W5HBGX7:2:23101:10104:14496#0/2	98.013	151	3	0	1293	1443	151	1	1.29e-67	263
NC_011593.1:2598858-2601929	NB551033:91:H5W5HBGX7:2:22309:12891:11519#0/2	98.013	151	3	0	1170	1320	1	151	1.29e-67	263
NC_011593.1:2598858-2601929	NB551033:91:H5W5HBGX7:2:12208:18315:17195#0/2	98.013	151	3	0	1163	1313	1	151	1.29e-67	263
NC_011593.1:2598858-2601929	NB551033:91:H5W5HBGX7:2:11202:21613:13923#0/2	98.013	151	3	0	1287	1437	1	151	1.29e-67	263
NC_011593.1:2598858-2601929	NB551033:91:H5W5HBGX7:1:13304:1595:11144#0/2	98.649	148	2	0	71	218	1	148	1.29e-67	263
NC_011593.1:2598858-2601929	NB551033:91:H5W5HBGX7:4:22408:2297:12317#0/1	98.013	151	3	0	2686	2836	1	151	1.29e-67	263
NC_011593.1:2598858-2601929	NB551033:91:H5W5HBGX7:4:21608:15322:4437#0/1	98.013	151	3	0	1429	1579	151	1	1.29e-67	263
NC_011593.1:2598858-2601929	NB551033:91:H5W5HBGX7:4:12601:11452:9981#0/1	98.013	151	3	0	1341	1491	1	151	1.29e-67	263
NC_011593.1:2598858-2601929	NB551033:91:H5W5HBGX7:2:23207:7693:6424#0/1	98.013	151	3	0	1140	1290	151	1	1.29e-67	263
NC_011593.1:2598858-2601929	NB551033:91:H5W5HBGX7:2:11202:21613:13923#0/1	98.013	151	3	0	1335	1485	151	1	1.29e-67	263
NC_011593.1:2598858-2601929	NB551033:91:H5W5HBGX7:1:13306:17605:2267#0/1	98.013	151	3	0	2795	2945	1	151	1.29e-67	263
NC_011593.1:2598858-2601929	NB551033:91:H5W5HBGX7:4:23608:4299:6630#0/2	98.000	150	3	0	630	779	1	150	4.63e-67	261
NC_011593.1:2598858-2601929	NB551033:91:H5W5HBGX7:4:22602:21429:10215#0/2	98.000	150	3	0	1349	1498	1	150	4.63e-67	261
NC_011593.1:2598858-2601929	NB551033:91:H5W5HBGX7:4:22501:1725:11832#0/2	98.000	150	3	0	1356	1505	150	1	4.63e-67	261
NC_011593.1:2598858-2601929	NB551033:91:H5W5HBGX7:4:21606:1464:11761#0/2	98.000	150	3	0	1359	1508	150	1	4.63e-67	261
NC_011593.1:2598858-2601929	NB551033:91:H5W5HBGX7:4:12504:23598:5299#0/2	98.000	150	3	0	1281	1430	1	150	4.63e-67	261
NC_011593.1:2598858-2601929	NB551033:91:H5W5HBGX7:4:11606:19196:13737#0/2	98.639	147	2	0	2484	2630	1	147	4.63e-67	261
NC_011593.1:2598858-2601929	NB551033:91:H5W5HBGX7:4:11606:10652:1411#0/2	98.639	147	2	0	1382	1528	1	147	4.63e-67	261
NC_011593.1:2598858-2601929	NB551033:91:H5W5HBGX7:4:11601:15914:18556#0/2	98.000	150	3	0	1190	1339	1	150	4.63e-67	261
NC_011593.1:2598858-2601929	NB551033:91:H5W5HBGX7:2:22207:13524:11795#0/2	98.000	150	3	0	1290	1439	1	150	4.63e-67	261
NC_011593.1:2598858-2601929	NB551033:91:H5W5HBGX7:2:22202:14709:14527#0/2	98.639	147	2	0	2012	2158	4	150	4.63e-67	261
NC_011593.1:2598858-2601929	NB551033:91:H5W5HBGX7:2:21312:8169:19725#0/2	98.639	147	2	0	404	550	150	4	4.63e-67	261
NC_011593.1:2598858-2601929	NB551033:91:H5W5HBGX7:2:13106:9593:17004#0/2	98.000	150	3	0	2607	2756	150	1	4.63e-67	261
NC_011593.1:2598858-2601929	NB551033:91:H5W5HBGX7:1:12106:5325:1991#0/2	98.000	150	3	0	1151	1300	150	1	4.63e-67	261
NC_011593.1:2598858-2601929	NB551033:91:H5W5HBGX7:4:22602:21429:10215#0/1	98.000	150	3	0	1391	1540	150	1	4.63e-67	261
NC_011593.1:2598858-2601929	NB551033:91:H5W5HBGX7:3:21411:7644:18052#0/1	98.000	150	3	0	1437	1586	1	150	4.63e-67	261
NC_011593.1:2598858-2601929	NB551033:91:H5W5HBGX7:2:23211:18458:10695#0/1	98.000	150	3	0	1207	1356	150	1	4.63e-67	261
NC_011593.1:2598858-2601929	NB551033:91:H5W5HBGX7:2:22207:13524:11795#0/1	98.000	150	3	0	1299	1448	150	1	4.63e-67	261
NC_011593.1:2598858-2601929	NB551033:91:H5W5HBGX7:2:12208:18315:17195#0/1	98.000	150	3	0	1296	1445	150	1	4.63e-67	261
NC_011593.1:2598858-2601929	NB551033:91:H5W5HBGX7:1:11206:18060:1907#0/1	98.000	150	3	0	1337	1486	150	1	4.63e-67	261
NC_011593.1:2598858-2601929	NB551033:91:H5W5HBGX7:2:23211:18458:10695#0/2	97.987	149	3	0	895	1043	2	150	1.66e-66	259
NC_011593.1:2598858-2601929	NB551033:91:H5W5HBGX7:2:21106:24907:16856#0/2	97.987	149	3	0	1527	1675	1	149	1.66e-66	259
NC_011593.1:2598858-2601929	NB551033:91:H5W5HBGX7:1:11112:12753:6436#0/1	99.301	143	1	0	2908	3050	145	3	1.66e-66	259
NC_011593.1:2598858-2601929	NB551033:91:H5W5HBGX7:4:22601:20050:2378#0/2	97.973	148	3	0	390	537	148	1	5.99e-66	257
NC_011593.1:2598858-2601929	NB551033:91:H5W5HBGX7:4:22408:2297:12317#0/2	97.351	151	4	0	2707	2857	151	1	5.99e-66	257
NC_011593.1:2598858-2601929	NB551033:91:H5W5HBGX7:4:13501:10437:8510#0/2	97.351	151	4	0	1277	1427	1	151	5.99e-66	257
NC_011593.1:2598858-2601929	NB551033:91:H5W5HBGX7:3:21411:7644:18052#0/2	97.351	151	4	0	1466	1616	151	1	5.99e-66	257
NC_011593.1:2598858-2601929	NB551033:91:H5W5HBGX7:4:22501:1725:11832#0/1	97.351	151	4	0	1206	1356	1	151	5.99e-66	257
NC_011593.1:2598858-2601929	NB551033:91:H5W5HBGX7:4:21606:1464:11761#0/1	97.351	151	4	0	1154	1304	1	151	5.99e-66	257
NC_011593.1:2598858-2601929	NB551033:91:H5W5HBGX7:4:21508:8407:10353#0/1	97.351	151	4	0	1172	1322	1	151	5.99e-66	257
NC_011593.1:2598858-2601929	NB551033:91:H5W5HBGX7:4:11606:19196:13737#0/1	97.973	148	3	0	2651	2798	148	1	5.99e-66	257
NC_011593.1:2598858-2601929	NB551033:91:H5W5HBGX7:4:11601:15914:18556#0/1	97.351	151	4	0	1225	1375	151	1	5.99e-66	257
NC_011593.1:2598858-2601929	NB551033:91:H5W5HBGX7:3:23611:10578:5059#0/1	97.351	151	4	0	737	887	1	151	5.99e-66	257
NC_011593.1:2598858-2601929	NB551033:91:H5W5HBGX7:3:23610:11949:5886#0/1	97.351	151	4	0	1295	1445	151	1	5.99e-66	257
NC_011593.1:2598858-2601929	NB551033:91:H5W5HBGX7:2:22309:12891:11519#0/1	97.351	151	4	0	1226	1376	151	1	5.99e-66	257
NC_011593.1:2598858-2601929	NB551033:91:H5W5HBGX7:2:23101:10104:14496#0/1	97.333	150	4	0	1107	1256	1	150	2.15e-65	255
NC_011593.1:2598858-2601929	NB551033:91:H5W5HBGX7:1:22312:8816:6818#0/1	97.333	150	4	0	1218	1367	1	150	2.15e-65	255
NC_011593.1:2598858-2601929	NB551033:91:H5W5HBGX7:1:13204:10858:13232#0/1	97.333	150	4	0	630	779	1	150	2.15e-65	255
NC_011593.1:2598858-2601929	NB551033:91:H5W5HBGX7:2:22211:16838:3921#0/2	97.315	149	4	0	2458	2606	149	1	7.74e-65	254
NC_011593.1:2598858-2601929	NB551033:91:H5W5HBGX7:2:12101:19194:12492#0/2	98.601	143	2	0	1246	1388	143	1	7.74e-65	254
NC_011593.1:2598858-2601929	NB551033:91:H5W5HBGX7:3:22510:14093:18225#0/1	97.315	149	4	0	2120	2268	1	149	7.74e-65	254
NC_011593.1:2598858-2601929	NB551033:91:H5W5HBGX7:2:12101:19194:12492#0/1	98.601	143	2	0	1246	1388	1	143	7.74e-65	254
NC_011593.1:2598858-2601929	NB551033:91:H5W5HBGX7:3:21404:5049:5549#0/2	96.689	151	5	0	822	972	151	1	2.79e-64	252
NC_011593.1:2598858-2601929	NB551033:91:H5W5HBGX7:1:13304:20564:7715#0/2	96.689	151	5	0	467	617	151	1	2.79e-64	252
NC_011593.1:2598858-2601929	NB551033:91:H5W5HBGX7:4:23403:4880:1654#0/1	97.297	148	4	0	1228	1375	148	1	2.79e-64	252
NC_011593.1:2598858-2601929	NB551033:91:H5W5HBGX7:4:12401:17586:20022#0/1	98.592	142	2	0	159	300	142	1	2.79e-64	252
NC_011593.1:2598858-2601929	NB551033:91:H5W5HBGX7:3:11511:5276:15198#0/1	97.297	148	4	0	1214	1361	1	148	2.79e-64	252
NC_011593.1:2598858-2601929	NB551033:91:H5W5HBGX7:1:13304:20564:7715#0/1	96.689	151	5	0	465	615	1	151	2.79e-64	252
NC_011593.1:2598858-2601929	NB551033:91:H5W5HBGX7:1:13103:20564:1910#0/1	96.689	151	5	0	538	688	151	1	2.79e-64	252
NC_011593.1:2598858-2601929	NB551033:91:H5W5HBGX7:1:12106:5325:1991#0/1	96.689	151	5	0	821	971	1	151	2.79e-64	252
NC_011593.1:2598858-2601929	NB551033:91:H5W5HBGX7:4:23403:4880:1654#0/2	97.279	147	4	0	1228	1374	1	147	1.00e-63	250
NC_011593.1:2598858-2601929	NB551033:91:H5W5HBGX7:4:21506:17540:15146#0/2	96.667	150	5	0	2091	2240	1	150	1.00e-63	250
NC_011593.1:2598858-2601929	NB551033:91:H5W5HBGX7:4:12603:18211:8784#0/2	98.582	141	2	0	2576	2716	1	141	1.00e-63	250
NC_011593.1:2598858-2601929	NB551033:91:H5W5HBGX7:3:21401:3590:13695#0/2	99.275	138	1	0	346	483	1	138	1.00e-63	250
NC_011593.1:2598858-2601929	NB551033:91:H5W5HBGX7:2:23308:15056:5284#0/2	96.667	150	5	0	799	948	1	150	1.00e-63	250
NC_011593.1:2598858-2601929	NB551033:91:H5W5HBGX7:1:23302:22652:9248#0/2	99.275	138	1	0	36	173	1	138	1.00e-63	250
NC_011593.1:2598858-2601929	NB551033:91:H5W5HBGX7:1:11101:14274:15974#0/2	96.667	150	5	0	449	598	150	1	1.00e-63	250
NC_011593.1:2598858-2601929	NB551033:91:H5W5HBGX7:4:21608:12694:5737#0/1	96.667	150	5	0	437	586	1	150	1.00e-63	250
NC_011593.1:2598858-2601929	NB551033:91:H5W5HBGX7:4:12603:18211:8784#0/1	98.582	141	2	0	2576	2716	141	1	1.00e-63	250
NC_011593.1:2598858-2601929	NB551033:91:H5W5HBGX7:4:11505:4836:17814#0/1	96.667	150	5	0	799	948	1	150	1.00e-63	250
NC_011593.1:2598858-2601929	NB551033:91:H5W5HBGX7:3:21401:3590:13695#0/1	99.275	138	1	0	346	483	138	1	1.00e-63	250
NC_011593.1:2598858-2601929	NB551033:91:H5W5HBGX7:3:12507:10633:6210#0/1	96.667	150	5	0	540	689	1	150	1.00e-63	250
NC_011593.1:2598858-2601929	NB551033:91:H5W5HBGX7:2:22202:14709:14527#0/1	96.667	150	5	0	2051	2200	150	1	1.00e-63	250
NC_011593.1:2598858-2601929	NB551033:91:H5W5HBGX7:2:13106:18388:10422#0/1	97.917	144	3	0	2643	2786	144	1	1.00e-63	250
NC_011593.1:2598858-2601929	NB551033:91:H5W5HBGX7:1:22109:13162:11775#0/1	96.667	150	5	0	2047	2196	150	1	1.00e-63	250
NC_011593.1:2598858-2601929	NB551033:91:H5W5HBGX7:2:13106:18388:10422#0/2	97.902	143	3	0	2643	2785	1	143	3.60e-63	248
NC_011593.1:2598858-2601929	NB551033:91:H5W5HBGX7:3:21508:23596:3680#0/1	96.644	149	5	0	535	683	1	149	3.60e-63	248
NC_011593.1:2598858-2601929	NB551033:91:H5W5HBGX7:3:21404:5049:5549#0/1	96.644	149	5	0	779	927	1	149	3.60e-63	248
NC_011593.1:2598858-2601929	NB551033:91:H5W5HBGX7:2:23308:15056:5284#0/1	96.644	149	5	0	859	1007	149	1	3.60e-63	248
NC_011593.1:2598858-2601929	NB551033:91:H5W5HBGX7:1:11312:7488:7203#0/1	96.644	149	5	0	455	603	149	1	3.60e-63	248
NC_011593.1:2598858-2601929	NB551033:91:H5W5HBGX7:4:11505:4836:17814#0/2	96.622	148	5	0	835	982	148	1	1.30e-62	246
NC_011593.1:2598858-2601929	NB551033:91:H5W5HBGX7:2:13107:11070:1145#0/2	96.026	151	6	0	1175	1325	151	1	1.30e-62	246
NC_011593.1:2598858-2601929	NB551033:91:H5W5HBGX7:2:11302:6950:12152#0/2	100.000	133	0	0	1558	1690	1	133	1.30e-62	246
NC_011593.1:2598858-2601929	NB551033:91:H5W5HBGX7:4:21402:21827:14507#0/1	96.622	148	5	0	859	1006	148	1	1.30e-62	246
NC_011593.1:2598858-2601929	NB551033:91:H5W5HBGX7:1:23108:19351:13341#0/1	96.026	151	6	0	784	934	1	151	1.30e-62	246
NC_011593.1:2598858-2601929	NB551033:91:H5W5HBGX7:1:21209:17681:8267#0/1	96.026	151	6	0	312	462	151	1	1.30e-62	246
NC_011593.1:2598858-2601929	NB551033:91:H5W5HBGX7:3:13505:22074:16970#0/2	99.259	135	1	0	1	135	135	1	4.66e-62	244
NC_011593.1:2598858-2601929	NB551033:91:H5W5HBGX7:4:22407:13171:7356#0/1	96.000	150	6	0	780	929	150	1	4.66e-62	244
NC_011593.1:2598858-2601929	NB551033:91:H5W5HBGX7:3:23604:16709:16178#0/1	97.872	141	3	0	752	892	149	9	4.66e-62	244
NC_011593.1:2598858-2601929	NB551033:91:H5W5HBGX7:2:13107:11070:1145#0/1	96.000	150	6	0	799	948	1	150	4.66e-62	244
NC_011593.1:2598858-2601929	NB551033:91:H5W5HBGX7:3:23610:11949:5886#0/2	98.529	136	2	0	976	1111	1	136	6.03e-61	241
NC_011593.1:2598858-2601929	NB551033:91:H5W5HBGX7:3:21603:25494:14990#0/2	97.842	139	3	0	1476	1614	1	139	6.03e-61	241
NC_011593.1:2598858-2601929	NB551033:91:H5W5HBGX7:3:21603:25494:14990#0/1	97.842	139	3	0	1476	1614	139	1	6.03e-61	241
NC_011593.1:2598858-2601929	NB551033:91:H5W5HBGX7:4:22407:13171:7356#0/2	97.163	141	4	0	680	820	1	141	2.17e-60	239
NC_011593.1:2598858-2601929	NB551033:91:H5W5HBGX7:2:21310:3869:8207#0/2	95.333	150	7	0	759	908	1	150	2.17e-60	239
NC_011593.1:2598858-2601929	NB551033:91:H5W5HBGX7:3:21501:25083:14506#0/1	97.163	141	4	0	2718	2858	1	141	2.17e-60	239
NC_011593.1:2598858-2601929	NB551033:91:H5W5HBGX7:4:13606:15695:11733#0/2	97.794	136	3	0	2650	2785	136	1	2.80e-59	235
NC_011593.1:2598858-2601929	NB551033:91:H5W5HBGX7:2:21203:3175:11032#0/2	99.231	130	1	0	1	130	130	1	2.80e-59	235
NC_011593.1:2598858-2601929	NB551033:91:H5W5HBGX7:4:23404:23774:8744#0/1	98.496	133	2	0	1525	1657	133	1	2.80e-59	235
NC_011593.1:2598858-2601929	NB551033:91:H5W5HBGX7:4:13606:15695:11733#0/1	97.794	136	3	0	2650	2785	1	136	2.80e-59	235
NC_011593.1:2598858-2601929	NB551033:91:H5W5HBGX7:3:21508:23596:3680#0/2	99.225	129	1	0	708	836	129	1	1.01e-58	233
NC_011593.1:2598858-2601929	NB551033:91:H5W5HBGX7:1:22110:1463:10782#0/2	100.000	126	0	0	1719	1844	126	1	1.01e-58	233
NC_011593.1:2598858-2601929	NB551033:91:H5W5HBGX7:1:22110:1463:10782#0/1	100.000	126	0	0	1719	1844	1	126	1.01e-58	233
NC_011593.1:2598858-2601929	NB551033:91:H5W5HBGX7:4:21402:21827:14507#0/2	98.473	131	2	0	690	820	1	131	3.63e-58	231
NC_011593.1:2598858-2601929	NB551033:91:H5W5HBGX7:2:22309:6436:15269#0/2	95.804	143	6	0	517	659	1	143	3.63e-58	231
NC_011593.1:2598858-2601929	NB551033:91:H5W5HBGX7:2:22107:6110:5202#0/2	97.761	134	3	0	2652	2785	134	1	3.63e-58	231
NC_011593.1:2598858-2601929	NB551033:91:H5W5HBGX7:1:22212:4322:10063#0/2	98.473	131	2	0	1162	1292	1	131	3.63e-58	231
NC_011593.1:2598858-2601929	NB551033:91:H5W5HBGX7:1:12207:22830:20249#0/2	97.761	134	3	0	2295	2428	1	134	3.63e-58	231
NC_011593.1:2598858-2601929	NB551033:91:H5W5HBGX7:2:22309:6436:15269#0/1	96.429	140	5	0	520	659	140	1	3.63e-58	231
NC_011593.1:2598858-2601929	NB551033:91:H5W5HBGX7:2:22107:6110:5202#0/1	97.761	134	3	0	2652	2785	1	134	3.63e-58	231
NC_011593.1:2598858-2601929	NB551033:91:H5W5HBGX7:1:22212:4322:10063#0/1	98.473	131	2	0	1162	1292	131	1	3.63e-58	231
NC_011593.1:2598858-2601929	NB551033:91:H5W5HBGX7:3:22610:19479:11201#0/2	97.744	133	3	0	2940	3072	151	19	1.30e-57	230
NC_011593.1:2598858-2601929	NB551033:91:H5W5HBGX7:3:13509:6318:4578#0/2	97.744	133	3	0	2940	3072	1	133	1.30e-57	230
NC_011593.1:2598858-2601929	NB551033:91:H5W5HBGX7:2:12103:13454:14833#0/2	97.744	133	3	0	2940	3072	151	19	1.30e-57	230
NC_011593.1:2598858-2601929	NB551033:91:H5W5HBGX7:3:11611:4947:7751#0/2	97.727	132	3	0	2263	2394	1	132	4.69e-57	228
NC_011593.1:2598858-2601929	NB551033:91:H5W5HBGX7:3:12501:21345:3038#0/2	97.015	134	4	0	566	699	1	134	1.69e-56	226
NC_011593.1:2598858-2601929	NB551033:91:H5W5HBGX7:1:21104:12228:4564#0/2	97.710	131	3	0	2942	3072	1	131	1.69e-56	226
NC_011593.1:2598858-2601929	NB551033:91:H5W5HBGX7:1:11206:18060:1907#0/2	97.015	134	4	0	1155	1288	1	134	1.69e-56	226
NC_011593.1:2598858-2601929	NB551033:91:H5W5HBGX7:1:21207:1551:17700#0/1	100.000	120	0	0	900	1019	120	1	2.18e-55	222
NC_011593.1:2598858-2601929	NB551033:91:H5W5HBGX7:1:21106:18599:17824#0/2	97.656	128	3	0	54	181	128	1	7.85e-55	220
NC_011593.1:2598858-2601929	NB551033:91:H5W5HBGX7:3:21410:16344:14647#0/1	99.180	122	1	0	139	260	122	1	7.85e-55	220
NC_011593.1:2598858-2601929	NB551033:91:H5W5HBGX7:4:11409:1462:13733#0/2	99.174	121	1	0	716	836	1	121	2.82e-54	219
NC_011593.1:2598858-2601929	NB551033:91:H5W5HBGX7:1:21209:17681:8267#0/2	99.174	121	1	0	7	127	1	121	2.82e-54	219
NC_011593.1:2598858-2601929	NB551033:91:H5W5HBGX7:1:13208:3246:18000#0/1	97.638	127	3	0	1457	1583	127	1	2.82e-54	219
NC_011593.1:2598858-2601929	NB551033:91:H5W5HBGX7:1:12207:22830:20249#0/1	97.638	127	3	0	2792	2918	127	1	2.82e-54	219
NC_011593.1:2598858-2601929	NB551033:91:H5W5HBGX7:2:11303:16187:11056#0/2	98.347	121	2	0	1324	1444	1	121	1.31e-52	213
NC_011593.1:2598858-2601929	NB551033:91:H5W5HBGX7:2:11303:16187:11056#0/1	98.347	121	2	0	1324	1444	121	1	1.31e-52	213
NC_011593.1:2598858-2601929	NB551033:91:H5W5HBGX7:4:11601:21550:11146#0/2	98.333	120	2	0	2576	2695	1	120	4.73e-52	211
NC_011593.1:2598858-2601929	NB551033:91:H5W5HBGX7:4:11601:21550:11146#0/1	98.333	120	2	0	2576	2695	120	1	4.73e-52	211
NC_011593.1:2598858-2601929	NB551033:91:H5W5HBGX7:2:13103:1612:5468#0/2	98.319	119	2	0	1367	1485	1	119	1.70e-51	209
NC_011593.1:2598858-2601929	NB551033:91:H5W5HBGX7:2:13103:1612:5468#0/1	98.319	119	2	0	1367	1485	119	1	1.70e-51	209
NC_011593.1:2598858-2601929	NB551033:91:H5W5HBGX7:1:23302:22652:9248#0/1	99.130	115	1	0	123	237	115	1	6.11e-51	207
NC_011593.1:2598858-2601929	NB551033:91:H5W5HBGX7:4:23402:10259:16017#0/2	98.291	117	2	0	333	449	117	1	2.20e-50	206
NC_011593.1:2598858-2601929	NB551033:91:H5W5HBGX7:4:23402:10259:16017#0/1	98.291	117	2	0	333	449	1	117	2.20e-50	206
NC_011593.1:2598858-2601929	NB551033:91:H5W5HBGX7:2:22109:17202:9003#0/2	99.091	110	1	0	1363	1472	2	111	3.68e-48	198
NC_011593.1:2598858-2601929	NB551033:91:H5W5HBGX7:2:22109:17202:9003#0/1	99.091	110	1	0	1363	1472	110	1	3.68e-48	198
NC_011593.1:2598858-2601929	NB551033:91:H5W5HBGX7:4:22610:5800:13088#0/2	100.000	104	0	0	1	104	48	151	1.71e-46	193
NC_011593.1:2598858-2601929	NB551033:91:H5W5HBGX7:4:21610:8279:8533#0/2	95.798	119	5	0	448	566	119	1	1.71e-46	193
NC_011593.1:2598858-2601929	NB551033:91:H5W5HBGX7:4:21610:8279:8533#0/1	96.552	116	4	0	448	563	1	116	1.71e-46	193
NC_011593.1:2598858-2601929	NB551033:91:H5W5HBGX7:3:13403:3623:13127#0/2	98.131	107	2	0	1437	1543	107	1	7.97e-45	187
NC_011593.1:2598858-2601929	NB551033:91:H5W5HBGX7:3:13403:3623:13127#0/1	98.131	107	2	0	1437	1543	1	107	7.97e-45	187
NC_011593.1:2598858-2601929	NB551033:91:H5W5HBGX7:2:21203:3175:11032#0/1	100.000	98	0	0	1	98	54	151	3.71e-43	182
NC_011593.1:2598858-2601929	NB551033:91:H5W5HBGX7:2:21205:26425:8204#0/2	97.170	106	3	0	1	106	46	151	1.33e-42	180
NC_011593.1:2598858-2601929	NB551033:91:H5W5HBGX7:4:13612:3859:14300#0/2	100.000	96	0	0	1971	2066	1	96	4.79e-42	178
NC_011593.1:2598858-2601929	NB551033:91:H5W5HBGX7:3:12511:6564:1777#0/2	98.039	102	2	0	593	694	1	102	4.79e-42	178
NC_011593.1:2598858-2601929	NB551033:91:H5W5HBGX7:4:13612:3859:14300#0/1	100.000	96	0	0	1971	2066	96	1	4.79e-42	178
NC_011593.1:2598858-2601929	NB551033:91:H5W5HBGX7:3:12511:6564:1777#0/1	98.039	102	2	0	593	694	102	1	4.79e-42	178
NC_011593.1:2598858-2601929	NB551033:91:H5W5HBGX7:3:22511:19802:11451#0/1	98.936	94	1	0	2957	3050	1	94	2.89e-39	169
NC_011593.1:2598858-2601929	NB551033:91:H5W5HBGX7:1:22203:15063:10572#0/2	98.913	92	1	0	1381	1472	1	92	3.73e-38	165
NC_011593.1:2598858-2601929	NB551033:91:H5W5HBGX7:1:22203:15063:10572#0/1	98.913	92	1	0	1381	1472	92	1	3.73e-38	165
NC_011593.1:2598858-2601929	NB551033:91:H5W5HBGX7:1:21106:18599:17824#0/1	97.895	95	2	0	45	139	1	95	3.73e-38	165
NC_011593.1:2598858-2601929	NB551033:91:H5W5HBGX7:2:12106:14589:5560#0/2	100.000	88	0	0	396	483	88	1	1.34e-37	163
NC_011593.1:2598858-2601929	NB551033:91:H5W5HBGX7:4:23404:23774:8744#0/2	96.875	96	3	0	1467	1562	1	96	4.83e-37	161
NC_011593.1:2598858-2601929	NB551033:91:H5W5HBGX7:4:13402:1913:11777#0/2	100.000	87	0	0	898	984	87	1	4.83e-37	161
NC_011593.1:2598858-2601929	NB551033:91:H5W5HBGX7:4:13402:1913:11777#0/1	98.889	90	1	0	895	984	4	93	4.83e-37	161
NC_011593.1:2598858-2601929	NB551033:91:H5W5HBGX7:2:11104:18427:13184#0/2	100.000	86	0	0	1617	1702	1	86	1.74e-36	159
NC_011593.1:2598858-2601929	NB551033:91:H5W5HBGX7:1:12303:25823:2978#0/2	97.778	90	2	0	2066	2155	90	1	2.25e-35	156
NC_011593.1:2598858-2601929	NB551033:91:H5W5HBGX7:2:11111:5051:7111#0/1	100.000	84	0	0	1947	2030	84	1	2.25e-35	156
NC_011593.1:2598858-2601929	NB551033:91:H5W5HBGX7:1:12303:25823:2978#0/1	98.851	87	1	0	1677	1763	1	87	2.25e-35	156
NC_011593.1:2598858-2601929	NB551033:91:H5W5HBGX7:3:21410:9990:9517#0/1	98.810	84	1	0	724	807	84	1	1.05e-33	150
NC_011593.1:2598858-2601929	NB551033:91:H5W5HBGX7:3:22402:8503:7892#0/2	97.647	85	2	0	2351	2435	1	85	1.35e-32	147
NC_011593.1:2598858-2601929	NB551033:91:H5W5HBGX7:3:12410:2295:2598#0/2	96.591	88	3	0	2661	2748	1	88	1.35e-32	147
NC_011593.1:2598858-2601929	NB551033:91:H5W5HBGX7:3:22402:8503:7892#0/1	97.647	85	2	0	2351	2435	85	1	1.35e-32	147
NC_011593.1:2598858-2601929	NB551033:91:H5W5HBGX7:3:21409:12690:17552#0/1	97.647	85	2	0	2988	3072	1	85	1.35e-32	147
NC_011593.1:2598858-2601929	NB551033:91:H5W5HBGX7:4:22607:9779:17952#0/2	98.765	81	1	0	2211	2291	1	81	4.86e-32	145
NC_011593.1:2598858-2601929	NB551033:91:H5W5HBGX7:3:21410:9990:9517#0/2	97.619	84	2	0	724	807	1	84	4.86e-32	145
NC_011593.1:2598858-2601929	NB551033:91:H5W5HBGX7:1:13202:6714:2834#0/2	100.000	78	0	0	2435	2512	78	1	4.86e-32	145
NC_011593.1:2598858-2601929	NB551033:91:H5W5HBGX7:4:22607:9779:17952#0/1	98.765	81	1	0	2211	2291	81	1	4.86e-32	145
NC_011593.1:2598858-2601929	NB551033:91:H5W5HBGX7:1:13202:6714:2834#0/1	100.000	78	0	0	2435	2512	1	78	4.86e-32	145
NC_011593.1:2598858-2601929	NB551033:91:H5W5HBGX7:1:13208:3246:18000#0/2	97.561	82	2	0	1266	1347	1	82	6.29e-31	141
NC_011593.1:2598858-2601929	NB551033:91:H5W5HBGX7:4:23403:14710:11833#0/2	97.531	81	2	0	1476	1556	1	81	2.26e-30	139
NC_011593.1:2598858-2601929	NB551033:91:H5W5HBGX7:2:11111:5051:7111#0/2	98.718	78	1	0	1363	1440	1	78	2.26e-30	139
NC_011593.1:2598858-2601929	NB551033:91:H5W5HBGX7:2:23207:7693:6424#0/2	98.684	76	1	0	1109	1184	1	76	2.93e-29	135
NC_011593.1:2598858-2601929	NB551033:91:H5W5HBGX7:4:11604:24677:5429#0/1	98.667	75	1	0	2268	2342	1	75	1.05e-28	134
NC_011593.1:2598858-2601929	NB551033:91:H5W5HBGX7:4:23408:24846:15177#0/1	100.000	70	0	0	1	70	82	151	1.36e-27	130
NC_011593.1:2598858-2601929	NB551033:91:H5W5HBGX7:2:11104:18427:13184#0/1	98.630	73	1	0	1953	2025	73	1	1.36e-27	130
NC_011593.1:2598858-2601929	NB551033:91:H5W5HBGX7:4:21504:18283:19916#0/2	96.104	77	3	0	2576	2652	1	77	1.76e-26	126
NC_011593.1:2598858-2601929	NB551033:91:H5W5HBGX7:4:21504:18283:19916#0/1	96.104	77	3	0	2576	2652	77	1	1.76e-26	126
NC_011593.1:2598858-2601929	NB551033:91:H5W5HBGX7:3:13505:22074:16970#0/1	100.000	59	0	0	1	59	93	151	1.77e-21	110
NC_011593.1:2598858-2601929	NB551033:91:H5W5HBGX7:1:12105:14525:12087#0/2	96.875	64	2	0	3009	3072	1	64	6.38e-21	108
NC_011593.1:2598858-2601929	NB551033:91:H5W5HBGX7:1:13206:20651:16228#0/2	96.667	60	2	0	3013	3072	1	60	1.07e-18	100
NC_011593.1:2598858-2601929	NB551033:91:H5W5HBGX7:1:13206:20651:16228#0/1	96.667	60	2	0	3013	3072	129	70	1.07e-18	100
NC_011593.1:2598858-2601929	NB551033:91:H5W5HBGX7:2:22306:21629:6918#0/2	96.875	32	1	0	1028	1059	117	148	8.43e-05	54.7
NC_011593.1:2598858-2601929	NB551033:91:H5W5HBGX7:1:13209:14956:15646#0/2	100.000	28	0	0	1028	1055	120	147	3.03e-04	52.8
NC_011593.1:2598858-2601929	NB551033:91:H5W5HBGX7:1:12311:4302:10705#0/2	100.000	28	0	0	1028	1055	87	114	3.03e-04	52.8
NC_011593.1:2598858-2601929	NB551033:91:H5W5HBGX7:1:12311:4302:10705#0/1	100.000	28	0	0	1028	1055	28	1	3.03e-04	52.8
# BLASTN 2.9.0+
# Query: NC_011593.1:c2604454-2602106 Bifidobacterium longum subsp. infantis ATCC 15697, complete genome
# Database: db/blast_C0403-3E-1A_S22.faa
# 0 hits found
# BLASTN 2.9.0+
# Query: NC_011593.1:c2605922-2604486 Bifidobacterium longum subsp. infantis ATCC 15697, complete genome
# Database: db/blast_C0403-3E-1A_S22.faa
# 0 hits found
# BLASTN 2.9.0+
# Query: NC_011593.1:c2606381-2605944 Bifidobacterium longum subsp. infantis ATCC 15697, complete genome
# Database: db/blast_C0403-3E-1A_S22.faa
# 0 hits found
# BLASTN 2.9.0+
# Query: NC_011593.1:c2607314-2606418 Bifidobacterium longum subsp. infantis ATCC 15697, complete genome
# Database: db/blast_C0403-3E-1A_S22.faa
# 0 hits found
# BLASTN 2.9.0+
# Query: NC_011593.1:c2608249-2607458 Bifidobacterium longum subsp. infantis ATCC 15697, complete genome
# Database: db/blast_C0403-3E-1A_S22.faa
# 0 hits found
# BLASTN 2.9.0+
# Query: NC_011593.1:c2609546-2608269 Bifidobacterium longum subsp. infantis ATCC 15697, complete genome
# Database: db/blast_C0403-3E-1A_S22.faa
# 0 hits found
# BLASTN 2.9.0+
# Query: NC_011593.1:c2610356-2609697 Bifidobacterium longum subsp. infantis ATCC 15697, complete genome
# Database: db/blast_C0403-3E-1A_S22.faa
# 0 hits found
# BLASTN 2.9.0+
# Query: NC_011593.1:c2611458-2610496 Bifidobacterium longum subsp. infantis ATCC 15697, complete genome
# Database: db/blast_C0403-3E-1A_S22.faa
# 0 hits found
# BLASTN 2.9.0+
# Query: NC_011593.1:c2612430-2611477 Bifidobacterium longum subsp. infantis ATCC 15697, complete genome
# Database: db/blast_C0403-3E-1A_S22.faa
# 0 hits found
# BLASTN 2.9.0+
# Query: NC_011593.1:c2614109-2612517 Bifidobacterium longum subsp. infantis ATCC 15697, complete genome
# Database: db/blast_C0403-3E-1A_S22.faa
# 0 hits found
# BLASTN 2.9.0+
# Query: NC_011593.1:c2615274-2614312 Bifidobacterium longum subsp. infantis ATCC 15697, complete genome
# Database: db/blast_C0403-3E-1A_S22.faa
# 0 hits found
# BLASTN 2.9.0+
# Query: NC_011593.1:c2616246-2615293 Bifidobacterium longum subsp. infantis ATCC 15697, complete genome
# Database: db/blast_C0403-3E-1A_S22.faa
# 0 hits found
# BLASTN 2.9.0+
# Query: NC_011593.1:c2617928-2616333 Bifidobacterium longum subsp. infantis ATCC 15697, complete genome
# Database: db/blast_C0403-3E-1A_S22.faa
# Fields: query acc.ver, subject acc.ver, % identity, alignment length, mismatches, gap opens, q. start, q. end, s. start, s. end, evalue, bit score
# 1 hits found
NC_011593.1:c2617928-2616333	NB551033:91:H5W5HBGX7:1:12311:13370:4202#0/1	100.000	35	0	0	493	527	101	135	2.03e-08	65.8
# BLASTN 2.9.0+
# Query: NC_011593.1:c2619247-2618063 Bifidobacterium longum subsp. infantis ATCC 15697, complete genome
# Database: db/blast_C0403-3E-1A_S22.faa
# 0 hits found
# BLASTN 2.9.0+
# Query: NC_011593.1:c2620369-2619413 Bifidobacterium longum subsp. infantis ATCC 15697, complete genome
# Database: db/blast_C0403-3E-1A_S22.faa
# 0 hits found
# BLASTN 2.9.0+
# Query: NC_011593.1:c2622143-2620551 Bifidobacterium longum subsp. infantis ATCC 15697, complete genome
# Database: db/blast_C0403-3E-1A_S22.faa
# 0 hits found
# BLASTN 2.9.0+
# Query: NC_011593.1:c2624124-2622520 Bifidobacterium longum subsp. infantis ATCC 15697, complete genome
# Database: db/blast_C0403-3E-1A_S22.faa
# 0 hits found
# BLASTN 2.9.0+
# Query: NC_011593.1:c2626110-2624512 Bifidobacterium longum subsp. infantis ATCC 15697, complete genome
# Database: db/blast_C0403-3E-1A_S22.faa
# 0 hits found
# BLASTN 2.9.0+
# Query: NC_011593.1:c2626386-2626264 Bifidobacterium longum subsp. infantis ATCC 15697, complete genome
# Database: db/blast_C0403-3E-1A_S22.faa
# 0 hits found
# BLASTN 2.9.0+
# Query: NC_011593.1:c2628158-2626563 Bifidobacterium longum subsp. infantis ATCC 15697, complete genome
# Database: db/blast_C0403-3E-1A_S22.faa
# 0 hits found
# BLASTN 2.9.0+
# Query: NC_011593.1:c2630269-2628314 Bifidobacterium longum subsp. infantis ATCC 15697, complete genome
# Database: db/blast_C0403-3E-1A_S22.faa
# 0 hits found
# BLASTN 2.9.0+
# Query: NC_011593.1:c2631106-2630366 Bifidobacterium longum subsp. infantis ATCC 15697, complete genome
# Database: db/blast_C0403-3E-1A_S22.faa
# 0 hits found
# BLASTN 2.9.0+
# Query: NC_011593.1:c2632432-2631140 Bifidobacterium longum subsp. infantis ATCC 15697, complete genome
# Database: db/blast_C0403-3E-1A_S22.faa
# 0 hits found
# BLASTN 2.9.0+
# Query: NC_011593.1:c2633881-2632562 Bifidobacterium longum subsp. infantis ATCC 15697, complete genome
# Database: db/blast_C0403-3E-1A_S22.faa
# 0 hits found
# BLASTN 2.9.0+
# Query: NC_011593.1:c2634683-2633865 Bifidobacterium longum subsp. infantis ATCC 15697, complete genome
# Database: db/blast_C0403-3E-1A_S22.faa
# 0 hits found
# BLASTN 2.9.0+
# Query: NC_011593.1:c2635627-2634680 Bifidobacterium longum subsp. infantis ATCC 15697, complete genome
# Database: db/blast_C0403-3E-1A_S22.faa
# 0 hits found
# BLASTN 2.9.0+
# Query: NC_011593.1:c2636747-2635629 Bifidobacterium longum subsp. infantis ATCC 15697, complete genome
# Database: db/blast_C0403-3E-1A_S22.faa
# 0 hits found
# BLAST processed 31 queries
