# BLASTN 2.9.0+
# Query: NC_011593.1:c2595355-2593832 Bifidobacterium longum subsp. infantis ATCC 15697, complete genome
# Database: db/blast_C0420-4F-1A_S8.faa
# Fields: query acc.ver, subject acc.ver, % identity, alignment length, mismatches, gap opens, q. start, q. end, s. start, s. end, evalue, bit score
# 68 hits found
NC_011593.1:c2595355-2593832	NB551033:88:H5VWJBGX7:3:13404:26184:1992#0/2	99.338	151	1	0	996	1146	1	151	5.38e-71	274
NC_011593.1:c2595355-2593832	NB551033:88:H5VWJBGX7:3:21502:5340:4009#0/1	99.338	151	1	0	380	530	1	151	5.38e-71	274
NC_011593.1:c2595355-2593832	NB551033:88:H5VWJBGX7:2:11202:5151:9369#0/2	99.333	150	1	0	989	1138	150	1	1.94e-70	272
NC_011593.1:c2595355-2593832	NB551033:88:H5VWJBGX7:2:11202:5151:9369#0/1	99.333	150	1	0	957	1106	1	150	1.94e-70	272
NC_011593.1:c2595355-2593832	NB551033:88:H5VWJBGX7:3:21502:5340:4009#0/2	98.675	151	2	0	432	582	151	1	2.51e-69	268
NC_011593.1:c2595355-2593832	NB551033:88:H5VWJBGX7:3:13408:2623:5606#0/1	98.675	151	2	0	347	497	1	151	2.51e-69	268
NC_011593.1:c2595355-2593832	NB551033:88:H5VWJBGX7:2:22306:3552:5566#0/1	98.675	151	2	0	382	532	151	1	2.51e-69	268
NC_011593.1:c2595355-2593832	NB551033:88:H5VWJBGX7:2:12103:18160:14486#0/1	98.675	151	2	0	931	1081	151	1	2.51e-69	268
NC_011593.1:c2595355-2593832	NB551033:88:H5VWJBGX7:1:22210:15106:6459#0/1	98.675	151	2	0	406	556	1	151	2.51e-69	268
NC_011593.1:c2595355-2593832	NB551033:88:H5VWJBGX7:4:11402:14292:12632#0/2	98.667	150	2	0	1077	1226	1	150	9.01e-69	267
NC_011593.1:c2595355-2593832	NB551033:88:H5VWJBGX7:2:22306:3552:5566#0/2	98.667	150	2	0	371	520	1	150	9.01e-69	267
NC_011593.1:c2595355-2593832	NB551033:88:H5VWJBGX7:1:22210:15106:6459#0/2	98.667	150	2	0	539	688	150	1	9.01e-69	267
NC_011593.1:c2595355-2593832	NB551033:88:H5VWJBGX7:3:23602:17501:4892#0/1	98.667	150	2	0	1136	1285	1	150	9.01e-69	267
NC_011593.1:c2595355-2593832	NB551033:88:H5VWJBGX7:1:23202:21991:15362#0/1	98.667	150	2	0	419	568	1	150	9.01e-69	267
NC_011593.1:c2595355-2593832	NB551033:88:H5VWJBGX7:2:22205:5824:17397#0/1	98.658	149	2	0	449	597	1	149	3.24e-68	265
NC_011593.1:c2595355-2593832	NB551033:88:H5VWJBGX7:4:11403:5838:15666#0/2	98.013	151	3	0	553	703	1	151	1.17e-67	263
NC_011593.1:c2595355-2593832	NB551033:88:H5VWJBGX7:2:22205:5824:17397#0/2	98.649	148	2	0	711	858	148	1	1.17e-67	263
NC_011593.1:c2595355-2593832	NB551033:88:H5VWJBGX7:1:13202:4569:3782#0/2	98.013	151	3	0	553	703	1	151	1.17e-67	263
NC_011593.1:c2595355-2593832	NB551033:88:H5VWJBGX7:3:13404:26184:1992#0/1	98.013	151	3	0	1048	1198	151	1	1.17e-67	263
NC_011593.1:c2595355-2593832	NB551033:88:H5VWJBGX7:3:13401:22394:2167#0/1	98.013	151	3	0	786	936	1	151	1.17e-67	263
NC_011593.1:c2595355-2593832	NB551033:88:H5VWJBGX7:1:11208:5375:19859#0/2	98.000	150	3	0	768	917	1	150	4.19e-67	261
NC_011593.1:c2595355-2593832	NB551033:88:H5VWJBGX7:3:13401:22394:2167#0/2	97.351	151	4	0	859	1009	151	1	5.42e-66	257
NC_011593.1:c2595355-2593832	NB551033:88:H5VWJBGX7:1:13104:22560:3920#0/2	97.973	148	3	0	96	243	1	148	5.42e-66	257
NC_011593.1:c2595355-2593832	NB551033:88:H5VWJBGX7:1:11208:5375:19859#0/1	97.351	151	4	0	855	1005	151	1	5.42e-66	257
NC_011593.1:c2595355-2593832	NB551033:88:H5VWJBGX7:4:12501:14347:12216#0/2	97.333	150	4	0	53	202	150	1	1.95e-65	255
NC_011593.1:c2595355-2593832	NB551033:88:H5VWJBGX7:1:13104:22560:3920#0/1	97.333	150	4	0	130	279	150	1	1.95e-65	255
NC_011593.1:c2595355-2593832	NB551033:88:H5VWJBGX7:3:22512:23238:12442#0/2	96.689	151	5	0	141	291	151	1	2.52e-64	252
NC_011593.1:c2595355-2593832	NB551033:88:H5VWJBGX7:2:12103:18160:14486#0/2	96.689	151	5	0	847	997	1	151	2.52e-64	252
NC_011593.1:c2595355-2593832	NB551033:88:H5VWJBGX7:2:21111:2899:9401#0/1	96.689	151	5	0	62	212	151	1	2.52e-64	252
NC_011593.1:c2595355-2593832	NB551033:88:H5VWJBGX7:2:21305:9530:12343#0/1	98.571	140	2	0	429	568	140	1	3.26e-63	248
NC_011593.1:c2595355-2593832	NB551033:88:H5VWJBGX7:3:13408:2623:5606#0/2	96.026	151	6	0	658	808	151	1	1.17e-62	246
NC_011593.1:c2595355-2593832	NB551033:88:H5VWJBGX7:1:12211:24322:15497#0/2	96.026	151	6	0	269	419	1	151	1.17e-62	246
NC_011593.1:c2595355-2593832	NB551033:88:H5VWJBGX7:4:11403:5838:15666#0/1	96.026	151	6	0	659	809	151	1	1.17e-62	246
NC_011593.1:c2595355-2593832	NB551033:88:H5VWJBGX7:1:12211:24322:15497#0/1	96.026	151	6	0	308	458	151	1	1.17e-62	246
NC_011593.1:c2595355-2593832	NB551033:88:H5VWJBGX7:3:21504:3347:16175#0/2	97.222	144	4	0	183	326	144	1	4.22e-62	244
NC_011593.1:c2595355-2593832	NB551033:88:H5VWJBGX7:1:13202:4569:3782#0/1	96.000	150	6	0	660	809	150	1	4.22e-62	244
NC_011593.1:c2595355-2593832	NB551033:88:H5VWJBGX7:2:21305:9530:12343#0/2	97.857	140	3	0	429	568	1	140	1.52e-61	243
NC_011593.1:c2595355-2593832	NB551033:88:H5VWJBGX7:3:22409:18639:3325#0/1	95.946	148	6	0	32	179	150	3	5.46e-61	241
NC_011593.1:c2595355-2593832	NB551033:88:H5VWJBGX7:1:22302:5739:19581#0/1	95.946	148	6	0	32	179	150	3	5.46e-61	241
NC_011593.1:c2595355-2593832	NB551033:88:H5VWJBGX7:3:11411:20150:13806#0/2	95.333	150	7	0	655	804	150	1	1.96e-60	239
NC_011593.1:c2595355-2593832	NB551033:88:H5VWJBGX7:3:11411:20150:13806#0/1	95.714	140	6	0	287	426	1	140	1.53e-56	226
NC_011593.1:c2595355-2593832	NB551033:88:H5VWJBGX7:4:13509:20281:15138#0/2	96.923	130	4	0	1341	1470	145	16	2.56e-54	219
NC_011593.1:c2595355-2593832	NB551033:88:H5VWJBGX7:4:13509:20281:15138#0/1	96.923	130	4	0	1341	1470	1	130	2.56e-54	219
NC_011593.1:c2595355-2593832	NB551033:88:H5VWJBGX7:4:11402:14292:12632#0/1	97.619	126	3	0	1274	1399	126	1	9.20e-54	217
NC_011593.1:c2595355-2593832	NB551033:88:H5VWJBGX7:3:13406:8427:3273#0/2	99.138	116	1	0	727	842	1	116	1.54e-51	209
NC_011593.1:c2595355-2593832	NB551033:88:H5VWJBGX7:2:12111:1353:11701#0/2	99.138	116	1	0	94	209	1	116	1.54e-51	209
NC_011593.1:c2595355-2593832	NB551033:88:H5VWJBGX7:3:13406:8427:3273#0/1	99.138	116	1	0	727	842	116	1	1.54e-51	209
NC_011593.1:c2595355-2593832	NB551033:88:H5VWJBGX7:2:12111:1353:11701#0/1	98.319	119	2	0	94	212	119	1	1.54e-51	209
NC_011593.1:c2595355-2593832	NB551033:88:H5VWJBGX7:2:13205:9000:15753#0/2	99.065	107	1	0	971	1077	107	1	1.55e-46	193
NC_011593.1:c2595355-2593832	NB551033:88:H5VWJBGX7:2:23203:21047:19579#0/1	97.345	113	3	0	1358	1470	1	113	1.55e-46	193
NC_011593.1:c2595355-2593832	NB551033:88:H5VWJBGX7:2:13205:9000:15753#0/1	99.065	107	1	0	971	1077	1	107	1.55e-46	193
NC_011593.1:c2595355-2593832	NB551033:88:H5VWJBGX7:4:23504:21679:11101#0/2	100.000	99	0	0	535	633	3	101	9.33e-44	183
NC_011593.1:c2595355-2593832	NB551033:88:H5VWJBGX7:4:23504:21679:11101#0/1	100.000	99	0	0	535	633	99	1	9.33e-44	183
NC_011593.1:c2595355-2593832	NB551033:88:H5VWJBGX7:1:13112:19165:18335#0/2	97.196	107	3	0	1364	1470	117	11	3.36e-43	182
NC_011593.1:c2595355-2593832	NB551033:88:H5VWJBGX7:1:13112:19165:18335#0/1	97.196	107	3	0	1364	1470	1	107	3.36e-43	182
NC_011593.1:c2595355-2593832	NB551033:88:H5VWJBGX7:1:23202:21991:15362#0/2	99.000	100	1	0	751	850	100	1	1.21e-42	180
NC_011593.1:c2595355-2593832	NB551033:88:H5VWJBGX7:2:21301:13132:10341#0/2	98.039	102	2	0	586	687	102	1	4.34e-42	178
NC_011593.1:c2595355-2593832	NB551033:88:H5VWJBGX7:2:21301:13132:10341#0/1	98.039	102	2	0	586	687	1	102	4.34e-42	178
NC_011593.1:c2595355-2593832	NB551033:88:H5VWJBGX7:4:22503:18369:16128#0/2	97.087	103	3	0	1368	1470	1	103	5.62e-41	174
NC_011593.1:c2595355-2593832	NB551033:88:H5VWJBGX7:1:22212:17626:14125#0/2	97.059	102	3	0	849	950	102	1	2.02e-40	172
NC_011593.1:c2595355-2593832	NB551033:88:H5VWJBGX7:3:11607:5862:13276#0/2	95.000	100	5	0	265	364	100	1	5.66e-36	158
NC_011593.1:c2595355-2593832	NB551033:88:H5VWJBGX7:3:22501:15821:10034#0/1	95.000	100	5	0	265	364	100	1	5.66e-36	158
NC_011593.1:c2595355-2593832	NB551033:88:H5VWJBGX7:3:11607:5862:13276#0/1	95.000	100	5	0	265	364	2	101	5.66e-36	158
NC_011593.1:c2595355-2593832	NB551033:88:H5VWJBGX7:3:21602:8427:13598#0/2	96.703	91	3	0	347	437	1	91	2.63e-34	152
NC_011593.1:c2595355-2593832	NB551033:88:H5VWJBGX7:3:21602:8427:13598#0/1	96.703	91	3	0	347	437	91	1	2.63e-34	152
NC_011593.1:c2595355-2593832	NB551033:88:H5VWJBGX7:4:11410:1919:18043#0/2	100.000	73	0	0	437	509	1	73	2.65e-29	135
NC_011593.1:c2595355-2593832	NB551033:88:H5VWJBGX7:4:11410:1919:18043#0/1	100.000	73	0	0	437	509	73	1	2.65e-29	135
NC_011593.1:c2595355-2593832	NB551033:88:H5VWJBGX7:1:22212:17626:14125#0/1	95.890	73	3	0	849	921	1	73	2.67e-24	119
# BLASTN 2.9.0+
# Query: NC_011593.1:c2597106-2595574 Bifidobacterium longum subsp. infantis ATCC 15697, complete genome
# Database: db/blast_C0420-4F-1A_S8.faa
# Fields: query acc.ver, subject acc.ver, % identity, alignment length, mismatches, gap opens, q. start, q. end, s. start, s. end, evalue, bit score
# 13 hits found
NC_011593.1:c2597106-2595574	NB551033:88:H5VWJBGX7:2:22306:3552:5566#0/1	95.238	147	7	0	386	532	147	1	9.19e-59	233
NC_011593.1:c2597106-2595574	NB551033:88:H5VWJBGX7:4:22406:8145:15709#0/1	95.763	118	5	0	1	118	34	151	5.61e-46	191
NC_011593.1:c2597106-2595574	NB551033:88:H5VWJBGX7:2:21111:2899:9401#0/2	98.765	81	1	0	1	81	62	142	4.43e-32	145
NC_011593.1:c2597106-2595574	NB551033:88:H5VWJBGX7:4:12502:26335:3127#0/1	100.000	72	0	0	1	72	72	1	9.59e-29	134
NC_011593.1:c2597106-2595574	NB551033:88:H5VWJBGX7:4:11410:1919:18043#0/2	98.630	73	1	0	437	509	1	73	1.24e-27	130
NC_011593.1:c2597106-2595574	NB551033:88:H5VWJBGX7:4:11410:1919:18043#0/1	98.630	73	1	0	437	509	73	1	1.24e-27	130
NC_011593.1:c2597106-2595574	NB551033:88:H5VWJBGX7:4:11407:17656:12905#0/2	100.000	67	0	0	1	67	67	1	5.77e-26	124
NC_011593.1:c2597106-2595574	NB551033:88:H5VWJBGX7:4:11407:17656:12905#0/1	100.000	67	0	0	1	67	9	75	5.77e-26	124
NC_011593.1:c2597106-2595574	NB551033:88:H5VWJBGX7:3:22501:15821:10034#0/2	95.652	69	3	0	262	330	1	69	4.49e-22	111
NC_011593.1:c2597106-2595574	NB551033:88:H5VWJBGX7:3:11607:5862:13276#0/2	95.652	69	3	0	265	333	100	32	4.49e-22	111
NC_011593.1:c2597106-2595574	NB551033:88:H5VWJBGX7:3:22501:15821:10034#0/1	95.652	69	3	0	265	333	100	32	4.49e-22	111
NC_011593.1:c2597106-2595574	NB551033:88:H5VWJBGX7:3:11607:5862:13276#0/1	96.970	66	2	0	265	330	2	67	4.49e-22	111
NC_011593.1:c2597106-2595574	NB551033:88:H5VWJBGX7:4:12501:14347:12216#0/1	100.000	38	0	0	1	38	114	151	7.63e-10	71.3
# BLASTN 2.9.0+
# Query: NC_011593.1:c2598562-2597207 Bifidobacterium longum subsp. infantis ATCC 15697, complete genome
# Database: db/blast_C0420-4F-1A_S8.faa
# Fields: query acc.ver, subject acc.ver, % identity, alignment length, mismatches, gap opens, q. start, q. end, s. start, s. end, evalue, bit score
# 6 hits found
NC_011593.1:c2598562-2597207	NB551033:88:H5VWJBGX7:1:13305:11879:14956#0/2	100.000	151	0	0	573	723	151	1	1.03e-72	279
NC_011593.1:c2598562-2597207	NB551033:88:H5VWJBGX7:1:13305:11879:14956#0/1	100.000	151	0	0	566	716	1	151	1.03e-72	279
NC_011593.1:c2598562-2597207	NB551033:88:H5VWJBGX7:2:23307:18651:7114#0/2	100.000	124	0	0	138	261	124	1	1.05e-57	230
NC_011593.1:c2598562-2597207	NB551033:88:H5VWJBGX7:4:12507:18180:12503#0/2	100.000	96	0	0	757	852	96	1	3.85e-42	178
NC_011593.1:c2598562-2597207	NB551033:88:H5VWJBGX7:4:12507:18180:12503#0/1	100.000	96	0	0	757	852	1	96	3.85e-42	178
NC_011593.1:c2598562-2597207	NB551033:88:H5VWJBGX7:2:12107:17298:12822#0/2	98.246	57	1	0	1	57	95	151	8.58e-19	100
# BLASTN 2.9.0+
# Query: NC_011593.1:2598858-2601929 Bifidobacterium longum subsp. infantis ATCC 15697, complete genome
# Database: db/blast_C0420-4F-1A_S8.faa
# Fields: query acc.ver, subject acc.ver, % identity, alignment length, mismatches, gap opens, q. start, q. end, s. start, s. end, evalue, bit score
# 224 hits found
NC_011593.1:2598858-2601929	NB551033:88:H5VWJBGX7:4:11612:17772:4640#0/2	100.000	151	0	0	2161	2311	1	151	2.33e-72	279
NC_011593.1:2598858-2601929	NB551033:88:H5VWJBGX7:3:11612:19586:2183#0/2	100.000	151	0	0	333	483	1	151	2.33e-72	279
NC_011593.1:2598858-2601929	NB551033:88:H5VWJBGX7:1:22311:25438:5474#0/2	100.000	151	0	0	364	514	151	1	2.33e-72	279
NC_011593.1:2598858-2601929	NB551033:88:H5VWJBGX7:2:23109:2620:17802#0/1	100.000	151	0	0	284	434	1	151	2.33e-72	279
NC_011593.1:2598858-2601929	NB551033:88:H5VWJBGX7:1:11202:18100:6607#0/1	100.000	151	0	0	976	1126	1	151	2.33e-72	279
NC_011593.1:2598858-2601929	NB551033:88:H5VWJBGX7:4:13507:15545:16328#0/2	100.000	150	0	0	985	1134	150	1	8.38e-72	278
NC_011593.1:2598858-2601929	NB551033:88:H5VWJBGX7:4:11405:26710:9575#0/1	100.000	150	0	0	990	1139	150	1	8.38e-72	278
NC_011593.1:2598858-2601929	NB551033:88:H5VWJBGX7:1:22311:25438:5474#0/1	100.000	150	0	0	248	397	1	150	8.38e-72	278
NC_011593.1:2598858-2601929	NB551033:88:H5VWJBGX7:1:21201:13326:19127#0/1	100.000	150	0	0	1726	1875	1	150	8.38e-72	278
NC_011593.1:2598858-2601929	NB551033:88:H5VWJBGX7:4:11406:1251:9563#0/1	100.000	149	0	0	991	1139	149	1	3.01e-71	276
NC_011593.1:2598858-2601929	NB551033:88:H5VWJBGX7:4:22412:17014:9168#0/2	99.338	151	1	0	1781	1931	151	1	1.08e-70	274
NC_011593.1:2598858-2601929	NB551033:88:H5VWJBGX7:4:12404:2171:18129#0/2	99.338	151	1	0	1072	1222	151	1	1.08e-70	274
NC_011593.1:2598858-2601929	NB551033:88:H5VWJBGX7:4:11406:1251:9563#0/2	99.338	151	1	0	921	1071	1	151	1.08e-70	274
NC_011593.1:2598858-2601929	NB551033:88:H5VWJBGX7:4:11405:26710:9575#0/2	99.338	151	1	0	921	1071	1	151	1.08e-70	274
NC_011593.1:2598858-2601929	NB551033:88:H5VWJBGX7:3:21610:5862:6031#0/2	99.338	151	1	0	1150	1300	151	1	1.08e-70	274
NC_011593.1:2598858-2601929	NB551033:88:H5VWJBGX7:3:13604:14725:1855#0/2	99.338	151	1	0	1836	1986	1	151	1.08e-70	274
NC_011593.1:2598858-2601929	NB551033:88:H5VWJBGX7:3:12612:21498:7850#0/2	99.338	151	1	0	2751	2901	1	151	1.08e-70	274
NC_011593.1:2598858-2601929	NB551033:88:H5VWJBGX7:2:13305:12556:12674#0/2	99.338	151	1	0	1836	1986	1	151	1.08e-70	274
NC_011593.1:2598858-2601929	NB551033:88:H5VWJBGX7:2:13208:23050:15409#0/2	99.338	151	1	0	2193	2343	151	1	1.08e-70	274
NC_011593.1:2598858-2601929	NB551033:88:H5VWJBGX7:1:23210:21368:19274#0/2	100.000	148	0	0	2211	2358	1	148	1.08e-70	274
NC_011593.1:2598858-2601929	NB551033:88:H5VWJBGX7:4:21508:6816:1197#0/1	99.338	151	1	0	18	168	1	151	1.08e-70	274
NC_011593.1:2598858-2601929	NB551033:88:H5VWJBGX7:4:13507:15545:16328#0/1	99.338	151	1	0	976	1126	1	151	1.08e-70	274
NC_011593.1:2598858-2601929	NB551033:88:H5VWJBGX7:4:11612:17772:4640#0/1	99.338	151	1	0	2219	2369	151	1	1.08e-70	274
NC_011593.1:2598858-2601929	NB551033:88:H5VWJBGX7:3:13608:10852:20328#0/1	99.338	151	1	0	985	1135	1	151	1.08e-70	274
NC_011593.1:2598858-2601929	NB551033:88:H5VWJBGX7:2:22312:16315:20098#0/1	99.338	151	1	0	1074	1224	151	1	1.08e-70	274
NC_011593.1:2598858-2601929	NB551033:88:H5VWJBGX7:2:21202:3356:15808#0/1	99.338	151	1	0	1750	1900	151	1	1.08e-70	274
NC_011593.1:2598858-2601929	NB551033:88:H5VWJBGX7:2:13305:12556:12674#0/1	99.338	151	1	0	1959	2109	151	1	1.08e-70	274
NC_011593.1:2598858-2601929	NB551033:88:H5VWJBGX7:1:11101:19111:13286#0/1	99.338	151	1	0	1026	1176	1	151	1.08e-70	274
NC_011593.1:2598858-2601929	NB551033:88:H5VWJBGX7:4:21508:6816:1197#0/2	99.333	150	1	0	312	461	150	1	3.90e-70	272
NC_011593.1:2598858-2601929	NB551033:88:H5VWJBGX7:2:13202:14475:12955#0/2	99.333	150	1	0	137	286	150	1	3.90e-70	272
NC_011593.1:2598858-2601929	NB551033:88:H5VWJBGX7:4:13412:18429:16845#0/1	99.333	150	1	0	1873	2022	1	150	3.90e-70	272
NC_011593.1:2598858-2601929	NB551033:88:H5VWJBGX7:4:12601:5711:3510#0/1	99.333	150	1	0	1573	1722	150	1	3.90e-70	272
NC_011593.1:2598858-2601929	NB551033:88:H5VWJBGX7:3:22609:17240:9128#0/1	99.333	150	1	0	1573	1722	150	1	3.90e-70	272
NC_011593.1:2598858-2601929	NB551033:88:H5VWJBGX7:3:21610:5862:6031#0/1	99.333	150	1	0	1107	1256	1	150	3.90e-70	272
NC_011593.1:2598858-2601929	NB551033:88:H5VWJBGX7:4:13610:9631:10632#0/1	99.329	149	1	0	710	858	1	149	1.40e-69	270
NC_011593.1:2598858-2601929	NB551033:88:H5VWJBGX7:4:13610:9631:10632#0/2	99.324	148	1	0	717	864	150	3	5.05e-69	268
NC_011593.1:2598858-2601929	NB551033:88:H5VWJBGX7:4:13501:14969:5284#0/2	98.675	151	2	0	623	773	151	1	5.05e-69	268
NC_011593.1:2598858-2601929	NB551033:88:H5VWJBGX7:4:13412:18429:16845#0/2	98.675	151	2	0	2540	2690	151	1	5.05e-69	268
NC_011593.1:2598858-2601929	NB551033:88:H5VWJBGX7:4:11604:16318:19712#0/2	98.675	151	2	0	97	247	151	1	5.05e-69	268
NC_011593.1:2598858-2601929	NB551033:88:H5VWJBGX7:3:12605:17890:6186#0/2	98.675	151	2	0	1349	1499	1	151	5.05e-69	268
NC_011593.1:2598858-2601929	NB551033:88:H5VWJBGX7:3:12503:22007:17571#0/2	98.675	151	2	0	2561	2711	151	1	5.05e-69	268
NC_011593.1:2598858-2601929	NB551033:88:H5VWJBGX7:2:23306:9771:1481#0/2	98.675	151	2	0	2778	2928	1	151	5.05e-69	268
NC_011593.1:2598858-2601929	NB551033:88:H5VWJBGX7:2:23303:10006:20252#0/2	98.675	151	2	0	2434	2584	151	1	5.05e-69	268
NC_011593.1:2598858-2601929	NB551033:88:H5VWJBGX7:1:21108:23045:6627#0/2	98.675	151	2	0	2135	2285	1	151	5.05e-69	268
NC_011593.1:2598858-2601929	NB551033:88:H5VWJBGX7:1:13109:23552:11220#0/2	98.675	151	2	0	623	773	151	1	5.05e-69	268
NC_011593.1:2598858-2601929	NB551033:88:H5VWJBGX7:4:22404:7716:4548#0/1	98.675	151	2	0	659	809	1	151	5.05e-69	268
NC_011593.1:2598858-2601929	NB551033:88:H5VWJBGX7:4:21409:22844:10062#0/1	98.675	151	2	0	2106	2256	1	151	5.05e-69	268
NC_011593.1:2598858-2601929	NB551033:88:H5VWJBGX7:4:13602:20878:19653#0/1	99.324	148	1	0	2000	2147	1	148	5.05e-69	268
NC_011593.1:2598858-2601929	NB551033:88:H5VWJBGX7:4:13501:14969:5284#0/1	98.675	151	2	0	566	716	1	151	5.05e-69	268
NC_011593.1:2598858-2601929	NB551033:88:H5VWJBGX7:3:23604:7308:16707#0/1	98.675	151	2	0	2870	3020	1	151	5.05e-69	268
NC_011593.1:2598858-2601929	NB551033:88:H5VWJBGX7:3:22506:12642:3154#0/1	98.675	151	2	0	674	824	151	1	5.05e-69	268
NC_011593.1:2598858-2601929	NB551033:88:H5VWJBGX7:3:12503:22007:17571#0/1	98.675	151	2	0	2529	2679	1	151	5.05e-69	268
NC_011593.1:2598858-2601929	NB551033:88:H5VWJBGX7:3:11503:13241:12079#0/1	98.675	151	2	0	1249	1399	1	151	5.05e-69	268
NC_011593.1:2598858-2601929	NB551033:88:H5VWJBGX7:2:21208:8882:3731#0/1	98.675	151	2	0	2228	2378	1	151	5.05e-69	268
NC_011593.1:2598858-2601929	NB551033:88:H5VWJBGX7:1:23110:25085:13497#0/1	98.675	151	2	0	2868	3018	151	1	5.05e-69	268
NC_011593.1:2598858-2601929	NB551033:88:H5VWJBGX7:1:21108:23045:6627#0/1	98.675	151	2	0	2136	2286	151	1	5.05e-69	268
NC_011593.1:2598858-2601929	NB551033:88:H5VWJBGX7:1:13109:23552:11220#0/1	98.675	151	2	0	566	716	1	151	5.05e-69	268
NC_011593.1:2598858-2601929	NB551033:88:H5VWJBGX7:4:22604:6633:8592#0/2	98.667	150	2	0	2391	2540	150	1	1.81e-68	267
NC_011593.1:2598858-2601929	NB551033:88:H5VWJBGX7:4:21409:22844:10062#0/2	100.000	144	0	0	2161	2304	144	1	1.81e-68	267
NC_011593.1:2598858-2601929	NB551033:88:H5VWJBGX7:4:13602:20878:19653#0/2	98.667	150	2	0	2261	2410	150	1	1.81e-68	267
NC_011593.1:2598858-2601929	NB551033:88:H5VWJBGX7:3:23502:17657:18745#0/2	98.667	150	2	0	659	808	1	150	1.81e-68	267
NC_011593.1:2598858-2601929	NB551033:88:H5VWJBGX7:3:13401:19446:7364#0/2	98.667	150	2	0	739	888	150	1	1.81e-68	267
NC_011593.1:2598858-2601929	NB551033:88:H5VWJBGX7:2:22102:20095:19828#0/2	98.667	150	2	0	2147	2296	1	150	1.81e-68	267
NC_011593.1:2598858-2601929	NB551033:88:H5VWJBGX7:1:22102:4142:19092#0/2	98.667	150	2	0	1232	1381	150	1	1.81e-68	267
NC_011593.1:2598858-2601929	NB551033:88:H5VWJBGX7:1:21201:13326:19127#0/2	98.667	150	2	0	2006	2155	150	1	1.81e-68	267
NC_011593.1:2598858-2601929	NB551033:88:H5VWJBGX7:1:13212:7697:10802#0/2	98.667	150	2	0	1349	1498	1	150	1.81e-68	267
NC_011593.1:2598858-2601929	NB551033:88:H5VWJBGX7:1:11101:19111:13286#0/2	98.667	150	2	0	1134	1283	150	1	1.81e-68	267
NC_011593.1:2598858-2601929	NB551033:88:H5VWJBGX7:4:12409:19885:6495#0/1	100.000	144	0	0	2161	2304	144	1	1.81e-68	267
NC_011593.1:2598858-2601929	NB551033:88:H5VWJBGX7:4:12404:2171:18129#0/1	98.667	150	2	0	1020	1169	1	150	1.81e-68	267
NC_011593.1:2598858-2601929	NB551033:88:H5VWJBGX7:4:11604:16318:19712#0/1	98.667	150	2	0	49	198	1	150	1.81e-68	267
NC_011593.1:2598858-2601929	NB551033:88:H5VWJBGX7:3:23502:17657:18745#0/1	98.667	150	2	0	1039	1188	150	1	1.81e-68	267
NC_011593.1:2598858-2601929	NB551033:88:H5VWJBGX7:3:22508:17055:12680#0/1	100.000	144	0	0	2161	2304	144	1	1.81e-68	267
NC_011593.1:2598858-2601929	NB551033:88:H5VWJBGX7:3:13604:14725:1855#0/1	98.667	150	2	0	2398	2547	150	1	1.81e-68	267
NC_011593.1:2598858-2601929	NB551033:88:H5VWJBGX7:2:13304:7748:19738#0/1	98.667	150	2	0	87	236	1	150	1.81e-68	267
NC_011593.1:2598858-2601929	NB551033:88:H5VWJBGX7:2:13202:14475:12955#0/1	98.667	150	2	0	98	247	1	150	1.81e-68	267
NC_011593.1:2598858-2601929	NB551033:88:H5VWJBGX7:1:22111:7178:6862#0/1	98.667	150	2	0	643	792	150	1	1.81e-68	267
NC_011593.1:2598858-2601929	NB551033:88:H5VWJBGX7:1:12311:6190:12738#0/1	98.667	150	2	0	2440	2589	150	1	1.81e-68	267
NC_011593.1:2598858-2601929	NB551033:88:H5VWJBGX7:3:22506:12642:3154#0/2	98.658	149	2	0	611	759	1	149	6.53e-68	265
NC_011593.1:2598858-2601929	NB551033:88:H5VWJBGX7:1:12311:6190:12738#0/2	98.658	149	2	0	2383	2531	1	149	6.53e-68	265
NC_011593.1:2598858-2601929	NB551033:88:H5VWJBGX7:1:22212:24585:17870#0/1	98.658	149	2	0	2398	2546	149	1	6.53e-68	265
NC_011593.1:2598858-2601929	NB551033:88:H5VWJBGX7:4:22404:7716:4548#0/2	98.649	148	2	0	745	892	151	4	2.35e-67	263
NC_011593.1:2598858-2601929	NB551033:88:H5VWJBGX7:2:12111:13020:19151#0/2	98.013	151	3	0	2643	2793	1	151	2.35e-67	263
NC_011593.1:2598858-2601929	NB551033:88:H5VWJBGX7:1:23110:25085:13497#0/2	98.013	151	3	0	2624	2774	1	151	2.35e-67	263
NC_011593.1:2598858-2601929	NB551033:88:H5VWJBGX7:1:13101:5034:2604#0/2	98.013	151	3	0	2367	2517	151	1	2.35e-67	263
NC_011593.1:2598858-2601929	NB551033:88:H5VWJBGX7:3:23502:11705:13387#0/1	98.013	151	3	0	2491	2641	151	1	2.35e-67	263
NC_011593.1:2598858-2601929	NB551033:88:H5VWJBGX7:3:13512:15297:8420#0/1	100.000	142	0	0	2163	2304	142	1	2.35e-67	263
NC_011593.1:2598858-2601929	NB551033:88:H5VWJBGX7:3:12605:17890:6186#0/1	98.013	151	3	0	1393	1543	151	1	2.35e-67	263
NC_011593.1:2598858-2601929	NB551033:88:H5VWJBGX7:3:11606:20409:17356#0/1	98.013	151	3	0	2650	2800	1	151	2.35e-67	263
NC_011593.1:2598858-2601929	NB551033:88:H5VWJBGX7:3:23502:11705:13387#0/2	98.000	150	3	0	2486	2635	1	150	8.44e-67	261
NC_011593.1:2598858-2601929	NB551033:88:H5VWJBGX7:3:11503:13241:12079#0/2	98.000	150	3	0	1401	1550	150	1	8.44e-67	261
NC_011593.1:2598858-2601929	NB551033:88:H5VWJBGX7:2:21208:8882:3731#0/2	98.000	150	3	0	2348	2497	150	1	8.44e-67	261
NC_011593.1:2598858-2601929	NB551033:88:H5VWJBGX7:2:11211:18759:10876#0/2	98.000	150	3	0	2643	2792	1	150	8.44e-67	261
NC_011593.1:2598858-2601929	NB551033:88:H5VWJBGX7:1:22212:24585:17870#0/2	98.000	150	3	0	2323	2472	1	150	8.44e-67	261
NC_011593.1:2598858-2601929	NB551033:88:H5VWJBGX7:4:13402:3217:13623#0/1	98.000	150	3	0	2677	2826	1	150	8.44e-67	261
NC_011593.1:2598858-2601929	NB551033:88:H5VWJBGX7:2:22102:20095:19828#0/1	98.000	150	3	0	2286	2435	150	1	8.44e-67	261
NC_011593.1:2598858-2601929	NB551033:88:H5VWJBGX7:1:23210:21368:19274#0/1	98.000	150	3	0	2348	2497	150	1	8.44e-67	261
NC_011593.1:2598858-2601929	NB551033:88:H5VWJBGX7:1:13101:5034:2604#0/1	98.000	150	3	0	2279	2428	1	150	8.44e-67	261
NC_011593.1:2598858-2601929	NB551033:88:H5VWJBGX7:4:22604:6633:8592#0/1	97.987	149	3	0	2333	2481	1	149	3.04e-66	259
NC_011593.1:2598858-2601929	NB551033:88:H5VWJBGX7:2:23303:10006:20252#0/1	97.987	149	3	0	2300	2448	1	149	3.04e-66	259
NC_011593.1:2598858-2601929	NB551033:88:H5VWJBGX7:4:12601:5711:3510#0/2	97.351	151	4	0	1493	1643	1	151	1.09e-65	257
NC_011593.1:2598858-2601929	NB551033:88:H5VWJBGX7:4:12409:19885:6495#0/2	97.351	151	4	0	2046	2196	1	151	1.09e-65	257
NC_011593.1:2598858-2601929	NB551033:88:H5VWJBGX7:3:22609:17240:9128#0/2	97.351	151	4	0	1493	1643	1	151	1.09e-65	257
NC_011593.1:2598858-2601929	NB551033:88:H5VWJBGX7:1:22205:12594:11566#0/1	97.973	148	3	0	2925	3072	1	148	1.09e-65	257
NC_011593.1:2598858-2601929	NB551033:88:H5VWJBGX7:1:22106:14315:16987#0/1	97.351	151	4	0	1496	1646	151	1	1.09e-65	257
NC_011593.1:2598858-2601929	NB551033:88:H5VWJBGX7:1:13212:7697:10802#0/1	97.351	151	4	0	1438	1588	151	1	1.09e-65	257
NC_011593.1:2598858-2601929	NB551033:88:H5VWJBGX7:3:22508:17055:12680#0/2	97.333	150	4	0	2046	2195	1	150	3.93e-65	255
NC_011593.1:2598858-2601929	NB551033:88:H5VWJBGX7:2:23106:16509:17110#0/2	98.611	144	2	0	2875	3018	144	1	3.93e-65	255
NC_011593.1:2598858-2601929	NB551033:88:H5VWJBGX7:1:22106:14315:16987#0/2	97.333	150	4	0	1469	1618	1	150	3.93e-65	255
NC_011593.1:2598858-2601929	NB551033:88:H5VWJBGX7:2:23106:16509:17110#0/1	98.611	144	2	0	2875	3018	1	144	3.93e-65	255
NC_011593.1:2598858-2601929	NB551033:88:H5VWJBGX7:1:22102:4142:19092#0/1	97.333	150	4	0	799	948	1	150	3.93e-65	255
NC_011593.1:2598858-2601929	NB551033:88:H5VWJBGX7:1:11105:16084:18069#0/1	97.333	150	4	0	776	925	150	1	3.93e-65	255
NC_011593.1:2598858-2601929	NB551033:88:H5VWJBGX7:3:11612:19586:2183#0/1	97.315	149	4	0	535	683	149	1	1.41e-64	254
NC_011593.1:2598858-2601929	NB551033:88:H5VWJBGX7:4:21604:23353:12402#0/2	97.297	148	4	0	873	1020	148	1	5.08e-64	252
NC_011593.1:2598858-2601929	NB551033:88:H5VWJBGX7:4:12403:20440:12190#0/2	98.592	142	2	0	651	792	142	1	5.08e-64	252
NC_011593.1:2598858-2601929	NB551033:88:H5VWJBGX7:3:13512:15297:8420#0/2	96.689	151	5	0	2046	2196	1	151	5.08e-64	252
NC_011593.1:2598858-2601929	NB551033:88:H5VWJBGX7:2:22312:16315:20098#0/2	96.689	151	5	0	826	976	1	151	5.08e-64	252
NC_011593.1:2598858-2601929	NB551033:88:H5VWJBGX7:1:11105:16084:18069#0/2	96.689	151	5	0	424	574	1	151	5.08e-64	252
NC_011593.1:2598858-2601929	NB551033:88:H5VWJBGX7:4:21604:23353:12402#0/1	96.689	151	5	0	859	1009	1	151	5.08e-64	252
NC_011593.1:2598858-2601929	NB551033:88:H5VWJBGX7:4:12403:20440:12190#0/1	98.592	142	2	0	651	792	1	142	5.08e-64	252
NC_011593.1:2598858-2601929	NB551033:88:H5VWJBGX7:2:23109:2620:17802#0/2	96.667	150	5	0	459	608	150	1	1.83e-63	250
NC_011593.1:2598858-2601929	NB551033:88:H5VWJBGX7:1:22111:7178:6862#0/2	96.667	150	5	0	479	628	1	150	1.83e-63	250
NC_011593.1:2598858-2601929	NB551033:88:H5VWJBGX7:3:13401:19446:7364#0/1	96.667	150	5	0	527	676	1	150	1.83e-63	250
NC_011593.1:2598858-2601929	NB551033:88:H5VWJBGX7:2:22301:3238:17780#0/1	96.667	150	5	0	2707	2856	1	150	1.83e-63	250
NC_011593.1:2598858-2601929	NB551033:88:H5VWJBGX7:2:13208:23050:15409#0/1	96.667	150	5	0	2100	2249	1	150	1.83e-63	250
NC_011593.1:2598858-2601929	NB551033:88:H5VWJBGX7:3:12407:6343:13816#0/2	97.260	146	4	0	784	929	1	146	6.57e-63	248
NC_011593.1:2598858-2601929	NB551033:88:H5VWJBGX7:3:12509:24093:18432#0/1	96.644	149	5	0	2529	2677	1	149	6.57e-63	248
NC_011593.1:2598858-2601929	NB551033:88:H5VWJBGX7:3:12407:6343:13816#0/1	97.260	146	4	0	784	929	146	1	6.57e-63	248
NC_011593.1:2598858-2601929	NB551033:88:H5VWJBGX7:2:13304:7748:19738#0/2	96.000	150	6	0	473	622	150	1	8.50e-62	244
NC_011593.1:2598858-2601929	NB551033:88:H5VWJBGX7:1:11309:13785:13260#0/2	100.000	131	0	0	1936	2066	1	131	3.06e-61	243
NC_011593.1:2598858-2601929	NB551033:88:H5VWJBGX7:1:11309:13785:13260#0/1	100.000	131	0	0	1936	2066	131	1	3.06e-61	243
NC_011593.1:2598858-2601929	NB551033:88:H5VWJBGX7:2:12108:17854:9651#0/2	99.242	132	1	0	1	132	5	136	3.96e-60	239
NC_011593.1:2598858-2601929	NB551033:88:H5VWJBGX7:1:12102:11116:8883#0/2	99.242	132	1	0	1	132	5	136	3.96e-60	239
NC_011593.1:2598858-2601929	NB551033:88:H5VWJBGX7:2:12108:17854:9651#0/1	99.242	132	1	0	1	132	132	1	3.96e-60	239
NC_011593.1:2598858-2601929	NB551033:88:H5VWJBGX7:1:12102:11116:8883#0/1	99.242	132	1	0	1	132	132	1	3.96e-60	239
NC_011593.1:2598858-2601929	NB551033:88:H5VWJBGX7:3:13502:5087:8644#0/2	99.225	129	1	0	7	135	2	130	1.84e-58	233
NC_011593.1:2598858-2601929	NB551033:88:H5VWJBGX7:2:11106:14006:16711#0/2	95.833	144	6	0	511	654	1	144	1.84e-58	233
NC_011593.1:2598858-2601929	NB551033:88:H5VWJBGX7:3:13502:5087:8644#0/1	99.225	129	1	0	7	135	129	1	1.84e-58	233
NC_011593.1:2598858-2601929	NB551033:88:H5VWJBGX7:2:11106:14006:16711#0/1	95.833	144	6	0	511	654	144	1	1.84e-58	233
NC_011593.1:2598858-2601929	NB551033:88:H5VWJBGX7:3:11606:20409:17356#0/2	97.744	133	3	0	2940	3072	151	19	2.38e-57	230
NC_011593.1:2598858-2601929	NB551033:88:H5VWJBGX7:2:21202:3356:15808#0/2	97.059	136	4	0	1437	1572	1	136	2.38e-57	230
NC_011593.1:2598858-2601929	NB551033:88:H5VWJBGX7:2:11303:18904:5496#0/2	96.970	132	4	0	818	949	132	1	3.98e-55	222
NC_011593.1:2598858-2601929	NB551033:88:H5VWJBGX7:2:11303:18904:5496#0/1	96.970	132	4	0	818	949	1	132	3.98e-55	222
NC_011593.1:2598858-2601929	NB551033:88:H5VWJBGX7:3:23604:7308:16707#0/2	97.656	128	3	0	2945	3072	151	24	1.43e-54	220
NC_011593.1:2598858-2601929	NB551033:88:H5VWJBGX7:1:22205:12594:11566#0/2	97.619	126	3	0	2947	3072	151	26	1.85e-53	217
NC_011593.1:2598858-2601929	NB551033:88:H5VWJBGX7:4:11405:20216:5742#0/2	100.000	113	0	0	269	381	113	1	3.10e-51	209
NC_011593.1:2598858-2601929	NB551033:88:H5VWJBGX7:1:13309:16105:9997#0/2	97.541	122	3	0	2106	2227	1	122	3.10e-51	209
NC_011593.1:2598858-2601929	NB551033:88:H5VWJBGX7:4:11405:20216:5742#0/1	100.000	113	0	0	269	381	1	113	3.10e-51	209
NC_011593.1:2598858-2601929	NB551033:88:H5VWJBGX7:1:13309:16105:9997#0/1	97.541	122	3	0	2106	2227	122	1	3.10e-51	209
NC_011593.1:2598858-2601929	NB551033:88:H5VWJBGX7:2:22201:17939:4307#0/2	99.130	115	1	0	16	130	115	1	1.12e-50	207
NC_011593.1:2598858-2601929	NB551033:88:H5VWJBGX7:2:22201:17939:4307#0/1	99.130	115	1	0	16	130	1	115	1.12e-50	207
NC_011593.1:2598858-2601929	NB551033:88:H5VWJBGX7:3:12612:21498:7850#0/1	97.458	118	3	0	2955	3072	150	33	5.19e-49	202
NC_011593.1:2598858-2601929	NB551033:88:H5VWJBGX7:1:11202:18100:6607#0/2	99.091	110	1	0	1336	1445	110	1	6.71e-48	198
NC_011593.1:2598858-2601929	NB551033:88:H5VWJBGX7:4:11507:23297:7313#0/2	97.297	111	3	0	1492	1602	1	111	4.04e-45	189
NC_011593.1:2598858-2601929	NB551033:88:H5VWJBGX7:4:11507:23297:7313#0/1	97.297	111	3	0	1492	1602	111	1	4.04e-45	189
NC_011593.1:2598858-2601929	NB551033:88:H5VWJBGX7:4:22412:17014:9168#0/1	100.000	101	0	0	1636	1736	1	101	1.45e-44	187
NC_011593.1:2598858-2601929	NB551033:88:H5VWJBGX7:2:12104:13392:7427#0/2	100.000	99	0	0	1	99	99	1	1.88e-43	183
NC_011593.1:2598858-2601929	NB551033:88:H5VWJBGX7:2:21211:7434:5415#0/2	99.000	100	1	0	2032	2131	100	1	2.43e-42	180
NC_011593.1:2598858-2601929	NB551033:88:H5VWJBGX7:2:21211:7434:5415#0/1	99.000	100	1	0	2032	2131	1	100	2.43e-42	180
NC_011593.1:2598858-2601929	NB551033:88:H5VWJBGX7:4:11603:16684:2487#0/2	100.000	96	0	0	296	391	96	1	8.75e-42	178
NC_011593.1:2598858-2601929	NB551033:88:H5VWJBGX7:4:11603:16684:2487#0/1	100.000	96	0	0	296	391	1	96	8.75e-42	178
NC_011593.1:2598858-2601929	NB551033:88:H5VWJBGX7:3:22504:19110:15155#0/2	97.030	101	3	0	2686	2786	101	1	1.46e-39	171
NC_011593.1:2598858-2601929	NB551033:88:H5VWJBGX7:3:22504:19110:15155#0/1	97.030	101	3	0	2686	2786	1	101	1.46e-39	171
NC_011593.1:2598858-2601929	NB551033:88:H5VWJBGX7:1:21210:9021:5352#0/2	97.938	97	2	0	1437	1533	97	1	5.26e-39	169
NC_011593.1:2598858-2601929	NB551033:88:H5VWJBGX7:1:21210:9021:5352#0/1	97.938	97	2	0	1437	1533	1	97	5.26e-39	169
NC_011593.1:2598858-2601929	NB551033:88:H5VWJBGX7:1:21106:9681:6635#0/2	97.917	96	2	0	2489	2584	1	96	1.89e-38	167
NC_011593.1:2598858-2601929	NB551033:88:H5VWJBGX7:1:21106:9681:6635#0/1	97.917	96	2	0	2489	2584	96	1	1.89e-38	167
NC_011593.1:2598858-2601929	NB551033:88:H5VWJBGX7:3:13505:20714:19736#0/2	98.901	91	1	0	1593	1683	1	91	2.45e-37	163
NC_011593.1:2598858-2601929	NB551033:88:H5VWJBGX7:3:13505:20714:19736#0/1	98.901	91	1	0	1593	1683	91	1	2.45e-37	163
NC_011593.1:2598858-2601929	NB551033:88:H5VWJBGX7:3:12510:12160:17597#0/1	97.826	92	2	0	2981	3072	1	92	3.17e-36	159
NC_011593.1:2598858-2601929	NB551033:88:H5VWJBGX7:3:13608:10852:20328#0/2	95.833	96	4	0	1448	1543	96	1	4.10e-35	156
NC_011593.1:2598858-2601929	NB551033:88:H5VWJBGX7:4:13410:23096:8278#0/2	98.795	83	1	0	1789	1871	1	83	6.86e-33	148
NC_011593.1:2598858-2601929	NB551033:88:H5VWJBGX7:4:13410:23096:8278#0/1	98.795	83	1	0	1789	1871	83	1	6.86e-33	148
NC_011593.1:2598858-2601929	NB551033:88:H5VWJBGX7:3:12404:13105:14228#0/2	100.000	75	0	0	2219	2293	1	75	4.13e-30	139
NC_011593.1:2598858-2601929	NB551033:88:H5VWJBGX7:3:12404:13105:14228#0/1	100.000	75	0	0	2219	2293	75	1	4.13e-30	139
NC_011593.1:2598858-2601929	NB551033:88:H5VWJBGX7:3:11503:6328:20192#0/2	100.000	70	0	0	2508	2577	70	1	2.48e-27	130
NC_011593.1:2598858-2601929	NB551033:88:H5VWJBGX7:1:11203:12214:12305#0/2	100.000	70	0	0	2508	2577	70	1	2.48e-27	130
NC_011593.1:2598858-2601929	NB551033:88:H5VWJBGX7:3:11503:6328:20192#0/1	100.000	70	0	0	2508	2577	3	72	2.48e-27	130
NC_011593.1:2598858-2601929	NB551033:88:H5VWJBGX7:1:11308:5268:17881#0/1	100.000	70	0	0	273	342	1	70	2.48e-27	130
NC_011593.1:2598858-2601929	NB551033:88:H5VWJBGX7:1:11203:12214:12305#0/1	100.000	70	0	0	2508	2577	3	72	2.48e-27	130
NC_011593.1:2598858-2601929	NB551033:88:H5VWJBGX7:1:11308:5268:17881#0/2	100.000	69	0	0	274	342	69	1	8.93e-27	128
NC_011593.1:2598858-2601929	NB551033:88:H5VWJBGX7:3:12509:24093:18432#0/2	97.297	74	2	0	2999	3072	95	22	3.21e-26	126
NC_011593.1:2598858-2601929	NB551033:88:H5VWJBGX7:3:11503:18351:15104#0/2	98.592	71	1	0	677	747	71	1	3.21e-26	126
NC_011593.1:2598858-2601929	NB551033:88:H5VWJBGX7:1:23107:20942:13203#0/2	100.000	68	0	0	383	450	68	1	3.21e-26	126
NC_011593.1:2598858-2601929	NB551033:88:H5VWJBGX7:3:11503:18351:15104#0/1	98.592	71	1	0	677	747	1	71	3.21e-26	126
NC_011593.1:2598858-2601929	NB551033:88:H5VWJBGX7:1:23107:20942:13203#0/1	100.000	68	0	0	383	450	1	68	3.21e-26	126
NC_011593.1:2598858-2601929	NB551033:88:H5VWJBGX7:2:13302:8120:6540#0/2	97.260	73	2	0	2622	2694	1	73	1.16e-25	124
NC_011593.1:2598858-2601929	NB551033:88:H5VWJBGX7:1:21308:16238:6348#0/2	100.000	67	0	0	1	67	67	1	1.16e-25	124
NC_011593.1:2598858-2601929	NB551033:88:H5VWJBGX7:2:13302:8120:6540#0/1	97.260	73	2	0	2622	2694	73	1	1.16e-25	124
NC_011593.1:2598858-2601929	NB551033:88:H5VWJBGX7:4:13402:16043:4954#0/2	100.000	64	0	0	1071	1134	64	1	5.38e-24	119
NC_011593.1:2598858-2601929	NB551033:88:H5VWJBGX7:4:13402:16043:4954#0/1	100.000	64	0	0	1071	1134	1	64	5.38e-24	119
NC_011593.1:2598858-2601929	NB551033:88:H5VWJBGX7:3:21512:21594:14122#0/2	100.000	63	0	0	1	63	82	144	1.93e-23	117
NC_011593.1:2598858-2601929	NB551033:88:H5VWJBGX7:3:21512:21594:14122#0/1	100.000	63	0	0	1	63	63	1	1.93e-23	117
NC_011593.1:2598858-2601929	NB551033:88:H5VWJBGX7:2:23301:3326:7974#0/1	97.101	69	2	0	3004	3072	1	69	1.93e-23	117
NC_011593.1:2598858-2601929	NB551033:88:H5VWJBGX7:4:11406:12298:10301#0/2	100.000	62	0	0	2912	2973	1	62	6.96e-23	115
NC_011593.1:2598858-2601929	NB551033:88:H5VWJBGX7:1:13209:17144:1461#0/2	95.775	71	3	0	2686	2756	71	1	6.96e-23	115
NC_011593.1:2598858-2601929	NB551033:88:H5VWJBGX7:4:11406:12298:10301#0/1	100.000	62	0	0	2912	2973	62	1	6.96e-23	115
NC_011593.1:2598858-2601929	NB551033:88:H5VWJBGX7:3:21609:26284:18726#0/1	95.775	71	3	0	2686	2756	71	1	6.96e-23	115
NC_011593.1:2598858-2601929	NB551033:88:H5VWJBGX7:1:13209:17144:1461#0/1	95.775	71	3	0	2686	2756	1	71	6.96e-23	115
NC_011593.1:2598858-2601929	NB551033:88:H5VWJBGX7:3:21609:26284:18726#0/2	95.714	70	3	0	2686	2755	1	70	2.50e-22	113
NC_011593.1:2598858-2601929	NB551033:88:H5VWJBGX7:2:12203:9455:16767#0/1	100.000	59	0	0	255	313	59	1	3.24e-21	110
NC_011593.1:2598858-2601929	NB551033:88:H5VWJBGX7:1:23311:13400:9660#0/2	100.000	58	0	0	1	58	58	1	1.16e-20	108
NC_011593.1:2598858-2601929	NB551033:88:H5VWJBGX7:1:23311:13400:9660#0/1	100.000	58	0	0	1	58	13	70	1.16e-20	108
NC_011593.1:2598858-2601929	NB551033:88:H5VWJBGX7:4:22603:14960:17529#0/2	98.333	60	1	0	2962	3021	1	60	4.19e-20	106
NC_011593.1:2598858-2601929	NB551033:88:H5VWJBGX7:2:22103:4787:2831#0/2	98.333	60	1	0	2587	2646	1	60	4.19e-20	106
NC_011593.1:2598858-2601929	NB551033:88:H5VWJBGX7:4:22603:14960:17529#0/1	98.333	60	1	0	2962	3021	60	1	4.19e-20	106
NC_011593.1:2598858-2601929	NB551033:88:H5VWJBGX7:2:22303:3792:11294#0/1	96.825	63	2	0	3010	3072	1	63	4.19e-20	106
NC_011593.1:2598858-2601929	NB551033:88:H5VWJBGX7:2:22103:4787:2831#0/1	98.333	60	1	0	2587	2646	60	1	4.19e-20	106
NC_011593.1:2598858-2601929	NB551033:88:H5VWJBGX7:2:22101:8613:8109#0/2	98.214	56	1	0	1143	1198	56	1	7.00e-18	99.0
NC_011593.1:2598858-2601929	NB551033:88:H5VWJBGX7:2:22101:8613:8109#0/1	98.214	56	1	0	1143	1198	1	56	7.00e-18	99.0
NC_011593.1:2598858-2601929	NB551033:88:H5VWJBGX7:3:21511:20213:9350#0/2	98.148	54	1	0	1302	1355	1	54	9.06e-17	95.3
NC_011593.1:2598858-2601929	NB551033:88:H5VWJBGX7:3:21506:20782:15457#0/2	98.148	54	1	0	2389	2442	1	54	9.06e-17	95.3
NC_011593.1:2598858-2601929	NB551033:88:H5VWJBGX7:3:21511:20213:9350#0/1	98.148	54	1	0	1302	1355	54	1	9.06e-17	95.3
NC_011593.1:2598858-2601929	NB551033:88:H5VWJBGX7:3:21506:20782:15457#0/1	98.148	54	1	0	2389	2442	54	1	9.06e-17	95.3
NC_011593.1:2598858-2601929	NB551033:88:H5VWJBGX7:4:11602:7432:17074#0/2	96.429	56	2	0	3017	3072	1	56	3.26e-16	93.5
NC_011593.1:2598858-2601929	NB551033:88:H5VWJBGX7:2:21108:18082:16855#0/2	96.364	55	2	0	3018	3072	95	41	1.17e-15	91.6
NC_011593.1:2598858-2601929	NB551033:88:H5VWJBGX7:2:21108:18082:16855#0/1	96.364	55	2	0	3018	3072	1	55	1.17e-15	91.6
NC_011593.1:2598858-2601929	NB551033:88:H5VWJBGX7:1:12305:22230:18663#0/2	96.154	52	2	0	2149	2200	52	1	5.45e-14	86.1
NC_011593.1:2598858-2601929	NB551033:88:H5VWJBGX7:1:12305:22230:18663#0/1	96.154	52	2	0	2149	2200	3	54	5.45e-14	86.1
NC_011593.1:2598858-2601929	NB551033:88:H5VWJBGX7:3:22511:17864:7657#0/2	97.917	48	1	0	828	875	48	1	1.96e-13	84.2
NC_011593.1:2598858-2601929	NB551033:88:H5VWJBGX7:3:22511:17864:7657#0/1	97.917	48	1	0	828	875	1	48	1.96e-13	84.2
NC_011593.1:2598858-2601929	NB551033:88:H5VWJBGX7:3:22507:16781:1851#0/1	100.000	39	0	0	1	39	39	1	4.25e-10	73.1
NC_011593.1:2598858-2601929	NB551033:88:H5VWJBGX7:3:23602:24157:5739#0/2	100.000	34	0	0	1	34	34	1	2.56e-07	63.9
NC_011593.1:2598858-2601929	NB551033:88:H5VWJBGX7:1:21308:16238:6348#0/1	100.000	34	0	0	1	34	115	148	2.56e-07	63.9
NC_011593.1:2598858-2601929	NB551033:88:H5VWJBGX7:4:11606:5560:15728#0/2	100.000	28	0	0	1028	1055	101	128	5.53e-04	52.8
# BLASTN 2.9.0+
# Query: NC_011593.1:c2604454-2602106 Bifidobacterium longum subsp. infantis ATCC 15697, complete genome
# Database: db/blast_C0420-4F-1A_S8.faa
# 0 hits found
# BLASTN 2.9.0+
# Query: NC_011593.1:c2605922-2604486 Bifidobacterium longum subsp. infantis ATCC 15697, complete genome
# Database: db/blast_C0420-4F-1A_S8.faa
# 0 hits found
# BLASTN 2.9.0+
# Query: NC_011593.1:c2606381-2605944 Bifidobacterium longum subsp. infantis ATCC 15697, complete genome
# Database: db/blast_C0420-4F-1A_S8.faa
# 0 hits found
# BLASTN 2.9.0+
# Query: NC_011593.1:c2607314-2606418 Bifidobacterium longum subsp. infantis ATCC 15697, complete genome
# Database: db/blast_C0420-4F-1A_S8.faa
# 0 hits found
# BLASTN 2.9.0+
# Query: NC_011593.1:c2608249-2607458 Bifidobacterium longum subsp. infantis ATCC 15697, complete genome
# Database: db/blast_C0420-4F-1A_S8.faa
# Fields: query acc.ver, subject acc.ver, % identity, alignment length, mismatches, gap opens, q. start, q. end, s. start, s. end, evalue, bit score
# 1 hits found
NC_011593.1:c2608249-2607458	NB551033:88:H5VWJBGX7:4:23501:23712:4824#0/1	95.000	100	5	0	693	792	1	100	2.92e-36	158
# BLASTN 2.9.0+
# Query: NC_011593.1:c2609546-2608269 Bifidobacterium longum subsp. infantis ATCC 15697, complete genome
# Database: db/blast_C0420-4F-1A_S8.faa
# Fields: query acc.ver, subject acc.ver, % identity, alignment length, mismatches, gap opens, q. start, q. end, s. start, s. end, evalue, bit score
# 11 hits found
NC_011593.1:c2609546-2608269	NB551033:88:H5VWJBGX7:1:11208:26750:14346#0/2	96.667	150	5	0	197	346	1	150	7.58e-64	250
NC_011593.1:c2609546-2608269	NB551033:88:H5VWJBGX7:1:11207:1296:14345#0/2	96.667	150	5	0	197	346	1	150	7.58e-64	250
NC_011593.1:c2609546-2608269	NB551033:88:H5VWJBGX7:4:13401:15796:8546#0/2	96.026	151	6	0	891	1041	151	1	9.81e-63	246
NC_011593.1:c2609546-2608269	NB551033:88:H5VWJBGX7:1:21204:19199:2527#0/1	96.026	151	6	0	904	1054	1	151	9.81e-63	246
NC_011593.1:c2609546-2608269	NB551033:88:H5VWJBGX7:4:12612:23404:9733#0/2	95.364	151	7	0	912	1062	151	1	4.56e-61	241
NC_011593.1:c2609546-2608269	NB551033:88:H5VWJBGX7:4:12501:18994:4774#0/2	95.946	148	6	0	904	1051	148	1	4.56e-61	241
NC_011593.1:c2609546-2608269	NB551033:88:H5VWJBGX7:2:13112:17334:19801#0/2	95.070	142	7	0	900	1041	142	1	4.59e-56	224
NC_011593.1:c2609546-2608269	NB551033:88:H5VWJBGX7:2:12204:23050:15507#0/2	95.200	125	6	0	1152	1276	1	125	2.78e-48	198
NC_011593.1:c2609546-2608269	NB551033:88:H5VWJBGX7:2:12204:23050:15507#0/1	95.200	125	6	0	1152	1276	143	19	2.78e-48	198
NC_011593.1:c2609546-2608269	NB551033:88:H5VWJBGX7:1:22102:22856:18950#0/2	100.000	76	0	0	229	304	76	1	4.76e-31	141
NC_011593.1:c2609546-2608269	NB551033:88:H5VWJBGX7:1:22102:22856:18950#0/1	100.000	76	0	0	229	304	1	76	4.76e-31	141
# BLASTN 2.9.0+
# Query: NC_011593.1:c2610356-2609697 Bifidobacterium longum subsp. infantis ATCC 15697, complete genome
# Database: db/blast_C0420-4F-1A_S8.faa
# 0 hits found
# BLASTN 2.9.0+
# Query: NC_011593.1:c2611458-2610496 Bifidobacterium longum subsp. infantis ATCC 15697, complete genome
# Database: db/blast_C0420-4F-1A_S8.faa
# 0 hits found
# BLASTN 2.9.0+
# Query: NC_011593.1:c2612430-2611477 Bifidobacterium longum subsp. infantis ATCC 15697, complete genome
# Database: db/blast_C0420-4F-1A_S8.faa
# 0 hits found
# BLASTN 2.9.0+
# Query: NC_011593.1:c2614109-2612517 Bifidobacterium longum subsp. infantis ATCC 15697, complete genome
# Database: db/blast_C0420-4F-1A_S8.faa
# 0 hits found
# BLASTN 2.9.0+
# Query: NC_011593.1:c2615274-2614312 Bifidobacterium longum subsp. infantis ATCC 15697, complete genome
# Database: db/blast_C0420-4F-1A_S8.faa
# 0 hits found
# BLASTN 2.9.0+
# Query: NC_011593.1:c2616246-2615293 Bifidobacterium longum subsp. infantis ATCC 15697, complete genome
# Database: db/blast_C0420-4F-1A_S8.faa
# 0 hits found
# BLASTN 2.9.0+
# Query: NC_011593.1:c2617928-2616333 Bifidobacterium longum subsp. infantis ATCC 15697, complete genome
# Database: db/blast_C0420-4F-1A_S8.faa
# Fields: query acc.ver, subject acc.ver, % identity, alignment length, mismatches, gap opens, q. start, q. end, s. start, s. end, evalue, bit score
# 1 hits found
NC_011593.1:c2617928-2616333	NB551033:88:H5VWJBGX7:4:12604:13984:20006#0/1	100.000	35	0	0	493	527	112	146	3.70e-08	65.8
# BLASTN 2.9.0+
# Query: NC_011593.1:c2619247-2618063 Bifidobacterium longum subsp. infantis ATCC 15697, complete genome
# Database: db/blast_C0420-4F-1A_S8.faa
# 0 hits found
# BLASTN 2.9.0+
# Query: NC_011593.1:c2620369-2619413 Bifidobacterium longum subsp. infantis ATCC 15697, complete genome
# Database: db/blast_C0420-4F-1A_S8.faa
# 0 hits found
# BLASTN 2.9.0+
# Query: NC_011593.1:c2622143-2620551 Bifidobacterium longum subsp. infantis ATCC 15697, complete genome
# Database: db/blast_C0420-4F-1A_S8.faa
# 0 hits found
# BLASTN 2.9.0+
# Query: NC_011593.1:c2624124-2622520 Bifidobacterium longum subsp. infantis ATCC 15697, complete genome
# Database: db/blast_C0420-4F-1A_S8.faa
# 0 hits found
# BLASTN 2.9.0+
# Query: NC_011593.1:c2626110-2624512 Bifidobacterium longum subsp. infantis ATCC 15697, complete genome
# Database: db/blast_C0420-4F-1A_S8.faa
# 0 hits found
# BLASTN 2.9.0+
# Query: NC_011593.1:c2626386-2626264 Bifidobacterium longum subsp. infantis ATCC 15697, complete genome
# Database: db/blast_C0420-4F-1A_S8.faa
# 0 hits found
# BLASTN 2.9.0+
# Query: NC_011593.1:c2628158-2626563 Bifidobacterium longum subsp. infantis ATCC 15697, complete genome
# Database: db/blast_C0420-4F-1A_S8.faa
# 0 hits found
# BLASTN 2.9.0+
# Query: NC_011593.1:c2630269-2628314 Bifidobacterium longum subsp. infantis ATCC 15697, complete genome
# Database: db/blast_C0420-4F-1A_S8.faa
# 0 hits found
# BLASTN 2.9.0+
# Query: NC_011593.1:c2631106-2630366 Bifidobacterium longum subsp. infantis ATCC 15697, complete genome
# Database: db/blast_C0420-4F-1A_S8.faa
# 0 hits found
# BLASTN 2.9.0+
# Query: NC_011593.1:c2632432-2631140 Bifidobacterium longum subsp. infantis ATCC 15697, complete genome
# Database: db/blast_C0420-4F-1A_S8.faa
# 0 hits found
# BLASTN 2.9.0+
# Query: NC_011593.1:c2633881-2632562 Bifidobacterium longum subsp. infantis ATCC 15697, complete genome
# Database: db/blast_C0420-4F-1A_S8.faa
# 0 hits found
# BLASTN 2.9.0+
# Query: NC_011593.1:c2634683-2633865 Bifidobacterium longum subsp. infantis ATCC 15697, complete genome
# Database: db/blast_C0420-4F-1A_S8.faa
# 0 hits found
# BLASTN 2.9.0+
# Query: NC_011593.1:c2635627-2634680 Bifidobacterium longum subsp. infantis ATCC 15697, complete genome
# Database: db/blast_C0420-4F-1A_S8.faa
# 0 hits found
# BLASTN 2.9.0+
# Query: NC_011593.1:c2636747-2635629 Bifidobacterium longum subsp. infantis ATCC 15697, complete genome
# Database: db/blast_C0420-4F-1A_S8.faa
# 0 hits found
# BLAST processed 31 queries
