# BLASTN 2.9.0+
# Query: NC_011593.1:c2595355-2593832 Bifidobacterium longum subsp. infantis ATCC 15697, complete genome
# Database: db/blast_C0451-2F-1A_S43.faa
# Fields: query acc.ver, subject acc.ver, % identity, alignment length, mismatches, gap opens, q. start, q. end, s. start, s. end, evalue, bit score
# 98 hits found
NC_011593.1:c2595355-2593832	NB551033:151:HCYCWBGXB:4:22409:15948:11263#0/2	99.338	151	1	0	364	514	151	1	4.51e-71	274
NC_011593.1:c2595355-2593832	NB551033:151:HCYCWBGXB:4:23601:4071:6969#0/1	99.338	151	1	0	907	1057	1	151	4.51e-71	274
NC_011593.1:c2595355-2593832	NB551033:151:HCYCWBGXB:3:13509:6632:12849#0/2	99.333	150	1	0	922	1071	150	1	1.62e-70	272
NC_011593.1:c2595355-2593832	NB551033:151:HCYCWBGXB:4:23601:4071:6969#0/2	98.675	151	2	0	1002	1152	151	1	2.10e-69	268
NC_011593.1:c2595355-2593832	NB551033:151:HCYCWBGXB:2:22204:16332:5825#0/1	99.324	148	1	0	904	1051	3	150	2.10e-69	268
NC_011593.1:c2595355-2593832	NB551033:151:HCYCWBGXB:2:13305:25883:9006#0/1	98.675	151	2	0	952	1102	1	151	2.10e-69	268
NC_011593.1:c2595355-2593832	NB551033:151:HCYCWBGXB:2:22204:16332:5825#0/2	98.658	149	2	0	942	1090	149	1	2.71e-68	265
NC_011593.1:c2595355-2593832	NB551033:151:HCYCWBGXB:4:22606:18367:3293#0/1	98.658	149	2	0	746	894	1	149	2.71e-68	265
NC_011593.1:c2595355-2593832	NB551033:151:HCYCWBGXB:1:23101:11479:4521#0/2	98.013	151	3	0	699	849	1	151	9.76e-68	263
NC_011593.1:c2595355-2593832	NB551033:151:HCYCWBGXB:3:13509:6632:12849#0/1	98.013	151	3	0	801	951	1	151	9.76e-68	263
NC_011593.1:c2595355-2593832	NB551033:151:HCYCWBGXB:2:22109:11722:11670#0/1	98.013	151	3	0	801	951	1	151	9.76e-68	263
NC_011593.1:c2595355-2593832	NB551033:151:HCYCWBGXB:1:23101:11479:4521#0/1	98.013	151	3	0	969	1119	151	1	9.76e-68	263
NC_011593.1:c2595355-2593832	NB551033:151:HCYCWBGXB:4:22606:18367:3293#0/2	98.000	150	3	0	796	945	150	1	3.51e-67	261
NC_011593.1:c2595355-2593832	NB551033:151:HCYCWBGXB:3:21606:14348:18960#0/1	98.000	150	3	0	830	979	150	1	3.51e-67	261
NC_011593.1:c2595355-2593832	NB551033:151:HCYCWBGXB:3:11510:25515:5353#0/1	98.000	150	3	0	1219	1368	1	150	3.51e-67	261
NC_011593.1:c2595355-2593832	NB551033:151:HCYCWBGXB:2:22109:11722:11670#0/2	97.351	151	4	0	857	1007	151	1	4.54e-66	257
NC_011593.1:c2595355-2593832	NB551033:151:HCYCWBGXB:1:13203:15673:5567#0/2	97.351	151	4	0	80	230	1	151	4.54e-66	257
NC_011593.1:c2595355-2593832	NB551033:151:HCYCWBGXB:2:12301:18421:5343#0/1	97.351	151	4	0	137	287	151	1	4.54e-66	257
NC_011593.1:c2595355-2593832	NB551033:151:HCYCWBGXB:1:12102:12691:6559#0/1	97.351	151	4	0	1267	1417	1	151	4.54e-66	257
NC_011593.1:c2595355-2593832	NB551033:151:HCYCWBGXB:3:23401:4311:1870#0/2	97.333	150	4	0	53	202	150	1	1.63e-65	255
NC_011593.1:c2595355-2593832	NB551033:151:HCYCWBGXB:2:13305:25883:9006#0/2	97.333	150	4	0	1055	1204	150	1	1.63e-65	255
NC_011593.1:c2595355-2593832	NB551033:151:HCYCWBGXB:1:22110:16736:11182#0/2	97.333	150	4	0	1262	1411	1	150	1.63e-65	255
NC_011593.1:c2595355-2593832	NB551033:151:HCYCWBGXB:3:13406:17736:14757#0/1	97.333	150	4	0	52	201	1	150	1.63e-65	255
NC_011593.1:c2595355-2593832	NB551033:151:HCYCWBGXB:2:22203:22410:5473#0/1	97.333	150	4	0	810	959	1	150	1.63e-65	255
NC_011593.1:c2595355-2593832	NB551033:151:HCYCWBGXB:1:13203:15673:5567#0/1	97.945	146	3	0	94	239	146	1	5.87e-65	254
NC_011593.1:c2595355-2593832	NB551033:151:HCYCWBGXB:3:21606:14348:18960#0/2	96.689	151	5	0	586	736	1	151	2.11e-64	252
NC_011593.1:c2595355-2593832	NB551033:151:HCYCWBGXB:4:21608:12782:4445#0/2	96.667	150	5	0	677	826	1	150	7.60e-64	250
NC_011593.1:c2595355-2593832	NB551033:151:HCYCWBGXB:4:21608:12782:4445#0/1	97.279	147	4	0	680	826	147	1	7.60e-64	250
NC_011593.1:c2595355-2593832	NB551033:151:HCYCWBGXB:3:22607:16990:15422#0/1	96.667	150	5	0	318	467	1	150	7.60e-64	250
NC_011593.1:c2595355-2593832	NB551033:151:HCYCWBGXB:3:22607:16990:15422#0/2	96.644	149	5	0	616	764	149	1	2.73e-63	248
NC_011593.1:c2595355-2593832	NB551033:151:HCYCWBGXB:1:13307:26089:16764#0/2	97.241	145	4	0	1274	1418	147	3	9.83e-63	246
NC_011593.1:c2595355-2593832	NB551033:151:HCYCWBGXB:4:23608:14534:17466#0/1	96.026	151	6	0	252	402	151	1	9.83e-63	246
NC_011593.1:c2595355-2593832	NB551033:151:HCYCWBGXB:4:23608:14534:17466#0/2	96.000	150	6	0	42	191	1	150	3.54e-62	244
NC_011593.1:c2595355-2593832	NB551033:151:HCYCWBGXB:1:23109:24028:4542#0/2	96.000	150	6	0	425	574	150	1	3.54e-62	244
NC_011593.1:c2595355-2593832	NB551033:151:HCYCWBGXB:4:11409:3611:17657#0/1	96.000	150	6	0	298	447	150	1	3.54e-62	244
NC_011593.1:c2595355-2593832	NB551033:151:HCYCWBGXB:2:23307:25377:1787#0/1	96.000	150	6	0	680	829	150	1	3.54e-62	244
NC_011593.1:c2595355-2593832	NB551033:151:HCYCWBGXB:2:23109:4244:1344#0/1	97.183	142	4	0	1178	1319	1	142	4.57e-61	241
NC_011593.1:c2595355-2593832	NB551033:151:HCYCWBGXB:1:23104:16756:1549#0/1	95.364	151	7	0	406	556	151	1	4.57e-61	241
NC_011593.1:c2595355-2593832	NB551033:151:HCYCWBGXB:4:23506:23463:14122#0/2	95.333	150	7	0	672	821	1	150	1.64e-60	239
NC_011593.1:c2595355-2593832	NB551033:151:HCYCWBGXB:2:23307:25377:1787#0/2	95.333	150	7	0	671	820	1	150	1.64e-60	239
NC_011593.1:c2595355-2593832	NB551033:151:HCYCWBGXB:2:23310:7778:12861#0/1	95.333	150	7	0	429	578	1	150	1.64e-60	239
NC_011593.1:c2595355-2593832	NB551033:151:HCYCWBGXB:2:23111:4694:15630#0/1	95.333	150	7	0	382	531	1	150	1.64e-60	239
NC_011593.1:c2595355-2593832	NB551033:151:HCYCWBGXB:3:21512:1224:7617#0/1	96.350	137	5	0	672	808	1	137	1.28e-56	226
NC_011593.1:c2595355-2593832	NB551033:151:HCYCWBGXB:3:11405:18648:18983#0/2	95.000	140	7	0	355	494	142	3	5.96e-55	220
NC_011593.1:c2595355-2593832	NB551033:151:HCYCWBGXB:4:11403:16850:11585#0/1	95.000	140	7	0	670	809	140	1	5.96e-55	220
NC_011593.1:c2595355-2593832	NB551033:151:HCYCWBGXB:3:13509:24458:2313#0/2	98.361	122	2	0	466	587	1	122	2.77e-53	215
NC_011593.1:c2595355-2593832	NB551033:151:HCYCWBGXB:3:11512:21192:10360#0/2	97.600	125	3	0	1105	1229	125	1	2.77e-53	215
NC_011593.1:c2595355-2593832	NB551033:151:HCYCWBGXB:3:13509:24458:2313#0/1	98.361	122	2	0	466	587	122	1	2.77e-53	215
NC_011593.1:c2595355-2593832	NB551033:151:HCYCWBGXB:3:11512:21192:10360#0/1	97.600	125	3	0	1105	1229	1	125	2.77e-53	215
NC_011593.1:c2595355-2593832	NB551033:151:HCYCWBGXB:2:12312:22739:3689#0/1	96.610	118	4	0	692	809	1	118	1.00e-47	196
NC_011593.1:c2595355-2593832	NB551033:151:HCYCWBGXB:2:12312:22739:3689#0/2	96.581	117	4	0	693	809	117	1	3.61e-47	195
NC_011593.1:c2595355-2593832	NB551033:151:HCYCWBGXB:3:11510:25515:5353#0/2	97.170	106	3	0	1365	1470	151	46	1.01e-42	180
NC_011593.1:c2595355-2593832	NB551033:151:HCYCWBGXB:3:22603:13387:3462#0/1	96.190	105	4	0	726	830	1	105	1.69e-40	172
NC_011593.1:c2595355-2593832	NB551033:151:HCYCWBGXB:4:11606:21698:19806#0/2	96.939	98	3	0	1130	1227	98	1	2.83e-38	165
NC_011593.1:c2595355-2593832	NB551033:151:HCYCWBGXB:4:11606:21698:19806#0/1	96.939	98	3	0	1130	1227	1	98	2.83e-38	165
NC_011593.1:c2595355-2593832	NB551033:151:HCYCWBGXB:1:13307:26089:16764#0/1	97.753	89	2	0	1178	1266	1	89	6.13e-35	154
NC_011593.1:c2595355-2593832	NB551033:151:HCYCWBGXB:3:13502:22577:18417#0/2	95.745	94	4	0	501	594	95	2	2.20e-34	152
NC_011593.1:c2595355-2593832	NB551033:151:HCYCWBGXB:1:22110:16736:11182#0/1	96.703	91	3	0	1380	1470	136	46	2.20e-34	152
NC_011593.1:c2595355-2593832	NB551033:151:HCYCWBGXB:3:13504:7741:7099#0/2	96.591	88	3	0	1383	1470	1	88	1.03e-32	147
NC_011593.1:c2595355-2593832	NB551033:151:HCYCWBGXB:3:13504:7741:7099#0/1	96.591	88	3	0	1383	1470	133	46	1.03e-32	147
NC_011593.1:c2595355-2593832	NB551033:151:HCYCWBGXB:3:23407:10922:5308#0/2	98.701	77	1	0	380	456	77	1	6.17e-30	137
NC_011593.1:c2595355-2593832	NB551033:151:HCYCWBGXB:1:23108:11579:17904#0/2	100.000	73	0	0	1032	1104	1	73	2.22e-29	135
NC_011593.1:c2595355-2593832	NB551033:151:HCYCWBGXB:1:23108:11579:17904#0/1	100.000	73	0	0	1032	1104	73	1	2.22e-29	135
NC_011593.1:c2595355-2593832	NB551033:151:HCYCWBGXB:3:13506:10571:10771#0/1	96.296	81	3	0	439	519	1	81	7.99e-29	134
NC_011593.1:c2595355-2593832	NB551033:151:HCYCWBGXB:3:13506:10571:10771#0/2	96.250	80	3	0	440	519	80	1	2.87e-28	132
NC_011593.1:c2595355-2593832	NB551033:151:HCYCWBGXB:3:21512:1224:7617#0/2	98.592	71	1	0	738	808	71	1	1.34e-26	126
NC_011593.1:c2595355-2593832	NB551033:151:HCYCWBGXB:2:11207:23084:14827#0/2	97.183	71	2	0	1400	1470	118	48	6.22e-25	121
NC_011593.1:c2595355-2593832	NB551033:151:HCYCWBGXB:2:11207:23084:14827#0/1	97.183	71	2	0	1400	1470	1	71	6.22e-25	121
NC_011593.1:c2595355-2593832	NB551033:151:HCYCWBGXB:4:22604:3281:18368#0/2	95.890	73	3	0	1296	1368	1	73	2.24e-24	119
NC_011593.1:c2595355-2593832	NB551033:151:HCYCWBGXB:3:23506:19280:10558#0/2	95.522	67	3	0	847	913	1	67	4.84e-21	108
NC_011593.1:c2595355-2593832	NB551033:151:HCYCWBGXB:3:23506:19280:10558#0/1	95.522	67	3	0	847	913	67	1	4.84e-21	108
NC_011593.1:c2595355-2593832	NB551033:151:HCYCWBGXB:4:11403:16850:11585#0/2	96.825	63	2	0	496	558	2	64	1.74e-20	106
NC_011593.1:c2595355-2593832	NB551033:151:HCYCWBGXB:4:22505:19679:16334#0/1	96.825	63	2	0	768	830	1	63	1.74e-20	106
NC_011593.1:c2595355-2593832	NB551033:151:HCYCWBGXB:4:12410:26401:8196#0/2	96.721	61	2	0	1120	1180	61	1	2.25e-19	102
NC_011593.1:c2595355-2593832	NB551033:151:HCYCWBGXB:3:21511:26704:7619#0/2	98.276	58	1	0	751	808	58	1	2.25e-19	102
NC_011593.1:c2595355-2593832	NB551033:151:HCYCWBGXB:4:12410:26401:8196#0/1	96.721	61	2	0	1120	1180	3	63	2.25e-19	102
NC_011593.1:c2595355-2593832	NB551033:151:HCYCWBGXB:1:13203:4688:12214#0/1	98.276	58	1	0	501	558	1	58	2.25e-19	102
NC_011593.1:c2595355-2593832	NB551033:151:HCYCWBGXB:4:22612:5764:14725#0/2	95.238	63	3	0	732	794	63	1	8.10e-19	100
NC_011593.1:c2595355-2593832	NB551033:151:HCYCWBGXB:3:12407:24477:11438#0/2	98.246	57	1	0	1190	1246	1	57	8.10e-19	100
NC_011593.1:c2595355-2593832	NB551033:151:HCYCWBGXB:4:22612:5764:14725#0/1	95.238	63	3	0	732	794	1	63	8.10e-19	100
NC_011593.1:c2595355-2593832	NB551033:151:HCYCWBGXB:3:12407:24477:11438#0/1	98.214	56	1	0	1191	1246	56	1	2.91e-18	99.0
NC_011593.1:c2595355-2593832	NB551033:151:HCYCWBGXB:4:12607:13503:6273#0/1	95.000	60	3	0	525	584	1	60	3.77e-17	95.3
NC_011593.1:c2595355-2593832	NB551033:151:HCYCWBGXB:2:13203:2895:12558#0/2	100.000	49	0	0	1422	1470	1	49	4.87e-16	91.6
NC_011593.1:c2595355-2593832	NB551033:151:HCYCWBGXB:3:13502:22577:18417#0/1	98.077	52	1	0	501	552	1	52	4.87e-16	91.6
NC_011593.1:c2595355-2593832	NB551033:151:HCYCWBGXB:4:12604:6293:1253#0/1	100.000	47	0	0	428	474	47	1	6.31e-15	87.9
NC_011593.1:c2595355-2593832	NB551033:151:HCYCWBGXB:2:22203:22410:5473#0/2	97.917	48	1	0	1273	1320	48	1	8.16e-14	84.2
NC_011593.1:c2595355-2593832	NB551033:151:HCYCWBGXB:3:13406:17736:14757#0/2	97.826	46	1	0	279	324	46	1	1.06e-12	80.5
NC_011593.1:c2595355-2593832	NB551033:151:HCYCWBGXB:2:23109:4244:1344#0/2	97.826	46	1	0	1274	1319	46	1	1.06e-12	80.5
NC_011593.1:c2595355-2593832	NB551033:151:HCYCWBGXB:4:21601:8553:2756#0/2	100.000	40	0	0	929	968	40	1	4.91e-11	75.0
NC_011593.1:c2595355-2593832	NB551033:151:HCYCWBGXB:4:21601:8553:2756#0/1	100.000	40	0	0	929	968	1	40	4.91e-11	75.0
NC_011593.1:c2595355-2593832	NB551033:151:HCYCWBGXB:3:13503:19152:20366#0/1	97.674	43	1	0	1219	1261	1	43	4.91e-11	75.0
NC_011593.1:c2595355-2593832	NB551033:151:HCYCWBGXB:2:23308:19679:5349#0/1	100.000	38	0	0	521	558	1	38	6.35e-10	71.3
NC_011593.1:c2595355-2593832	NB551033:151:HCYCWBGXB:1:21105:22160:19592#0/2	100.000	37	0	0	1051	1087	1	37	2.28e-09	69.4
NC_011593.1:c2595355-2593832	NB551033:151:HCYCWBGXB:1:21105:22160:19592#0/1	97.500	40	1	0	1051	1090	40	1	2.28e-09	69.4
NC_011593.1:c2595355-2593832	NB551033:151:HCYCWBGXB:2:23308:16410:12424#0/2	100.000	36	0	0	1423	1458	1	36	8.21e-09	67.6
NC_011593.1:c2595355-2593832	NB551033:151:HCYCWBGXB:2:23308:16410:12424#0/1	100.000	36	0	0	1423	1458	36	1	8.21e-09	67.6
NC_011593.1:c2595355-2593832	NB551033:151:HCYCWBGXB:4:13510:1310:7908#0/1	97.143	35	1	0	796	830	1	35	1.37e-06	60.2
NC_011593.1:c2595355-2593832	NB551033:151:HCYCWBGXB:4:13509:26814:7914#0/1	97.143	35	1	0	796	830	1	35	1.37e-06	60.2
# BLASTN 2.9.0+
# Query: NC_011593.1:c2597106-2595574 Bifidobacterium longum subsp. infantis ATCC 15697, complete genome
# Database: db/blast_C0451-2F-1A_S43.faa
# Fields: query acc.ver, subject acc.ver, % identity, alignment length, mismatches, gap opens, q. start, q. end, s. start, s. end, evalue, bit score
# 21 hits found
NC_011593.1:c2597106-2595574	NB551033:151:HCYCWBGXB:4:22409:15948:11263#0/1	95.726	117	5	0	214	330	7	123	1.69e-45	189
NC_011593.1:c2597106-2595574	NB551033:151:HCYCWBGXB:3:13506:10571:10771#0/1	96.296	81	3	0	439	519	1	81	8.03e-29	134
NC_011593.1:c2597106-2595574	NB551033:151:HCYCWBGXB:3:13506:10571:10771#0/2	96.250	80	3	0	440	519	80	1	2.89e-28	132
NC_011593.1:c2597106-2595574	NB551033:151:HCYCWBGXB:4:22602:5674:17485#0/1	100.000	70	0	0	1	70	70	1	1.04e-27	130
NC_011593.1:c2597106-2595574	NB551033:151:HCYCWBGXB:4:22505:19679:16334#0/1	96.000	75	3	0	768	842	1	75	1.74e-25	122
NC_011593.1:c2597106-2595574	NB551033:151:HCYCWBGXB:2:11207:23084:14827#0/2	97.183	71	2	0	1400	1470	118	48	6.25e-25	121
NC_011593.1:c2597106-2595574	NB551033:151:HCYCWBGXB:2:11207:23084:14827#0/1	97.183	71	2	0	1400	1470	1	71	6.25e-25	121
NC_011593.1:c2597106-2595574	NB551033:151:HCYCWBGXB:3:23407:10922:5308#0/2	95.775	71	3	0	386	456	71	1	2.91e-23	115
NC_011593.1:c2597106-2595574	NB551033:151:HCYCWBGXB:4:12410:26401:8196#0/2	96.721	61	2	0	1118	1178	63	3	2.27e-19	102
NC_011593.1:c2597106-2595574	NB551033:151:HCYCWBGXB:4:12410:26401:8196#0/1	98.276	58	1	0	1118	1175	1	58	2.27e-19	102
NC_011593.1:c2597106-2595574	NB551033:151:HCYCWBGXB:3:21511:26704:7619#0/2	96.491	57	2	0	752	808	57	1	3.79e-17	95.3
NC_011593.1:c2597106-2595574	NB551033:151:HCYCWBGXB:2:13203:2895:12558#0/2	100.000	49	0	0	1422	1470	1	49	4.90e-16	91.6
NC_011593.1:c2597106-2595574	NB551033:151:HCYCWBGXB:4:12604:6293:1253#0/1	100.000	47	0	0	428	474	47	1	6.34e-15	87.9
NC_011593.1:c2597106-2595574	NB551033:151:HCYCWBGXB:3:13406:17736:14757#0/2	97.826	46	1	0	279	324	46	1	1.06e-12	80.5
NC_011593.1:c2597106-2595574	NB551033:151:HCYCWBGXB:4:13510:1310:7908#0/1	95.745	47	2	0	796	842	1	47	1.37e-11	76.8
NC_011593.1:c2597106-2595574	NB551033:151:HCYCWBGXB:4:13509:26814:7914#0/1	95.745	47	2	0	796	842	1	47	1.37e-11	76.8
NC_011593.1:c2597106-2595574	NB551033:151:HCYCWBGXB:2:21212:11966:2521#0/1	100.000	39	0	0	771	809	39	1	1.78e-10	73.1
NC_011593.1:c2597106-2595574	NB551033:151:HCYCWBGXB:2:23308:16410:12424#0/2	100.000	36	0	0	1423	1458	1	36	8.26e-09	67.6
NC_011593.1:c2597106-2595574	NB551033:151:HCYCWBGXB:2:23308:16410:12424#0/1	100.000	36	0	0	1423	1458	36	1	8.26e-09	67.6
NC_011593.1:c2597106-2595574	NB551033:151:HCYCWBGXB:1:12204:9321:6614#0/2	100.000	31	0	0	1	31	31	1	4.97e-06	58.4
NC_011593.1:c2597106-2595574	NB551033:151:HCYCWBGXB:1:21105:18427:17532#0/2	100.000	30	0	0	1146	1175	1	30	1.79e-05	56.5
# BLASTN 2.9.0+
# Query: NC_011593.1:c2598562-2597207 Bifidobacterium longum subsp. infantis ATCC 15697, complete genome
# Database: db/blast_C0451-2F-1A_S43.faa
# Fields: query acc.ver, subject acc.ver, % identity, alignment length, mismatches, gap opens, q. start, q. end, s. start, s. end, evalue, bit score
# 107 hits found
NC_011593.1:c2598562-2597207	NB551033:151:HCYCWBGXB:4:12510:2512:15534#0/2	100.000	151	0	0	469	619	1	151	8.60e-73	279
NC_011593.1:c2598562-2597207	NB551033:151:HCYCWBGXB:3:22506:3764:19456#0/2	100.000	151	0	0	1150	1300	1	151	8.60e-73	279
NC_011593.1:c2598562-2597207	NB551033:151:HCYCWBGXB:2:13210:15090:2393#0/2	100.000	151	0	0	600	750	1	151	8.60e-73	279
NC_011593.1:c2598562-2597207	NB551033:151:HCYCWBGXB:2:11305:10265:19160#0/2	100.000	151	0	0	333	483	151	1	8.60e-73	279
NC_011593.1:c2598562-2597207	NB551033:151:HCYCWBGXB:1:21311:9110:6897#0/2	100.000	151	0	0	462	612	1	151	8.60e-73	279
NC_011593.1:c2598562-2597207	NB551033:151:HCYCWBGXB:1:12208:25208:13396#0/2	100.000	151	0	0	696	846	151	1	8.60e-73	279
NC_011593.1:c2598562-2597207	NB551033:151:HCYCWBGXB:4:22412:23675:18418#0/1	100.000	151	0	0	511	661	1	151	8.60e-73	279
NC_011593.1:c2598562-2597207	NB551033:151:HCYCWBGXB:4:13412:17283:5301#0/1	100.000	151	0	0	782	932	151	1	8.60e-73	279
NC_011593.1:c2598562-2597207	NB551033:151:HCYCWBGXB:4:12510:2512:15534#0/1	100.000	151	0	0	556	706	151	1	8.60e-73	279
NC_011593.1:c2598562-2597207	NB551033:151:HCYCWBGXB:3:23605:15358:8954#0/1	100.000	151	0	0	960	1110	1	151	8.60e-73	279
NC_011593.1:c2598562-2597207	NB551033:151:HCYCWBGXB:3:22510:6966:4973#0/1	100.000	151	0	0	1188	1338	1	151	8.60e-73	279
NC_011593.1:c2598562-2597207	NB551033:151:HCYCWBGXB:3:22506:11482:16903#0/1	100.000	151	0	0	256	406	1	151	8.60e-73	279
NC_011593.1:c2598562-2597207	NB551033:151:HCYCWBGXB:3:12602:26006:11881#0/1	100.000	151	0	0	894	1044	1	151	8.60e-73	279
NC_011593.1:c2598562-2597207	NB551033:151:HCYCWBGXB:3:11608:25605:9613#0/1	100.000	151	0	0	694	844	1	151	8.60e-73	279
NC_011593.1:c2598562-2597207	NB551033:151:HCYCWBGXB:1:12208:25208:13396#0/1	100.000	151	0	0	635	785	1	151	8.60e-73	279
NC_011593.1:c2598562-2597207	NB551033:151:HCYCWBGXB:4:23408:9747:3678#0/2	100.000	150	0	0	1175	1324	150	1	3.09e-72	278
NC_011593.1:c2598562-2597207	NB551033:151:HCYCWBGXB:4:22412:23675:18418#0/2	100.000	150	0	0	538	687	150	1	3.09e-72	278
NC_011593.1:c2598562-2597207	NB551033:151:HCYCWBGXB:4:13412:17283:5301#0/2	100.000	150	0	0	645	794	1	150	3.09e-72	278
NC_011593.1:c2598562-2597207	NB551033:151:HCYCWBGXB:4:12604:18682:8173#0/2	100.000	150	0	0	789	938	1	150	3.09e-72	278
NC_011593.1:c2598562-2597207	NB551033:151:HCYCWBGXB:4:11611:14184:18625#0/2	100.000	150	0	0	504	653	1	150	3.09e-72	278
NC_011593.1:c2598562-2597207	NB551033:151:HCYCWBGXB:1:21105:23392:11685#0/2	100.000	150	0	0	1068	1217	1	150	3.09e-72	278
NC_011593.1:c2598562-2597207	NB551033:151:HCYCWBGXB:4:13508:2145:4027#0/1	100.000	150	0	0	1150	1299	1	150	3.09e-72	278
NC_011593.1:c2598562-2597207	NB551033:151:HCYCWBGXB:4:11611:14184:18625#0/1	100.000	150	0	0	611	760	150	1	3.09e-72	278
NC_011593.1:c2598562-2597207	NB551033:151:HCYCWBGXB:3:22506:3764:19456#0/1	100.000	150	0	0	1165	1314	150	1	3.09e-72	278
NC_011593.1:c2598562-2597207	NB551033:151:HCYCWBGXB:3:11403:14255:10637#0/1	100.000	150	0	0	658	807	1	150	3.09e-72	278
NC_011593.1:c2598562-2597207	NB551033:151:HCYCWBGXB:2:21304:23508:15689#0/1	100.000	150	0	0	1029	1178	1	150	3.09e-72	278
NC_011593.1:c2598562-2597207	NB551033:151:HCYCWBGXB:2:13210:15090:2393#0/1	100.000	150	0	0	654	803	150	1	3.09e-72	278
NC_011593.1:c2598562-2597207	NB551033:151:HCYCWBGXB:2:11305:10265:19160#0/1	100.000	150	0	0	293	442	1	150	3.09e-72	278
NC_011593.1:c2598562-2597207	NB551033:151:HCYCWBGXB:1:11210:3655:9393#0/1	100.000	150	0	0	332	481	150	1	3.09e-72	278
NC_011593.1:c2598562-2597207	NB551033:151:HCYCWBGXB:1:23302:25412:8461#0/2	100.000	149	0	0	649	797	149	1	1.11e-71	276
NC_011593.1:c2598562-2597207	NB551033:151:HCYCWBGXB:3:22506:11482:16903#0/2	99.338	151	1	0	609	759	151	1	4.00e-71	274
NC_011593.1:c2598562-2597207	NB551033:151:HCYCWBGXB:2:12112:25773:3536#0/2	99.338	151	1	0	911	1061	151	1	4.00e-71	274
NC_011593.1:c2598562-2597207	NB551033:151:HCYCWBGXB:2:12112:25773:3536#0/1	99.338	151	1	0	893	1043	1	151	4.00e-71	274
NC_011593.1:c2598562-2597207	NB551033:151:HCYCWBGXB:4:13501:23398:10457#0/2	99.333	150	1	0	819	968	150	1	1.44e-70	272
NC_011593.1:c2598562-2597207	NB551033:151:HCYCWBGXB:3:12401:10771:7875#0/2	99.333	150	1	0	160	309	150	1	1.44e-70	272
NC_011593.1:c2598562-2597207	NB551033:151:HCYCWBGXB:3:11403:14255:10637#0/2	99.333	150	1	0	748	897	150	1	1.44e-70	272
NC_011593.1:c2598562-2597207	NB551033:151:HCYCWBGXB:3:23602:20490:6615#0/1	99.333	150	1	0	838	987	1	150	1.44e-70	272
NC_011593.1:c2598562-2597207	NB551033:151:HCYCWBGXB:2:11302:13113:15299#0/1	100.000	146	0	0	230	375	146	1	5.18e-70	270
NC_011593.1:c2598562-2597207	NB551033:151:HCYCWBGXB:3:22611:16219:19949#0/2	98.675	151	2	0	823	973	1	151	1.86e-69	268
NC_011593.1:c2598562-2597207	NB551033:151:HCYCWBGXB:3:22611:16219:19949#0/1	98.675	151	2	0	868	1018	151	1	1.86e-69	268
NC_011593.1:c2598562-2597207	NB551033:151:HCYCWBGXB:4:23408:9747:3678#0/1	100.000	144	0	0	1060	1203	8	151	6.70e-69	267
NC_011593.1:c2598562-2597207	NB551033:151:HCYCWBGXB:4:22606:8689:10572#0/1	98.667	150	2	0	199	348	1	150	6.70e-69	267
NC_011593.1:c2598562-2597207	NB551033:151:HCYCWBGXB:3:12503:14767:2330#0/1	100.000	144	0	0	542	685	1	144	6.70e-69	267
NC_011593.1:c2598562-2597207	NB551033:151:HCYCWBGXB:3:12608:25559:11312#0/2	100.000	143	0	0	381	523	1	143	2.41e-68	265
NC_011593.1:c2598562-2597207	NB551033:151:HCYCWBGXB:1:21309:26295:18558#0/1	99.306	144	1	0	256	399	1	144	3.12e-67	261
NC_011593.1:c2598562-2597207	NB551033:151:HCYCWBGXB:2:21304:23508:15689#0/2	100.000	138	0	0	1091	1228	138	1	1.45e-65	255
NC_011593.1:c2598562-2597207	NB551033:151:HCYCWBGXB:2:21109:3460:18566#0/1	100.000	136	0	0	738	873	1	136	1.88e-64	252
NC_011593.1:c2598562-2597207	NB551033:151:HCYCWBGXB:2:22307:6345:7613#0/2	100.000	134	0	0	1090	1223	1	134	2.43e-63	248
NC_011593.1:c2598562-2597207	NB551033:151:HCYCWBGXB:2:22307:6345:7613#0/1	100.000	134	0	0	1090	1223	134	1	2.43e-63	248
NC_011593.1:c2598562-2597207	NB551033:151:HCYCWBGXB:2:11302:13113:15299#0/2	100.000	133	0	0	138	270	19	151	8.72e-63	246
NC_011593.1:c2598562-2597207	NB551033:151:HCYCWBGXB:3:22608:19130:7995#0/2	100.000	131	0	0	329	459	1	131	1.13e-61	243
NC_011593.1:c2598562-2597207	NB551033:151:HCYCWBGXB:4:13501:23398:10457#0/1	99.248	133	1	0	555	687	1	133	4.06e-61	241
NC_011593.1:c2598562-2597207	NB551033:151:HCYCWBGXB:4:12604:18682:8173#0/1	99.248	133	1	0	932	1064	150	18	4.06e-61	241
NC_011593.1:c2598562-2597207	NB551033:151:HCYCWBGXB:3:22608:19130:7995#0/1	100.000	130	0	0	330	459	130	1	4.06e-61	241
NC_011593.1:c2598562-2597207	NB551033:151:HCYCWBGXB:2:21109:3460:18566#0/2	100.000	127	0	0	769	895	127	1	1.89e-59	235
NC_011593.1:c2598562-2597207	NB551033:151:HCYCWBGXB:1:12207:26038:8539#0/1	98.485	132	2	0	906	1037	132	1	6.79e-59	233
NC_011593.1:c2598562-2597207	NB551033:151:HCYCWBGXB:2:11302:4354:9657#0/2	100.000	125	0	0	417	541	1	125	2.44e-58	231
NC_011593.1:c2598562-2597207	NB551033:151:HCYCWBGXB:4:21605:10969:11150#0/2	100.000	124	0	0	138	261	27	150	8.79e-58	230
NC_011593.1:c2598562-2597207	NB551033:151:HCYCWBGXB:2:21201:23710:14940#0/1	100.000	120	0	0	1210	1329	1	120	1.47e-55	222
NC_011593.1:c2598562-2597207	NB551033:151:HCYCWBGXB:1:21303:22389:18847#0/1	95.522	134	6	0	1	134	15	148	2.46e-53	215
NC_011593.1:c2598562-2597207	NB551033:151:HCYCWBGXB:3:12512:17490:11495#0/1	100.000	114	0	0	659	772	114	1	3.18e-52	211
NC_011593.1:c2598562-2597207	NB551033:151:HCYCWBGXB:2:22208:12237:15770#0/2	100.000	112	0	0	1216	1327	112	1	4.12e-51	207
NC_011593.1:c2598562-2597207	NB551033:151:HCYCWBGXB:2:21201:23710:14940#0/2	100.000	112	0	0	1218	1329	112	1	4.12e-51	207
NC_011593.1:c2598562-2597207	NB551033:151:HCYCWBGXB:3:11512:21259:2553#0/2	100.000	109	0	0	1216	1324	109	1	1.92e-49	202
NC_011593.1:c2598562-2597207	NB551033:151:HCYCWBGXB:3:11512:21259:2553#0/1	100.000	109	0	0	1216	1324	1	109	1.92e-49	202
NC_011593.1:c2598562-2597207	NB551033:151:HCYCWBGXB:2:22208:12237:15770#0/1	99.107	112	1	0	1216	1327	1	112	1.92e-49	202
NC_011593.1:c2598562-2597207	NB551033:151:HCYCWBGXB:1:23302:25412:8461#0/1	100.000	108	0	0	631	738	1	108	6.89e-49	200
NC_011593.1:c2598562-2597207	NB551033:151:HCYCWBGXB:4:22606:8689:10572#0/2	100.000	107	0	0	304	410	107	1	2.48e-48	198
NC_011593.1:c2598562-2597207	NB551033:151:HCYCWBGXB:3:11608:25605:9613#0/2	100.000	105	0	0	960	1064	146	42	3.21e-47	195
NC_011593.1:c2598562-2597207	NB551033:151:HCYCWBGXB:2:13105:24529:5462#0/1	97.368	114	3	0	960	1073	1	114	3.21e-47	195
NC_011593.1:c2598562-2597207	NB551033:151:HCYCWBGXB:3:12503:14767:2330#0/2	100.000	104	0	0	582	685	104	1	1.15e-46	193
NC_011593.1:c2598562-2597207	NB551033:151:HCYCWBGXB:3:23602:20490:6615#0/2	100.000	103	0	0	962	1064	150	48	4.15e-46	191
NC_011593.1:c2598562-2597207	NB551033:151:HCYCWBGXB:1:23312:11877:6959#0/2	100.000	96	0	0	677	772	1	96	3.23e-42	178
NC_011593.1:c2598562-2597207	NB551033:151:HCYCWBGXB:3:23601:13496:10919#0/1	100.000	95	0	0	1261	1355	1	95	1.16e-41	176
NC_011593.1:c2598562-2597207	NB551033:151:HCYCWBGXB:4:13508:2145:4027#0/2	100.000	83	0	0	1242	1324	83	1	5.44e-35	154
NC_011593.1:c2598562-2597207	NB551033:151:HCYCWBGXB:1:22201:1920:3481#0/2	100.000	81	0	0	981	1061	81	1	7.04e-34	150
NC_011593.1:c2598562-2597207	NB551033:151:HCYCWBGXB:1:12207:26038:8539#0/2	100.000	79	0	0	412	490	1	79	9.10e-33	147
NC_011593.1:c2598562-2597207	NB551033:151:HCYCWBGXB:2:11205:25645:9159#0/2	100.000	78	0	0	1252	1329	1	78	3.27e-32	145
NC_011593.1:c2598562-2597207	NB551033:151:HCYCWBGXB:2:11205:25645:9159#0/1	100.000	78	0	0	1252	1329	78	1	3.27e-32	145
NC_011593.1:c2598562-2597207	NB551033:151:HCYCWBGXB:1:21311:9110:6897#0/1	100.000	77	0	0	577	653	77	1	1.18e-31	143
NC_011593.1:c2598562-2597207	NB551033:151:HCYCWBGXB:4:21603:4945:12779#0/2	96.386	83	3	0	1	83	83	1	5.48e-30	137
NC_011593.1:c2598562-2597207	NB551033:151:HCYCWBGXB:3:12504:25982:12577#0/2	96.386	83	3	0	1	83	83	1	5.48e-30	137
NC_011593.1:c2598562-2597207	NB551033:151:HCYCWBGXB:4:21603:4945:12779#0/1	96.386	83	3	0	1	83	67	149	5.48e-30	137
NC_011593.1:c2598562-2597207	NB551033:151:HCYCWBGXB:3:12401:10771:7875#0/1	98.684	76	1	0	138	213	75	150	1.97e-29	135
NC_011593.1:c2598562-2597207	NB551033:151:HCYCWBGXB:3:12512:17490:11495#0/2	98.667	75	1	0	640	714	1	75	7.09e-29	134
NC_011593.1:c2598562-2597207	NB551033:151:HCYCWBGXB:1:23312:11877:6959#0/1	100.000	72	0	0	802	873	72	1	7.09e-29	134
NC_011593.1:c2598562-2597207	NB551033:151:HCYCWBGXB:3:23605:15358:8954#0/2	98.485	66	1	0	1141	1206	66	1	7.14e-24	117
NC_011593.1:c2598562-2597207	NB551033:151:HCYCWBGXB:1:13306:22035:17053#0/2	100.000	61	0	0	163	223	1	61	9.23e-23	113
NC_011593.1:c2598562-2597207	NB551033:151:HCYCWBGXB:1:21309:26295:18558#0/2	100.000	58	0	0	498	555	58	1	4.30e-21	108
NC_011593.1:c2598562-2597207	NB551033:151:HCYCWBGXB:1:13203:22761:17448#0/2	100.000	57	0	0	138	194	80	136	1.54e-20	106
NC_011593.1:c2598562-2597207	NB551033:151:HCYCWBGXB:1:13203:22761:17448#0/1	100.000	57	0	0	138	194	57	1	1.54e-20	106
NC_011593.1:c2598562-2597207	NB551033:151:HCYCWBGXB:4:11509:15786:12886#0/2	98.305	59	1	0	204	262	59	1	5.56e-20	104
NC_011593.1:c2598562-2597207	NB551033:151:HCYCWBGXB:1:11210:3655:9393#0/2	100.000	56	0	0	138	193	95	150	5.56e-20	104
NC_011593.1:c2598562-2597207	NB551033:151:HCYCWBGXB:1:22201:1920:3481#0/1	100.000	55	0	0	931	985	1	55	2.00e-19	102
NC_011593.1:c2598562-2597207	NB551033:151:HCYCWBGXB:1:21105:23392:11685#0/1	100.000	55	0	0	1302	1356	150	96	2.00e-19	102
NC_011593.1:c2598562-2597207	NB551033:151:HCYCWBGXB:1:13306:22035:17053#0/1	100.000	54	0	0	171	224	54	1	7.19e-19	100
NC_011593.1:c2598562-2597207	NB551033:151:HCYCWBGXB:4:12404:22188:15325#0/2	100.000	53	0	0	1174	1226	53	1	2.59e-18	99.0
NC_011593.1:c2598562-2597207	NB551033:151:HCYCWBGXB:4:12404:22188:15325#0/1	100.000	53	0	0	1174	1226	1	53	2.59e-18	99.0
NC_011593.1:c2598562-2597207	NB551033:151:HCYCWBGXB:2:13109:9183:2333#0/1	100.000	47	0	0	1	47	47	1	5.60e-15	87.9
NC_011593.1:c2598562-2597207	NB551033:151:HCYCWBGXB:2:11302:4354:9657#0/1	100.000	44	0	0	498	541	44	1	2.60e-13	82.4
NC_011593.1:c2598562-2597207	NB551033:151:HCYCWBGXB:1:11110:16863:17118#0/2	97.727	44	1	0	1276	1319	44	1	1.21e-11	76.8
NC_011593.1:c2598562-2597207	NB551033:151:HCYCWBGXB:2:12307:11217:15683#0/1	100.000	41	0	0	1316	1356	1	41	1.21e-11	76.8
NC_011593.1:c2598562-2597207	NB551033:151:HCYCWBGXB:2:13105:24529:5462#0/2	100.000	36	0	0	1321	1356	131	96	7.29e-09	67.6
NC_011593.1:c2598562-2597207	NB551033:151:HCYCWBGXB:4:21605:10969:11150#0/1	100.000	32	0	0	231	262	32	1	1.22e-06	60.2
NC_011593.1:c2598562-2597207	NB551033:151:HCYCWBGXB:3:11612:3979:12922#0/2	100.000	29	0	0	138	166	29	1	5.68e-05	54.7
NC_011593.1:c2598562-2597207	NB551033:151:HCYCWBGXB:1:23106:19999:14864#0/2	100.000	29	0	0	138	166	29	1	5.68e-05	54.7
NC_011593.1:c2598562-2597207	NB551033:151:HCYCWBGXB:3:11612:3979:12922#0/1	100.000	29	0	0	138	166	37	65	5.68e-05	54.7
# BLASTN 2.9.0+
# Query: NC_011593.1:2598858-2601929 Bifidobacterium longum subsp. infantis ATCC 15697, complete genome
# Database: db/blast_C0451-2F-1A_S43.faa
# Fields: query acc.ver, subject acc.ver, % identity, alignment length, mismatches, gap opens, q. start, q. end, s. start, s. end, evalue, bit score
# 166 hits found
NC_011593.1:2598858-2601929	NB551033:151:HCYCWBGXB:2:13203:8296:10380#0/1	100.000	151	0	0	1742	1892	1	151	1.95e-72	279
NC_011593.1:2598858-2601929	NB551033:151:HCYCWBGXB:4:22608:6225:16958#0/2	100.000	150	0	0	1912	2061	150	1	7.02e-72	278
NC_011593.1:2598858-2601929	NB551033:151:HCYCWBGXB:4:21506:13917:8744#0/2	100.000	150	0	0	1677	1826	1	150	7.02e-72	278
NC_011593.1:2598858-2601929	NB551033:151:HCYCWBGXB:4:11510:23978:3281#0/2	100.000	150	0	0	1960	2109	1	150	7.02e-72	278
NC_011593.1:2598858-2601929	NB551033:151:HCYCWBGXB:3:21405:9423:4266#0/2	100.000	150	0	0	1936	2085	150	1	7.02e-72	278
NC_011593.1:2598858-2601929	NB551033:151:HCYCWBGXB:2:11101:20372:11546#0/2	100.000	150	0	0	2214	2363	151	2	7.02e-72	278
NC_011593.1:2598858-2601929	NB551033:151:HCYCWBGXB:3:11502:20361:4746#0/2	100.000	149	0	0	364	512	2	150	2.52e-71	276
NC_011593.1:2598858-2601929	NB551033:151:HCYCWBGXB:4:21506:13917:8744#0/1	100.000	149	0	0	1684	1832	149	1	2.52e-71	276
NC_011593.1:2598858-2601929	NB551033:151:HCYCWBGXB:1:23212:9076:2262#0/1	100.000	149	0	0	1684	1832	149	1	2.52e-71	276
NC_011593.1:2598858-2601929	NB551033:151:HCYCWBGXB:4:21612:14248:8245#0/2	99.338	151	1	0	2389	2539	1	151	9.08e-71	274
NC_011593.1:2598858-2601929	NB551033:151:HCYCWBGXB:3:13402:21897:10468#0/2	99.338	151	1	0	1850	2000	1	151	9.08e-71	274
NC_011593.1:2598858-2601929	NB551033:151:HCYCWBGXB:2:23208:25165:1823#0/2	99.338	151	1	0	333	483	151	1	9.08e-71	274
NC_011593.1:2598858-2601929	NB551033:151:HCYCWBGXB:2:13203:8296:10380#0/2	100.000	148	0	0	1897	2044	148	1	9.08e-71	274
NC_011593.1:2598858-2601929	NB551033:151:HCYCWBGXB:1:23206:23677:1615#0/2	99.338	151	1	0	357	507	151	1	9.08e-71	274
NC_011593.1:2598858-2601929	NB551033:151:HCYCWBGXB:1:11208:3616:11607#0/2	99.338	151	1	0	272	422	151	1	9.08e-71	274
NC_011593.1:2598858-2601929	NB551033:151:HCYCWBGXB:4:23603:7123:4137#0/1	99.338	151	1	0	12	162	1	151	9.08e-71	274
NC_011593.1:2598858-2601929	NB551033:151:HCYCWBGXB:4:22608:6225:16958#0/1	99.338	151	1	0	1812	1962	1	151	9.08e-71	274
NC_011593.1:2598858-2601929	NB551033:151:HCYCWBGXB:3:23405:23315:16073#0/1	99.338	151	1	0	282	432	151	1	9.08e-71	274
NC_011593.1:2598858-2601929	NB551033:151:HCYCWBGXB:3:12505:9270:4584#0/1	99.338	151	1	0	2219	2369	151	1	9.08e-71	274
NC_011593.1:2598858-2601929	NB551033:151:HCYCWBGXB:2:13110:8178:6401#0/1	99.338	151	1	0	346	496	1	151	9.08e-71	274
NC_011593.1:2598858-2601929	NB551033:151:HCYCWBGXB:3:21605:2784:15853#0/1	99.333	150	1	0	1780	1929	1	150	3.27e-70	272
NC_011593.1:2598858-2601929	NB551033:151:HCYCWBGXB:3:13402:21897:10468#0/1	99.333	150	1	0	1881	2030	150	1	3.27e-70	272
NC_011593.1:2598858-2601929	NB551033:151:HCYCWBGXB:2:23208:25165:1823#0/1	99.333	150	1	0	213	362	1	150	3.27e-70	272
NC_011593.1:2598858-2601929	NB551033:151:HCYCWBGXB:2:22305:11449:3465#0/1	99.333	150	1	0	714	863	1	150	3.27e-70	272
NC_011593.1:2598858-2601929	NB551033:151:HCYCWBGXB:2:11101:20372:11546#0/1	99.333	150	1	0	1863	2012	1	150	3.27e-70	272
NC_011593.1:2598858-2601929	NB551033:151:HCYCWBGXB:1:23312:15484:14844#0/1	99.333	150	1	0	270	419	1	150	3.27e-70	272
NC_011593.1:2598858-2601929	NB551033:151:HCYCWBGXB:1:11208:3616:11607#0/1	99.333	150	1	0	252	401	1	150	3.27e-70	272
NC_011593.1:2598858-2601929	NB551033:151:HCYCWBGXB:3:13405:12865:10239#0/1	99.329	149	1	0	122	270	1	149	1.17e-69	270
NC_011593.1:2598858-2601929	NB551033:151:HCYCWBGXB:4:11401:18945:16663#0/2	99.324	148	1	0	11	158	3	150	4.22e-69	268
NC_011593.1:2598858-2601929	NB551033:151:HCYCWBGXB:3:22608:17276:1438#0/2	98.675	151	2	0	600	750	1	151	4.22e-69	268
NC_011593.1:2598858-2601929	NB551033:151:HCYCWBGXB:3:22401:7393:4023#0/2	98.675	151	2	0	8	158	1	151	4.22e-69	268
NC_011593.1:2598858-2601929	NB551033:151:HCYCWBGXB:3:12505:9270:4584#0/2	98.675	151	2	0	2083	2233	1	151	4.22e-69	268
NC_011593.1:2598858-2601929	NB551033:151:HCYCWBGXB:3:11607:5112:15998#0/2	98.675	151	2	0	2868	3018	151	1	4.22e-69	268
NC_011593.1:2598858-2601929	NB551033:151:HCYCWBGXB:2:11307:18591:11636#0/2	98.675	151	2	0	2513	2663	1	151	4.22e-69	268
NC_011593.1:2598858-2601929	NB551033:151:HCYCWBGXB:3:11509:6650:17062#0/1	98.675	151	2	0	1551	1701	151	1	4.22e-69	268
NC_011593.1:2598858-2601929	NB551033:151:HCYCWBGXB:2:13305:23931:12375#0/1	98.675	151	2	0	2121	2271	151	1	4.22e-69	268
NC_011593.1:2598858-2601929	NB551033:151:HCYCWBGXB:2:13208:17482:16998#0/1	98.675	151	2	0	1239	1389	151	1	4.22e-69	268
NC_011593.1:2598858-2601929	NB551033:151:HCYCWBGXB:2:12208:22659:3915#0/1	98.675	151	2	0	95	245	151	1	4.22e-69	268
NC_011593.1:2598858-2601929	NB551033:151:HCYCWBGXB:1:23206:23677:1615#0/1	98.675	151	2	0	149	299	1	151	4.22e-69	268
NC_011593.1:2598858-2601929	NB551033:151:HCYCWBGXB:1:22302:13034:6659#0/1	98.675	151	2	0	2772	2922	1	151	4.22e-69	268
NC_011593.1:2598858-2601929	NB551033:151:HCYCWBGXB:1:21205:21044:5386#0/1	98.675	151	2	0	587	737	151	1	4.22e-69	268
NC_011593.1:2598858-2601929	NB551033:151:HCYCWBGXB:1:11105:1990:1119#0/1	98.675	151	2	0	115	265	1	151	4.22e-69	268
NC_011593.1:2598858-2601929	NB551033:151:HCYCWBGXB:4:23603:7123:4137#0/2	98.667	150	2	0	27	176	150	1	1.52e-68	267
NC_011593.1:2598858-2601929	NB551033:151:HCYCWBGXB:4:11401:13851:8698#0/2	98.667	150	2	0	96	245	150	1	1.52e-68	267
NC_011593.1:2598858-2601929	NB551033:151:HCYCWBGXB:3:23405:23315:16073#0/2	98.667	150	2	0	139	288	1	150	1.52e-68	267
NC_011593.1:2598858-2601929	NB551033:151:HCYCWBGXB:3:21603:20115:7012#0/2	98.667	150	2	0	2261	2410	150	1	1.52e-68	267
NC_011593.1:2598858-2601929	NB551033:151:HCYCWBGXB:3:11509:6650:17062#0/2	98.667	150	2	0	1239	1388	1	150	1.52e-68	267
NC_011593.1:2598858-2601929	NB551033:151:HCYCWBGXB:3:11506:10923:4496#0/2	98.667	150	2	0	2379	2528	150	1	1.52e-68	267
NC_011593.1:2598858-2601929	NB551033:151:HCYCWBGXB:2:13305:23931:12375#0/2	98.667	150	2	0	2022	2171	1	150	1.52e-68	267
NC_011593.1:2598858-2601929	NB551033:151:HCYCWBGXB:2:12208:22659:3915#0/2	98.667	150	2	0	50	199	1	150	1.52e-68	267
NC_011593.1:2598858-2601929	NB551033:151:HCYCWBGXB:2:11207:25506:8488#0/2	98.667	150	2	0	27	176	150	1	1.52e-68	267
NC_011593.1:2598858-2601929	NB551033:151:HCYCWBGXB:1:23212:9076:2262#0/2	98.667	150	2	0	1675	1824	1	150	1.52e-68	267
NC_011593.1:2598858-2601929	NB551033:151:HCYCWBGXB:1:21205:21044:5386#0/2	98.667	150	2	0	381	530	1	150	1.52e-68	267
NC_011593.1:2598858-2601929	NB551033:151:HCYCWBGXB:4:11401:13851:8698#0/1	98.667	150	2	0	96	245	1	150	1.52e-68	267
NC_011593.1:2598858-2601929	NB551033:151:HCYCWBGXB:3:22401:7393:4023#0/1	100.000	144	0	0	219	362	145	2	1.52e-68	267
NC_011593.1:2598858-2601929	NB551033:151:HCYCWBGXB:3:21603:20115:7012#0/1	98.667	150	2	0	1802	1951	1	150	1.52e-68	267
NC_011593.1:2598858-2601929	NB551033:151:HCYCWBGXB:3:11607:5112:15998#0/1	98.667	150	2	0	2761	2910	1	150	1.52e-68	267
NC_011593.1:2598858-2601929	NB551033:151:HCYCWBGXB:2:21102:18983:17976#0/1	98.667	150	2	0	2778	2927	1	150	1.52e-68	267
NC_011593.1:2598858-2601929	NB551033:151:HCYCWBGXB:2:11307:18591:11636#0/1	98.667	150	2	0	2531	2680	150	1	1.52e-68	267
NC_011593.1:2598858-2601929	NB551033:151:HCYCWBGXB:1:11103:17698:4102#0/1	98.667	150	2	0	2046	2195	1	150	1.52e-68	267
NC_011593.1:2598858-2601929	NB551033:151:HCYCWBGXB:2:21102:18983:17976#0/2	98.658	149	2	0	2785	2933	149	1	5.46e-68	265
NC_011593.1:2598858-2601929	NB551033:151:HCYCWBGXB:1:13305:21421:12372#0/2	98.658	149	2	0	1240	1388	1	149	5.46e-68	265
NC_011593.1:2598858-2601929	NB551033:151:HCYCWBGXB:3:22608:17276:1438#0/1	98.658	149	2	0	659	807	149	1	5.46e-68	265
NC_011593.1:2598858-2601929	NB551033:151:HCYCWBGXB:1:21105:22309:4910#0/1	98.658	149	2	0	1074	1222	149	1	5.46e-68	265
NC_011593.1:2598858-2601929	NB551033:151:HCYCWBGXB:4:23407:15544:11013#0/2	98.013	151	3	0	1390	1540	151	1	1.97e-67	263
NC_011593.1:2598858-2601929	NB551033:151:HCYCWBGXB:3:22506:15521:6471#0/2	99.310	145	1	0	2383	2527	145	1	1.97e-67	263
NC_011593.1:2598858-2601929	NB551033:151:HCYCWBGXB:3:11601:2592:19280#0/2	98.013	151	3	0	1350	1500	151	1	1.97e-67	263
NC_011593.1:2598858-2601929	NB551033:151:HCYCWBGXB:4:11510:23978:3281#0/1	98.013	151	3	0	2280	2430	151	1	1.97e-67	263
NC_011593.1:2598858-2601929	NB551033:151:HCYCWBGXB:1:23102:9320:2301#0/1	99.310	145	1	0	227	371	145	1	1.97e-67	263
NC_011593.1:2598858-2601929	NB551033:151:HCYCWBGXB:4:13511:14412:3493#0/2	98.000	150	3	0	1333	1482	150	1	7.07e-67	261
NC_011593.1:2598858-2601929	NB551033:151:HCYCWBGXB:3:22409:10338:7588#0/2	98.000	150	3	0	1274	1423	151	2	7.07e-67	261
NC_011593.1:2598858-2601929	NB551033:151:HCYCWBGXB:3:21508:24965:8529#0/2	98.000	150	3	0	682	831	1	150	7.07e-67	261
NC_011593.1:2598858-2601929	NB551033:151:HCYCWBGXB:4:23407:15544:11013#0/1	98.000	150	3	0	1107	1256	1	150	7.07e-67	261
NC_011593.1:2598858-2601929	NB551033:151:HCYCWBGXB:4:12412:1881:11283#0/1	98.000	150	3	0	2562	2711	1	150	7.07e-67	261
NC_011593.1:2598858-2601929	NB551033:151:HCYCWBGXB:4:11401:18945:16663#0/1	98.639	147	2	0	404	550	151	5	7.07e-67	261
NC_011593.1:2598858-2601929	NB551033:151:HCYCWBGXB:3:11601:2592:19280#0/1	98.000	150	3	0	1200	1349	1	150	7.07e-67	261
NC_011593.1:2598858-2601929	NB551033:151:HCYCWBGXB:1:13304:1192:9910#0/1	98.000	150	3	0	1281	1430	1	150	7.07e-67	261
NC_011593.1:2598858-2601929	NB551033:151:HCYCWBGXB:1:13305:26727:9911#0/2	97.987	149	3	0	1505	1653	149	1	2.54e-66	259
NC_011593.1:2598858-2601929	NB551033:151:HCYCWBGXB:3:11506:10923:4496#0/1	97.987	149	3	0	2348	2496	1	149	2.54e-66	259
NC_011593.1:2598858-2601929	NB551033:151:HCYCWBGXB:1:13305:21421:12372#0/1	97.987	149	3	0	1294	1442	150	2	2.54e-66	259
NC_011593.1:2598858-2601929	NB551033:151:HCYCWBGXB:1:13305:26727:9911#0/1	97.987	149	3	0	1281	1429	1	149	2.54e-66	259
NC_011593.1:2598858-2601929	NB551033:151:HCYCWBGXB:4:12412:1881:11283#0/2	97.351	151	4	0	2630	2780	151	1	9.14e-66	257
NC_011593.1:2598858-2601929	NB551033:151:HCYCWBGXB:2:13208:17482:16998#0/2	97.973	148	3	0	1214	1361	1	148	9.14e-66	257
NC_011593.1:2598858-2601929	NB551033:151:HCYCWBGXB:4:12409:6211:18603#0/1	97.351	151	4	0	2688	2838	151	1	9.14e-66	257
NC_011593.1:2598858-2601929	NB551033:151:HCYCWBGXB:4:12409:6211:18603#0/2	97.333	150	4	0	2686	2835	1	150	3.29e-65	255
NC_011593.1:2598858-2601929	NB551033:151:HCYCWBGXB:3:13405:12865:10239#0/2	97.351	151	3	1	657	807	150	1	3.29e-65	255
NC_011593.1:2598858-2601929	NB551033:151:HCYCWBGXB:1:23312:15484:14844#0/2	97.333	150	4	0	414	563	150	1	3.29e-65	255
NC_011593.1:2598858-2601929	NB551033:151:HCYCWBGXB:3:22506:15521:6471#0/1	97.333	150	4	0	2278	2427	1	150	3.29e-65	255
NC_011593.1:2598858-2601929	NB551033:151:HCYCWBGXB:3:22409:10338:7588#0/1	97.333	150	4	0	637	786	1	150	3.29e-65	255
NC_011593.1:2598858-2601929	NB551033:151:HCYCWBGXB:2:13110:8178:6401#0/2	96.689	151	5	0	467	617	151	1	4.25e-64	252
NC_011593.1:2598858-2601929	NB551033:151:HCYCWBGXB:3:21508:24965:8529#0/1	99.281	139	1	0	694	832	139	1	4.25e-64	252
NC_011593.1:2598858-2601929	NB551033:151:HCYCWBGXB:3:11502:20361:4746#0/1	96.689	151	5	0	458	608	151	1	4.25e-64	252
NC_011593.1:2598858-2601929	NB551033:151:HCYCWBGXB:2:22305:11449:3465#0/2	96.667	150	5	0	785	934	150	1	1.53e-63	250
NC_011593.1:2598858-2601929	NB551033:151:HCYCWBGXB:1:11105:1990:1119#0/2	96.667	150	5	0	439	588	150	1	1.53e-63	250
NC_011593.1:2598858-2601929	NB551033:151:HCYCWBGXB:1:13304:1192:9910#0/2	96.644	149	5	0	1505	1653	149	1	5.50e-63	248
NC_011593.1:2598858-2601929	NB551033:151:HCYCWBGXB:1:21105:22309:4910#0/2	96.000	150	6	0	799	948	1	150	7.12e-62	244
NC_011593.1:2598858-2601929	NB551033:151:HCYCWBGXB:2:23307:5845:18656#0/2	97.857	140	3	0	1151	1290	140	1	2.56e-61	243
NC_011593.1:2598858-2601929	NB551033:151:HCYCWBGXB:2:23307:5845:18656#0/1	97.857	140	3	0	1151	1290	1	140	2.56e-61	243
NC_011593.1:2598858-2601929	NB551033:151:HCYCWBGXB:3:11504:2542:7875#0/2	99.242	132	1	0	131	262	1	132	3.31e-60	239
NC_011593.1:2598858-2601929	NB551033:151:HCYCWBGXB:2:11308:19169:5773#0/2	99.242	132	1	0	137	268	1	132	3.31e-60	239
NC_011593.1:2598858-2601929	NB551033:151:HCYCWBGXB:3:11504:2542:7875#0/1	99.242	132	1	0	131	262	132	1	3.31e-60	239
NC_011593.1:2598858-2601929	NB551033:151:HCYCWBGXB:3:21605:2784:15853#0/2	96.503	143	5	0	2161	2303	143	1	1.19e-59	237
NC_011593.1:2598858-2601929	NB551033:151:HCYCWBGXB:3:11505:13470:17366#0/2	99.237	131	1	0	115	245	1	131	1.19e-59	237
NC_011593.1:2598858-2601929	NB551033:151:HCYCWBGXB:1:21111:14182:8527#0/2	95.833	144	6	0	511	654	144	1	1.54e-58	233
NC_011593.1:2598858-2601929	NB551033:151:HCYCWBGXB:1:21111:14182:8527#0/1	95.833	144	6	0	511	654	1	144	1.54e-58	233
NC_011593.1:2598858-2601929	NB551033:151:HCYCWBGXB:2:22109:8853:5046#0/2	99.219	128	1	0	31	158	1	128	5.54e-58	231
NC_011593.1:2598858-2601929	NB551033:151:HCYCWBGXB:2:11308:19169:5773#0/1	96.350	137	5	0	793	929	137	1	2.58e-56	226
NC_011593.1:2598858-2601929	NB551033:151:HCYCWBGXB:2:23205:22635:17860#0/2	99.194	124	1	0	50	173	1	124	9.27e-56	224
NC_011593.1:2598858-2601929	NB551033:151:HCYCWBGXB:4:23505:25613:2962#0/2	100.000	120	0	0	2458	2577	1	120	3.34e-55	222
NC_011593.1:2598858-2601929	NB551033:151:HCYCWBGXB:1:22302:13034:6659#0/2	97.674	129	3	0	2944	3072	150	22	3.34e-55	222
NC_011593.1:2598858-2601929	NB551033:151:HCYCWBGXB:4:23505:25613:2962#0/1	100.000	120	0	0	2458	2577	120	1	3.34e-55	222
NC_011593.1:2598858-2601929	NB551033:151:HCYCWBGXB:2:23205:22635:17860#0/1	98.413	126	2	0	51	176	126	1	3.34e-55	222
NC_011593.1:2598858-2601929	NB551033:151:HCYCWBGXB:1:11103:17698:4102#0/2	98.374	123	2	0	2089	2211	123	1	1.55e-53	217
NC_011593.1:2598858-2601929	NB551033:151:HCYCWBGXB:1:21110:21578:3103#0/2	99.153	118	1	0	143	260	1	118	2.01e-52	213
NC_011593.1:2598858-2601929	NB551033:151:HCYCWBGXB:4:13511:14412:3493#0/1	98.347	121	2	0	1076	1196	1	121	2.01e-52	213
NC_011593.1:2598858-2601929	NB551033:151:HCYCWBGXB:1:11108:4286:8568#0/2	98.319	119	2	0	2576	2694	1	119	2.60e-51	209
NC_011593.1:2598858-2601929	NB551033:151:HCYCWBGXB:3:21405:9423:4266#0/1	100.000	112	0	0	1915	2026	1	112	9.34e-51	207
NC_011593.1:2598858-2601929	NB551033:151:HCYCWBGXB:4:23604:5873:2220#0/2	99.115	113	1	0	651	763	1	113	1.21e-49	204
NC_011593.1:2598858-2601929	NB551033:151:HCYCWBGXB:4:21604:7411:8974#0/2	100.000	109	0	0	2223	2331	109	1	4.35e-49	202
NC_011593.1:2598858-2601929	NB551033:151:HCYCWBGXB:1:13311:14674:15272#0/2	100.000	107	0	0	1623	1729	107	1	5.62e-48	198
NC_011593.1:2598858-2601929	NB551033:151:HCYCWBGXB:1:13311:14674:15272#0/1	100.000	107	0	0	1623	1729	1	107	5.62e-48	198
NC_011593.1:2598858-2601929	NB551033:151:HCYCWBGXB:3:11505:13470:17366#0/1	99.074	108	1	0	138	245	108	1	7.27e-47	195
NC_011593.1:2598858-2601929	NB551033:151:HCYCWBGXB:2:11207:25506:8488#0/1	99.029	103	1	0	1	103	49	151	4.38e-44	185
NC_011593.1:2598858-2601929	NB551033:151:HCYCWBGXB:3:12605:10185:1555#0/2	98.913	92	1	0	1107	1198	1	92	5.70e-38	165
NC_011593.1:2598858-2601929	NB551033:151:HCYCWBGXB:2:23302:9688:12294#0/2	100.000	89	0	0	1646	1734	89	1	5.70e-38	165
NC_011593.1:2598858-2601929	NB551033:151:HCYCWBGXB:3:12605:10185:1555#0/1	98.913	92	1	0	1107	1198	92	1	5.70e-38	165
NC_011593.1:2598858-2601929	NB551033:151:HCYCWBGXB:2:22109:8853:5046#0/1	98.913	92	1	0	67	158	92	1	5.70e-38	165
NC_011593.1:2598858-2601929	NB551033:151:HCYCWBGXB:1:21110:21578:3103#0/1	100.000	86	0	0	175	260	86	1	2.65e-36	159
NC_011593.1:2598858-2601929	NB551033:151:HCYCWBGXB:4:23410:16677:7280#0/2	97.647	85	2	0	2988	3072	125	41	2.07e-32	147
NC_011593.1:2598858-2601929	NB551033:151:HCYCWBGXB:4:23410:16677:7280#0/1	97.647	85	2	0	2988	3072	1	85	2.07e-32	147
NC_011593.1:2598858-2601929	NB551033:151:HCYCWBGXB:1:13302:7234:14869#0/1	98.780	82	1	0	1045	1126	82	1	2.07e-32	147
NC_011593.1:2598858-2601929	NB551033:151:HCYCWBGXB:1:13302:7234:14869#0/2	97.561	82	2	0	1045	1126	1	82	9.61e-31	141
NC_011593.1:2598858-2601929	NB551033:151:HCYCWBGXB:3:12410:5094:20241#0/1	100.000	73	0	0	1933	2005	1	73	4.47e-29	135
NC_011593.1:2598858-2601929	NB551033:151:HCYCWBGXB:2:23306:24114:1189#0/2	98.667	75	1	0	1371	1445	75	1	1.61e-28	134
NC_011593.1:2598858-2601929	NB551033:151:HCYCWBGXB:2:13211:12034:5696#0/2	100.000	72	0	0	2260	2331	72	1	1.61e-28	134
NC_011593.1:2598858-2601929	NB551033:151:HCYCWBGXB:4:23411:13658:8960#0/1	95.238	84	4	0	2989	3072	2	85	1.61e-28	134
NC_011593.1:2598858-2601929	NB551033:151:HCYCWBGXB:2:23306:24114:1189#0/1	98.667	75	1	0	1371	1445	1	75	1.61e-28	134
NC_011593.1:2598858-2601929	NB551033:151:HCYCWBGXB:2:13211:12034:5696#0/1	100.000	72	0	0	2260	2331	1	72	1.61e-28	134
NC_011593.1:2598858-2601929	NB551033:151:HCYCWBGXB:2:22212:12343:2701#0/2	95.181	83	4	0	479	561	83	1	5.78e-28	132
NC_011593.1:2598858-2601929	NB551033:151:HCYCWBGXB:2:22212:12343:2701#0/1	95.181	83	4	0	479	561	1	83	5.78e-28	132
NC_011593.1:2598858-2601929	NB551033:151:HCYCWBGXB:1:11108:4286:8568#0/1	100.000	69	0	0	2626	2694	69	1	7.48e-27	128
NC_011593.1:2598858-2601929	NB551033:151:HCYCWBGXB:4:23401:2565:1299#0/2	98.592	71	1	0	1858	1928	1	71	2.69e-26	126
NC_011593.1:2598858-2601929	NB551033:151:HCYCWBGXB:4:23401:2565:1299#0/1	98.592	71	1	0	1858	1928	71	1	2.69e-26	126
NC_011593.1:2598858-2601929	NB551033:151:HCYCWBGXB:4:23407:11446:3160#0/2	100.000	67	0	0	11	77	1	67	9.68e-26	124
NC_011593.1:2598858-2601929	NB551033:151:HCYCWBGXB:4:23407:11446:3160#0/1	100.000	67	0	0	11	77	67	1	9.68e-26	124
NC_011593.1:2598858-2601929	NB551033:151:HCYCWBGXB:2:22308:23531:10071#0/2	98.551	69	1	0	137	205	1	69	3.48e-25	122
NC_011593.1:2598858-2601929	NB551033:151:HCYCWBGXB:2:22308:23531:10071#0/1	98.551	69	1	0	137	205	69	1	3.48e-25	122
NC_011593.1:2598858-2601929	NB551033:151:HCYCWBGXB:4:21612:14248:8245#0/1	100.000	58	0	0	2490	2547	58	1	9.74e-21	108
NC_011593.1:2598858-2601929	NB551033:151:HCYCWBGXB:4:22505:3650:7308#0/1	96.825	63	2	0	3010	3072	6	68	3.50e-20	106
NC_011593.1:2598858-2601929	NB551033:151:HCYCWBGXB:4:22504:19775:16533#0/1	98.276	58	1	0	1	58	58	1	4.53e-19	102
NC_011593.1:2598858-2601929	NB551033:151:HCYCWBGXB:3:12410:5094:20241#0/2	100.000	54	0	0	1953	2006	54	1	1.63e-18	100
NC_011593.1:2598858-2601929	NB551033:151:HCYCWBGXB:3:22410:14078:19129#0/2	100.000	50	0	0	2782	2831	50	1	2.73e-16	93.5
NC_011593.1:2598858-2601929	NB551033:151:HCYCWBGXB:4:11410:7328:17322#0/2	97.826	46	1	0	2817	2862	1	46	2.12e-12	80.5
NC_011593.1:2598858-2601929	NB551033:151:HCYCWBGXB:3:22410:14078:19129#0/1	97.561	41	1	0	2588	2628	1	41	1.28e-09	71.3
NC_011593.1:2598858-2601929	NB551033:151:HCYCWBGXB:4:12410:5402:14199#0/2	100.000	36	0	0	2611	2646	36	1	1.65e-08	67.6
NC_011593.1:2598858-2601929	NB551033:151:HCYCWBGXB:4:11410:7328:17322#0/1	100.000	36	0	0	2908	2943	36	1	1.65e-08	67.6
NC_011593.1:2598858-2601929	NB551033:151:HCYCWBGXB:1:21203:14704:5656#0/1	97.436	39	1	0	1	39	39	1	1.65e-08	67.6
NC_011593.1:2598858-2601929	NB551033:151:HCYCWBGXB:4:12410:5402:14199#0/1	100.000	32	0	0	2318	2349	1	32	2.77e-06	60.2
NC_011593.1:2598858-2601929	NB551033:151:HCYCWBGXB:4:21612:8256:8676#0/2	96.875	32	1	0	1028	1059	118	149	1.29e-04	54.7
NC_011593.1:2598858-2601929	NB551033:151:HCYCWBGXB:3:22405:22000:2994#0/2	100.000	28	0	0	1028	1055	28	1	4.63e-04	52.8
NC_011593.1:2598858-2601929	NB551033:151:HCYCWBGXB:3:13409:13687:9937#0/2	100.000	28	0	0	1028	1055	89	116	4.63e-04	52.8
NC_011593.1:2598858-2601929	NB551033:151:HCYCWBGXB:2:22104:2189:13522#0/2	100.000	28	0	0	1028	1055	72	99	4.63e-04	52.8
NC_011593.1:2598858-2601929	NB551033:151:HCYCWBGXB:3:22405:22000:2994#0/1	100.000	28	0	0	1028	1055	66	93	4.63e-04	52.8
NC_011593.1:2598858-2601929	NB551033:151:HCYCWBGXB:3:13409:13687:9937#0/1	100.000	28	0	0	1028	1055	28	1	4.63e-04	52.8
NC_011593.1:2598858-2601929	NB551033:151:HCYCWBGXB:2:22104:2189:13522#0/1	100.000	28	0	0	1028	1055	28	1	4.63e-04	52.8
NC_011593.1:2598858-2601929	NB551033:151:HCYCWBGXB:1:11202:11013:14619#0/1	100.000	28	0	0	1600	1627	28	1	4.63e-04	52.8
# BLASTN 2.9.0+
# Query: NC_011593.1:c2604454-2602106 Bifidobacterium longum subsp. infantis ATCC 15697, complete genome
# Database: db/blast_C0451-2F-1A_S43.faa
# Fields: query acc.ver, subject acc.ver, % identity, alignment length, mismatches, gap opens, q. start, q. end, s. start, s. end, evalue, bit score
# 2 hits found
NC_011593.1:c2604454-2602106	NB551033:151:HCYCWBGXB:3:23403:23371:13557#0/2	98.000	50	1	0	1876	1925	55	6	9.79e-15	87.9
NC_011593.1:c2604454-2602106	NB551033:151:HCYCWBGXB:3:23403:23371:13557#0/1	98.000	50	1	0	1876	1925	14	63	9.79e-15	87.9
# BLASTN 2.9.0+
# Query: NC_011593.1:c2605922-2604486 Bifidobacterium longum subsp. infantis ATCC 15697, complete genome
# Database: db/blast_C0451-2F-1A_S43.faa
# 0 hits found
# BLASTN 2.9.0+
# Query: NC_011593.1:c2606381-2605944 Bifidobacterium longum subsp. infantis ATCC 15697, complete genome
# Database: db/blast_C0451-2F-1A_S43.faa
# 0 hits found
# BLASTN 2.9.0+
# Query: NC_011593.1:c2607314-2606418 Bifidobacterium longum subsp. infantis ATCC 15697, complete genome
# Database: db/blast_C0451-2F-1A_S43.faa
# 0 hits found
# BLASTN 2.9.0+
# Query: NC_011593.1:c2608249-2607458 Bifidobacterium longum subsp. infantis ATCC 15697, complete genome
# Database: db/blast_C0451-2F-1A_S43.faa
# 0 hits found
# BLASTN 2.9.0+
# Query: NC_011593.1:c2609546-2608269 Bifidobacterium longum subsp. infantis ATCC 15697, complete genome
# Database: db/blast_C0451-2F-1A_S43.faa
# Fields: query acc.ver, subject acc.ver, % identity, alignment length, mismatches, gap opens, q. start, q. end, s. start, s. end, evalue, bit score
# 13 hits found
NC_011593.1:c2609546-2608269	NB551033:151:HCYCWBGXB:4:11606:5427:2981#0/2	99.329	149	1	0	609	757	1	149	4.93e-70	270
NC_011593.1:c2609546-2608269	NB551033:151:HCYCWBGXB:2:12306:13442:5420#0/1	98.649	148	2	0	562	709	148	1	8.25e-68	263
NC_011593.1:c2609546-2608269	NB551033:151:HCYCWBGXB:1:12305:12269:14464#0/1	98.013	151	3	0	557	707	151	1	8.25e-68	263
NC_011593.1:c2609546-2608269	NB551033:151:HCYCWBGXB:3:13510:26211:17608#0/1	97.333	150	4	0	212	361	1	150	1.38e-65	255
NC_011593.1:c2609546-2608269	NB551033:151:HCYCWBGXB:3:22610:19808:13429#0/2	95.333	150	7	0	504	653	150	1	1.39e-60	239
NC_011593.1:c2609546-2608269	NB551033:151:HCYCWBGXB:2:21212:7320:9565#0/1	95.333	150	7	0	926	1075	1	150	1.39e-60	239
NC_011593.1:c2609546-2608269	NB551033:151:HCYCWBGXB:2:22207:19153:20348#0/2	96.350	137	5	0	920	1056	1	137	1.08e-56	226
NC_011593.1:c2609546-2608269	NB551033:151:HCYCWBGXB:1:23202:7611:3311#0/2	100.000	118	0	0	580	697	118	1	1.81e-54	219
NC_011593.1:c2609546-2608269	NB551033:151:HCYCWBGXB:2:13212:14343:10049#0/2	95.522	134	5	1	862	995	134	2	8.43e-53	213
NC_011593.1:c2609546-2608269	NB551033:151:HCYCWBGXB:3:13510:26211:17608#0/2	95.902	122	5	0	354	475	122	1	2.36e-48	198
NC_011593.1:c2609546-2608269	NB551033:151:HCYCWBGXB:2:22207:19153:20348#0/1	96.364	110	4	0	947	1056	110	1	2.38e-43	182
NC_011593.1:c2609546-2608269	NB551033:151:HCYCWBGXB:4:13411:3272:12920#0/2	95.495	111	5	0	888	998	111	1	3.07e-42	178
NC_011593.1:c2609546-2608269	NB551033:151:HCYCWBGXB:4:13411:3272:12920#0/1	96.296	108	4	0	888	995	1	108	3.07e-42	178
# BLASTN 2.9.0+
# Query: NC_011593.1:c2610356-2609697 Bifidobacterium longum subsp. infantis ATCC 15697, complete genome
# Database: db/blast_C0451-2F-1A_S43.faa
# 0 hits found
# BLASTN 2.9.0+
# Query: NC_011593.1:c2611458-2610496 Bifidobacterium longum subsp. infantis ATCC 15697, complete genome
# Database: db/blast_C0451-2F-1A_S43.faa
# 0 hits found
# BLASTN 2.9.0+
# Query: NC_011593.1:c2612430-2611477 Bifidobacterium longum subsp. infantis ATCC 15697, complete genome
# Database: db/blast_C0451-2F-1A_S43.faa
# 0 hits found
# BLASTN 2.9.0+
# Query: NC_011593.1:c2614109-2612517 Bifidobacterium longum subsp. infantis ATCC 15697, complete genome
# Database: db/blast_C0451-2F-1A_S43.faa
# 0 hits found
# BLASTN 2.9.0+
# Query: NC_011593.1:c2615274-2614312 Bifidobacterium longum subsp. infantis ATCC 15697, complete genome
# Database: db/blast_C0451-2F-1A_S43.faa
# 0 hits found
# BLASTN 2.9.0+
# Query: NC_011593.1:c2616246-2615293 Bifidobacterium longum subsp. infantis ATCC 15697, complete genome
# Database: db/blast_C0451-2F-1A_S43.faa
# 0 hits found
# BLASTN 2.9.0+
# Query: NC_011593.1:c2617928-2616333 Bifidobacterium longum subsp. infantis ATCC 15697, complete genome
# Database: db/blast_C0451-2F-1A_S43.faa
# 0 hits found
# BLASTN 2.9.0+
# Query: NC_011593.1:c2619247-2618063 Bifidobacterium longum subsp. infantis ATCC 15697, complete genome
# Database: db/blast_C0451-2F-1A_S43.faa
# 0 hits found
# BLASTN 2.9.0+
# Query: NC_011593.1:c2620369-2619413 Bifidobacterium longum subsp. infantis ATCC 15697, complete genome
# Database: db/blast_C0451-2F-1A_S43.faa
# 0 hits found
# BLASTN 2.9.0+
# Query: NC_011593.1:c2622143-2620551 Bifidobacterium longum subsp. infantis ATCC 15697, complete genome
# Database: db/blast_C0451-2F-1A_S43.faa
# 0 hits found
# BLASTN 2.9.0+
# Query: NC_011593.1:c2624124-2622520 Bifidobacterium longum subsp. infantis ATCC 15697, complete genome
# Database: db/blast_C0451-2F-1A_S43.faa
# 0 hits found
# BLASTN 2.9.0+
# Query: NC_011593.1:c2626110-2624512 Bifidobacterium longum subsp. infantis ATCC 15697, complete genome
# Database: db/blast_C0451-2F-1A_S43.faa
# 0 hits found
# BLASTN 2.9.0+
# Query: NC_011593.1:c2626386-2626264 Bifidobacterium longum subsp. infantis ATCC 15697, complete genome
# Database: db/blast_C0451-2F-1A_S43.faa
# 0 hits found
# BLASTN 2.9.0+
# Query: NC_011593.1:c2628158-2626563 Bifidobacterium longum subsp. infantis ATCC 15697, complete genome
# Database: db/blast_C0451-2F-1A_S43.faa
# 0 hits found
# BLASTN 2.9.0+
# Query: NC_011593.1:c2630269-2628314 Bifidobacterium longum subsp. infantis ATCC 15697, complete genome
# Database: db/blast_C0451-2F-1A_S43.faa
# 0 hits found
# BLASTN 2.9.0+
# Query: NC_011593.1:c2631106-2630366 Bifidobacterium longum subsp. infantis ATCC 15697, complete genome
# Database: db/blast_C0451-2F-1A_S43.faa
# 0 hits found
# BLASTN 2.9.0+
# Query: NC_011593.1:c2632432-2631140 Bifidobacterium longum subsp. infantis ATCC 15697, complete genome
# Database: db/blast_C0451-2F-1A_S43.faa
# 0 hits found
# BLASTN 2.9.0+
# Query: NC_011593.1:c2633881-2632562 Bifidobacterium longum subsp. infantis ATCC 15697, complete genome
# Database: db/blast_C0451-2F-1A_S43.faa
# 0 hits found
# BLASTN 2.9.0+
# Query: NC_011593.1:c2634683-2633865 Bifidobacterium longum subsp. infantis ATCC 15697, complete genome
# Database: db/blast_C0451-2F-1A_S43.faa
# 0 hits found
# BLASTN 2.9.0+
# Query: NC_011593.1:c2635627-2634680 Bifidobacterium longum subsp. infantis ATCC 15697, complete genome
# Database: db/blast_C0451-2F-1A_S43.faa
# 0 hits found
# BLASTN 2.9.0+
# Query: NC_011593.1:c2636747-2635629 Bifidobacterium longum subsp. infantis ATCC 15697, complete genome
# Database: db/blast_C0451-2F-1A_S43.faa
# 0 hits found
# BLAST processed 31 queries
