# BLASTN 2.9.0+
# Query: NC_011593.1:c2595355-2593832 Bifidobacterium longum subsp. infantis ATCC 15697, complete genome
# Database: db/blast_C0479_3F_2A_S77.faa
# Fields: query acc.ver, subject acc.ver, % identity, alignment length, mismatches, gap opens, q. start, q. end, s. start, s. end, evalue, bit score
# 171 hits found
NC_011593.1:c2595355-2593832	NB551033:76:HLGC3BGX5:4:11509:13940:10128:77#0/2	99.338	151	1	0	355	505	151	1	3.47e-71	274
NC_011593.1:c2595355-2593832	NB551033:76:HLGC3BGX5:2:22312:22319:10544:77#0/2	99.338	151	1	0	909	1059	151	1	3.47e-71	274
NC_011593.1:c2595355-2593832	NB551033:76:HLGC3BGX5:2:21111:18826:9419:77#0/2	99.338	151	1	0	949	1099	151	1	3.47e-71	274
NC_011593.1:c2595355-2593832	NB551033:76:HLGC3BGX5:2:12304:14454:10599:77#0/2	99.338	151	1	0	355	505	151	1	3.47e-71	274
NC_011593.1:c2595355-2593832	NB551033:76:HLGC3BGX5:4:13403:25236:3460:77#0/1	99.338	151	1	0	1004	1154	151	1	3.47e-71	274
NC_011593.1:c2595355-2593832	NB551033:76:HLGC3BGX5:4:13403:12523:2356:77#0/1	99.333	150	1	0	924	1073	1	150	1.25e-70	272
NC_011593.1:c2595355-2593832	NB551033:76:HLGC3BGX5:3:13601:20449:11025:77#0/1	99.333	150	1	0	1006	1155	150	1	1.25e-70	272
NC_011593.1:c2595355-2593832	NB551033:76:HLGC3BGX5:1:23111:1316:2445:77#0/1	99.333	150	1	0	997	1146	1	150	1.25e-70	272
NC_011593.1:c2595355-2593832	NB551033:76:HLGC3BGX5:1:22310:21537:8389:77#0/1	99.333	150	1	0	936	1085	150	1	1.25e-70	272
NC_011593.1:c2595355-2593832	NB551033:76:HLGC3BGX5:2:22312:22319:10544:77#0/1	99.329	149	1	0	721	869	3	151	4.49e-70	270
NC_011593.1:c2595355-2593832	NB551033:76:HLGC3BGX5:3:21512:16413:14090:77#0/2	98.675	151	2	0	1002	1152	1	151	1.62e-69	268
NC_011593.1:c2595355-2593832	NB551033:76:HLGC3BGX5:2:22303:24159:13233:77#0/2	98.675	151	2	0	449	599	151	1	1.62e-69	268
NC_011593.1:c2595355-2593832	NB551033:76:HLGC3BGX5:2:11205:10624:7982:77#0/2	98.675	151	2	0	468	618	151	1	1.62e-69	268
NC_011593.1:c2595355-2593832	NB551033:76:HLGC3BGX5:4:11602:3597:10235:77#0/1	99.324	148	1	0	904	1051	3	150	1.62e-69	268
NC_011593.1:c2595355-2593832	NB551033:76:HLGC3BGX5:3:22608:25322:3633:77#0/1	99.324	148	1	0	999	1146	1	148	1.62e-69	268
NC_011593.1:c2595355-2593832	NB551033:76:HLGC3BGX5:3:22406:10841:14271:77#0/1	98.675	151	2	0	524	674	151	1	1.62e-69	268
NC_011593.1:c2595355-2593832	NB551033:76:HLGC3BGX5:4:11412:7193:10872:77#0/2	98.667	150	2	0	469	618	150	1	5.81e-69	267
NC_011593.1:c2595355-2593832	NB551033:76:HLGC3BGX5:3:23502:13934:2322:77#0/2	98.667	150	2	0	464	613	1	150	5.81e-69	267
NC_011593.1:c2595355-2593832	NB551033:76:HLGC3BGX5:3:13601:20449:11025:77#0/2	99.320	147	1	0	1006	1152	1	147	5.81e-69	267
NC_011593.1:c2595355-2593832	NB551033:76:HLGC3BGX5:2:23102:14463:2291:77#0/2	98.667	150	2	0	429	578	1	150	5.81e-69	267
NC_011593.1:c2595355-2593832	NB551033:76:HLGC3BGX5:2:21209:19812:4127:77#0/2	98.667	150	2	0	430	579	150	1	5.81e-69	267
NC_011593.1:c2595355-2593832	NB551033:76:HLGC3BGX5:1:13212:5889:13031:77#0/2	98.667	150	2	0	913	1062	150	1	5.81e-69	267
NC_011593.1:c2595355-2593832	NB551033:76:HLGC3BGX5:2:23102:14463:2291:77#0/1	98.667	150	2	0	450	599	150	1	5.81e-69	267
NC_011593.1:c2595355-2593832	NB551033:76:HLGC3BGX5:1:11302:6268:7622:77#0/1	98.667	150	2	0	997	1146	1	150	5.81e-69	267
NC_011593.1:c2595355-2593832	NB551033:76:HLGC3BGX5:4:13403:25236:3460:77#0/2	98.013	151	3	0	801	951	1	151	7.52e-68	263
NC_011593.1:c2595355-2593832	NB551033:76:HLGC3BGX5:4:13403:12523:2356:77#0/2	98.013	151	3	0	1079	1229	151	1	7.52e-68	263
NC_011593.1:c2595355-2593832	NB551033:76:HLGC3BGX5:3:22606:13919:16089:77#0/2	98.013	151	3	0	815	965	151	1	7.52e-68	263
NC_011593.1:c2595355-2593832	NB551033:76:HLGC3BGX5:2:21311:14434:2013:77#0/2	98.013	151	3	0	705	855	151	1	7.52e-68	263
NC_011593.1:c2595355-2593832	NB551033:76:HLGC3BGX5:2:13305:10769:14243:77#0/2	98.013	151	3	0	1178	1328	1	151	7.52e-68	263
NC_011593.1:c2595355-2593832	NB551033:76:HLGC3BGX5:1:23111:1316:2445:77#0/2	98.013	151	3	0	1072	1222	151	1	7.52e-68	263
NC_011593.1:c2595355-2593832	NB551033:76:HLGC3BGX5:1:13104:3797:10513:77#0/2	98.013	151	3	0	749	899	151	1	7.52e-68	263
NC_011593.1:c2595355-2593832	NB551033:76:HLGC3BGX5:1:11305:15519:1161:77#0/2	98.013	151	3	0	389	539	1	151	7.52e-68	263
NC_011593.1:c2595355-2593832	NB551033:76:HLGC3BGX5:3:22606:13919:16089:77#0/1	98.013	151	3	0	801	951	1	151	7.52e-68	263
NC_011593.1:c2595355-2593832	NB551033:76:HLGC3BGX5:2:21209:19812:4127:77#0/1	98.013	151	3	0	389	539	1	151	7.52e-68	263
NC_011593.1:c2595355-2593832	NB551033:76:HLGC3BGX5:1:13202:12129:13768:77#0/1	98.013	151	3	0	702	852	151	1	7.52e-68	263
NC_011593.1:c2595355-2593832	NB551033:76:HLGC3BGX5:1:11305:15519:1161:77#0/1	98.013	151	3	0	558	708	151	1	7.52e-68	263
NC_011593.1:c2595355-2593832	NB551033:76:HLGC3BGX5:4:11602:3597:10235:77#0/2	98.000	150	3	0	1037	1186	150	1	2.70e-67	261
NC_011593.1:c2595355-2593832	NB551033:76:HLGC3BGX5:2:11107:5345:12686:77#0/2	98.000	150	3	0	560	709	1	150	2.70e-67	261
NC_011593.1:c2595355-2593832	NB551033:76:HLGC3BGX5:4:13507:8109:10912:77#0/1	98.000	150	3	0	1149	1298	1	150	2.70e-67	261
NC_011593.1:c2595355-2593832	NB551033:76:HLGC3BGX5:3:23502:13934:2322:77#0/1	98.000	150	3	0	554	703	150	1	2.70e-67	261
NC_011593.1:c2595355-2593832	NB551033:76:HLGC3BGX5:3:12510:4184:9760:77#0/1	98.000	150	3	0	701	850	150	1	2.70e-67	261
NC_011593.1:c2595355-2593832	NB551033:76:HLGC3BGX5:2:21308:22568:6118:77#0/1	98.000	150	3	0	1069	1218	1	150	2.70e-67	261
NC_011593.1:c2595355-2593832	NB551033:76:HLGC3BGX5:2:11205:10624:7982:77#0/1	98.000	150	3	0	429	578	1	150	2.70e-67	261
NC_011593.1:c2595355-2593832	NB551033:76:HLGC3BGX5:1:22210:10397:3233:77#0/1	98.000	150	3	0	891	1040	1	150	2.70e-67	261
NC_011593.1:c2595355-2593832	NB551033:76:HLGC3BGX5:1:13110:5913:18760:77#0/1	98.000	150	3	0	796	945	1	150	2.70e-67	261
NC_011593.1:c2595355-2593832	NB551033:76:HLGC3BGX5:1:13201:26469:15081:77#0/2	97.987	149	3	0	831	979	149	1	9.73e-67	259
NC_011593.1:c2595355-2593832	NB551033:76:HLGC3BGX5:1:23309:19783:7748:77#0/2	97.973	148	3	0	1041	1188	148	1	3.50e-66	257
NC_011593.1:c2595355-2593832	NB551033:76:HLGC3BGX5:1:11302:6268:7622:77#0/2	97.351	151	4	0	1036	1186	151	1	3.50e-66	257
NC_011593.1:c2595355-2593832	NB551033:76:HLGC3BGX5:3:21512:16413:14090:77#0/1	97.351	151	4	0	1064	1214	151	1	3.50e-66	257
NC_011593.1:c2595355-2593832	NB551033:76:HLGC3BGX5:1:23309:19783:7748:77#0/1	97.351	151	4	0	842	992	1	151	3.50e-66	257
NC_011593.1:c2595355-2593832	NB551033:76:HLGC3BGX5:1:13212:5889:13031:77#0/1	97.351	151	4	0	841	991	1	151	3.50e-66	257
NC_011593.1:c2595355-2593832	NB551033:76:HLGC3BGX5:1:12208:22135:17931:77#0/1	97.973	148	3	0	796	943	1	148	3.50e-66	257
NC_011593.1:c2595355-2593832	NB551033:76:HLGC3BGX5:4:23405:4376:13362:77#0/2	97.333	150	4	0	1091	1240	1	150	1.26e-65	255
NC_011593.1:c2595355-2593832	NB551033:76:HLGC3BGX5:3:22406:10841:14271:77#0/2	97.959	147	3	0	387	533	1	147	1.26e-65	255
NC_011593.1:c2595355-2593832	NB551033:76:HLGC3BGX5:3:12510:4184:9760:77#0/2	97.333	150	4	0	399	548	1	150	1.26e-65	255
NC_011593.1:c2595355-2593832	NB551033:76:HLGC3BGX5:1:22310:21537:8389:77#0/2	97.333	150	4	0	856	1005	1	150	1.26e-65	255
NC_011593.1:c2595355-2593832	NB551033:76:HLGC3BGX5:4:22509:9564:11889:77#0/1	97.333	150	4	0	756	905	150	1	1.26e-65	255
NC_011593.1:c2595355-2593832	NB551033:76:HLGC3BGX5:1:21110:12189:11136:77#0/1	97.333	150	4	0	879	1028	1	150	1.26e-65	255
NC_011593.1:c2595355-2593832	NB551033:76:HLGC3BGX5:4:21601:15460:3654:77#0/2	97.333	150	3	1	94	243	1	149	4.53e-65	254
NC_011593.1:c2595355-2593832	NB551033:76:HLGC3BGX5:4:13507:8109:10912:77#0/2	96.689	151	5	0	1272	1422	151	1	1.63e-64	252
NC_011593.1:c2595355-2593832	NB551033:76:HLGC3BGX5:2:22105:16457:12495:77#0/2	97.297	148	4	0	568	715	148	1	1.63e-64	252
NC_011593.1:c2595355-2593832	NB551033:76:HLGC3BGX5:4:11509:13940:10128:77#0/1	96.689	151	5	0	328	478	1	151	1.63e-64	252
NC_011593.1:c2595355-2593832	NB551033:76:HLGC3BGX5:3:11605:2860:4409:77#0/1	96.689	151	5	0	587	737	1	151	1.63e-64	252
NC_011593.1:c2595355-2593832	NB551033:76:HLGC3BGX5:3:11503:12258:1862:77#0/1	96.689	151	5	0	324	474	151	1	1.63e-64	252
NC_011593.1:c2595355-2593832	NB551033:76:HLGC3BGX5:2:21304:17415:9428:77#0/1	97.297	148	4	0	450	597	1	148	1.63e-64	252
NC_011593.1:c2595355-2593832	NB551033:76:HLGC3BGX5:2:21111:18826:9419:77#0/1	97.297	148	4	0	566	713	1	148	1.63e-64	252
NC_011593.1:c2595355-2593832	NB551033:76:HLGC3BGX5:4:22511:21665:13057:77#0/2	96.667	150	5	0	605	754	150	1	5.85e-64	250
NC_011593.1:c2595355-2593832	NB551033:76:HLGC3BGX5:3:12407:15787:11139:77#0/2	96.689	151	4	1	118	268	1	150	5.85e-64	250
NC_011593.1:c2595355-2593832	NB551033:76:HLGC3BGX5:1:21312:5888:10429:77#0/2	96.689	151	4	1	134	284	1	150	5.85e-64	250
NC_011593.1:c2595355-2593832	NB551033:76:HLGC3BGX5:1:13202:12129:13768:77#0/2	96.667	150	5	0	615	764	1	150	5.85e-64	250
NC_011593.1:c2595355-2593832	NB551033:76:HLGC3BGX5:3:21605:8191:3944:77#0/1	96.689	151	4	1	101	251	150	1	5.85e-64	250
NC_011593.1:c2595355-2593832	NB551033:76:HLGC3BGX5:3:12405:10937:9444:77#0/1	96.667	150	5	0	597	746	1	150	5.85e-64	250
NC_011593.1:c2595355-2593832	NB551033:76:HLGC3BGX5:2:12304:14454:10599:77#0/1	96.667	150	5	0	328	477	1	150	5.85e-64	250
NC_011593.1:c2595355-2593832	NB551033:76:HLGC3BGX5:1:13109:10687:9304:77#0/1	96.667	150	5	0	318	467	150	1	5.85e-64	250
NC_011593.1:c2595355-2593832	NB551033:76:HLGC3BGX5:1:13104:3797:10513:77#0/1	96.667	150	5	0	672	821	1	150	5.85e-64	250
NC_011593.1:c2595355-2593832	NB551033:76:HLGC3BGX5:1:12210:3157:7349:77#0/1	96.667	150	5	0	173	322	150	1	5.85e-64	250
NC_011593.1:c2595355-2593832	NB551033:76:HLGC3BGX5:3:22608:25322:3633:77#0/2	96.644	149	5	0	1274	1422	149	1	2.11e-63	248
NC_011593.1:c2595355-2593832	NB551033:76:HLGC3BGX5:3:12405:10937:9444:77#0/2	98.571	140	2	0	711	850	140	1	2.11e-63	248
NC_011593.1:c2595355-2593832	NB551033:76:HLGC3BGX5:4:13409:3010:11396:77#0/1	96.053	152	5	1	61	212	151	1	7.57e-63	246
NC_011593.1:c2595355-2593832	NB551033:76:HLGC3BGX5:3:23403:15755:20310:77#0/1	96.053	152	5	1	62	213	151	1	7.57e-63	246
NC_011593.1:c2595355-2593832	NB551033:76:HLGC3BGX5:3:12407:15787:11139:77#0/1	96.026	151	6	0	285	435	151	1	7.57e-63	246
NC_011593.1:c2595355-2593832	NB551033:76:HLGC3BGX5:2:12303:14258:12382:77#0/1	96.026	151	6	0	285	435	151	1	7.57e-63	246
NC_011593.1:c2595355-2593832	NB551033:76:HLGC3BGX5:2:11107:5345:12686:77#0/1	96.026	151	6	0	642	792	151	1	7.57e-63	246
NC_011593.1:c2595355-2593832	NB551033:76:HLGC3BGX5:1:23108:11690:6032:77#0/1	96.026	151	6	0	285	435	151	1	7.57e-63	246
NC_011593.1:c2595355-2593832	NB551033:76:HLGC3BGX5:3:11605:2860:4409:77#0/2	96.000	150	6	0	655	804	150	1	2.72e-62	244
NC_011593.1:c2595355-2593832	NB551033:76:HLGC3BGX5:2:21304:17415:9428:77#0/2	96.000	150	6	0	660	809	150	1	2.72e-62	244
NC_011593.1:c2595355-2593832	NB551033:76:HLGC3BGX5:1:21309:5759:2607:77#0/2	96.026	151	5	1	87	237	150	1	2.72e-62	244
NC_011593.1:c2595355-2593832	NB551033:76:HLGC3BGX5:1:12208:22135:17931:77#0/2	97.222	144	4	0	841	984	144	1	2.72e-62	244
NC_011593.1:c2595355-2593832	NB551033:76:HLGC3BGX5:3:13408:3647:10219:77#0/1	96.000	150	6	0	288	437	150	1	2.72e-62	244
NC_011593.1:c2595355-2593832	NB551033:76:HLGC3BGX5:2:22303:24159:13233:77#0/1	96.000	150	6	0	287	436	1	150	2.72e-62	244
NC_011593.1:c2595355-2593832	NB551033:76:HLGC3BGX5:2:21105:20262:6538:77#0/2	96.599	147	4	1	52	198	146	1	9.80e-62	243
NC_011593.1:c2595355-2593832	NB551033:76:HLGC3BGX5:1:13110:5913:18760:77#0/2	97.857	140	3	0	845	984	140	1	9.80e-62	243
NC_011593.1:c2595355-2593832	NB551033:76:HLGC3BGX5:1:11210:25004:18282:77#0/2	97.857	140	3	0	554	693	1	140	9.80e-62	243
NC_011593.1:c2595355-2593832	NB551033:76:HLGC3BGX5:4:21610:9173:5559:77#0/1	97.203	143	4	0	1328	1470	1	143	9.80e-62	243
NC_011593.1:c2595355-2593832	NB551033:76:HLGC3BGX5:2:12101:1468:9566:77#0/1	95.973	149	6	0	245	393	149	1	9.80e-62	243
NC_011593.1:c2595355-2593832	NB551033:76:HLGC3BGX5:1:11210:25004:18282:77#0/1	97.857	140	3	0	554	693	140	1	9.80e-62	243
NC_011593.1:c2595355-2593832	NB551033:76:HLGC3BGX5:4:11602:19074:5707:77#0/2	95.364	151	7	0	214	364	151	1	3.52e-61	241
NC_011593.1:c2595355-2593832	NB551033:76:HLGC3BGX5:3:21605:8191:3944:77#0/2	95.395	152	6	1	42	193	1	151	3.52e-61	241
NC_011593.1:c2595355-2593832	NB551033:76:HLGC3BGX5:3:13408:3647:10219:77#0/2	95.364	151	7	0	241	391	1	151	3.52e-61	241
NC_011593.1:c2595355-2593832	NB551033:76:HLGC3BGX5:1:23112:26845:2445:77#0/2	97.842	139	3	0	1083	1221	140	2	3.52e-61	241
NC_011593.1:c2595355-2593832	NB551033:76:HLGC3BGX5:1:13209:1429:11572:77#0/2	96.575	146	4	1	52	197	145	1	3.52e-61	241
NC_011593.1:c2595355-2593832	NB551033:76:HLGC3BGX5:1:12210:3157:7349:77#0/2	96.575	146	4	1	64	209	1	145	3.52e-61	241
NC_011593.1:c2595355-2593832	NB551033:76:HLGC3BGX5:4:21601:15460:3654:77#0/1	95.364	151	7	0	230	380	151	1	3.52e-61	241
NC_011593.1:c2595355-2593832	NB551033:76:HLGC3BGX5:2:13305:10769:14243:77#0/1	97.163	141	4	0	1270	1410	141	1	1.27e-60	239
NC_011593.1:c2595355-2593832	NB551033:76:HLGC3BGX5:2:21308:22568:6118:77#0/2	97.810	137	3	0	1093	1229	150	14	4.56e-60	237
NC_011593.1:c2595355-2593832	NB551033:76:HLGC3BGX5:1:13109:10687:9304:77#0/2	95.302	149	7	0	211	359	3	151	4.56e-60	237
NC_011593.1:c2595355-2593832	NB551033:76:HLGC3BGX5:4:22511:21665:13057:77#0/1	96.454	141	5	0	318	458	1	141	5.90e-59	233
NC_011593.1:c2595355-2593832	NB551033:76:HLGC3BGX5:2:21311:14434:2013:77#0/1	98.485	132	2	0	453	584	1	132	5.90e-59	233
NC_011593.1:c2595355-2593832	NB551033:76:HLGC3BGX5:1:23112:26845:2445:77#0/1	99.225	129	1	0	997	1125	1	129	5.90e-59	233
NC_011593.1:c2595355-2593832	NB551033:76:HLGC3BGX5:4:23505:5844:4769:77#0/2	97.744	133	3	0	852	984	133	1	7.63e-58	230
NC_011593.1:c2595355-2593832	NB551033:76:HLGC3BGX5:4:23505:5844:4769:77#0/1	97.744	133	3	0	852	984	1	133	7.63e-58	230
NC_011593.1:c2595355-2593832	NB551033:76:HLGC3BGX5:2:23303:18320:8740:77#0/2	99.194	124	1	0	766	889	124	1	3.55e-56	224
NC_011593.1:c2595355-2593832	NB551033:76:HLGC3BGX5:1:21306:18294:10482:77#0/2	99.187	123	1	0	556	678	125	3	1.28e-55	222
NC_011593.1:c2595355-2593832	NB551033:76:HLGC3BGX5:2:23303:18320:8740:77#0/1	95.652	138	6	0	672	809	1	138	1.28e-55	222
NC_011593.1:c2595355-2593832	NB551033:76:HLGC3BGX5:1:21306:18294:10482:77#0/1	99.187	123	1	0	556	678	1	123	1.28e-55	222
NC_011593.1:c2595355-2593832	NB551033:76:HLGC3BGX5:4:11602:19074:5707:77#0/1	96.269	134	4	1	96	229	1	133	1.65e-54	219
NC_011593.1:c2595355-2593832	NB551033:76:HLGC3BGX5:4:22509:9564:11889:77#0/2	97.581	124	3	0	705	828	1	124	7.68e-53	213
NC_011593.1:c2595355-2593832	NB551033:76:HLGC3BGX5:4:21601:24761:11088:77#0/2	97.581	124	3	0	1347	1470	1	124	7.68e-53	213
NC_011593.1:c2595355-2593832	NB551033:76:HLGC3BGX5:3:11401:2467:16436:77#0/1	97.500	120	3	0	1351	1470	1	120	1.29e-50	206
NC_011593.1:c2595355-2593832	NB551033:76:HLGC3BGX5:3:13410:20029:7531:77#0/2	95.312	128	6	0	261	388	1	128	4.62e-50	204
NC_011593.1:c2595355-2593832	NB551033:76:HLGC3BGX5:3:13410:20029:7531:77#0/1	95.312	128	6	0	261	388	128	1	4.62e-50	204
NC_011593.1:c2595355-2593832	NB551033:76:HLGC3BGX5:1:21312:5888:10429:77#0/1	97.479	119	3	0	183	301	119	1	4.62e-50	204
NC_011593.1:c2595355-2593832	NB551033:76:HLGC3BGX5:1:13201:26469:15081:77#0/1	99.115	113	1	0	735	847	1	113	4.62e-50	204
NC_011593.1:c2595355-2593832	NB551033:76:HLGC3BGX5:2:22302:17416:7641:77#0/2	97.391	115	3	0	1072	1186	115	1	7.74e-48	196
NC_011593.1:c2595355-2593832	NB551033:76:HLGC3BGX5:2:22302:17416:7641:77#0/1	97.391	115	3	0	1072	1186	1	115	7.74e-48	196
NC_011593.1:c2595355-2593832	NB551033:76:HLGC3BGX5:3:13510:4246:10311:77#0/2	100.000	104	0	0	996	1099	104	1	1.00e-46	193
NC_011593.1:c2595355-2593832	NB551033:76:HLGC3BGX5:3:13407:16772:3961:77#0/2	97.345	113	3	0	187	299	1	113	1.00e-46	193
NC_011593.1:c2595355-2593832	NB551033:76:HLGC3BGX5:3:13510:4246:10311:77#0/1	100.000	104	0	0	996	1099	1	104	1.00e-46	193
NC_011593.1:c2595355-2593832	NB551033:76:HLGC3BGX5:4:22607:5185:6051:77#0/2	99.048	105	1	0	957	1061	1	105	1.29e-45	189
NC_011593.1:c2595355-2593832	NB551033:76:HLGC3BGX5:4:22607:5185:6051:77#0/1	99.048	105	1	0	957	1061	105	1	1.29e-45	189
NC_011593.1:c2595355-2593832	NB551033:76:HLGC3BGX5:2:13202:20755:19083:77#0/2	99.038	104	1	0	1032	1135	104	1	4.66e-45	187
NC_011593.1:c2595355-2593832	NB551033:76:HLGC3BGX5:2:13202:20755:19083:77#0/1	99.038	104	1	0	1032	1135	1	104	4.66e-45	187
NC_011593.1:c2595355-2593832	NB551033:76:HLGC3BGX5:3:11507:24840:10953:77#0/2	100.000	100	0	0	410	509	100	1	1.67e-44	185
NC_011593.1:c2595355-2593832	NB551033:76:HLGC3BGX5:3:11507:24840:10953:77#0/1	100.000	100	0	0	410	509	1	100	1.67e-44	185
NC_011593.1:c2595355-2593832	NB551033:76:HLGC3BGX5:3:21612:8812:5504:77#0/2	98.095	105	2	0	495	599	105	1	6.02e-44	183
NC_011593.1:c2595355-2593832	NB551033:76:HLGC3BGX5:1:13304:10629:16746:77#0/2	98.095	105	2	0	448	552	1	105	6.02e-44	183
NC_011593.1:c2595355-2593832	NB551033:76:HLGC3BGX5:3:21612:8812:5504:77#0/1	98.095	105	2	0	495	599	1	105	6.02e-44	183
NC_011593.1:c2595355-2593832	NB551033:76:HLGC3BGX5:2:12303:14258:12382:77#0/2	96.396	111	3	1	52	162	6	115	2.17e-43	182
NC_011593.1:c2595355-2593832	NB551033:76:HLGC3BGX5:2:23302:15783:10083:77#0/2	100.000	94	0	0	421	514	94	1	3.62e-41	174
NC_011593.1:c2595355-2593832	NB551033:76:HLGC3BGX5:2:23302:15783:10083:77#0/1	100.000	94	0	0	421	514	1	94	3.62e-41	174
NC_011593.1:c2595355-2593832	NB551033:76:HLGC3BGX5:2:22105:16457:12495:77#0/1	98.947	95	1	0	399	493	1	95	4.69e-40	171
NC_011593.1:c2595355-2593832	NB551033:76:HLGC3BGX5:1:13304:10629:16746:77#0/1	97.030	101	3	0	904	1004	101	1	4.69e-40	171
NC_011593.1:c2595355-2593832	NB551033:76:HLGC3BGX5:2:22306:20638:13871:77#0/2	96.939	98	3	0	1373	1470	110	13	2.18e-38	165
NC_011593.1:c2595355-2593832	NB551033:76:HLGC3BGX5:2:22306:20638:13871:77#0/1	96.939	98	3	0	1373	1470	1	98	2.18e-38	165
NC_011593.1:c2595355-2593832	NB551033:76:HLGC3BGX5:3:11401:2467:16436:77#0/2	96.842	95	3	0	1376	1470	151	57	1.02e-36	159
NC_011593.1:c2595355-2593832	NB551033:76:HLGC3BGX5:1:22207:11311:12766:77#0/2	96.703	91	3	0	1328	1418	1	91	1.70e-34	152
NC_011593.1:c2595355-2593832	NB551033:76:HLGC3BGX5:1:22207:11311:12766:77#0/1	96.703	91	3	0	1328	1418	93	3	1.70e-34	152
NC_011593.1:c2595355-2593832	NB551033:76:HLGC3BGX5:4:21504:15607:11356:77#0/2	95.652	92	3	1	64	155	91	1	7.90e-33	147
NC_011593.1:c2595355-2593832	NB551033:76:HLGC3BGX5:3:11605:5122:14937:77#0/2	98.780	82	1	0	1073	1154	1	82	7.90e-33	147
NC_011593.1:c2595355-2593832	NB551033:76:HLGC3BGX5:2:12101:1468:9566:77#0/2	96.591	88	3	0	208	295	1	88	7.90e-33	147
NC_011593.1:c2595355-2593832	NB551033:76:HLGC3BGX5:4:21504:15607:11356:77#0/1	95.652	92	3	1	64	155	1	91	7.90e-33	147
NC_011593.1:c2595355-2593832	NB551033:76:HLGC3BGX5:3:11605:5122:14937:77#0/1	98.780	82	1	0	1073	1154	82	1	7.90e-33	147
NC_011593.1:c2595355-2593832	NB551033:76:HLGC3BGX5:3:13612:13591:9713:77#0/2	100.000	77	0	0	768	844	1	77	1.02e-31	143
NC_011593.1:c2595355-2593832	NB551033:76:HLGC3BGX5:3:13612:13591:9713:77#0/1	100.000	77	0	0	768	844	77	1	1.02e-31	143
NC_011593.1:c2595355-2593832	NB551033:76:HLGC3BGX5:1:21110:12189:11136:77#0/2	98.734	79	1	0	976	1054	79	1	3.68e-31	141
NC_011593.1:c2595355-2593832	NB551033:76:HLGC3BGX5:4:21508:22240:7022:77#0/2	98.718	78	1	0	594	671	78	1	1.32e-30	139
NC_011593.1:c2595355-2593832	NB551033:76:HLGC3BGX5:1:22210:10397:3233:77#0/2	96.429	84	3	0	1099	1182	84	1	1.32e-30	139
NC_011593.1:c2595355-2593832	NB551033:76:HLGC3BGX5:4:21508:22240:7022:77#0/1	100.000	75	0	0	594	668	1	75	1.32e-30	139
NC_011593.1:c2595355-2593832	NB551033:76:HLGC3BGX5:3:22402:3021:6161:77#0/2	96.296	81	3	0	466	546	81	1	6.15e-29	134
NC_011593.1:c2595355-2593832	NB551033:76:HLGC3BGX5:3:22402:3021:6161:77#0/1	96.296	81	3	0	466	546	1	81	6.15e-29	134
NC_011593.1:c2595355-2593832	NB551033:76:HLGC3BGX5:2:23112:24189:9806:77#0/2	98.611	72	1	0	387	458	1	72	2.86e-27	128
NC_011593.1:c2595355-2593832	NB551033:76:HLGC3BGX5:1:11105:13244:7359:77#0/2	98.611	72	1	0	387	458	1	72	2.86e-27	128
NC_011593.1:c2595355-2593832	NB551033:76:HLGC3BGX5:2:23112:24189:9806:77#0/1	98.611	72	1	0	387	458	72	1	2.86e-27	128
NC_011593.1:c2595355-2593832	NB551033:76:HLGC3BGX5:1:11105:13244:7359:77#0/1	98.611	72	1	0	387	458	72	1	2.86e-27	128
NC_011593.1:c2595355-2593832	NB551033:76:HLGC3BGX5:4:21603:11248:19033:77#0/2	100.000	68	0	0	576	643	1	68	1.03e-26	126
NC_011593.1:c2595355-2593832	NB551033:76:HLGC3BGX5:1:23107:22659:6960:77#0/2	100.000	68	0	0	1032	1099	1	68	1.03e-26	126
NC_011593.1:c2595355-2593832	NB551033:76:HLGC3BGX5:4:21603:11248:19033:77#0/1	100.000	68	0	0	576	643	68	1	1.03e-26	126
NC_011593.1:c2595355-2593832	NB551033:76:HLGC3BGX5:1:23107:22659:6960:77#0/1	100.000	67	0	0	1033	1099	67	1	3.70e-26	124
NC_011593.1:c2595355-2593832	NB551033:76:HLGC3BGX5:2:21310:18752:16784:77#0/1	98.305	59	1	0	1412	1470	1	59	4.82e-20	104
NC_011593.1:c2595355-2593832	NB551033:76:HLGC3BGX5:2:12303:3348:18956:77#0/1	98.305	59	1	0	1412	1470	1	59	4.82e-20	104
NC_011593.1:c2595355-2593832	NB551033:76:HLGC3BGX5:2:12303:3348:18956:77#0/2	98.182	55	1	0	1416	1470	67	13	8.07e-18	97.1
# BLASTN 2.9.0+
# Query: NC_011593.1:c2597106-2595574 Bifidobacterium longum subsp. infantis ATCC 15697, complete genome
# Database: db/blast_C0479_3F_2A_S77.faa
# Fields: query acc.ver, subject acc.ver, % identity, alignment length, mismatches, gap opens, q. start, q. end, s. start, s. end, evalue, bit score
# 33 hits found
NC_011593.1:c2597106-2595574	NB551033:76:HLGC3BGX5:4:13409:3010:11396:77#0/2	95.935	123	5	0	1	123	22	144	6.02e-49	200
NC_011593.1:c2597106-2595574	NB551033:76:HLGC3BGX5:2:22211:26691:12730:77#0/1	95.833	120	5	0	1	120	120	1	2.80e-47	195
NC_011593.1:c2597106-2595574	NB551033:76:HLGC3BGX5:2:22210:1293:12735:77#0/1	95.833	120	5	0	1	120	120	1	2.80e-47	195
NC_011593.1:c2597106-2595574	NB551033:76:HLGC3BGX5:1:22312:6218:13249:77#0/1	95.798	119	5	0	1	119	119	1	1.01e-46	193
NC_011593.1:c2597106-2595574	NB551033:76:HLGC3BGX5:1:13209:1429:11572:77#0/1	95.763	118	5	0	1	118	34	151	3.62e-46	191
NC_011593.1:c2597106-2595574	NB551033:76:HLGC3BGX5:4:11602:19074:5707:77#0/2	95.000	120	6	0	214	333	151	32	1.30e-45	189
NC_011593.1:c2597106-2595574	NB551033:76:HLGC3BGX5:1:13109:10687:9304:77#0/2	95.726	117	5	0	214	330	6	122	1.30e-45	189
NC_011593.1:c2597106-2595574	NB551033:76:HLGC3BGX5:4:11412:7193:10872:77#0/1	95.614	114	5	0	1	114	37	150	6.06e-44	183
NC_011593.1:c2597106-2595574	NB551033:76:HLGC3BGX5:1:13110:17499:4241:77#0/1	95.614	114	5	0	1	114	114	1	6.06e-44	183
NC_011593.1:c2597106-2595574	NB551033:76:HLGC3BGX5:3:23403:15755:20310:77#0/2	95.536	112	5	0	1	112	39	150	7.84e-43	180
NC_011593.1:c2597106-2595574	NB551033:76:HLGC3BGX5:3:11507:24840:10953:77#0/2	99.000	100	1	0	410	509	100	1	7.84e-43	180
NC_011593.1:c2597106-2595574	NB551033:76:HLGC3BGX5:3:11507:24840:10953:77#0/1	99.000	100	1	0	410	509	1	100	7.84e-43	180
NC_011593.1:c2597106-2595574	NB551033:76:HLGC3BGX5:2:22105:16457:12495:77#0/1	98.947	95	1	0	399	493	1	95	4.72e-40	171
NC_011593.1:c2597106-2595574	NB551033:76:HLGC3BGX5:4:22409:13601:20009:77#0/2	95.192	104	5	0	1	104	104	1	2.19e-38	165
NC_011593.1:c2597106-2595574	NB551033:76:HLGC3BGX5:2:23302:15783:10083:77#0/2	97.872	94	2	0	421	514	94	1	7.89e-38	163
NC_011593.1:c2597106-2595574	NB551033:76:HLGC3BGX5:2:23302:15783:10083:77#0/1	97.872	94	2	0	421	514	1	94	7.89e-38	163
NC_011593.1:c2597106-2595574	NB551033:76:HLGC3BGX5:4:13603:22778:1981:77#0/2	95.098	102	5	0	1	102	102	1	2.84e-37	161
NC_011593.1:c2597106-2595574	NB551033:76:HLGC3BGX5:4:13603:22778:1981:77#0/1	95.098	102	5	0	1	102	17	118	2.84e-37	161
NC_011593.1:c2597106-2595574	NB551033:76:HLGC3BGX5:2:21105:20262:6538:77#0/1	98.718	78	1	0	1	78	73	150	1.33e-30	139
NC_011593.1:c2597106-2595574	NB551033:76:HLGC3BGX5:2:22211:26691:12730:77#0/2	98.701	77	1	0	1	77	75	151	4.78e-30	137
NC_011593.1:c2597106-2595574	NB551033:76:HLGC3BGX5:2:22210:1293:12735:77#0/2	98.701	77	1	0	1	77	75	151	4.78e-30	137
NC_011593.1:c2597106-2595574	NB551033:76:HLGC3BGX5:1:23103:15824:20322:77#0/2	100.000	72	0	0	1	72	72	1	6.19e-29	134
NC_011593.1:c2597106-2595574	NB551033:76:HLGC3BGX5:4:23401:15531:15192:77#0/1	100.000	72	0	0	1	72	72	1	6.19e-29	134
NC_011593.1:c2597106-2595574	NB551033:76:HLGC3BGX5:2:23112:24189:9806:77#0/2	95.833	72	3	0	387	458	1	72	6.23e-24	117
NC_011593.1:c2597106-2595574	NB551033:76:HLGC3BGX5:1:11105:13244:7359:77#0/2	95.833	72	3	0	387	458	1	72	6.23e-24	117
NC_011593.1:c2597106-2595574	NB551033:76:HLGC3BGX5:2:23112:24189:9806:77#0/1	95.833	72	3	0	387	458	72	1	6.23e-24	117
NC_011593.1:c2597106-2595574	NB551033:76:HLGC3BGX5:1:11105:13244:7359:77#0/1	95.833	72	3	0	387	458	72	1	6.23e-24	117
NC_011593.1:c2597106-2595574	NB551033:76:HLGC3BGX5:2:21310:18752:16784:77#0/1	98.305	59	1	0	1412	1470	1	59	4.85e-20	104
NC_011593.1:c2597106-2595574	NB551033:76:HLGC3BGX5:2:12303:3348:18956:77#0/1	98.305	59	1	0	1412	1470	1	59	4.85e-20	104
NC_011593.1:c2597106-2595574	NB551033:76:HLGC3BGX5:1:21309:5759:2607:77#0/1	100.000	56	0	0	1	56	96	151	4.85e-20	104
NC_011593.1:c2597106-2595574	NB551033:76:HLGC3BGX5:2:12303:3348:18956:77#0/2	98.182	55	1	0	1416	1470	67	13	8.12e-18	97.1
NC_011593.1:c2597106-2595574	NB551033:76:HLGC3BGX5:4:23401:15531:15192:77#0/2	100.000	40	0	0	1	40	112	151	3.80e-11	75.0
NC_011593.1:c2597106-2595574	NB551033:76:HLGC3BGX5:1:13110:17499:4241:77#0/2	100.000	32	0	0	1	32	119	150	1.07e-06	60.2
# BLASTN 2.9.0+
# Query: NC_011593.1:c2598562-2597207 Bifidobacterium longum subsp. infantis ATCC 15697, complete genome
# Database: db/blast_C0479_3F_2A_S77.faa
# 0 hits found
# BLASTN 2.9.0+
# Query: NC_011593.1:2598858-2601929 Bifidobacterium longum subsp. infantis ATCC 15697, complete genome
# Database: db/blast_C0479_3F_2A_S77.faa
# Fields: query acc.ver, subject acc.ver, % identity, alignment length, mismatches, gap opens, q. start, q. end, s. start, s. end, evalue, bit score
# 442 hits found
NC_011593.1:2598858-2601929	NB551033:76:HLGC3BGX5:4:12406:3504:1601:77#0/2	100.000	151	0	0	1904	2054	151	1	1.50e-72	279
NC_011593.1:2598858-2601929	NB551033:76:HLGC3BGX5:3:11507:5945:7962:77#0/2	100.000	151	0	0	1702	1852	151	1	1.50e-72	279
NC_011593.1:2598858-2601929	NB551033:76:HLGC3BGX5:4:11509:2241:14994:77#0/1	100.000	151	0	0	919	1069	151	1	1.50e-72	279
NC_011593.1:2598858-2601929	NB551033:76:HLGC3BGX5:3:13605:6088:9791:77#0/1	100.000	151	0	0	903	1053	151	1	1.50e-72	279
NC_011593.1:2598858-2601929	NB551033:76:HLGC3BGX5:2:13212:11746:12001:77#0/1	100.000	151	0	0	1609	1759	1	151	1.50e-72	279
NC_011593.1:2598858-2601929	NB551033:76:HLGC3BGX5:1:21305:22659:6922:77#0/1	100.000	151	0	0	2402	2552	1	151	1.50e-72	279
NC_011593.1:2598858-2601929	NB551033:76:HLGC3BGX5:1:13103:15410:10019:77#0/1	100.000	151	0	0	1626	1776	151	1	1.50e-72	279
NC_011593.1:2598858-2601929	NB551033:76:HLGC3BGX5:4:21605:13355:3097:77#0/2	100.000	150	0	0	911	1060	1	150	5.41e-72	278
NC_011593.1:2598858-2601929	NB551033:76:HLGC3BGX5:4:11408:25595:4496:77#0/2	100.000	150	0	0	2400	2549	1	150	5.41e-72	278
NC_011593.1:2598858-2601929	NB551033:76:HLGC3BGX5:3:21410:10885:17535:77#0/2	100.000	150	0	0	1572	1721	150	1	5.41e-72	278
NC_011593.1:2598858-2601929	NB551033:76:HLGC3BGX5:2:11204:2170:14013:77#0/2	100.000	150	0	0	1694	1843	1	150	5.41e-72	278
NC_011593.1:2598858-2601929	NB551033:76:HLGC3BGX5:1:23104:4216:1437:77#0/2	100.000	150	0	0	2408	2557	1	150	5.41e-72	278
NC_011593.1:2598858-2601929	NB551033:76:HLGC3BGX5:4:13603:6051:4757:77#0/1	100.000	150	0	0	1670	1819	1	150	5.41e-72	278
NC_011593.1:2598858-2601929	NB551033:76:HLGC3BGX5:4:12407:18464:2034:77#0/1	100.000	150	0	0	898	1047	2	151	5.41e-72	278
NC_011593.1:2598858-2601929	NB551033:76:HLGC3BGX5:4:11607:7451:10143:77#0/1	100.000	150	0	0	1906	2055	1	150	5.41e-72	278
NC_011593.1:2598858-2601929	NB551033:76:HLGC3BGX5:3:21502:9321:7327:77#0/1	100.000	150	0	0	1599	1748	150	1	5.41e-72	278
NC_011593.1:2598858-2601929	NB551033:76:HLGC3BGX5:3:11611:16100:7280:77#0/1	100.000	150	0	0	904	1053	150	1	5.41e-72	278
NC_011593.1:2598858-2601929	NB551033:76:HLGC3BGX5:3:11507:5945:7962:77#0/1	100.000	150	0	0	1677	1826	1	150	5.41e-72	278
NC_011593.1:2598858-2601929	NB551033:76:HLGC3BGX5:1:22301:3402:12557:77#0/1	100.000	150	0	0	2415	2564	150	1	5.41e-72	278
NC_011593.1:2598858-2601929	NB551033:76:HLGC3BGX5:1:13302:9848:17230:77#0/1	100.000	150	0	0	1695	1844	150	1	5.41e-72	278
NC_011593.1:2598858-2601929	NB551033:76:HLGC3BGX5:1:13211:15487:1843:77#0/1	100.000	150	0	0	916	1065	150	1	5.41e-72	278
NC_011593.1:2598858-2601929	NB551033:76:HLGC3BGX5:1:11106:13655:15585:77#0/1	100.000	150	0	0	926	1075	1	150	5.41e-72	278
NC_011593.1:2598858-2601929	NB551033:76:HLGC3BGX5:4:22501:9984:2271:77#0/2	99.338	151	1	0	2433	2583	1	151	7.00e-71	274
NC_011593.1:2598858-2601929	NB551033:76:HLGC3BGX5:4:13402:10411:18340:77#0/2	99.338	151	1	0	699	849	1	151	7.00e-71	274
NC_011593.1:2598858-2601929	NB551033:76:HLGC3BGX5:3:21502:9321:7327:77#0/2	99.338	151	1	0	1549	1699	1	151	7.00e-71	274
NC_011593.1:2598858-2601929	NB551033:76:HLGC3BGX5:3:13504:20850:8504:77#0/2	100.000	148	0	0	215	362	150	3	7.00e-71	274
NC_011593.1:2598858-2601929	NB551033:76:HLGC3BGX5:3:13503:19202:4979:77#0/2	99.338	151	1	0	996	1146	151	1	7.00e-71	274
NC_011593.1:2598858-2601929	NB551033:76:HLGC3BGX5:3:12508:14068:18593:77#0/2	99.338	151	1	0	2875	3025	151	1	7.00e-71	274
NC_011593.1:2598858-2601929	NB551033:76:HLGC3BGX5:2:21305:10847:19381:77#0/2	99.338	151	1	0	1751	1901	151	1	7.00e-71	274
NC_011593.1:2598858-2601929	NB551033:76:HLGC3BGX5:2:13212:11746:12001:77#0/2	99.338	151	1	0	1767	1917	151	1	7.00e-71	274
NC_011593.1:2598858-2601929	NB551033:76:HLGC3BGX5:1:23305:7402:10388:77#0/2	99.338	151	1	0	994	1144	151	1	7.00e-71	274
NC_011593.1:2598858-2601929	NB551033:76:HLGC3BGX5:1:23304:6959:12818:77#0/2	99.338	151	1	0	2192	2342	1	151	7.00e-71	274
NC_011593.1:2598858-2601929	NB551033:76:HLGC3BGX5:1:12304:22372:10763:77#0/2	100.000	148	0	0	2392	2539	3	150	7.00e-71	274
NC_011593.1:2598858-2601929	NB551033:76:HLGC3BGX5:1:11106:13655:15585:77#0/2	99.338	151	1	0	965	1115	151	1	7.00e-71	274
NC_011593.1:2598858-2601929	NB551033:76:HLGC3BGX5:4:13402:10411:18340:77#0/1	99.338	151	1	0	710	860	151	1	7.00e-71	274
NC_011593.1:2598858-2601929	NB551033:76:HLGC3BGX5:4:12406:3504:1601:77#0/1	99.338	151	1	0	1830	1980	1	151	7.00e-71	274
NC_011593.1:2598858-2601929	NB551033:76:HLGC3BGX5:3:21405:15416:12257:77#0/1	99.338	151	1	0	974	1124	1	151	7.00e-71	274
NC_011593.1:2598858-2601929	NB551033:76:HLGC3BGX5:3:13503:19202:4979:77#0/1	99.338	151	1	0	976	1126	1	151	7.00e-71	274
NC_011593.1:2598858-2601929	NB551033:76:HLGC3BGX5:3:12610:1889:4080:77#0/1	99.338	151	1	0	171	321	151	1	7.00e-71	274
NC_011593.1:2598858-2601929	NB551033:76:HLGC3BGX5:2:11204:2170:14013:77#0/1	99.338	151	1	0	1789	1939	151	1	7.00e-71	274
NC_011593.1:2598858-2601929	NB551033:76:HLGC3BGX5:2:11110:3190:4493:77#0/1	99.338	151	1	0	2192	2342	151	1	7.00e-71	274
NC_011593.1:2598858-2601929	NB551033:76:HLGC3BGX5:1:21304:8799:12720:77#0/1	99.338	151	1	0	11	161	1	151	7.00e-71	274
NC_011593.1:2598858-2601929	NB551033:76:HLGC3BGX5:4:23509:24549:7165:77#0/2	99.333	150	1	0	2435	2584	150	1	2.52e-70	272
NC_011593.1:2598858-2601929	NB551033:76:HLGC3BGX5:4:22508:6316:17239:77#0/2	99.333	150	1	0	131	280	1	150	2.52e-70	272
NC_011593.1:2598858-2601929	NB551033:76:HLGC3BGX5:4:22405:21710:20185:77#0/2	99.333	150	1	0	220	369	150	1	2.52e-70	272
NC_011593.1:2598858-2601929	NB551033:76:HLGC3BGX5:3:22607:26138:12901:77#0/2	99.333	150	1	0	1819	1968	150	1	2.52e-70	272
NC_011593.1:2598858-2601929	NB551033:76:HLGC3BGX5:2:22302:6282:16035:77#0/2	99.333	150	1	0	113	262	150	1	2.52e-70	272
NC_011593.1:2598858-2601929	NB551033:76:HLGC3BGX5:2:12211:5826:19522:77#0/2	99.333	150	1	0	2435	2584	150	1	2.52e-70	272
NC_011593.1:2598858-2601929	NB551033:76:HLGC3BGX5:2:12201:18375:8209:77#0/2	99.333	150	1	0	1580	1729	1	150	2.52e-70	272
NC_011593.1:2598858-2601929	NB551033:76:HLGC3BGX5:2:11307:12321:9597:77#0/2	99.333	150	1	0	2210	2359	150	1	2.52e-70	272
NC_011593.1:2598858-2601929	NB551033:76:HLGC3BGX5:1:22304:9395:13090:77#0/2	99.333	150	1	0	1822	1971	1	150	2.52e-70	272
NC_011593.1:2598858-2601929	NB551033:76:HLGC3BGX5:1:13302:9848:17230:77#0/2	99.333	150	1	0	1576	1725	1	150	2.52e-70	272
NC_011593.1:2598858-2601929	NB551033:76:HLGC3BGX5:4:22504:17107:4856:77#0/1	99.333	150	1	0	920	1069	150	1	2.52e-70	272
NC_011593.1:2598858-2601929	NB551033:76:HLGC3BGX5:4:22501:9984:2271:77#0/1	99.333	150	1	0	2438	2587	150	1	2.52e-70	272
NC_011593.1:2598858-2601929	NB551033:76:HLGC3BGX5:4:11511:14963:15630:77#0/1	99.333	150	1	0	145	294	150	1	2.52e-70	272
NC_011593.1:2598858-2601929	NB551033:76:HLGC3BGX5:3:22607:26138:12901:77#0/1	99.333	150	1	0	1782	1931	1	150	2.52e-70	272
NC_011593.1:2598858-2601929	NB551033:76:HLGC3BGX5:3:21606:23118:15293:77#0/1	99.333	150	1	0	274	423	1	150	2.52e-70	272
NC_011593.1:2598858-2601929	NB551033:76:HLGC3BGX5:2:12201:18375:8209:77#0/1	99.333	150	1	0	1646	1795	150	1	2.52e-70	272
NC_011593.1:2598858-2601929	NB551033:76:HLGC3BGX5:2:11307:12321:9597:77#0/1	100.000	147	0	0	1913	2059	1	147	2.52e-70	272
NC_011593.1:2598858-2601929	NB551033:76:HLGC3BGX5:2:11211:25633:8967:77#0/1	99.333	150	1	0	270	419	1	150	2.52e-70	272
NC_011593.1:2598858-2601929	NB551033:76:HLGC3BGX5:1:12304:22372:10763:77#0/1	99.333	150	1	0	2436	2585	150	1	2.52e-70	272
NC_011593.1:2598858-2601929	NB551033:76:HLGC3BGX5:1:11312:16668:4337:77#0/1	99.333	150	1	0	2421	2570	150	1	2.52e-70	272
NC_011593.1:2598858-2601929	NB551033:76:HLGC3BGX5:2:23303:1123:4455:77#0/2	99.329	149	1	0	311	459	149	1	9.05e-70	270
NC_011593.1:2598858-2601929	NB551033:76:HLGC3BGX5:1:23111:24235:2056:77#0/2	100.000	146	0	0	1618	1763	146	1	9.05e-70	270
NC_011593.1:2598858-2601929	NB551033:76:HLGC3BGX5:4:22405:21710:20185:77#0/1	99.329	149	1	0	2	150	1	149	9.05e-70	270
NC_011593.1:2598858-2601929	NB551033:76:HLGC3BGX5:2:23304:26648:4460:77#0/1	99.329	149	1	0	311	459	1	149	9.05e-70	270
NC_011593.1:2598858-2601929	NB551033:76:HLGC3BGX5:4:23404:21099:10263:77#0/2	98.675	151	2	0	2820	2970	151	1	3.26e-69	268
NC_011593.1:2598858-2601929	NB551033:76:HLGC3BGX5:4:11511:14963:15630:77#0/2	98.675	151	2	0	86	236	1	151	3.26e-69	268
NC_011593.1:2598858-2601929	NB551033:76:HLGC3BGX5:3:23401:19795:12553:77#0/2	98.675	151	2	0	1048	1198	151	1	3.26e-69	268
NC_011593.1:2598858-2601929	NB551033:76:HLGC3BGX5:3:21405:15416:12257:77#0/2	98.675	151	2	0	1072	1222	151	1	3.26e-69	268
NC_011593.1:2598858-2601929	NB551033:76:HLGC3BGX5:3:13606:4408:5321:77#0/2	98.675	151	2	0	1317	1467	151	1	3.26e-69	268
NC_011593.1:2598858-2601929	NB551033:76:HLGC3BGX5:3:12508:8542:13641:77#0/2	98.675	151	2	0	2868	3018	151	1	3.26e-69	268
NC_011593.1:2598858-2601929	NB551033:76:HLGC3BGX5:2:23304:26648:4460:77#0/2	99.324	148	1	0	312	459	148	1	3.26e-69	268
NC_011593.1:2598858-2601929	NB551033:76:HLGC3BGX5:1:22311:6334:16467:77#0/2	98.675	151	2	0	1492	1642	1	151	3.26e-69	268
NC_011593.1:2598858-2601929	NB551033:76:HLGC3BGX5:1:21305:22659:6922:77#0/2	98.675	151	2	0	2503	2653	151	1	3.26e-69	268
NC_011593.1:2598858-2601929	NB551033:76:HLGC3BGX5:1:13312:12971:18048:77#0/2	98.675	151	2	0	2138	2288	151	1	3.26e-69	268
NC_011593.1:2598858-2601929	NB551033:76:HLGC3BGX5:4:23411:26494:7322:77#0/1	98.675	151	2	0	56	206	151	1	3.26e-69	268
NC_011593.1:2598858-2601929	NB551033:76:HLGC3BGX5:4:13410:15978:8412:77#0/1	98.675	151	2	0	2868	3018	151	1	3.26e-69	268
NC_011593.1:2598858-2601929	NB551033:76:HLGC3BGX5:4:11604:3520:9991:77#0/1	98.675	151	2	0	1045	1195	1	151	3.26e-69	268
NC_011593.1:2598858-2601929	NB551033:76:HLGC3BGX5:4:11408:25595:4496:77#0/1	98.675	151	2	0	2486	2636	151	1	3.26e-69	268
NC_011593.1:2598858-2601929	NB551033:76:HLGC3BGX5:3:11606:24706:3198:77#0/1	98.675	151	2	0	2762	2912	151	1	3.26e-69	268
NC_011593.1:2598858-2601929	NB551033:76:HLGC3BGX5:2:13309:3375:19354:77#0/1	98.675	151	2	0	1239	1389	151	1	3.26e-69	268
NC_011593.1:2598858-2601929	NB551033:76:HLGC3BGX5:2:13207:20299:12766:77#0/1	98.675	151	2	0	1526	1676	151	1	3.26e-69	268
NC_011593.1:2598858-2601929	NB551033:76:HLGC3BGX5:1:13105:4369:2460:77#0/1	98.675	151	2	0	2492	2642	151	1	3.26e-69	268
NC_011593.1:2598858-2601929	NB551033:76:HLGC3BGX5:1:12312:17112:3853:77#0/1	98.675	151	2	0	2868	3018	151	1	3.26e-69	268
NC_011593.1:2598858-2601929	NB551033:76:HLGC3BGX5:1:12309:19190:13828:77#0/1	98.675	151	2	0	1319	1469	1	151	3.26e-69	268
NC_011593.1:2598858-2601929	NB551033:76:HLGC3BGX5:1:12209:7023:15280:77#0/1	98.675	151	2	0	1072	1222	151	1	3.26e-69	268
NC_011593.1:2598858-2601929	NB551033:76:HLGC3BGX5:1:11304:2239:5022:77#0/1	99.324	148	1	0	1685	1832	148	1	3.26e-69	268
NC_011593.1:2598858-2601929	NB551033:76:HLGC3BGX5:4:21406:17883:1569:77#0/2	98.667	150	2	0	608	757	1	150	1.17e-68	267
NC_011593.1:2598858-2601929	NB551033:76:HLGC3BGX5:4:13603:6051:4757:77#0/2	98.667	150	2	0	1835	1984	150	1	1.17e-68	267
NC_011593.1:2598858-2601929	NB551033:76:HLGC3BGX5:3:23611:3307:6310:77#0/2	99.320	147	1	0	2161	2307	4	150	1.17e-68	267
NC_011593.1:2598858-2601929	NB551033:76:HLGC3BGX5:3:21606:23118:15293:77#0/2	98.675	151	1	1	357	507	150	1	1.17e-68	267
NC_011593.1:2598858-2601929	NB551033:76:HLGC3BGX5:3:12608:9515:18041:77#0/2	98.667	150	2	0	36	185	1	150	1.17e-68	267
NC_011593.1:2598858-2601929	NB551033:76:HLGC3BGX5:3:11606:24706:3198:77#0/2	98.667	150	2	0	2471	2620	1	150	1.17e-68	267
NC_011593.1:2598858-2601929	NB551033:76:HLGC3BGX5:2:23102:23815:14917:77#0/2	98.667	150	2	0	2506	2655	1	150	1.17e-68	267
NC_011593.1:2598858-2601929	NB551033:76:HLGC3BGX5:2:22309:4652:14895:77#0/2	99.320	147	1	0	1640	1786	1	147	1.17e-68	267
NC_011593.1:2598858-2601929	NB551033:76:HLGC3BGX5:2:21309:15694:6786:77#0/2	98.675	151	1	1	337	487	150	1	1.17e-68	267
NC_011593.1:2598858-2601929	NB551033:76:HLGC3BGX5:2:21303:23980:13162:77#0/2	98.667	150	2	0	2499	2648	150	1	1.17e-68	267
NC_011593.1:2598858-2601929	NB551033:76:HLGC3BGX5:2:13309:3375:19354:77#0/2	99.320	147	1	0	1014	1160	1	147	1.17e-68	267
NC_011593.1:2598858-2601929	NB551033:76:HLGC3BGX5:2:12201:7886:10640:77#0/2	98.667	150	2	0	1306	1455	150	1	1.17e-68	267
NC_011593.1:2598858-2601929	NB551033:76:HLGC3BGX5:1:12312:17043:12945:77#0/2	98.667	150	2	0	2813	2962	1	150	1.17e-68	267
NC_011593.1:2598858-2601929	NB551033:76:HLGC3BGX5:1:12308:10693:2132:77#0/2	98.667	150	2	0	2889	3038	1	150	1.17e-68	267
NC_011593.1:2598858-2601929	NB551033:76:HLGC3BGX5:1:12211:16329:7123:77#0/2	98.667	150	2	0	2506	2655	1	150	1.17e-68	267
NC_011593.1:2598858-2601929	NB551033:76:HLGC3BGX5:4:22508:6316:17239:77#0/1	98.675	151	1	1	344	494	150	1	1.17e-68	267
NC_011593.1:2598858-2601929	NB551033:76:HLGC3BGX5:4:22502:18171:20140:77#0/1	98.667	150	2	0	252	401	1	150	1.17e-68	267
NC_011593.1:2598858-2601929	NB551033:76:HLGC3BGX5:4:21406:17883:1569:77#0/1	98.667	150	2	0	608	757	150	1	1.17e-68	267
NC_011593.1:2598858-2601929	NB551033:76:HLGC3BGX5:4:12510:7975:1493:77#0/1	98.675	151	1	1	357	507	150	1	1.17e-68	267
NC_011593.1:2598858-2601929	NB551033:76:HLGC3BGX5:4:12408:3242:8142:77#0/1	98.667	150	2	0	1313	1462	150	1	1.17e-68	267
NC_011593.1:2598858-2601929	NB551033:76:HLGC3BGX5:3:23401:19795:12553:77#0/1	98.667	150	2	0	1037	1186	1	150	1.17e-68	267
NC_011593.1:2598858-2601929	NB551033:76:HLGC3BGX5:3:13504:20850:8504:77#0/1	98.667	150	2	0	38	187	1	150	1.17e-68	267
NC_011593.1:2598858-2601929	NB551033:76:HLGC3BGX5:3:12608:9515:18041:77#0/1	98.667	150	2	0	107	256	150	1	1.17e-68	267
NC_011593.1:2598858-2601929	NB551033:76:HLGC3BGX5:2:21309:15694:6786:77#0/1	98.667	150	2	0	60	209	1	150	1.17e-68	267
NC_011593.1:2598858-2601929	NB551033:76:HLGC3BGX5:2:21308:9085:15021:77#0/1	98.667	150	2	0	107	256	150	1	1.17e-68	267
NC_011593.1:2598858-2601929	NB551033:76:HLGC3BGX5:2:21303:23980:13162:77#0/1	98.667	150	2	0	2472	2621	1	150	1.17e-68	267
NC_011593.1:2598858-2601929	NB551033:76:HLGC3BGX5:2:12211:15302:19477:77#0/1	98.667	150	2	0	2764	2913	150	1	1.17e-68	267
NC_011593.1:2598858-2601929	NB551033:76:HLGC3BGX5:2:12102:2266:14657:77#0/1	98.667	150	2	0	2764	2913	150	1	1.17e-68	267
NC_011593.1:2598858-2601929	NB551033:76:HLGC3BGX5:2:11205:2045:16456:77#0/1	98.667	150	2	0	2826	2975	151	2	1.17e-68	267
NC_011593.1:2598858-2601929	NB551033:76:HLGC3BGX5:1:23304:6959:12818:77#0/1	98.667	150	2	0	2499	2648	150	1	1.17e-68	267
NC_011593.1:2598858-2601929	NB551033:76:HLGC3BGX5:1:22311:6334:16467:77#0/1	98.667	150	2	0	1504	1653	150	1	1.17e-68	267
NC_011593.1:2598858-2601929	NB551033:76:HLGC3BGX5:1:12312:17043:12945:77#0/1	98.667	150	2	0	2874	3023	150	1	1.17e-68	267
NC_011593.1:2598858-2601929	NB551033:76:HLGC3BGX5:4:12510:7975:1493:77#0/2	98.658	149	2	0	137	285	1	149	4.21e-68	265
NC_011593.1:2598858-2601929	NB551033:76:HLGC3BGX5:2:22210:2769:1151:77#0/2	98.658	149	2	0	2455	2603	149	1	4.21e-68	265
NC_011593.1:2598858-2601929	NB551033:76:HLGC3BGX5:2:11110:9391:19381:77#0/2	98.658	149	2	0	1050	1198	149	1	4.21e-68	265
NC_011593.1:2598858-2601929	NB551033:76:HLGC3BGX5:4:12408:13009:11460:77#0/1	98.658	149	2	0	2147	2295	1	149	4.21e-68	265
NC_011593.1:2598858-2601929	NB551033:76:HLGC3BGX5:2:23303:1123:4455:77#0/1	99.315	146	1	0	311	456	1	146	4.21e-68	265
NC_011593.1:2598858-2601929	NB551033:76:HLGC3BGX5:1:13210:18816:4007:77#0/1	98.658	149	2	0	2131	2279	149	1	4.21e-68	265
NC_011593.1:2598858-2601929	NB551033:76:HLGC3BGX5:1:13202:7302:19656:77#0/1	98.658	149	2	0	2770	2918	149	1	4.21e-68	265
NC_011593.1:2598858-2601929	NB551033:76:HLGC3BGX5:1:12206:9428:14882:77#0/1	98.658	149	2	0	2529	2677	1	149	4.21e-68	265
NC_011593.1:2598858-2601929	NB551033:76:HLGC3BGX5:4:23603:19175:19338:77#0/2	98.013	151	3	0	2022	2172	1	151	1.52e-67	263
NC_011593.1:2598858-2601929	NB551033:76:HLGC3BGX5:4:21607:25020:1570:77#0/2	98.013	151	3	0	2073	2223	1	151	1.52e-67	263
NC_011593.1:2598858-2601929	NB551033:76:HLGC3BGX5:4:11604:3520:9991:77#0/2	98.013	151	3	0	1119	1269	151	1	1.52e-67	263
NC_011593.1:2598858-2601929	NB551033:76:HLGC3BGX5:3:23610:6134:1738:77#0/2	98.013	151	3	0	1417	1567	1	151	1.52e-67	263
NC_011593.1:2598858-2601929	NB551033:76:HLGC3BGX5:3:22602:21101:5490:77#0/2	98.649	148	2	0	1306	1453	3	150	1.52e-67	263
NC_011593.1:2598858-2601929	NB551033:76:HLGC3BGX5:3:21405:20287:4213:77#0/2	98.649	148	2	0	1480	1627	148	1	1.52e-67	263
NC_011593.1:2598858-2601929	NB551033:76:HLGC3BGX5:3:13612:23662:3249:77#0/2	98.013	151	3	0	1172	1322	151	1	1.52e-67	263
NC_011593.1:2598858-2601929	NB551033:76:HLGC3BGX5:2:21102:14964:15479:77#0/2	98.013	151	3	0	2316	2466	151	1	1.52e-67	263
NC_011593.1:2598858-2601929	NB551033:76:HLGC3BGX5:2:13310:12504:15089:77#0/2	98.013	151	3	0	1295	1445	151	1	1.52e-67	263
NC_011593.1:2598858-2601929	NB551033:76:HLGC3BGX5:2:13207:20299:12766:77#0/2	98.013	151	3	0	1380	1530	1	151	1.52e-67	263
NC_011593.1:2598858-2601929	NB551033:76:HLGC3BGX5:2:11308:21760:16415:77#0/2	98.013	151	3	0	1435	1585	1	151	1.52e-67	263
NC_011593.1:2598858-2601929	NB551033:76:HLGC3BGX5:1:13305:19768:13793:77#0/2	98.013	151	3	0	1332	1482	151	1	1.52e-67	263
NC_011593.1:2598858-2601929	NB551033:76:HLGC3BGX5:1:13204:12537:9372:77#0/2	98.013	151	3	0	2846	2996	151	1	1.52e-67	263
NC_011593.1:2598858-2601929	NB551033:76:HLGC3BGX5:1:12309:19190:13828:77#0/2	98.013	151	3	0	1350	1500	151	1	1.52e-67	263
NC_011593.1:2598858-2601929	NB551033:76:HLGC3BGX5:1:12105:12523:4358:77#0/2	98.013	151	3	0	1194	1344	151	1	1.52e-67	263
NC_011593.1:2598858-2601929	NB551033:76:HLGC3BGX5:1:11312:16668:4337:77#0/2	98.013	151	3	0	2344	2494	1	151	1.52e-67	263
NC_011593.1:2598858-2601929	NB551033:76:HLGC3BGX5:4:23603:19175:19338:77#0/1	98.013	151	3	0	2357	2507	151	1	1.52e-67	263
NC_011593.1:2598858-2601929	NB551033:76:HLGC3BGX5:4:13504:3476:18987:77#0/1	98.013	151	3	0	1184	1334	151	1	1.52e-67	263
NC_011593.1:2598858-2601929	NB551033:76:HLGC3BGX5:4:12506:13481:4020:77#0/1	98.013	151	3	0	2025	2175	151	1	1.52e-67	263
NC_011593.1:2598858-2601929	NB551033:76:HLGC3BGX5:3:23606:6344:9292:77#0/1	98.013	151	3	0	738	888	151	1	1.52e-67	263
NC_011593.1:2598858-2601929	NB551033:76:HLGC3BGX5:3:21405:20287:4213:77#0/1	98.013	151	3	0	1341	1491	1	151	1.52e-67	263
NC_011593.1:2598858-2601929	NB551033:76:HLGC3BGX5:3:12508:8542:13641:77#0/1	98.013	151	3	0	2686	2836	1	151	1.52e-67	263
NC_011593.1:2598858-2601929	NB551033:76:HLGC3BGX5:2:22309:4652:14895:77#0/1	98.013	151	3	0	2121	2271	151	1	1.52e-67	263
NC_011593.1:2598858-2601929	NB551033:76:HLGC3BGX5:2:21209:8630:12822:77#0/1	99.310	145	1	0	1	145	145	1	1.52e-67	263
NC_011593.1:2598858-2601929	NB551033:76:HLGC3BGX5:1:23104:4216:1437:77#0/1	98.013	151	3	0	2566	2716	151	1	1.52e-67	263
NC_011593.1:2598858-2601929	NB551033:76:HLGC3BGX5:1:22304:9395:13090:77#0/1	98.013	151	3	0	2061	2211	151	1	1.52e-67	263
NC_011593.1:2598858-2601929	NB551033:76:HLGC3BGX5:1:13312:12971:18048:77#0/1	98.013	151	3	0	2072	2222	1	151	1.52e-67	263
NC_011593.1:2598858-2601929	NB551033:76:HLGC3BGX5:1:13305:19768:13793:77#0/1	98.013	151	3	0	1277	1427	1	151	1.52e-67	263
NC_011593.1:2598858-2601929	NB551033:76:HLGC3BGX5:1:12211:16329:7123:77#0/1	98.013	151	3	0	2544	2694	151	1	1.52e-67	263
NC_011593.1:2598858-2601929	NB551033:76:HLGC3BGX5:1:11309:11808:9871:77#0/1	99.310	145	1	0	1	145	145	1	1.52e-67	263
NC_011593.1:2598858-2601929	NB551033:76:HLGC3BGX5:1:11306:3377:19346:77#0/1	98.013	151	3	0	1167	1317	1	151	1.52e-67	263
NC_011593.1:2598858-2601929	NB551033:76:HLGC3BGX5:1:11207:23036:5206:77#0/1	98.013	151	3	0	1287	1437	1	151	1.52e-67	263
NC_011593.1:2598858-2601929	NB551033:76:HLGC3BGX5:4:23611:14760:4817:77#0/2	98.000	150	3	0	1144	1293	150	1	5.45e-67	261
NC_011593.1:2598858-2601929	NB551033:76:HLGC3BGX5:4:22512:7471:8717:77#0/2	98.000	150	3	0	1045	1194	1	150	5.45e-67	261
NC_011593.1:2598858-2601929	NB551033:76:HLGC3BGX5:4:13611:21042:3449:77#0/2	98.000	150	3	0	2343	2492	150	1	5.45e-67	261
NC_011593.1:2598858-2601929	NB551033:76:HLGC3BGX5:4:13504:3476:18987:77#0/2	98.000	150	3	0	1107	1256	1	150	5.45e-67	261
NC_011593.1:2598858-2601929	NB551033:76:HLGC3BGX5:4:13410:15978:8412:77#0/2	98.000	150	3	0	2569	2718	1	150	5.45e-67	261
NC_011593.1:2598858-2601929	NB551033:76:HLGC3BGX5:4:12408:3242:8142:77#0/2	98.000	150	3	0	1190	1339	1	150	5.45e-67	261
NC_011593.1:2598858-2601929	NB551033:76:HLGC3BGX5:3:21612:4944:17158:77#0/2	98.000	150	3	0	1425	1574	150	1	5.45e-67	261
NC_011593.1:2598858-2601929	NB551033:76:HLGC3BGX5:3:21510:1936:4972:77#0/2	98.000	150	3	0	658	807	150	1	5.45e-67	261
NC_011593.1:2598858-2601929	NB551033:76:HLGC3BGX5:3:12602:8278:13033:77#0/2	98.000	150	3	0	1097	1246	1	150	5.45e-67	261
NC_011593.1:2598858-2601929	NB551033:76:HLGC3BGX5:2:12211:15302:19477:77#0/2	98.000	150	3	0	2682	2831	1	150	5.45e-67	261
NC_011593.1:2598858-2601929	NB551033:76:HLGC3BGX5:2:12103:7260:19498:77#0/2	98.013	151	2	1	337	487	1	150	5.45e-67	261
NC_011593.1:2598858-2601929	NB551033:76:HLGC3BGX5:1:22108:19585:16390:77#0/2	98.000	150	3	0	2802	2951	1	150	5.45e-67	261
NC_011593.1:2598858-2601929	NB551033:76:HLGC3BGX5:1:21111:18965:11750:77#0/2	100.000	141	0	0	1940	2080	1	141	5.45e-67	261
NC_011593.1:2598858-2601929	NB551033:76:HLGC3BGX5:1:13210:18816:4007:77#0/2	98.000	150	3	0	2106	2255	1	150	5.45e-67	261
NC_011593.1:2598858-2601929	NB551033:76:HLGC3BGX5:1:11306:3377:19346:77#0/2	98.000	150	3	0	1300	1449	150	1	5.45e-67	261
NC_011593.1:2598858-2601929	NB551033:76:HLGC3BGX5:4:23611:14760:4817:77#0/1	98.000	150	3	0	1107	1256	1	150	5.45e-67	261
NC_011593.1:2598858-2601929	NB551033:76:HLGC3BGX5:4:22512:7471:8717:77#0/1	98.000	150	3	0	1125	1274	150	1	5.45e-67	261
NC_011593.1:2598858-2601929	NB551033:76:HLGC3BGX5:4:21605:13355:3097:77#0/1	98.000	150	3	0	1155	1304	151	2	5.45e-67	261
NC_011593.1:2598858-2601929	NB551033:76:HLGC3BGX5:4:13611:21042:3449:77#0/1	98.000	150	3	0	2017	2166	1	150	5.45e-67	261
NC_011593.1:2598858-2601929	NB551033:76:HLGC3BGX5:4:12611:7848:6416:77#0/1	98.000	150	3	0	1336	1485	150	1	5.45e-67	261
NC_011593.1:2598858-2601929	NB551033:76:HLGC3BGX5:4:12406:23083:12421:77#0/1	98.000	150	3	0	2372	2521	150	1	5.45e-67	261
NC_011593.1:2598858-2601929	NB551033:76:HLGC3BGX5:3:23402:1509:6911:77#0/1	98.000	150	3	0	2348	2497	150	1	5.45e-67	261
NC_011593.1:2598858-2601929	NB551033:76:HLGC3BGX5:3:22602:21101:5490:77#0/1	98.000	150	3	0	1333	1482	150	1	5.45e-67	261
NC_011593.1:2598858-2601929	NB551033:76:HLGC3BGX5:3:21410:10885:17535:77#0/1	98.639	147	2	0	1410	1556	1	147	5.45e-67	261
NC_011593.1:2598858-2601929	NB551033:76:HLGC3BGX5:3:13612:23662:3249:77#0/1	98.000	150	3	0	1071	1220	1	150	5.45e-67	261
NC_011593.1:2598858-2601929	NB551033:76:HLGC3BGX5:3:12602:8278:13033:77#0/1	98.000	150	3	0	1332	1481	150	1	5.45e-67	261
NC_011593.1:2598858-2601929	NB551033:76:HLGC3BGX5:3:11407:25520:18441:77#0/1	98.000	150	3	0	2826	2975	150	1	5.45e-67	261
NC_011593.1:2598858-2601929	NB551033:76:HLGC3BGX5:2:21102:14964:15479:77#0/1	98.000	150	3	0	2229	2378	1	150	5.45e-67	261
NC_011593.1:2598858-2601929	NB551033:76:HLGC3BGX5:2:13310:12504:15089:77#0/1	98.000	150	3	0	1195	1344	1	150	5.45e-67	261
NC_011593.1:2598858-2601929	NB551033:76:HLGC3BGX5:2:12112:2420:6460:77#0/1	98.000	150	3	0	2036	2185	1	150	5.45e-67	261
NC_011593.1:2598858-2601929	NB551033:76:HLGC3BGX5:2:11308:21760:16415:77#0/1	98.000	150	3	0	1450	1599	150	1	5.45e-67	261
NC_011593.1:2598858-2601929	NB551033:76:HLGC3BGX5:1:23106:7979:6026:77#0/1	98.000	150	3	0	1280	1429	1	150	5.45e-67	261
NC_011593.1:2598858-2601929	NB551033:76:HLGC3BGX5:1:23104:22398:6176:77#0/1	98.000	150	3	0	2543	2692	1	150	5.45e-67	261
NC_011593.1:2598858-2601929	NB551033:76:HLGC3BGX5:1:21205:11131:10229:77#0/1	98.000	150	3	0	1296	1445	150	1	5.45e-67	261
NC_011593.1:2598858-2601929	NB551033:76:HLGC3BGX5:1:12105:12523:4358:77#0/1	98.000	150	3	0	1190	1339	1	150	5.45e-67	261
NC_011593.1:2598858-2601929	NB551033:76:HLGC3BGX5:2:22206:13133:4099:77#0/2	97.987	149	3	0	2117	2265	1	149	1.96e-66	259
NC_011593.1:2598858-2601929	NB551033:76:HLGC3BGX5:2:11309:20811:19386:77#0/2	97.987	149	3	0	2882	3030	1	149	1.96e-66	259
NC_011593.1:2598858-2601929	NB551033:76:HLGC3BGX5:1:22301:3402:12557:77#0/2	97.987	149	3	0	2318	2466	1	149	1.96e-66	259
NC_011593.1:2598858-2601929	NB551033:76:HLGC3BGX5:1:21205:11131:10229:77#0/2	97.987	149	3	0	1140	1288	1	149	1.96e-66	259
NC_011593.1:2598858-2601929	NB551033:76:HLGC3BGX5:1:13206:12176:4846:77#0/2	98.630	146	2	0	2012	2157	1	146	1.96e-66	259
NC_011593.1:2598858-2601929	NB551033:76:HLGC3BGX5:4:23407:24735:15792:77#0/1	97.987	149	3	0	630	778	1	149	1.96e-66	259
NC_011593.1:2598858-2601929	NB551033:76:HLGC3BGX5:3:21612:4944:17158:77#0/1	97.987	149	3	0	1356	1504	1	149	1.96e-66	259
NC_011593.1:2598858-2601929	NB551033:76:HLGC3BGX5:1:21312:4969:17392:77#0/1	98.639	147	1	1	334	480	146	1	1.96e-66	259
NC_011593.1:2598858-2601929	NB551033:76:HLGC3BGX5:1:13206:12176:4846:77#0/1	97.987	149	3	0	2242	2390	150	2	1.96e-66	259
NC_011593.1:2598858-2601929	NB551033:76:HLGC3BGX5:1:22212:25178:8737:77#0/2	97.973	148	3	0	2724	2871	148	1	7.05e-66	257
NC_011593.1:2598858-2601929	NB551033:76:HLGC3BGX5:1:21201:7201:17133:77#0/2	97.351	151	4	0	2638	2788	1	151	7.05e-66	257
NC_011593.1:2598858-2601929	NB551033:76:HLGC3BGX5:1:13105:4369:2460:77#0/2	97.351	151	4	0	2328	2478	1	151	7.05e-66	257
NC_011593.1:2598858-2601929	NB551033:76:HLGC3BGX5:1:12312:17112:3853:77#0/2	97.973	148	3	0	2688	2835	3	150	7.05e-66	257
NC_011593.1:2598858-2601929	NB551033:76:HLGC3BGX5:1:12206:9428:14882:77#0/2	97.351	151	4	0	2619	2769	151	1	7.05e-66	257
NC_011593.1:2598858-2601929	NB551033:76:HLGC3BGX5:4:21405:17078:3244:77#0/1	97.351	151	4	0	2297	2447	151	1	7.05e-66	257
NC_011593.1:2598858-2601929	NB551033:76:HLGC3BGX5:3:23611:3307:6310:77#0/1	97.351	151	4	0	2297	2447	151	1	7.05e-66	257
NC_011593.1:2598858-2601929	NB551033:76:HLGC3BGX5:3:23608:21171:15359:77#0/1	97.351	151	4	0	2630	2780	151	1	7.05e-66	257
NC_011593.1:2598858-2601929	NB551033:76:HLGC3BGX5:2:23102:23815:14917:77#0/1	97.351	151	4	0	2606	2756	151	1	7.05e-66	257
NC_011593.1:2598858-2601929	NB551033:76:HLGC3BGX5:2:13311:16564:8585:77#0/1	97.351	151	4	0	2638	2788	1	151	7.05e-66	257
NC_011593.1:2598858-2601929	NB551033:76:HLGC3BGX5:1:23303:23433:1952:77#0/1	97.351	151	4	0	2570	2720	1	151	7.05e-66	257
NC_011593.1:2598858-2601929	NB551033:76:HLGC3BGX5:1:23301:23211:1861:77#0/1	97.351	151	4	0	2650	2800	1	151	7.05e-66	257
NC_011593.1:2598858-2601929	NB551033:76:HLGC3BGX5:1:13204:12537:9372:77#0/1	97.351	151	4	0	2640	2790	1	151	7.05e-66	257
NC_011593.1:2598858-2601929	NB551033:76:HLGC3BGX5:1:12308:15670:8241:77#0/1	97.973	148	3	0	1181	1328	1	148	7.05e-66	257
NC_011593.1:2598858-2601929	NB551033:76:HLGC3BGX5:4:12611:7848:6416:77#0/2	97.959	147	3	0	1190	1336	1	147	2.54e-65	255
NC_011593.1:2598858-2601929	NB551033:76:HLGC3BGX5:4:12408:13009:11460:77#0/2	97.333	150	4	0	2259	2408	150	1	2.54e-65	255
NC_011593.1:2598858-2601929	NB551033:76:HLGC3BGX5:4:12406:23083:12421:77#0/2	97.333	150	4	0	2295	2444	1	150	2.54e-65	255
NC_011593.1:2598858-2601929	NB551033:76:HLGC3BGX5:4:11607:7451:10143:77#0/2	97.333	150	4	0	2047	2196	150	1	2.54e-65	255
NC_011593.1:2598858-2601929	NB551033:76:HLGC3BGX5:2:12112:2420:6460:77#0/2	97.333	150	4	0	2273	2422	150	1	2.54e-65	255
NC_011593.1:2598858-2601929	NB551033:76:HLGC3BGX5:2:11205:2045:16456:77#0/2	97.333	150	4	0	2633	2782	1	150	2.54e-65	255
NC_011593.1:2598858-2601929	NB551033:76:HLGC3BGX5:1:13304:12249:12293:77#0/2	97.333	150	4	0	102	251	150	1	2.54e-65	255
NC_011593.1:2598858-2601929	NB551033:76:HLGC3BGX5:1:13202:7302:19656:77#0/2	97.333	150	4	0	2708	2857	1	150	2.54e-65	255
NC_011593.1:2598858-2601929	NB551033:76:HLGC3BGX5:4:23509:24549:7165:77#0/1	97.959	147	3	0	2323	2469	1	147	2.54e-65	255
NC_011593.1:2598858-2601929	NB551033:76:HLGC3BGX5:4:12410:6354:9922:77#0/1	97.333	150	4	0	1460	1609	150	1	2.54e-65	255
NC_011593.1:2598858-2601929	NB551033:76:HLGC3BGX5:2:12310:12851:17789:77#0/1	97.333	150	4	0	2643	2792	1	150	2.54e-65	255
NC_011593.1:2598858-2601929	NB551033:76:HLGC3BGX5:2:12306:24292:9520:77#0/1	97.333	150	4	0	2661	2810	1	150	2.54e-65	255
NC_011593.1:2598858-2601929	NB551033:76:HLGC3BGX5:2:12211:5826:19522:77#0/1	97.333	150	4	0	2293	2442	1	150	2.54e-65	255
NC_011593.1:2598858-2601929	NB551033:76:HLGC3BGX5:1:22212:25178:8737:77#0/1	97.333	150	4	0	2676	2825	1	150	2.54e-65	255
NC_011593.1:2598858-2601929	NB551033:76:HLGC3BGX5:1:21201:7201:17133:77#0/1	97.333	150	4	0	2659	2808	150	1	2.54e-65	255
NC_011593.1:2598858-2601929	NB551033:76:HLGC3BGX5:4:23609:8714:7905:77#0/2	99.286	140	1	0	1092	1231	1	140	9.12e-65	254
NC_011593.1:2598858-2601929	NB551033:76:HLGC3BGX5:3:23402:1509:6911:77#0/2	97.315	149	4	0	2295	2443	1	149	9.12e-65	254
NC_011593.1:2598858-2601929	NB551033:76:HLGC3BGX5:2:12310:25032:17234:77#0/2	100.000	137	0	0	2164	2300	138	2	9.12e-65	254
NC_011593.1:2598858-2601929	NB551033:76:HLGC3BGX5:2:11205:23821:15172:77#0/2	98.601	143	2	0	2161	2303	143	1	9.12e-65	254
NC_011593.1:2598858-2601929	NB551033:76:HLGC3BGX5:4:23404:21099:10263:77#0/1	97.315	149	4	0	2628	2776	1	149	9.12e-65	254
NC_011593.1:2598858-2601929	NB551033:76:HLGC3BGX5:1:21111:18965:11750:77#0/1	97.315	149	4	0	2249	2397	149	1	9.12e-65	254
NC_011593.1:2598858-2601929	NB551033:76:HLGC3BGX5:3:23608:21171:15359:77#0/2	97.931	145	3	0	2569	2713	1	145	3.28e-64	252
NC_011593.1:2598858-2601929	NB551033:76:HLGC3BGX5:1:23303:23433:1952:77#0/2	97.297	148	4	0	2645	2792	148	1	3.28e-64	252
NC_011593.1:2598858-2601929	NB551033:76:HLGC3BGX5:1:23104:22398:6176:77#0/2	96.689	151	5	0	2607	2757	151	1	3.28e-64	252
NC_011593.1:2598858-2601929	NB551033:76:HLGC3BGX5:4:13405:8597:2051:77#0/1	96.689	151	5	0	474	624	1	151	3.28e-64	252
NC_011593.1:2598858-2601929	NB551033:76:HLGC3BGX5:2:12101:22288:7446:77#0/1	96.689	151	5	0	2636	2786	151	1	3.28e-64	252
NC_011593.1:2598858-2601929	NB551033:76:HLGC3BGX5:2:11110:9391:19381:77#0/1	96.689	151	5	0	826	976	1	151	3.28e-64	252
NC_011593.1:2598858-2601929	NB551033:76:HLGC3BGX5:4:23407:24735:15792:77#0/2	96.667	150	5	0	780	929	150	1	1.18e-63	250
NC_011593.1:2598858-2601929	NB551033:76:HLGC3BGX5:4:21405:17078:3244:77#0/2	100.000	135	0	0	2161	2295	4	138	1.18e-63	250
NC_011593.1:2598858-2601929	NB551033:76:HLGC3BGX5:4:12610:23504:13125:77#0/2	96.667	150	5	0	816	965	1	150	1.18e-63	250
NC_011593.1:2598858-2601929	NB551033:76:HLGC3BGX5:4:11509:2241:14994:77#0/2	96.667	150	5	0	816	965	1	150	1.18e-63	250
NC_011593.1:2598858-2601929	NB551033:76:HLGC3BGX5:3:23606:6344:9292:77#0/2	96.667	150	5	0	475	624	1	150	1.18e-63	250
NC_011593.1:2598858-2601929	NB551033:76:HLGC3BGX5:3:13605:6088:9791:77#0/2	96.667	150	5	0	846	995	1	150	1.18e-63	250
NC_011593.1:2598858-2601929	NB551033:76:HLGC3BGX5:3:11611:16100:7280:77#0/2	96.667	150	5	0	816	965	1	150	1.18e-63	250
NC_011593.1:2598858-2601929	NB551033:76:HLGC3BGX5:2:12306:24292:9520:77#0/2	97.917	144	3	0	2929	3072	151	8	1.18e-63	250
NC_011593.1:2598858-2601929	NB551033:76:HLGC3BGX5:2:12101:22288:7446:77#0/2	97.279	147	4	0	2576	2722	1	147	1.18e-63	250
NC_011593.1:2598858-2601929	NB551033:76:HLGC3BGX5:1:13211:15487:1843:77#0/2	96.667	150	5	0	788	937	1	150	1.18e-63	250
NC_011593.1:2598858-2601929	NB551033:76:HLGC3BGX5:1:12108:20513:4922:77#0/2	99.275	138	1	0	313	450	138	1	1.18e-63	250
NC_011593.1:2598858-2601929	NB551033:76:HLGC3BGX5:4:23609:8714:7905:77#0/1	96.667	150	5	0	1417	1566	150	1	1.18e-63	250
NC_011593.1:2598858-2601929	NB551033:76:HLGC3BGX5:2:11311:13015:11847:77#0/1	96.667	150	5	0	489	638	150	1	1.18e-63	250
NC_011593.1:2598858-2601929	NB551033:76:HLGC3BGX5:1:12108:20513:4922:77#0/1	99.275	138	1	0	313	450	1	138	1.18e-63	250
NC_011593.1:2598858-2601929	NB551033:76:HLGC3BGX5:4:23411:26494:7322:77#0/2	98.571	140	2	0	1	140	11	150	4.24e-63	248
NC_011593.1:2598858-2601929	NB551033:76:HLGC3BGX5:4:12410:6354:9922:77#0/2	96.644	149	5	0	1393	1541	1	149	4.24e-63	248
NC_011593.1:2598858-2601929	NB551033:76:HLGC3BGX5:1:21304:8799:12720:77#0/2	98.571	140	2	0	67	206	140	1	4.24e-63	248
NC_011593.1:2598858-2601929	NB551033:76:HLGC3BGX5:4:21607:25020:1570:77#0/1	100.000	134	0	0	2167	2300	135	2	4.24e-63	248
NC_011593.1:2598858-2601929	NB551033:76:HLGC3BGX5:4:23508:10517:2667:77#0/2	97.887	142	3	0	1504	1645	1	142	1.53e-62	246
NC_011593.1:2598858-2601929	NB551033:76:HLGC3BGX5:3:12401:21078:13654:77#0/2	99.265	136	1	0	1087	1222	136	1	1.53e-62	246
NC_011593.1:2598858-2601929	NB551033:76:HLGC3BGX5:3:11407:25520:18441:77#0/2	98.561	139	2	0	2790	2928	1	139	1.53e-62	246
NC_011593.1:2598858-2601929	NB551033:76:HLGC3BGX5:2:11110:5156:17503:77#0/2	98.561	139	2	0	2513	2651	1	139	1.53e-62	246
NC_011593.1:2598858-2601929	NB551033:76:HLGC3BGX5:1:23301:7183:18573:77#0/2	96.053	152	5	1	422	573	151	1	1.53e-62	246
NC_011593.1:2598858-2601929	NB551033:76:HLGC3BGX5:1:13103:4677:18915:77#0/2	99.265	136	1	0	699	834	136	1	1.53e-62	246
NC_011593.1:2598858-2601929	NB551033:76:HLGC3BGX5:3:12401:21078:13654:77#0/1	99.265	136	1	0	1087	1222	2	137	1.53e-62	246
NC_011593.1:2598858-2601929	NB551033:76:HLGC3BGX5:2:11110:5156:17503:77#0/1	98.561	139	2	0	2513	2651	139	1	1.53e-62	246
NC_011593.1:2598858-2601929	NB551033:76:HLGC3BGX5:4:21601:13346:7360:77#0/2	97.872	141	3	0	1437	1577	1	141	5.49e-62	244
NC_011593.1:2598858-2601929	NB551033:76:HLGC3BGX5:4:13405:8597:2051:77#0/2	96.000	150	6	0	499	648	150	1	5.49e-62	244
NC_011593.1:2598858-2601929	NB551033:76:HLGC3BGX5:4:12402:21031:19521:77#0/2	99.259	135	1	0	1	135	135	1	5.49e-62	244
NC_011593.1:2598858-2601929	NB551033:76:HLGC3BGX5:1:23106:7979:6026:77#0/2	98.551	138	2	0	1340	1477	138	1	5.49e-62	244
NC_011593.1:2598858-2601929	NB551033:76:HLGC3BGX5:4:21601:13346:7360:77#0/1	97.872	141	3	0	1437	1577	141	1	5.49e-62	244
NC_011593.1:2598858-2601929	NB551033:76:HLGC3BGX5:4:12402:21031:19521:77#0/1	99.259	135	1	0	1	135	3	137	5.49e-62	244
NC_011593.1:2598858-2601929	NB551033:76:HLGC3BGX5:1:23305:7402:10388:77#0/1	96.000	150	6	0	799	948	1	150	5.49e-62	244
NC_011593.1:2598858-2601929	NB551033:76:HLGC3BGX5:1:21311:20921:7880:77#0/1	97.872	141	3	0	621	761	141	1	5.49e-62	244
NC_011593.1:2598858-2601929	NB551033:76:HLGC3BGX5:3:23408:17619:12155:77#0/2	97.857	140	3	0	1460	1599	140	1	1.97e-61	243
NC_011593.1:2598858-2601929	NB551033:76:HLGC3BGX5:3:23610:6134:1738:77#0/1	98.540	137	2	0	1483	1619	137	1	1.97e-61	243
NC_011593.1:2598858-2601929	NB551033:76:HLGC3BGX5:3:23408:17619:12155:77#0/1	97.857	140	3	0	1460	1599	1	140	1.97e-61	243
NC_011593.1:2598858-2601929	NB551033:76:HLGC3BGX5:1:11304:2239:5022:77#0/2	95.946	148	6	0	1454	1601	1	148	7.10e-61	241
NC_011593.1:2598858-2601929	NB551033:76:HLGC3BGX5:4:13408:14312:6837:77#0/2	100.000	129	0	0	898	1026	129	1	2.55e-60	239
NC_011593.1:2598858-2601929	NB551033:76:HLGC3BGX5:1:13103:15410:10019:77#0/2	98.519	135	2	0	1363	1497	1	135	2.55e-60	239
NC_011593.1:2598858-2601929	NB551033:76:HLGC3BGX5:1:12308:15670:8241:77#0/2	98.507	134	2	0	1410	1543	134	1	9.18e-60	237
NC_011593.1:2598858-2601929	NB551033:76:HLGC3BGX5:4:13408:14312:6837:77#0/1	99.237	131	1	0	895	1025	4	134	9.18e-60	237
NC_011593.1:2598858-2601929	NB551033:76:HLGC3BGX5:1:23301:7183:18573:77#0/1	98.496	133	2	0	252	384	1	133	3.30e-59	235
NC_011593.1:2598858-2601929	NB551033:76:HLGC3BGX5:3:23512:20099:10063:77#0/2	98.485	132	2	0	1369	1500	132	1	1.19e-58	233
NC_011593.1:2598858-2601929	NB551033:76:HLGC3BGX5:3:22612:11095:2381:77#0/2	99.225	129	1	0	1537	1665	3	131	1.19e-58	233
NC_011593.1:2598858-2601929	NB551033:76:HLGC3BGX5:3:23512:20099:10063:77#0/1	98.485	132	2	0	1369	1500	1	132	1.19e-58	233
NC_011593.1:2598858-2601929	NB551033:76:HLGC3BGX5:3:22612:11095:2381:77#0/1	99.225	129	1	0	1537	1665	129	1	1.19e-58	233
NC_011593.1:2598858-2601929	NB551033:76:HLGC3BGX5:1:12212:4620:5116:77#0/2	97.080	137	4	0	2650	2786	1	137	4.27e-58	231
NC_011593.1:2598858-2601929	NB551033:76:HLGC3BGX5:1:12212:4620:5116:77#0/1	97.080	137	4	0	2650	2786	137	1	4.27e-58	231
NC_011593.1:2598858-2601929	NB551033:76:HLGC3BGX5:1:11207:23036:5206:77#0/2	98.462	130	2	0	1414	1543	130	1	1.54e-57	230
NC_011593.1:2598858-2601929	NB551033:76:HLGC3BGX5:1:23310:1531:8417:77#0/1	98.462	130	2	0	1502	1631	130	1	1.54e-57	230
NC_011593.1:2598858-2601929	NB551033:76:HLGC3BGX5:1:23111:24235:2056:77#0/1	96.403	139	5	0	1371	1509	1	139	1.54e-57	230
NC_011593.1:2598858-2601929	NB551033:76:HLGC3BGX5:4:12506:13481:4020:77#0/2	99.206	126	1	0	1786	1911	1	126	5.53e-57	228
NC_011593.1:2598858-2601929	NB551033:76:HLGC3BGX5:2:13109:10749:20040:77#0/2	98.450	129	2	0	1081	1209	129	1	5.53e-57	228
NC_011593.1:2598858-2601929	NB551033:76:HLGC3BGX5:4:23508:10517:2667:77#0/1	99.206	126	1	0	1743	1868	126	1	5.53e-57	228
NC_011593.1:2598858-2601929	NB551033:76:HLGC3BGX5:2:22210:2769:1151:77#0/1	97.037	135	4	0	2339	2473	1	135	5.53e-57	228
NC_011593.1:2598858-2601929	NB551033:76:HLGC3BGX5:2:22206:13133:4099:77#0/1	100.000	123	0	0	2164	2286	123	1	5.53e-57	228
NC_011593.1:2598858-2601929	NB551033:76:HLGC3BGX5:2:13109:10749:20040:77#0/1	98.450	129	2	0	1081	1209	1	129	5.53e-57	228
NC_011593.1:2598858-2601929	NB551033:76:HLGC3BGX5:3:23404:1951:15147:77#0/2	98.438	128	2	0	2528	2655	1	128	1.99e-56	226
NC_011593.1:2598858-2601929	NB551033:76:HLGC3BGX5:1:12308:10693:2132:77#0/1	97.674	129	3	0	2944	3072	150	22	2.57e-55	222
NC_011593.1:2598858-2601929	NB551033:76:HLGC3BGX5:4:21407:20447:20125:77#0/1	97.656	128	3	0	2058	2185	128	1	9.25e-55	220
NC_011593.1:2598858-2601929	NB551033:76:HLGC3BGX5:1:11303:3441:6314:77#0/1	97.656	128	3	0	2058	2185	128	1	9.25e-55	220
NC_011593.1:2598858-2601929	NB551033:76:HLGC3BGX5:4:21407:20447:20125:77#0/2	97.638	127	3	0	2058	2184	1	127	3.33e-54	219
NC_011593.1:2598858-2601929	NB551033:76:HLGC3BGX5:1:11303:3441:6314:77#0/2	97.638	127	3	0	2058	2184	1	127	3.33e-54	219
NC_011593.1:2598858-2601929	NB551033:76:HLGC3BGX5:2:12201:7886:10640:77#0/1	97.619	126	3	0	1146	1271	1	126	1.20e-53	217
NC_011593.1:2598858-2601929	NB551033:76:HLGC3BGX5:3:13606:4408:5321:77#0/1	98.361	122	2	0	1266	1387	1	122	4.30e-53	215
NC_011593.1:2598858-2601929	NB551033:76:HLGC3BGX5:2:11110:3190:4493:77#0/2	97.541	122	3	0	2095	2216	1	122	2.00e-51	209
NC_011593.1:2598858-2601929	NB551033:76:HLGC3BGX5:2:21210:18070:13708:77#0/2	99.130	115	1	0	31	145	1	115	7.20e-51	207
NC_011593.1:2598858-2601929	NB551033:76:HLGC3BGX5:2:11211:25633:8967:77#0/2	96.063	127	5	0	468	594	127	1	7.20e-51	207
NC_011593.1:2598858-2601929	NB551033:76:HLGC3BGX5:2:21210:18070:13708:77#0/1	99.130	115	1	0	31	145	115	1	7.20e-51	207
NC_011593.1:2598858-2601929	NB551033:76:HLGC3BGX5:2:11205:23821:15172:77#0/1	96.774	124	4	0	2072	2195	1	124	7.20e-51	207
NC_011593.1:2598858-2601929	NB551033:76:HLGC3BGX5:1:22108:19585:16390:77#0/1	97.500	120	3	0	2953	3072	122	3	2.59e-50	206
NC_011593.1:2598858-2601929	NB551033:76:HLGC3BGX5:3:11503:21282:18848:77#0/1	96.721	122	4	0	1133	1254	122	1	9.31e-50	204
NC_011593.1:2598858-2601929	NB551033:76:HLGC3BGX5:4:12610:18106:11298:77#0/2	99.107	112	1	0	1087	1198	112	1	3.35e-49	202
NC_011593.1:2598858-2601929	NB551033:76:HLGC3BGX5:4:12610:18106:11298:77#0/1	99.107	112	1	0	1087	1198	2	113	3.35e-49	202
NC_011593.1:2598858-2601929	NB551033:76:HLGC3BGX5:2:21108:3789:12470:77#0/2	100.000	108	0	0	1	108	41	148	1.20e-48	200
NC_011593.1:2598858-2601929	NB551033:76:HLGC3BGX5:1:12209:7023:15280:77#0/2	99.099	111	1	0	919	1029	1	111	1.20e-48	200
NC_011593.1:2598858-2601929	NB551033:76:HLGC3BGX5:3:12602:9086:16030:77#0/1	100.000	108	0	0	1593	1700	108	1	1.20e-48	200
NC_011593.1:2598858-2601929	NB551033:76:HLGC3BGX5:2:21108:3789:12470:77#0/1	100.000	108	0	0	1	108	108	1	1.20e-48	200
NC_011593.1:2598858-2601929	NB551033:76:HLGC3BGX5:3:12602:9086:16030:77#0/2	100.000	107	0	0	1593	1699	1	107	4.33e-48	198
NC_011593.1:2598858-2601929	NB551033:76:HLGC3BGX5:3:11505:17699:19979:77#0/2	97.414	116	3	0	768	883	1	116	4.33e-48	198
NC_011593.1:2598858-2601929	NB551033:76:HLGC3BGX5:3:11505:17699:19979:77#0/1	97.414	116	3	0	768	883	116	1	4.33e-48	198
NC_011593.1:2598858-2601929	NB551033:76:HLGC3BGX5:2:12102:2266:14657:77#0/2	96.610	118	4	0	2686	2803	1	118	1.56e-47	196
NC_011593.1:2598858-2601929	NB551033:76:HLGC3BGX5:4:22606:7489:5778:77#0/2	100.000	104	0	0	1717	1820	104	1	2.02e-46	193
NC_011593.1:2598858-2601929	NB551033:76:HLGC3BGX5:3:12610:23660:5195:77#0/2	100.000	104	0	0	1717	1820	104	1	2.02e-46	193
NC_011593.1:2598858-2601929	NB551033:76:HLGC3BGX5:1:23301:23211:1861:77#0/2	97.345	113	3	0	2713	2825	113	1	2.02e-46	193
NC_011593.1:2598858-2601929	NB551033:76:HLGC3BGX5:4:22606:7489:5778:77#0/1	100.000	104	0	0	1717	1820	1	104	2.02e-46	193
NC_011593.1:2598858-2601929	NB551033:76:HLGC3BGX5:3:12610:23660:5195:77#0/1	100.000	104	0	0	1717	1820	1	104	2.02e-46	193
NC_011593.1:2598858-2601929	NB551033:76:HLGC3BGX5:2:12310:25032:17234:77#0/1	96.522	115	4	0	1442	1556	1	115	7.25e-46	191
NC_011593.1:2598858-2601929	NB551033:76:HLGC3BGX5:1:21209:24892:20044:77#0/1	97.321	112	3	0	2535	2646	112	1	7.25e-46	191
NC_011593.1:2598858-2601929	NB551033:76:HLGC3BGX5:2:22201:26411:5178:77#0/2	98.148	108	2	0	76	183	1	108	2.61e-45	189
NC_011593.1:2598858-2601929	NB551033:76:HLGC3BGX5:3:22406:9792:6987:77#0/1	99.048	105	1	0	310	414	1	105	2.61e-45	189
NC_011593.1:2598858-2601929	NB551033:76:HLGC3BGX5:2:22201:26411:5178:77#0/1	98.148	108	2	0	76	183	108	1	2.61e-45	189
NC_011593.1:2598858-2601929	NB551033:76:HLGC3BGX5:2:21303:20934:7086:77#0/2	100.000	101	0	0	2187	2287	101	1	9.38e-45	187
NC_011593.1:2598858-2601929	NB551033:76:HLGC3BGX5:4:11610:22607:3287:77#0/1	95.690	116	5	0	2293	2408	1	116	9.38e-45	187
NC_011593.1:2598858-2601929	NB551033:76:HLGC3BGX5:2:21303:20934:7086:77#0/1	100.000	101	0	0	2187	2287	1	101	9.38e-45	187
NC_011593.1:2598858-2601929	NB551033:76:HLGC3BGX5:4:23505:23983:18700:77#0/2	100.000	100	0	0	1566	1665	1	100	3.37e-44	185
NC_011593.1:2598858-2601929	NB551033:76:HLGC3BGX5:1:12309:3280:6727:77#0/2	98.113	106	2	0	2527	2632	106	1	3.37e-44	185
NC_011593.1:2598858-2601929	NB551033:76:HLGC3BGX5:4:23505:23983:18700:77#0/1	100.000	100	0	0	1566	1665	100	1	3.37e-44	185
NC_011593.1:2598858-2601929	NB551033:76:HLGC3BGX5:1:12309:3280:6727:77#0/1	98.113	106	2	0	2527	2632	1	106	3.37e-44	185
NC_011593.1:2598858-2601929	NB551033:76:HLGC3BGX5:4:13607:7023:6542:77#0/2	100.000	99	0	0	1645	1743	99	1	1.21e-43	183
NC_011593.1:2598858-2601929	NB551033:76:HLGC3BGX5:4:13607:7023:6542:77#0/1	100.000	99	0	0	1645	1743	1	99	1.21e-43	183
NC_011593.1:2598858-2601929	NB551033:76:HLGC3BGX5:4:22502:18171:20140:77#0/2	95.575	113	5	0	461	573	113	1	4.36e-43	182
NC_011593.1:2598858-2601929	NB551033:76:HLGC3BGX5:3:21510:1936:4972:77#0/1	95.575	113	5	0	476	588	2	114	4.36e-43	182
NC_011593.1:2598858-2601929	NB551033:76:HLGC3BGX5:4:21507:23056:1958:77#0/2	99.000	100	1	0	1425	1524	1	100	1.57e-42	180
NC_011593.1:2598858-2601929	NB551033:76:HLGC3BGX5:4:12610:23504:13125:77#0/1	99.000	100	1	0	1126	1225	101	2	1.57e-42	180
NC_011593.1:2598858-2601929	NB551033:76:HLGC3BGX5:4:21507:23056:1958:77#0/1	98.990	99	1	0	1426	1524	99	1	5.65e-42	178
NC_011593.1:2598858-2601929	NB551033:76:HLGC3BGX5:4:11403:2709:4899:77#0/2	95.455	110	5	0	818	927	110	1	2.03e-41	176
NC_011593.1:2598858-2601929	NB551033:76:HLGC3BGX5:2:23306:3595:2829:77#0/2	98.020	101	2	0	1454	1554	1	101	2.03e-41	176
NC_011593.1:2598858-2601929	NB551033:76:HLGC3BGX5:4:11403:2709:4899:77#0/1	95.455	110	5	0	818	927	1	110	2.03e-41	176
NC_011593.1:2598858-2601929	NB551033:76:HLGC3BGX5:2:23306:3595:2829:77#0/1	98.020	101	2	0	1454	1554	101	1	2.03e-41	176
NC_011593.1:2598858-2601929	NB551033:76:HLGC3BGX5:3:12508:14068:18593:77#0/1	98.969	97	1	0	2817	2913	1	97	7.30e-41	174
NC_011593.1:2598858-2601929	NB551033:76:HLGC3BGX5:2:21305:10847:19381:77#0/1	100.000	93	0	0	1618	1710	1	93	2.63e-40	172
NC_011593.1:2598858-2601929	NB551033:76:HLGC3BGX5:3:13601:8982:13085:77#0/2	98.947	95	1	0	1027	1121	95	1	9.45e-40	171
NC_011593.1:2598858-2601929	NB551033:76:HLGC3BGX5:3:13601:8982:13085:77#0/1	98.947	95	1	0	1027	1121	1	95	9.45e-40	171
NC_011593.1:2598858-2601929	NB551033:76:HLGC3BGX5:2:12103:7260:19498:77#0/1	97.959	98	2	0	739	836	98	1	9.45e-40	171
NC_011593.1:2598858-2601929	NB551033:76:HLGC3BGX5:1:12107:5128:1761:77#0/2	97.938	97	2	0	1447	1543	1	97	3.40e-39	169
NC_011593.1:2598858-2601929	NB551033:76:HLGC3BGX5:1:12107:5128:1761:77#0/1	97.938	97	2	0	1447	1543	97	1	3.40e-39	169
NC_011593.1:2598858-2601929	NB551033:76:HLGC3BGX5:1:12102:18059:4766:77#0/2	97.917	96	2	0	790	885	1	96	1.22e-38	167
NC_011593.1:2598858-2601929	NB551033:76:HLGC3BGX5:1:12102:18059:4766:77#0/1	97.917	96	2	0	790	885	96	1	1.22e-38	167
NC_011593.1:2598858-2601929	NB551033:76:HLGC3BGX5:3:23404:1951:15147:77#0/1	97.895	95	2	0	2978	3072	112	18	4.40e-38	165
NC_011593.1:2598858-2601929	NB551033:76:HLGC3BGX5:3:13507:23836:14302:77#0/2	98.901	91	1	0	744	834	1	91	1.58e-37	163
NC_011593.1:2598858-2601929	NB551033:76:HLGC3BGX5:1:21312:4969:17392:77#0/2	98.901	91	1	0	36	126	1	91	1.58e-37	163
NC_011593.1:2598858-2601929	NB551033:76:HLGC3BGX5:3:13604:11428:9139:77#0/1	96.000	100	4	0	2973	3072	147	48	1.58e-37	163
NC_011593.1:2598858-2601929	NB551033:76:HLGC3BGX5:3:13507:23836:14302:77#0/1	98.901	91	1	0	744	834	91	1	1.58e-37	163
NC_011593.1:2598858-2601929	NB551033:76:HLGC3BGX5:3:22406:9792:6987:77#0/2	98.901	91	0	1	393	483	90	1	5.69e-37	161
NC_011593.1:2598858-2601929	NB551033:76:HLGC3BGX5:3:21510:19037:11928:77#0/2	100.000	87	0	0	2401	2487	87	1	5.69e-37	161
NC_011593.1:2598858-2601929	NB551033:76:HLGC3BGX5:1:21311:20921:7880:77#0/2	98.901	91	0	1	400	490	1	90	5.69e-37	161
NC_011593.1:2598858-2601929	NB551033:76:HLGC3BGX5:1:21305:25150:6951:77#0/2	100.000	87	0	0	2409	2495	87	1	5.69e-37	161
NC_011593.1:2598858-2601929	NB551033:76:HLGC3BGX5:3:21510:19037:11928:77#0/1	100.000	87	0	0	2401	2487	1	87	5.69e-37	161
NC_011593.1:2598858-2601929	NB551033:76:HLGC3BGX5:3:13502:22326:15600:77#0/1	97.802	91	2	0	1214	1304	1	91	7.36e-36	158
NC_011593.1:2598858-2601929	NB551033:76:HLGC3BGX5:1:23107:15690:17621:77#0/2	100.000	84	0	0	2	85	1	84	2.65e-35	156
NC_011593.1:2598858-2601929	NB551033:76:HLGC3BGX5:1:22204:16132:13789:77#0/2	100.000	84	0	0	1	84	84	1	2.65e-35	156
NC_011593.1:2598858-2601929	NB551033:76:HLGC3BGX5:1:23107:15690:17621:77#0/1	100.000	84	0	0	2	85	84	1	2.65e-35	156
NC_011593.1:2598858-2601929	NB551033:76:HLGC3BGX5:1:22204:16132:13789:77#0/1	100.000	84	0	0	1	84	13	96	2.65e-35	156
NC_011593.1:2598858-2601929	NB551033:76:HLGC3BGX5:3:13604:11428:9139:77#0/2	98.837	86	1	0	2819	2904	1	86	9.51e-35	154
NC_011593.1:2598858-2601929	NB551033:76:HLGC3BGX5:1:21204:20587:18221:77#0/2	98.837	86	1	0	749	834	1	86	9.51e-35	154
NC_011593.1:2598858-2601929	NB551033:76:HLGC3BGX5:1:21204:20587:18221:77#0/1	98.837	86	1	0	749	834	86	1	9.51e-35	154
NC_011593.1:2598858-2601929	NB551033:76:HLGC3BGX5:4:12407:18464:2034:77#0/2	98.824	85	1	0	1047	1131	85	1	3.42e-34	152
NC_011593.1:2598858-2601929	NB551033:76:HLGC3BGX5:2:22301:24918:4015:77#0/2	97.727	88	2	0	1208	1295	1	88	3.42e-34	152
NC_011593.1:2598858-2601929	NB551033:76:HLGC3BGX5:2:22301:24918:4015:77#0/1	97.727	88	2	0	1208	1295	88	1	3.42e-34	152
NC_011593.1:2598858-2601929	NB551033:76:HLGC3BGX5:2:22308:21179:6413:77#0/2	97.701	87	2	0	1454	1540	87	1	1.23e-33	150
NC_011593.1:2598858-2601929	NB551033:76:HLGC3BGX5:1:21209:24892:20044:77#0/2	100.000	81	0	0	2483	2563	1	81	1.23e-33	150
NC_011593.1:2598858-2601929	NB551033:76:HLGC3BGX5:2:22308:21179:6413:77#0/1	97.701	87	2	0	1454	1540	1	87	1.23e-33	150
NC_011593.1:2598858-2601929	NB551033:76:HLGC3BGX5:2:11109:25910:1413:77#0/2	98.795	83	1	0	50	132	1	83	4.43e-33	148
NC_011593.1:2598858-2601929	NB551033:76:HLGC3BGX5:2:11109:25910:1413:77#0/1	98.795	83	1	0	50	132	83	1	4.43e-33	148
NC_011593.1:2598858-2601929	NB551033:76:HLGC3BGX5:4:13405:5084:10563:77#0/2	98.780	82	1	0	1454	1535	82	1	1.59e-32	147
NC_011593.1:2598858-2601929	NB551033:76:HLGC3BGX5:4:13405:5084:10563:77#0/1	98.780	82	1	0	1454	1535	1	82	1.59e-32	147
NC_011593.1:2598858-2601929	NB551033:76:HLGC3BGX5:1:11111:3532:10509:77#0/1	97.647	85	2	0	2988	3072	1	85	1.59e-32	147
NC_011593.1:2598858-2601929	NB551033:76:HLGC3BGX5:4:11610:22607:3287:77#0/2	96.552	87	3	0	2700	2786	87	1	5.73e-32	145
NC_011593.1:2598858-2601929	NB551033:76:HLGC3BGX5:3:11608:15262:5864:77#0/2	100.000	78	0	0	1717	1794	1	78	5.73e-32	145
NC_011593.1:2598858-2601929	NB551033:76:HLGC3BGX5:2:22208:5444:7559:77#0/2	100.000	78	0	0	905	982	78	1	5.73e-32	145
NC_011593.1:2598858-2601929	NB551033:76:HLGC3BGX5:3:12511:19339:5559:77#0/1	98.765	81	1	0	1118	1198	81	1	5.73e-32	145
NC_011593.1:2598858-2601929	NB551033:76:HLGC3BGX5:3:11608:15262:5864:77#0/1	100.000	78	0	0	1717	1794	78	1	5.73e-32	145
NC_011593.1:2598858-2601929	NB551033:76:HLGC3BGX5:2:22208:5444:7559:77#0/1	100.000	78	0	0	905	982	1	78	5.73e-32	145
NC_011593.1:2598858-2601929	NB551033:76:HLGC3BGX5:3:22502:4078:6184:77#0/2	100.000	77	0	0	2433	2509	1	77	2.06e-31	143
NC_011593.1:2598858-2601929	NB551033:76:HLGC3BGX5:1:13211:15451:14961:77#0/2	98.750	80	1	0	2946	3025	80	1	2.06e-31	143
NC_011593.1:2598858-2601929	NB551033:76:HLGC3BGX5:3:22502:4078:6184:77#0/1	100.000	77	0	0	2433	2509	77	1	2.06e-31	143
NC_011593.1:2598858-2601929	NB551033:76:HLGC3BGX5:1:21305:25150:6951:77#0/1	100.000	77	0	0	2409	2485	1	77	2.06e-31	143
NC_011593.1:2598858-2601929	NB551033:76:HLGC3BGX5:1:13211:15451:14961:77#0/1	98.750	80	1	0	2946	3025	1	80	2.06e-31	143
NC_011593.1:2598858-2601929	NB551033:76:HLGC3BGX5:3:12511:19339:5559:77#0/2	97.531	81	2	0	1118	1198	1	81	2.66e-30	139
NC_011593.1:2598858-2601929	NB551033:76:HLGC3BGX5:2:13202:22171:6624:77#0/2	100.000	73	0	0	1653	1725	73	1	3.45e-29	135
NC_011593.1:2598858-2601929	NB551033:76:HLGC3BGX5:1:23310:1531:8417:77#0/2	97.468	79	2	0	1282	1360	1	79	3.45e-29	135
NC_011593.1:2598858-2601929	NB551033:76:HLGC3BGX5:2:13202:22171:6624:77#0/1	100.000	73	0	0	1653	1725	1	73	3.45e-29	135
NC_011593.1:2598858-2601929	NB551033:76:HLGC3BGX5:1:13304:12249:12293:77#0/1	97.436	78	2	0	8	85	1	78	1.24e-28	134
NC_011593.1:2598858-2601929	NB551033:76:HLGC3BGX5:4:23604:8109:15413:77#0/2	97.403	77	2	0	1200	1276	1	77	4.46e-28	132
NC_011593.1:2598858-2601929	NB551033:76:HLGC3BGX5:4:23604:8109:15413:77#0/1	97.403	77	2	0	1200	1276	77	1	4.46e-28	132
NC_011593.1:2598858-2601929	NB551033:76:HLGC3BGX5:3:13502:22326:15600:77#0/2	100.000	68	0	0	1237	1304	69	2	2.07e-26	126
NC_011593.1:2598858-2601929	NB551033:76:HLGC3BGX5:3:11503:21282:18848:77#0/2	98.571	70	1	0	614	683	1	70	7.46e-26	124
NC_011593.1:2598858-2601929	NB551033:76:HLGC3BGX5:1:12112:21006:16608:77#0/2	96.053	76	3	0	1185	1260	4	79	7.46e-26	124
NC_011593.1:2598858-2601929	NB551033:76:HLGC3BGX5:4:21405:17379:7709:77#0/1	100.000	67	0	0	1805	1871	67	1	7.46e-26	124
NC_011593.1:2598858-2601929	NB551033:76:HLGC3BGX5:4:21405:17379:7709:77#0/2	100.000	66	0	0	1805	1870	1	66	2.68e-25	122
NC_011593.1:2598858-2601929	NB551033:76:HLGC3BGX5:2:11311:13015:11847:77#0/2	100.000	66	0	0	381	446	1	66	2.68e-25	122
NC_011593.1:2598858-2601929	NB551033:76:HLGC3BGX5:2:22111:2772:9546:77#0/2	98.529	68	1	0	1435	1502	68	1	9.65e-25	121
NC_011593.1:2598858-2601929	NB551033:76:HLGC3BGX5:2:22111:2772:9546:77#0/1	98.529	68	1	0	1435	1502	1	68	9.65e-25	121
NC_011593.1:2598858-2601929	NB551033:76:HLGC3BGX5:3:11511:22768:7474:77#0/2	97.143	70	2	0	3003	3072	117	48	3.47e-24	119
NC_011593.1:2598858-2601929	NB551033:76:HLGC3BGX5:1:12205:25208:13181:77#0/2	98.507	67	1	0	1481	1547	67	1	3.47e-24	119
NC_011593.1:2598858-2601929	NB551033:76:HLGC3BGX5:3:11511:22768:7474:77#0/1	97.143	70	2	0	3003	3072	1	70	3.47e-24	119
NC_011593.1:2598858-2601929	NB551033:76:HLGC3BGX5:1:12205:25208:13181:77#0/1	98.507	67	1	0	1481	1547	1	67	3.47e-24	119
NC_011593.1:2598858-2601929	NB551033:76:HLGC3BGX5:2:11210:19219:17341:77#0/2	98.462	65	1	0	1381	1445	65	1	4.49e-23	115
NC_011593.1:2598858-2601929	NB551033:76:HLGC3BGX5:4:21402:25329:9454:77#0/1	95.775	71	3	0	1190	1260	1	71	4.49e-23	115
NC_011593.1:2598858-2601929	NB551033:76:HLGC3BGX5:3:13406:17747:13714:77#0/1	95.775	71	3	0	1190	1260	1	71	4.49e-23	115
NC_011593.1:2598858-2601929	NB551033:76:HLGC3BGX5:2:11210:19219:17341:77#0/1	98.462	65	1	0	1381	1445	1	65	4.49e-23	115
NC_011593.1:2598858-2601929	NB551033:76:HLGC3BGX5:2:23207:4474:1604:77#0/2	97.015	67	2	0	1202	1268	1	67	1.61e-22	113
NC_011593.1:2598858-2601929	NB551033:76:HLGC3BGX5:2:23207:4474:1604:77#0/1	97.015	67	2	0	1202	1268	67	1	1.61e-22	113
NC_011593.1:2598858-2601929	NB551033:76:HLGC3BGX5:2:21304:9265:5334:77#0/2	96.875	64	2	0	3009	3072	1	64	7.51e-21	108
NC_011593.1:2598858-2601929	NB551033:76:HLGC3BGX5:1:23107:10041:11403:77#0/2	96.875	64	2	0	3009	3072	71	8	7.51e-21	108
NC_011593.1:2598858-2601929	NB551033:76:HLGC3BGX5:1:23107:10041:11403:77#0/1	96.875	64	2	0	3009	3072	1	64	7.51e-21	108
NC_011593.1:2598858-2601929	NB551033:76:HLGC3BGX5:1:13103:4677:18915:77#0/1	100.000	58	0	0	1	58	93	150	7.51e-21	108
NC_011593.1:2598858-2601929	NB551033:76:HLGC3BGX5:2:21104:20138:5011:77#0/2	96.552	58	2	0	3015	3072	1	58	1.63e-17	97.1
NC_011593.1:2598858-2601929	NB551033:76:HLGC3BGX5:2:11309:17194:17231:77#0/2	96.552	58	2	0	3015	3072	1	58	1.63e-17	97.1
NC_011593.1:2598858-2601929	NB551033:76:HLGC3BGX5:1:21304:7193:15739:77#0/2	96.429	56	2	0	3017	3072	89	34	2.10e-16	93.5
NC_011593.1:2598858-2601929	NB551033:76:HLGC3BGX5:1:21304:7193:15739:77#0/1	96.429	56	2	0	3017	3072	1	56	2.10e-16	93.5
NC_011593.1:2598858-2601929	NB551033:76:HLGC3BGX5:1:21212:11678:18826:77#0/2	95.745	47	2	0	1214	1260	1	47	2.12e-11	76.8
NC_011593.1:2598858-2601929	NB551033:76:HLGC3BGX5:1:13108:14536:2799:77#0/2	95.745	47	2	0	1214	1260	1	47	2.12e-11	76.8
NC_011593.1:2598858-2601929	NB551033:76:HLGC3BGX5:4:13507:6205:3857:77#0/2	100.000	28	0	0	1028	1055	28	1	3.57e-04	52.8
NC_011593.1:2598858-2601929	NB551033:76:HLGC3BGX5:4:22603:13295:5483:77#0/1	100.000	28	0	0	1028	1055	124	151	3.57e-04	52.8
# BLASTN 2.9.0+
# Query: NC_011593.1:c2604454-2602106 Bifidobacterium longum subsp. infantis ATCC 15697, complete genome
# Database: db/blast_C0479_3F_2A_S77.faa
# 0 hits found
# BLASTN 2.9.0+
# Query: NC_011593.1:c2605922-2604486 Bifidobacterium longum subsp. infantis ATCC 15697, complete genome
# Database: db/blast_C0479_3F_2A_S77.faa
# 0 hits found
# BLASTN 2.9.0+
# Query: NC_011593.1:c2606381-2605944 Bifidobacterium longum subsp. infantis ATCC 15697, complete genome
# Database: db/blast_C0479_3F_2A_S77.faa
# 0 hits found
# BLASTN 2.9.0+
# Query: NC_011593.1:c2607314-2606418 Bifidobacterium longum subsp. infantis ATCC 15697, complete genome
# Database: db/blast_C0479_3F_2A_S77.faa
# 0 hits found
# BLASTN 2.9.0+
# Query: NC_011593.1:c2608249-2607458 Bifidobacterium longum subsp. infantis ATCC 15697, complete genome
# Database: db/blast_C0479_3F_2A_S77.faa
# Fields: query acc.ver, subject acc.ver, % identity, alignment length, mismatches, gap opens, q. start, q. end, s. start, s. end, evalue, bit score
# 3 hits found
NC_011593.1:c2608249-2607458	NB551033:76:HLGC3BGX5:1:12204:7658:17420:77#0/1	95.205	146	7	0	358	503	3	148	1.08e-58	231
NC_011593.1:c2608249-2607458	NB551033:76:HLGC3BGX5:2:11103:4981:8656:77#0/2	95.370	108	5	0	433	540	1	108	6.65e-41	172
NC_011593.1:c2608249-2607458	NB551033:76:HLGC3BGX5:3:11409:25523:18100:77#0/2	95.385	65	3	0	1	65	65	1	2.46e-20	104
# BLASTN 2.9.0+
# Query: NC_011593.1:c2609546-2608269 Bifidobacterium longum subsp. infantis ATCC 15697, complete genome
# Database: db/blast_C0479_3F_2A_S77.faa
# Fields: query acc.ver, subject acc.ver, % identity, alignment length, mismatches, gap opens, q. start, q. end, s. start, s. end, evalue, bit score
# 8 hits found
NC_011593.1:c2609546-2608269	NB551033:76:HLGC3BGX5:1:11112:11346:19575:77#0/1	96.689	151	5	0	904	1054	1	151	1.36e-64	252
NC_011593.1:c2609546-2608269	NB551033:76:HLGC3BGX5:1:11112:11346:19575:77#0/2	96.667	150	5	0	1126	1275	150	1	4.89e-64	250
NC_011593.1:c2609546-2608269	NB551033:76:HLGC3BGX5:1:23101:3011:8717:77#0/2	95.973	149	6	0	1125	1273	1	149	8.19e-62	243
NC_011593.1:c2609546-2608269	NB551033:76:HLGC3BGX5:1:13206:18691:5610:77#0/1	95.973	149	6	0	1015	1163	150	2	8.19e-62	243
NC_011593.1:c2609546-2608269	NB551033:76:HLGC3BGX5:2:12202:19869:4283:77#0/1	95.333	150	7	0	944	1093	150	1	1.06e-60	239
NC_011593.1:c2609546-2608269	NB551033:76:HLGC3BGX5:4:23602:21532:14951:77#0/1	95.205	146	7	0	1060	1205	3	148	1.77e-58	231
NC_011593.1:c2609546-2608269	NB551033:76:HLGC3BGX5:2:12308:17640:3491:77#0/2	98.551	69	1	0	888	956	69	1	1.11e-25	122
NC_011593.1:c2609546-2608269	NB551033:76:HLGC3BGX5:2:12308:17640:3491:77#0/1	98.551	69	1	0	888	956	1	69	1.11e-25	122
# BLASTN 2.9.0+
# Query: NC_011593.1:c2610356-2609697 Bifidobacterium longum subsp. infantis ATCC 15697, complete genome
# Database: db/blast_C0479_3F_2A_S77.faa
# 0 hits found
# BLASTN 2.9.0+
# Query: NC_011593.1:c2611458-2610496 Bifidobacterium longum subsp. infantis ATCC 15697, complete genome
# Database: db/blast_C0479_3F_2A_S77.faa
# 0 hits found
# BLASTN 2.9.0+
# Query: NC_011593.1:c2612430-2611477 Bifidobacterium longum subsp. infantis ATCC 15697, complete genome
# Database: db/blast_C0479_3F_2A_S77.faa
# 0 hits found
# BLASTN 2.9.0+
# Query: NC_011593.1:c2614109-2612517 Bifidobacterium longum subsp. infantis ATCC 15697, complete genome
# Database: db/blast_C0479_3F_2A_S77.faa
# 0 hits found
# BLASTN 2.9.0+
# Query: NC_011593.1:c2615274-2614312 Bifidobacterium longum subsp. infantis ATCC 15697, complete genome
# Database: db/blast_C0479_3F_2A_S77.faa
# 0 hits found
# BLASTN 2.9.0+
# Query: NC_011593.1:c2616246-2615293 Bifidobacterium longum subsp. infantis ATCC 15697, complete genome
# Database: db/blast_C0479_3F_2A_S77.faa
# 0 hits found
# BLASTN 2.9.0+
# Query: NC_011593.1:c2617928-2616333 Bifidobacterium longum subsp. infantis ATCC 15697, complete genome
# Database: db/blast_C0479_3F_2A_S77.faa
# 0 hits found
# BLASTN 2.9.0+
# Query: NC_011593.1:c2619247-2618063 Bifidobacterium longum subsp. infantis ATCC 15697, complete genome
# Database: db/blast_C0479_3F_2A_S77.faa
# 0 hits found
# BLASTN 2.9.0+
# Query: NC_011593.1:c2620369-2619413 Bifidobacterium longum subsp. infantis ATCC 15697, complete genome
# Database: db/blast_C0479_3F_2A_S77.faa
# 0 hits found
# BLASTN 2.9.0+
# Query: NC_011593.1:c2622143-2620551 Bifidobacterium longum subsp. infantis ATCC 15697, complete genome
# Database: db/blast_C0479_3F_2A_S77.faa
# 0 hits found
# BLASTN 2.9.0+
# Query: NC_011593.1:c2624124-2622520 Bifidobacterium longum subsp. infantis ATCC 15697, complete genome
# Database: db/blast_C0479_3F_2A_S77.faa
# 0 hits found
# BLASTN 2.9.0+
# Query: NC_011593.1:c2626110-2624512 Bifidobacterium longum subsp. infantis ATCC 15697, complete genome
# Database: db/blast_C0479_3F_2A_S77.faa
# 0 hits found
# BLASTN 2.9.0+
# Query: NC_011593.1:c2626386-2626264 Bifidobacterium longum subsp. infantis ATCC 15697, complete genome
# Database: db/blast_C0479_3F_2A_S77.faa
# 0 hits found
# BLASTN 2.9.0+
# Query: NC_011593.1:c2628158-2626563 Bifidobacterium longum subsp. infantis ATCC 15697, complete genome
# Database: db/blast_C0479_3F_2A_S77.faa
# 0 hits found
# BLASTN 2.9.0+
# Query: NC_011593.1:c2630269-2628314 Bifidobacterium longum subsp. infantis ATCC 15697, complete genome
# Database: db/blast_C0479_3F_2A_S77.faa
# 0 hits found
# BLASTN 2.9.0+
# Query: NC_011593.1:c2631106-2630366 Bifidobacterium longum subsp. infantis ATCC 15697, complete genome
# Database: db/blast_C0479_3F_2A_S77.faa
# 0 hits found
# BLASTN 2.9.0+
# Query: NC_011593.1:c2632432-2631140 Bifidobacterium longum subsp. infantis ATCC 15697, complete genome
# Database: db/blast_C0479_3F_2A_S77.faa
# 0 hits found
# BLASTN 2.9.0+
# Query: NC_011593.1:c2633881-2632562 Bifidobacterium longum subsp. infantis ATCC 15697, complete genome
# Database: db/blast_C0479_3F_2A_S77.faa
# 0 hits found
# BLASTN 2.9.0+
# Query: NC_011593.1:c2634683-2633865 Bifidobacterium longum subsp. infantis ATCC 15697, complete genome
# Database: db/blast_C0479_3F_2A_S77.faa
# 0 hits found
# BLASTN 2.9.0+
# Query: NC_011593.1:c2635627-2634680 Bifidobacterium longum subsp. infantis ATCC 15697, complete genome
# Database: db/blast_C0479_3F_2A_S77.faa
# 0 hits found
# BLASTN 2.9.0+
# Query: NC_011593.1:c2636747-2635629 Bifidobacterium longum subsp. infantis ATCC 15697, complete genome
# Database: db/blast_C0479_3F_2A_S77.faa
# 0 hits found
# BLAST processed 31 queries
