# BLASTN 2.9.0+
# Query: NC_011593.1:c2595355-2593832 Bifidobacterium longum subsp. infantis ATCC 15697, complete genome
# Database: db/blast_C0479_3F_1A_S65.faa
# Fields: query acc.ver, subject acc.ver, % identity, alignment length, mismatches, gap opens, q. start, q. end, s. start, s. end, evalue, bit score
# 164 hits found
NC_011593.1:c2595355-2593832	NB551033:76:HLGC3BGX5:4:22609:18260:3105:65#0/2	99.338	151	1	0	727	877	1	151	3.05e-71	274
NC_011593.1:c2595355-2593832	NB551033:76:HLGC3BGX5:3:13604:17940:16502:65#0/2	99.338	151	1	0	356	506	1	151	3.05e-71	274
NC_011593.1:c2595355-2593832	NB551033:76:HLGC3BGX5:2:23309:4525:3988:65#0/2	99.338	151	1	0	1002	1152	151	1	3.05e-71	274
NC_011593.1:c2595355-2593832	NB551033:76:HLGC3BGX5:4:22609:18260:3105:65#0/1	99.338	151	1	0	931	1081	151	1	3.05e-71	274
NC_011593.1:c2595355-2593832	NB551033:76:HLGC3BGX5:4:11606:8453:10850:65#0/2	99.333	150	1	0	909	1058	150	1	1.10e-70	272
NC_011593.1:c2595355-2593832	NB551033:76:HLGC3BGX5:2:12301:8743:11826:65#0/2	99.333	150	1	0	949	1098	1	150	1.10e-70	272
NC_011593.1:c2595355-2593832	NB551033:76:HLGC3BGX5:1:22104:20958:8999:65#0/2	99.333	150	1	0	356	505	1	150	1.10e-70	272
NC_011593.1:c2595355-2593832	NB551033:76:HLGC3BGX5:4:13610:16083:6041:65#0/1	98.675	151	2	0	492	642	151	1	1.42e-69	268
NC_011593.1:c2595355-2593832	NB551033:76:HLGC3BGX5:3:23401:26197:11397:65#0/1	98.675	151	2	0	715	865	1	151	1.42e-69	268
NC_011593.1:c2595355-2593832	NB551033:76:HLGC3BGX5:3:13604:17940:16502:65#0/1	98.675	151	2	0	526	676	151	1	1.42e-69	268
NC_011593.1:c2595355-2593832	NB551033:76:HLGC3BGX5:3:11605:15528:9789:65#0/1	98.675	151	2	0	488	638	151	1	1.42e-69	268
NC_011593.1:c2595355-2593832	NB551033:76:HLGC3BGX5:1:23202:25825:7891:65#0/1	98.675	151	2	0	468	618	151	1	1.42e-69	268
NC_011593.1:c2595355-2593832	NB551033:76:HLGC3BGX5:1:21305:22766:3255:65#0/1	98.675	151	2	0	521	671	151	1	1.42e-69	268
NC_011593.1:c2595355-2593832	NB551033:76:HLGC3BGX5:4:23408:3281:14291:65#0/1	98.667	150	2	0	406	555	1	150	5.11e-69	267
NC_011593.1:c2595355-2593832	NB551033:76:HLGC3BGX5:2:23309:4525:3988:65#0/1	98.667	150	2	0	981	1130	1	150	5.11e-69	267
NC_011593.1:c2595355-2593832	NB551033:76:HLGC3BGX5:1:22104:20958:8999:65#0/1	98.667	150	2	0	527	676	150	1	5.11e-69	267
NC_011593.1:c2595355-2593832	NB551033:76:HLGC3BGX5:1:11103:20376:9120:65#0/1	98.667	150	2	0	501	650	1	150	5.11e-69	267
NC_011593.1:c2595355-2593832	NB551033:76:HLGC3BGX5:1:22207:19799:2688:65#0/1	98.658	149	2	0	439	587	1	149	1.84e-68	265
NC_011593.1:c2595355-2593832	NB551033:76:HLGC3BGX5:4:13410:24621:18270:65#0/2	98.013	151	3	0	1048	1198	151	1	6.61e-68	263
NC_011593.1:c2595355-2593832	NB551033:76:HLGC3BGX5:3:23401:26197:11397:65#0/2	98.013	151	3	0	820	970	151	1	6.61e-68	263
NC_011593.1:c2595355-2593832	NB551033:76:HLGC3BGX5:3:22602:14207:14239:65#0/2	98.013	151	3	0	462	612	151	1	6.61e-68	263
NC_011593.1:c2595355-2593832	NB551033:76:HLGC3BGX5:3:13512:8199:14109:65#0/2	98.013	151	3	0	1122	1272	1	151	6.61e-68	263
NC_011593.1:c2595355-2593832	NB551033:76:HLGC3BGX5:2:23212:13944:4632:65#0/2	98.013	151	3	0	414	564	151	1	6.61e-68	263
NC_011593.1:c2595355-2593832	NB551033:76:HLGC3BGX5:1:21305:22766:3255:65#0/2	98.013	151	3	0	466	616	1	151	6.61e-68	263
NC_011593.1:c2595355-2593832	NB551033:76:HLGC3BGX5:1:11312:23074:7053:65#0/2	98.013	151	3	0	797	947	151	1	6.61e-68	263
NC_011593.1:c2595355-2593832	NB551033:76:HLGC3BGX5:1:11203:1858:16486:65#0/2	99.310	145	1	0	999	1143	145	1	6.61e-68	263
NC_011593.1:c2595355-2593832	NB551033:76:HLGC3BGX5:4:21409:10210:7059:65#0/1	98.013	151	3	0	780	930	151	1	6.61e-68	263
NC_011593.1:c2595355-2593832	NB551033:76:HLGC3BGX5:4:13410:24621:18270:65#0/1	99.310	145	1	0	524	668	1	145	6.61e-68	263
NC_011593.1:c2595355-2593832	NB551033:76:HLGC3BGX5:2:12301:8743:11826:65#0/1	98.013	151	3	0	1079	1229	151	1	6.61e-68	263
NC_011593.1:c2595355-2593832	NB551033:76:HLGC3BGX5:1:11203:1858:16486:65#0/1	99.310	145	1	0	999	1143	1	145	6.61e-68	263
NC_011593.1:c2595355-2593832	NB551033:76:HLGC3BGX5:4:22607:10131:13852:65#0/2	98.000	150	3	0	1015	1164	1	150	2.38e-67	261
NC_011593.1:c2595355-2593832	NB551033:76:HLGC3BGX5:4:21409:10210:7059:65#0/2	98.000	150	3	0	768	917	1	150	2.38e-67	261
NC_011593.1:c2595355-2593832	NB551033:76:HLGC3BGX5:2:11205:23419:9238:65#0/2	98.000	150	3	0	803	952	150	1	2.38e-67	261
NC_011593.1:c2595355-2593832	NB551033:76:HLGC3BGX5:1:23201:14655:12397:65#0/2	98.000	150	3	0	554	703	1	150	2.38e-67	261
NC_011593.1:c2595355-2593832	NB551033:76:HLGC3BGX5:1:11103:20376:9120:65#0/2	98.000	150	3	0	560	709	151	2	2.38e-67	261
NC_011593.1:c2595355-2593832	NB551033:76:HLGC3BGX5:2:23212:13944:4632:65#0/1	98.000	150	3	0	399	548	1	150	2.38e-67	261
NC_011593.1:c2595355-2593832	NB551033:76:HLGC3BGX5:2:11205:23419:9238:65#0/1	98.000	150	3	0	768	917	1	150	2.38e-67	261
NC_011593.1:c2595355-2593832	NB551033:76:HLGC3BGX5:2:11109:10798:13122:65#0/1	98.000	150	3	0	474	623	1	150	2.38e-67	261
NC_011593.1:c2595355-2593832	NB551033:76:HLGC3BGX5:1:11312:23074:7053:65#0/1	98.000	150	3	0	786	935	1	150	2.38e-67	261
NC_011593.1:c2595355-2593832	NB551033:76:HLGC3BGX5:3:22603:15688:1363:65#0/2	97.987	149	3	0	775	923	149	1	8.54e-67	259
NC_011593.1:c2595355-2593832	NB551033:76:HLGC3BGX5:1:23202:25825:7891:65#0/2	98.630	146	2	0	429	574	1	146	8.54e-67	259
NC_011593.1:c2595355-2593832	NB551033:76:HLGC3BGX5:4:11405:21697:8144:65#0/1	97.987	149	3	0	338	486	149	1	8.54e-67	259
NC_011593.1:c2595355-2593832	NB551033:76:HLGC3BGX5:3:21610:15743:12311:65#0/1	98.630	146	2	0	467	612	151	6	8.54e-67	259
NC_011593.1:c2595355-2593832	NB551033:76:HLGC3BGX5:2:21210:12764:17989:65#0/2	97.351	151	4	0	414	564	151	1	3.07e-66	257
NC_011593.1:c2595355-2593832	NB551033:76:HLGC3BGX5:1:22201:19679:4946:65#0/1	97.351	151	4	0	332	482	151	1	3.07e-66	257
NC_011593.1:c2595355-2593832	NB551033:76:HLGC3BGX5:1:22106:9826:2021:65#0/1	97.351	151	4	0	1079	1229	151	1	3.07e-66	257
NC_011593.1:c2595355-2593832	NB551033:76:HLGC3BGX5:4:13405:16154:13372:65#0/2	97.333	150	4	0	852	1001	1	150	1.11e-65	255
NC_011593.1:c2595355-2593832	NB551033:76:HLGC3BGX5:3:12404:8765:2526:65#0/2	99.291	141	1	0	369	509	141	1	1.11e-65	255
NC_011593.1:c2595355-2593832	NB551033:76:HLGC3BGX5:2:22106:23573:7720:65#0/2	97.959	147	3	0	801	947	147	1	1.11e-65	255
NC_011593.1:c2595355-2593832	NB551033:76:HLGC3BGX5:2:12212:2179:16798:65#0/2	97.333	150	4	0	1259	1408	1	150	1.11e-65	255
NC_011593.1:c2595355-2593832	NB551033:76:HLGC3BGX5:1:12203:23117:3431:65#0/2	97.333	150	4	0	1312	1461	150	1	1.11e-65	255
NC_011593.1:c2595355-2593832	NB551033:76:HLGC3BGX5:1:12108:17726:18014:65#0/2	97.333	150	4	0	870	1019	150	1	1.11e-65	255
NC_011593.1:c2595355-2593832	NB551033:76:HLGC3BGX5:1:11109:12993:6929:65#0/2	97.333	150	4	0	796	945	1	150	1.11e-65	255
NC_011593.1:c2595355-2593832	NB551033:76:HLGC3BGX5:4:11502:8541:15624:65#0/1	97.333	150	4	0	1109	1258	1	150	1.11e-65	255
NC_011593.1:c2595355-2593832	NB551033:76:HLGC3BGX5:3:22603:15688:1363:65#0/1	97.333	150	4	0	429	578	1	150	1.11e-65	255
NC_011593.1:c2595355-2593832	NB551033:76:HLGC3BGX5:2:22106:23573:7720:65#0/1	97.959	147	3	0	801	947	1	147	1.11e-65	255
NC_011593.1:c2595355-2593832	NB551033:76:HLGC3BGX5:2:21111:5862:1465:65#0/1	97.333	150	4	0	849	998	1	150	1.11e-65	255
NC_011593.1:c2595355-2593832	NB551033:76:HLGC3BGX5:2:11301:22762:9315:65#0/1	97.351	151	3	1	112	262	150	1	1.11e-65	255
NC_011593.1:c2595355-2593832	NB551033:76:HLGC3BGX5:1:22208:6820:8306:65#0/1	97.333	150	4	0	558	707	150	1	1.11e-65	255
NC_011593.1:c2595355-2593832	NB551033:76:HLGC3BGX5:1:12202:13053:9336:65#0/1	97.333	150	4	0	1082	1231	1	150	1.11e-65	255
NC_011593.1:c2595355-2593832	NB551033:76:HLGC3BGX5:1:12108:17726:18014:65#0/1	97.333	150	4	0	849	998	1	150	1.11e-65	255
NC_011593.1:c2595355-2593832	NB551033:76:HLGC3BGX5:4:22502:8271:11930:65#0/2	98.601	143	2	0	1021	1163	1	143	3.98e-65	254
NC_011593.1:c2595355-2593832	NB551033:76:HLGC3BGX5:4:13610:16083:6041:65#0/2	97.315	149	4	0	488	636	1	149	3.98e-65	254
NC_011593.1:c2595355-2593832	NB551033:76:HLGC3BGX5:2:23302:22657:6297:65#0/2	97.333	150	3	1	94	243	1	149	3.98e-65	254
NC_011593.1:c2595355-2593832	NB551033:76:HLGC3BGX5:4:22502:8271:11930:65#0/1	98.601	143	2	0	1021	1163	143	1	3.98e-65	254
NC_011593.1:c2595355-2593832	NB551033:76:HLGC3BGX5:4:21509:9422:15665:65#0/1	98.601	143	2	0	1190	1332	1	143	3.98e-65	254
NC_011593.1:c2595355-2593832	NB551033:76:HLGC3BGX5:4:13509:11471:20150:65#0/1	97.333	150	3	1	94	243	1	149	3.98e-65	254
NC_011593.1:c2595355-2593832	NB551033:76:HLGC3BGX5:1:22303:10308:11807:65#0/1	98.601	143	2	0	1190	1332	1	143	3.98e-65	254
NC_011593.1:c2595355-2593832	NB551033:76:HLGC3BGX5:2:23102:7472:9314:65#0/2	97.315	149	3	1	109	257	3	150	1.43e-64	252
NC_011593.1:c2595355-2593832	NB551033:76:HLGC3BGX5:2:12309:5381:17543:65#0/2	96.689	151	5	0	707	857	151	1	1.43e-64	252
NC_011593.1:c2595355-2593832	NB551033:76:HLGC3BGX5:2:12101:25338:1543:65#0/2	96.689	151	5	0	1079	1229	151	1	1.43e-64	252
NC_011593.1:c2595355-2593832	NB551033:76:HLGC3BGX5:4:22607:10131:13852:65#0/1	96.689	151	5	0	1277	1427	151	1	1.43e-64	252
NC_011593.1:c2595355-2593832	NB551033:76:HLGC3BGX5:2:13309:3460:19718:65#0/1	96.689	151	5	0	1311	1461	1	151	1.43e-64	252
NC_011593.1:c2595355-2593832	NB551033:76:HLGC3BGX5:3:11508:13209:6500:65#0/1	97.917	144	3	0	1186	1329	1	144	5.14e-64	250
NC_011593.1:c2595355-2593832	NB551033:76:HLGC3BGX5:2:23102:7472:9314:65#0/1	96.689	151	4	1	130	280	150	1	5.14e-64	250
NC_011593.1:c2595355-2593832	NB551033:76:HLGC3BGX5:1:21205:21925:9837:65#0/1	96.667	150	5	0	670	819	150	1	5.14e-64	250
NC_011593.1:c2595355-2593832	NB551033:76:HLGC3BGX5:4:13509:11471:20150:65#0/2	97.260	146	4	0	181	326	146	1	1.85e-63	248
NC_011593.1:c2595355-2593832	NB551033:76:HLGC3BGX5:4:23504:3456:10104:65#0/1	97.260	146	4	0	876	1021	146	1	1.85e-63	248
NC_011593.1:c2595355-2593832	NB551033:76:HLGC3BGX5:4:23407:3908:12571:65#0/1	96.644	149	5	0	1290	1438	1	149	1.85e-63	248
NC_011593.1:c2595355-2593832	NB551033:76:HLGC3BGX5:4:23408:3281:14291:65#0/2	96.026	151	6	0	644	794	151	1	6.65e-63	246
NC_011593.1:c2595355-2593832	NB551033:76:HLGC3BGX5:2:23302:22657:6297:65#0/1	96.026	151	6	0	285	435	151	1	6.65e-63	246
NC_011593.1:c2595355-2593832	NB551033:76:HLGC3BGX5:1:12304:4206:17992:65#0/1	96.026	151	6	0	277	427	151	1	6.65e-63	246
NC_011593.1:c2595355-2593832	NB551033:76:HLGC3BGX5:2:13111:24475:16229:65#0/2	96.000	150	6	0	312	461	150	1	2.39e-62	244
NC_011593.1:c2595355-2593832	NB551033:76:HLGC3BGX5:2:12210:13268:4509:65#0/2	96.000	150	6	0	629	778	150	1	2.39e-62	244
NC_011593.1:c2595355-2593832	NB551033:76:HLGC3BGX5:1:22207:19799:2688:65#0/2	96.000	150	6	0	627	776	150	1	2.39e-62	244
NC_011593.1:c2595355-2593832	NB551033:76:HLGC3BGX5:3:12404:8765:2526:65#0/1	96.622	148	4	1	80	227	1	147	2.39e-62	244
NC_011593.1:c2595355-2593832	NB551033:76:HLGC3BGX5:2:12210:13268:4509:65#0/1	96.000	150	6	0	621	770	1	150	2.39e-62	244
NC_011593.1:c2595355-2593832	NB551033:76:HLGC3BGX5:1:23201:14655:12397:65#0/1	96.000	150	6	0	627	776	150	1	2.39e-62	244
NC_011593.1:c2595355-2593832	NB551033:76:HLGC3BGX5:1:22201:19679:4946:65#0/2	95.973	149	6	0	272	420	1	149	8.60e-62	243
NC_011593.1:c2595355-2593832	NB551033:76:HLGC3BGX5:1:21205:21925:9837:65#0/2	97.857	140	3	0	560	699	1	140	8.60e-62	243
NC_011593.1:c2595355-2593832	NB551033:76:HLGC3BGX5:4:11606:8453:10850:65#0/1	95.973	149	6	0	635	783	1	149	8.60e-62	243
NC_011593.1:c2595355-2593832	NB551033:76:HLGC3BGX5:2:21310:19709:20311:65#0/1	95.364	151	7	0	659	809	151	1	3.09e-61	241
NC_011593.1:c2595355-2593832	NB551033:76:HLGC3BGX5:4:21605:26253:7921:65#0/2	97.826	138	3	0	810	947	1	138	1.11e-60	239
NC_011593.1:c2595355-2593832	NB551033:76:HLGC3BGX5:4:12507:19833:5785:65#0/2	95.333	150	7	0	239	388	150	1	1.11e-60	239
NC_011593.1:c2595355-2593832	NB551033:76:HLGC3BGX5:3:21610:15743:12311:65#0/2	97.183	142	3	1	111	252	1	141	1.11e-60	239
NC_011593.1:c2595355-2593832	NB551033:76:HLGC3BGX5:2:21310:19709:20311:65#0/2	95.333	150	7	0	626	775	1	150	1.11e-60	239
NC_011593.1:c2595355-2593832	NB551033:76:HLGC3BGX5:4:21605:26253:7921:65#0/1	97.826	138	3	0	810	947	138	1	1.11e-60	239
NC_011593.1:c2595355-2593832	NB551033:76:HLGC3BGX5:4:23407:3908:12571:65#0/2	97.810	137	3	0	1334	1470	149	13	4.00e-60	237
NC_011593.1:c2595355-2593832	NB551033:76:HLGC3BGX5:1:22208:6820:8306:65#0/2	95.302	149	7	0	272	420	1	149	4.00e-60	237
NC_011593.1:c2595355-2593832	NB551033:76:HLGC3BGX5:3:21509:18977:14807:65#0/1	97.037	135	4	0	192	326	135	1	2.41e-57	228
NC_011593.1:c2595355-2593832	NB551033:76:HLGC3BGX5:3:12509:4422:17529:65#0/1	97.710	131	3	0	969	1099	131	1	8.67e-57	226
NC_011593.1:c2595355-2593832	NB551033:76:HLGC3BGX5:2:23302:10051:14206:65#0/2	97.674	129	3	0	1221	1349	1	129	1.12e-55	222
NC_011593.1:c2595355-2593832	NB551033:76:HLGC3BGX5:3:13603:22695:12408:65#0/1	97.674	129	3	0	1342	1470	1	129	1.12e-55	222
NC_011593.1:c2595355-2593832	NB551033:76:HLGC3BGX5:1:12203:23117:3431:65#0/1	97.656	128	3	0	1223	1350	1	128	4.03e-55	220
NC_011593.1:c2595355-2593832	NB551033:76:HLGC3BGX5:4:23410:1965:14203:65#0/2	98.374	123	2	0	460	582	1	123	5.22e-54	217
NC_011593.1:c2595355-2593832	NB551033:76:HLGC3BGX5:1:22106:9826:2021:65#0/2	99.167	120	1	0	949	1068	1	120	5.22e-54	217
NC_011593.1:c2595355-2593832	NB551033:76:HLGC3BGX5:1:12209:2529:3536:65#0/2	96.241	133	4	1	135	267	132	1	5.22e-54	217
NC_011593.1:c2595355-2593832	NB551033:76:HLGC3BGX5:2:13111:24475:16229:65#0/1	96.212	132	5	0	211	342	3	134	5.22e-54	217
NC_011593.1:c2595355-2593832	NB551033:76:HLGC3BGX5:3:13403:8277:1413:65#0/2	97.581	124	3	0	856	979	1	124	6.75e-53	213
NC_011593.1:c2595355-2593832	NB551033:76:HLGC3BGX5:3:13403:8277:1413:65#0/1	97.581	124	3	0	856	979	124	1	6.75e-53	213
NC_011593.1:c2595355-2593832	NB551033:76:HLGC3BGX5:4:23410:1720:7671:65#0/1	95.420	131	5	1	39	169	130	1	3.14e-51	207
NC_011593.1:c2595355-2593832	NB551033:76:HLGC3BGX5:2:12212:2179:16798:65#0/1	97.458	118	3	0	1353	1470	151	34	1.46e-49	202
NC_011593.1:c2595355-2593832	NB551033:76:HLGC3BGX5:4:23607:20851:2244:65#0/2	98.182	110	2	0	1118	1227	110	1	8.79e-47	193
NC_011593.1:c2595355-2593832	NB551033:76:HLGC3BGX5:3:12411:14712:5459:65#0/2	98.148	108	2	0	714	821	108	1	1.14e-45	189
NC_011593.1:c2595355-2593832	NB551033:76:HLGC3BGX5:4:23607:20851:2244:65#0/1	98.148	108	2	0	721	828	3	110	1.14e-45	189
NC_011593.1:c2595355-2593832	NB551033:76:HLGC3BGX5:4:21402:9663:2752:65#0/2	96.460	113	4	0	224	336	1	113	4.09e-45	187
NC_011593.1:c2595355-2593832	NB551033:76:HLGC3BGX5:4:21402:9663:2752:65#0/1	96.460	113	4	0	224	336	114	2	4.09e-45	187
NC_011593.1:c2595355-2593832	NB551033:76:HLGC3BGX5:1:22309:10545:7883:65#0/2	96.429	112	4	0	1311	1422	1	112	1.47e-44	185
NC_011593.1:c2595355-2593832	NB551033:76:HLGC3BGX5:2:12101:25338:1543:65#0/1	98.113	106	2	0	786	891	1	106	1.47e-44	185
NC_011593.1:c2595355-2593832	NB551033:76:HLGC3BGX5:1:22309:10545:7883:65#0/1	96.429	112	4	0	1311	1422	112	1	1.47e-44	185
NC_011593.1:c2595355-2593832	NB551033:76:HLGC3BGX5:4:23504:3456:10104:65#0/2	95.575	113	5	0	611	723	1	113	1.90e-43	182
NC_011593.1:c2595355-2593832	NB551033:76:HLGC3BGX5:2:13311:8789:13241:65#0/2	98.058	103	2	0	748	850	103	1	6.84e-43	180
NC_011593.1:c2595355-2593832	NB551033:76:HLGC3BGX5:2:13311:8789:13241:65#0/1	98.058	103	2	0	748	850	1	103	6.84e-43	180
NC_011593.1:c2595355-2593832	NB551033:76:HLGC3BGX5:2:12309:5381:17543:65#0/1	97.959	98	2	0	466	563	1	98	4.12e-40	171
NC_011593.1:c2595355-2593832	NB551033:76:HLGC3BGX5:3:12509:4422:17529:65#0/2	100.000	91	0	0	786	876	1	91	1.48e-39	169
NC_011593.1:c2595355-2593832	NB551033:76:HLGC3BGX5:2:21111:5862:1465:65#0/2	97.917	96	2	0	1261	1356	96	1	5.33e-39	167
NC_011593.1:c2595355-2593832	NB551033:76:HLGC3BGX5:1:21310:4830:13072:65#0/2	97.826	92	2	0	455	546	92	1	8.91e-37	159
NC_011593.1:c2595355-2593832	NB551033:76:HLGC3BGX5:1:21310:4830:13072:65#0/1	97.826	92	2	0	455	546	1	92	8.91e-37	159
NC_011593.1:c2595355-2593832	NB551033:76:HLGC3BGX5:2:13210:23729:10082:65#0/1	96.739	92	3	0	166	257	92	1	4.15e-35	154
NC_011593.1:c2595355-2593832	NB551033:76:HLGC3BGX5:3:22412:7689:5390:65#0/2	100.000	81	0	0	429	509	81	1	5.37e-34	150
NC_011593.1:c2595355-2593832	NB551033:76:HLGC3BGX5:3:21503:2750:4120:65#0/2	100.000	81	0	0	429	509	1	81	5.37e-34	150
NC_011593.1:c2595355-2593832	NB551033:76:HLGC3BGX5:3:22412:7689:5390:65#0/1	100.000	81	0	0	429	509	1	81	5.37e-34	150
NC_011593.1:c2595355-2593832	NB551033:76:HLGC3BGX5:3:21503:2750:4120:65#0/1	100.000	81	0	0	429	509	81	1	5.37e-34	150
NC_011593.1:c2595355-2593832	NB551033:76:HLGC3BGX5:3:13603:5264:10052:65#0/2	98.780	82	1	0	356	437	82	1	6.94e-33	147
NC_011593.1:c2595355-2593832	NB551033:76:HLGC3BGX5:1:22203:13778:6195:65#0/2	98.780	82	1	0	927	1008	82	1	6.94e-33	147
NC_011593.1:c2595355-2593832	NB551033:76:HLGC3BGX5:3:13603:5264:10052:65#0/1	98.780	82	1	0	356	437	1	82	6.94e-33	147
NC_011593.1:c2595355-2593832	NB551033:76:HLGC3BGX5:1:22203:13778:6195:65#0/1	98.780	82	1	0	927	1008	1	82	6.94e-33	147
NC_011593.1:c2595355-2593832	NB551033:76:HLGC3BGX5:4:22604:9498:6825:65#0/2	97.619	84	2	0	506	589	84	1	2.50e-32	145
NC_011593.1:c2595355-2593832	NB551033:76:HLGC3BGX5:4:22604:9498:6825:65#0/1	97.619	84	2	0	506	589	1	84	2.50e-32	145
NC_011593.1:c2595355-2593832	NB551033:76:HLGC3BGX5:3:12509:4412:17531:65#0/2	98.684	76	1	0	786	861	1	76	1.50e-29	135
NC_011593.1:c2595355-2593832	NB551033:76:HLGC3BGX5:2:13101:14162:4324:65#0/2	96.203	79	3	0	699	777	1	79	6.99e-28	130
NC_011593.1:c2595355-2593832	NB551033:76:HLGC3BGX5:2:13101:14162:4324:65#0/1	96.203	79	3	0	699	777	79	1	6.99e-28	130
NC_011593.1:c2595355-2593832	NB551033:76:HLGC3BGX5:4:21404:22120:19040:65#0/2	100.000	65	0	0	410	474	1	65	4.21e-25	121
NC_011593.1:c2595355-2593832	NB551033:76:HLGC3BGX5:4:21404:22120:19040:65#0/1	100.000	65	0	0	410	474	65	1	4.21e-25	121
NC_011593.1:c2595355-2593832	NB551033:76:HLGC3BGX5:4:11502:8541:15624:65#0/2	96.970	66	2	0	1405	1470	103	38	2.53e-22	111
NC_011593.1:c2595355-2593832	NB551033:76:HLGC3BGX5:3:12404:13026:5652:65#0/2	98.361	61	1	0	1410	1470	1	61	3.28e-21	108
NC_011593.1:c2595355-2593832	NB551033:76:HLGC3BGX5:3:12404:13026:5652:65#0/1	98.361	61	1	0	1410	1470	106	46	3.28e-21	108
NC_011593.1:c2595355-2593832	NB551033:76:HLGC3BGX5:3:12404:2211:2879:65#0/2	98.333	60	1	0	373	432	60	1	1.18e-20	106
NC_011593.1:c2595355-2593832	NB551033:76:HLGC3BGX5:1:22303:10308:11807:65#0/2	98.333	60	1	0	1273	1332	60	1	1.18e-20	106
NC_011593.1:c2595355-2593832	NB551033:76:HLGC3BGX5:4:13405:16154:13372:65#0/1	96.825	63	2	0	1274	1336	63	1	1.18e-20	106
NC_011593.1:c2595355-2593832	NB551033:76:HLGC3BGX5:3:12404:2211:2879:65#0/1	98.333	60	1	0	373	432	1	60	1.18e-20	106
NC_011593.1:c2595355-2593832	NB551033:76:HLGC3BGX5:4:21509:9422:15665:65#0/2	98.305	59	1	0	1274	1332	59	1	4.24e-20	104
NC_011593.1:c2595355-2593832	NB551033:76:HLGC3BGX5:4:23510:21443:6431:65#0/2	100.000	52	0	0	906	957	1	52	7.09e-18	97.1
NC_011593.1:c2595355-2593832	NB551033:76:HLGC3BGX5:2:11109:10798:13122:65#0/2	98.182	55	1	0	740	794	55	1	7.09e-18	97.1
NC_011593.1:c2595355-2593832	NB551033:76:HLGC3BGX5:4:23510:21443:6431:65#0/1	100.000	52	0	0	906	957	52	1	7.09e-18	97.1
NC_011593.1:c2595355-2593832	NB551033:76:HLGC3BGX5:4:23607:22043:8844:65#0/2	95.000	60	3	0	849	908	1	60	2.55e-17	95.3
NC_011593.1:c2595355-2593832	NB551033:76:HLGC3BGX5:4:23607:22043:8844:65#0/1	95.000	60	3	0	850	909	60	1	2.55e-17	95.3
NC_011593.1:c2595355-2593832	NB551033:76:HLGC3BGX5:3:12509:4412:17531:65#0/1	100.000	49	0	0	1051	1099	49	1	3.30e-16	91.6
NC_011593.1:c2595355-2593832	NB551033:76:HLGC3BGX5:2:21110:1448:1899:65#0/2	98.077	52	0	1	111	162	51	1	1.19e-15	89.8
NC_011593.1:c2595355-2593832	NB551033:76:HLGC3BGX5:2:21110:1448:1899:65#0/1	98.077	52	0	1	111	162	1	51	1.19e-15	89.8
NC_011593.1:c2595355-2593832	NB551033:76:HLGC3BGX5:2:13210:23729:10082:65#0/2	96.000	50	2	0	166	215	1	50	1.99e-13	82.4
NC_011593.1:c2595355-2593832	NB551033:76:HLGC3BGX5:1:11109:12993:6929:65#0/1	97.872	47	1	0	973	1019	47	1	1.99e-13	82.4
NC_011593.1:c2595355-2593832	NB551033:76:HLGC3BGX5:4:12609:3983:17147:65#0/2	100.000	37	0	0	1043	1079	37	1	1.55e-09	69.4
NC_011593.1:c2595355-2593832	NB551033:76:HLGC3BGX5:4:12609:3983:17147:65#0/1	100.000	37	0	0	1043	1079	1	37	1.55e-09	69.4
# BLASTN 2.9.0+
# Query: NC_011593.1:c2597106-2595574 Bifidobacterium longum subsp. infantis ATCC 15697, complete genome
# Database: db/blast_C0479_3F_1A_S65.faa
# Fields: query acc.ver, subject acc.ver, % identity, alignment length, mismatches, gap opens, q. start, q. end, s. start, s. end, evalue, bit score
# 30 hits found
NC_011593.1:c2597106-2595574	NB551033:76:HLGC3BGX5:2:11301:22762:9315:65#0/2	95.763	118	5	0	1	118	34	151	3.18e-46	191
NC_011593.1:c2597106-2595574	NB551033:76:HLGC3BGX5:1:12304:4206:17992:65#0/2	95.763	118	5	0	1	118	34	151	3.18e-46	191
NC_011593.1:c2597106-2595574	NB551033:76:HLGC3BGX5:2:13111:24475:16229:65#0/1	95.726	117	5	0	214	330	6	122	1.14e-45	189
NC_011593.1:c2597106-2595574	NB551033:76:HLGC3BGX5:4:12507:19833:5785:65#0/1	95.455	110	5	0	1	110	39	148	8.91e-42	176
NC_011593.1:c2597106-2595574	NB551033:76:HLGC3BGX5:2:21210:12764:17989:65#0/1	95.413	109	5	0	1	109	43	151	3.20e-41	174
NC_011593.1:c2597106-2595574	NB551033:76:HLGC3BGX5:4:21402:9663:2752:65#0/2	95.327	107	5	0	224	330	1	107	4.14e-40	171
NC_011593.1:c2597106-2595574	NB551033:76:HLGC3BGX5:3:21509:18977:14807:65#0/2	95.098	102	5	0	1	102	45	146	2.49e-37	161
NC_011593.1:c2597106-2595574	NB551033:76:HLGC3BGX5:3:22412:7689:5390:65#0/2	98.765	81	1	0	429	509	81	1	2.51e-32	145
NC_011593.1:c2597106-2595574	NB551033:76:HLGC3BGX5:3:21503:2750:4120:65#0/2	98.765	81	1	0	429	509	1	81	2.51e-32	145
NC_011593.1:c2597106-2595574	NB551033:76:HLGC3BGX5:3:22412:7689:5390:65#0/1	98.765	81	1	0	429	509	1	81	2.51e-32	145
NC_011593.1:c2597106-2595574	NB551033:76:HLGC3BGX5:3:21503:2750:4120:65#0/1	98.765	81	1	0	429	509	81	1	2.51e-32	145
NC_011593.1:c2597106-2595574	NB551033:76:HLGC3BGX5:2:22201:25724:18463:65#0/2	100.000	72	0	0	1	72	72	1	5.44e-29	134
NC_011593.1:c2597106-2595574	NB551033:76:HLGC3BGX5:4:12407:14730:7532:65#0/1	100.000	69	0	0	1	69	82	150	2.53e-27	128
NC_011593.1:c2597106-2595574	NB551033:76:HLGC3BGX5:4:21404:22120:19040:65#0/2	100.000	65	0	0	410	474	1	65	4.23e-25	121
NC_011593.1:c2597106-2595574	NB551033:76:HLGC3BGX5:4:13410:4029:8078:65#0/2	100.000	65	0	0	1	65	65	1	4.23e-25	121
NC_011593.1:c2597106-2595574	NB551033:76:HLGC3BGX5:4:21404:22120:19040:65#0/1	100.000	65	0	0	410	474	65	1	4.23e-25	121
NC_011593.1:c2597106-2595574	NB551033:76:HLGC3BGX5:4:11502:8541:15624:65#0/2	96.970	66	2	0	1405	1470	103	38	2.55e-22	111
NC_011593.1:c2597106-2595574	NB551033:76:HLGC3BGX5:3:12404:13026:5652:65#0/2	98.361	61	1	0	1410	1470	1	61	3.29e-21	108
NC_011593.1:c2597106-2595574	NB551033:76:HLGC3BGX5:3:12404:13026:5652:65#0/1	98.361	61	1	0	1410	1470	106	46	3.29e-21	108
NC_011593.1:c2597106-2595574	NB551033:76:HLGC3BGX5:3:12603:14161:4716:65#0/2	100.000	55	0	0	1	55	55	1	1.53e-19	102
NC_011593.1:c2597106-2595574	NB551033:76:HLGC3BGX5:2:13305:5732:15056:65#0/2	98.276	58	1	0	273	330	2	59	1.53e-19	102
NC_011593.1:c2597106-2595574	NB551033:76:HLGC3BGX5:2:13305:5732:15056:65#0/1	96.721	61	2	0	273	333	92	32	1.53e-19	102
NC_011593.1:c2597106-2595574	NB551033:76:HLGC3BGX5:4:13410:4029:8078:65#0/1	100.000	52	0	0	2	53	99	150	7.13e-18	97.1
NC_011593.1:c2597106-2595574	NB551033:76:HLGC3BGX5:4:12404:10065:12720:65#0/2	100.000	45	0	0	28	72	45	1	5.55e-14	84.2
NC_011593.1:c2597106-2595574	NB551033:76:HLGC3BGX5:1:12207:18529:9448:65#0/2	100.000	44	0	0	1	44	98	141	2.00e-13	82.4
NC_011593.1:c2597106-2595574	NB551033:76:HLGC3BGX5:1:12207:18529:9448:65#0/1	100.000	44	0	0	1	44	44	1	2.00e-13	82.4
NC_011593.1:c2597106-2595574	NB551033:76:HLGC3BGX5:2:21311:22607:15046:65#0/2	100.000	41	0	0	1	41	91	131	9.29e-12	76.8
NC_011593.1:c2597106-2595574	NB551033:76:HLGC3BGX5:2:21311:22607:15046:65#0/1	100.000	41	0	0	1	41	41	1	9.29e-12	76.8
NC_011593.1:c2597106-2595574	NB551033:76:HLGC3BGX5:4:11405:21697:8144:65#0/2	100.000	31	0	0	1	31	119	149	3.37e-06	58.4
NC_011593.1:c2597106-2595574	NB551033:76:HLGC3BGX5:2:23107:17939:19885:65#0/1	100.000	30	0	0	1	30	30	1	1.21e-05	56.5
# BLASTN 2.9.0+
# Query: NC_011593.1:c2598562-2597207 Bifidobacterium longum subsp. infantis ATCC 15697, complete genome
# Database: db/blast_C0479_3F_1A_S65.faa
# 0 hits found
# BLASTN 2.9.0+
# Query: NC_011593.1:2598858-2601929 Bifidobacterium longum subsp. infantis ATCC 15697, complete genome
# Database: db/blast_C0479_3F_1A_S65.faa
# Fields: query acc.ver, subject acc.ver, % identity, alignment length, mismatches, gap opens, q. start, q. end, s. start, s. end, evalue, bit score
# 310 hits found
NC_011593.1:2598858-2601929	NB551033:76:HLGC3BGX5:4:22509:12958:14206:65#0/2	100.000	151	0	0	1943	2093	151	1	1.32e-72	279
NC_011593.1:2598858-2601929	NB551033:76:HLGC3BGX5:2:22302:3415:17378:65#0/2	100.000	151	0	0	178	328	1	151	1.32e-72	279
NC_011593.1:2598858-2601929	NB551033:76:HLGC3BGX5:4:22604:9283:2644:65#0/1	100.000	151	0	0	1700	1850	151	1	1.32e-72	279
NC_011593.1:2598858-2601929	NB551033:76:HLGC3BGX5:3:22403:5387:11327:65#0/1	100.000	151	0	0	921	1071	1	151	1.32e-72	279
NC_011593.1:2598858-2601929	NB551033:76:HLGC3BGX5:3:12412:25099:10155:65#0/1	100.000	151	0	0	1700	1850	151	1	1.32e-72	279
NC_011593.1:2598858-2601929	NB551033:76:HLGC3BGX5:4:23509:9257:11888:65#0/2	100.000	150	0	0	1690	1839	150	1	4.75e-72	278
NC_011593.1:2598858-2601929	NB551033:76:HLGC3BGX5:4:22604:9283:2644:65#0/2	100.000	150	0	0	1677	1826	1	150	4.75e-72	278
NC_011593.1:2598858-2601929	NB551033:76:HLGC3BGX5:4:22406:6748:19451:65#0/2	100.000	150	0	0	1719	1868	150	1	4.75e-72	278
NC_011593.1:2598858-2601929	NB551033:76:HLGC3BGX5:3:12610:11599:15151:65#0/2	100.000	150	0	0	916	1065	1	150	4.75e-72	278
NC_011593.1:2598858-2601929	NB551033:76:HLGC3BGX5:3:12412:25099:10155:65#0/2	100.000	150	0	0	1677	1826	1	150	4.75e-72	278
NC_011593.1:2598858-2601929	NB551033:76:HLGC3BGX5:2:12212:25212:16307:65#0/2	100.000	150	0	0	935	1084	150	1	4.75e-72	278
NC_011593.1:2598858-2601929	NB551033:76:HLGC3BGX5:4:23509:9257:11888:65#0/1	100.000	150	0	0	1647	1796	1	150	4.75e-72	278
NC_011593.1:2598858-2601929	NB551033:76:HLGC3BGX5:4:23406:6329:15013:65#0/1	100.000	150	0	0	1585	1734	150	1	4.75e-72	278
NC_011593.1:2598858-2601929	NB551033:76:HLGC3BGX5:2:13105:9025:9498:65#0/1	100.000	150	0	0	1585	1734	150	1	4.75e-72	278
NC_011593.1:2598858-2601929	NB551033:76:HLGC3BGX5:2:12205:11888:19094:65#0/1	100.000	150	0	0	1660	1809	150	1	4.75e-72	278
NC_011593.1:2598858-2601929	NB551033:76:HLGC3BGX5:4:22509:12958:14206:65#0/1	100.000	149	0	0	1920	2068	1	149	1.71e-71	276
NC_011593.1:2598858-2601929	NB551033:76:HLGC3BGX5:3:22605:20506:5917:65#0/2	99.338	151	1	0	1860	2010	1	151	6.14e-71	274
NC_011593.1:2598858-2601929	NB551033:76:HLGC3BGX5:3:22403:5387:11327:65#0/2	99.338	151	1	0	965	1115	151	1	6.14e-71	274
NC_011593.1:2598858-2601929	NB551033:76:HLGC3BGX5:3:12509:5563:18288:65#0/2	99.338	151	1	0	921	1071	1	151	6.14e-71	274
NC_011593.1:2598858-2601929	NB551033:76:HLGC3BGX5:2:12302:23362:8369:65#0/2	99.338	151	1	0	2753	2903	1	151	6.14e-71	274
NC_011593.1:2598858-2601929	NB551033:76:HLGC3BGX5:4:22610:13161:17309:65#0/1	99.338	151	1	0	976	1126	1	151	6.14e-71	274
NC_011593.1:2598858-2601929	NB551033:76:HLGC3BGX5:4:13604:26706:12844:65#0/1	99.338	151	1	0	964	1114	1	151	6.14e-71	274
NC_011593.1:2598858-2601929	NB551033:76:HLGC3BGX5:4:11405:12600:11507:65#0/1	99.338	151	1	0	234	384	151	1	6.14e-71	274
NC_011593.1:2598858-2601929	NB551033:76:HLGC3BGX5:3:13402:8036:3711:65#0/1	99.338	151	1	0	116	266	151	1	6.14e-71	274
NC_011593.1:2598858-2601929	NB551033:76:HLGC3BGX5:4:22610:13161:17309:65#0/2	99.333	150	1	0	1005	1154	150	1	2.21e-70	272
NC_011593.1:2598858-2601929	NB551033:76:HLGC3BGX5:4:13407:5738:9496:65#0/2	100.000	147	0	0	2433	2579	1	147	2.21e-70	272
NC_011593.1:2598858-2601929	NB551033:76:HLGC3BGX5:4:23601:23845:1486:65#0/1	99.333	150	1	0	254	403	1	150	2.21e-70	272
NC_011593.1:2598858-2601929	NB551033:76:HLGC3BGX5:4:11610:19705:13148:65#0/1	99.333	150	1	0	166	315	150	1	2.21e-70	272
NC_011593.1:2598858-2601929	NB551033:76:HLGC3BGX5:3:12610:11599:15151:65#0/1	99.333	150	1	0	985	1134	150	1	2.21e-70	272
NC_011593.1:2598858-2601929	NB551033:76:HLGC3BGX5:2:21209:9322:9884:65#0/1	99.333	150	1	0	1824	1973	1	150	2.21e-70	272
NC_011593.1:2598858-2601929	NB551033:76:HLGC3BGX5:2:13212:3989:9773:65#0/1	99.333	150	1	0	301	450	150	1	2.21e-70	272
NC_011593.1:2598858-2601929	NB551033:76:HLGC3BGX5:2:11304:14176:13334:65#0/1	99.333	150	1	0	307	456	150	1	2.21e-70	272
NC_011593.1:2598858-2601929	NB551033:76:HLGC3BGX5:3:13402:8036:3711:65#0/2	99.329	149	1	0	2	150	1	149	7.94e-70	270
NC_011593.1:2598858-2601929	NB551033:76:HLGC3BGX5:2:12205:11888:19094:65#0/2	99.329	149	1	0	1601	1749	1	149	7.94e-70	270
NC_011593.1:2598858-2601929	NB551033:76:HLGC3BGX5:4:11612:8730:1618:65#0/1	99.329	149	1	0	2748	2896	1	149	7.94e-70	270
NC_011593.1:2598858-2601929	NB551033:76:HLGC3BGX5:2:22305:3767:6967:65#0/1	99.329	149	1	0	1537	1685	149	1	7.94e-70	270
NC_011593.1:2598858-2601929	NB551033:76:HLGC3BGX5:4:13605:1208:12841:65#0/2	98.675	151	2	0	1048	1198	151	1	2.86e-69	268
NC_011593.1:2598858-2601929	NB551033:76:HLGC3BGX5:3:23510:5551:17021:65#0/2	98.675	151	2	0	597	747	151	1	2.86e-69	268
NC_011593.1:2598858-2601929	NB551033:76:HLGC3BGX5:3:23412:17441:5833:65#0/2	98.675	151	2	0	1492	1642	1	151	2.86e-69	268
NC_011593.1:2598858-2601929	NB551033:76:HLGC3BGX5:2:21205:18081:8228:65#0/2	98.675	151	2	0	1239	1389	151	1	2.86e-69	268
NC_011593.1:2598858-2601929	NB551033:76:HLGC3BGX5:2:13308:13205:13253:65#0/2	98.675	151	2	0	976	1126	1	151	2.86e-69	268
NC_011593.1:2598858-2601929	NB551033:76:HLGC3BGX5:2:11101:2604:15601:65#0/2	98.675	151	2	0	1487	1637	1	151	2.86e-69	268
NC_011593.1:2598858-2601929	NB551033:76:HLGC3BGX5:1:22305:18578:12763:65#0/2	98.675	151	2	0	1045	1195	1	151	2.86e-69	268
NC_011593.1:2598858-2601929	NB551033:76:HLGC3BGX5:1:11209:19634:8772:65#0/2	98.675	151	2	0	2868	3018	151	1	2.86e-69	268
NC_011593.1:2598858-2601929	NB551033:76:HLGC3BGX5:1:11205:20502:5884:65#0/2	98.675	151	2	0	71	221	151	1	2.86e-69	268
NC_011593.1:2598858-2601929	NB551033:76:HLGC3BGX5:1:11204:10993:4501:65#0/2	99.324	148	1	0	2161	2308	4	151	2.86e-69	268
NC_011593.1:2598858-2601929	NB551033:76:HLGC3BGX5:4:22401:14608:14241:65#0/1	98.675	151	2	0	674	824	151	1	2.86e-69	268
NC_011593.1:2598858-2601929	NB551033:76:HLGC3BGX5:3:23612:4327:13143:65#0/1	98.675	151	2	0	976	1126	1	151	2.86e-69	268
NC_011593.1:2598858-2601929	NB551033:76:HLGC3BGX5:3:23409:16235:19645:65#0/1	98.675	151	2	0	2873	3023	151	1	2.86e-69	268
NC_011593.1:2598858-2601929	NB551033:76:HLGC3BGX5:3:22601:14051:16044:65#0/1	98.675	151	2	0	2491	2641	151	1	2.86e-69	268
NC_011593.1:2598858-2601929	NB551033:76:HLGC3BGX5:2:22309:14063:15159:65#0/1	98.675	151	2	0	1397	1547	151	1	2.86e-69	268
NC_011593.1:2598858-2601929	NB551033:76:HLGC3BGX5:2:21205:18081:8228:65#0/1	98.675	151	2	0	1054	1204	1	151	2.86e-69	268
NC_011593.1:2598858-2601929	NB551033:76:HLGC3BGX5:2:11101:2604:15601:65#0/1	98.675	151	2	0	1498	1648	151	1	2.86e-69	268
NC_011593.1:2598858-2601929	NB551033:76:HLGC3BGX5:1:22305:18578:12763:65#0/1	98.675	151	2	0	1072	1222	151	1	2.86e-69	268
NC_011593.1:2598858-2601929	NB551033:76:HLGC3BGX5:4:22509:16973:15459:65#0/2	98.667	150	2	0	67	216	150	1	1.03e-68	267
NC_011593.1:2598858-2601929	NB551033:76:HLGC3BGX5:4:22405:23951:14012:65#0/2	98.667	150	2	0	2778	2927	1	150	1.03e-68	267
NC_011593.1:2598858-2601929	NB551033:76:HLGC3BGX5:4:12509:23472:16880:65#0/2	98.675	151	1	1	328	478	1	150	1.03e-68	267
NC_011593.1:2598858-2601929	NB551033:76:HLGC3BGX5:4:11409:15636:7276:65#0/2	98.667	150	2	0	2777	2926	1	150	1.03e-68	267
NC_011593.1:2598858-2601929	NB551033:76:HLGC3BGX5:3:22402:25525:6585:65#0/2	98.667	150	2	0	112	261	150	1	1.03e-68	267
NC_011593.1:2598858-2601929	NB551033:76:HLGC3BGX5:3:12602:15188:17641:65#0/2	98.667	150	2	0	643	792	150	1	1.03e-68	267
NC_011593.1:2598858-2601929	NB551033:76:HLGC3BGX5:2:22210:8652:4103:65#0/2	98.667	150	2	0	643	792	150	1	1.03e-68	267
NC_011593.1:2598858-2601929	NB551033:76:HLGC3BGX5:4:21406:25536:6869:65#0/1	98.667	150	2	0	1504	1653	150	1	1.03e-68	267
NC_011593.1:2598858-2601929	NB551033:76:HLGC3BGX5:4:12410:23437:13236:65#0/1	98.667	150	2	0	92	241	1	150	1.03e-68	267
NC_011593.1:2598858-2601929	NB551033:76:HLGC3BGX5:4:11409:15636:7276:65#0/1	98.667	150	2	0	2826	2975	150	1	1.03e-68	267
NC_011593.1:2598858-2601929	NB551033:76:HLGC3BGX5:3:23510:5551:17021:65#0/1	98.667	150	2	0	593	742	1	150	1.03e-68	267
NC_011593.1:2598858-2601929	NB551033:76:HLGC3BGX5:3:23412:17441:5833:65#0/1	98.667	150	2	0	1529	1678	150	1	1.03e-68	267
NC_011593.1:2598858-2601929	NB551033:76:HLGC3BGX5:3:12602:15188:17641:65#0/1	98.667	150	2	0	595	744	1	150	1.03e-68	267
NC_011593.1:2598858-2601929	NB551033:76:HLGC3BGX5:1:22109:26601:9010:65#0/1	98.667	150	2	0	1504	1653	150	1	1.03e-68	267
NC_011593.1:2598858-2601929	NB551033:76:HLGC3BGX5:1:21208:15539:12466:65#0/1	98.667	150	2	0	1489	1638	150	1	1.03e-68	267
NC_011593.1:2598858-2601929	NB551033:76:HLGC3BGX5:3:22402:2014:13047:65#0/2	98.658	149	2	0	1074	1222	149	1	3.70e-68	265
NC_011593.1:2598858-2601929	NB551033:76:HLGC3BGX5:2:21103:13990:8656:65#0/2	98.658	149	2	0	2740	2888	1	149	3.70e-68	265
NC_011593.1:2598858-2601929	NB551033:76:HLGC3BGX5:3:12509:5563:18288:65#0/1	98.658	149	2	0	1074	1222	149	1	3.70e-68	265
NC_011593.1:2598858-2601929	NB551033:76:HLGC3BGX5:2:22302:3415:17378:65#0/1	98.667	150	1	1	384	533	151	3	3.70e-68	265
NC_011593.1:2598858-2601929	NB551033:76:HLGC3BGX5:2:12302:16852:20004:65#0/1	98.658	149	2	0	2876	3024	149	1	3.70e-68	265
NC_011593.1:2598858-2601929	NB551033:76:HLGC3BGX5:1:22108:1145:9013:65#0/1	98.658	149	2	0	1505	1653	149	1	3.70e-68	265
NC_011593.1:2598858-2601929	NB551033:76:HLGC3BGX5:4:23501:13854:13468:65#0/2	98.013	151	3	0	1201	1351	1	151	1.33e-67	263
NC_011593.1:2598858-2601929	NB551033:76:HLGC3BGX5:4:22405:5154:16641:65#0/2	98.013	151	3	0	2532	2682	1	151	1.33e-67	263
NC_011593.1:2598858-2601929	NB551033:76:HLGC3BGX5:4:21606:10921:7774:65#0/2	98.013	151	3	0	2532	2682	1	151	1.33e-67	263
NC_011593.1:2598858-2601929	NB551033:76:HLGC3BGX5:4:21406:25536:6869:65#0/2	98.649	148	2	0	1388	1535	1	148	1.33e-67	263
NC_011593.1:2598858-2601929	NB551033:76:HLGC3BGX5:3:12611:11459:3387:65#0/2	98.013	151	3	0	2905	3055	1	151	1.33e-67	263
NC_011593.1:2598858-2601929	NB551033:76:HLGC3BGX5:3:12609:15919:15764:65#0/2	98.013	151	3	0	2544	2694	151	1	1.33e-67	263
NC_011593.1:2598858-2601929	NB551033:76:HLGC3BGX5:2:22309:14063:15159:65#0/2	98.013	151	3	0	1287	1437	1	151	1.33e-67	263
NC_011593.1:2598858-2601929	NB551033:76:HLGC3BGX5:1:23107:22074:3094:65#0/2	98.013	151	3	0	2112	2262	1	151	1.33e-67	263
NC_011593.1:2598858-2601929	NB551033:76:HLGC3BGX5:1:22109:26601:9010:65#0/2	98.013	151	3	0	1435	1585	1	151	1.33e-67	263
NC_011593.1:2598858-2601929	NB551033:76:HLGC3BGX5:4:22509:15061:9921:65#0/1	98.013	151	3	0	1475	1625	151	1	1.33e-67	263
NC_011593.1:2598858-2601929	NB551033:76:HLGC3BGX5:4:12501:23121:9724:65#0/1	98.013	151	3	0	1172	1322	1	151	1.33e-67	263
NC_011593.1:2598858-2601929	NB551033:76:HLGC3BGX5:4:12408:7111:4562:65#0/1	98.013	151	3	0	1291	1441	151	1	1.33e-67	263
NC_011593.1:2598858-2601929	NB551033:76:HLGC3BGX5:4:11509:15784:8703:65#0/1	99.310	145	1	0	2161	2305	145	1	1.33e-67	263
NC_011593.1:2598858-2601929	NB551033:76:HLGC3BGX5:3:22605:17466:1848:65#0/1	98.013	151	3	0	1462	1612	151	1	1.33e-67	263
NC_011593.1:2598858-2601929	NB551033:76:HLGC3BGX5:3:12609:15919:15764:65#0/1	98.013	151	3	0	2302	2452	1	151	1.33e-67	263
NC_011593.1:2598858-2601929	NB551033:76:HLGC3BGX5:3:12502:24966:13644:65#0/1	98.013	151	3	0	1239	1389	151	1	1.33e-67	263
NC_011593.1:2598858-2601929	NB551033:76:HLGC3BGX5:2:13211:15865:4825:65#0/1	98.013	151	3	0	1472	1622	151	1	1.33e-67	263
NC_011593.1:2598858-2601929	NB551033:76:HLGC3BGX5:4:23501:2157:2574:65#0/2	98.000	150	3	0	2372	2521	150	1	4.78e-67	261
NC_011593.1:2598858-2601929	NB551033:76:HLGC3BGX5:4:23406:6329:15013:65#0/2	98.000	150	3	0	1447	1596	1	150	4.78e-67	261
NC_011593.1:2598858-2601929	NB551033:76:HLGC3BGX5:4:22509:15061:9921:65#0/2	98.000	150	3	0	1437	1586	1	150	4.78e-67	261
NC_011593.1:2598858-2601929	NB551033:76:HLGC3BGX5:4:21501:16132:19534:65#0/2	98.000	150	3	0	2539	2688	1	150	4.78e-67	261
NC_011593.1:2598858-2601929	NB551033:76:HLGC3BGX5:4:13604:26706:12844:65#0/2	98.000	150	3	0	1049	1198	150	1	4.78e-67	261
NC_011593.1:2598858-2601929	NB551033:76:HLGC3BGX5:4:12408:7111:4562:65#0/2	98.000	150	3	0	1107	1256	1	150	4.78e-67	261
NC_011593.1:2598858-2601929	NB551033:76:HLGC3BGX5:3:22605:17466:1848:65#0/2	98.000	150	3	0	1290	1439	1	150	4.78e-67	261
NC_011593.1:2598858-2601929	NB551033:76:HLGC3BGX5:3:22506:5081:6979:65#0/2	98.000	150	3	0	1308	1457	150	1	4.78e-67	261
NC_011593.1:2598858-2601929	NB551033:76:HLGC3BGX5:3:12502:24966:13644:65#0/2	98.000	150	3	0	1092	1241	1	150	4.78e-67	261
NC_011593.1:2598858-2601929	NB551033:76:HLGC3BGX5:2:21209:9322:9884:65#0/2	98.000	150	3	0	2101	2250	150	1	4.78e-67	261
NC_011593.1:2598858-2601929	NB551033:76:HLGC3BGX5:2:13105:9025:9498:65#0/2	98.000	150	3	0	1447	1596	1	150	4.78e-67	261
NC_011593.1:2598858-2601929	NB551033:76:HLGC3BGX5:2:12304:13374:8693:65#0/2	98.000	150	3	0	1208	1357	150	1	4.78e-67	261
NC_011593.1:2598858-2601929	NB551033:76:HLGC3BGX5:2:12205:23821:9074:65#0/2	98.000	150	3	0	2539	2688	1	150	4.78e-67	261
NC_011593.1:2598858-2601929	NB551033:76:HLGC3BGX5:1:22307:18830:9135:65#0/2	98.000	150	3	0	1528	1677	150	1	4.78e-67	261
NC_011593.1:2598858-2601929	NB551033:76:HLGC3BGX5:1:21208:15539:12466:65#0/2	98.000	150	3	0	1425	1574	1	150	4.78e-67	261
NC_011593.1:2598858-2601929	NB551033:76:HLGC3BGX5:1:21102:12722:2881:65#0/2	98.000	150	3	0	685	834	150	1	4.78e-67	261
NC_011593.1:2598858-2601929	NB551033:76:HLGC3BGX5:4:23501:13854:13468:65#0/1	98.000	150	3	0	1336	1485	150	1	4.78e-67	261
NC_011593.1:2598858-2601929	NB551033:76:HLGC3BGX5:3:12506:21251:8299:65#0/1	98.000	150	3	0	1256	1405	1	150	4.78e-67	261
NC_011593.1:2598858-2601929	NB551033:76:HLGC3BGX5:2:22210:8652:4103:65#0/1	98.000	150	3	0	637	786	1	150	4.78e-67	261
NC_011593.1:2598858-2601929	NB551033:76:HLGC3BGX5:2:13308:13205:13253:65#0/1	98.000	150	3	0	1125	1274	150	1	4.78e-67	261
NC_011593.1:2598858-2601929	NB551033:76:HLGC3BGX5:2:12304:13374:8693:65#0/1	98.000	150	3	0	1107	1256	1	150	4.78e-67	261
NC_011593.1:2598858-2601929	NB551033:76:HLGC3BGX5:2:12205:23821:9074:65#0/1	98.000	150	3	0	2545	2694	150	1	4.78e-67	261
NC_011593.1:2598858-2601929	NB551033:76:HLGC3BGX5:1:23107:22074:3094:65#0/1	98.000	150	3	0	2322	2471	150	1	4.78e-67	261
NC_011593.1:2598858-2601929	NB551033:76:HLGC3BGX5:4:22509:16973:15459:65#0/1	97.987	149	3	0	50	198	1	149	1.72e-66	259
NC_011593.1:2598858-2601929	NB551033:76:HLGC3BGX5:3:22402:25525:6585:65#0/1	99.301	143	1	0	1	143	8	150	1.72e-66	259
NC_011593.1:2598858-2601929	NB551033:76:HLGC3BGX5:1:12308:2219:8782:65#0/1	97.987	149	3	0	2036	2184	1	149	1.72e-66	259
NC_011593.1:2598858-2601929	NB551033:76:HLGC3BGX5:4:12506:22627:16910:65#0/2	97.351	151	4	0	2648	2798	151	1	6.18e-66	257
NC_011593.1:2598858-2601929	NB551033:76:HLGC3BGX5:4:12501:23121:9724:65#0/2	98.621	145	2	0	1235	1379	145	1	6.18e-66	257
NC_011593.1:2598858-2601929	NB551033:76:HLGC3BGX5:3:22601:14051:16044:65#0/2	97.351	151	4	0	2287	2437	1	151	6.18e-66	257
NC_011593.1:2598858-2601929	NB551033:76:HLGC3BGX5:3:12506:21251:8299:65#0/2	97.351	151	4	0	1293	1443	151	1	6.18e-66	257
NC_011593.1:2598858-2601929	NB551033:76:HLGC3BGX5:3:12409:23209:4775:65#0/2	97.351	151	4	0	1221	1371	151	1	6.18e-66	257
NC_011593.1:2598858-2601929	NB551033:76:HLGC3BGX5:1:23306:1782:6577:65#0/2	98.621	145	2	0	1306	1450	145	1	6.18e-66	257
NC_011593.1:2598858-2601929	NB551033:76:HLGC3BGX5:4:22405:5154:16641:65#0/1	97.351	151	4	0	2650	2800	151	1	6.18e-66	257
NC_011593.1:2598858-2601929	NB551033:76:HLGC3BGX5:4:21501:16132:19534:65#0/1	97.351	151	4	0	2635	2785	151	1	6.18e-66	257
NC_011593.1:2598858-2601929	NB551033:76:HLGC3BGX5:4:13407:5738:9496:65#0/1	97.351	151	4	0	2491	2641	151	1	6.18e-66	257
NC_011593.1:2598858-2601929	NB551033:76:HLGC3BGX5:3:22506:5081:6979:65#0/1	97.351	151	4	0	1266	1416	1	151	6.18e-66	257
NC_011593.1:2598858-2601929	NB551033:76:HLGC3BGX5:3:12409:23209:4775:65#0/1	97.351	151	4	0	1209	1359	1	151	6.18e-66	257
NC_011593.1:2598858-2601929	NB551033:76:HLGC3BGX5:2:23212:9642:10964:65#0/1	97.973	148	3	0	2925	3072	1	148	6.18e-66	257
NC_011593.1:2598858-2601929	NB551033:76:HLGC3BGX5:2:13212:4222:16668:65#0/1	97.973	148	3	0	2925	3072	1	148	6.18e-66	257
NC_011593.1:2598858-2601929	NB551033:76:HLGC3BGX5:2:12111:19521:1146:65#0/1	97.351	151	4	0	737	887	1	151	6.18e-66	257
NC_011593.1:2598858-2601929	NB551033:76:HLGC3BGX5:1:11209:19634:8772:65#0/1	97.351	151	4	0	2718	2868	1	151	6.18e-66	257
NC_011593.1:2598858-2601929	NB551033:76:HLGC3BGX5:1:11204:10993:4501:65#0/1	97.351	151	4	0	2321	2471	151	1	6.18e-66	257
NC_011593.1:2598858-2601929	NB551033:76:HLGC3BGX5:3:23411:5656:6337:65#0/2	97.333	150	4	0	1170	1319	150	1	2.22e-65	255
NC_011593.1:2598858-2601929	NB551033:76:HLGC3BGX5:3:21512:21575:12684:65#0/2	97.333	150	4	0	2260	2409	150	1	2.22e-65	255
NC_011593.1:2598858-2601929	NB551033:76:HLGC3BGX5:2:13211:15865:4825:65#0/2	97.333	150	4	0	1437	1586	1	150	2.22e-65	255
NC_011593.1:2598858-2601929	NB551033:76:HLGC3BGX5:1:22306:6916:5739:65#0/2	97.333	150	4	0	2288	2437	1	150	2.22e-65	255
NC_011593.1:2598858-2601929	NB551033:76:HLGC3BGX5:1:12308:2219:8782:65#0/2	97.333	150	4	0	2343	2492	150	1	2.22e-65	255
NC_011593.1:2598858-2601929	NB551033:76:HLGC3BGX5:4:12506:22627:16910:65#0/1	97.333	150	4	0	2633	2782	1	150	2.22e-65	255
NC_011593.1:2598858-2601929	NB551033:76:HLGC3BGX5:4:11511:14580:9032:65#0/1	97.959	147	3	0	2576	2722	1	147	2.22e-65	255
NC_011593.1:2598858-2601929	NB551033:76:HLGC3BGX5:3:22402:2014:13047:65#0/1	97.333	150	4	0	866	1015	2	151	2.22e-65	255
NC_011593.1:2598858-2601929	NB551033:76:HLGC3BGX5:3:12507:23063:19448:65#0/1	97.959	147	3	0	2576	2722	1	147	2.22e-65	255
NC_011593.1:2598858-2601929	NB551033:76:HLGC3BGX5:1:22306:6916:5739:65#0/1	97.333	150	4	0	2293	2442	150	1	2.22e-65	255
NC_011593.1:2598858-2601929	NB551033:76:HLGC3BGX5:1:11206:19058:1266:65#0/1	97.351	151	3	1	330	480	150	1	2.22e-65	255
NC_011593.1:2598858-2601929	NB551033:76:HLGC3BGX5:3:12507:23063:19448:65#0/2	97.315	149	4	0	2724	2872	149	1	8.00e-65	254
NC_011593.1:2598858-2601929	NB551033:76:HLGC3BGX5:1:23103:17311:12826:65#0/1	96.689	151	5	0	540	690	151	1	2.88e-64	252
NC_011593.1:2598858-2601929	NB551033:76:HLGC3BGX5:4:23601:23845:1486:65#0/2	96.689	151	4	1	413	563	150	1	1.03e-63	250
NC_011593.1:2598858-2601929	NB551033:76:HLGC3BGX5:1:11312:10296:7300:65#0/2	100.000	135	0	0	921	1055	135	1	1.03e-63	250
NC_011593.1:2598858-2601929	NB551033:76:HLGC3BGX5:2:12212:25212:16307:65#0/1	96.667	150	5	0	828	977	1	150	1.03e-63	250
NC_011593.1:2598858-2601929	NB551033:76:HLGC3BGX5:1:11312:10296:7300:65#0/1	100.000	135	0	0	921	1055	1	135	1.03e-63	250
NC_011593.1:2598858-2601929	NB551033:76:HLGC3BGX5:4:23501:2157:2574:65#0/1	96.644	149	5	0	2295	2443	1	149	3.72e-63	248
NC_011593.1:2598858-2601929	NB551033:76:HLGC3BGX5:4:21606:10921:7774:65#0/1	97.260	146	4	0	2655	2800	146	1	3.72e-63	248
NC_011593.1:2598858-2601929	NB551033:76:HLGC3BGX5:4:22401:14608:14241:65#0/2	96.026	151	6	0	511	661	1	151	1.34e-62	246
NC_011593.1:2598858-2601929	NB551033:76:HLGC3BGX5:4:12410:23437:13236:65#0/2	96.622	148	5	0	477	624	148	1	1.34e-62	246
NC_011593.1:2598858-2601929	NB551033:76:HLGC3BGX5:2:22108:24691:7582:65#0/2	96.026	151	6	0	509	659	151	1	1.34e-62	246
NC_011593.1:2598858-2601929	NB551033:76:HLGC3BGX5:3:23411:5656:6337:65#0/1	96.622	148	5	0	799	946	1	148	1.34e-62	246
NC_011593.1:2598858-2601929	NB551033:76:HLGC3BGX5:2:22108:24691:7582:65#0/1	96.622	148	5	0	461	608	2	149	1.34e-62	246
NC_011593.1:2598858-2601929	NB551033:76:HLGC3BGX5:4:23505:25147:5111:65#0/2	96.000	150	6	0	505	654	150	1	4.82e-62	244
NC_011593.1:2598858-2601929	NB551033:76:HLGC3BGX5:3:11403:1359:10495:65#0/2	99.265	136	0	1	383	518	135	1	4.82e-62	244
NC_011593.1:2598858-2601929	NB551033:76:HLGC3BGX5:4:23505:25147:5111:65#0/1	96.026	151	5	1	434	584	1	150	4.82e-62	244
NC_011593.1:2598858-2601929	NB551033:76:HLGC3BGX5:4:12509:23472:16880:65#0/1	96.026	151	5	1	423	573	150	1	4.82e-62	244
NC_011593.1:2598858-2601929	NB551033:76:HLGC3BGX5:1:21102:12722:2881:65#0/1	96.026	151	5	1	429	579	1	150	4.82e-62	244
NC_011593.1:2598858-2601929	NB551033:76:HLGC3BGX5:1:12310:17712:3144:65#0/1	95.364	151	7	0	509	659	151	1	6.23e-61	241
NC_011593.1:2598858-2601929	NB551033:76:HLGC3BGX5:4:22408:10304:8729:65#0/2	97.826	138	3	0	1404	1541	138	1	2.24e-60	239
NC_011593.1:2598858-2601929	NB551033:76:HLGC3BGX5:4:11509:15784:8703:65#0/2	98.519	135	2	0	1783	1917	1	135	2.24e-60	239
NC_011593.1:2598858-2601929	NB551033:76:HLGC3BGX5:1:21211:21174:7872:65#0/2	99.242	132	1	0	8	139	132	1	2.24e-60	239
NC_011593.1:2598858-2601929	NB551033:76:HLGC3BGX5:4:22408:10304:8729:65#0/1	97.826	138	3	0	1404	1541	1	138	2.24e-60	239
NC_011593.1:2598858-2601929	NB551033:76:HLGC3BGX5:4:13605:1208:12841:65#0/1	99.242	132	1	0	964	1095	1	132	2.24e-60	239
NC_011593.1:2598858-2601929	NB551033:76:HLGC3BGX5:3:21506:14661:10929:65#0/2	98.507	134	2	0	2478	2611	1	134	8.06e-60	237
NC_011593.1:2598858-2601929	NB551033:76:HLGC3BGX5:3:21506:14661:10929:65#0/1	98.507	134	2	0	2478	2611	134	1	8.06e-60	237
NC_011593.1:2598858-2601929	NB551033:76:HLGC3BGX5:2:12304:5604:7879:65#0/2	97.794	136	3	0	1214	1349	136	1	2.90e-59	235
NC_011593.1:2598858-2601929	NB551033:76:HLGC3BGX5:2:12304:5604:7879:65#0/1	97.794	136	3	0	1214	1349	1	136	2.90e-59	235
NC_011593.1:2598858-2601929	NB551033:76:HLGC3BGX5:2:12201:11813:13179:65#0/1	99.231	130	1	0	1638	1767	130	1	2.90e-59	235
NC_011593.1:2598858-2601929	NB551033:76:HLGC3BGX5:1:13206:18439:5250:65#0/2	97.778	135	3	0	1447	1581	1	135	1.04e-58	233
NC_011593.1:2598858-2601929	NB551033:76:HLGC3BGX5:1:23306:1782:6577:65#0/1	97.101	138	4	0	1303	1440	1	138	1.04e-58	233
NC_011593.1:2598858-2601929	NB551033:76:HLGC3BGX5:1:21211:21174:7872:65#0/1	99.225	129	1	0	8	136	1	129	1.04e-58	233
NC_011593.1:2598858-2601929	NB551033:76:HLGC3BGX5:4:13509:26464:16178:65#0/2	97.761	134	3	0	2333	2466	1	134	3.75e-58	231
NC_011593.1:2598858-2601929	NB551033:76:HLGC3BGX5:1:13310:15690:4194:65#0/2	97.727	132	3	0	1476	1607	1	132	4.85e-57	228
NC_011593.1:2598858-2601929	NB551033:76:HLGC3BGX5:4:13509:26464:16178:65#0/1	97.727	132	3	0	2335	2466	132	1	4.85e-57	228
NC_011593.1:2598858-2601929	NB551033:76:HLGC3BGX5:1:13310:15690:4194:65#0/1	98.438	128	2	0	1480	1607	128	1	1.74e-56	226
NC_011593.1:2598858-2601929	NB551033:76:HLGC3BGX5:1:12310:17712:3144:65#0/2	99.194	124	1	0	315	438	1	124	6.27e-56	224
NC_011593.1:2598858-2601929	NB551033:76:HLGC3BGX5:2:12302:23362:8369:65#0/1	97.674	129	3	0	2944	3072	150	22	2.26e-55	222
NC_011593.1:2598858-2601929	NB551033:76:HLGC3BGX5:4:11511:14580:9032:65#0/2	97.638	127	3	0	2946	3072	150	24	2.92e-54	219
NC_011593.1:2598858-2601929	NB551033:76:HLGC3BGX5:3:12404:17376:9193:65#0/2	98.361	122	2	0	567	688	122	1	3.78e-53	215
NC_011593.1:2598858-2601929	NB551033:76:HLGC3BGX5:2:12302:16852:20004:65#0/2	97.600	125	3	0	2529	2653	1	125	3.78e-53	215
NC_011593.1:2598858-2601929	NB551033:76:HLGC3BGX5:4:13610:13476:18245:65#0/1	98.361	122	2	0	1179	1300	122	1	3.78e-53	215
NC_011593.1:2598858-2601929	NB551033:76:HLGC3BGX5:3:12404:17376:9193:65#0/1	98.361	122	2	0	567	688	1	122	3.78e-53	215
NC_011593.1:2598858-2601929	NB551033:76:HLGC3BGX5:4:13402:15308:5221:65#0/2	98.347	121	2	0	2581	2701	1	121	1.36e-52	213
NC_011593.1:2598858-2601929	NB551033:76:HLGC3BGX5:3:23612:4327:13143:65#0/2	98.347	121	2	0	1325	1445	121	1	1.36e-52	213
NC_011593.1:2598858-2601929	NB551033:76:HLGC3BGX5:1:12302:5677:11247:65#0/2	97.581	124	3	0	2790	2913	124	1	1.36e-52	213
NC_011593.1:2598858-2601929	NB551033:76:HLGC3BGX5:4:13402:15308:5221:65#0/1	98.347	121	2	0	2581	2701	121	1	1.36e-52	213
NC_011593.1:2598858-2601929	NB551033:76:HLGC3BGX5:4:11607:2605:1249:65#0/1	100.000	115	0	0	1729	1843	1	115	1.36e-52	213
NC_011593.1:2598858-2601929	NB551033:76:HLGC3BGX5:1:21202:17155:7669:65#0/1	96.154	130	5	0	830	959	130	1	1.36e-52	213
NC_011593.1:2598858-2601929	NB551033:76:HLGC3BGX5:3:22411:24361:15119:65#0/2	96.825	126	4	0	2297	2422	126	1	4.88e-52	211
NC_011593.1:2598858-2601929	NB551033:76:HLGC3BGX5:3:21405:21057:11581:65#0/2	97.561	123	3	0	566	688	1	123	4.88e-52	211
NC_011593.1:2598858-2601929	NB551033:76:HLGC3BGX5:3:22411:24361:15119:65#0/1	96.825	126	4	0	2297	2422	1	126	4.88e-52	211
NC_011593.1:2598858-2601929	NB551033:76:HLGC3BGX5:4:12404:23853:9443:65#0/2	98.319	119	2	0	1349	1467	1	119	1.76e-51	209
NC_011593.1:2598858-2601929	NB551033:76:HLGC3BGX5:4:22406:6748:19451:65#0/1	100.000	113	0	0	1668	1780	1	113	1.76e-51	209
NC_011593.1:2598858-2601929	NB551033:76:HLGC3BGX5:4:12404:23853:9443:65#0/1	98.319	119	2	0	1349	1467	119	1	1.76e-51	209
NC_011593.1:2598858-2601929	NB551033:76:HLGC3BGX5:3:11403:1359:10495:65#0/1	99.145	117	0	1	383	499	1	116	1.76e-51	209
NC_011593.1:2598858-2601929	NB551033:76:HLGC3BGX5:3:21503:6326:1718:65#0/2	98.305	118	2	0	91	208	118	1	6.32e-51	207
NC_011593.1:2598858-2601929	NB551033:76:HLGC3BGX5:2:22305:3767:6967:65#0/2	97.521	121	3	0	1285	1405	1	121	6.32e-51	207
NC_011593.1:2598858-2601929	NB551033:76:HLGC3BGX5:1:13207:24517:11574:65#0/2	98.305	118	2	0	1311	1428	118	1	6.32e-51	207
NC_011593.1:2598858-2601929	NB551033:76:HLGC3BGX5:3:21503:6326:1718:65#0/1	98.305	118	2	0	91	208	1	118	6.32e-51	207
NC_011593.1:2598858-2601929	NB551033:76:HLGC3BGX5:1:13207:24517:11574:65#0/1	98.305	118	2	0	1311	1428	1	118	6.32e-51	207
NC_011593.1:2598858-2601929	NB551033:76:HLGC3BGX5:4:22602:6266:13822:65#0/2	99.123	114	1	0	9	122	114	1	2.27e-50	206
NC_011593.1:2598858-2601929	NB551033:76:HLGC3BGX5:4:22602:6266:13822:65#0/1	99.123	114	1	0	9	122	1	114	2.27e-50	206
NC_011593.1:2598858-2601929	NB551033:76:HLGC3BGX5:4:11405:12600:11507:65#0/2	100.000	110	0	0	1	110	39	148	8.17e-50	204
NC_011593.1:2598858-2601929	NB551033:76:HLGC3BGX5:1:13206:18439:5250:65#0/1	96.721	122	4	0	1800	1921	122	1	8.17e-50	204
NC_011593.1:2598858-2601929	NB551033:76:HLGC3BGX5:2:13105:26626:16796:65#0/2	98.261	115	2	0	67	181	115	1	2.94e-49	202
NC_011593.1:2598858-2601929	NB551033:76:HLGC3BGX5:1:23305:18199:17138:65#0/2	98.261	115	2	0	1386	1500	1	115	2.94e-49	202
NC_011593.1:2598858-2601929	NB551033:76:HLGC3BGX5:1:21202:17155:7669:65#0/2	95.968	124	5	0	475	598	1	124	2.94e-49	202
NC_011593.1:2598858-2601929	NB551033:76:HLGC3BGX5:1:23305:18199:17138:65#0/1	98.261	115	2	0	1386	1500	115	1	2.94e-49	202
NC_011593.1:2598858-2601929	NB551033:76:HLGC3BGX5:4:13401:21694:3874:65#0/1	100.000	108	0	0	1	108	108	1	1.06e-48	200
NC_011593.1:2598858-2601929	NB551033:76:HLGC3BGX5:3:22605:20506:5917:65#0/1	100.000	108	0	0	2164	2271	108	1	1.06e-48	200
NC_011593.1:2598858-2601929	NB551033:76:HLGC3BGX5:2:13212:3989:9773:65#0/2	99.091	110	1	0	16	125	1	110	3.80e-48	198
NC_011593.1:2598858-2601929	NB551033:76:HLGC3BGX5:1:22307:18830:9135:65#0/1	99.091	110	1	0	1123	1232	1	110	3.80e-48	198
NC_011593.1:2598858-2601929	NB551033:76:HLGC3BGX5:4:13610:13476:18245:65#0/2	98.214	112	2	0	1179	1290	1	112	1.37e-47	196
NC_011593.1:2598858-2601929	NB551033:76:HLGC3BGX5:3:21512:21575:12684:65#0/1	100.000	104	0	0	2197	2300	1	104	1.77e-46	193
NC_011593.1:2598858-2601929	NB551033:76:HLGC3BGX5:3:11510:8229:13709:65#0/1	100.000	104	0	0	1	104	47	150	1.77e-46	193
NC_011593.1:2598858-2601929	NB551033:76:HLGC3BGX5:2:22205:12423:18542:65#0/2	95.763	118	5	0	512	629	1	118	6.36e-46	191
NC_011593.1:2598858-2601929	NB551033:76:HLGC3BGX5:4:21501:23220:2581:65#0/1	100.000	103	0	0	2435	2537	103	1	6.36e-46	191
NC_011593.1:2598858-2601929	NB551033:76:HLGC3BGX5:3:22405:18963:18902:65#0/1	98.165	109	2	0	1170	1278	1	109	6.36e-46	191
NC_011593.1:2598858-2601929	NB551033:76:HLGC3BGX5:2:22205:12423:18542:65#0/1	95.763	118	5	0	512	629	118	1	6.36e-46	191
NC_011593.1:2598858-2601929	NB551033:76:HLGC3BGX5:4:11610:19705:13148:65#0/2	100.000	102	0	0	1	102	47	148	2.29e-45	189
NC_011593.1:2598858-2601929	NB551033:76:HLGC3BGX5:3:11404:19238:19971:65#0/2	98.131	107	2	0	1437	1543	1	107	8.23e-45	187
NC_011593.1:2598858-2601929	NB551033:76:HLGC3BGX5:3:11404:19238:19971:65#0/1	98.131	107	2	0	1437	1543	107	1	8.23e-45	187
NC_011593.1:2598858-2601929	NB551033:76:HLGC3BGX5:1:11205:20502:5884:65#0/1	100.000	101	0	0	1	101	51	151	8.23e-45	187
NC_011593.1:2598858-2601929	NB551033:76:HLGC3BGX5:4:21501:23220:2581:65#0/2	99.029	103	1	0	2435	2537	1	103	2.96e-44	185
NC_011593.1:2598858-2601929	NB551033:76:HLGC3BGX5:3:11402:24272:7396:65#0/2	100.000	100	0	0	1	100	100	1	2.96e-44	185
NC_011593.1:2598858-2601929	NB551033:76:HLGC3BGX5:1:11205:1876:3932:65#0/1	98.113	106	2	0	1239	1344	1	106	2.96e-44	185
NC_011593.1:2598858-2601929	NB551033:76:HLGC3BGX5:1:22108:1145:9013:65#0/2	96.296	108	4	0	1435	1542	1	108	3.83e-43	182
NC_011593.1:2598858-2601929	NB551033:76:HLGC3BGX5:4:11507:19710:6083:65#0/2	98.058	103	2	0	96	198	1	103	1.38e-42	180
NC_011593.1:2598858-2601929	NB551033:76:HLGC3BGX5:4:13404:16202:17714:65#0/1	97.170	106	3	0	2967	3072	1	106	1.38e-42	180
NC_011593.1:2598858-2601929	NB551033:76:HLGC3BGX5:4:12410:3401:16764:65#0/1	97.170	106	3	0	2967	3072	1	106	1.38e-42	180
NC_011593.1:2598858-2601929	NB551033:76:HLGC3BGX5:4:11507:19710:6083:65#0/1	98.058	103	2	0	96	198	103	1	1.38e-42	180
NC_011593.1:2598858-2601929	NB551033:76:HLGC3BGX5:3:21402:3023:14036:65#0/2	100.000	92	0	0	1590	1681	1	92	8.29e-40	171
NC_011593.1:2598858-2601929	NB551033:76:HLGC3BGX5:3:21402:3023:14036:65#0/1	100.000	92	0	0	1590	1681	92	1	8.29e-40	171
NC_011593.1:2598858-2601929	NB551033:76:HLGC3BGX5:3:22405:18963:18902:65#0/2	100.000	89	0	0	1611	1699	89	1	3.86e-38	165
NC_011593.1:2598858-2601929	NB551033:76:HLGC3BGX5:4:21611:22732:19174:65#0/1	98.810	84	1	0	2812	2895	1	84	1.08e-33	150
NC_011593.1:2598858-2601929	NB551033:76:HLGC3BGX5:3:13501:25611:11865:65#0/2	100.000	79	0	0	16	94	1	79	1.40e-32	147
NC_011593.1:2598858-2601929	NB551033:76:HLGC3BGX5:3:13501:25611:11865:65#0/1	100.000	79	0	0	16	94	79	1	1.40e-32	147
NC_011593.1:2598858-2601929	NB551033:76:HLGC3BGX5:1:11303:21668:1214:65#0/2	100.000	77	0	0	1	77	77	1	1.81e-31	143
NC_011593.1:2598858-2601929	NB551033:76:HLGC3BGX5:4:23602:22684:10308:65#0/1	100.000	77	0	0	1	77	77	1	1.81e-31	143
NC_011593.1:2598858-2601929	NB551033:76:HLGC3BGX5:4:13603:5062:10456:65#0/2	96.471	85	3	0	2333	2417	1	85	6.50e-31	141
NC_011593.1:2598858-2601929	NB551033:76:HLGC3BGX5:4:13603:5062:10456:65#0/1	96.471	85	3	0	2333	2417	85	1	6.50e-31	141
NC_011593.1:2598858-2601929	NB551033:76:HLGC3BGX5:2:23212:9642:10964:65#0/2	97.500	80	2	0	2993	3072	150	71	8.41e-30	137
NC_011593.1:2598858-2601929	NB551033:76:HLGC3BGX5:2:12111:19521:1146:65#0/2	100.000	74	0	0	982	1055	74	1	8.41e-30	137
NC_011593.1:2598858-2601929	NB551033:76:HLGC3BGX5:3:23409:16235:19645:65#0/2	98.667	75	1	0	2632	2706	1	75	1.09e-28	134
NC_011593.1:2598858-2601929	NB551033:76:HLGC3BGX5:2:13212:4222:16668:65#0/2	96.250	80	3	0	2993	3072	150	71	3.91e-28	132
NC_011593.1:2598858-2601929	NB551033:76:HLGC3BGX5:4:21611:22732:19174:65#0/2	98.611	72	1	0	2894	2965	72	1	5.06e-27	128
NC_011593.1:2598858-2601929	NB551033:76:HLGC3BGX5:2:21204:9093:16006:65#0/2	97.333	75	2	0	1341	1415	75	1	5.06e-27	128
NC_011593.1:2598858-2601929	NB551033:76:HLGC3BGX5:2:21204:9093:16006:65#0/1	97.333	75	2	0	1341	1415	1	75	5.06e-27	128
NC_011593.1:2598858-2601929	NB551033:76:HLGC3BGX5:3:21409:1776:18218:65#0/2	100.000	68	0	0	2202	2269	1	68	1.82e-26	126
NC_011593.1:2598858-2601929	NB551033:76:HLGC3BGX5:2:21202:9404:9349:65#0/2	98.592	71	1	0	1045	1115	71	1	1.82e-26	126
NC_011593.1:2598858-2601929	NB551033:76:HLGC3BGX5:2:11304:14176:13334:65#0/2	100.000	68	0	0	18	85	1	68	1.82e-26	126
NC_011593.1:2598858-2601929	NB551033:76:HLGC3BGX5:2:21202:9404:9349:65#0/1	98.592	71	1	0	1045	1115	1	71	1.82e-26	126
NC_011593.1:2598858-2601929	NB551033:76:HLGC3BGX5:1:12302:5677:11247:65#0/1	100.000	68	0	0	2489	2556	1	68	1.82e-26	126
NC_011593.1:2598858-2601929	NB551033:76:HLGC3BGX5:3:23602:19737:17879:65#0/2	96.053	76	3	0	1185	1260	147	72	6.54e-26	124
NC_011593.1:2598858-2601929	NB551033:76:HLGC3BGX5:1:21108:24469:7635:65#0/2	100.000	67	0	0	1	67	52	118	6.54e-26	124
NC_011593.1:2598858-2601929	NB551033:76:HLGC3BGX5:1:21108:24469:7635:65#0/1	100.000	67	0	0	1	67	67	1	6.54e-26	124
NC_011593.1:2598858-2601929	NB551033:76:HLGC3BGX5:1:11206:19058:1266:65#0/2	98.551	69	1	0	1	69	27	95	2.35e-25	122
NC_011593.1:2598858-2601929	NB551033:76:HLGC3BGX5:3:21409:1776:18218:65#0/1	100.000	66	0	0	2206	2271	66	1	2.35e-25	122
NC_011593.1:2598858-2601929	NB551033:76:HLGC3BGX5:4:23501:22518:15068:65#0/2	98.529	68	1	0	1480	1547	68	1	8.47e-25	121
NC_011593.1:2598858-2601929	NB551033:76:HLGC3BGX5:4:23501:22518:15068:65#0/1	98.529	68	1	0	1480	1547	2	69	8.47e-25	121
NC_011593.1:2598858-2601929	NB551033:76:HLGC3BGX5:4:12503:9667:18025:65#0/2	98.507	67	1	0	642	708	1	67	3.05e-24	119
NC_011593.1:2598858-2601929	NB551033:76:HLGC3BGX5:4:12503:9667:18025:65#0/1	98.507	67	1	0	642	708	67	1	3.05e-24	119
NC_011593.1:2598858-2601929	NB551033:76:HLGC3BGX5:4:23608:13968:17195:65#0/2	98.462	65	1	0	1283	1347	65	1	3.94e-23	115
NC_011593.1:2598858-2601929	NB551033:76:HLGC3BGX5:4:23608:13968:17195:65#0/1	98.462	65	1	0	1283	1347	1	65	3.94e-23	115
NC_011593.1:2598858-2601929	NB551033:76:HLGC3BGX5:4:21509:17177:1314:65#0/2	98.438	64	1	0	2841	2904	1	64	1.42e-22	113
NC_011593.1:2598858-2601929	NB551033:76:HLGC3BGX5:3:13604:13537:9929:65#0/2	98.462	65	0	1	419	483	1	64	1.42e-22	113
NC_011593.1:2598858-2601929	NB551033:76:HLGC3BGX5:4:21509:17177:1314:65#0/1	98.438	64	1	0	2841	2904	64	1	1.42e-22	113
NC_011593.1:2598858-2601929	NB551033:76:HLGC3BGX5:3:13604:13537:9929:65#0/1	98.462	65	0	1	419	483	64	1	1.42e-22	113
NC_011593.1:2598858-2601929	NB551033:76:HLGC3BGX5:2:22208:22178:14016:65#0/2	100.000	59	0	0	692	750	1	59	1.83e-21	110
NC_011593.1:2598858-2601929	NB551033:76:HLGC3BGX5:1:23108:8699:15701:65#0/2	100.000	59	0	0	2479	2537	59	1	1.83e-21	110
NC_011593.1:2598858-2601929	NB551033:76:HLGC3BGX5:2:22208:22178:14016:65#0/1	100.000	59	0	0	692	750	59	1	1.83e-21	110
NC_011593.1:2598858-2601929	NB551033:76:HLGC3BGX5:1:23108:8699:15701:65#0/1	100.000	59	0	0	2479	2537	1	59	1.83e-21	110
NC_011593.1:2598858-2601929	NB551033:76:HLGC3BGX5:4:13505:23430:10897:65#0/2	96.721	61	2	0	630	690	61	1	3.07e-19	102
NC_011593.1:2598858-2601929	NB551033:76:HLGC3BGX5:4:12505:5251:13067:65#0/2	98.276	58	1	0	1292	1349	1	58	3.07e-19	102
NC_011593.1:2598858-2601929	NB551033:76:HLGC3BGX5:3:12405:26098:17961:65#0/2	95.312	64	3	0	2686	2749	64	1	3.07e-19	102
NC_011593.1:2598858-2601929	NB551033:76:HLGC3BGX5:4:13505:23430:10897:65#0/1	96.721	61	2	0	630	690	1	61	3.07e-19	102
NC_011593.1:2598858-2601929	NB551033:76:HLGC3BGX5:4:12505:5251:13067:65#0/1	98.276	58	1	0	1292	1349	58	1	3.07e-19	102
NC_011593.1:2598858-2601929	NB551033:76:HLGC3BGX5:3:12405:26098:17961:65#0/1	95.312	64	3	0	2686	2749	1	64	3.07e-19	102
NC_011593.1:2598858-2601929	NB551033:76:HLGC3BGX5:4:21601:21931:5141:65#0/2	100.000	53	0	0	2048	2100	53	1	3.97e-18	99.0
NC_011593.1:2598858-2601929	NB551033:76:HLGC3BGX5:4:12510:15369:16530:65#0/2	100.000	53	0	0	2167	2219	53	1	3.97e-18	99.0
NC_011593.1:2598858-2601929	NB551033:76:HLGC3BGX5:4:21601:21931:5141:65#0/1	100.000	53	0	0	2048	2100	1	53	3.97e-18	99.0
NC_011593.1:2598858-2601929	NB551033:76:HLGC3BGX5:3:21405:21057:11581:65#0/1	96.610	59	2	0	830	888	59	1	3.97e-18	99.0
NC_011593.1:2598858-2601929	NB551033:76:HLGC3BGX5:3:22612:13285:12704:65#0/2	100.000	51	0	0	2226	2276	51	1	5.13e-17	95.3
NC_011593.1:2598858-2601929	NB551033:76:HLGC3BGX5:3:11512:19825:5137:65#0/2	98.182	55	0	1	429	483	1	54	5.13e-17	95.3
NC_011593.1:2598858-2601929	NB551033:76:HLGC3BGX5:2:11309:7900:4307:65#0/2	95.000	60	3	0	1190	1249	60	1	5.13e-17	95.3
NC_011593.1:2598858-2601929	NB551033:76:HLGC3BGX5:3:22612:13285:12704:65#0/1	100.000	51	0	0	2226	2276	1	51	5.13e-17	95.3
NC_011593.1:2598858-2601929	NB551033:76:HLGC3BGX5:3:11512:19825:5137:65#0/1	98.182	55	0	1	429	483	54	1	5.13e-17	95.3
NC_011593.1:2598858-2601929	NB551033:76:HLGC3BGX5:2:11309:7900:4307:65#0/1	95.000	60	3	0	1190	1249	1	60	5.13e-17	95.3
NC_011593.1:2598858-2601929	NB551033:76:HLGC3BGX5:4:13401:21694:3874:65#0/2	100.000	50	0	0	1	50	93	142	1.85e-16	93.5
NC_011593.1:2598858-2601929	NB551033:76:HLGC3BGX5:3:23502:20083:9831:65#0/2	96.429	56	2	0	3017	3072	1	56	1.85e-16	93.5
NC_011593.1:2598858-2601929	NB551033:76:HLGC3BGX5:2:23105:14321:3260:65#0/2	100.000	50	0	0	777	826	1	50	1.85e-16	93.5
NC_011593.1:2598858-2601929	NB551033:76:HLGC3BGX5:1:22307:23604:6306:65#0/2	100.000	50	0	0	2778	2827	1	50	1.85e-16	93.5
NC_011593.1:2598858-2601929	NB551033:76:HLGC3BGX5:3:21607:22388:9265:65#0/1	96.429	56	2	0	3017	3072	1	56	1.85e-16	93.5
NC_011593.1:2598858-2601929	NB551033:76:HLGC3BGX5:2:23105:14321:3260:65#0/1	100.000	50	0	0	777	826	50	1	1.85e-16	93.5
NC_011593.1:2598858-2601929	NB551033:76:HLGC3BGX5:1:22307:23604:6306:65#0/1	100.000	50	0	0	2778	2827	50	1	1.85e-16	93.5
NC_011593.1:2598858-2601929	NB551033:76:HLGC3BGX5:1:11205:1876:3932:65#0/2	98.077	52	1	0	1575	1626	52	1	6.64e-16	91.6
NC_011593.1:2598858-2601929	NB551033:76:HLGC3BGX5:4:13410:1976:5173:65#0/2	100.000	47	0	0	2977	3023	47	1	8.59e-15	87.9
NC_011593.1:2598858-2601929	NB551033:76:HLGC3BGX5:4:13410:1976:5173:65#0/1	100.000	47	0	0	2977	3023	1	47	8.59e-15	87.9
NC_011593.1:2598858-2601929	NB551033:76:HLGC3BGX5:3:23407:14107:19569:65#0/2	100.000	45	0	0	904	948	45	1	1.11e-13	84.2
NC_011593.1:2598858-2601929	NB551033:76:HLGC3BGX5:4:12406:17058:8589:65#0/2	100.000	39	0	0	1	39	51	89	2.40e-10	73.1
NC_011593.1:2598858-2601929	NB551033:76:HLGC3BGX5:4:12406:17058:8589:65#0/1	100.000	39	0	0	1	39	39	1	2.40e-10	73.1
NC_011593.1:2598858-2601929	NB551033:76:HLGC3BGX5:2:23101:9517:12181:65#0/2	100.000	36	0	0	799	834	36	1	1.12e-08	67.6
NC_011593.1:2598858-2601929	NB551033:76:HLGC3BGX5:2:23101:9517:12181:65#0/1	100.000	36	0	0	799	834	1	36	1.12e-08	67.6
NC_011593.1:2598858-2601929	NB551033:76:HLGC3BGX5:3:12611:7821:4041:65#0/1	100.000	28	0	0	1028	1055	28	1	3.13e-04	52.8
# BLASTN 2.9.0+
# Query: NC_011593.1:c2604454-2602106 Bifidobacterium longum subsp. infantis ATCC 15697, complete genome
# Database: db/blast_C0479_3F_1A_S65.faa
# 0 hits found
# BLASTN 2.9.0+
# Query: NC_011593.1:c2605922-2604486 Bifidobacterium longum subsp. infantis ATCC 15697, complete genome
# Database: db/blast_C0479_3F_1A_S65.faa
# 0 hits found
# BLASTN 2.9.0+
# Query: NC_011593.1:c2606381-2605944 Bifidobacterium longum subsp. infantis ATCC 15697, complete genome
# Database: db/blast_C0479_3F_1A_S65.faa
# 0 hits found
# BLASTN 2.9.0+
# Query: NC_011593.1:c2607314-2606418 Bifidobacterium longum subsp. infantis ATCC 15697, complete genome
# Database: db/blast_C0479_3F_1A_S65.faa
# 0 hits found
# BLASTN 2.9.0+
# Query: NC_011593.1:c2608249-2607458 Bifidobacterium longum subsp. infantis ATCC 15697, complete genome
# Database: db/blast_C0479_3F_1A_S65.faa
# Fields: query acc.ver, subject acc.ver, % identity, alignment length, mismatches, gap opens, q. start, q. end, s. start, s. end, evalue, bit score
# 6 hits found
NC_011593.1:c2608249-2607458	NB551033:76:HLGC3BGX5:1:22111:20126:6000:65#0/2	95.205	146	7	0	358	503	3	148	9.62e-59	231
NC_011593.1:c2608249-2607458	NB551033:76:HLGC3BGX5:4:22402:6604:9421:65#0/1	95.588	68	3	0	364	431	68	1	4.70e-22	110
NC_011593.1:c2608249-2607458	NB551033:76:HLGC3BGX5:4:12407:12795:9333:65#0/1	95.455	66	3	0	1	66	66	1	6.09e-21	106
NC_011593.1:c2608249-2607458	NB551033:76:HLGC3BGX5:4:23612:21345:14068:65#0/2	100.000	43	0	0	398	440	43	1	3.69e-13	80.5
NC_011593.1:c2608249-2607458	NB551033:76:HLGC3BGX5:4:23612:21345:14068:65#0/1	100.000	43	0	0	398	440	2	44	3.69e-13	80.5
NC_011593.1:c2608249-2607458	NB551033:76:HLGC3BGX5:2:13204:2518:19924:65#0/1	95.556	45	2	0	432	476	46	2	6.17e-11	73.1
# BLASTN 2.9.0+
# Query: NC_011593.1:c2609546-2608269 Bifidobacterium longum subsp. infantis ATCC 15697, complete genome
# Database: db/blast_C0479_3F_1A_S65.faa
# Fields: query acc.ver, subject acc.ver, % identity, alignment length, mismatches, gap opens, q. start, q. end, s. start, s. end, evalue, bit score
# 8 hits found
NC_011593.1:c2609546-2608269	NB551033:76:HLGC3BGX5:3:11611:7451:10860:65#0/2	95.333	150	7	0	1123	1272	1	150	9.30e-61	239
NC_011593.1:c2609546-2608269	NB551033:76:HLGC3BGX5:1:23202:12151:5825:65#0/2	95.333	150	7	0	945	1094	150	1	9.30e-61	239
NC_011593.1:c2609546-2608269	NB551033:76:HLGC3BGX5:1:23202:12151:5825:65#0/1	95.302	149	7	0	934	1082	1	149	3.34e-60	237
NC_011593.1:c2609546-2608269	NB551033:76:HLGC3BGX5:4:12407:12795:9333:65#0/2	95.370	108	5	0	1169	1276	1	108	9.57e-41	172
NC_011593.1:c2609546-2608269	NB551033:76:HLGC3BGX5:3:13602:14326:18798:65#0/2	95.604	91	4	0	1186	1276	1	91	5.80e-33	147
NC_011593.1:c2609546-2608269	NB551033:76:HLGC3BGX5:1:13108:21723:1581:65#0/2	98.684	76	1	0	890	965	1	76	1.26e-29	135
NC_011593.1:c2609546-2608269	NB551033:76:HLGC3BGX5:4:12407:12795:9333:65#0/1	97.015	67	2	0	1210	1276	150	84	5.88e-23	113
NC_011593.1:c2609546-2608269	NB551033:76:HLGC3BGX5:2:12104:7281:6978:65#0/1	98.333	60	1	0	1217	1276	150	91	9.84e-21	106
# BLASTN 2.9.0+
# Query: NC_011593.1:c2610356-2609697 Bifidobacterium longum subsp. infantis ATCC 15697, complete genome
# Database: db/blast_C0479_3F_1A_S65.faa
# 0 hits found
# BLASTN 2.9.0+
# Query: NC_011593.1:c2611458-2610496 Bifidobacterium longum subsp. infantis ATCC 15697, complete genome
# Database: db/blast_C0479_3F_1A_S65.faa
# 0 hits found
# BLASTN 2.9.0+
# Query: NC_011593.1:c2612430-2611477 Bifidobacterium longum subsp. infantis ATCC 15697, complete genome
# Database: db/blast_C0479_3F_1A_S65.faa
# 0 hits found
# BLASTN 2.9.0+
# Query: NC_011593.1:c2614109-2612517 Bifidobacterium longum subsp. infantis ATCC 15697, complete genome
# Database: db/blast_C0479_3F_1A_S65.faa
# 0 hits found
# BLASTN 2.9.0+
# Query: NC_011593.1:c2615274-2614312 Bifidobacterium longum subsp. infantis ATCC 15697, complete genome
# Database: db/blast_C0479_3F_1A_S65.faa
# 0 hits found
# BLASTN 2.9.0+
# Query: NC_011593.1:c2616246-2615293 Bifidobacterium longum subsp. infantis ATCC 15697, complete genome
# Database: db/blast_C0479_3F_1A_S65.faa
# 0 hits found
# BLASTN 2.9.0+
# Query: NC_011593.1:c2617928-2616333 Bifidobacterium longum subsp. infantis ATCC 15697, complete genome
# Database: db/blast_C0479_3F_1A_S65.faa
# 0 hits found
# BLASTN 2.9.0+
# Query: NC_011593.1:c2619247-2618063 Bifidobacterium longum subsp. infantis ATCC 15697, complete genome
# Database: db/blast_C0479_3F_1A_S65.faa
# 0 hits found
# BLASTN 2.9.0+
# Query: NC_011593.1:c2620369-2619413 Bifidobacterium longum subsp. infantis ATCC 15697, complete genome
# Database: db/blast_C0479_3F_1A_S65.faa
# 0 hits found
# BLASTN 2.9.0+
# Query: NC_011593.1:c2622143-2620551 Bifidobacterium longum subsp. infantis ATCC 15697, complete genome
# Database: db/blast_C0479_3F_1A_S65.faa
# 0 hits found
# BLASTN 2.9.0+
# Query: NC_011593.1:c2624124-2622520 Bifidobacterium longum subsp. infantis ATCC 15697, complete genome
# Database: db/blast_C0479_3F_1A_S65.faa
# 0 hits found
# BLASTN 2.9.0+
# Query: NC_011593.1:c2626110-2624512 Bifidobacterium longum subsp. infantis ATCC 15697, complete genome
# Database: db/blast_C0479_3F_1A_S65.faa
# 0 hits found
# BLASTN 2.9.0+
# Query: NC_011593.1:c2626386-2626264 Bifidobacterium longum subsp. infantis ATCC 15697, complete genome
# Database: db/blast_C0479_3F_1A_S65.faa
# 0 hits found
# BLASTN 2.9.0+
# Query: NC_011593.1:c2628158-2626563 Bifidobacterium longum subsp. infantis ATCC 15697, complete genome
# Database: db/blast_C0479_3F_1A_S65.faa
# 0 hits found
# BLASTN 2.9.0+
# Query: NC_011593.1:c2630269-2628314 Bifidobacterium longum subsp. infantis ATCC 15697, complete genome
# Database: db/blast_C0479_3F_1A_S65.faa
# 0 hits found
# BLASTN 2.9.0+
# Query: NC_011593.1:c2631106-2630366 Bifidobacterium longum subsp. infantis ATCC 15697, complete genome
# Database: db/blast_C0479_3F_1A_S65.faa
# 0 hits found
# BLASTN 2.9.0+
# Query: NC_011593.1:c2632432-2631140 Bifidobacterium longum subsp. infantis ATCC 15697, complete genome
# Database: db/blast_C0479_3F_1A_S65.faa
# 0 hits found
# BLASTN 2.9.0+
# Query: NC_011593.1:c2633881-2632562 Bifidobacterium longum subsp. infantis ATCC 15697, complete genome
# Database: db/blast_C0479_3F_1A_S65.faa
# 0 hits found
# BLASTN 2.9.0+
# Query: NC_011593.1:c2634683-2633865 Bifidobacterium longum subsp. infantis ATCC 15697, complete genome
# Database: db/blast_C0479_3F_1A_S65.faa
# 0 hits found
# BLASTN 2.9.0+
# Query: NC_011593.1:c2635627-2634680 Bifidobacterium longum subsp. infantis ATCC 15697, complete genome
# Database: db/blast_C0479_3F_1A_S65.faa
# 0 hits found
# BLASTN 2.9.0+
# Query: NC_011593.1:c2636747-2635629 Bifidobacterium longum subsp. infantis ATCC 15697, complete genome
# Database: db/blast_C0479_3F_1A_S65.faa
# 0 hits found
# BLAST processed 31 queries
