# BLASTN 2.9.0+
# Query: NC_011593.1:c2595355-2593832 Bifidobacterium longum subsp. infantis ATCC 15697, complete genome
# Database: db/blast_C0479-4F-1A_S25.faa
# Fields: query acc.ver, subject acc.ver, % identity, alignment length, mismatches, gap opens, q. start, q. end, s. start, s. end, evalue, bit score
# 138 hits found
NC_011593.1:c2595355-2593832	NB551033:137:HK33LBGX9:2:23210:16721:11337#0/2	99.338	151	1	0	364	514	151	1	3.30e-71	274
NC_011593.1:c2595355-2593832	NB551033:137:HK33LBGX9:3:23502:15495:8545#0/1	99.338	151	1	0	356	506	1	151	3.30e-71	274
NC_011593.1:c2595355-2593832	NB551033:137:HK33LBGX9:3:21501:19876:9753#0/1	99.338	151	1	0	991	1141	1	151	3.30e-71	274
NC_011593.1:c2595355-2593832	NB551033:137:HK33LBGX9:4:23506:14191:4615#0/2	99.333	150	1	0	939	1088	1	150	1.19e-70	272
NC_011593.1:c2595355-2593832	NB551033:137:HK33LBGX9:4:13606:2409:5834#0/2	99.333	150	1	0	986	1135	150	1	1.19e-70	272
NC_011593.1:c2595355-2593832	NB551033:137:HK33LBGX9:3:23502:15495:8545#0/2	99.333	150	1	0	360	509	150	1	1.19e-70	272
NC_011593.1:c2595355-2593832	NB551033:137:HK33LBGX9:3:21510:24165:5847#0/2	99.333	150	1	0	997	1146	1	150	1.19e-70	272
NC_011593.1:c2595355-2593832	NB551033:137:HK33LBGX9:3:21608:13418:3095#0/1	99.333	150	1	0	519	668	1	150	1.19e-70	272
NC_011593.1:c2595355-2593832	NB551033:137:HK33LBGX9:2:21303:3641:12240#0/1	99.333	150	1	0	366	515	1	150	1.19e-70	272
NC_011593.1:c2595355-2593832	NB551033:137:HK33LBGX9:2:22106:10218:6806#0/1	99.329	149	1	0	732	880	1	149	4.26e-70	270
NC_011593.1:c2595355-2593832	NB551033:137:HK33LBGX9:4:23603:26370:7878#0/2	98.675	151	2	0	1028	1178	151	1	1.53e-69	268
NC_011593.1:c2595355-2593832	NB551033:137:HK33LBGX9:4:12608:13675:4018#0/2	98.675	151	2	0	1181	1331	1	151	1.53e-69	268
NC_011593.1:c2595355-2593832	NB551033:137:HK33LBGX9:3:21501:19876:9753#0/2	98.675	151	2	0	1125	1275	151	1	1.53e-69	268
NC_011593.1:c2595355-2593832	NB551033:137:HK33LBGX9:4:23603:26370:7878#0/1	99.324	148	1	0	937	1084	1	148	1.53e-69	268
NC_011593.1:c2595355-2593832	NB551033:137:HK33LBGX9:4:13609:15956:4095#0/1	98.667	150	2	0	486	635	150	1	5.51e-69	267
NC_011593.1:c2595355-2593832	NB551033:137:HK33LBGX9:2:22112:24076:19538#0/1	98.667	150	2	0	540	689	1	150	5.51e-69	267
NC_011593.1:c2595355-2593832	NB551033:137:HK33LBGX9:1:21107:22031:5796#0/1	98.667	150	2	0	445	594	150	1	5.51e-69	267
NC_011593.1:c2595355-2593832	NB551033:137:HK33LBGX9:1:13305:26286:17545#0/1	98.667	150	2	0	715	864	150	1	5.51e-69	267
NC_011593.1:c2595355-2593832	NB551033:137:HK33LBGX9:4:13609:2912:13807#0/2	98.013	151	3	0	1219	1369	1	151	7.13e-68	263
NC_011593.1:c2595355-2593832	NB551033:137:HK33LBGX9:3:21608:13418:3095#0/2	98.013	151	3	0	802	952	151	1	7.13e-68	263
NC_011593.1:c2595355-2593832	NB551033:137:HK33LBGX9:3:21503:26144:13755#0/2	98.013	151	3	0	801	951	1	151	7.13e-68	263
NC_011593.1:c2595355-2593832	NB551033:137:HK33LBGX9:3:21411:9404:9205#0/2	98.013	151	3	0	705	855	151	1	7.13e-68	263
NC_011593.1:c2595355-2593832	NB551033:137:HK33LBGX9:3:11611:18440:14890#0/2	98.013	151	3	0	1068	1218	1	151	7.13e-68	263
NC_011593.1:c2595355-2593832	NB551033:137:HK33LBGX9:1:11302:7076:2590#0/2	98.013	151	3	0	780	930	151	1	7.13e-68	263
NC_011593.1:c2595355-2593832	NB551033:137:HK33LBGX9:2:22308:12311:19228#0/1	98.013	151	3	0	813	963	1	151	7.13e-68	263
NC_011593.1:c2595355-2593832	NB551033:137:HK33LBGX9:3:22603:19330:13500#0/2	98.000	150	3	0	394	543	150	1	2.57e-67	261
NC_011593.1:c2595355-2593832	NB551033:137:HK33LBGX9:2:22106:10218:6806#0/2	98.000	150	3	0	830	979	150	1	2.57e-67	261
NC_011593.1:c2595355-2593832	NB551033:137:HK33LBGX9:1:23106:6303:10434#0/2	98.000	150	3	0	501	650	1	150	2.57e-67	261
NC_011593.1:c2595355-2593832	NB551033:137:HK33LBGX9:4:13606:2409:5834#0/1	98.000	150	3	0	796	945	1	150	2.57e-67	261
NC_011593.1:c2595355-2593832	NB551033:137:HK33LBGX9:3:23508:6188:14792#0/1	98.000	150	3	0	1221	1370	1	150	2.57e-67	261
NC_011593.1:c2595355-2593832	NB551033:137:HK33LBGX9:3:21510:24165:5847#0/1	98.000	150	3	0	1033	1182	150	1	2.57e-67	261
NC_011593.1:c2595355-2593832	NB551033:137:HK33LBGX9:1:11306:15711:1619#0/2	99.301	143	1	0	372	514	1	143	9.23e-67	259
NC_011593.1:c2595355-2593832	NB551033:137:HK33LBGX9:1:11306:15711:1619#0/1	99.301	143	1	0	372	514	143	1	9.23e-67	259
NC_011593.1:c2595355-2593832	NB551033:137:HK33LBGX9:2:23112:8266:18163#0/2	98.621	145	2	0	896	1040	1	145	3.32e-66	257
NC_011593.1:c2595355-2593832	NB551033:137:HK33LBGX9:2:22308:12311:19228#0/2	97.351	151	4	0	857	1007	151	1	3.32e-66	257
NC_011593.1:c2595355-2593832	NB551033:137:HK33LBGX9:1:21107:22031:5796#0/2	97.368	152	3	1	111	262	1	151	3.32e-66	257
NC_011593.1:c2595355-2593832	NB551033:137:HK33LBGX9:3:21503:26144:13755#0/1	97.351	151	4	0	855	1005	151	1	3.32e-66	257
NC_011593.1:c2595355-2593832	NB551033:137:HK33LBGX9:2:23112:8266:18163#0/1	98.621	145	2	0	896	1040	145	1	3.32e-66	257
NC_011593.1:c2595355-2593832	NB551033:137:HK33LBGX9:2:22303:5196:7096#0/1	97.351	151	4	0	1308	1458	151	1	3.32e-66	257
NC_011593.1:c2595355-2593832	NB551033:137:HK33LBGX9:2:13305:26211:3585#0/1	97.351	151	4	0	686	836	151	1	3.32e-66	257
NC_011593.1:c2595355-2593832	NB551033:137:HK33LBGX9:2:13305:26211:3585#0/2	97.333	150	4	0	686	835	1	150	1.19e-65	255
NC_011593.1:c2595355-2593832	NB551033:137:HK33LBGX9:1:13305:26286:17545#0/2	97.333	150	4	0	686	835	1	150	1.19e-65	255
NC_011593.1:c2595355-2593832	NB551033:137:HK33LBGX9:1:13104:26814:4460#0/2	97.333	150	4	0	1258	1407	1	150	1.19e-65	255
NC_011593.1:c2595355-2593832	NB551033:137:HK33LBGX9:1:13103:1320:4451#0/2	97.333	150	4	0	1258	1407	1	150	1.19e-65	255
NC_011593.1:c2595355-2593832	NB551033:137:HK33LBGX9:3:21509:5864:19425#0/1	97.333	150	4	0	156	305	1	150	1.19e-65	255
NC_011593.1:c2595355-2593832	NB551033:137:HK33LBGX9:3:21411:9404:9205#0/1	97.333	150	4	0	685	834	1	150	1.19e-65	255
NC_011593.1:c2595355-2593832	NB551033:137:HK33LBGX9:2:23103:24430:14408#0/1	97.333	150	4	0	692	841	1	150	1.19e-65	255
NC_011593.1:c2595355-2593832	NB551033:137:HK33LBGX9:2:11309:20620:4234#0/1	97.333	150	4	0	145	294	1	150	1.19e-65	255
NC_011593.1:c2595355-2593832	NB551033:137:HK33LBGX9:4:13611:8019:16620#0/2	97.333	150	3	1	94	243	1	149	4.29e-65	254
NC_011593.1:c2595355-2593832	NB551033:137:HK33LBGX9:2:13104:9639:6368#0/2	97.945	146	3	0	884	1029	1	146	4.29e-65	254
NC_011593.1:c2595355-2593832	NB551033:137:HK33LBGX9:2:13104:9639:6368#0/1	97.945	146	3	0	884	1029	146	1	4.29e-65	254
NC_011593.1:c2595355-2593832	NB551033:137:HK33LBGX9:2:23112:13216:13392#0/2	97.931	145	3	0	1083	1227	145	1	1.54e-64	252
NC_011593.1:c2595355-2593832	NB551033:137:HK33LBGX9:2:13312:24483:5255#0/2	96.689	151	5	0	176	326	151	1	1.54e-64	252
NC_011593.1:c2595355-2593832	NB551033:137:HK33LBGX9:2:13207:19832:1924#0/2	96.689	151	5	0	1272	1422	1	151	1.54e-64	252
NC_011593.1:c2595355-2593832	NB551033:137:HK33LBGX9:1:13210:9461:14817#0/2	96.689	151	5	0	610	760	1	151	1.54e-64	252
NC_011593.1:c2595355-2593832	NB551033:137:HK33LBGX9:4:13612:21258:3719#0/1	96.689	151	5	0	694	844	151	1	1.54e-64	252
NC_011593.1:c2595355-2593832	NB551033:137:HK33LBGX9:2:23112:13216:13392#0/1	97.931	145	3	0	1083	1227	1	145	1.54e-64	252
NC_011593.1:c2595355-2593832	NB551033:137:HK33LBGX9:4:21405:6716:4073#0/2	97.917	144	3	0	1233	1376	1	144	5.55e-64	250
NC_011593.1:c2595355-2593832	NB551033:137:HK33LBGX9:3:22606:25357:7422#0/2	96.667	150	5	0	1284	1433	1	150	5.55e-64	250
NC_011593.1:c2595355-2593832	NB551033:137:HK33LBGX9:3:12606:15317:10603#0/2	96.667	150	5	0	175	324	1	150	5.55e-64	250
NC_011593.1:c2595355-2593832	NB551033:137:HK33LBGX9:2:22112:24076:19538#0/2	96.667	150	5	0	591	740	150	1	5.55e-64	250
NC_011593.1:c2595355-2593832	NB551033:137:HK33LBGX9:1:11310:13214:7909#0/2	96.689	151	4	1	87	237	150	1	5.55e-64	250
NC_011593.1:c2595355-2593832	NB551033:137:HK33LBGX9:4:13609:2912:13807#0/1	96.667	150	5	0	1298	1447	150	1	5.55e-64	250
NC_011593.1:c2595355-2593832	NB551033:137:HK33LBGX9:3:22603:19330:13500#0/1	96.667	150	5	0	329	478	1	150	5.55e-64	250
NC_011593.1:c2595355-2593832	NB551033:137:HK33LBGX9:3:12608:8185:7042#0/1	96.689	151	4	1	80	230	1	150	5.55e-64	250
NC_011593.1:c2595355-2593832	NB551033:137:HK33LBGX9:1:23211:10418:16316#0/2	96.644	149	5	0	188	336	150	2	2.00e-63	248
NC_011593.1:c2595355-2593832	NB551033:137:HK33LBGX9:3:11611:18440:14890#0/1	96.644	149	5	0	1274	1422	149	1	2.00e-63	248
NC_011593.1:c2595355-2593832	NB551033:137:HK33LBGX9:4:13609:15956:4095#0/2	96.053	152	5	1	64	215	1	151	7.18e-63	246
NC_011593.1:c2595355-2593832	NB551033:137:HK33LBGX9:3:21509:5864:19425#0/2	96.026	151	6	0	306	456	151	1	7.18e-63	246
NC_011593.1:c2595355-2593832	NB551033:137:HK33LBGX9:4:23506:14191:4615#0/1	97.241	145	4	0	1274	1418	147	3	7.18e-63	246
NC_011593.1:c2595355-2593832	NB551033:137:HK33LBGX9:3:23507:6610:17347#0/1	96.026	151	6	0	230	380	151	1	7.18e-63	246
NC_011593.1:c2595355-2593832	NB551033:137:HK33LBGX9:2:21306:13988:19133#0/1	96.026	151	6	0	625	775	1	151	7.18e-63	246
NC_011593.1:c2595355-2593832	NB551033:137:HK33LBGX9:2:11311:20822:15531#0/1	96.026	151	6	0	194	344	1	151	7.18e-63	246
NC_011593.1:c2595355-2593832	NB551033:137:HK33LBGX9:1:23106:6303:10434#0/1	96.026	151	6	0	583	733	151	1	7.18e-63	246
NC_011593.1:c2595355-2593832	NB551033:137:HK33LBGX9:1:21307:16829:4340#0/1	96.053	152	5	1	65	216	151	1	7.18e-63	246
NC_011593.1:c2595355-2593832	NB551033:137:HK33LBGX9:1:13210:9461:14817#0/1	96.026	151	6	0	644	794	151	1	7.18e-63	246
NC_011593.1:c2595355-2593832	NB551033:137:HK33LBGX9:1:12305:6549:18304#0/1	96.026	151	6	0	625	775	1	151	7.18e-63	246
NC_011593.1:c2595355-2593832	NB551033:137:HK33LBGX9:3:12608:8185:7042#0/2	96.000	150	6	0	288	437	150	1	2.58e-62	244
NC_011593.1:c2595355-2593832	NB551033:137:HK33LBGX9:2:23312:4051:13716#0/2	96.000	150	6	0	192	341	150	1	2.58e-62	244
NC_011593.1:c2595355-2593832	NB551033:137:HK33LBGX9:2:21306:13988:19133#0/2	96.000	150	6	0	662	811	150	1	2.58e-62	244
NC_011593.1:c2595355-2593832	NB551033:137:HK33LBGX9:2:21303:3641:12240#0/2	96.000	150	6	0	660	809	150	1	2.58e-62	244
NC_011593.1:c2595355-2593832	NB551033:137:HK33LBGX9:2:11311:20822:15531#0/2	96.000	150	6	0	304	453	150	1	2.58e-62	244
NC_011593.1:c2595355-2593832	NB551033:137:HK33LBGX9:1:12305:6549:18304#0/2	96.000	150	6	0	655	804	150	1	2.58e-62	244
NC_011593.1:c2595355-2593832	NB551033:137:HK33LBGX9:2:23312:4051:13716#0/1	96.026	151	5	1	65	215	1	150	2.58e-62	244
NC_011593.1:c2595355-2593832	NB551033:137:HK33LBGX9:2:13312:24483:5255#0/1	97.241	145	3	1	94	238	1	144	2.58e-62	244
NC_011593.1:c2595355-2593832	NB551033:137:HK33LBGX9:3:12606:15317:10603#0/1	95.973	149	6	0	289	437	149	1	9.29e-62	243
NC_011593.1:c2595355-2593832	NB551033:137:HK33LBGX9:1:11302:7076:2590#0/1	95.973	149	6	0	616	764	1	149	9.29e-62	243
NC_011593.1:c2595355-2593832	NB551033:137:HK33LBGX9:4:12605:17524:8437#0/2	95.364	151	7	0	214	364	151	1	3.34e-61	241
NC_011593.1:c2595355-2593832	NB551033:137:HK33LBGX9:2:11309:20620:4234#0/2	95.364	151	7	0	224	374	151	1	3.34e-61	241
NC_011593.1:c2595355-2593832	NB551033:137:HK33LBGX9:1:21307:16829:4340#0/2	96.575	146	4	1	52	197	6	150	3.34e-61	241
NC_011593.1:c2595355-2593832	NB551033:137:HK33LBGX9:4:13611:8019:16620#0/1	95.364	151	7	0	214	364	151	1	3.34e-61	241
NC_011593.1:c2595355-2593832	NB551033:137:HK33LBGX9:4:11502:21234:12903#0/1	95.364	151	7	0	223	373	1	151	3.34e-61	241
NC_011593.1:c2595355-2593832	NB551033:137:HK33LBGX9:4:11502:21234:12903#0/2	95.333	150	7	0	231	380	150	1	1.20e-60	239
NC_011593.1:c2595355-2593832	NB551033:137:HK33LBGX9:4:21505:22034:6852#0/2	98.462	130	2	0	399	528	1	130	7.23e-58	230
NC_011593.1:c2595355-2593832	NB551033:137:HK33LBGX9:4:21505:22034:6852#0/1	98.462	130	2	0	399	528	130	1	7.23e-58	230
NC_011593.1:c2595355-2593832	NB551033:137:HK33LBGX9:4:13612:21258:3719#0/2	98.413	126	2	0	488	613	1	126	1.21e-55	222
NC_011593.1:c2595355-2593832	NB551033:137:HK33LBGX9:4:22603:16322:2676#0/1	98.413	126	2	0	429	554	1	126	1.21e-55	222
NC_011593.1:c2595355-2593832	NB551033:137:HK33LBGX9:4:22603:16322:2676#0/2	97.619	126	3	0	429	554	126	1	5.63e-54	217
NC_011593.1:c2595355-2593832	NB551033:137:HK33LBGX9:2:22303:5196:7096#0/2	95.276	127	6	0	1178	1304	1	127	1.58e-49	202
NC_011593.1:c2595355-2593832	NB551033:137:HK33LBGX9:4:21503:7049:8442#0/2	95.238	126	6	0	662	787	1	126	5.67e-49	200
NC_011593.1:c2595355-2593832	NB551033:137:HK33LBGX9:4:21503:7049:8442#0/1	95.238	126	6	0	662	787	126	1	5.67e-49	200
NC_011593.1:c2595355-2593832	NB551033:137:HK33LBGX9:3:13612:12697:19888#0/1	98.230	113	2	0	1258	1370	1	113	2.04e-48	198
NC_011593.1:c2595355-2593832	NB551033:137:HK33LBGX9:2:23103:24430:14408#0/2	97.391	115	3	0	957	1071	115	1	7.34e-48	196
NC_011593.1:c2595355-2593832	NB551033:137:HK33LBGX9:1:11301:2291:14965#0/2	95.833	120	5	0	318	437	120	1	2.64e-47	195
NC_011593.1:c2595355-2593832	NB551033:137:HK33LBGX9:1:11301:2291:14965#0/1	95.833	120	5	0	318	437	1	120	2.64e-47	195
NC_011593.1:c2595355-2593832	NB551033:137:HK33LBGX9:4:22605:1145:14393#0/2	97.297	111	3	0	1136	1246	1	111	1.23e-45	189
NC_011593.1:c2595355-2593832	NB551033:137:HK33LBGX9:4:22604:26670:14398#0/2	97.297	111	3	0	1136	1246	1	111	1.23e-45	189
NC_011593.1:c2595355-2593832	NB551033:137:HK33LBGX9:4:22605:1145:14393#0/1	97.297	111	3	0	1136	1246	111	1	1.23e-45	189
NC_011593.1:c2595355-2593832	NB551033:137:HK33LBGX9:4:22604:26670:14398#0/1	97.297	111	3	0	1136	1246	111	1	1.23e-45	189
NC_011593.1:c2595355-2593832	NB551033:137:HK33LBGX9:4:12608:13675:4018#0/1	97.143	105	3	0	1366	1470	150	46	2.66e-42	178
NC_011593.1:c2595355-2593832	NB551033:137:HK33LBGX9:2:11105:22771:16355#0/1	97.087	103	3	0	1368	1470	150	48	3.44e-41	174
NC_011593.1:c2595355-2593832	NB551033:137:HK33LBGX9:1:22107:4154:16640#0/2	97.030	101	3	0	1299	1399	1	101	4.45e-40	171
NC_011593.1:c2595355-2593832	NB551033:137:HK33LBGX9:1:22107:4154:16640#0/1	97.030	101	3	0	1299	1399	101	1	4.45e-40	171
NC_011593.1:c2595355-2593832	NB551033:137:HK33LBGX9:4:11408:24575:10716#0/2	98.901	91	1	0	1032	1122	1	91	7.44e-38	163
NC_011593.1:c2595355-2593832	NB551033:137:HK33LBGX9:3:12605:23175:20138#0/2	95.960	99	3	1	52	150	98	1	9.63e-37	159
NC_011593.1:c2595355-2593832	NB551033:137:HK33LBGX9:2:23212:7299:4109#0/2	100.000	86	0	0	779	864	1	86	9.63e-37	159
NC_011593.1:c2595355-2593832	NB551033:137:HK33LBGX9:2:11105:22771:16355#0/2	98.876	89	1	0	1200	1288	1	89	9.63e-37	159
NC_011593.1:c2595355-2593832	NB551033:137:HK33LBGX9:3:12605:23175:20138#0/1	95.960	99	3	1	52	150	6	103	9.63e-37	159
NC_011593.1:c2595355-2593832	NB551033:137:HK33LBGX9:2:23212:7299:4109#0/1	100.000	86	0	0	779	864	86	1	9.63e-37	159
NC_011593.1:c2595355-2593832	NB551033:137:HK33LBGX9:4:13611:9826:1660#0/2	97.727	88	2	0	1127	1214	88	1	1.61e-34	152
NC_011593.1:c2595355-2593832	NB551033:137:HK33LBGX9:3:22506:18046:12160#0/2	97.727	88	2	0	1122	1209	1	88	1.61e-34	152
NC_011593.1:c2595355-2593832	NB551033:137:HK33LBGX9:1:21112:24343:17708#0/2	97.727	88	2	0	1301	1388	88	1	1.61e-34	152
NC_011593.1:c2595355-2593832	NB551033:137:HK33LBGX9:4:13611:9826:1660#0/1	97.727	88	2	0	1127	1214	1	88	1.61e-34	152
NC_011593.1:c2595355-2593832	NB551033:137:HK33LBGX9:3:22506:18046:12160#0/1	97.727	88	2	0	1122	1209	88	1	1.61e-34	152
NC_011593.1:c2595355-2593832	NB551033:137:HK33LBGX9:1:22210:14159:9670#0/1	96.703	91	3	0	1380	1470	1	91	1.61e-34	152
NC_011593.1:c2595355-2593832	NB551033:137:HK33LBGX9:1:21112:24343:17708#0/1	97.727	88	2	0	1301	1388	1	88	1.61e-34	152
NC_011593.1:c2595355-2593832	NB551033:137:HK33LBGX9:1:13104:26814:4460#0/1	96.667	90	3	0	1381	1470	150	61	5.79e-34	150
NC_011593.1:c2595355-2593832	NB551033:137:HK33LBGX9:1:13103:1320:4451#0/1	96.667	90	3	0	1381	1470	150	61	5.79e-34	150
NC_011593.1:c2595355-2593832	NB551033:137:HK33LBGX9:2:12105:6112:11937#0/2	100.000	74	0	0	560	633	74	1	4.51e-30	137
NC_011593.1:c2595355-2593832	NB551033:137:HK33LBGX9:2:12105:6112:11937#0/1	100.000	74	0	0	560	633	1	74	4.51e-30	137
NC_011593.1:c2595355-2593832	NB551033:137:HK33LBGX9:4:11509:6979:11050#0/2	98.684	76	1	0	446	521	1	76	1.62e-29	135
NC_011593.1:c2595355-2593832	NB551033:137:HK33LBGX9:4:11509:6979:11050#0/1	98.684	76	1	0	446	521	76	1	1.62e-29	135
NC_011593.1:c2595355-2593832	NB551033:137:HK33LBGX9:2:13302:8086:15768#0/1	97.368	76	2	0	1395	1470	1	76	7.55e-28	130
NC_011593.1:c2595355-2593832	NB551033:137:HK33LBGX9:3:22606:25357:7422#0/1	97.333	75	2	0	1396	1470	149	75	2.71e-27	128
NC_011593.1:c2595355-2593832	NB551033:137:HK33LBGX9:4:21506:18769:17204#0/1	98.485	66	1	0	1405	1470	2	67	5.88e-24	117
NC_011593.1:c2595355-2593832	NB551033:137:HK33LBGX9:4:12412:23159:12577#0/1	98.305	59	1	0	1412	1470	1	59	4.57e-20	104
NC_011593.1:c2595355-2593832	NB551033:137:HK33LBGX9:2:13105:1454:11365#0/1	98.305	59	1	0	1412	1470	1	59	4.57e-20	104
NC_011593.1:c2595355-2593832	NB551033:137:HK33LBGX9:1:22210:14159:9670#0/2	100.000	31	0	0	1440	1470	150	120	3.61e-06	58.4
# BLASTN 2.9.0+
# Query: NC_011593.1:c2597106-2595574 Bifidobacterium longum subsp. infantis ATCC 15697, complete genome
# Database: db/blast_C0479-4F-1A_S25.faa
# Fields: query acc.ver, subject acc.ver, % identity, alignment length, mismatches, gap opens, q. start, q. end, s. start, s. end, evalue, bit score
# 27 hits found
NC_011593.1:c2597106-2595574	NB551033:137:HK33LBGX9:3:22603:19330:13500#0/2	95.804	143	6	0	398	540	146	4	2.02e-58	231
NC_011593.1:c2597106-2595574	NB551033:137:HK33LBGX9:4:21505:22034:6852#0/2	96.154	130	5	0	399	528	1	130	7.33e-53	213
NC_011593.1:c2597106-2595574	NB551033:137:HK33LBGX9:4:21505:22034:6852#0/1	96.154	130	5	0	399	528	130	1	7.33e-53	213
NC_011593.1:c2597106-2595574	NB551033:137:HK33LBGX9:3:23507:6610:17347#0/2	95.935	123	5	0	1	123	28	150	5.71e-49	200
NC_011593.1:c2597106-2595574	NB551033:137:HK33LBGX9:2:13303:7270:14995#0/2	95.902	122	5	0	1	122	122	1	2.05e-48	198
NC_011593.1:c2597106-2595574	NB551033:137:HK33LBGX9:2:13303:7270:14995#0/1	95.902	122	5	0	1	122	17	138	2.05e-48	198
NC_011593.1:c2597106-2595574	NB551033:137:HK33LBGX9:4:12605:17524:8437#0/2	95.000	120	6	0	214	333	151	32	1.24e-45	189
NC_011593.1:c2597106-2595574	NB551033:137:HK33LBGX9:4:13611:8019:16620#0/1	95.000	120	6	0	214	333	151	32	1.24e-45	189
NC_011593.1:c2597106-2595574	NB551033:137:HK33LBGX9:2:11311:20822:15531#0/1	95.726	117	5	0	214	330	21	137	1.24e-45	189
NC_011593.1:c2597106-2595574	NB551033:137:HK33LBGX9:4:12605:17524:8437#0/1	95.283	106	5	0	1	106	45	150	1.61e-39	169
NC_011593.1:c2597106-2595574	NB551033:137:HK33LBGX9:4:22405:25317:12932#0/2	95.098	102	5	0	1	102	102	1	2.69e-37	161
NC_011593.1:c2597106-2595574	NB551033:137:HK33LBGX9:2:12209:8986:1430#0/2	98.765	81	1	0	1	81	82	2	2.71e-32	145
NC_011593.1:c2597106-2595574	NB551033:137:HK33LBGX9:4:22405:25317:12932#0/1	98.765	81	1	0	1	81	66	146	2.71e-32	145
NC_011593.1:c2597106-2595574	NB551033:137:HK33LBGX9:3:21512:23131:19868#0/2	100.000	72	0	0	1	72	72	1	5.87e-29	134
NC_011593.1:c2597106-2595574	NB551033:137:HK33LBGX9:2:13302:8086:15768#0/1	97.368	76	2	0	1395	1470	1	76	7.59e-28	130
NC_011593.1:c2597106-2595574	NB551033:137:HK33LBGX9:3:22606:25357:7422#0/1	97.333	75	2	0	1396	1470	149	75	2.73e-27	128
NC_011593.1:c2597106-2595574	NB551033:137:HK33LBGX9:4:11509:6979:11050#0/2	95.946	74	3	0	446	519	1	74	4.57e-25	121
NC_011593.1:c2597106-2595574	NB551033:137:HK33LBGX9:4:11509:6979:11050#0/1	95.946	74	3	0	446	519	76	3	4.57e-25	121
NC_011593.1:c2597106-2595574	NB551033:137:HK33LBGX9:4:21506:18769:17204#0/1	98.485	66	1	0	1405	1470	2	67	5.91e-24	117
NC_011593.1:c2597106-2595574	NB551033:137:HK33LBGX9:4:12412:23159:12577#0/1	98.305	59	1	0	1412	1470	1	59	4.60e-20	104
NC_011593.1:c2597106-2595574	NB551033:137:HK33LBGX9:2:13105:1454:11365#0/1	98.305	59	1	0	1412	1470	1	59	4.60e-20	104
NC_011593.1:c2597106-2595574	NB551033:137:HK33LBGX9:3:11610:18051:2294#0/1	100.000	55	0	0	1	55	55	1	1.66e-19	102
NC_011593.1:c2597106-2595574	NB551033:137:HK33LBGX9:4:11510:12217:4093#0/2	100.000	50	0	0	1	50	50	1	9.96e-17	93.5
NC_011593.1:c2597106-2595574	NB551033:137:HK33LBGX9:4:11510:12217:4093#0/1	100.000	50	0	0	1	50	73	122	9.96e-17	93.5
NC_011593.1:c2597106-2595574	NB551033:137:HK33LBGX9:2:23209:22391:14684#0/1	100.000	50	0	0	1	50	50	1	9.96e-17	93.5
NC_011593.1:c2597106-2595574	NB551033:137:HK33LBGX9:2:23209:22391:14684#0/2	100.000	47	0	0	1	47	105	151	4.64e-15	87.9
NC_011593.1:c2597106-2595574	NB551033:137:HK33LBGX9:1:22210:14159:9670#0/2	100.000	31	0	0	1440	1470	150	120	3.63e-06	58.4
# BLASTN 2.9.0+
# Query: NC_011593.1:c2598562-2597207 Bifidobacterium longum subsp. infantis ATCC 15697, complete genome
# Database: db/blast_C0479-4F-1A_S25.faa
# Fields: query acc.ver, subject acc.ver, % identity, alignment length, mismatches, gap opens, q. start, q. end, s. start, s. end, evalue, bit score
# 18 hits found
NC_011593.1:c2598562-2597207	NB551033:137:HK33LBGX9:4:12401:10299:1508#0/2	100.000	151	0	0	533	683	1	151	6.29e-73	279
NC_011593.1:c2598562-2597207	NB551033:137:HK33LBGX9:1:23202:8317:8495#0/2	100.000	151	0	0	237	387	1	151	6.29e-73	279
NC_011593.1:c2598562-2597207	NB551033:137:HK33LBGX9:1:23202:8317:8495#0/1	100.000	151	0	0	335	485	151	1	6.29e-73	279
NC_011593.1:c2598562-2597207	NB551033:137:HK33LBGX9:4:23604:16302:13022#0/2	100.000	150	0	0	645	794	1	150	2.26e-72	278
NC_011593.1:c2598562-2597207	NB551033:137:HK33LBGX9:4:22602:15517:12458#0/2	100.000	150	0	0	753	902	150	1	2.26e-72	278
NC_011593.1:c2598562-2597207	NB551033:137:HK33LBGX9:4:22602:15517:12458#0/1	100.000	150	0	0	413	562	1	150	2.26e-72	278
NC_011593.1:c2598562-2597207	NB551033:137:HK33LBGX9:4:12401:10299:1508#0/1	100.000	150	0	0	579	728	150	1	2.26e-72	278
NC_011593.1:c2598562-2597207	NB551033:137:HK33LBGX9:1:22303:10688:1407#0/1	100.000	150	0	0	477	626	1	150	2.26e-72	278
NC_011593.1:c2598562-2597207	NB551033:137:HK33LBGX9:1:22303:10688:1407#0/2	100.000	149	0	0	495	643	149	1	8.13e-72	276
NC_011593.1:c2598562-2597207	NB551033:137:HK33LBGX9:4:23604:16302:13022#0/1	100.000	149	0	0	820	968	149	1	8.13e-72	276
NC_011593.1:c2598562-2597207	NB551033:137:HK33LBGX9:4:21402:26517:10303#0/2	100.000	145	0	0	295	439	1	145	1.36e-69	268
NC_011593.1:c2598562-2597207	NB551033:137:HK33LBGX9:2:22305:10692:14431#0/1	100.000	114	0	0	540	653	114	1	2.33e-52	211
NC_011593.1:c2598562-2597207	NB551033:137:HK33LBGX9:1:23304:10614:17631#0/2	100.000	111	0	0	1001	1111	111	1	1.08e-50	206
NC_011593.1:c2598562-2597207	NB551033:137:HK33LBGX9:1:23304:10614:17631#0/1	100.000	111	0	0	1001	1111	1	111	1.08e-50	206
NC_011593.1:c2598562-2597207	NB551033:137:HK33LBGX9:2:22305:10692:14431#0/2	100.000	91	0	0	138	228	60	150	1.42e-39	169
NC_011593.1:c2598562-2597207	NB551033:137:HK33LBGX9:2:21102:6517:9234#0/1	100.000	88	0	0	566	653	1	88	6.61e-38	163
NC_011593.1:c2598562-2597207	NB551033:137:HK33LBGX9:2:21102:6517:9234#0/2	100.000	77	0	0	577	653	77	1	8.61e-32	143
NC_011593.1:c2598562-2597207	NB551033:137:HK33LBGX9:4:21402:26517:10303#0/1	100.000	77	0	0	498	574	77	1	8.61e-32	143
# BLASTN 2.9.0+
# Query: NC_011593.1:2598858-2601929 Bifidobacterium longum subsp. infantis ATCC 15697, complete genome
# Database: db/blast_C0479-4F-1A_S25.faa
# Fields: query acc.ver, subject acc.ver, % identity, alignment length, mismatches, gap opens, q. start, q. end, s. start, s. end, evalue, bit score
# 312 hits found
NC_011593.1:2598858-2601929	NB551033:137:HK33LBGX9:4:21609:5182:16299#0/2	100.000	151	0	0	1733	1883	151	1	1.43e-72	279
NC_011593.1:2598858-2601929	NB551033:137:HK33LBGX9:4:21604:4729:5987#0/2	100.000	151	0	0	1589	1739	1	151	1.43e-72	279
NC_011593.1:2598858-2601929	NB551033:137:HK33LBGX9:3:21406:13428:2558#0/2	100.000	151	0	0	976	1126	1	151	1.43e-72	279
NC_011593.1:2598858-2601929	NB551033:137:HK33LBGX9:2:13303:9786:14951#0/2	100.000	151	0	0	1952	2102	1	151	1.43e-72	279
NC_011593.1:2598858-2601929	NB551033:137:HK33LBGX9:4:12408:17508:17367#0/1	100.000	151	0	0	1718	1868	151	1	1.43e-72	279
NC_011593.1:2598858-2601929	NB551033:137:HK33LBGX9:4:12401:20997:17792#0/1	100.000	151	0	0	905	1055	151	1	1.43e-72	279
NC_011593.1:2598858-2601929	NB551033:137:HK33LBGX9:3:21510:3511:3519#0/1	100.000	151	0	0	1721	1871	151	1	1.43e-72	279
NC_011593.1:2598858-2601929	NB551033:137:HK33LBGX9:2:23307:24052:4933#0/1	100.000	151	0	0	1718	1868	151	1	1.43e-72	279
NC_011593.1:2598858-2601929	NB551033:137:HK33LBGX9:2:22201:20218:18560#0/1	100.000	151	0	0	2427	2577	151	1	1.43e-72	279
NC_011593.1:2598858-2601929	NB551033:137:HK33LBGX9:1:23209:8971:7888#0/1	100.000	151	0	0	1900	2050	1	151	1.43e-72	279
NC_011593.1:2598858-2601929	NB551033:137:HK33LBGX9:4:12505:6382:9737#0/2	100.000	150	0	0	2398	2547	150	1	5.14e-72	278
NC_011593.1:2598858-2601929	NB551033:137:HK33LBGX9:4:12408:17508:17367#0/2	100.000	150	0	0	1580	1729	1	150	5.14e-72	278
NC_011593.1:2598858-2601929	NB551033:137:HK33LBGX9:3:12506:5809:6476#0/2	100.000	150	0	0	1939	2088	150	1	5.14e-72	278
NC_011593.1:2598858-2601929	NB551033:137:HK33LBGX9:2:22305:14926:8143#0/2	100.000	150	0	0	1918	2067	1	150	5.14e-72	278
NC_011593.1:2598858-2601929	NB551033:137:HK33LBGX9:2:11205:17686:10960#0/2	100.000	150	0	0	1951	2100	1	150	5.14e-72	278
NC_011593.1:2598858-2601929	NB551033:137:HK33LBGX9:1:23205:2984:6513#0/2	100.000	150	0	0	901	1050	150	1	5.14e-72	278
NC_011593.1:2598858-2601929	NB551033:137:HK33LBGX9:4:21604:4729:5987#0/1	100.000	150	0	0	1645	1794	150	1	5.14e-72	278
NC_011593.1:2598858-2601929	NB551033:137:HK33LBGX9:4:13410:6556:10920#0/1	100.000	150	0	0	1562	1711	150	1	5.14e-72	278
NC_011593.1:2598858-2601929	NB551033:137:HK33LBGX9:2:22212:10739:19806#0/1	100.000	150	0	0	1677	1826	1	150	5.14e-72	278
NC_011593.1:2598858-2601929	NB551033:137:HK33LBGX9:3:12509:25771:6331#0/1	100.000	149	0	0	1601	1749	1	149	1.85e-71	276
NC_011593.1:2598858-2601929	NB551033:137:HK33LBGX9:2:21210:13867:1419#0/1	100.000	149	0	0	905	1053	149	1	1.85e-71	276
NC_011593.1:2598858-2601929	NB551033:137:HK33LBGX9:4:11402:13953:18511#0/2	99.338	151	1	0	115	265	1	151	6.64e-71	274
NC_011593.1:2598858-2601929	NB551033:137:HK33LBGX9:3:12509:25771:6331#0/2	100.000	148	0	0	1684	1831	148	1	6.64e-71	274
NC_011593.1:2598858-2601929	NB551033:137:HK33LBGX9:2:23307:24052:4933#0/2	100.000	148	0	0	1713	1860	1	148	6.64e-71	274
NC_011593.1:2598858-2601929	NB551033:137:HK33LBGX9:3:23606:4596:6632#0/1	99.338	151	1	0	2741	2891	1	151	6.64e-71	274
NC_011593.1:2598858-2601929	NB551033:137:HK33LBGX9:3:21406:13428:2558#0/1	99.338	151	1	0	1096	1246	151	1	6.64e-71	274
NC_011593.1:2598858-2601929	NB551033:137:HK33LBGX9:2:11203:16570:6469#0/1	99.338	151	1	0	292	442	1	151	6.64e-71	274
NC_011593.1:2598858-2601929	NB551033:137:HK33LBGX9:1:23209:6485:9052#0/1	99.338	151	1	0	128	278	151	1	6.64e-71	274
NC_011593.1:2598858-2601929	NB551033:137:HK33LBGX9:1:23102:7247:15173#0/1	99.338	151	1	0	1875	2025	151	1	6.64e-71	274
NC_011593.1:2598858-2601929	NB551033:137:HK33LBGX9:1:13312:13849:17932#0/1	99.338	151	1	0	1860	2010	1	151	6.64e-71	274
NC_011593.1:2598858-2601929	NB551033:137:HK33LBGX9:4:11508:18957:9888#0/2	99.333	150	1	0	278	427	150	1	2.39e-70	272
NC_011593.1:2598858-2601929	NB551033:137:HK33LBGX9:3:13506:25128:14535#0/2	99.333	150	1	0	307	456	150	1	2.39e-70	272
NC_011593.1:2598858-2601929	NB551033:137:HK33LBGX9:3:13501:24050:9678#0/2	99.333	150	1	0	2398	2547	150	1	2.39e-70	272
NC_011593.1:2598858-2601929	NB551033:137:HK33LBGX9:2:13102:7911:17105#0/2	99.333	150	1	0	2225	2374	1	150	2.39e-70	272
NC_011593.1:2598858-2601929	NB551033:137:HK33LBGX9:1:11312:6589:6996#0/2	99.333	150	1	0	1913	2062	1	150	2.39e-70	272
NC_011593.1:2598858-2601929	NB551033:137:HK33LBGX9:4:23610:22210:8712#0/1	100.000	147	0	0	2400	2546	147	1	2.39e-70	272
NC_011593.1:2598858-2601929	NB551033:137:HK33LBGX9:3:13506:25128:14535#0/1	99.333	150	1	0	300	449	1	150	2.39e-70	272
NC_011593.1:2598858-2601929	NB551033:137:HK33LBGX9:3:12506:5809:6476#0/1	99.333	150	1	0	1824	1973	1	150	2.39e-70	272
NC_011593.1:2598858-2601929	NB551033:137:HK33LBGX9:2:22305:14926:8143#0/1	99.333	150	1	0	2200	2349	150	1	2.39e-70	272
NC_011593.1:2598858-2601929	NB551033:137:HK33LBGX9:2:13209:11150:5620#0/1	99.333	150	1	0	2398	2547	150	1	2.39e-70	272
NC_011593.1:2598858-2601929	NB551033:137:HK33LBGX9:2:11205:17686:10960#0/1	99.333	150	1	0	2006	2155	150	1	2.39e-70	272
NC_011593.1:2598858-2601929	NB551033:137:HK33LBGX9:4:23505:16192:5366#0/2	100.000	146	0	0	2392	2537	146	1	8.59e-70	270
NC_011593.1:2598858-2601929	NB551033:137:HK33LBGX9:2:23310:26723:12464#0/2	99.329	149	1	0	148	296	149	1	8.59e-70	270
NC_011593.1:2598858-2601929	NB551033:137:HK33LBGX9:2:23309:1165:12458#0/2	99.329	149	1	0	148	296	149	1	8.59e-70	270
NC_011593.1:2598858-2601929	NB551033:137:HK33LBGX9:1:22312:20686:6273#0/2	99.329	149	1	0	2213	2361	1	149	8.59e-70	270
NC_011593.1:2598858-2601929	NB551033:137:HK33LBGX9:1:11301:12269:7438#0/2	99.329	149	1	0	1824	1972	1	149	8.59e-70	270
NC_011593.1:2598858-2601929	NB551033:137:HK33LBGX9:3:22609:18308:4002#0/1	99.329	149	1	0	171	319	149	1	8.59e-70	270
NC_011593.1:2598858-2601929	NB551033:137:HK33LBGX9:1:23308:1970:17411#0/1	100.000	146	0	0	2392	2537	146	1	8.59e-70	270
NC_011593.1:2598858-2601929	NB551033:137:HK33LBGX9:4:23512:10510:9731#0/2	98.675	151	2	0	1076	1226	1	151	3.09e-69	268
NC_011593.1:2598858-2601929	NB551033:137:HK33LBGX9:3:12511:4428:10724#0/2	98.675	151	2	0	2762	2912	151	1	3.09e-69	268
NC_011593.1:2598858-2601929	NB551033:137:HK33LBGX9:3:11503:1129:6742#0/2	98.675	151	2	0	143	293	1	151	3.09e-69	268
NC_011593.1:2598858-2601929	NB551033:137:HK33LBGX9:2:13210:19732:12114#0/2	98.684	152	1	1	355	506	1	151	3.09e-69	268
NC_011593.1:2598858-2601929	NB551033:137:HK33LBGX9:2:13209:11150:5620#0/2	98.675	151	2	0	2134	2284	1	151	3.09e-69	268
NC_011593.1:2598858-2601929	NB551033:137:HK33LBGX9:2:12302:13030:2055#0/2	98.675	151	2	0	597	747	151	1	3.09e-69	268
NC_011593.1:2598858-2601929	NB551033:137:HK33LBGX9:1:23209:6485:9052#0/2	98.675	151	2	0	94	244	1	151	3.09e-69	268
NC_011593.1:2598858-2601929	NB551033:137:HK33LBGX9:4:21609:5182:16299#0/1	98.675	151	2	0	1492	1642	1	151	3.09e-69	268
NC_011593.1:2598858-2601929	NB551033:137:HK33LBGX9:3:11602:11446:12660#0/1	98.675	151	2	0	117	267	151	1	3.09e-69	268
NC_011593.1:2598858-2601929	NB551033:137:HK33LBGX9:2:23310:26723:12464#0/1	98.675	151	2	0	58	208	1	151	3.09e-69	268
NC_011593.1:2598858-2601929	NB551033:137:HK33LBGX9:2:23309:1165:12458#0/1	98.675	151	2	0	58	208	1	151	3.09e-69	268
NC_011593.1:2598858-2601929	NB551033:137:HK33LBGX9:2:22209:17153:17207#0/1	98.675	151	2	0	1364	1514	1	151	3.09e-69	268
NC_011593.1:2598858-2601929	NB551033:137:HK33LBGX9:2:22109:14836:18509#0/1	98.675	151	2	0	614	764	1	151	3.09e-69	268
NC_011593.1:2598858-2601929	NB551033:137:HK33LBGX9:2:11210:10523:4696#0/1	98.675	151	2	0	1035	1185	151	1	3.09e-69	268
NC_011593.1:2598858-2601929	NB551033:137:HK33LBGX9:1:21107:13925:5424#0/1	98.675	151	2	0	1481	1631	151	1	3.09e-69	268
NC_011593.1:2598858-2601929	NB551033:137:HK33LBGX9:1:11203:14574:3121#0/1	98.684	152	1	1	343	494	151	1	3.09e-69	268
NC_011593.1:2598858-2601929	NB551033:137:HK33LBGX9:1:11101:26310:16664#0/1	98.675	151	2	0	657	807	151	1	3.09e-69	268
NC_011593.1:2598858-2601929	NB551033:137:HK33LBGX9:4:23610:22210:8712#0/2	98.667	150	2	0	2147	2296	1	150	1.11e-68	267
NC_011593.1:2598858-2601929	NB551033:137:HK33LBGX9:4:13410:6556:10920#0/2	98.667	150	2	0	1364	1513	1	150	1.11e-68	267
NC_011593.1:2598858-2601929	NB551033:137:HK33LBGX9:4:12511:18384:19600#0/2	98.667	150	2	0	622	771	150	1	1.11e-68	267
NC_011593.1:2598858-2601929	NB551033:137:HK33LBGX9:4:11609:24218:6387#0/2	98.667	150	2	0	131	280	1	150	1.11e-68	267
NC_011593.1:2598858-2601929	NB551033:137:HK33LBGX9:4:11512:20842:3464#0/2	98.667	150	2	0	2237	2386	150	1	1.11e-68	267
NC_011593.1:2598858-2601929	NB551033:137:HK33LBGX9:3:23606:4596:6632#0/2	98.667	150	2	0	2798	2947	150	1	1.11e-68	267
NC_011593.1:2598858-2601929	NB551033:137:HK33LBGX9:3:22609:18308:4002#0/2	98.667	150	2	0	81	230	1	150	1.11e-68	267
NC_011593.1:2598858-2601929	NB551033:137:HK33LBGX9:3:21510:3511:3519#0/2	98.667	150	2	0	1617	1766	1	150	1.11e-68	267
NC_011593.1:2598858-2601929	NB551033:137:HK33LBGX9:3:12608:21564:8754#0/2	98.667	150	2	0	619	768	150	1	1.11e-68	267
NC_011593.1:2598858-2601929	NB551033:137:HK33LBGX9:2:22205:24680:2333#0/2	98.667	150	2	0	2817	2966	1	150	1.11e-68	267
NC_011593.1:2598858-2601929	NB551033:137:HK33LBGX9:2:22109:14836:18509#0/2	98.667	150	2	0	658	807	150	1	1.11e-68	267
NC_011593.1:2598858-2601929	NB551033:137:HK33LBGX9:2:13306:1315:19135#0/2	98.667	150	2	0	2764	2913	150	1	1.11e-68	267
NC_011593.1:2598858-2601929	NB551033:137:HK33LBGX9:2:12204:24043:5944#0/2	98.667	150	2	0	1308	1457	150	1	1.11e-68	267
NC_011593.1:2598858-2601929	NB551033:137:HK33LBGX9:1:23209:21846:17729#0/2	98.667	150	2	0	2506	2655	1	150	1.11e-68	267
NC_011593.1:2598858-2601929	NB551033:137:HK33LBGX9:1:13209:23306:1936#0/2	98.667	150	2	0	1073	1222	150	1	1.11e-68	267
NC_011593.1:2598858-2601929	NB551033:137:HK33LBGX9:1:11207:21747:3930#0/2	98.667	150	2	0	1321	1470	1	150	1.11e-68	267
NC_011593.1:2598858-2601929	NB551033:137:HK33LBGX9:1:11203:14574:3121#0/2	98.675	151	1	1	333	483	1	150	1.11e-68	267
NC_011593.1:2598858-2601929	NB551033:137:HK33LBGX9:1:11101:26310:16664#0/2	98.667	150	2	0	605	754	1	150	1.11e-68	267
NC_011593.1:2598858-2601929	NB551033:137:HK33LBGX9:4:21504:3604:9210#0/1	98.667	150	2	0	682	831	1	150	1.11e-68	267
NC_011593.1:2598858-2601929	NB551033:137:HK33LBGX9:4:12511:18384:19600#0/1	98.667	150	2	0	605	754	1	150	1.11e-68	267
NC_011593.1:2598858-2601929	NB551033:137:HK33LBGX9:4:11402:13953:18511#0/1	98.667	150	2	0	132	281	150	1	1.11e-68	267
NC_011593.1:2598858-2601929	NB551033:137:HK33LBGX9:3:12608:21564:8754#0/1	98.667	150	2	0	595	744	1	150	1.11e-68	267
NC_011593.1:2598858-2601929	NB551033:137:HK33LBGX9:2:22205:24680:2333#0/1	98.667	150	2	0	2826	2975	150	1	1.11e-68	267
NC_011593.1:2598858-2601929	NB551033:137:HK33LBGX9:2:13302:17965:19891#0/1	98.667	150	2	0	32	181	150	1	1.11e-68	267
NC_011593.1:2598858-2601929	NB551033:137:HK33LBGX9:2:13205:23608:11830#0/1	98.667	150	2	0	643	792	150	1	1.11e-68	267
NC_011593.1:2598858-2601929	NB551033:137:HK33LBGX9:2:11102:1894:6202#0/1	98.667	150	2	0	2801	2950	1	150	1.11e-68	267
NC_011593.1:2598858-2601929	NB551033:137:HK33LBGX9:1:23209:21846:17729#0/1	98.667	150	2	0	2509	2658	150	1	1.11e-68	267
NC_011593.1:2598858-2601929	NB551033:137:HK33LBGX9:1:22312:20686:6273#0/1	98.667	150	2	0	2378	2527	150	1	1.11e-68	267
NC_011593.1:2598858-2601929	NB551033:137:HK33LBGX9:1:13206:14729:15507#0/1	98.667	150	2	0	2138	2287	150	1	1.11e-68	267
NC_011593.1:2598858-2601929	NB551033:137:HK33LBGX9:1:12303:16303:11169#0/1	98.667	150	2	0	646	795	1	150	1.11e-68	267
NC_011593.1:2598858-2601929	NB551033:137:HK33LBGX9:4:11508:18957:9888#0/1	98.658	149	2	0	91	239	1	149	4.00e-68	265
NC_011593.1:2598858-2601929	NB551033:137:HK33LBGX9:1:13110:9008:5700#0/1	98.658	149	2	0	2529	2677	1	149	4.00e-68	265
NC_011593.1:2598858-2601929	NB551033:137:HK33LBGX9:4:23610:19068:8606#0/2	98.013	151	3	0	2305	2455	151	1	1.44e-67	263
NC_011593.1:2598858-2601929	NB551033:137:HK33LBGX9:4:21503:17602:6823#0/2	98.013	151	3	0	740	890	1	151	1.44e-67	263
NC_011593.1:2598858-2601929	NB551033:137:HK33LBGX9:3:22412:24905:14225#0/2	98.013	151	3	0	2599	2749	151	1	1.44e-67	263
NC_011593.1:2598858-2601929	NB551033:137:HK33LBGX9:1:22101:23605:15508#0/2	98.013	151	3	0	614	764	1	151	1.44e-67	263
NC_011593.1:2598858-2601929	NB551033:137:HK33LBGX9:1:11206:15884:12143#0/2	98.013	151	3	0	2316	2466	151	1	1.44e-67	263
NC_011593.1:2598858-2601929	NB551033:137:HK33LBGX9:4:23512:10510:9731#0/1	98.013	151	3	0	1145	1295	151	1	1.44e-67	263
NC_011593.1:2598858-2601929	NB551033:137:HK33LBGX9:4:21512:7613:3274#0/1	98.013	151	3	0	2730	2880	151	1	1.44e-67	263
NC_011593.1:2598858-2601929	NB551033:137:HK33LBGX9:3:13607:23119:5992#0/1	98.013	151	3	0	1031	1181	1	151	1.44e-67	263
NC_011593.1:2598858-2601929	NB551033:137:HK33LBGX9:3:12509:8673:9983#0/1	98.013	151	3	0	2311	2461	1	151	1.44e-67	263
NC_011593.1:2598858-2601929	NB551033:137:HK33LBGX9:3:11509:18487:14799#0/1	99.310	145	1	0	1	145	145	1	1.44e-67	263
NC_011593.1:2598858-2601929	NB551033:137:HK33LBGX9:2:21103:18417:6786#0/1	98.013	151	3	0	2081	2231	1	151	1.44e-67	263
NC_011593.1:2598858-2601929	NB551033:137:HK33LBGX9:2:13205:18854:15947#0/1	98.013	151	3	0	1295	1445	151	1	1.44e-67	263
NC_011593.1:2598858-2601929	NB551033:137:HK33LBGX9:2:13102:7911:17105#0/1	98.013	151	3	0	2304	2454	151	1	1.44e-67	263
NC_011593.1:2598858-2601929	NB551033:137:HK33LBGX9:2:11305:15911:6959#0/1	98.013	151	3	0	1179	1329	151	1	1.44e-67	263
NC_011593.1:2598858-2601929	NB551033:137:HK33LBGX9:1:22108:18205:16802#0/1	98.013	151	3	0	2347	2497	151	1	1.44e-67	263
NC_011593.1:2598858-2601929	NB551033:137:HK33LBGX9:4:23604:3968:12140#0/2	98.000	150	3	0	2017	2166	1	150	5.17e-67	261
NC_011593.1:2598858-2601929	NB551033:137:HK33LBGX9:4:23508:7698:18030#0/2	98.013	151	2	1	167	317	150	1	5.17e-67	261
NC_011593.1:2598858-2601929	NB551033:137:HK33LBGX9:4:21504:3604:9210#0/2	98.000	150	3	0	882	1031	150	1	5.17e-67	261
NC_011593.1:2598858-2601929	NB551033:137:HK33LBGX9:3:13607:23119:5992#0/2	98.000	150	3	0	1191	1340	150	1	5.17e-67	261
NC_011593.1:2598858-2601929	NB551033:137:HK33LBGX9:3:12610:20567:7924#0/2	98.000	150	3	0	2124	2273	1	150	5.17e-67	261
NC_011593.1:2598858-2601929	NB551033:137:HK33LBGX9:3:12509:8673:9983#0/2	98.000	150	3	0	2348	2497	150	1	5.17e-67	261
NC_011593.1:2598858-2601929	NB551033:137:HK33LBGX9:2:22212:10739:19806#0/2	98.000	150	3	0	2015	2164	150	1	5.17e-67	261
NC_011593.1:2598858-2601929	NB551033:137:HK33LBGX9:2:22209:17153:17207#0/2	98.000	150	3	0	1426	1575	150	1	5.17e-67	261
NC_011593.1:2598858-2601929	NB551033:137:HK33LBGX9:2:22201:20218:18560#0/2	98.000	150	3	0	2318	2467	1	150	5.17e-67	261
NC_011593.1:2598858-2601929	NB551033:137:HK33LBGX9:2:21210:13867:1419#0/2	98.000	150	3	0	879	1028	1	150	5.17e-67	261
NC_011593.1:2598858-2601929	NB551033:137:HK33LBGX9:2:13205:18854:15947#0/2	98.000	150	3	0	1107	1256	1	150	5.17e-67	261
NC_011593.1:2598858-2601929	NB551033:137:HK33LBGX9:2:12212:21547:11370#0/2	98.000	150	3	0	1125	1274	150	1	5.17e-67	261
NC_011593.1:2598858-2601929	NB551033:137:HK33LBGX9:2:11305:15911:6959#0/2	98.000	150	3	0	1099	1248	1	150	5.17e-67	261
NC_011593.1:2598858-2601929	NB551033:137:HK33LBGX9:2:11209:26449:12583#0/2	98.000	150	3	0	1146	1295	150	1	5.17e-67	261
NC_011593.1:2598858-2601929	NB551033:137:HK33LBGX9:1:23107:19325:3293#0/2	98.000	150	3	0	2546	2695	1	150	5.17e-67	261
NC_011593.1:2598858-2601929	NB551033:137:HK33LBGX9:1:21107:13925:5424#0/2	98.000	150	3	0	1420	1569	1	150	5.17e-67	261
NC_011593.1:2598858-2601929	NB551033:137:HK33LBGX9:1:13312:13849:17932#0/2	98.000	150	3	0	2020	2169	150	1	5.17e-67	261
NC_011593.1:2598858-2601929	NB551033:137:HK33LBGX9:1:13206:14729:15507#0/2	98.000	150	3	0	2036	2185	1	150	5.17e-67	261
NC_011593.1:2598858-2601929	NB551033:137:HK33LBGX9:1:13110:9008:5700#0/2	98.000	150	3	0	2545	2694	150	1	5.17e-67	261
NC_011593.1:2598858-2601929	NB551033:137:HK33LBGX9:4:23606:8263:2816#0/1	98.000	150	3	0	1120	1269	1	150	5.17e-67	261
NC_011593.1:2598858-2601929	NB551033:137:HK33LBGX9:4:23604:3968:12140#0/1	98.000	150	3	0	2070	2219	150	1	5.17e-67	261
NC_011593.1:2598858-2601929	NB551033:137:HK33LBGX9:4:22502:19993:18013#0/1	98.000	150	3	0	743	892	151	2	5.17e-67	261
NC_011593.1:2598858-2601929	NB551033:137:HK33LBGX9:4:21605:21121:14227#0/1	98.000	150	3	0	877	1026	150	1	5.17e-67	261
NC_011593.1:2598858-2601929	NB551033:137:HK33LBGX9:4:12608:16350:2768#0/1	98.639	147	2	0	2734	2880	147	1	5.17e-67	261
NC_011593.1:2598858-2601929	NB551033:137:HK33LBGX9:3:22412:24905:14225#0/1	98.639	147	2	0	2581	2727	3	149	5.17e-67	261
NC_011593.1:2598858-2601929	NB551033:137:HK33LBGX9:3:12511:4428:10724#0/1	98.000	150	3	0	2569	2718	1	150	5.17e-67	261
NC_011593.1:2598858-2601929	NB551033:137:HK33LBGX9:3:11503:1129:6742#0/1	98.013	151	2	1	337	487	150	1	5.17e-67	261
NC_011593.1:2598858-2601929	NB551033:137:HK33LBGX9:2:21207:24320:14081#0/1	98.639	147	2	0	2489	2635	1	147	5.17e-67	261
NC_011593.1:2598858-2601929	NB551033:137:HK33LBGX9:2:13303:9786:14951#0/1	98.000	150	3	0	2017	2166	150	1	5.17e-67	261
NC_011593.1:2598858-2601929	NB551033:137:HK33LBGX9:2:12302:13030:2055#0/1	98.000	150	3	0	553	702	1	150	5.17e-67	261
NC_011593.1:2598858-2601929	NB551033:137:HK33LBGX9:2:12212:21547:11370#0/1	98.000	150	3	0	1107	1256	1	150	5.17e-67	261
NC_011593.1:2598858-2601929	NB551033:137:HK33LBGX9:2:11209:26449:12583#0/1	98.000	150	3	0	1146	1295	1	150	5.17e-67	261
NC_011593.1:2598858-2601929	NB551033:137:HK33LBGX9:1:22108:13955:6548#0/1	98.000	150	3	0	2372	2521	150	1	5.17e-67	261
NC_011593.1:2598858-2601929	NB551033:137:HK33LBGX9:1:11207:21747:3930#0/1	98.639	147	2	0	1396	1542	147	1	5.17e-67	261
NC_011593.1:2598858-2601929	NB551033:137:HK33LBGX9:3:22410:7480:8143#0/2	98.639	147	1	1	372	518	1	146	1.86e-66	259
NC_011593.1:2598858-2601929	NB551033:137:HK33LBGX9:3:12612:7517:19266#0/2	99.301	143	1	0	2161	2303	143	1	1.86e-66	259
NC_011593.1:2598858-2601929	NB551033:137:HK33LBGX9:1:22108:13955:6548#0/2	98.630	146	2	0	2242	2387	1	146	1.86e-66	259
NC_011593.1:2598858-2601929	NB551033:137:HK33LBGX9:3:13501:24050:9678#0/1	97.987	149	3	0	2024	2172	3	151	1.86e-66	259
NC_011593.1:2598858-2601929	NB551033:137:HK33LBGX9:1:11312:6589:6996#0/1	98.630	146	2	0	2012	2157	150	5	1.86e-66	259
NC_011593.1:2598858-2601929	NB551033:137:HK33LBGX9:4:23606:8263:2816#0/2	97.351	151	4	0	1222	1372	151	1	6.69e-66	257
NC_011593.1:2598858-2601929	NB551033:137:HK33LBGX9:4:21512:7613:3274#0/2	97.351	151	4	0	2645	2795	1	151	6.69e-66	257
NC_011593.1:2598858-2601929	NB551033:137:HK33LBGX9:4:12608:16350:2768#0/2	97.351	151	4	0	2632	2782	1	151	6.69e-66	257
NC_011593.1:2598858-2601929	NB551033:137:HK33LBGX9:3:23601:21274:13908#0/2	97.973	148	3	0	2581	2728	3	150	6.69e-66	257
NC_011593.1:2598858-2601929	NB551033:137:HK33LBGX9:3:21611:14881:16899#0/2	97.351	151	4	0	1222	1372	151	1	6.69e-66	257
NC_011593.1:2598858-2601929	NB551033:137:HK33LBGX9:4:12505:6382:9737#0/1	97.351	151	4	0	2297	2447	1	151	6.69e-66	257
NC_011593.1:2598858-2601929	NB551033:137:HK33LBGX9:3:21611:14881:16899#0/1	97.973	148	3	0	1214	1361	1	148	6.69e-66	257
NC_011593.1:2598858-2601929	NB551033:137:HK33LBGX9:2:12204:24043:5944#0/1	97.973	148	3	0	1214	1361	1	148	6.69e-66	257
NC_011593.1:2598858-2601929	NB551033:137:HK33LBGX9:2:21207:24320:14081#0/2	97.333	150	4	0	2665	2814	150	1	2.41e-65	255
NC_011593.1:2598858-2601929	NB551033:137:HK33LBGX9:2:21103:18417:6786#0/2	97.959	147	3	0	2358	2504	147	1	2.41e-65	255
NC_011593.1:2598858-2601929	NB551033:137:HK33LBGX9:2:11208:1066:12584#0/2	97.959	147	3	0	1149	1295	147	1	2.41e-65	255
NC_011593.1:2598858-2601929	NB551033:137:HK33LBGX9:1:12305:11065:19449#0/2	97.333	150	4	0	2644	2793	150	1	2.41e-65	255
NC_011593.1:2598858-2601929	NB551033:137:HK33LBGX9:4:23505:16192:5366#0/1	97.333	150	4	0	2295	2444	1	150	2.41e-65	255
NC_011593.1:2598858-2601929	NB551033:137:HK33LBGX9:4:22606:13844:1956#0/1	97.959	147	3	0	553	699	147	1	2.41e-65	255
NC_011593.1:2598858-2601929	NB551033:137:HK33LBGX9:3:23601:21274:13908#0/1	97.333	150	4	0	2612	2761	150	1	2.41e-65	255
NC_011593.1:2598858-2601929	NB551033:137:HK33LBGX9:3:13402:16865:4912#0/1	97.333	150	4	0	159	308	150	1	2.41e-65	255
NC_011593.1:2598858-2601929	NB551033:137:HK33LBGX9:3:12610:20567:7924#0/1	97.333	150	4	0	2577	2726	150	1	2.41e-65	255
NC_011593.1:2598858-2601929	NB551033:137:HK33LBGX9:3:11605:9939:14440#0/1	97.333	150	4	0	2047	2196	1	150	2.41e-65	255
NC_011593.1:2598858-2601929	NB551033:137:HK33LBGX9:2:13306:1315:19135#0/1	97.333	150	4	0	2708	2857	1	150	2.41e-65	255
NC_011593.1:2598858-2601929	NB551033:137:HK33LBGX9:1:21108:24475:11937#0/1	97.333	150	4	0	2643	2792	1	150	2.41e-65	255
NC_011593.1:2598858-2601929	NB551033:137:HK33LBGX9:1:12305:11065:19449#0/1	97.333	150	4	0	2593	2742	1	150	2.41e-65	255
NC_011593.1:2598858-2601929	NB551033:137:HK33LBGX9:1:11311:18043:9172#0/1	97.333	150	4	0	866	1015	150	1	2.41e-65	255
NC_011593.1:2598858-2601929	NB551033:137:HK33LBGX9:2:13204:8870:8835#0/2	97.945	146	3	0	553	698	6	151	8.65e-65	254
NC_011593.1:2598858-2601929	NB551033:137:HK33LBGX9:3:12612:7517:19266#0/1	99.286	140	1	0	2161	2300	3	142	8.65e-65	254
NC_011593.1:2598858-2601929	NB551033:137:HK33LBGX9:4:22606:13844:1956#0/2	96.689	151	5	0	479	629	1	151	3.11e-64	252
NC_011593.1:2598858-2601929	NB551033:137:HK33LBGX9:4:21605:21121:14227#0/2	96.689	151	5	0	826	976	1	151	3.11e-64	252
NC_011593.1:2598858-2601929	NB551033:137:HK33LBGX9:3:21511:9296:8499#0/2	97.931	145	3	0	1190	1334	1	145	3.11e-64	252
NC_011593.1:2598858-2601929	NB551033:137:HK33LBGX9:2:13205:23608:11830#0/2	96.689	151	5	0	465	615	1	151	3.11e-64	252
NC_011593.1:2598858-2601929	NB551033:137:HK33LBGX9:1:23209:8971:7888#0/2	96.689	151	5	0	2278	2428	151	1	3.11e-64	252
NC_011593.1:2598858-2601929	NB551033:137:HK33LBGX9:4:23610:19068:8606#0/1	96.711	152	4	1	2080	2231	1	151	3.11e-64	252
NC_011593.1:2598858-2601929	NB551033:137:HK33LBGX9:3:21511:9296:8499#0/1	97.931	145	3	0	1190	1334	145	1	3.11e-64	252
NC_011593.1:2598858-2601929	NB551033:137:HK33LBGX9:2:13210:19732:12114#0/1	96.689	151	5	0	544	694	151	1	3.11e-64	252
NC_011593.1:2598858-2601929	NB551033:137:HK33LBGX9:1:22101:23605:15508#0/1	96.689	151	5	0	779	929	151	1	3.11e-64	252
NC_011593.1:2598858-2601929	NB551033:137:HK33LBGX9:4:22502:19993:18013#0/2	96.667	150	5	0	521	670	1	150	1.12e-63	250
NC_011593.1:2598858-2601929	NB551033:137:HK33LBGX9:4:12401:20997:17792#0/2	96.667	150	5	0	799	948	1	150	1.12e-63	250
NC_011593.1:2598858-2601929	NB551033:137:HK33LBGX9:2:13306:8819:8287#0/2	96.667	150	5	0	540	689	1	150	1.12e-63	250
NC_011593.1:2598858-2601929	NB551033:137:HK33LBGX9:2:11210:10523:4696#0/2	96.667	150	5	0	816	965	1	150	1.12e-63	250
NC_011593.1:2598858-2601929	NB551033:137:HK33LBGX9:1:23104:19424:3872#0/2	96.667	150	5	0	475	624	1	150	1.12e-63	250
NC_011593.1:2598858-2601929	NB551033:137:HK33LBGX9:1:21103:11950:16577#0/2	99.275	138	1	0	2910	3047	1	138	1.12e-63	250
NC_011593.1:2598858-2601929	NB551033:137:HK33LBGX9:1:12303:16303:11169#0/2	96.667	150	5	0	785	934	150	1	1.12e-63	250
NC_011593.1:2598858-2601929	NB551033:137:HK33LBGX9:1:11311:18043:9172#0/2	96.667	150	5	0	845	994	1	150	1.12e-63	250
NC_011593.1:2598858-2601929	NB551033:137:HK33LBGX9:1:11204:18476:10813#0/2	99.275	138	1	0	996	1133	138	1	1.12e-63	250
NC_011593.1:2598858-2601929	NB551033:137:HK33LBGX9:4:21503:17602:6823#0/1	96.667	150	5	0	810	959	150	1	1.12e-63	250
NC_011593.1:2598858-2601929	NB551033:137:HK33LBGX9:3:12404:18123:11731#0/1	96.667	150	5	0	2577	2726	150	1	1.12e-63	250
NC_011593.1:2598858-2601929	NB551033:137:HK33LBGX9:2:13204:8870:8835#0/1	96.667	150	5	0	844	993	150	1	1.12e-63	250
NC_011593.1:2598858-2601929	NB551033:137:HK33LBGX9:1:23205:2984:6513#0/1	96.667	150	5	0	799	948	1	150	1.12e-63	250
NC_011593.1:2598858-2601929	NB551033:137:HK33LBGX9:1:21103:11950:16577#0/1	99.275	138	1	0	2910	3047	138	1	1.12e-63	250
NC_011593.1:2598858-2601929	NB551033:137:HK33LBGX9:1:13209:23306:1936#0/1	96.667	150	5	0	818	967	1	150	1.12e-63	250
NC_011593.1:2598858-2601929	NB551033:137:HK33LBGX9:1:11204:18476:10813#0/1	99.275	138	1	0	996	1133	1	138	1.12e-63	250
NC_011593.1:2598858-2601929	NB551033:137:HK33LBGX9:4:13508:14011:12767#0/2	99.270	137	1	0	1887	2023	1	137	4.03e-63	248
NC_011593.1:2598858-2601929	NB551033:137:HK33LBGX9:1:22111:6354:7671#0/2	97.902	143	3	0	2576	2718	1	143	4.03e-63	248
NC_011593.1:2598858-2601929	NB551033:137:HK33LBGX9:4:13508:14011:12767#0/1	99.270	137	1	0	1887	2023	137	1	4.03e-63	248
NC_011593.1:2598858-2601929	NB551033:137:HK33LBGX9:1:23104:19424:3872#0/1	96.644	149	5	0	490	638	151	3	4.03e-63	248
NC_011593.1:2598858-2601929	NB551033:137:HK33LBGX9:4:11612:22400:19104#0/2	100.000	133	0	0	1584	1716	1	133	1.45e-62	246
NC_011593.1:2598858-2601929	NB551033:137:HK33LBGX9:2:11203:16570:6469#0/2	96.053	152	5	1	457	608	151	1	1.45e-62	246
NC_011593.1:2598858-2601929	NB551033:137:HK33LBGX9:1:22104:16132:2498#0/2	98.561	139	2	0	76	214	1	139	1.45e-62	246
NC_011593.1:2598858-2601929	NB551033:137:HK33LBGX9:4:11612:22400:19104#0/1	100.000	133	0	0	1584	1716	133	1	1.45e-62	246
NC_011593.1:2598858-2601929	NB551033:137:HK33LBGX9:4:11609:24218:6387#0/1	96.026	151	6	0	467	617	151	1	1.45e-62	246
NC_011593.1:2598858-2601929	NB551033:137:HK33LBGX9:2:13306:8819:8287#0/1	96.622	148	5	0	835	982	148	1	1.45e-62	246
NC_011593.1:2598858-2601929	NB551033:137:HK33LBGX9:1:22104:16132:2498#0/1	98.561	139	2	0	76	214	139	1	1.45e-62	246
NC_011593.1:2598858-2601929	NB551033:137:HK33LBGX9:3:22410:7480:8143#0/1	96.026	151	5	1	413	563	150	1	5.21e-62	244
NC_011593.1:2598858-2601929	NB551033:137:HK33LBGX9:3:23602:13987:3138#0/2	98.540	137	2	0	1407	1543	1	137	1.87e-61	243
NC_011593.1:2598858-2601929	NB551033:137:HK33LBGX9:1:12301:2156:1271#0/2	98.540	137	2	0	671	807	137	1	1.87e-61	243
NC_011593.1:2598858-2601929	NB551033:137:HK33LBGX9:3:23602:13987:3138#0/1	98.540	137	2	0	1407	1543	137	1	1.87e-61	243
NC_011593.1:2598858-2601929	NB551033:137:HK33LBGX9:2:11301:8361:15713#0/2	98.519	135	2	0	2588	2722	1	135	2.42e-60	239
NC_011593.1:2598858-2601929	NB551033:137:HK33LBGX9:2:11301:8361:15713#0/1	98.519	135	2	0	2588	2722	137	3	2.42e-60	239
NC_011593.1:2598858-2601929	NB551033:137:HK33LBGX9:1:22108:18205:16802#0/2	99.237	131	1	0	2223	2353	1	131	8.72e-60	237
NC_011593.1:2598858-2601929	NB551033:137:HK33LBGX9:3:11502:26622:6757#0/1	97.826	138	2	1	350	487	137	1	8.72e-60	237
NC_011593.1:2598858-2601929	NB551033:137:HK33LBGX9:1:12301:2156:1271#0/1	97.810	137	3	0	671	807	1	137	8.72e-60	237
NC_011593.1:2598858-2601929	NB551033:137:HK33LBGX9:3:11605:9939:14440#0/2	97.122	139	4	0	2096	2234	139	1	3.13e-59	235
NC_011593.1:2598858-2601929	NB551033:137:HK33LBGX9:2:11107:11501:16184#0/2	98.462	130	2	0	1	130	130	1	1.46e-57	230
NC_011593.1:2598858-2601929	NB551033:137:HK33LBGX9:4:22412:21642:13670#0/2	98.450	129	2	0	2513	2641	129	1	5.25e-57	228
NC_011593.1:2598858-2601929	NB551033:137:HK33LBGX9:4:22412:21642:13670#0/1	98.450	129	2	0	2513	2641	1	129	5.25e-57	228
NC_011593.1:2598858-2601929	NB551033:137:HK33LBGX9:3:21508:13194:16740#0/2	98.438	128	2	0	1480	1607	128	1	1.89e-56	226
NC_011593.1:2598858-2601929	NB551033:137:HK33LBGX9:1:22111:6354:7671#0/1	98.438	128	2	0	2791	2918	128	1	1.89e-56	226
NC_011593.1:2598858-2601929	NB551033:137:HK33LBGX9:4:12508:22365:15496#0/2	96.970	132	4	0	2279	2410	1	132	2.44e-55	222
NC_011593.1:2598858-2601929	NB551033:137:HK33LBGX9:4:12508:22365:15496#0/1	96.970	132	4	0	2279	2410	132	1	2.44e-55	222
NC_011593.1:2598858-2601929	NB551033:137:HK33LBGX9:2:13302:17965:19891#0/2	99.174	121	1	0	1	121	31	151	3.16e-54	219
NC_011593.1:2598858-2601929	NB551033:137:HK33LBGX9:4:12405:13434:12683#0/2	97.619	126	3	0	1055	1180	126	1	1.14e-53	217
NC_011593.1:2598858-2601929	NB551033:137:HK33LBGX9:1:23308:1970:17411#0/2	96.212	132	5	0	2297	2428	1	132	1.14e-53	217
NC_011593.1:2598858-2601929	NB551033:137:HK33LBGX9:4:11404:8556:3804#0/2	97.600	125	3	0	2948	3072	1	125	4.08e-53	215
NC_011593.1:2598858-2601929	NB551033:137:HK33LBGX9:2:22207:7929:3088#0/2	98.361	122	2	0	1532	1653	122	1	4.08e-53	215
NC_011593.1:2598858-2601929	NB551033:137:HK33LBGX9:2:22207:7929:3088#0/1	98.361	122	2	0	1532	1653	1	122	4.08e-53	215
NC_011593.1:2598858-2601929	NB551033:137:HK33LBGX9:1:23311:11584:2219#0/2	99.153	118	1	0	983	1100	1	118	1.47e-52	213
NC_011593.1:2598858-2601929	NB551033:137:HK33LBGX9:2:11208:1066:12584#0/1	97.581	124	3	0	1146	1269	1	124	1.47e-52	213
NC_011593.1:2598858-2601929	NB551033:137:HK33LBGX9:1:23311:11584:2219#0/1	99.153	118	1	0	983	1100	118	1	1.47e-52	213
NC_011593.1:2598858-2601929	NB551033:137:HK33LBGX9:3:13409:22406:11611#0/2	99.145	117	1	0	999	1115	117	1	5.28e-52	211
NC_011593.1:2598858-2601929	NB551033:137:HK33LBGX9:3:13409:22406:11611#0/1	99.145	117	1	0	999	1115	1	117	5.28e-52	211
NC_011593.1:2598858-2601929	NB551033:137:HK33LBGX9:1:12205:19418:9518#0/2	99.138	116	1	0	974	1089	1	116	1.90e-51	209
NC_011593.1:2598858-2601929	NB551033:137:HK33LBGX9:1:12205:19418:9518#0/1	99.138	116	1	0	974	1089	116	1	1.90e-51	209
NC_011593.1:2598858-2601929	NB551033:137:HK33LBGX9:4:23402:16802:3143#0/2	98.291	117	2	0	553	669	6	122	2.46e-50	206
NC_011593.1:2598858-2601929	NB551033:137:HK33LBGX9:2:23106:18436:2370#0/2	96.748	123	4	0	879	1001	1	123	2.46e-50	206
NC_011593.1:2598858-2601929	NB551033:137:HK33LBGX9:4:23402:16802:3143#0/1	98.291	117	2	0	553	669	117	1	2.46e-50	206
NC_011593.1:2598858-2601929	NB551033:137:HK33LBGX9:2:23106:18436:2370#0/1	96.748	123	4	0	879	1001	123	1	2.46e-50	206
NC_011593.1:2598858-2601929	NB551033:137:HK33LBGX9:1:12305:13801:9922#0/1	100.000	110	0	0	1	110	111	2	8.84e-50	204
NC_011593.1:2598858-2601929	NB551033:137:HK33LBGX9:4:11404:8556:3804#0/1	97.458	118	3	0	2955	3072	151	34	3.18e-49	202
NC_011593.1:2598858-2601929	NB551033:137:HK33LBGX9:4:11608:11473:13188#0/2	99.099	111	1	0	168	278	111	1	1.14e-48	200
NC_011593.1:2598858-2601929	NB551033:137:HK33LBGX9:2:21304:19121:5179#0/2	99.099	111	1	0	150	260	111	1	1.14e-48	200
NC_011593.1:2598858-2601929	NB551033:137:HK33LBGX9:2:11211:22096:6292#0/2	98.246	114	2	0	1558	1671	1	114	1.14e-48	200
NC_011593.1:2598858-2601929	NB551033:137:HK33LBGX9:4:11608:11473:13188#0/1	99.099	111	1	0	168	278	1	111	1.14e-48	200
NC_011593.1:2598858-2601929	NB551033:137:HK33LBGX9:2:21304:19121:5179#0/1	99.099	111	1	0	150	260	1	111	1.14e-48	200
NC_011593.1:2598858-2601929	NB551033:137:HK33LBGX9:1:11306:12059:19111#0/1	99.091	110	1	0	1971	2080	1	110	4.11e-48	198
NC_011593.1:2598858-2601929	NB551033:137:HK33LBGX9:2:13307:26859:19127#0/2	98.214	112	2	0	2802	2913	112	1	1.48e-47	196
NC_011593.1:2598858-2601929	NB551033:137:HK33LBGX9:1:22112:24393:4861#0/2	100.000	106	0	0	1	106	106	1	1.48e-47	196
NC_011593.1:2598858-2601929	NB551033:137:HK33LBGX9:1:11206:15884:12143#0/1	99.083	109	1	0	2255	2363	1	109	1.48e-47	196
NC_011593.1:2598858-2601929	NB551033:137:HK33LBGX9:3:12610:10328:13887#0/2	97.368	114	3	0	880	993	1	114	5.32e-47	195
NC_011593.1:2598858-2601929	NB551033:137:HK33LBGX9:3:12610:10328:13887#0/1	97.368	114	3	0	880	993	114	1	5.32e-47	195
NC_011593.1:2598858-2601929	NB551033:137:HK33LBGX9:1:11306:12059:19111#0/2	95.082	122	6	0	2627	2748	122	1	1.91e-46	193
NC_011593.1:2598858-2601929	NB551033:137:HK33LBGX9:1:11301:12269:7438#0/1	96.552	116	4	0	2132	2247	116	1	1.91e-46	193
NC_011593.1:2598858-2601929	NB551033:137:HK33LBGX9:1:22102:8990:11737#0/2	99.057	106	1	0	2479	2584	1	106	6.88e-46	191
NC_011593.1:2598858-2601929	NB551033:137:HK33LBGX9:4:23508:7698:18030#0/1	100.000	103	0	0	1	103	49	151	6.88e-46	191
NC_011593.1:2598858-2601929	NB551033:137:HK33LBGX9:1:22102:8990:11737#0/1	99.057	106	1	0	2479	2584	106	1	6.88e-46	191
NC_011593.1:2598858-2601929	NB551033:137:HK33LBGX9:4:12405:13434:12683#0/1	99.048	105	1	0	921	1025	1	105	2.48e-45	189
NC_011593.1:2598858-2601929	NB551033:137:HK33LBGX9:4:21609:25924:9371#0/2	98.131	107	2	0	1381	1487	107	1	8.90e-45	187
NC_011593.1:2598858-2601929	NB551033:137:HK33LBGX9:3:11611:17718:16353#0/2	97.273	110	3	0	2343	2452	110	1	8.90e-45	187
NC_011593.1:2598858-2601929	NB551033:137:HK33LBGX9:4:21609:25924:9371#0/1	98.131	107	2	0	1381	1487	1	107	8.90e-45	187
NC_011593.1:2598858-2601929	NB551033:137:HK33LBGX9:3:11611:17718:16353#0/1	97.273	110	3	0	2343	2452	1	110	8.90e-45	187
NC_011593.1:2598858-2601929	NB551033:137:HK33LBGX9:2:12310:15362:6600#0/2	98.113	106	2	0	2908	3013	106	1	3.20e-44	185
NC_011593.1:2598858-2601929	NB551033:137:HK33LBGX9:4:12604:6447:9726#0/2	99.020	102	1	0	2938	3039	1	102	1.15e-43	183
NC_011593.1:2598858-2601929	NB551033:137:HK33LBGX9:3:11502:26622:6757#0/2	98.095	105	2	0	143	247	1	105	1.15e-43	183
NC_011593.1:2598858-2601929	NB551033:137:HK33LBGX9:3:11602:11446:12660#0/2	100.000	98	0	0	1	98	53	150	4.14e-43	182
NC_011593.1:2598858-2601929	NB551033:137:HK33LBGX9:4:11609:18645:12341#0/1	98.077	104	2	0	288	391	1	104	4.14e-43	182
NC_011593.1:2598858-2601929	NB551033:137:HK33LBGX9:4:11609:18645:12341#0/2	98.058	103	2	0	289	391	103	1	1.49e-42	180
NC_011593.1:2598858-2601929	NB551033:137:HK33LBGX9:3:12404:18123:11731#0/2	99.000	100	1	0	2213	2312	1	100	1.49e-42	180
NC_011593.1:2598858-2601929	NB551033:137:HK33LBGX9:2:12310:15362:6600#0/1	96.330	109	4	0	2905	3013	1	109	1.49e-42	180
NC_011593.1:2598858-2601929	NB551033:137:HK33LBGX9:1:21204:19866:2787#0/2	98.039	102	2	0	2584	2685	1	102	5.36e-42	178
NC_011593.1:2598858-2601929	NB551033:137:HK33LBGX9:1:21204:19866:2787#0/1	98.039	102	2	0	2584	2685	102	1	5.36e-42	178
NC_011593.1:2598858-2601929	NB551033:137:HK33LBGX9:3:12501:18878:17938#0/2	95.413	109	5	0	816	924	1	109	6.93e-41	174
NC_011593.1:2598858-2601929	NB551033:137:HK33LBGX9:2:23304:14729:15293#0/2	98.969	97	1	0	2273	2369	97	1	6.93e-41	174
NC_011593.1:2598858-2601929	NB551033:137:HK33LBGX9:3:21508:13194:16740#0/1	98.000	100	2	0	1480	1579	2	101	6.93e-41	174
NC_011593.1:2598858-2601929	NB551033:137:HK33LBGX9:3:12501:18878:17938#0/1	95.413	109	5	0	816	924	109	1	6.93e-41	174
NC_011593.1:2598858-2601929	NB551033:137:HK33LBGX9:2:23304:14729:15293#0/1	98.969	97	1	0	2273	2369	1	97	6.93e-41	174
NC_011593.1:2598858-2601929	NB551033:137:HK33LBGX9:4:22402:12283:9854#0/2	98.936	94	1	0	2920	3013	94	1	3.22e-39	169
NC_011593.1:2598858-2601929	NB551033:137:HK33LBGX9:1:21108:24475:11937#0/2	97.000	100	3	0	2973	3072	150	51	3.22e-39	169
NC_011593.1:2598858-2601929	NB551033:137:HK33LBGX9:4:11504:13397:2582#0/2	97.895	95	2	0	2211	2305	95	1	4.17e-38	165
NC_011593.1:2598858-2601929	NB551033:137:HK33LBGX9:4:11504:13397:2582#0/1	97.895	95	2	0	2211	2305	1	95	4.17e-38	165
NC_011593.1:2598858-2601929	NB551033:137:HK33LBGX9:1:23306:7548:14498#0/2	97.872	94	2	0	799	892	95	2	1.50e-37	163
NC_011593.1:2598858-2601929	NB551033:137:HK33LBGX9:1:23306:7548:14498#0/1	97.872	94	2	0	799	892	1	94	1.50e-37	163
NC_011593.1:2598858-2601929	NB551033:137:HK33LBGX9:2:13307:26859:19127#0/1	95.876	97	4	0	2708	2804	1	97	6.98e-36	158
NC_011593.1:2598858-2601929	NB551033:137:HK33LBGX9:1:23102:7247:15173#0/2	100.000	84	0	0	1721	1804	1	84	2.51e-35	156
NC_011593.1:2598858-2601929	NB551033:137:HK33LBGX9:1:12305:13801:9922#0/2	100.000	84	0	0	1	84	67	150	2.51e-35	156
NC_011593.1:2598858-2601929	NB551033:137:HK33LBGX9:1:11304:9345:10242#0/2	98.810	84	1	0	64	147	84	1	1.17e-33	150
NC_011593.1:2598858-2601929	NB551033:137:HK33LBGX9:1:11304:9345:10242#0/1	98.810	84	1	0	64	147	1	84	1.17e-33	150
NC_011593.1:2598858-2601929	NB551033:137:HK33LBGX9:3:22510:22918:11339#0/1	100.000	79	0	0	16	94	79	1	1.51e-32	147
NC_011593.1:2598858-2601929	NB551033:137:HK33LBGX9:3:22510:22918:11339#0/2	100.000	77	0	0	16	92	1	77	1.95e-31	143
NC_011593.1:2598858-2601929	NB551033:137:HK33LBGX9:2:11211:22096:6292#0/1	96.512	86	3	0	1823	1908	86	1	1.95e-31	143
NC_011593.1:2598858-2601929	NB551033:137:HK33LBGX9:4:11512:20842:3464#0/1	100.000	76	0	0	2053	2128	1	76	7.03e-31	141
NC_011593.1:2598858-2601929	NB551033:137:HK33LBGX9:2:13109:17038:1242#0/2	98.667	75	1	0	2295	2369	75	1	1.18e-28	134
NC_011593.1:2598858-2601929	NB551033:137:HK33LBGX9:4:22402:12283:9854#0/1	98.667	75	1	0	2785	2859	1	75	1.18e-28	134
NC_011593.1:2598858-2601929	NB551033:137:HK33LBGX9:2:13109:17038:1242#0/1	98.667	75	1	0	2295	2369	1	75	1.18e-28	134
NC_011593.1:2598858-2601929	NB551033:137:HK33LBGX9:4:13505:12774:11710#0/2	98.649	74	1	0	2263	2336	1	74	4.23e-28	132
NC_011593.1:2598858-2601929	NB551033:137:HK33LBGX9:2:13305:10671:16569#0/2	98.649	74	1	0	2297	2370	74	1	4.23e-28	132
NC_011593.1:2598858-2601929	NB551033:137:HK33LBGX9:4:13505:12774:11710#0/1	98.649	74	1	0	2263	2336	74	1	4.23e-28	132
NC_011593.1:2598858-2601929	NB551033:137:HK33LBGX9:2:13305:10671:16569#0/1	98.649	74	1	0	2297	2370	1	74	4.23e-28	132
NC_011593.1:2598858-2601929	NB551033:137:HK33LBGX9:3:21412:14329:2941#0/1	100.000	67	0	0	1	67	67	1	7.08e-26	124
NC_011593.1:2598858-2601929	NB551033:137:HK33LBGX9:3:11410:8067:14604#0/2	97.101	69	2	0	3004	3072	1	69	1.18e-23	117
NC_011593.1:2598858-2601929	NB551033:137:HK33LBGX9:3:11510:16466:19481#0/1	96.552	58	2	0	3015	3072	1	58	1.54e-17	97.1
NC_011593.1:2598858-2601929	NB551033:137:HK33LBGX9:3:11509:18487:14799#0/2	100.000	45	0	0	1	45	106	150	1.20e-13	84.2
NC_011593.1:2598858-2601929	NB551033:137:HK33LBGX9:4:23412:8621:8991#0/2	100.000	39	0	0	1	39	39	1	2.60e-10	73.1
NC_011593.1:2598858-2601929	NB551033:137:HK33LBGX9:3:21509:16868:14668#0/2	96.875	32	1	0	1028	1059	118	149	9.42e-05	54.7
NC_011593.1:2598858-2601929	NB551033:137:HK33LBGX9:2:11302:3588:8460#0/1	100.000	28	0	0	1028	1055	28	1	3.39e-04	52.8
# BLASTN 2.9.0+
# Query: NC_011593.1:c2604454-2602106 Bifidobacterium longum subsp. infantis ATCC 15697, complete genome
# Database: db/blast_C0479-4F-1A_S25.faa
# 0 hits found
# BLASTN 2.9.0+
# Query: NC_011593.1:c2605922-2604486 Bifidobacterium longum subsp. infantis ATCC 15697, complete genome
# Database: db/blast_C0479-4F-1A_S25.faa
# 0 hits found
# BLASTN 2.9.0+
# Query: NC_011593.1:c2606381-2605944 Bifidobacterium longum subsp. infantis ATCC 15697, complete genome
# Database: db/blast_C0479-4F-1A_S25.faa
# 0 hits found
# BLASTN 2.9.0+
# Query: NC_011593.1:c2607314-2606418 Bifidobacterium longum subsp. infantis ATCC 15697, complete genome
# Database: db/blast_C0479-4F-1A_S25.faa
# 0 hits found
# BLASTN 2.9.0+
# Query: NC_011593.1:c2608249-2607458 Bifidobacterium longum subsp. infantis ATCC 15697, complete genome
# Database: db/blast_C0479-4F-1A_S25.faa
# Fields: query acc.ver, subject acc.ver, % identity, alignment length, mismatches, gap opens, q. start, q. end, s. start, s. end, evalue, bit score
# 1 hits found
NC_011593.1:c2608249-2607458	NB551033:137:HK33LBGX9:2:12308:6338:16712#0/1	95.333	150	7	0	375	524	1	150	6.13e-61	239
# BLASTN 2.9.0+
# Query: NC_011593.1:c2609546-2608269 Bifidobacterium longum subsp. infantis ATCC 15697, complete genome
# Database: db/blast_C0479-4F-1A_S25.faa
# 0 hits found
# BLASTN 2.9.0+
# Query: NC_011593.1:c2610356-2609697 Bifidobacterium longum subsp. infantis ATCC 15697, complete genome
# Database: db/blast_C0479-4F-1A_S25.faa
# 0 hits found
# BLASTN 2.9.0+
# Query: NC_011593.1:c2611458-2610496 Bifidobacterium longum subsp. infantis ATCC 15697, complete genome
# Database: db/blast_C0479-4F-1A_S25.faa
# 0 hits found
# BLASTN 2.9.0+
# Query: NC_011593.1:c2612430-2611477 Bifidobacterium longum subsp. infantis ATCC 15697, complete genome
# Database: db/blast_C0479-4F-1A_S25.faa
# 0 hits found
# BLASTN 2.9.0+
# Query: NC_011593.1:c2614109-2612517 Bifidobacterium longum subsp. infantis ATCC 15697, complete genome
# Database: db/blast_C0479-4F-1A_S25.faa
# 0 hits found
# BLASTN 2.9.0+
# Query: NC_011593.1:c2615274-2614312 Bifidobacterium longum subsp. infantis ATCC 15697, complete genome
# Database: db/blast_C0479-4F-1A_S25.faa
# 0 hits found
# BLASTN 2.9.0+
# Query: NC_011593.1:c2616246-2615293 Bifidobacterium longum subsp. infantis ATCC 15697, complete genome
# Database: db/blast_C0479-4F-1A_S25.faa
# 0 hits found
# BLASTN 2.9.0+
# Query: NC_011593.1:c2617928-2616333 Bifidobacterium longum subsp. infantis ATCC 15697, complete genome
# Database: db/blast_C0479-4F-1A_S25.faa
# 0 hits found
# BLASTN 2.9.0+
# Query: NC_011593.1:c2619247-2618063 Bifidobacterium longum subsp. infantis ATCC 15697, complete genome
# Database: db/blast_C0479-4F-1A_S25.faa
# 0 hits found
# BLASTN 2.9.0+
# Query: NC_011593.1:c2620369-2619413 Bifidobacterium longum subsp. infantis ATCC 15697, complete genome
# Database: db/blast_C0479-4F-1A_S25.faa
# 0 hits found
# BLASTN 2.9.0+
# Query: NC_011593.1:c2622143-2620551 Bifidobacterium longum subsp. infantis ATCC 15697, complete genome
# Database: db/blast_C0479-4F-1A_S25.faa
# 0 hits found
# BLASTN 2.9.0+
# Query: NC_011593.1:c2624124-2622520 Bifidobacterium longum subsp. infantis ATCC 15697, complete genome
# Database: db/blast_C0479-4F-1A_S25.faa
# 0 hits found
# BLASTN 2.9.0+
# Query: NC_011593.1:c2626110-2624512 Bifidobacterium longum subsp. infantis ATCC 15697, complete genome
# Database: db/blast_C0479-4F-1A_S25.faa
# 0 hits found
# BLASTN 2.9.0+
# Query: NC_011593.1:c2626386-2626264 Bifidobacterium longum subsp. infantis ATCC 15697, complete genome
# Database: db/blast_C0479-4F-1A_S25.faa
# 0 hits found
# BLASTN 2.9.0+
# Query: NC_011593.1:c2628158-2626563 Bifidobacterium longum subsp. infantis ATCC 15697, complete genome
# Database: db/blast_C0479-4F-1A_S25.faa
# 0 hits found
# BLASTN 2.9.0+
# Query: NC_011593.1:c2630269-2628314 Bifidobacterium longum subsp. infantis ATCC 15697, complete genome
# Database: db/blast_C0479-4F-1A_S25.faa
# 0 hits found
# BLASTN 2.9.0+
# Query: NC_011593.1:c2631106-2630366 Bifidobacterium longum subsp. infantis ATCC 15697, complete genome
# Database: db/blast_C0479-4F-1A_S25.faa
# 0 hits found
# BLASTN 2.9.0+
# Query: NC_011593.1:c2632432-2631140 Bifidobacterium longum subsp. infantis ATCC 15697, complete genome
# Database: db/blast_C0479-4F-1A_S25.faa
# 0 hits found
# BLASTN 2.9.0+
# Query: NC_011593.1:c2633881-2632562 Bifidobacterium longum subsp. infantis ATCC 15697, complete genome
# Database: db/blast_C0479-4F-1A_S25.faa
# 0 hits found
# BLASTN 2.9.0+
# Query: NC_011593.1:c2634683-2633865 Bifidobacterium longum subsp. infantis ATCC 15697, complete genome
# Database: db/blast_C0479-4F-1A_S25.faa
# 0 hits found
# BLASTN 2.9.0+
# Query: NC_011593.1:c2635627-2634680 Bifidobacterium longum subsp. infantis ATCC 15697, complete genome
# Database: db/blast_C0479-4F-1A_S25.faa
# 0 hits found
# BLASTN 2.9.0+
# Query: NC_011593.1:c2636747-2635629 Bifidobacterium longum subsp. infantis ATCC 15697, complete genome
# Database: db/blast_C0479-4F-1A_S25.faa
# 0 hits found
# BLAST processed 31 queries
