# BLASTN 2.9.0+
# Query: NC_011593.1:c2595355-2593832 Bifidobacterium longum subsp. infantis ATCC 15697, complete genome
# Database: db/blast_C0494-2E-1A_S95.faa
# Fields: query acc.ver, subject acc.ver, % identity, alignment length, mismatches, gap opens, q. start, q. end, s. start, s. end, evalue, bit score
# 117 hits found
NC_011593.1:c2595355-2593832	NB551033:109:HG7V5BGX9:2:21308:16425:19624#0/2	99.338	151	1	0	927	1077	151	1	3.57e-71	274
NC_011593.1:c2595355-2593832	NB551033:109:HG7V5BGX9:1:21201:15725:5422#0/2	99.333	150	1	0	986	1135	150	1	1.28e-70	272
NC_011593.1:c2595355-2593832	NB551033:109:HG7V5BGX9:3:21601:14123:2788#0/1	99.333	150	1	0	923	1072	150	1	1.28e-70	272
NC_011593.1:c2595355-2593832	NB551033:109:HG7V5BGX9:1:21201:15725:5422#0/1	99.333	150	1	0	949	1098	1	150	1.28e-70	272
NC_011593.1:c2595355-2593832	NB551033:109:HG7V5BGX9:2:12203:6493:19184#0/1	99.329	149	1	0	361	509	1	149	4.61e-70	270
NC_011593.1:c2595355-2593832	NB551033:109:HG7V5BGX9:4:11508:15403:2793#0/2	99.324	148	1	0	929	1076	1	148	1.66e-69	268
NC_011593.1:c2595355-2593832	NB551033:109:HG7V5BGX9:3:21408:25550:13694#0/2	98.667	150	2	0	738	887	1	150	5.97e-69	267
NC_011593.1:c2595355-2593832	NB551033:109:HG7V5BGX9:2:12203:6493:19184#0/2	98.667	150	2	0	419	568	150	1	5.97e-69	267
NC_011593.1:c2595355-2593832	NB551033:109:HG7V5BGX9:4:22402:21832:6622#0/2	98.658	149	2	0	971	1119	1	149	2.15e-68	265
NC_011593.1:c2595355-2593832	NB551033:109:HG7V5BGX9:2:13204:26104:17945#0/2	98.658	149	2	0	746	894	1	149	2.15e-68	265
NC_011593.1:c2595355-2593832	NB551033:109:HG7V5BGX9:1:12201:7888:10700#0/2	98.658	149	2	0	717	865	150	2	2.15e-68	265
NC_011593.1:c2595355-2593832	NB551033:109:HG7V5BGX9:4:23407:5010:11964#0/2	98.013	151	3	0	801	951	1	151	7.72e-68	263
NC_011593.1:c2595355-2593832	NB551033:109:HG7V5BGX9:1:12201:7888:10700#0/1	97.987	149	3	0	707	855	1	149	9.99e-67	259
NC_011593.1:c2595355-2593832	NB551033:109:HG7V5BGX9:4:23407:5010:11964#0/1	97.351	151	4	0	855	1005	151	1	3.59e-66	257
NC_011593.1:c2595355-2593832	NB551033:109:HG7V5BGX9:4:12509:9264:5646#0/1	97.351	151	4	0	80	230	1	151	3.59e-66	257
NC_011593.1:c2595355-2593832	NB551033:109:HG7V5BGX9:4:12405:13645:8726#0/1	97.973	148	3	0	546	693	1	148	3.59e-66	257
NC_011593.1:c2595355-2593832	NB551033:109:HG7V5BGX9:3:13604:21200:10012#0/1	97.351	151	4	0	122	272	151	1	3.59e-66	257
NC_011593.1:c2595355-2593832	NB551033:109:HG7V5BGX9:3:23602:2070:13165#0/2	97.333	150	4	0	126	275	150	1	1.29e-65	255
NC_011593.1:c2595355-2593832	NB551033:109:HG7V5BGX9:3:13604:21200:10012#0/2	97.333	150	4	0	52	201	1	150	1.29e-65	255
NC_011593.1:c2595355-2593832	NB551033:109:HG7V5BGX9:1:23203:8961:9711#0/2	97.333	150	4	0	886	1035	150	1	1.29e-65	255
NC_011593.1:c2595355-2593832	NB551033:109:HG7V5BGX9:4:21603:22628:8298#0/2	97.297	148	4	0	810	957	1	148	1.67e-64	252
NC_011593.1:c2595355-2593832	NB551033:109:HG7V5BGX9:4:21603:22628:8298#0/1	97.297	148	4	0	810	957	148	1	1.67e-64	252
NC_011593.1:c2595355-2593832	NB551033:109:HG7V5BGX9:2:12311:3487:19164#0/1	96.689	151	5	0	66	216	151	1	1.67e-64	252
NC_011593.1:c2595355-2593832	NB551033:109:HG7V5BGX9:4:12405:13645:8726#0/2	96.667	150	5	0	591	740	150	1	6.01e-64	250
NC_011593.1:c2595355-2593832	NB551033:109:HG7V5BGX9:2:21308:16425:19624#0/1	96.667	150	5	0	849	998	1	150	6.01e-64	250
NC_011593.1:c2595355-2593832	NB551033:109:HG7V5BGX9:1:23203:8961:9711#0/1	96.644	149	5	0	869	1017	1	149	2.16e-63	248
NC_011593.1:c2595355-2593832	NB551033:109:HG7V5BGX9:1:11303:9482:9290#0/2	97.241	145	4	0	1274	1418	147	3	7.78e-63	246
NC_011593.1:c2595355-2593832	NB551033:109:HG7V5BGX9:1:11107:5830:19175#0/2	97.241	145	4	0	1274	1418	147	3	7.78e-63	246
NC_011593.1:c2595355-2593832	NB551033:109:HG7V5BGX9:4:13610:15287:13768#0/1	96.026	151	6	0	610	760	1	151	7.78e-63	246
NC_011593.1:c2595355-2593832	NB551033:109:HG7V5BGX9:4:21407:22533:18520#0/2	98.551	138	2	0	384	521	138	1	2.80e-62	244
NC_011593.1:c2595355-2593832	NB551033:109:HG7V5BGX9:4:13610:15287:13768#0/2	96.000	150	6	0	627	776	150	1	2.80e-62	244
NC_011593.1:c2595355-2593832	NB551033:109:HG7V5BGX9:1:22111:14649:15198#0/2	96.000	150	6	0	660	809	150	1	2.80e-62	244
NC_011593.1:c2595355-2593832	NB551033:109:HG7V5BGX9:2:23205:9868:3409#0/1	96.000	150	6	0	627	776	150	1	2.80e-62	244
NC_011593.1:c2595355-2593832	NB551033:109:HG7V5BGX9:4:13402:12979:14179#0/2	97.857	140	3	0	1109	1248	1	140	1.01e-61	243
NC_011593.1:c2595355-2593832	NB551033:109:HG7V5BGX9:4:13402:12979:14179#0/1	97.857	140	3	0	1109	1248	140	1	1.01e-61	243
NC_011593.1:c2595355-2593832	NB551033:109:HG7V5BGX9:2:22201:3531:13740#0/2	98.529	136	2	0	489	624	136	1	3.62e-61	241
NC_011593.1:c2595355-2593832	NB551033:109:HG7V5BGX9:4:13403:26528:2894#0/2	95.333	150	7	0	869	1018	1	150	1.30e-60	239
NC_011593.1:c2595355-2593832	NB551033:109:HG7V5BGX9:2:22201:3531:13740#0/1	97.810	137	3	0	372	508	1	137	4.68e-60	237
NC_011593.1:c2595355-2593832	NB551033:109:HG7V5BGX9:4:12507:16918:17029#0/2	97.122	139	4	0	64	202	139	1	1.68e-59	235
NC_011593.1:c2595355-2593832	NB551033:109:HG7V5BGX9:4:21407:22533:18520#0/1	98.473	131	2	0	377	507	1	131	2.18e-58	231
NC_011593.1:c2595355-2593832	NB551033:109:HG7V5BGX9:2:23205:9868:3409#0/2	97.710	131	3	0	492	622	1	131	1.01e-56	226
NC_011593.1:c2595355-2593832	NB551033:109:HG7V5BGX9:3:12611:14472:4501#0/2	96.324	136	5	0	674	809	1	136	3.64e-56	224
NC_011593.1:c2595355-2593832	NB551033:109:HG7V5BGX9:4:23602:17850:4251#0/2	98.413	126	2	0	1104	1229	126	1	1.31e-55	222
NC_011593.1:c2595355-2593832	NB551033:109:HG7V5BGX9:3:12611:14472:4501#0/1	96.296	135	5	0	675	809	135	1	1.31e-55	222
NC_011593.1:c2595355-2593832	NB551033:109:HG7V5BGX9:1:13110:21908:7280#0/1	99.180	122	1	0	375	496	1	122	4.71e-55	220
NC_011593.1:c2595355-2593832	NB551033:109:HG7V5BGX9:1:12206:13031:8582#0/2	98.374	123	2	0	1263	1385	1	123	6.10e-54	217
NC_011593.1:c2595355-2593832	NB551033:109:HG7V5BGX9:1:22111:14649:15198#0/1	96.212	132	5	0	610	741	1	132	6.10e-54	217
NC_011593.1:c2595355-2593832	NB551033:109:HG7V5BGX9:3:21502:19450:13972#0/2	95.522	134	6	0	309	442	134	1	2.19e-53	215
NC_011593.1:c2595355-2593832	NB551033:109:HG7V5BGX9:1:13110:21908:7280#0/2	98.361	122	2	0	375	496	122	1	2.19e-53	215
NC_011593.1:c2595355-2593832	NB551033:109:HG7V5BGX9:3:21601:14123:2788#0/2	97.561	123	3	0	585	707	1	123	2.84e-52	211
NC_011593.1:c2595355-2593832	NB551033:109:HG7V5BGX9:4:11405:24671:7073#0/1	96.748	123	4	0	828	950	123	1	1.32e-50	206
NC_011593.1:c2595355-2593832	NB551033:109:HG7V5BGX9:2:12108:8731:7946#0/2	96.721	122	4	0	62	183	1	122	4.75e-50	204
NC_011593.1:c2595355-2593832	NB551033:109:HG7V5BGX9:2:12108:8731:7946#0/1	96.721	122	4	0	62	183	122	1	4.75e-50	204
NC_011593.1:c2595355-2593832	NB551033:109:HG7V5BGX9:2:13203:18795:8560#0/2	95.935	123	5	0	672	794	1	123	6.14e-49	200
NC_011593.1:c2595355-2593832	NB551033:109:HG7V5BGX9:2:13203:18795:8560#0/1	95.935	123	5	0	672	794	123	1	6.14e-49	200
NC_011593.1:c2595355-2593832	NB551033:109:HG7V5BGX9:1:11303:9482:9290#0/1	98.214	112	2	0	1258	1369	1	112	7.94e-48	196
NC_011593.1:c2595355-2593832	NB551033:109:HG7V5BGX9:4:23508:13564:9039#0/2	97.297	111	3	0	52	162	111	1	1.33e-45	189
NC_011593.1:c2595355-2593832	NB551033:109:HG7V5BGX9:3:11612:22970:12982#0/2	95.000	120	6	0	657	776	1	120	1.33e-45	189
NC_011593.1:c2595355-2593832	NB551033:109:HG7V5BGX9:1:23212:16338:12262#0/2	100.000	102	0	0	1001	1102	102	1	1.33e-45	189
NC_011593.1:c2595355-2593832	NB551033:109:HG7V5BGX9:4:23508:13564:9039#0/1	97.297	111	3	0	52	162	6	116	1.33e-45	189
NC_011593.1:c2595355-2593832	NB551033:109:HG7V5BGX9:3:11612:22970:12982#0/1	95.000	120	6	0	657	776	120	1	1.33e-45	189
NC_011593.1:c2595355-2593832	NB551033:109:HG7V5BGX9:3:11409:14586:3442#0/2	98.131	107	2	0	488	594	1	107	4.78e-45	187
NC_011593.1:c2595355-2593832	NB551033:109:HG7V5BGX9:3:11409:14586:3442#0/1	98.131	107	2	0	488	594	107	1	4.78e-45	187
NC_011593.1:c2595355-2593832	NB551033:109:HG7V5BGX9:2:13206:9182:7953#0/2	95.652	115	5	0	323	437	1	115	1.72e-44	185
NC_011593.1:c2595355-2593832	NB551033:109:HG7V5BGX9:1:21301:11462:14105#0/2	97.248	109	3	0	849	957	1	109	1.72e-44	185
NC_011593.1:c2595355-2593832	NB551033:109:HG7V5BGX9:2:13206:9182:7953#0/1	95.652	115	5	0	323	437	115	1	1.72e-44	185
NC_011593.1:c2595355-2593832	NB551033:109:HG7V5BGX9:1:21301:11462:14105#0/1	97.248	109	3	0	849	957	109	1	1.72e-44	185
NC_011593.1:c2595355-2593832	NB551033:109:HG7V5BGX9:4:13403:26528:2894#0/1	99.020	102	1	0	923	1024	102	1	6.18e-44	183
NC_011593.1:c2595355-2593832	NB551033:109:HG7V5BGX9:3:21408:17025:11111#0/2	97.143	105	3	0	52	156	1	105	2.88e-42	178
NC_011593.1:c2595355-2593832	NB551033:109:HG7V5BGX9:3:12405:15745:11355#0/2	97.143	105	3	0	1366	1470	107	3	2.88e-42	178
NC_011593.1:c2595355-2593832	NB551033:109:HG7V5BGX9:1:13304:22595:2180#0/2	95.495	111	5	0	635	745	111	1	2.88e-42	178
NC_011593.1:c2595355-2593832	NB551033:109:HG7V5BGX9:3:21408:17025:11111#0/1	97.143	105	3	0	52	156	105	1	2.88e-42	178
NC_011593.1:c2595355-2593832	NB551033:109:HG7V5BGX9:3:12405:15745:11355#0/1	97.143	105	3	0	1366	1470	1	105	2.88e-42	178
NC_011593.1:c2595355-2593832	NB551033:109:HG7V5BGX9:2:21107:17642:7476#0/1	97.143	105	3	0	1366	1470	1	105	2.88e-42	178
NC_011593.1:c2595355-2593832	NB551033:109:HG7V5BGX9:1:13304:22595:2180#0/1	95.495	111	5	0	635	745	1	111	2.88e-42	178
NC_011593.1:c2595355-2593832	NB551033:109:HG7V5BGX9:4:23405:14938:11985#0/2	97.059	102	3	0	1307	1408	102	1	1.34e-40	172
NC_011593.1:c2595355-2593832	NB551033:109:HG7V5BGX9:4:13512:16285:6169#0/2	97.059	102	3	0	1317	1418	104	3	1.34e-40	172
NC_011593.1:c2595355-2593832	NB551033:109:HG7V5BGX9:3:21408:25550:13694#0/1	95.370	108	5	0	843	950	108	1	1.34e-40	172
NC_011593.1:c2595355-2593832	NB551033:109:HG7V5BGX9:1:11107:5830:19175#0/1	97.980	99	2	0	1272	1370	1	99	1.34e-40	172
NC_011593.1:c2595355-2593832	NB551033:109:HG7V5BGX9:4:23509:16192:16168#0/2	100.000	92	0	0	986	1077	3	94	4.81e-40	171
NC_011593.1:c2595355-2593832	NB551033:109:HG7V5BGX9:4:23509:16192:16168#0/1	100.000	92	0	0	986	1077	92	1	4.81e-40	171
NC_011593.1:c2595355-2593832	NB551033:109:HG7V5BGX9:4:12507:16918:17029#0/1	96.970	99	3	0	64	162	1	99	6.23e-39	167
NC_011593.1:c2595355-2593832	NB551033:109:HG7V5BGX9:3:11401:22670:17935#0/2	98.913	92	1	0	372	463	92	1	2.24e-38	165
NC_011593.1:c2595355-2593832	NB551033:109:HG7V5BGX9:3:11401:22670:17935#0/1	98.913	92	1	0	372	463	1	92	2.24e-38	165
NC_011593.1:c2595355-2593832	NB551033:109:HG7V5BGX9:2:12207:8174:3015#0/2	100.000	87	0	0	999	1085	1	87	2.90e-37	161
NC_011593.1:c2595355-2593832	NB551033:109:HG7V5BGX9:2:12207:8174:3015#0/1	100.000	87	0	0	999	1085	87	1	2.90e-37	161
NC_011593.1:c2595355-2593832	NB551033:109:HG7V5BGX9:1:21104:23566:11659#0/2	100.000	85	0	0	427	511	1	85	3.75e-36	158
NC_011593.1:c2595355-2593832	NB551033:109:HG7V5BGX9:1:13210:16545:7348#0/2	98.864	88	1	0	591	678	1	88	3.75e-36	158
NC_011593.1:c2595355-2593832	NB551033:109:HG7V5BGX9:4:11509:21942:15829#0/1	97.802	91	2	0	441	531	91	1	3.75e-36	158
NC_011593.1:c2595355-2593832	NB551033:109:HG7V5BGX9:1:13210:16545:7348#0/1	98.864	88	1	0	591	678	90	3	3.75e-36	158
NC_011593.1:c2595355-2593832	NB551033:109:HG7V5BGX9:3:22412:15759:18807#0/1	96.703	91	3	0	1380	1470	1	91	1.74e-34	152
NC_011593.1:c2595355-2593832	NB551033:109:HG7V5BGX9:4:22402:21832:6622#0/1	97.674	86	2	0	1274	1359	86	1	2.26e-33	148
NC_011593.1:c2595355-2593832	NB551033:109:HG7V5BGX9:4:11508:15403:2793#0/1	97.647	85	2	0	1095	1179	85	1	8.11e-33	147
NC_011593.1:c2595355-2593832	NB551033:109:HG7V5BGX9:4:23405:14938:11985#0/1	97.531	81	2	0	1106	1186	1	81	1.36e-30	139
NC_011593.1:c2595355-2593832	NB551033:109:HG7V5BGX9:1:21104:23566:11659#0/1	98.701	77	1	0	602	678	79	3	4.88e-30	137
NC_011593.1:c2595355-2593832	NB551033:109:HG7V5BGX9:4:11405:24671:7073#0/2	95.294	85	4	0	828	912	1	85	1.76e-29	135
NC_011593.1:c2595355-2593832	NB551033:109:HG7V5BGX9:2:21103:17500:9652#0/2	100.000	73	0	0	999	1071	1	73	1.76e-29	135
NC_011593.1:c2595355-2593832	NB551033:109:HG7V5BGX9:2:21103:17500:9652#0/1	100.000	73	0	0	999	1071	73	1	1.76e-29	135
NC_011593.1:c2595355-2593832	NB551033:109:HG7V5BGX9:3:22412:15759:18807#0/2	97.436	78	2	0	1393	1470	116	39	6.32e-29	134
NC_011593.1:c2595355-2593832	NB551033:109:HG7V5BGX9:4:11509:21942:15829#0/2	96.250	80	3	0	338	417	2	81	2.27e-28	132
NC_011593.1:c2595355-2593832	NB551033:109:HG7V5BGX9:4:23610:12676:4937#0/1	97.368	76	2	0	1395	1470	1	76	8.17e-28	130
NC_011593.1:c2595355-2593832	NB551033:109:HG7V5BGX9:1:23212:16338:12262#0/1	100.000	70	0	0	1001	1070	1	70	8.17e-28	130
NC_011593.1:c2595355-2593832	NB551033:109:HG7V5BGX9:4:23602:17850:4251#0/1	98.611	72	1	0	949	1020	1	72	2.94e-27	128
NC_011593.1:c2595355-2593832	NB551033:109:HG7V5BGX9:2:13204:26104:17945#0/1	95.000	80	4	0	867	946	80	1	1.06e-26	126
NC_011593.1:c2595355-2593832	NB551033:109:HG7V5BGX9:2:22209:16450:8523#0/2	98.551	69	1	0	1181	1249	69	1	1.37e-25	122
NC_011593.1:c2595355-2593832	NB551033:109:HG7V5BGX9:2:22209:16450:8523#0/1	98.551	69	1	0	1181	1249	1	69	1.37e-25	122
NC_011593.1:c2595355-2593832	NB551033:109:HG7V5BGX9:4:23610:12676:4937#0/2	97.183	71	2	0	1400	1470	151	81	4.92e-25	121
NC_011593.1:c2595355-2593832	NB551033:109:HG7V5BGX9:2:12302:17343:5980#0/1	98.305	59	1	0	1412	1470	1	59	4.95e-20	104
NC_011593.1:c2595355-2593832	NB551033:109:HG7V5BGX9:1:23112:8981:6221#0/2	98.276	58	1	0	1342	1399	1	58	1.78e-19	102
NC_011593.1:c2595355-2593832	NB551033:109:HG7V5BGX9:1:11111:9680:15428#0/2	95.238	63	3	0	496	558	1	63	6.41e-19	100
NC_011593.1:c2595355-2593832	NB551033:109:HG7V5BGX9:4:22406:22351:5519#0/2	96.610	59	2	0	697	755	59	1	2.30e-18	99.0
NC_011593.1:c2595355-2593832	NB551033:109:HG7V5BGX9:4:22406:22351:5519#0/1	96.610	59	2	0	697	755	1	59	2.30e-18	99.0
NC_011593.1:c2595355-2593832	NB551033:109:HG7V5BGX9:4:13512:16285:6169#0/1	98.148	54	1	0	1317	1370	1	54	2.98e-17	95.3
NC_011593.1:c2595355-2593832	NB551033:109:HG7V5BGX9:2:22308:11433:16462#0/2	100.000	49	0	0	1422	1470	96	48	3.86e-16	91.6
NC_011593.1:c2595355-2593832	NB551033:109:HG7V5BGX9:2:22308:11433:16462#0/1	100.000	49	0	0	1422	1470	1	49	3.86e-16	91.6
NC_011593.1:c2595355-2593832	NB551033:109:HG7V5BGX9:4:23509:3729:2156#0/2	96.154	52	2	0	511	562	52	1	1.79e-14	86.1
NC_011593.1:c2595355-2593832	NB551033:109:HG7V5BGX9:4:23509:3729:2156#0/1	96.154	52	2	0	511	562	1	52	1.79e-14	86.1
# BLASTN 2.9.0+
# Query: NC_011593.1:c2597106-2595574 Bifidobacterium longum subsp. infantis ATCC 15697, complete genome
# Database: db/blast_C0494-2E-1A_S95.faa
# Fields: query acc.ver, subject acc.ver, % identity, alignment length, mismatches, gap opens, q. start, q. end, s. start, s. end, evalue, bit score
# 14 hits found
NC_011593.1:c2597106-2595574	NB551033:109:HG7V5BGX9:4:21407:22533:18520#0/2	95.522	134	6	0	386	519	136	3	2.21e-53	215
NC_011593.1:c2597106-2595574	NB551033:109:HG7V5BGX9:2:12311:3487:19164#0/2	95.935	123	5	0	1	123	25	147	6.18e-49	200
NC_011593.1:c2597106-2595574	NB551033:109:HG7V5BGX9:1:22108:3963:9565#0/1	95.833	120	5	0	1	120	12	131	2.87e-47	195
NC_011593.1:c2597106-2595574	NB551033:109:HG7V5BGX9:3:23602:2070:13165#0/1	95.575	113	5	0	1	113	39	151	2.24e-43	182
NC_011593.1:c2597106-2595574	NB551033:109:HG7V5BGX9:1:21104:23566:11659#0/2	98.795	83	1	0	427	509	1	83	2.27e-33	148
NC_011593.1:c2597106-2595574	NB551033:109:HG7V5BGX9:3:22412:15759:18807#0/2	97.436	78	2	0	1393	1470	116	39	6.35e-29	134
NC_011593.1:c2597106-2595574	NB551033:109:HG7V5BGX9:2:22204:19342:7394#0/2	100.000	72	0	0	1	72	72	1	6.35e-29	134
NC_011593.1:c2597106-2595574	NB551033:109:HG7V5BGX9:2:22204:19342:7394#0/1	100.000	72	0	0	1	72	34	105	6.35e-29	134
NC_011593.1:c2597106-2595574	NB551033:109:HG7V5BGX9:4:23610:12676:4937#0/1	97.368	76	2	0	1395	1470	1	76	8.22e-28	130
NC_011593.1:c2597106-2595574	NB551033:109:HG7V5BGX9:4:23610:12676:4937#0/2	97.183	71	2	0	1400	1470	151	81	4.95e-25	121
NC_011593.1:c2597106-2595574	NB551033:109:HG7V5BGX9:2:12302:17343:5980#0/1	98.305	59	1	0	1412	1470	1	59	4.98e-20	104
NC_011593.1:c2597106-2595574	NB551033:109:HG7V5BGX9:2:22308:11433:16462#0/2	100.000	49	0	0	1422	1470	96	48	3.88e-16	91.6
NC_011593.1:c2597106-2595574	NB551033:109:HG7V5BGX9:2:22308:11433:16462#0/1	100.000	49	0	0	1422	1470	1	49	3.88e-16	91.6
NC_011593.1:c2597106-2595574	NB551033:109:HG7V5BGX9:1:22208:22424:14481#0/1	100.000	41	0	0	1	41	27	67	1.09e-11	76.8
# BLASTN 2.9.0+
# Query: NC_011593.1:c2598562-2597207 Bifidobacterium longum subsp. infantis ATCC 15697, complete genome
# Database: db/blast_C0494-2E-1A_S95.faa
# Fields: query acc.ver, subject acc.ver, % identity, alignment length, mismatches, gap opens, q. start, q. end, s. start, s. end, evalue, bit score
# 124 hits found
NC_011593.1:c2598562-2597207	NB551033:109:HG7V5BGX9:2:11105:26233:6660#0/2	100.000	151	0	0	1161	1311	1	151	6.81e-73	279
NC_011593.1:c2598562-2597207	NB551033:109:HG7V5BGX9:4:13609:25206:12028#0/1	100.000	151	0	0	845	995	151	1	6.81e-73	279
NC_011593.1:c2598562-2597207	NB551033:109:HG7V5BGX9:2:21303:10649:3764#0/1	100.000	151	0	0	600	750	1	151	6.81e-73	279
NC_011593.1:c2598562-2597207	NB551033:109:HG7V5BGX9:2:21108:19973:11226#0/1	100.000	151	0	0	894	1044	1	151	6.81e-73	279
NC_011593.1:c2598562-2597207	NB551033:109:HG7V5BGX9:2:12207:13059:19804#0/1	100.000	151	0	0	720	870	1	151	6.81e-73	279
NC_011593.1:c2598562-2597207	NB551033:109:HG7V5BGX9:2:11105:26233:6660#0/1	100.000	151	0	0	1195	1345	151	1	6.81e-73	279
NC_011593.1:c2598562-2597207	NB551033:109:HG7V5BGX9:1:23312:6001:7972#0/1	100.000	151	0	0	452	602	1	151	6.81e-73	279
NC_011593.1:c2598562-2597207	NB551033:109:HG7V5BGX9:4:13405:6494:12297#0/2	100.000	150	0	0	668	817	1	150	2.45e-72	278
NC_011593.1:c2598562-2597207	NB551033:109:HG7V5BGX9:4:12609:22409:10028#0/2	100.000	150	0	0	608	757	150	1	2.45e-72	278
NC_011593.1:c2598562-2597207	NB551033:109:HG7V5BGX9:2:22107:19558:8385#0/2	100.000	150	0	0	244	393	1	150	2.45e-72	278
NC_011593.1:c2598562-2597207	NB551033:109:HG7V5BGX9:2:21303:10649:3764#0/2	100.000	150	0	0	705	854	150	1	2.45e-72	278
NC_011593.1:c2598562-2597207	NB551033:109:HG7V5BGX9:2:12304:9797:11962#0/2	100.000	150	0	0	186	335	1	150	2.45e-72	278
NC_011593.1:c2598562-2597207	NB551033:109:HG7V5BGX9:2:12204:5249:9361#0/2	100.000	150	0	0	454	603	150	1	2.45e-72	278
NC_011593.1:c2598562-2597207	NB551033:109:HG7V5BGX9:2:12106:18925:14538#0/2	100.000	150	0	0	704	853	1	150	2.45e-72	278
NC_011593.1:c2598562-2597207	NB551033:109:HG7V5BGX9:1:22210:7020:5675#0/2	100.000	150	0	0	330	479	150	1	2.45e-72	278
NC_011593.1:c2598562-2597207	NB551033:109:HG7V5BGX9:4:21608:11293:1831#0/1	100.000	150	0	0	457	606	1	150	2.45e-72	278
NC_011593.1:c2598562-2597207	NB551033:109:HG7V5BGX9:4:13405:6494:12297#0/1	100.000	150	0	0	752	901	150	1	2.45e-72	278
NC_011593.1:c2598562-2597207	NB551033:109:HG7V5BGX9:2:12207:13059:19804#0/2	100.000	149	0	0	768	916	149	1	8.80e-72	276
NC_011593.1:c2598562-2597207	NB551033:109:HG7V5BGX9:1:23102:24869:15001#0/2	100.000	149	0	0	1118	1266	1	149	8.80e-72	276
NC_011593.1:c2598562-2597207	NB551033:109:HG7V5BGX9:4:23406:4013:17272#0/1	100.000	149	0	0	1070	1218	149	1	8.80e-72	276
NC_011593.1:c2598562-2597207	NB551033:109:HG7V5BGX9:2:12204:5249:9361#0/1	100.000	149	0	0	453	601	1	149	8.80e-72	276
NC_011593.1:c2598562-2597207	NB551033:109:HG7V5BGX9:4:13609:25206:12028#0/2	99.338	151	1	0	764	914	1	151	3.17e-71	274
NC_011593.1:c2598562-2597207	NB551033:109:HG7V5BGX9:3:13509:6547:16862#0/2	100.000	148	0	0	147	294	1	148	3.17e-71	274
NC_011593.1:c2598562-2597207	NB551033:109:HG7V5BGX9:2:22309:19506:1719#0/2	100.000	148	0	0	537	684	1	148	3.17e-71	274
NC_011593.1:c2598562-2597207	NB551033:109:HG7V5BGX9:2:22309:19506:1719#0/1	99.338	151	1	0	781	931	151	1	3.17e-71	274
NC_011593.1:c2598562-2597207	NB551033:109:HG7V5BGX9:1:23205:7513:16306#0/1	100.000	147	0	0	1060	1206	147	1	1.14e-70	272
NC_011593.1:c2598562-2597207	NB551033:109:HG7V5BGX9:4:13608:4270:17190#0/1	100.000	146	0	0	823	968	1	146	4.10e-70	270
NC_011593.1:c2598562-2597207	NB551033:109:HG7V5BGX9:2:23203:24395:3625#0/2	100.000	143	0	0	1060	1202	8	150	1.91e-68	265
NC_011593.1:c2598562-2597207	NB551033:109:HG7V5BGX9:2:13101:14941:8974#0/1	98.658	149	2	0	789	937	1	149	1.91e-68	265
NC_011593.1:c2598562-2597207	NB551033:109:HG7V5BGX9:4:13608:4270:17190#0/2	98.630	146	2	0	823	968	146	1	8.87e-67	259
NC_011593.1:c2598562-2597207	NB551033:109:HG7V5BGX9:3:11612:24705:19533#0/1	99.301	143	1	0	511	653	1	143	8.87e-67	259
NC_011593.1:c2598562-2597207	NB551033:109:HG7V5BGX9:4:21608:11293:1831#0/2	100.000	139	0	0	552	690	139	1	3.19e-66	257
NC_011593.1:c2598562-2597207	NB551033:109:HG7V5BGX9:2:11106:20555:6374#0/2	100.000	138	0	0	1187	1324	138	1	1.15e-65	255
NC_011593.1:c2598562-2597207	NB551033:109:HG7V5BGX9:2:11106:20555:6374#0/1	100.000	138	0	0	1187	1324	1	138	1.15e-65	255
NC_011593.1:c2598562-2597207	NB551033:109:HG7V5BGX9:4:11412:26306:16167#0/1	100.000	134	0	0	1063	1196	134	1	1.92e-63	248
NC_011593.1:c2598562-2597207	NB551033:109:HG7V5BGX9:2:13101:14941:8974#0/2	100.000	132	0	0	917	1048	132	1	2.48e-62	244
NC_011593.1:c2598562-2597207	NB551033:109:HG7V5BGX9:1:23312:6001:7972#0/2	98.551	138	2	0	525	662	138	1	2.48e-62	244
NC_011593.1:c2598562-2597207	NB551033:109:HG7V5BGX9:3:11612:24705:19533#0/2	98.540	137	2	0	517	653	137	1	8.93e-62	243
NC_011593.1:c2598562-2597207	NB551033:109:HG7V5BGX9:4:12405:21056:17812#0/2	100.000	128	0	0	899	1026	1	128	4.15e-60	237
NC_011593.1:c2598562-2597207	NB551033:109:HG7V5BGX9:1:12109:8656:2771#0/2	100.000	124	0	0	560	683	1	124	6.95e-58	230
NC_011593.1:c2598562-2597207	NB551033:109:HG7V5BGX9:2:11212:17836:20156#0/2	100.000	123	0	0	650	772	123	1	2.50e-57	228
NC_011593.1:c2598562-2597207	NB551033:109:HG7V5BGX9:3:11411:18819:12182#0/2	100.000	120	0	0	1237	1356	1	120	1.16e-55	222
NC_011593.1:c2598562-2597207	NB551033:109:HG7V5BGX9:2:22207:11031:4440#0/2	100.000	116	0	0	1118	1233	1	116	1.95e-53	215
NC_011593.1:c2598562-2597207	NB551033:109:HG7V5BGX9:1:21112:18034:4211#0/1	98.347	121	2	0	138	258	4	124	7.00e-53	213
NC_011593.1:c2598562-2597207	NB551033:109:HG7V5BGX9:2:22207:11031:4440#0/1	99.138	116	1	0	1118	1233	116	1	9.06e-52	209
NC_011593.1:c2598562-2597207	NB551033:109:HG7V5BGX9:1:21304:8149:15807#0/2	100.000	112	0	0	492	603	1	112	3.26e-51	207
NC_011593.1:c2598562-2597207	NB551033:109:HG7V5BGX9:1:21304:8149:15807#0/1	100.000	112	0	0	492	603	112	1	3.26e-51	207
NC_011593.1:c2598562-2597207	NB551033:109:HG7V5BGX9:1:23102:24869:15001#0/1	100.000	111	0	0	1246	1356	151	41	1.17e-50	206
NC_011593.1:c2598562-2597207	NB551033:109:HG7V5BGX9:1:12109:8656:2771#0/1	100.000	111	0	0	797	907	111	1	1.17e-50	206
NC_011593.1:c2598562-2597207	NB551033:109:HG7V5BGX9:1:23107:12258:11672#0/2	100.000	107	0	0	600	706	1	107	1.96e-48	198
NC_011593.1:c2598562-2597207	NB551033:109:HG7V5BGX9:1:11202:10674:16860#0/2	100.000	107	0	0	324	430	107	1	1.96e-48	198
NC_011593.1:c2598562-2597207	NB551033:109:HG7V5BGX9:2:23203:24395:3625#0/1	100.000	107	0	0	1127	1233	107	1	1.96e-48	198
NC_011593.1:c2598562-2597207	NB551033:109:HG7V5BGX9:1:23107:12258:11672#0/1	100.000	107	0	0	600	706	107	1	1.96e-48	198
NC_011593.1:c2598562-2597207	NB551033:109:HG7V5BGX9:1:11202:10674:16860#0/1	100.000	107	0	0	324	430	1	107	1.96e-48	198
NC_011593.1:c2598562-2597207	NB551033:109:HG7V5BGX9:2:11212:17836:20156#0/1	100.000	106	0	0	626	731	1	106	7.05e-48	196
NC_011593.1:c2598562-2597207	NB551033:109:HG7V5BGX9:1:23112:18722:10788#0/2	100.000	105	0	0	314	418	1	105	2.54e-47	195
NC_011593.1:c2598562-2597207	NB551033:109:HG7V5BGX9:1:12207:12104:8658#0/2	100.000	105	0	0	1215	1319	105	1	2.54e-47	195
NC_011593.1:c2598562-2597207	NB551033:109:HG7V5BGX9:4:12609:22409:10028#0/1	99.074	108	1	0	364	471	1	108	2.54e-47	195
NC_011593.1:c2598562-2597207	NB551033:109:HG7V5BGX9:1:12207:12104:8658#0/1	100.000	105	0	0	1215	1319	1	105	2.54e-47	195
NC_011593.1:c2598562-2597207	NB551033:109:HG7V5BGX9:1:13102:10280:7630#0/2	100.000	102	0	0	138	239	50	151	1.18e-45	189
NC_011593.1:c2598562-2597207	NB551033:109:HG7V5BGX9:3:11603:13319:17222#0/1	100.000	99	0	0	960	1058	1	99	5.49e-44	183
NC_011593.1:c2598562-2597207	NB551033:109:HG7V5BGX9:1:13105:11690:8516#0/1	100.000	99	0	0	960	1058	1	99	5.49e-44	183
NC_011593.1:c2598562-2597207	NB551033:109:HG7V5BGX9:1:21304:24626:16153#0/2	100.000	96	0	0	645	740	1	96	2.55e-42	178
NC_011593.1:c2598562-2597207	NB551033:109:HG7V5BGX9:4:12405:21056:17812#0/1	100.000	96	0	0	948	1043	96	1	2.55e-42	178
NC_011593.1:c2598562-2597207	NB551033:109:HG7V5BGX9:3:21607:23919:9692#0/1	100.000	96	0	0	1063	1158	96	1	2.55e-42	178
NC_011593.1:c2598562-2597207	NB551033:109:HG7V5BGX9:1:21304:24626:16153#0/1	100.000	96	0	0	645	740	96	1	2.55e-42	178
NC_011593.1:c2598562-2597207	NB551033:109:HG7V5BGX9:1:22210:7020:5675#0/1	100.000	95	0	0	138	232	37	131	9.19e-42	176
NC_011593.1:c2598562-2597207	NB551033:109:HG7V5BGX9:1:23206:4622:15160#0/1	100.000	91	0	0	960	1050	1	91	1.54e-39	169
NC_011593.1:c2598562-2597207	NB551033:109:HG7V5BGX9:4:11412:26306:16167#0/2	98.889	90	1	0	1060	1149	61	150	2.57e-37	161
NC_011593.1:c2598562-2597207	NB551033:109:HG7V5BGX9:1:13102:10280:7630#0/1	100.000	85	0	0	318	402	85	1	3.33e-36	158
NC_011593.1:c2598562-2597207	NB551033:109:HG7V5BGX9:4:23512:21226:19767#0/1	100.000	82	0	0	138	219	82	1	1.55e-34	152
NC_011593.1:c2598562-2597207	NB551033:109:HG7V5BGX9:4:23405:6978:12447#0/1	100.000	82	0	0	138	219	82	1	1.55e-34	152
NC_011593.1:c2598562-2597207	NB551033:109:HG7V5BGX9:4:13404:1196:14309#0/2	98.810	84	1	0	795	878	84	1	5.57e-34	150
NC_011593.1:c2598562-2597207	NB551033:109:HG7V5BGX9:4:13404:1196:14309#0/1	98.810	84	1	0	795	878	1	84	5.57e-34	150
NC_011593.1:c2598562-2597207	NB551033:109:HG7V5BGX9:1:23206:4622:15160#0/2	96.629	89	3	0	976	1064	150	62	2.00e-33	148
NC_011593.1:c2598562-2597207	NB551033:109:HG7V5BGX9:4:22503:20399:5540#0/1	100.000	79	0	0	496	574	79	1	7.20e-33	147
NC_011593.1:c2598562-2597207	NB551033:109:HG7V5BGX9:2:22107:19558:8385#0/1	98.765	81	1	0	573	653	81	1	2.59e-32	145
NC_011593.1:c2598562-2597207	NB551033:109:HG7V5BGX9:4:23405:6978:12447#0/2	100.000	76	0	0	138	213	75	150	3.35e-31	141
NC_011593.1:c2598562-2597207	NB551033:109:HG7V5BGX9:4:13402:2347:10744#0/2	100.000	76	0	0	138	213	76	1	3.35e-31	141
NC_011593.1:c2598562-2597207	NB551033:109:HG7V5BGX9:2:11310:1577:8555#0/2	100.000	75	0	0	632	706	75	1	1.21e-30	139
NC_011593.1:c2598562-2597207	NB551033:109:HG7V5BGX9:1:21112:18034:4211#0/2	100.000	73	0	0	231	303	73	1	1.56e-29	135
NC_011593.1:c2598562-2597207	NB551033:109:HG7V5BGX9:2:12304:9797:11962#0/1	100.000	73	0	0	319	391	73	1	1.56e-29	135
NC_011593.1:c2598562-2597207	NB551033:109:HG7V5BGX9:1:12211:2236:8363#0/2	98.611	72	1	0	1168	1239	72	1	2.61e-27	128
NC_011593.1:c2598562-2597207	NB551033:109:HG7V5BGX9:1:12211:2236:8363#0/1	98.611	72	1	0	1168	1239	1	72	2.61e-27	128
NC_011593.1:c2598562-2597207	NB551033:109:HG7V5BGX9:4:13402:2347:10744#0/1	98.571	70	1	0	138	207	80	149	3.37e-26	124
NC_011593.1:c2598562-2597207	NB551033:109:HG7V5BGX9:2:12106:18925:14538#0/1	100.000	64	0	0	805	868	64	1	1.57e-24	119
NC_011593.1:c2598562-2597207	NB551033:109:HG7V5BGX9:1:23112:18722:10788#0/1	100.000	64	0	0	355	418	64	1	1.57e-24	119
NC_011593.1:c2598562-2597207	NB551033:109:HG7V5BGX9:1:21201:18284:9775#0/1	100.000	64	0	0	248	311	64	1	1.57e-24	119
NC_011593.1:c2598562-2597207	NB551033:109:HG7V5BGX9:2:22107:12177:18692#0/1	100.000	62	0	0	256	317	1	62	2.03e-23	115
NC_011593.1:c2598562-2597207	NB551033:109:HG7V5BGX9:3:23605:17536:19426#0/2	100.000	61	0	0	498	558	61	1	7.30e-23	113
NC_011593.1:c2598562-2597207	NB551033:109:HG7V5BGX9:3:22412:10552:6487#0/2	100.000	61	0	0	695	755	61	1	7.30e-23	113
NC_011593.1:c2598562-2597207	NB551033:109:HG7V5BGX9:4:22401:13526:13336#0/1	100.000	61	0	0	898	958	1	61	7.30e-23	113
NC_011593.1:c2598562-2597207	NB551033:109:HG7V5BGX9:1:23205:7513:16306#0/2	100.000	60	0	0	1060	1119	89	148	2.63e-22	111
NC_011593.1:c2598562-2597207	NB551033:109:HG7V5BGX9:1:13105:11690:8516#0/2	96.970	66	2	0	999	1064	150	85	2.63e-22	111
NC_011593.1:c2598562-2597207	NB551033:109:HG7V5BGX9:2:22107:12177:18692#0/2	98.387	62	1	0	256	317	62	1	9.45e-22	110
NC_011593.1:c2598562-2597207	NB551033:109:HG7V5BGX9:4:22401:13526:13336#0/2	98.333	60	1	0	899	958	60	1	1.22e-20	106
NC_011593.1:c2598562-2597207	NB551033:109:HG7V5BGX9:3:22412:10552:6487#0/1	100.000	57	0	0	387	443	1	57	1.22e-20	106
NC_011593.1:c2598562-2597207	NB551033:109:HG7V5BGX9:4:22503:20399:5540#0/2	95.385	65	3	0	479	543	1	65	4.40e-20	104
NC_011593.1:c2598562-2597207	NB551033:109:HG7V5BGX9:1:21201:18284:9775#0/2	100.000	56	0	0	159	214	1	56	4.40e-20	104
NC_011593.1:c2598562-2597207	NB551033:109:HG7V5BGX9:3:23605:17536:19426#0/1	98.305	59	1	0	413	471	1	59	4.40e-20	104
NC_011593.1:c2598562-2597207	NB551033:109:HG7V5BGX9:4:11504:16780:9458#0/2	100.000	55	0	0	1004	1058	1	55	1.58e-19	102
NC_011593.1:c2598562-2597207	NB551033:109:HG7V5BGX9:3:11411:18819:12182#0/1	100.000	55	0	0	1302	1356	150	96	1.58e-19	102
NC_011593.1:c2598562-2597207	NB551033:109:HG7V5BGX9:3:13509:6547:16862#0/1	98.246	57	1	0	437	493	57	1	5.69e-19	100
NC_011593.1:c2598562-2597207	NB551033:109:HG7V5BGX9:4:13403:4761:6416#0/2	100.000	53	0	0	429	481	53	1	2.05e-18	99.0
NC_011593.1:c2598562-2597207	NB551033:109:HG7V5BGX9:2:11310:1577:8555#0/1	98.182	55	1	0	533	587	1	55	7.36e-18	97.1
NC_011593.1:c2598562-2597207	NB551033:109:HG7V5BGX9:3:11608:4502:11034#0/2	98.148	54	1	0	682	735	1	54	2.65e-17	95.3
NC_011593.1:c2598562-2597207	NB551033:109:HG7V5BGX9:3:11608:4502:11034#0/1	100.000	51	0	0	834	884	51	1	2.65e-17	95.3
NC_011593.1:c2598562-2597207	NB551033:109:HG7V5BGX9:4:13403:4761:6416#0/1	100.000	50	0	0	145	194	1	50	9.52e-17	93.5
NC_011593.1:c2598562-2597207	NB551033:109:HG7V5BGX9:3:11603:13319:17222#0/2	96.364	55	2	0	1010	1064	151	97	3.42e-16	91.6
NC_011593.1:c2598562-2597207	NB551033:109:HG7V5BGX9:3:23405:19282:10517#0/2	96.296	54	2	0	1011	1064	104	51	1.23e-15	89.8
NC_011593.1:c2598562-2597207	NB551033:109:HG7V5BGX9:3:23405:19282:10517#0/1	100.000	48	0	0	1011	1058	1	48	1.23e-15	89.8
NC_011593.1:c2598562-2597207	NB551033:109:HG7V5BGX9:2:11101:7450:8920#0/1	97.872	47	1	0	1310	1356	1	47	2.06e-13	82.4
NC_011593.1:c2598562-2597207	NB551033:109:HG7V5BGX9:1:12201:6890:4559#0/2	100.000	41	0	0	1316	1356	135	95	9.58e-12	76.8
NC_011593.1:c2598562-2597207	NB551033:109:HG7V5BGX9:1:12201:6890:4559#0/1	100.000	41	0	0	1316	1356	1	41	9.58e-12	76.8
NC_011593.1:c2598562-2597207	NB551033:109:HG7V5BGX9:4:13411:4470:12694#0/2	100.000	36	0	0	1321	1356	1	36	5.77e-09	67.6
NC_011593.1:c2598562-2597207	NB551033:109:HG7V5BGX9:1:13103:15449:7601#0/2	100.000	36	0	0	1321	1356	147	112	5.77e-09	67.6
NC_011593.1:c2598562-2597207	NB551033:109:HG7V5BGX9:4:13411:4470:12694#0/1	100.000	36	0	0	1321	1356	131	96	5.77e-09	67.6
NC_011593.1:c2598562-2597207	NB551033:109:HG7V5BGX9:1:13103:15449:7601#0/1	100.000	36	0	0	1321	1356	1	36	5.77e-09	67.6
NC_011593.1:c2598562-2597207	NB551033:109:HG7V5BGX9:2:21108:19973:11226#0/2	95.000	40	2	0	1025	1064	151	112	7.46e-08	63.9
NC_011593.1:c2598562-2597207	NB551033:109:HG7V5BGX9:2:22207:18049:11220#0/2	100.000	29	0	0	1036	1064	126	98	4.49e-05	54.7
NC_011593.1:c2598562-2597207	NB551033:109:HG7V5BGX9:1:13312:11859:11442#0/2	100.000	29	0	0	138	166	29	1	4.49e-05	54.7
NC_011593.1:c2598562-2597207	NB551033:109:HG7V5BGX9:2:22207:18049:11220#0/1	100.000	29	0	0	1036	1064	1	29	4.49e-05	54.7
NC_011593.1:c2598562-2597207	NB551033:109:HG7V5BGX9:3:11512:16764:6593#0/2	100.000	28	0	0	1329	1356	1	28	1.62e-04	52.8
NC_011593.1:c2598562-2597207	NB551033:109:HG7V5BGX9:3:11512:16764:6593#0/1	100.000	28	0	0	1329	1356	123	96	1.62e-04	52.8
# BLASTN 2.9.0+
# Query: NC_011593.1:2598858-2601929 Bifidobacterium longum subsp. infantis ATCC 15697, complete genome
# Database: db/blast_C0494-2E-1A_S95.faa
# Fields: query acc.ver, subject acc.ver, % identity, alignment length, mismatches, gap opens, q. start, q. end, s. start, s. end, evalue, bit score
# 280 hits found
NC_011593.1:2598858-2601929	NB551033:109:HG7V5BGX9:1:13201:8450:11504#0/1	100.000	151	0	0	1742	1892	1	151	1.54e-72	279
NC_011593.1:2598858-2601929	NB551033:109:HG7V5BGX9:3:12609:10142:3958#0/2	100.000	150	0	0	1643	1792	150	1	5.54e-72	278
NC_011593.1:2598858-2601929	NB551033:109:HG7V5BGX9:2:12311:2896:12161#0/2	100.000	150	0	0	936	1085	1	150	5.54e-72	278
NC_011593.1:2598858-2601929	NB551033:109:HG7V5BGX9:1:22212:7669:4957#0/2	100.000	150	0	0	1590	1739	1	150	5.54e-72	278
NC_011593.1:2598858-2601929	NB551033:109:HG7V5BGX9:1:12108:1380:7459#0/2	100.000	150	0	0	1923	2072	1	150	5.54e-72	278
NC_011593.1:2598858-2601929	NB551033:109:HG7V5BGX9:4:13401:23761:16245#0/1	100.000	150	0	0	1694	1843	150	1	5.54e-72	278
NC_011593.1:2598858-2601929	NB551033:109:HG7V5BGX9:2:22305:13924:19662#0/1	100.000	150	0	0	911	1060	1	150	5.54e-72	278
NC_011593.1:2598858-2601929	NB551033:109:HG7V5BGX9:2:11201:3299:16432#0/1	100.000	150	0	0	1716	1865	1	150	5.54e-72	278
NC_011593.1:2598858-2601929	NB551033:109:HG7V5BGX9:1:22212:7669:4957#0/1	100.000	150	0	0	1666	1815	150	1	5.54e-72	278
NC_011593.1:2598858-2601929	NB551033:109:HG7V5BGX9:1:12203:20633:14772#0/1	100.000	150	0	0	365	514	150	1	5.54e-72	278
NC_011593.1:2598858-2601929	NB551033:109:HG7V5BGX9:1:12108:1380:7459#0/1	100.000	150	0	0	1973	2122	150	1	5.54e-72	278
NC_011593.1:2598858-2601929	NB551033:109:HG7V5BGX9:1:13203:13499:19199#0/2	99.338	151	1	0	1875	2025	151	1	7.17e-71	274
NC_011593.1:2598858-2601929	NB551033:109:HG7V5BGX9:1:12203:20633:14772#0/2	99.338	151	1	0	356	506	1	151	7.17e-71	274
NC_011593.1:2598858-2601929	NB551033:109:HG7V5BGX9:1:11310:18780:16200#0/2	99.338	151	1	0	379	529	151	1	7.17e-71	274
NC_011593.1:2598858-2601929	NB551033:109:HG7V5BGX9:1:11102:9890:6008#0/2	99.338	151	1	0	1781	1931	151	1	7.17e-71	274
NC_011593.1:2598858-2601929	NB551033:109:HG7V5BGX9:1:23212:26124:15418#0/1	100.000	148	0	0	1721	1868	148	1	7.17e-71	274
NC_011593.1:2598858-2601929	NB551033:109:HG7V5BGX9:1:11310:18780:16200#0/1	99.338	151	1	0	356	506	1	151	7.17e-71	274
NC_011593.1:2598858-2601929	NB551033:109:HG7V5BGX9:3:11610:14777:1793#0/2	99.333	150	1	0	345	494	150	1	2.58e-70	272
NC_011593.1:2598858-2601929	NB551033:109:HG7V5BGX9:2:11201:3299:16432#0/2	99.333	150	1	0	1779	1928	150	1	2.58e-70	272
NC_011593.1:2598858-2601929	NB551033:109:HG7V5BGX9:1:23212:26124:15418#0/2	99.333	150	1	0	1612	1761	1	150	2.58e-70	272
NC_011593.1:2598858-2601929	NB551033:109:HG7V5BGX9:1:13201:8450:11504#0/2	100.000	147	0	0	1963	2109	147	1	2.58e-70	272
NC_011593.1:2598858-2601929	NB551033:109:HG7V5BGX9:1:13112:14118:3546#0/2	99.333	150	1	0	690	839	150	1	2.58e-70	272
NC_011593.1:2598858-2601929	NB551033:109:HG7V5BGX9:4:13601:21101:2684#0/1	99.333	150	1	0	999	1148	1	150	2.58e-70	272
NC_011593.1:2598858-2601929	NB551033:109:HG7V5BGX9:3:13407:20005:16748#0/1	99.333	150	1	0	1842	1991	1	150	2.58e-70	272
NC_011593.1:2598858-2601929	NB551033:109:HG7V5BGX9:3:11610:14777:1793#0/1	99.333	150	1	0	300	449	1	150	2.58e-70	272
NC_011593.1:2598858-2601929	NB551033:109:HG7V5BGX9:2:22101:17557:5974#0/1	99.333	150	1	0	1805	1954	150	1	2.58e-70	272
NC_011593.1:2598858-2601929	NB551033:109:HG7V5BGX9:1:13203:13499:19199#0/1	99.333	150	1	0	1842	1991	1	150	2.58e-70	272
NC_011593.1:2598858-2601929	NB551033:109:HG7V5BGX9:2:21109:6539:10351#0/2	99.329	149	1	0	2210	2358	1	149	9.28e-70	270
NC_011593.1:2598858-2601929	NB551033:109:HG7V5BGX9:2:13207:5739:6320#0/2	99.329	149	1	0	2747	2895	1	149	9.28e-70	270
NC_011593.1:2598858-2601929	NB551033:109:HG7V5BGX9:4:21509:3710:4381#0/2	98.675	151	2	0	614	764	1	151	3.34e-69	268
NC_011593.1:2598858-2601929	NB551033:109:HG7V5BGX9:4:21412:7886:6077#0/2	98.675	151	2	0	2516	2666	1	151	3.34e-69	268
NC_011593.1:2598858-2601929	NB551033:109:HG7V5BGX9:3:23605:2847:18342#0/2	98.675	151	2	0	640	790	1	151	3.34e-69	268
NC_011593.1:2598858-2601929	NB551033:109:HG7V5BGX9:3:13407:20005:16748#0/2	99.324	148	1	0	1861	2008	148	1	3.34e-69	268
NC_011593.1:2598858-2601929	NB551033:109:HG7V5BGX9:2:13307:17414:6839#0/2	99.324	148	1	0	2211	2358	1	148	3.34e-69	268
NC_011593.1:2598858-2601929	NB551033:109:HG7V5BGX9:1:13309:21176:13042#0/2	99.324	148	1	0	115	262	148	1	3.34e-69	268
NC_011593.1:2598858-2601929	NB551033:109:HG7V5BGX9:1:11210:15069:12275#0/2	98.675	151	2	0	1244	1394	151	1	3.34e-69	268
NC_011593.1:2598858-2601929	NB551033:109:HG7V5BGX9:2:23103:8199:19463#0/1	98.675	151	2	0	97	247	151	1	3.34e-69	268
NC_011593.1:2598858-2601929	NB551033:109:HG7V5BGX9:2:22202:13404:8094#0/1	98.675	151	2	0	2754	2904	1	151	3.34e-69	268
NC_011593.1:2598858-2601929	NB551033:109:HG7V5BGX9:2:12311:2896:12161#0/1	98.675	151	2	0	1030	1180	151	1	3.34e-69	268
NC_011593.1:2598858-2601929	NB551033:109:HG7V5BGX9:1:13309:21176:13042#0/1	99.324	148	1	0	115	262	1	148	3.34e-69	268
NC_011593.1:2598858-2601929	NB551033:109:HG7V5BGX9:4:21508:22835:10565#0/2	98.667	150	2	0	96	245	1	150	1.20e-68	267
NC_011593.1:2598858-2601929	NB551033:109:HG7V5BGX9:4:13402:11210:7450#0/2	98.667	150	2	0	646	795	1	150	1.20e-68	267
NC_011593.1:2598858-2601929	NB551033:109:HG7V5BGX9:4:12603:4102:11164#0/2	98.667	150	2	0	2876	3025	150	1	1.20e-68	267
NC_011593.1:2598858-2601929	NB551033:109:HG7V5BGX9:3:22505:4886:11047#0/2	98.667	150	2	0	1073	1222	150	1	1.20e-68	267
NC_011593.1:2598858-2601929	NB551033:109:HG7V5BGX9:2:22202:13404:8094#0/2	98.667	150	2	0	2819	2968	150	1	1.20e-68	267
NC_011593.1:2598858-2601929	NB551033:109:HG7V5BGX9:1:12208:11387:7330#0/2	98.667	150	2	0	2404	2553	1	150	1.20e-68	267
NC_011593.1:2598858-2601929	NB551033:109:HG7V5BGX9:4:22501:6156:3056#0/1	98.667	150	2	0	1326	1475	150	1	1.20e-68	267
NC_011593.1:2598858-2601929	NB551033:109:HG7V5BGX9:4:21509:3710:4381#0/1	98.667	150	2	0	658	807	150	1	1.20e-68	267
NC_011593.1:2598858-2601929	NB551033:109:HG7V5BGX9:3:23510:23414:13600#0/1	98.667	150	2	0	588	737	150	1	1.20e-68	267
NC_011593.1:2598858-2601929	NB551033:109:HG7V5BGX9:2:11106:24731:14989#0/1	98.667	150	2	0	2785	2934	1	150	1.20e-68	267
NC_011593.1:2598858-2601929	NB551033:109:HG7V5BGX9:1:21112:3673:17339#0/1	98.667	150	2	0	641	790	150	1	1.20e-68	267
NC_011593.1:2598858-2601929	NB551033:109:HG7V5BGX9:4:22608:26222:20198#0/2	98.658	149	2	0	2813	2961	1	149	4.32e-68	265
NC_011593.1:2598858-2601929	NB551033:109:HG7V5BGX9:2:23103:8199:19463#0/2	98.658	149	2	0	50	198	1	149	4.32e-68	265
NC_011593.1:2598858-2601929	NB551033:109:HG7V5BGX9:1:21107:4839:3586#0/2	98.658	149	2	0	1240	1388	1	149	4.32e-68	265
NC_011593.1:2598858-2601929	NB551033:109:HG7V5BGX9:1:11305:8802:6248#0/2	98.658	149	2	0	2770	2918	149	1	4.32e-68	265
NC_011593.1:2598858-2601929	NB551033:109:HG7V5BGX9:4:23403:20682:20333#0/2	98.013	151	3	0	1266	1416	1	151	1.55e-67	263
NC_011593.1:2598858-2601929	NB551033:109:HG7V5BGX9:4:21506:17360:16099#0/2	98.013	151	3	0	965	1115	151	1	1.55e-67	263
NC_011593.1:2598858-2601929	NB551033:109:HG7V5BGX9:3:21510:9493:14107#0/2	98.013	151	3	0	1199	1349	151	1	1.55e-67	263
NC_011593.1:2598858-2601929	NB551033:109:HG7V5BGX9:2:22305:13924:19662#0/2	98.013	151	3	0	1077	1227	151	1	1.55e-67	263
NC_011593.1:2598858-2601929	NB551033:109:HG7V5BGX9:2:11103:21909:18276#0/2	98.013	151	3	0	2341	2491	1	151	1.55e-67	263
NC_011593.1:2598858-2601929	NB551033:109:HG7V5BGX9:1:21112:3673:17339#0/2	98.649	148	2	0	627	774	1	148	1.55e-67	263
NC_011593.1:2598858-2601929	NB551033:109:HG7V5BGX9:4:21412:7886:6077#0/1	98.013	151	3	0	2607	2757	151	1	1.55e-67	263
NC_011593.1:2598858-2601929	NB551033:109:HG7V5BGX9:4:12411:2044:3030#0/1	98.013	151	3	0	1111	1261	1	151	1.55e-67	263
NC_011593.1:2598858-2601929	NB551033:109:HG7V5BGX9:3:21510:9493:14107#0/1	98.013	151	3	0	1172	1322	1	151	1.55e-67	263
NC_011593.1:2598858-2601929	NB551033:109:HG7V5BGX9:2:11103:21909:18276#0/1	98.013	151	3	0	2347	2497	151	1	1.55e-67	263
NC_011593.1:2598858-2601929	NB551033:109:HG7V5BGX9:1:21107:4839:3586#0/1	98.013	151	3	0	1293	1443	151	1	1.55e-67	263
NC_011593.1:2598858-2601929	NB551033:109:HG7V5BGX9:1:11210:15069:12275#0/1	98.013	151	3	0	1209	1359	1	151	1.55e-67	263
NC_011593.1:2598858-2601929	NB551033:109:HG7V5BGX9:1:11204:23767:3962#0/1	98.013	151	3	0	1045	1195	1	151	1.55e-67	263
NC_011593.1:2598858-2601929	NB551033:109:HG7V5BGX9:4:22501:6156:3056#0/2	98.639	147	2	0	1235	1381	5	151	5.58e-67	261
NC_011593.1:2598858-2601929	NB551033:109:HG7V5BGX9:4:13601:21101:2684#0/2	98.000	150	3	0	1099	1248	150	1	5.58e-67	261
NC_011593.1:2598858-2601929	NB551033:109:HG7V5BGX9:4:12411:2044:3030#0/2	98.000	150	3	0	1155	1304	151	2	5.58e-67	261
NC_011593.1:2598858-2601929	NB551033:109:HG7V5BGX9:3:21502:13757:9891#0/2	98.000	150	3	0	2682	2831	1	150	5.58e-67	261
NC_011593.1:2598858-2601929	NB551033:109:HG7V5BGX9:3:12504:23880:7726#0/2	98.000	150	3	0	2637	2786	150	1	5.58e-67	261
NC_011593.1:2598858-2601929	NB551033:109:HG7V5BGX9:1:12309:4047:5129#0/2	98.639	147	2	0	729	875	147	1	5.58e-67	261
NC_011593.1:2598858-2601929	NB551033:109:HG7V5BGX9:1:11107:19160:12453#0/2	98.000	150	3	0	739	888	150	1	5.58e-67	261
NC_011593.1:2598858-2601929	NB551033:109:HG7V5BGX9:4:11604:20899:1292#0/1	98.000	150	3	0	2545	2694	150	1	5.58e-67	261
NC_011593.1:2598858-2601929	NB551033:109:HG7V5BGX9:2:21109:6539:10351#0/1	97.987	149	3	0	2242	2390	150	2	2.01e-66	259
NC_011593.1:2598858-2601929	NB551033:109:HG7V5BGX9:2:13307:17414:6839#0/1	97.351	151	4	0	2256	2406	151	1	7.22e-66	257
NC_011593.1:2598858-2601929	NB551033:109:HG7V5BGX9:4:11604:20899:1292#0/2	97.333	150	4	0	2539	2688	1	150	2.60e-65	255
NC_011593.1:2598858-2601929	NB551033:109:HG7V5BGX9:2:21304:22449:8941#0/2	97.333	150	4	0	2641	2790	150	1	2.60e-65	255
NC_011593.1:2598858-2601929	NB551033:109:HG7V5BGX9:1:12209:12059:11530#0/2	99.291	141	1	0	168	308	1	141	2.60e-65	255
NC_011593.1:2598858-2601929	NB551033:109:HG7V5BGX9:3:12504:23880:7726#0/1	97.959	147	3	0	2489	2635	1	147	2.60e-65	255
NC_011593.1:2598858-2601929	NB551033:109:HG7V5BGX9:2:21202:21587:7601#0/1	97.959	147	3	0	99	245	1	147	2.60e-65	255
NC_011593.1:2598858-2601929	NB551033:109:HG7V5BGX9:2:13104:12416:4828#0/1	97.333	150	4	0	1425	1574	1	150	2.60e-65	255
NC_011593.1:2598858-2601929	NB551033:109:HG7V5BGX9:4:21508:9483:3338#0/2	96.689	151	5	0	1494	1644	151	1	3.36e-64	252
NC_011593.1:2598858-2601929	NB551033:109:HG7V5BGX9:4:21506:17360:16099#0/1	96.689	151	5	0	826	976	1	151	3.36e-64	252
NC_011593.1:2598858-2601929	NB551033:109:HG7V5BGX9:4:21412:20437:7638#0/1	96.689	151	5	0	455	605	1	151	3.36e-64	252
NC_011593.1:2598858-2601929	NB551033:109:HG7V5BGX9:3:11506:13386:2405#0/1	96.689	151	5	0	826	976	1	151	3.36e-64	252
NC_011593.1:2598858-2601929	NB551033:109:HG7V5BGX9:4:23501:11096:9232#0/2	96.667	150	5	0	739	888	150	1	1.21e-63	250
NC_011593.1:2598858-2601929	NB551033:109:HG7V5BGX9:2:13108:19932:2384#0/1	96.667	150	5	0	459	608	1	150	1.21e-63	250
NC_011593.1:2598858-2601929	NB551033:109:HG7V5BGX9:4:22511:21577:11765#0/2	99.270	137	1	0	964	1100	1	137	4.35e-63	248
NC_011593.1:2598858-2601929	NB551033:109:HG7V5BGX9:4:11403:8290:18925#0/2	99.270	137	1	0	2911	3047	137	1	4.35e-63	248
NC_011593.1:2598858-2601929	NB551033:109:HG7V5BGX9:2:21304:22449:8941#0/1	98.571	140	2	0	2496	2635	1	140	4.35e-63	248
NC_011593.1:2598858-2601929	NB551033:109:HG7V5BGX9:1:11101:8142:15391#0/2	97.887	142	3	0	2078	2219	1	142	1.56e-62	246
NC_011593.1:2598858-2601929	NB551033:109:HG7V5BGX9:4:11605:25364:16383#0/1	96.622	148	5	0	2083	2230	1	148	1.56e-62	246
NC_011593.1:2598858-2601929	NB551033:109:HG7V5BGX9:1:12102:18566:16261#0/1	96.026	151	6	0	836	986	151	1	1.56e-62	246
NC_011593.1:2598858-2601929	NB551033:109:HG7V5BGX9:4:11605:25364:16383#0/2	100.000	132	0	0	2161	2292	132	1	5.62e-62	244
NC_011593.1:2598858-2601929	NB551033:109:HG7V5BGX9:1:22103:6046:16015#0/2	96.000	150	6	0	451	600	150	1	5.62e-62	244
NC_011593.1:2598858-2601929	NB551033:109:HG7V5BGX9:1:12109:26819:7458#0/2	98.540	137	2	0	1923	2059	1	137	2.02e-61	243
NC_011593.1:2598858-2601929	NB551033:109:HG7V5BGX9:1:11204:23767:3962#0/2	97.857	140	3	0	1059	1198	140	1	2.02e-61	243
NC_011593.1:2598858-2601929	NB551033:109:HG7V5BGX9:4:21412:20437:7638#0/2	95.946	148	6	0	502	649	148	1	7.27e-61	241
NC_011593.1:2598858-2601929	NB551033:109:HG7V5BGX9:1:12102:18566:16261#0/2	95.364	151	7	0	784	934	1	151	7.27e-61	241
NC_011593.1:2598858-2601929	NB551033:109:HG7V5BGX9:3:12608:3937:12122#0/2	98.519	135	2	0	47	181	135	1	2.62e-60	239
NC_011593.1:2598858-2601929	NB551033:109:HG7V5BGX9:1:13312:17459:16152#0/2	97.163	141	4	0	2645	2785	141	1	2.62e-60	239
NC_011593.1:2598858-2601929	NB551033:109:HG7V5BGX9:3:12501:3872:18606#0/2	97.778	135	3	0	2938	3072	1	135	1.22e-58	233
NC_011593.1:2598858-2601929	NB551033:109:HG7V5BGX9:1:22111:12352:4501#0/2	98.485	132	2	0	419	550	135	4	1.22e-58	233
NC_011593.1:2598858-2601929	NB551033:109:HG7V5BGX9:1:13312:17459:16152#0/1	96.454	141	5	0	2645	2785	1	141	1.22e-58	233
NC_011593.1:2598858-2601929	NB551033:109:HG7V5BGX9:2:22101:17557:5974#0/2	100.000	125	0	0	1703	1827	1	125	4.38e-58	231
NC_011593.1:2598858-2601929	NB551033:109:HG7V5BGX9:3:12501:3872:18606#0/1	97.761	134	3	0	2939	3072	141	8	4.38e-58	231
NC_011593.1:2598858-2601929	NB551033:109:HG7V5BGX9:4:22403:21780:5010#0/2	98.450	129	2	0	1172	1300	1	129	5.66e-57	228
NC_011593.1:2598858-2601929	NB551033:109:HG7V5BGX9:2:13111:25507:4075#0/2	97.727	132	3	0	1128	1259	132	1	5.66e-57	228
NC_011593.1:2598858-2601929	NB551033:109:HG7V5BGX9:4:22403:21780:5010#0/1	98.450	129	2	0	1172	1300	129	1	5.66e-57	228
NC_011593.1:2598858-2601929	NB551033:109:HG7V5BGX9:2:13111:25507:4075#0/1	97.727	132	3	0	1128	1259	1	132	5.66e-57	228
NC_011593.1:2598858-2601929	NB551033:109:HG7V5BGX9:4:21609:18269:16070#0/1	97.692	130	3	0	1025	1154	130	1	7.32e-56	224
NC_011593.1:2598858-2601929	NB551033:109:HG7V5BGX9:2:23208:19972:14203#0/2	100.000	120	0	0	936	1055	120	1	2.63e-55	222
NC_011593.1:2598858-2601929	NB551033:109:HG7V5BGX9:2:23208:19972:14203#0/1	100.000	120	0	0	936	1055	1	120	2.63e-55	222
NC_011593.1:2598858-2601929	NB551033:109:HG7V5BGX9:3:12501:12662:2590#0/2	98.400	125	2	0	2883	3007	1	125	9.47e-55	220
NC_011593.1:2598858-2601929	NB551033:109:HG7V5BGX9:2:11106:24731:14989#0/2	97.656	128	3	0	2945	3072	151	24	9.47e-55	220
NC_011593.1:2598858-2601929	NB551033:109:HG7V5BGX9:3:12501:12662:2590#0/1	98.400	125	2	0	2883	3007	125	1	9.47e-55	220
NC_011593.1:2598858-2601929	NB551033:109:HG7V5BGX9:1:22111:12352:4501#0/1	97.656	128	3	0	419	546	1	128	9.47e-55	220
NC_011593.1:2598858-2601929	NB551033:109:HG7V5BGX9:4:22407:9026:1570#0/2	99.174	121	1	0	2234	2354	1	121	3.41e-54	219
NC_011593.1:2598858-2601929	NB551033:109:HG7V5BGX9:4:22407:9026:1570#0/1	99.174	121	1	0	2234	2354	121	1	3.41e-54	219
NC_011593.1:2598858-2601929	NB551033:109:HG7V5BGX9:1:22103:6046:16015#0/1	99.167	120	1	0	115	234	1	120	1.23e-53	217
NC_011593.1:2598858-2601929	NB551033:109:HG7V5BGX9:2:21107:5796:13537#0/1	100.000	115	0	0	2000	2114	1	115	1.59e-52	213
NC_011593.1:2598858-2601929	NB551033:109:HG7V5BGX9:2:21308:9016:16094#0/2	99.145	117	1	0	29	145	117	1	5.70e-52	211
NC_011593.1:2598858-2601929	NB551033:109:HG7V5BGX9:1:13305:20499:17606#0/2	96.124	129	5	0	799	927	129	1	5.70e-52	211
NC_011593.1:2598858-2601929	NB551033:109:HG7V5BGX9:3:12609:10142:3958#0/1	100.000	114	0	0	1593	1706	1	114	5.70e-52	211
NC_011593.1:2598858-2601929	NB551033:109:HG7V5BGX9:1:13305:20499:17606#0/1	96.124	129	5	0	799	927	1	129	5.70e-52	211
NC_011593.1:2598858-2601929	NB551033:109:HG7V5BGX9:2:21106:6410:9282#0/2	97.541	122	3	0	2672	2793	122	1	2.05e-51	209
NC_011593.1:2598858-2601929	NB551033:109:HG7V5BGX9:2:13108:19932:2384#0/2	99.138	116	1	0	692	807	116	1	2.05e-51	209
NC_011593.1:2598858-2601929	NB551033:109:HG7V5BGX9:4:23604:15295:5938#0/1	97.541	122	3	0	2124	2245	1	122	2.05e-51	209
NC_011593.1:2598858-2601929	NB551033:109:HG7V5BGX9:2:21106:6410:9282#0/1	97.541	122	3	0	2672	2793	1	122	2.05e-51	209
NC_011593.1:2598858-2601929	NB551033:109:HG7V5BGX9:3:11506:13386:2405#0/2	100.000	112	0	0	957	1068	112	1	7.38e-51	207
NC_011593.1:2598858-2601929	NB551033:109:HG7V5BGX9:4:23403:20682:20333#0/1	98.305	118	2	0	1316	1433	118	1	7.38e-51	207
NC_011593.1:2598858-2601929	NB551033:109:HG7V5BGX9:4:21508:9483:3338#0/1	96.774	124	4	0	1469	1592	1	124	7.38e-51	207
NC_011593.1:2598858-2601929	NB551033:109:HG7V5BGX9:4:12503:6659:7883#0/2	99.123	114	1	0	2937	3050	1	114	2.65e-50	206
NC_011593.1:2598858-2601929	NB551033:109:HG7V5BGX9:4:12503:6659:7883#0/1	99.123	114	1	0	2937	3050	116	3	2.65e-50	206
NC_011593.1:2598858-2601929	NB551033:109:HG7V5BGX9:1:21310:6079:9882#0/2	99.115	113	1	0	262	374	113	1	9.54e-50	204
NC_011593.1:2598858-2601929	NB551033:109:HG7V5BGX9:2:13207:5739:6320#0/1	98.276	116	2	0	2818	2933	116	1	9.54e-50	204
NC_011593.1:2598858-2601929	NB551033:109:HG7V5BGX9:3:22509:5931:6950#0/2	100.000	109	0	0	1558	1666	3	111	3.43e-49	202
NC_011593.1:2598858-2601929	NB551033:109:HG7V5BGX9:2:23210:18747:1903#0/2	98.261	115	2	0	553	667	115	1	3.43e-49	202
NC_011593.1:2598858-2601929	NB551033:109:HG7V5BGX9:2:23210:18747:1903#0/1	98.261	115	2	0	553	667	1	115	3.43e-49	202
NC_011593.1:2598858-2601929	NB551033:109:HG7V5BGX9:1:13105:21951:3244#0/2	95.935	123	5	0	448	570	1	123	1.23e-48	200
NC_011593.1:2598858-2601929	NB551033:109:HG7V5BGX9:2:13206:17857:3664#0/1	99.099	111	1	0	288	398	111	1	1.23e-48	200
NC_011593.1:2598858-2601929	NB551033:109:HG7V5BGX9:1:13105:21951:3244#0/1	95.935	123	5	0	448	570	123	1	1.23e-48	200
NC_011593.1:2598858-2601929	NB551033:109:HG7V5BGX9:1:22206:10627:15113#0/2	100.000	107	0	0	379	485	1	107	4.44e-48	198
NC_011593.1:2598858-2601929	NB551033:109:HG7V5BGX9:2:21308:9016:16094#0/1	98.230	113	2	0	29	141	1	113	4.44e-48	198
NC_011593.1:2598858-2601929	NB551033:109:HG7V5BGX9:1:22206:10627:15113#0/1	100.000	107	0	0	379	485	107	1	4.44e-48	198
NC_011593.1:2598858-2601929	NB551033:109:HG7V5BGX9:4:13501:1554:8341#0/1	96.610	118	4	0	2640	2757	118	1	1.60e-47	196
NC_011593.1:2598858-2601929	NB551033:109:HG7V5BGX9:1:11311:8256:10342#0/1	98.198	111	2	0	648	758	2	112	5.74e-47	195
NC_011593.1:2598858-2601929	NB551033:109:HG7V5BGX9:1:12305:12613:11062#0/2	97.345	113	3	0	2645	2757	1	113	2.07e-46	193
NC_011593.1:2598858-2601929	NB551033:109:HG7V5BGX9:1:11302:26470:13101#0/2	97.345	113	3	0	1209	1321	1	113	2.07e-46	193
NC_011593.1:2598858-2601929	NB551033:109:HG7V5BGX9:1:11302:26470:13101#0/1	97.345	113	3	0	1209	1321	113	1	2.07e-46	193
NC_011593.1:2598858-2601929	NB551033:109:HG7V5BGX9:2:21202:21587:7601#0/2	97.321	112	3	0	134	245	112	1	7.43e-46	191
NC_011593.1:2598858-2601929	NB551033:109:HG7V5BGX9:1:12305:12613:11062#0/1	97.297	111	3	0	2647	2757	111	1	2.67e-45	189
NC_011593.1:2598858-2601929	NB551033:109:HG7V5BGX9:4:13401:23761:16245#0/2	100.000	101	0	0	1635	1735	1	101	9.61e-45	187
NC_011593.1:2598858-2601929	NB551033:109:HG7V5BGX9:3:11602:12725:15117#0/1	99.038	104	1	0	1012	1115	104	1	9.61e-45	187
NC_011593.1:2598858-2601929	NB551033:109:HG7V5BGX9:1:12208:11387:7330#0/1	97.273	110	3	0	2537	2646	110	1	9.61e-45	187
NC_011593.1:2598858-2601929	NB551033:109:HG7V5BGX9:3:11602:12725:15117#0/2	99.029	103	1	0	1012	1114	1	103	3.46e-44	185
NC_011593.1:2598858-2601929	NB551033:109:HG7V5BGX9:4:21609:18269:16070#0/2	95.575	113	5	0	867	979	1	113	4.47e-43	182
NC_011593.1:2598858-2601929	NB551033:109:HG7V5BGX9:2:13308:2535:14749#0/2	97.196	107	3	0	2680	2786	1	107	4.47e-43	182
NC_011593.1:2598858-2601929	NB551033:109:HG7V5BGX9:2:13308:2535:14749#0/1	97.196	107	3	0	2680	2786	107	1	4.47e-43	182
NC_011593.1:2598858-2601929	NB551033:109:HG7V5BGX9:1:11305:8802:6248#0/1	96.364	110	4	0	2643	2752	1	110	4.47e-43	182
NC_011593.1:2598858-2601929	NB551033:109:HG7V5BGX9:3:13410:17837:6241#0/1	97.170	106	3	0	2967	3072	113	8	1.61e-42	180
NC_011593.1:2598858-2601929	NB551033:109:HG7V5BGX9:3:11411:7698:16262#0/1	99.000	100	1	0	1	100	5	104	1.61e-42	180
NC_011593.1:2598858-2601929	NB551033:109:HG7V5BGX9:2:12102:5390:18638#0/1	99.000	100	1	0	1373	1472	100	1	1.61e-42	180
NC_011593.1:2598858-2601929	NB551033:109:HG7V5BGX9:4:21609:5703:19286#0/1	98.039	102	2	0	442	543	1	102	5.78e-42	178
NC_011593.1:2598858-2601929	NB551033:109:HG7V5BGX9:3:22505:4886:11047#0/1	98.990	99	1	0	1040	1138	1	99	5.78e-42	178
NC_011593.1:2598858-2601929	NB551033:109:HG7V5BGX9:3:23502:21295:10113#0/2	98.980	98	1	0	2588	2685	98	1	2.08e-41	176
NC_011593.1:2598858-2601929	NB551033:109:HG7V5BGX9:2:11306:10952:2245#0/2	98.980	98	1	0	705	802	98	1	2.08e-41	176
NC_011593.1:2598858-2601929	NB551033:109:HG7V5BGX9:3:22608:5174:17894#0/1	98.958	96	1	0	2865	2960	96	1	2.69e-40	172
NC_011593.1:2598858-2601929	NB551033:109:HG7V5BGX9:4:21609:5703:19286#0/2	95.327	107	5	0	475	581	107	1	9.68e-40	171
NC_011593.1:2598858-2601929	NB551033:109:HG7V5BGX9:4:13403:14877:17731#0/2	98.947	95	1	0	2232	2326	95	1	9.68e-40	171
NC_011593.1:2598858-2601929	NB551033:109:HG7V5BGX9:4:13403:14877:17731#0/1	98.947	95	1	0	2232	2326	1	95	9.68e-40	171
NC_011593.1:2598858-2601929	NB551033:109:HG7V5BGX9:2:12307:17218:15607#0/1	98.936	94	1	0	2211	2304	94	1	3.48e-39	169
NC_011593.1:2598858-2601929	NB551033:109:HG7V5BGX9:4:23610:17376:5239#0/2	98.925	93	1	0	705	797	1	93	1.25e-38	167
NC_011593.1:2598858-2601929	NB551033:109:HG7V5BGX9:4:13501:1554:8341#0/2	96.970	99	3	0	2640	2738	1	99	1.25e-38	167
NC_011593.1:2598858-2601929	NB551033:109:HG7V5BGX9:2:12307:17218:15607#0/2	100.000	90	0	0	2211	2300	1	90	1.25e-38	167
NC_011593.1:2598858-2601929	NB551033:109:HG7V5BGX9:1:23205:11892:7491#0/2	100.000	90	0	0	1726	1815	90	1	1.25e-38	167
NC_011593.1:2598858-2601929	NB551033:109:HG7V5BGX9:4:22511:21577:11765#0/1	98.925	93	1	0	1008	1100	93	1	1.25e-38	167
NC_011593.1:2598858-2601929	NB551033:109:HG7V5BGX9:1:23205:11892:7491#0/1	100.000	90	0	0	1726	1815	1	90	1.25e-38	167
NC_011593.1:2598858-2601929	NB551033:109:HG7V5BGX9:4:22611:8708:1899#0/2	100.000	89	0	0	1951	2039	1	89	4.50e-38	165
NC_011593.1:2598858-2601929	NB551033:109:HG7V5BGX9:1:23209:23766:10561#0/2	96.939	98	3	0	887	984	1	98	4.50e-38	165
NC_011593.1:2598858-2601929	NB551033:109:HG7V5BGX9:4:22611:8708:1899#0/1	100.000	89	0	0	1951	2039	89	1	4.50e-38	165
NC_011593.1:2598858-2601929	NB551033:109:HG7V5BGX9:1:23209:23766:10561#0/1	96.939	98	3	0	887	984	98	1	4.50e-38	165
NC_011593.1:2598858-2601929	NB551033:109:HG7V5BGX9:4:23409:15162:15677#0/2	97.872	94	2	0	1321	1414	1	94	1.62e-37	163
NC_011593.1:2598858-2601929	NB551033:109:HG7V5BGX9:4:11503:12415:4207#0/2	98.901	91	1	0	1836	1926	1	91	1.62e-37	163
NC_011593.1:2598858-2601929	NB551033:109:HG7V5BGX9:3:13408:11202:11020#0/2	98.901	91	1	0	1558	1648	91	1	1.62e-37	163
NC_011593.1:2598858-2601929	NB551033:109:HG7V5BGX9:4:23409:15162:15677#0/1	97.872	94	2	0	1321	1414	94	1	1.62e-37	163
NC_011593.1:2598858-2601929	NB551033:109:HG7V5BGX9:4:21508:22835:10565#0/1	100.000	88	0	0	209	296	88	1	1.62e-37	163
NC_011593.1:2598858-2601929	NB551033:109:HG7V5BGX9:4:11503:12415:4207#0/1	98.901	91	1	0	1836	1926	91	1	1.62e-37	163
NC_011593.1:2598858-2601929	NB551033:109:HG7V5BGX9:4:13503:7665:2701#0/2	100.000	87	0	0	191	277	1	87	5.82e-37	161
NC_011593.1:2598858-2601929	NB551033:109:HG7V5BGX9:2:12102:5390:18638#0/2	95.960	99	4	0	1163	1261	1	99	5.82e-37	161
NC_011593.1:2598858-2601929	NB551033:109:HG7V5BGX9:3:23502:21295:10113#0/1	100.000	87	0	0	2447	2533	1	87	5.82e-37	161
NC_011593.1:2598858-2601929	NB551033:109:HG7V5BGX9:1:11102:9890:6008#0/1	100.000	86	0	0	1677	1762	1	86	2.09e-36	159
NC_011593.1:2598858-2601929	NB551033:109:HG7V5BGX9:4:22603:1888:17835#0/2	100.000	85	0	0	213	297	85	1	7.53e-36	158
NC_011593.1:2598858-2601929	NB551033:109:HG7V5BGX9:4:22603:1888:17835#0/1	100.000	85	0	0	213	297	1	85	7.53e-36	158
NC_011593.1:2598858-2601929	NB551033:109:HG7V5BGX9:3:22509:5931:6950#0/1	96.809	94	3	0	1720	1813	96	3	7.53e-36	158
NC_011593.1:2598858-2601929	NB551033:109:HG7V5BGX9:3:13408:11202:11020#0/1	98.864	88	1	0	1558	1645	3	90	7.53e-36	158
NC_011593.1:2598858-2601929	NB551033:109:HG7V5BGX9:1:12209:12059:11530#0/1	100.000	84	0	0	225	308	84	1	2.71e-35	156
NC_011593.1:2598858-2601929	NB551033:109:HG7V5BGX9:3:22404:17862:13620#0/2	100.000	83	0	0	976	1058	83	1	9.75e-35	154
NC_011593.1:2598858-2601929	NB551033:109:HG7V5BGX9:3:22404:17862:13620#0/1	100.000	83	0	0	976	1058	1	83	9.75e-35	154
NC_011593.1:2598858-2601929	NB551033:109:HG7V5BGX9:2:11306:10952:2245#0/1	98.837	86	1	0	705	790	1	86	9.75e-35	154
NC_011593.1:2598858-2601929	NB551033:109:HG7V5BGX9:3:21612:3264:20346#0/2	95.745	94	4	0	2682	2775	1	94	3.51e-34	152
NC_011593.1:2598858-2601929	NB551033:109:HG7V5BGX9:2:11201:7978:9823#0/1	98.810	84	1	0	2864	2947	84	1	1.26e-33	150
NC_011593.1:2598858-2601929	NB551033:109:HG7V5BGX9:2:11201:7978:9823#0/2	98.795	83	1	0	2864	2946	1	83	4.53e-33	148
NC_011593.1:2598858-2601929	NB551033:109:HG7V5BGX9:1:21307:11281:8769#0/2	97.647	85	2	0	2328	2412	85	1	1.63e-32	147
NC_011593.1:2598858-2601929	NB551033:109:HG7V5BGX9:1:13311:17525:16238#0/2	97.647	85	2	0	1459	1543	1	85	1.63e-32	147
NC_011593.1:2598858-2601929	NB551033:109:HG7V5BGX9:1:21307:11281:8769#0/1	97.647	85	2	0	2328	2412	1	85	1.63e-32	147
NC_011593.1:2598858-2601929	NB551033:109:HG7V5BGX9:1:13311:17525:16238#0/1	97.647	85	2	0	1459	1543	85	1	1.63e-32	147
NC_011593.1:2598858-2601929	NB551033:109:HG7V5BGX9:3:13412:3074:11110#0/1	98.765	81	1	0	1558	1638	3	83	5.87e-32	145
NC_011593.1:2598858-2601929	NB551033:109:HG7V5BGX9:1:12109:26819:7458#0/1	100.000	78	0	0	2045	2122	78	1	5.87e-32	145
NC_011593.1:2598858-2601929	NB551033:109:HG7V5BGX9:4:23604:6631:12924#0/2	100.000	76	0	0	978	1053	1	76	7.59e-31	141
NC_011593.1:2598858-2601929	NB551033:109:HG7V5BGX9:2:21202:25452:13186#0/2	97.561	82	2	0	1209	1290	1	82	7.59e-31	141
NC_011593.1:2598858-2601929	NB551033:109:HG7V5BGX9:2:12210:15372:10861#0/2	98.734	79	1	0	1	79	79	1	7.59e-31	141
NC_011593.1:2598858-2601929	NB551033:109:HG7V5BGX9:4:23604:6631:12924#0/1	100.000	76	0	0	978	1053	76	1	7.59e-31	141
NC_011593.1:2598858-2601929	NB551033:109:HG7V5BGX9:4:23501:11096:9232#0/1	97.561	82	2	0	721	802	1	82	7.59e-31	141
NC_011593.1:2598858-2601929	NB551033:109:HG7V5BGX9:2:21202:25452:13186#0/1	97.561	82	2	0	1209	1290	82	1	7.59e-31	141
NC_011593.1:2598858-2601929	NB551033:109:HG7V5BGX9:2:12210:15372:10861#0/1	98.734	79	1	0	1	79	41	119	7.59e-31	141
NC_011593.1:2598858-2601929	NB551033:109:HG7V5BGX9:4:23604:4924:19349#0/2	98.701	77	1	0	1	77	77	1	9.82e-30	137
NC_011593.1:2598858-2601929	NB551033:109:HG7V5BGX9:4:23511:10040:7573#0/2	97.500	80	2	0	197	276	1	80	9.82e-30	137
NC_011593.1:2598858-2601929	NB551033:109:HG7V5BGX9:2:23110:4511:14119#0/2	98.701	77	1	0	311	387	1	77	9.82e-30	137
NC_011593.1:2598858-2601929	NB551033:109:HG7V5BGX9:4:23604:4924:19349#0/1	98.701	77	1	0	1	77	47	123	9.82e-30	137
NC_011593.1:2598858-2601929	NB551033:109:HG7V5BGX9:2:23110:4511:14119#0/1	98.701	77	1	0	311	387	77	1	9.82e-30	137
NC_011593.1:2598858-2601929	NB551033:109:HG7V5BGX9:2:23202:17131:8516#0/2	100.000	73	0	0	1653	1725	73	1	3.53e-29	135
NC_011593.1:2598858-2601929	NB551033:109:HG7V5BGX9:3:13506:22804:17236#0/2	100.000	72	0	0	1	72	54	125	1.27e-28	134
NC_011593.1:2598858-2601929	NB551033:109:HG7V5BGX9:3:13506:22804:17236#0/1	100.000	72	0	0	1	72	72	1	1.27e-28	134
NC_011593.1:2598858-2601929	NB551033:109:HG7V5BGX9:3:11411:7698:16262#0/2	100.000	71	0	0	40	110	71	1	4.57e-28	132
NC_011593.1:2598858-2601929	NB551033:109:HG7V5BGX9:4:13503:7665:2701#0/1	100.000	71	0	0	207	277	71	1	4.57e-28	132
NC_011593.1:2598858-2601929	NB551033:109:HG7V5BGX9:4:23604:15295:5938#0/2	98.630	73	1	0	2259	2331	73	1	1.64e-27	130
NC_011593.1:2598858-2601929	NB551033:109:HG7V5BGX9:3:23605:2059:7450#0/2	100.000	70	0	0	217	286	70	1	1.64e-27	130
NC_011593.1:2598858-2601929	NB551033:109:HG7V5BGX9:3:23605:2059:7450#0/1	98.630	73	1	0	162	234	1	73	1.64e-27	130
NC_011593.1:2598858-2601929	NB551033:109:HG7V5BGX9:1:13112:14118:3546#0/1	97.368	76	2	0	475	550	1	76	1.64e-27	130
NC_011593.1:2598858-2601929	NB551033:109:HG7V5BGX9:1:12209:15228:4808#0/1	100.000	70	0	0	1660	1729	1	70	1.64e-27	130
NC_011593.1:2598858-2601929	NB551033:109:HG7V5BGX9:1:11107:19160:12453#0/1	97.368	76	2	0	729	804	1	76	1.64e-27	130
NC_011593.1:2598858-2601929	NB551033:109:HG7V5BGX9:1:12209:15228:4808#0/2	100.000	69	0	0	1661	1729	69	1	5.91e-27	128
NC_011593.1:2598858-2601929	NB551033:109:HG7V5BGX9:4:11403:8290:18925#0/1	98.571	70	1	0	2911	2980	1	70	7.64e-26	124
NC_011593.1:2598858-2601929	NB551033:109:HG7V5BGX9:3:23605:2847:18342#0/1	96.053	76	3	0	749	824	76	1	7.64e-26	124
NC_011593.1:2598858-2601929	NB551033:109:HG7V5BGX9:4:12603:4102:11164#0/1	96.000	75	3	0	2724	2798	1	75	2.75e-25	122
NC_011593.1:2598858-2601929	NB551033:109:HG7V5BGX9:3:12405:21220:6272#0/2	95.946	74	3	0	1187	1260	150	77	9.89e-25	121
NC_011593.1:2598858-2601929	NB551033:109:HG7V5BGX9:2:13306:9004:15939#0/2	97.183	71	2	0	2581	2651	3	73	9.89e-25	121
NC_011593.1:2598858-2601929	NB551033:109:HG7V5BGX9:3:21502:13757:9891#0/1	98.529	68	1	0	2811	2878	68	1	9.89e-25	121
NC_011593.1:2598858-2601929	NB551033:109:HG7V5BGX9:2:13306:9004:15939#0/1	97.183	71	2	0	2581	2651	71	1	9.89e-25	121
NC_011593.1:2598858-2601929	NB551033:109:HG7V5BGX9:3:21405:12286:20003#0/2	98.507	67	1	0	1	67	67	1	3.56e-24	119
NC_011593.1:2598858-2601929	NB551033:109:HG7V5BGX9:2:22111:19404:10422#0/1	97.143	70	2	0	1205	1274	70	1	3.56e-24	119
NC_011593.1:2598858-2601929	NB551033:109:HG7V5BGX9:1:12309:4047:5129#0/1	98.507	67	1	0	729	795	1	67	3.56e-24	119
NC_011593.1:2598858-2601929	NB551033:109:HG7V5BGX9:4:22608:26222:20198#0/1	95.775	71	3	0	2952	3022	72	2	4.60e-23	115
NC_011593.1:2598858-2601929	NB551033:109:HG7V5BGX9:2:23202:5417:11339#0/1	98.462	65	1	0	600	664	1	65	4.60e-23	115
NC_011593.1:2598858-2601929	NB551033:109:HG7V5BGX9:2:13206:17857:3664#0/2	100.000	61	0	0	278	338	1	61	1.65e-22	113
NC_011593.1:2598858-2601929	NB551033:109:HG7V5BGX9:1:21202:7354:10073#0/2	100.000	61	0	0	1235	1295	61	1	1.65e-22	113
NC_011593.1:2598858-2601929	NB551033:109:HG7V5BGX9:1:11311:8256:10342#0/2	97.015	67	2	0	807	873	67	1	1.65e-22	113
NC_011593.1:2598858-2601929	NB551033:109:HG7V5BGX9:1:21202:7354:10073#0/1	100.000	61	0	0	1235	1295	2	62	1.65e-22	113
NC_011593.1:2598858-2601929	NB551033:109:HG7V5BGX9:3:13412:3074:11110#0/2	98.413	63	1	0	1654	1716	63	1	5.95e-22	111
NC_011593.1:2598858-2601929	NB551033:109:HG7V5BGX9:2:21107:5796:13537#0/2	100.000	59	0	0	2056	2114	59	1	2.14e-21	110
NC_011593.1:2598858-2601929	NB551033:109:HG7V5BGX9:3:13410:17837:6241#0/2	98.361	61	1	0	2967	3027	1	61	7.70e-21	108
NC_011593.1:2598858-2601929	NB551033:109:HG7V5BGX9:1:21310:6079:9882#0/1	98.305	59	1	0	96	154	1	59	9.96e-20	104
NC_011593.1:2598858-2601929	NB551033:109:HG7V5BGX9:4:13611:10254:17155#0/2	98.276	58	1	0	1	58	58	1	3.58e-19	102
NC_011593.1:2598858-2601929	NB551033:109:HG7V5BGX9:4:21511:5826:9121#0/1	95.312	64	3	0	2682	2745	1	64	3.58e-19	102
NC_011593.1:2598858-2601929	NB551033:109:HG7V5BGX9:2:23202:17131:8516#0/1	100.000	55	0	0	1653	1707	1	55	3.58e-19	102
NC_011593.1:2598858-2601929	NB551033:109:HG7V5BGX9:4:23401:4809:7121#0/2	100.000	54	0	0	265	318	54	1	1.29e-18	100
NC_011593.1:2598858-2601929	NB551033:109:HG7V5BGX9:4:23401:4809:7121#0/1	100.000	54	0	0	265	318	1	54	1.29e-18	100
NC_011593.1:2598858-2601929	NB551033:109:HG7V5BGX9:2:12102:20744:15222#0/2	98.182	55	1	0	1872	1926	55	1	1.67e-17	97.1
NC_011593.1:2598858-2601929	NB551033:109:HG7V5BGX9:2:12102:20744:15222#0/1	98.182	55	1	0	1872	1926	1	55	1.67e-17	97.1
NC_011593.1:2598858-2601929	NB551033:109:HG7V5BGX9:3:22608:5174:17894#0/2	98.148	54	1	0	2864	2917	1	54	5.99e-17	95.3
NC_011593.1:2598858-2601929	NB551033:109:HG7V5BGX9:3:11401:22673:16993#0/2	98.077	52	1	0	1065	1116	52	1	7.75e-16	91.6
NC_011593.1:2598858-2601929	NB551033:109:HG7V5BGX9:3:11401:22673:16993#0/1	98.077	52	1	0	1065	1116	1	52	7.75e-16	91.6
NC_011593.1:2598858-2601929	NB551033:109:HG7V5BGX9:4:11603:18838:3597#0/2	98.039	51	1	0	619	669	1	51	2.79e-15	89.8
NC_011593.1:2598858-2601929	NB551033:109:HG7V5BGX9:2:13104:12416:4828#0/2	98.039	51	1	0	1554	1604	51	1	2.79e-15	89.8
NC_011593.1:2598858-2601929	NB551033:109:HG7V5BGX9:1:13111:22238:16501#0/2	98.039	51	1	0	640	690	51	1	2.79e-15	89.8
NC_011593.1:2598858-2601929	NB551033:109:HG7V5BGX9:4:11603:18838:3597#0/1	98.039	51	1	0	619	669	89	39	2.79e-15	89.8
NC_011593.1:2598858-2601929	NB551033:109:HG7V5BGX9:1:13111:22238:16501#0/1	98.039	51	1	0	640	690	1	51	2.79e-15	89.8
NC_011593.1:2598858-2601929	NB551033:109:HG7V5BGX9:4:21511:5826:9121#0/2	96.154	52	2	0	2734	2785	52	1	3.61e-14	86.1
NC_011593.1:2598858-2601929	NB551033:109:HG7V5BGX9:3:13410:5238:11636#0/2	97.959	49	1	0	2118	2166	49	1	3.61e-14	86.1
NC_011593.1:2598858-2601929	NB551033:109:HG7V5BGX9:3:13410:5238:11636#0/1	97.959	49	1	0	2118	2166	1	49	3.61e-14	86.1
NC_011593.1:2598858-2601929	NB551033:109:HG7V5BGX9:4:23504:16686:20179#0/2	100.000	44	0	0	1	44	44	1	4.66e-13	82.4
NC_011593.1:2598858-2601929	NB551033:109:HG7V5BGX9:4:13611:10254:17155#0/1	97.826	46	1	0	1	46	106	151	1.68e-12	80.5
NC_011593.1:2598858-2601929	NB551033:109:HG7V5BGX9:3:12608:3937:12122#0/1	97.778	45	1	0	1	45	105	149	6.03e-12	78.7
NC_011593.1:2598858-2601929	NB551033:109:HG7V5BGX9:2:22112:14662:13931#0/2	97.674	43	1	0	1	43	41	83	7.81e-11	75.0
NC_011593.1:2598858-2601929	NB551033:109:HG7V5BGX9:2:22112:14662:13931#0/1	97.674	43	1	0	1	43	43	1	7.81e-11	75.0
NC_011593.1:2598858-2601929	NB551033:109:HG7V5BGX9:1:23204:2486:20354#0/1	97.436	39	1	0	1	39	39	1	1.31e-08	67.6
# BLASTN 2.9.0+
# Query: NC_011593.1:c2604454-2602106 Bifidobacterium longum subsp. infantis ATCC 15697, complete genome
# Database: db/blast_C0494-2E-1A_S95.faa
# 0 hits found
# BLASTN 2.9.0+
# Query: NC_011593.1:c2605922-2604486 Bifidobacterium longum subsp. infantis ATCC 15697, complete genome
# Database: db/blast_C0494-2E-1A_S95.faa
# 0 hits found
# BLASTN 2.9.0+
# Query: NC_011593.1:c2606381-2605944 Bifidobacterium longum subsp. infantis ATCC 15697, complete genome
# Database: db/blast_C0494-2E-1A_S95.faa
# 0 hits found
# BLASTN 2.9.0+
# Query: NC_011593.1:c2607314-2606418 Bifidobacterium longum subsp. infantis ATCC 15697, complete genome
# Database: db/blast_C0494-2E-1A_S95.faa
# 0 hits found
# BLASTN 2.9.0+
# Query: NC_011593.1:c2608249-2607458 Bifidobacterium longum subsp. infantis ATCC 15697, complete genome
# Database: db/blast_C0494-2E-1A_S95.faa
# Fields: query acc.ver, subject acc.ver, % identity, alignment length, mismatches, gap opens, q. start, q. end, s. start, s. end, evalue, bit score
# 2 hits found
NC_011593.1:c2608249-2607458	NB551033:109:HG7V5BGX9:1:11202:8094:13271#0/2	95.041	121	6	0	335	455	2	122	1.89e-46	191
NC_011593.1:c2608249-2607458	NB551033:109:HG7V5BGX9:1:11202:8094:13271#0/1	96.000	75	3	0	381	455	75	1	6.98e-26	122
# BLASTN 2.9.0+
# Query: NC_011593.1:c2609546-2608269 Bifidobacterium longum subsp. infantis ATCC 15697, complete genome
# Database: db/blast_C0494-2E-1A_S95.faa
# 0 hits found
# BLASTN 2.9.0+
# Query: NC_011593.1:c2610356-2609697 Bifidobacterium longum subsp. infantis ATCC 15697, complete genome
# Database: db/blast_C0494-2E-1A_S95.faa
# 0 hits found
# BLASTN 2.9.0+
# Query: NC_011593.1:c2611458-2610496 Bifidobacterium longum subsp. infantis ATCC 15697, complete genome
# Database: db/blast_C0494-2E-1A_S95.faa
# 0 hits found
# BLASTN 2.9.0+
# Query: NC_011593.1:c2612430-2611477 Bifidobacterium longum subsp. infantis ATCC 15697, complete genome
# Database: db/blast_C0494-2E-1A_S95.faa
# 0 hits found
# BLASTN 2.9.0+
# Query: NC_011593.1:c2614109-2612517 Bifidobacterium longum subsp. infantis ATCC 15697, complete genome
# Database: db/blast_C0494-2E-1A_S95.faa
# 0 hits found
# BLASTN 2.9.0+
# Query: NC_011593.1:c2615274-2614312 Bifidobacterium longum subsp. infantis ATCC 15697, complete genome
# Database: db/blast_C0494-2E-1A_S95.faa
# 0 hits found
# BLASTN 2.9.0+
# Query: NC_011593.1:c2616246-2615293 Bifidobacterium longum subsp. infantis ATCC 15697, complete genome
# Database: db/blast_C0494-2E-1A_S95.faa
# 0 hits found
# BLASTN 2.9.0+
# Query: NC_011593.1:c2617928-2616333 Bifidobacterium longum subsp. infantis ATCC 15697, complete genome
# Database: db/blast_C0494-2E-1A_S95.faa
# Fields: query acc.ver, subject acc.ver, % identity, alignment length, mismatches, gap opens, q. start, q. end, s. start, s. end, evalue, bit score
# 1 hits found
NC_011593.1:c2617928-2616333	NB551033:109:HG7V5BGX9:2:22110:5981:11268#0/2	100.000	35	0	0	493	527	114	148	2.45e-08	65.8
# BLASTN 2.9.0+
# Query: NC_011593.1:c2619247-2618063 Bifidobacterium longum subsp. infantis ATCC 15697, complete genome
# Database: db/blast_C0494-2E-1A_S95.faa
# 0 hits found
# BLASTN 2.9.0+
# Query: NC_011593.1:c2620369-2619413 Bifidobacterium longum subsp. infantis ATCC 15697, complete genome
# Database: db/blast_C0494-2E-1A_S95.faa
# 0 hits found
# BLASTN 2.9.0+
# Query: NC_011593.1:c2622143-2620551 Bifidobacterium longum subsp. infantis ATCC 15697, complete genome
# Database: db/blast_C0494-2E-1A_S95.faa
# 0 hits found
# BLASTN 2.9.0+
# Query: NC_011593.1:c2624124-2622520 Bifidobacterium longum subsp. infantis ATCC 15697, complete genome
# Database: db/blast_C0494-2E-1A_S95.faa
# 0 hits found
# BLASTN 2.9.0+
# Query: NC_011593.1:c2626110-2624512 Bifidobacterium longum subsp. infantis ATCC 15697, complete genome
# Database: db/blast_C0494-2E-1A_S95.faa
# 0 hits found
# BLASTN 2.9.0+
# Query: NC_011593.1:c2626386-2626264 Bifidobacterium longum subsp. infantis ATCC 15697, complete genome
# Database: db/blast_C0494-2E-1A_S95.faa
# 0 hits found
# BLASTN 2.9.0+
# Query: NC_011593.1:c2628158-2626563 Bifidobacterium longum subsp. infantis ATCC 15697, complete genome
# Database: db/blast_C0494-2E-1A_S95.faa
# 0 hits found
# BLASTN 2.9.0+
# Query: NC_011593.1:c2630269-2628314 Bifidobacterium longum subsp. infantis ATCC 15697, complete genome
# Database: db/blast_C0494-2E-1A_S95.faa
# 0 hits found
# BLASTN 2.9.0+
# Query: NC_011593.1:c2631106-2630366 Bifidobacterium longum subsp. infantis ATCC 15697, complete genome
# Database: db/blast_C0494-2E-1A_S95.faa
# 0 hits found
# BLASTN 2.9.0+
# Query: NC_011593.1:c2632432-2631140 Bifidobacterium longum subsp. infantis ATCC 15697, complete genome
# Database: db/blast_C0494-2E-1A_S95.faa
# 0 hits found
# BLASTN 2.9.0+
# Query: NC_011593.1:c2633881-2632562 Bifidobacterium longum subsp. infantis ATCC 15697, complete genome
# Database: db/blast_C0494-2E-1A_S95.faa
# 0 hits found
# BLASTN 2.9.0+
# Query: NC_011593.1:c2634683-2633865 Bifidobacterium longum subsp. infantis ATCC 15697, complete genome
# Database: db/blast_C0494-2E-1A_S95.faa
# 0 hits found
# BLASTN 2.9.0+
# Query: NC_011593.1:c2635627-2634680 Bifidobacterium longum subsp. infantis ATCC 15697, complete genome
# Database: db/blast_C0494-2E-1A_S95.faa
# 0 hits found
# BLASTN 2.9.0+
# Query: NC_011593.1:c2636747-2635629 Bifidobacterium longum subsp. infantis ATCC 15697, complete genome
# Database: db/blast_C0494-2E-1A_S95.faa
# 0 hits found
# BLAST processed 31 queries
