# BLASTN 2.9.0+
# Query: NC_011593.1:c2595355-2593832 Bifidobacterium longum subsp. infantis ATCC 15697, complete genome
# Database: db/blast_C0499-2F-1A_S64.faa
# Fields: query acc.ver, subject acc.ver, % identity, alignment length, mismatches, gap opens, q. start, q. end, s. start, s. end, evalue, bit score
# 76 hits found
NC_011593.1:c2595355-2593832	NB551033:151:HCYCWBGXB:4:21403:25932:5855#0/2	99.338	151	1	0	940	1090	151	1	3.51e-71	274
NC_011593.1:c2595355-2593832	NB551033:151:HCYCWBGXB:2:21301:5008:5714#0/2	99.338	151	1	0	954	1104	151	1	3.51e-71	274
NC_011593.1:c2595355-2593832	NB551033:151:HCYCWBGXB:4:23606:5977:17204#0/1	99.338	151	1	0	1028	1178	151	1	3.51e-71	274
NC_011593.1:c2595355-2593832	NB551033:151:HCYCWBGXB:3:22508:25517:6152#0/1	99.333	150	1	0	355	504	150	1	1.26e-70	272
NC_011593.1:c2595355-2593832	NB551033:151:HCYCWBGXB:4:23607:17086:16520#0/2	98.667	150	2	0	1054	1203	150	1	5.88e-69	267
NC_011593.1:c2595355-2593832	NB551033:151:HCYCWBGXB:4:13508:2232:13241#0/2	98.667	150	2	0	378	527	1	150	5.88e-69	267
NC_011593.1:c2595355-2593832	NB551033:151:HCYCWBGXB:3:22512:16544:11053#0/2	98.667	150	2	0	404	553	1	150	5.88e-69	267
NC_011593.1:c2595355-2593832	NB551033:151:HCYCWBGXB:1:22102:11839:18226#0/2	98.667	150	2	0	1082	1231	1	150	5.88e-69	267
NC_011593.1:c2595355-2593832	NB551033:151:HCYCWBGXB:4:23401:20686:4395#0/1	98.667	150	2	0	375	524	1	150	5.88e-69	267
NC_011593.1:c2595355-2593832	NB551033:151:HCYCWBGXB:4:13401:20250:8381#0/1	98.667	150	2	0	468	617	150	1	5.88e-69	267
NC_011593.1:c2595355-2593832	NB551033:151:HCYCWBGXB:3:13610:12825:13005#0/1	98.667	150	2	0	998	1147	150	1	5.88e-69	267
NC_011593.1:c2595355-2593832	NB551033:151:HCYCWBGXB:3:13402:11814:14021#0/2	98.013	151	3	0	548	698	1	151	7.61e-68	263
NC_011593.1:c2595355-2593832	NB551033:151:HCYCWBGXB:2:21301:5008:5714#0/1	98.013	151	3	0	700	850	1	151	7.61e-68	263
NC_011593.1:c2595355-2593832	NB551033:151:HCYCWBGXB:2:11110:14666:1637#0/1	98.013	151	3	0	705	855	151	1	7.61e-68	263
NC_011593.1:c2595355-2593832	NB551033:151:HCYCWBGXB:3:12503:19714:14675#0/2	98.000	150	3	0	1258	1407	1	150	2.74e-67	261
NC_011593.1:c2595355-2593832	NB551033:151:HCYCWBGXB:2:11101:6992:19082#0/2	98.000	150	3	0	750	899	150	1	2.74e-67	261
NC_011593.1:c2595355-2593832	NB551033:151:HCYCWBGXB:1:22109:11143:13777#0/2	98.000	150	3	0	713	862	150	1	2.74e-67	261
NC_011593.1:c2595355-2593832	NB551033:151:HCYCWBGXB:1:22102:11839:18226#0/1	97.987	149	3	0	1093	1241	149	1	9.84e-67	259
NC_011593.1:c2595355-2593832	NB551033:151:HCYCWBGXB:1:13304:8311:13662#0/1	97.351	151	4	0	905	1055	1	151	3.54e-66	257
NC_011593.1:c2595355-2593832	NB551033:151:HCYCWBGXB:1:23205:19270:16044#0/1	97.333	150	4	0	181	330	151	2	1.27e-65	255
NC_011593.1:c2595355-2593832	NB551033:151:HCYCWBGXB:1:22109:11143:13777#0/1	97.959	147	3	0	711	857	3	149	1.27e-65	255
NC_011593.1:c2595355-2593832	NB551033:151:HCYCWBGXB:4:13406:25825:9229#0/2	96.689	151	5	0	272	422	151	1	1.65e-64	252
NC_011593.1:c2595355-2593832	NB551033:151:HCYCWBGXB:3:22507:4391:10540#0/2	96.689	151	5	0	277	427	151	1	1.65e-64	252
NC_011593.1:c2595355-2593832	NB551033:151:HCYCWBGXB:2:11110:14666:1637#0/2	96.689	151	5	0	581	731	1	151	1.65e-64	252
NC_011593.1:c2595355-2593832	NB551033:151:HCYCWBGXB:3:22512:16544:11053#0/1	98.592	142	2	0	477	618	142	1	1.65e-64	252
NC_011593.1:c2595355-2593832	NB551033:151:HCYCWBGXB:3:12503:19714:14675#0/1	97.931	145	3	0	1274	1418	147	3	1.65e-64	252
NC_011593.1:c2595355-2593832	NB551033:151:HCYCWBGXB:3:22508:25517:6152#0/2	96.667	150	5	0	271	420	1	150	5.92e-64	250
NC_011593.1:c2595355-2593832	NB551033:151:HCYCWBGXB:4:22610:4307:13210#0/1	96.667	150	5	0	181	330	151	2	5.92e-64	250
NC_011593.1:c2595355-2593832	NB551033:151:HCYCWBGXB:1:23205:19270:16044#0/2	96.644	149	5	0	166	314	1	149	2.13e-63	248
NC_011593.1:c2595355-2593832	NB551033:151:HCYCWBGXB:4:23607:17086:16520#0/1	96.644	149	5	0	836	984	1	149	2.13e-63	248
NC_011593.1:c2595355-2593832	NB551033:151:HCYCWBGXB:3:13402:11814:14021#0/1	96.644	149	5	0	831	979	149	1	2.13e-63	248
NC_011593.1:c2595355-2593832	NB551033:151:HCYCWBGXB:4:22412:1742:10964#0/2	96.026	151	6	0	230	380	151	1	7.66e-63	246
NC_011593.1:c2595355-2593832	NB551033:151:HCYCWBGXB:4:21404:17565:12250#0/1	96.622	148	5	0	784	931	148	1	7.66e-63	246
NC_011593.1:c2595355-2593832	NB551033:151:HCYCWBGXB:4:21403:25932:5855#0/1	96.026	151	6	0	844	994	1	151	7.66e-63	246
NC_011593.1:c2595355-2593832	NB551033:151:HCYCWBGXB:4:13406:25825:9229#0/1	96.026	151	6	0	261	411	1	151	7.66e-63	246
NC_011593.1:c2595355-2593832	NB551033:151:HCYCWBGXB:3:21601:5998:20009#0/1	96.026	151	6	0	235	385	151	1	7.66e-63	246
NC_011593.1:c2595355-2593832	NB551033:151:HCYCWBGXB:4:23606:5977:17204#0/2	96.000	150	6	0	849	998	1	150	2.76e-62	244
NC_011593.1:c2595355-2593832	NB551033:151:HCYCWBGXB:4:21404:17565:12250#0/2	96.000	150	6	0	621	770	1	150	2.76e-62	244
NC_011593.1:c2595355-2593832	NB551033:151:HCYCWBGXB:4:13401:20250:8381#0/2	96.000	150	6	0	214	363	1	150	2.76e-62	244
NC_011593.1:c2595355-2593832	NB551033:151:HCYCWBGXB:3:13610:12825:13005#0/2	96.000	150	6	0	796	945	1	150	2.76e-62	244
NC_011593.1:c2595355-2593832	NB551033:151:HCYCWBGXB:3:22507:4391:10540#0/1	96.000	150	6	0	258	407	1	150	2.76e-62	244
NC_011593.1:c2595355-2593832	NB551033:151:HCYCWBGXB:2:22112:26607:4617#0/1	97.222	144	4	0	1327	1470	1	144	2.76e-62	244
NC_011593.1:c2595355-2593832	NB551033:151:HCYCWBGXB:4:23401:20686:4395#0/2	98.529	136	2	0	427	562	136	1	3.56e-61	241
NC_011593.1:c2595355-2593832	NB551033:151:HCYCWBGXB:2:12305:21508:14428#0/2	95.333	150	7	0	420	569	1	150	1.28e-60	239
NC_011593.1:c2595355-2593832	NB551033:151:HCYCWBGXB:1:13106:11758:9136#0/2	95.918	147	6	0	412	558	148	2	1.28e-60	239
NC_011593.1:c2595355-2593832	NB551033:151:HCYCWBGXB:4:13508:2232:13241#0/1	95.918	147	6	0	658	804	147	1	1.28e-60	239
NC_011593.1:c2595355-2593832	NB551033:151:HCYCWBGXB:2:11101:6992:19082#0/1	95.333	150	7	0	610	759	1	150	1.28e-60	239
NC_011593.1:c2595355-2593832	NB551033:151:HCYCWBGXB:3:13605:11881:11430#0/2	99.231	130	1	0	1253	1382	1	130	1.66e-59	235
NC_011593.1:c2595355-2593832	NB551033:151:HCYCWBGXB:3:12409:8719:11824#0/2	99.213	127	1	0	548	674	127	1	7.72e-58	230
NC_011593.1:c2595355-2593832	NB551033:151:HCYCWBGXB:3:13601:9018:11917#0/2	98.413	126	2	0	1069	1194	1	126	1.29e-55	222
NC_011593.1:c2595355-2593832	NB551033:151:HCYCWBGXB:3:13601:9018:11917#0/1	98.413	126	2	0	1069	1194	126	1	1.29e-55	222
NC_011593.1:c2595355-2593832	NB551033:151:HCYCWBGXB:3:12405:12543:11928#0/2	96.241	133	5	0	847	979	1	133	1.67e-54	219
NC_011593.1:c2595355-2593832	NB551033:151:HCYCWBGXB:3:12405:12543:11928#0/1	96.241	133	5	0	847	979	133	1	1.67e-54	219
NC_011593.1:c2595355-2593832	NB551033:151:HCYCWBGXB:1:13304:8311:13662#0/2	99.130	115	1	0	1274	1388	115	1	3.62e-51	207
NC_011593.1:c2595355-2593832	NB551033:151:HCYCWBGXB:1:12101:26391:12344#0/1	96.774	124	4	0	272	395	1	124	3.62e-51	207
NC_011593.1:c2595355-2593832	NB551033:151:HCYCWBGXB:1:12101:26391:12344#0/2	96.748	123	4	0	273	395	123	1	1.30e-50	206
NC_011593.1:c2595355-2593832	NB551033:151:HCYCWBGXB:1:12303:26314:20019#0/2	99.115	113	1	0	1233	1345	1	113	4.68e-50	204
NC_011593.1:c2595355-2593832	NB551033:151:HCYCWBGXB:2:22309:19240:2164#0/1	95.968	124	5	0	707	830	1	124	1.68e-49	202
NC_011593.1:c2595355-2593832	NB551033:151:HCYCWBGXB:3:13605:11881:11430#0/1	99.083	109	1	0	1274	1382	109	1	7.83e-48	196
NC_011593.1:c2595355-2593832	NB551033:151:HCYCWBGXB:4:22412:8277:19042#0/2	97.368	114	3	0	182	295	114	1	2.81e-47	195
NC_011593.1:c2595355-2593832	NB551033:151:HCYCWBGXB:4:22412:8277:19042#0/1	97.368	114	3	0	182	295	1	114	2.81e-47	195
NC_011593.1:c2595355-2593832	NB551033:151:HCYCWBGXB:3:12409:8719:11824#0/1	100.000	102	0	0	548	649	1	102	1.31e-45	189
NC_011593.1:c2595355-2593832	NB551033:151:HCYCWBGXB:4:12410:20472:11070#0/2	95.614	114	5	0	261	374	114	1	6.09e-44	183
NC_011593.1:c2595355-2593832	NB551033:151:HCYCWBGXB:4:12410:20472:11070#0/1	95.614	114	5	0	261	374	1	114	6.09e-44	183
NC_011593.1:c2595355-2593832	NB551033:151:HCYCWBGXB:4:22610:4307:13210#0/2	97.143	105	3	0	133	237	1	105	2.83e-42	178
NC_011593.1:c2595355-2593832	NB551033:151:HCYCWBGXB:3:21508:22608:2236#0/1	97.143	105	3	0	1366	1470	1	105	2.83e-42	178
NC_011593.1:c2595355-2593832	NB551033:151:HCYCWBGXB:2:22112:26607:4617#0/2	97.087	103	3	0	1368	1470	150	48	3.67e-41	174
NC_011593.1:c2595355-2593832	NB551033:151:HCYCWBGXB:3:23408:7219:4222#0/2	100.000	83	0	0	560	642	1	83	4.78e-35	154
NC_011593.1:c2595355-2593832	NB551033:151:HCYCWBGXB:3:22504:21651:12580#0/2	98.837	86	1	0	944	1029	86	1	4.78e-35	154
NC_011593.1:c2595355-2593832	NB551033:151:HCYCWBGXB:3:23408:7219:4222#0/1	100.000	83	0	0	560	642	83	1	4.78e-35	154
NC_011593.1:c2595355-2593832	NB551033:151:HCYCWBGXB:3:22504:21651:12580#0/1	98.837	86	1	0	944	1029	1	86	4.78e-35	154
NC_011593.1:c2595355-2593832	NB551033:151:HCYCWBGXB:3:21601:5998:20009#0/2	97.531	81	2	0	223	303	1	81	1.34e-30	139
NC_011593.1:c2595355-2593832	NB551033:151:HCYCWBGXB:2:23108:6782:17365#0/2	96.429	84	3	0	1325	1408	1	84	1.34e-30	139
NC_011593.1:c2595355-2593832	NB551033:151:HCYCWBGXB:2:23108:6782:17365#0/1	96.429	84	3	0	1325	1408	84	1	1.34e-30	139
NC_011593.1:c2595355-2593832	NB551033:151:HCYCWBGXB:1:12303:26314:20019#0/1	98.611	72	1	0	1274	1345	72	1	2.90e-27	128
NC_011593.1:c2595355-2593832	NB551033:151:HCYCWBGXB:4:22510:16676:12621#0/2	100.000	49	0	0	1422	1470	1	49	3.80e-16	91.6
# BLASTN 2.9.0+
# Query: NC_011593.1:c2597106-2595574 Bifidobacterium longum subsp. infantis ATCC 15697, complete genome
# Database: db/blast_C0499-2F-1A_S64.faa
# Fields: query acc.ver, subject acc.ver, % identity, alignment length, mismatches, gap opens, q. start, q. end, s. start, s. end, evalue, bit score
# 5 hits found
NC_011593.1:c2597106-2595574	NB551033:151:HCYCWBGXB:4:13401:20250:8381#0/2	95.726	117	5	0	214	330	1	117	1.32e-45	189
NC_011593.1:c2597106-2595574	NB551033:151:HCYCWBGXB:3:23407:16343:3116#0/1	100.000	72	0	0	1	72	34	105	6.26e-29	134
NC_011593.1:c2597106-2595574	NB551033:151:HCYCWBGXB:3:23407:16343:3116#0/2	98.611	72	1	0	1	72	72	1	2.91e-27	128
NC_011593.1:c2597106-2595574	NB551033:151:HCYCWBGXB:3:21601:5998:20009#0/2	95.062	81	4	0	223	303	1	81	2.91e-27	128
NC_011593.1:c2597106-2595574	NB551033:151:HCYCWBGXB:4:22510:16676:12621#0/2	100.000	49	0	0	1422	1470	1	49	3.82e-16	91.6
# BLASTN 2.9.0+
# Query: NC_011593.1:c2598562-2597207 Bifidobacterium longum subsp. infantis ATCC 15697, complete genome
# Database: db/blast_C0499-2F-1A_S64.faa
# Fields: query acc.ver, subject acc.ver, % identity, alignment length, mismatches, gap opens, q. start, q. end, s. start, s. end, evalue, bit score
# 88 hits found
NC_011593.1:c2598562-2597207	NB551033:151:HCYCWBGXB:2:22209:9085:6230#0/2	100.000	151	0	0	1150	1300	1	151	6.70e-73	279
NC_011593.1:c2598562-2597207	NB551033:151:HCYCWBGXB:2:13302:16835:1377#0/2	100.000	151	0	0	656	806	1	151	6.70e-73	279
NC_011593.1:c2598562-2597207	NB551033:151:HCYCWBGXB:2:13210:18935:3536#0/2	100.000	151	0	0	766	916	1	151	6.70e-73	279
NC_011593.1:c2598562-2597207	NB551033:151:HCYCWBGXB:1:13310:20821:5779#0/2	100.000	151	0	0	367	517	1	151	6.70e-73	279
NC_011593.1:c2598562-2597207	NB551033:151:HCYCWBGXB:3:23609:23600:15711#0/1	100.000	151	0	0	773	923	151	1	6.70e-73	279
NC_011593.1:c2598562-2597207	NB551033:151:HCYCWBGXB:3:22505:16571:12744#0/1	100.000	151	0	0	694	844	1	151	6.70e-73	279
NC_011593.1:c2598562-2597207	NB551033:151:HCYCWBGXB:2:13210:20573:20349#0/1	100.000	151	0	0	335	485	151	1	6.70e-73	279
NC_011593.1:c2598562-2597207	NB551033:151:HCYCWBGXB:2:11107:3290:15743#0/1	100.000	151	0	0	359	509	1	151	6.70e-73	279
NC_011593.1:c2598562-2597207	NB551033:151:HCYCWBGXB:1:22310:18158:12965#0/1	100.000	151	0	0	261	411	1	151	6.70e-73	279
NC_011593.1:c2598562-2597207	NB551033:151:HCYCWBGXB:1:12208:11071:17608#0/1	100.000	151	0	0	1076	1226	151	1	6.70e-73	279
NC_011593.1:c2598562-2597207	NB551033:151:HCYCWBGXB:4:21406:8632:17783#0/2	100.000	150	0	0	1101	1250	1	150	2.41e-72	278
NC_011593.1:c2598562-2597207	NB551033:151:HCYCWBGXB:4:12610:11626:14734#0/2	100.000	150	0	0	888	1037	150	1	2.41e-72	278
NC_011593.1:c2598562-2597207	NB551033:151:HCYCWBGXB:4:11403:8858:11180#0/2	100.000	150	0	0	640	789	1	150	2.41e-72	278
NC_011593.1:c2598562-2597207	NB551033:151:HCYCWBGXB:3:23609:23600:15711#0/2	100.000	150	0	0	677	826	1	150	2.41e-72	278
NC_011593.1:c2598562-2597207	NB551033:151:HCYCWBGXB:3:22401:11747:1854#0/2	100.000	150	0	0	613	762	1	150	2.41e-72	278
NC_011593.1:c2598562-2597207	NB551033:151:HCYCWBGXB:3:12412:12470:1242#0/2	100.000	150	0	0	724	873	150	1	2.41e-72	278
NC_011593.1:c2598562-2597207	NB551033:151:HCYCWBGXB:2:21112:11269:14189#0/2	100.000	150	0	0	1117	1266	1	150	2.41e-72	278
NC_011593.1:c2598562-2597207	NB551033:151:HCYCWBGXB:2:13210:20573:20349#0/2	100.000	150	0	0	253	402	1	150	2.41e-72	278
NC_011593.1:c2598562-2597207	NB551033:151:HCYCWBGXB:1:13107:12491:10752#0/2	100.000	150	0	0	889	1038	1	150	2.41e-72	278
NC_011593.1:c2598562-2597207	NB551033:151:HCYCWBGXB:4:11403:8858:11180#0/1	100.000	150	0	0	820	969	150	1	2.41e-72	278
NC_011593.1:c2598562-2597207	NB551033:151:HCYCWBGXB:3:23609:14599:2098#0/1	100.000	150	0	0	854	1003	1	150	2.41e-72	278
NC_011593.1:c2598562-2597207	NB551033:151:HCYCWBGXB:2:22203:17990:17470#0/1	100.000	150	0	0	1164	1313	150	1	2.41e-72	278
NC_011593.1:c2598562-2597207	NB551033:151:HCYCWBGXB:2:11210:10769:13089#0/1	100.000	150	0	0	876	1025	1	150	2.41e-72	278
NC_011593.1:c2598562-2597207	NB551033:151:HCYCWBGXB:1:13310:20821:5779#0/1	100.000	150	0	0	615	764	150	1	2.41e-72	278
NC_011593.1:c2598562-2597207	NB551033:151:HCYCWBGXB:4:22503:24986:3933#0/2	100.000	149	0	0	382	530	1	149	8.67e-72	276
NC_011593.1:c2598562-2597207	NB551033:151:HCYCWBGXB:3:22505:16571:12744#0/2	100.000	149	0	0	729	877	149	1	8.67e-72	276
NC_011593.1:c2598562-2597207	NB551033:151:HCYCWBGXB:3:22401:11747:1854#0/1	100.000	149	0	0	646	794	149	1	8.67e-72	276
NC_011593.1:c2598562-2597207	NB551033:151:HCYCWBGXB:3:12412:12470:1242#0/1	100.000	149	0	0	716	864	1	149	8.67e-72	276
NC_011593.1:c2598562-2597207	NB551033:151:HCYCWBGXB:3:23510:3803:18230#0/1	100.000	148	0	0	600	747	1	148	3.12e-71	274
NC_011593.1:c2598562-2597207	NB551033:151:HCYCWBGXB:3:23404:1985:2882#0/1	100.000	148	0	0	211	358	1	148	3.12e-71	274
NC_011593.1:c2598562-2597207	NB551033:151:HCYCWBGXB:2:22301:20311:4223#0/1	100.000	148	0	0	1155	1302	1	148	3.12e-71	274
NC_011593.1:c2598562-2597207	NB551033:151:HCYCWBGXB:4:22503:23058:8019#0/2	100.000	147	0	0	560	706	1	147	1.12e-70	272
NC_011593.1:c2598562-2597207	NB551033:151:HCYCWBGXB:3:23510:3803:18230#0/2	99.333	150	1	0	814	963	150	1	1.12e-70	272
NC_011593.1:c2598562-2597207	NB551033:151:HCYCWBGXB:1:22310:18158:12965#0/2	99.333	150	1	0	312	461	150	1	1.12e-70	272
NC_011593.1:c2598562-2597207	NB551033:151:HCYCWBGXB:4:22503:23058:8019#0/1	100.000	147	0	0	560	706	147	1	1.12e-70	272
NC_011593.1:c2598562-2597207	NB551033:151:HCYCWBGXB:2:11206:20630:2379#0/1	100.000	146	0	0	509	654	1	146	4.04e-70	270
NC_011593.1:c2598562-2597207	NB551033:151:HCYCWBGXB:4:22604:7368:10106#0/2	100.000	145	0	0	1185	1329	145	1	1.45e-69	268
NC_011593.1:c2598562-2597207	NB551033:151:HCYCWBGXB:4:21406:8632:17783#0/1	100.000	143	0	0	1205	1347	143	1	1.88e-68	265
NC_011593.1:c2598562-2597207	NB551033:151:HCYCWBGXB:2:13210:18935:3536#0/1	100.000	143	0	0	922	1064	150	8	1.88e-68	265
NC_011593.1:c2598562-2597207	NB551033:151:HCYCWBGXB:2:11206:20630:2379#0/2	100.000	140	0	0	514	653	140	1	8.73e-67	259
NC_011593.1:c2598562-2597207	NB551033:151:HCYCWBGXB:4:22503:24986:3933#0/1	97.987	149	3	0	505	653	149	1	8.73e-67	259
NC_011593.1:c2598562-2597207	NB551033:151:HCYCWBGXB:4:12610:11626:14734#0/1	100.000	138	0	0	645	782	1	138	1.13e-65	255
NC_011593.1:c2598562-2597207	NB551033:151:HCYCWBGXB:4:21408:17100:7289#0/2	100.000	137	0	0	1220	1356	1	137	4.06e-65	254
NC_011593.1:c2598562-2597207	NB551033:151:HCYCWBGXB:4:13606:22530:13474#0/2	100.000	134	0	0	256	389	1	134	1.89e-63	248
NC_011593.1:c2598562-2597207	NB551033:151:HCYCWBGXB:3:23404:1985:2882#0/2	100.000	121	0	0	498	618	121	1	3.19e-56	224
NC_011593.1:c2598562-2597207	NB551033:151:HCYCWBGXB:3:22509:6979:7224#0/2	100.000	118	0	0	846	963	118	1	1.48e-54	219
NC_011593.1:c2598562-2597207	NB551033:151:HCYCWBGXB:3:22509:6979:7224#0/1	100.000	118	0	0	846	963	1	118	1.48e-54	219
NC_011593.1:c2598562-2597207	NB551033:151:HCYCWBGXB:3:23605:22410:15318#0/1	100.000	115	0	0	379	493	1	115	6.90e-53	213
NC_011593.1:c2598562-2597207	NB551033:151:HCYCWBGXB:3:11505:18860:2678#0/2	100.000	113	0	0	381	493	113	1	8.92e-52	209
NC_011593.1:c2598562-2597207	NB551033:151:HCYCWBGXB:1:12210:24642:1803#0/1	98.319	119	2	0	1198	1316	1	119	8.92e-52	209
NC_011593.1:c2598562-2597207	NB551033:151:HCYCWBGXB:3:22608:5602:17029#0/2	100.000	112	0	0	492	603	1	112	3.21e-51	207
NC_011593.1:c2598562-2597207	NB551033:151:HCYCWBGXB:3:22608:5602:17029#0/1	100.000	112	0	0	492	603	112	1	3.21e-51	207
NC_011593.1:c2598562-2597207	NB551033:151:HCYCWBGXB:3:21509:24354:17684#0/1	100.000	110	0	0	1131	1240	110	1	4.15e-50	204
NC_011593.1:c2598562-2597207	NB551033:151:HCYCWBGXB:2:22209:9085:6230#0/1	100.000	107	0	0	1250	1356	150	44	1.93e-48	198
NC_011593.1:c2598562-2597207	NB551033:151:HCYCWBGXB:2:13309:22933:18541#0/2	100.000	105	0	0	960	1064	1	105	2.50e-47	195
NC_011593.1:c2598562-2597207	NB551033:151:HCYCWBGXB:2:22201:7333:20259#0/2	100.000	104	0	0	961	1064	1	104	8.99e-47	193
NC_011593.1:c2598562-2597207	NB551033:151:HCYCWBGXB:3:22507:13735:11669#0/1	100.000	104	0	0	138	241	48	151	8.99e-47	193
NC_011593.1:c2598562-2597207	NB551033:151:HCYCWBGXB:2:11109:21918:3666#0/2	100.000	98	0	0	1136	1233	98	1	1.95e-43	182
NC_011593.1:c2598562-2597207	NB551033:151:HCYCWBGXB:2:11109:21918:3666#0/1	100.000	98	0	0	1136	1233	1	98	1.95e-43	182
NC_011593.1:c2598562-2597207	NB551033:151:HCYCWBGXB:3:22507:13735:11669#0/2	100.000	92	0	0	228	319	92	1	4.21e-40	171
NC_011593.1:c2598562-2597207	NB551033:151:HCYCWBGXB:3:23605:22410:15318#0/2	100.000	84	0	0	410	493	84	1	1.18e-35	156
NC_011593.1:c2598562-2597207	NB551033:151:HCYCWBGXB:1:12309:24924:6848#0/1	96.774	93	3	0	950	1042	1	93	1.18e-35	156
NC_011593.1:c2598562-2597207	NB551033:151:HCYCWBGXB:4:13606:22530:13474#0/1	100.000	82	0	0	308	389	82	1	1.53e-34	152
NC_011593.1:c2598562-2597207	NB551033:151:HCYCWBGXB:3:13509:10273:20246#0/2	100.000	80	0	0	471	550	1	80	1.97e-33	148
NC_011593.1:c2598562-2597207	NB551033:151:HCYCWBGXB:3:22606:5444:5969#0/2	98.780	82	1	0	138	219	82	1	7.10e-33	147
NC_011593.1:c2598562-2597207	NB551033:151:HCYCWBGXB:1:13305:14207:10497#0/2	100.000	79	0	0	1118	1196	1	79	7.10e-33	147
NC_011593.1:c2598562-2597207	NB551033:151:HCYCWBGXB:3:13509:10273:20246#0/1	100.000	79	0	0	472	550	79	1	7.10e-33	147
NC_011593.1:c2598562-2597207	NB551033:151:HCYCWBGXB:1:13305:14207:10497#0/1	100.000	79	0	0	1118	1196	79	1	7.10e-33	147
NC_011593.1:c2598562-2597207	NB551033:151:HCYCWBGXB:2:11107:3290:15743#0/2	100.000	76	0	0	497	572	76	1	3.30e-31	141
NC_011593.1:c2598562-2597207	NB551033:151:HCYCWBGXB:1:12210:24642:1803#0/2	98.718	78	1	0	1242	1319	78	1	1.19e-30	139
NC_011593.1:c2598562-2597207	NB551033:151:HCYCWBGXB:1:22103:12734:3524#0/2	100.000	73	0	0	1058	1130	66	138	1.54e-29	135
NC_011593.1:c2598562-2597207	NB551033:151:HCYCWBGXB:1:22103:12734:3524#0/1	100.000	73	0	0	1058	1130	73	1	1.54e-29	135
NC_011593.1:c2598562-2597207	NB551033:151:HCYCWBGXB:2:22301:20311:4223#0/2	100.000	70	0	0	1287	1356	113	44	7.15e-28	130
NC_011593.1:c2598562-2597207	NB551033:151:HCYCWBGXB:4:22402:9765:17513#0/1	100.000	68	0	0	1058	1125	68	1	9.24e-27	126
NC_011593.1:c2598562-2597207	NB551033:151:HCYCWBGXB:1:22207:9267:7219#0/2	100.000	63	0	0	1058	1120	63	1	5.56e-24	117
NC_011593.1:c2598562-2597207	NB551033:151:HCYCWBGXB:2:22203:17990:17470#0/2	100.000	62	0	0	1058	1119	87	148	2.00e-23	115
NC_011593.1:c2598562-2597207	NB551033:151:HCYCWBGXB:4:11408:8852:5253#0/2	100.000	61	0	0	1004	1064	1	61	7.20e-23	113
NC_011593.1:c2598562-2597207	NB551033:151:HCYCWBGXB:1:13107:12491:10752#0/1	98.413	63	1	0	1002	1064	136	74	2.59e-22	111
NC_011593.1:c2598562-2597207	NB551033:151:HCYCWBGXB:2:23102:18062:19420#0/2	100.000	59	0	0	1058	1116	59	1	9.31e-22	110
NC_011593.1:c2598562-2597207	NB551033:151:HCYCWBGXB:2:23102:18062:19420#0/1	100.000	59	0	0	1058	1116	82	140	9.31e-22	110
NC_011593.1:c2598562-2597207	NB551033:151:HCYCWBGXB:4:21612:14741:7302#0/2	100.000	57	0	0	138	194	57	1	1.20e-20	106
NC_011593.1:c2598562-2597207	NB551033:151:HCYCWBGXB:3:23610:16301:12623#0/2	98.246	57	1	0	138	194	57	1	5.60e-19	100
NC_011593.1:c2598562-2597207	NB551033:151:HCYCWBGXB:2:11210:10769:13089#0/2	100.000	54	0	0	1011	1064	151	98	5.60e-19	100
NC_011593.1:c2598562-2597207	NB551033:151:HCYCWBGXB:2:13304:17983:5147#0/1	100.000	51	0	0	1305	1355	1	51	2.61e-17	95.3
NC_011593.1:c2598562-2597207	NB551033:151:HCYCWBGXB:4:21612:14741:7302#0/1	100.000	49	0	0	138	186	103	151	3.37e-16	91.6
NC_011593.1:c2598562-2597207	NB551033:151:HCYCWBGXB:1:11304:22447:12550#0/2	100.000	47	0	0	1310	1356	1	47	4.36e-15	87.9
NC_011593.1:c2598562-2597207	NB551033:151:HCYCWBGXB:1:11304:22447:12550#0/1	100.000	47	0	0	1310	1356	75	29	4.36e-15	87.9
NC_011593.1:c2598562-2597207	NB551033:151:HCYCWBGXB:3:23609:14599:2098#0/2	100.000	28	0	0	1037	1064	151	124	1.59e-04	52.8
# BLASTN 2.9.0+
# Query: NC_011593.1:2598858-2601929 Bifidobacterium longum subsp. infantis ATCC 15697, complete genome
# Database: db/blast_C0499-2F-1A_S64.faa
# Fields: query acc.ver, subject acc.ver, % identity, alignment length, mismatches, gap opens, q. start, q. end, s. start, s. end, evalue, bit score
# 196 hits found
NC_011593.1:2598858-2601929	NB551033:151:HCYCWBGXB:4:23509:21895:14998#0/2	100.000	151	0	0	1670	1820	151	1	1.52e-72	279
NC_011593.1:2598858-2601929	NB551033:151:HCYCWBGXB:4:21508:2599:17615#0/2	100.000	151	0	0	318	468	151	1	1.52e-72	279
NC_011593.1:2598858-2601929	NB551033:151:HCYCWBGXB:4:22509:2687:14210#0/1	100.000	151	0	0	292	442	1	151	1.52e-72	279
NC_011593.1:2598858-2601929	NB551033:151:HCYCWBGXB:4:21504:4382:5481#0/1	100.000	151	0	0	344	494	151	1	1.52e-72	279
NC_011593.1:2598858-2601929	NB551033:151:HCYCWBGXB:3:23508:19897:2416#0/1	100.000	151	0	0	1952	2102	1	151	1.52e-72	279
NC_011593.1:2598858-2601929	NB551033:151:HCYCWBGXB:3:21502:2589:17102#0/1	100.000	151	0	0	1721	1871	151	1	1.52e-72	279
NC_011593.1:2598858-2601929	NB551033:151:HCYCWBGXB:2:21307:24428:15194#0/1	100.000	151	0	0	1913	2063	151	1	1.52e-72	279
NC_011593.1:2598858-2601929	NB551033:151:HCYCWBGXB:4:22509:2687:14210#0/2	100.000	150	0	0	365	514	150	1	5.48e-72	278
NC_011593.1:2598858-2601929	NB551033:151:HCYCWBGXB:3:23508:19897:2416#0/2	100.000	150	0	0	1960	2109	150	1	5.48e-72	278
NC_011593.1:2598858-2601929	NB551033:151:HCYCWBGXB:2:12104:13323:13578#0/2	100.000	150	0	0	2424	2573	150	1	5.48e-72	278
NC_011593.1:2598858-2601929	NB551033:151:HCYCWBGXB:1:22304:25140:12009#0/2	100.000	150	0	0	1585	1734	150	1	5.48e-72	278
NC_011593.1:2598858-2601929	NB551033:151:HCYCWBGXB:1:21210:10250:15275#0/2	100.000	150	0	0	242	391	150	1	5.48e-72	278
NC_011593.1:2598858-2601929	NB551033:151:HCYCWBGXB:4:21508:2599:17615#0/1	100.000	150	0	0	312	461	1	150	5.48e-72	278
NC_011593.1:2598858-2601929	NB551033:151:HCYCWBGXB:3:23503:6588:2534#0/1	100.000	150	0	0	237	386	1	150	5.48e-72	278
NC_011593.1:2598858-2601929	NB551033:151:HCYCWBGXB:3:13504:6166:19289#0/1	100.000	150	0	0	974	1123	1	150	5.48e-72	278
NC_011593.1:2598858-2601929	NB551033:151:HCYCWBGXB:3:13406:3002:8535#0/1	100.000	150	0	0	1677	1826	1	150	5.48e-72	278
NC_011593.1:2598858-2601929	NB551033:151:HCYCWBGXB:1:23309:3011:9917#0/1	100.000	149	0	0	2383	2531	1	149	1.97e-71	276
NC_011593.1:2598858-2601929	NB551033:151:HCYCWBGXB:3:23503:6588:2534#0/2	99.338	151	1	0	379	529	151	1	7.08e-71	274
NC_011593.1:2598858-2601929	NB551033:151:HCYCWBGXB:3:13603:20675:3140#0/2	99.338	151	1	0	1013	1163	151	1	7.08e-71	274
NC_011593.1:2598858-2601929	NB551033:151:HCYCWBGXB:3:13504:6166:19289#0/2	99.338	151	1	0	1067	1217	151	1	7.08e-71	274
NC_011593.1:2598858-2601929	NB551033:151:HCYCWBGXB:3:22403:2087:3478#0/1	99.338	151	1	0	1971	2121	151	1	7.08e-71	274
NC_011593.1:2598858-2601929	NB551033:151:HCYCWBGXB:3:13608:22178:9534#0/1	99.338	151	1	0	1812	1962	1	151	7.08e-71	274
NC_011593.1:2598858-2601929	NB551033:151:HCYCWBGXB:1:13303:5985:6198#0/1	99.338	151	1	0	1150	1300	151	1	7.08e-71	274
NC_011593.1:2598858-2601929	NB551033:151:HCYCWBGXB:4:21504:4382:5481#0/2	99.333	150	1	0	297	446	1	150	2.55e-70	272
NC_011593.1:2598858-2601929	NB551033:151:HCYCWBGXB:3:13608:22178:9534#0/2	99.333	150	1	0	2192	2341	150	1	2.55e-70	272
NC_011593.1:2598858-2601929	NB551033:151:HCYCWBGXB:3:13406:3002:8535#0/2	99.333	150	1	0	1764	1913	150	1	2.55e-70	272
NC_011593.1:2598858-2601929	NB551033:151:HCYCWBGXB:3:11610:13934:6467#0/2	99.333	150	1	0	197	346	1	150	2.55e-70	272
NC_011593.1:2598858-2601929	NB551033:151:HCYCWBGXB:2:13207:24643:11182#0/2	99.333	150	1	0	919	1068	1	150	2.55e-70	272
NC_011593.1:2598858-2601929	NB551033:151:HCYCWBGXB:2:12209:13329:17591#0/2	99.333	150	1	0	2219	2368	1	150	2.55e-70	272
NC_011593.1:2598858-2601929	NB551033:151:HCYCWBGXB:1:13303:5985:6198#0/2	99.333	150	1	0	1107	1256	1	150	2.55e-70	272
NC_011593.1:2598858-2601929	NB551033:151:HCYCWBGXB:2:23308:15918:1517#0/1	99.333	150	1	0	1313	1462	150	1	2.55e-70	272
NC_011593.1:2598858-2601929	NB551033:151:HCYCWBGXB:2:13207:24643:11182#0/1	99.333	150	1	0	1185	1334	150	1	2.55e-70	272
NC_011593.1:2598858-2601929	NB551033:151:HCYCWBGXB:1:21308:3587:12566#0/1	99.333	150	1	0	1649	1798	1	150	2.55e-70	272
NC_011593.1:2598858-2601929	NB551033:151:HCYCWBGXB:1:21210:10250:15275#0/1	99.333	150	1	0	16	165	1	150	2.55e-70	272
NC_011593.1:2598858-2601929	NB551033:151:HCYCWBGXB:1:23309:3011:9917#0/2	99.329	149	1	0	2443	2591	151	3	9.16e-70	270
NC_011593.1:2598858-2601929	NB551033:151:HCYCWBGXB:3:23511:20565:11016#0/2	99.324	148	1	0	2211	2358	1	148	3.30e-69	268
NC_011593.1:2598858-2601929	NB551033:151:HCYCWBGXB:3:12609:17872:3658#0/2	98.675	151	2	0	674	824	151	1	3.30e-69	268
NC_011593.1:2598858-2601929	NB551033:151:HCYCWBGXB:2:22205:1938:19182#0/2	98.675	151	2	0	2540	2690	151	1	3.30e-69	268
NC_011593.1:2598858-2601929	NB551033:151:HCYCWBGXB:1:22212:26714:5618#0/2	98.675	151	2	0	2529	2679	1	151	3.30e-69	268
NC_011593.1:2598858-2601929	NB551033:151:HCYCWBGXB:1:21308:3587:12566#0/2	98.675	151	2	0	1839	1989	151	1	3.30e-69	268
NC_011593.1:2598858-2601929	NB551033:151:HCYCWBGXB:1:21104:23023:4836#0/2	98.675	151	2	0	2339	2489	151	1	3.30e-69	268
NC_011593.1:2598858-2601929	NB551033:151:HCYCWBGXB:1:12209:17603:6444#0/2	98.675	151	2	0	2501	2651	1	151	3.30e-69	268
NC_011593.1:2598858-2601929	NB551033:151:HCYCWBGXB:4:11407:13821:14811#0/1	98.675	151	2	0	2491	2641	151	1	3.30e-69	268
NC_011593.1:2598858-2601929	NB551033:151:HCYCWBGXB:3:22505:22293:9500#0/1	100.000	145	0	0	175	319	145	1	3.30e-69	268
NC_011593.1:2598858-2601929	NB551033:151:HCYCWBGXB:3:13607:21522:4792#0/1	98.675	151	2	0	2499	2649	151	1	3.30e-69	268
NC_011593.1:2598858-2601929	NB551033:151:HCYCWBGXB:3:11610:13934:6467#0/1	98.675	151	2	0	395	545	151	1	3.30e-69	268
NC_011593.1:2598858-2601929	NB551033:151:HCYCWBGXB:2:22110:6325:4380#0/1	98.675	151	2	0	1398	1548	1	151	3.30e-69	268
NC_011593.1:2598858-2601929	NB551033:151:HCYCWBGXB:2:12209:13329:17591#0/1	98.675	151	2	0	2501	2651	151	1	3.30e-69	268
NC_011593.1:2598858-2601929	NB551033:151:HCYCWBGXB:2:12104:13323:13578#0/1	98.675	151	2	0	2335	2485	1	151	3.30e-69	268
NC_011593.1:2598858-2601929	NB551033:151:HCYCWBGXB:1:23205:26401:10435#0/1	98.675	151	2	0	2493	2643	151	1	3.30e-69	268
NC_011593.1:2598858-2601929	NB551033:151:HCYCWBGXB:1:22306:19339:17280#0/1	98.675	151	2	0	735	885	151	1	3.30e-69	268
NC_011593.1:2598858-2601929	NB551033:151:HCYCWBGXB:4:23408:21510:14091#0/2	98.667	150	2	0	2283	2432	1	150	1.19e-68	267
NC_011593.1:2598858-2601929	NB551033:151:HCYCWBGXB:4:12607:13698:3784#0/2	98.667	150	2	0	2511	2660	1	150	1.19e-68	267
NC_011593.1:2598858-2601929	NB551033:151:HCYCWBGXB:4:11409:12780:15690#0/2	98.667	150	2	0	2874	3023	150	1	1.19e-68	267
NC_011593.1:2598858-2601929	NB551033:151:HCYCWBGXB:4:11407:13821:14811#0/2	98.667	150	2	0	2361	2510	1	150	1.19e-68	267
NC_011593.1:2598858-2601929	NB551033:151:HCYCWBGXB:3:21502:2589:17102#0/2	98.667	150	2	0	1524	1673	1	150	1.19e-68	267
NC_011593.1:2598858-2601929	NB551033:151:HCYCWBGXB:3:11512:7082:11298#0/2	98.667	150	2	0	2295	2444	1	150	1.19e-68	267
NC_011593.1:2598858-2601929	NB551033:151:HCYCWBGXB:3:11505:6934:5099#0/2	98.667	150	2	0	1282	1431	1	150	1.19e-68	267
NC_011593.1:2598858-2601929	NB551033:151:HCYCWBGXB:2:23311:22517:19344#0/2	98.667	150	2	0	2544	2693	1	150	1.19e-68	267
NC_011593.1:2598858-2601929	NB551033:151:HCYCWBGXB:2:22102:14049:14349#0/2	98.667	150	2	0	2544	2693	151	2	1.19e-68	267
NC_011593.1:2598858-2601929	NB551033:151:HCYCWBGXB:1:21105:4875:3775#0/2	98.667	150	2	0	2325	2474	150	1	1.19e-68	267
NC_011593.1:2598858-2601929	NB551033:151:HCYCWBGXB:1:11305:26292:12110#0/2	98.667	150	2	0	2764	2913	150	1	1.19e-68	267
NC_011593.1:2598858-2601929	NB551033:151:HCYCWBGXB:4:23411:3611:11407#0/1	98.667	150	2	0	2460	2609	1	150	1.19e-68	267
NC_011593.1:2598858-2601929	NB551033:151:HCYCWBGXB:4:23408:21510:14091#0/1	98.667	150	2	0	2372	2521	150	1	1.19e-68	267
NC_011593.1:2598858-2601929	NB551033:151:HCYCWBGXB:3:13609:22653:7007#0/1	98.667	150	2	0	739	888	150	1	1.19e-68	267
NC_011593.1:2598858-2601929	NB551033:151:HCYCWBGXB:3:13603:20675:3140#0/1	98.667	150	2	0	647	796	1	150	1.19e-68	267
NC_011593.1:2598858-2601929	NB551033:151:HCYCWBGXB:3:11512:7082:11298#0/1	98.667	150	2	0	2355	2504	150	1	1.19e-68	267
NC_011593.1:2598858-2601929	NB551033:151:HCYCWBGXB:2:22205:1938:19182#0/1	98.667	150	2	0	2458	2607	1	150	1.19e-68	267
NC_011593.1:2598858-2601929	NB551033:151:HCYCWBGXB:2:22112:17155:5364#0/1	98.667	150	2	0	2877	3026	1	150	1.19e-68	267
NC_011593.1:2598858-2601929	NB551033:151:HCYCWBGXB:2:22102:14049:14349#0/1	98.667	150	2	0	2539	2688	1	150	1.19e-68	267
NC_011593.1:2598858-2601929	NB551033:151:HCYCWBGXB:1:22212:26714:5618#0/1	98.667	150	2	0	2583	2732	150	1	1.19e-68	267
NC_011593.1:2598858-2601929	NB551033:151:HCYCWBGXB:1:22211:1257:5614#0/1	98.667	150	2	0	2583	2732	150	1	1.19e-68	267
NC_011593.1:2598858-2601929	NB551033:151:HCYCWBGXB:1:21105:4875:3775#0/1	98.667	150	2	0	2288	2437	1	150	1.19e-68	267
NC_011593.1:2598858-2601929	NB551033:151:HCYCWBGXB:1:21104:23023:4836#0/1	98.667	150	2	0	2278	2427	1	150	1.19e-68	267
NC_011593.1:2598858-2601929	NB551033:151:HCYCWBGXB:1:21103:22560:2099#0/1	98.667	150	2	0	2877	3026	150	1	1.19e-68	267
NC_011593.1:2598858-2601929	NB551033:151:HCYCWBGXB:3:13607:21522:4792#0/2	98.658	149	2	0	2333	2481	1	149	4.26e-68	265
NC_011593.1:2598858-2601929	NB551033:151:HCYCWBGXB:2:21301:14792:13235#0/2	98.658	149	2	0	2875	3023	1	149	4.26e-68	265
NC_011593.1:2598858-2601929	NB551033:151:HCYCWBGXB:1:22211:1257:5614#0/2	98.658	149	2	0	2529	2677	1	149	4.26e-68	265
NC_011593.1:2598858-2601929	NB551033:151:HCYCWBGXB:3:23610:12195:11748#0/1	98.658	149	2	0	2795	2943	149	1	4.26e-68	265
NC_011593.1:2598858-2601929	NB551033:151:HCYCWBGXB:4:13409:13015:18706#0/2	100.000	142	0	0	346	487	1	142	1.53e-67	263
NC_011593.1:2598858-2601929	NB551033:151:HCYCWBGXB:2:11201:14769:14240#0/2	98.649	148	2	0	2484	2631	1	148	1.53e-67	263
NC_011593.1:2598858-2601929	NB551033:151:HCYCWBGXB:1:23205:26401:10435#0/2	98.013	151	3	0	2297	2447	1	151	1.53e-67	263
NC_011593.1:2598858-2601929	NB551033:151:HCYCWBGXB:4:13409:13015:18706#0/1	100.000	142	0	0	346	487	142	1	1.53e-67	263
NC_011593.1:2598858-2601929	NB551033:151:HCYCWBGXB:4:12607:13698:3784#0/1	98.013	151	3	0	2619	2769	151	1	1.53e-67	263
NC_011593.1:2598858-2601929	NB551033:151:HCYCWBGXB:2:23311:22517:19344#0/1	98.013	151	3	0	2636	2786	151	1	1.53e-67	263
NC_011593.1:2598858-2601929	NB551033:151:HCYCWBGXB:4:23411:3611:11407#0/2	98.000	150	3	0	2641	2790	150	1	5.51e-67	261
NC_011593.1:2598858-2601929	NB551033:151:HCYCWBGXB:3:23610:12195:11748#0/2	98.000	150	3	0	2650	2799	1	150	5.51e-67	261
NC_011593.1:2598858-2601929	NB551033:151:HCYCWBGXB:3:13609:22653:7007#0/2	98.000	150	3	0	553	702	1	150	5.51e-67	261
NC_011593.1:2598858-2601929	NB551033:151:HCYCWBGXB:3:12404:18059:6681#0/2	98.000	150	3	0	27	176	150	1	5.51e-67	261
NC_011593.1:2598858-2601929	NB551033:151:HCYCWBGXB:1:22306:19339:17280#0/2	98.000	150	3	0	661	810	1	150	5.51e-67	261
NC_011593.1:2598858-2601929	NB551033:151:HCYCWBGXB:1:21103:22560:2099#0/2	98.000	150	3	0	2672	2821	1	150	5.51e-67	261
NC_011593.1:2598858-2601929	NB551033:151:HCYCWBGXB:4:11409:12780:15690#0/1	98.000	150	3	0	2672	2821	1	150	5.51e-67	261
NC_011593.1:2598858-2601929	NB551033:151:HCYCWBGXB:3:23511:20565:11016#0/1	98.000	150	3	0	2293	2442	150	1	5.51e-67	261
NC_011593.1:2598858-2601929	NB551033:151:HCYCWBGXB:3:11610:19336:5407#0/1	98.000	150	3	0	2682	2831	1	150	5.51e-67	261
NC_011593.1:2598858-2601929	NB551033:151:HCYCWBGXB:3:11505:6934:5099#0/1	98.000	150	3	0	1338	1487	150	1	5.51e-67	261
NC_011593.1:2598858-2601929	NB551033:151:HCYCWBGXB:2:23106:2315:16671#0/1	98.000	150	3	0	2595	2744	1	150	5.51e-67	261
NC_011593.1:2598858-2601929	NB551033:151:HCYCWBGXB:2:13110:24129:14694#0/1	98.000	150	3	0	651	800	1	150	5.51e-67	261
NC_011593.1:2598858-2601929	NB551033:151:HCYCWBGXB:2:12303:22413:8856#0/1	98.000	150	3	0	2017	2166	1	150	5.51e-67	261
NC_011593.1:2598858-2601929	NB551033:151:HCYCWBGXB:2:11201:14769:14240#0/1	98.000	150	3	0	2577	2726	150	1	5.51e-67	261
NC_011593.1:2598858-2601929	NB551033:151:HCYCWBGXB:1:11312:1629:11660#0/1	98.000	150	3	0	1998	2147	1	150	5.51e-67	261
NC_011593.1:2598858-2601929	NB551033:151:HCYCWBGXB:3:12511:8975:15766#0/2	98.630	146	2	0	1342	1487	146	1	1.98e-66	259
NC_011593.1:2598858-2601929	NB551033:151:HCYCWBGXB:2:23308:15918:1517#0/2	99.301	143	1	0	1146	1288	1	143	1.98e-66	259
NC_011593.1:2598858-2601929	NB551033:151:HCYCWBGXB:2:23106:2315:16671#0/2	97.987	149	3	0	2644	2792	149	1	1.98e-66	259
NC_011593.1:2598858-2601929	NB551033:151:HCYCWBGXB:1:22209:24408:11055#0/2	97.987	149	3	0	2724	2872	149	1	1.98e-66	259
NC_011593.1:2598858-2601929	NB551033:151:HCYCWBGXB:4:21606:7192:8437#0/1	97.987	149	3	0	659	807	149	1	1.98e-66	259
NC_011593.1:2598858-2601929	NB551033:151:HCYCWBGXB:3:22611:20259:3857#0/2	97.973	148	3	0	2925	3072	150	3	7.13e-66	257
NC_011593.1:2598858-2601929	NB551033:151:HCYCWBGXB:3:11610:19336:5407#0/2	97.973	148	3	0	2917	3064	148	1	7.13e-66	257
NC_011593.1:2598858-2601929	NB551033:151:HCYCWBGXB:4:12607:18679:18783#0/2	100.000	138	0	0	229	366	1	138	2.57e-65	255
NC_011593.1:2598858-2601929	NB551033:151:HCYCWBGXB:3:22511:4473:10275#0/2	97.333	150	4	0	799	948	1	150	2.57e-65	255
NC_011593.1:2598858-2601929	NB551033:151:HCYCWBGXB:2:21303:14630:7148#0/2	100.000	138	0	0	1011	1148	138	1	2.57e-65	255
NC_011593.1:2598858-2601929	NB551033:151:HCYCWBGXB:2:13110:24129:14694#0/2	97.333	150	4	0	780	929	150	1	2.57e-65	255
NC_011593.1:2598858-2601929	NB551033:151:HCYCWBGXB:2:21303:14630:7148#0/1	97.333	150	4	0	869	1018	1	150	2.57e-65	255
NC_011593.1:2598858-2601929	NB551033:151:HCYCWBGXB:3:22403:2087:3478#0/2	100.000	137	0	0	1941	2077	1	137	9.23e-65	254
NC_011593.1:2598858-2601929	NB551033:151:HCYCWBGXB:1:11312:1629:11660#0/2	97.297	148	4	0	2123	2270	149	2	3.32e-64	252
NC_011593.1:2598858-2601929	NB551033:151:HCYCWBGXB:4:12607:18679:18783#0/1	100.000	136	0	0	231	366	136	1	3.32e-64	252
NC_011593.1:2598858-2601929	NB551033:151:HCYCWBGXB:3:12609:17872:3658#0/1	96.689	151	5	0	537	687	1	151	3.32e-64	252
NC_011593.1:2598858-2601929	NB551033:151:HCYCWBGXB:4:21606:7192:8437#0/2	96.667	150	5	0	521	670	1	150	1.19e-63	250
NC_011593.1:2598858-2601929	NB551033:151:HCYCWBGXB:2:21301:14792:13235#0/1	97.917	144	3	0	2929	3072	151	8	1.19e-63	250
NC_011593.1:2598858-2601929	NB551033:151:HCYCWBGXB:1:22209:24408:11055#0/1	97.279	147	4	0	2489	2635	1	147	1.19e-63	250
NC_011593.1:2598858-2601929	NB551033:151:HCYCWBGXB:1:13304:20667:5692#0/1	98.582	141	2	0	58	198	1	141	1.19e-63	250
NC_011593.1:2598858-2601929	NB551033:151:HCYCWBGXB:2:12303:22413:8856#0/2	97.902	143	3	0	2161	2303	143	1	4.29e-63	248
NC_011593.1:2598858-2601929	NB551033:151:HCYCWBGXB:4:11503:13469:16298#0/1	99.270	137	1	0	1039	1175	1	137	4.29e-63	248
NC_011593.1:2598858-2601929	NB551033:151:HCYCWBGXB:3:22511:4473:10275#0/1	96.644	149	5	0	859	1007	149	1	4.29e-63	248
NC_011593.1:2598858-2601929	NB551033:151:HCYCWBGXB:3:13606:11807:9548#0/2	96.622	148	5	0	835	982	148	1	1.54e-62	246
NC_011593.1:2598858-2601929	NB551033:151:HCYCWBGXB:2:13206:6842:12009#0/2	100.000	131	0	0	1708	1838	131	1	2.00e-61	243
NC_011593.1:2598858-2601929	NB551033:151:HCYCWBGXB:2:12302:7894:13326#0/2	100.000	131	0	0	970	1100	131	1	2.00e-61	243
NC_011593.1:2598858-2601929	NB551033:151:HCYCWBGXB:2:13206:6842:12009#0/1	100.000	131	0	0	1708	1838	1	131	2.00e-61	243
NC_011593.1:2598858-2601929	NB551033:151:HCYCWBGXB:4:12405:2604:16147#0/1	98.529	136	2	0	82	217	1	136	7.18e-61	241
NC_011593.1:2598858-2601929	NB551033:151:HCYCWBGXB:4:21608:15199:8074#0/2	99.242	132	1	0	1	132	18	149	2.58e-60	239
NC_011593.1:2598858-2601929	NB551033:151:HCYCWBGXB:3:23410:26562:19187#0/2	98.485	132	2	0	685	816	2	133	1.20e-58	233
NC_011593.1:2598858-2601929	NB551033:151:HCYCWBGXB:1:21111:3537:10508#0/2	98.485	132	2	0	1537	1668	132	1	1.20e-58	233
NC_011593.1:2598858-2601929	NB551033:151:HCYCWBGXB:3:22505:22293:9500#0/2	98.473	131	2	0	125	255	1	131	4.32e-58	231
NC_011593.1:2598858-2601929	NB551033:151:HCYCWBGXB:1:12209:17603:6444#0/1	97.744	133	3	0	2940	3072	150	18	1.56e-57	230
NC_011593.1:2598858-2601929	NB551033:151:HCYCWBGXB:4:11503:13469:16298#0/2	99.200	125	1	0	1051	1175	125	1	2.01e-56	226
NC_011593.1:2598858-2601929	NB551033:151:HCYCWBGXB:3:12511:8975:15766#0/1	99.194	124	1	0	1146	1269	1	124	7.24e-56	224
NC_011593.1:2598858-2601929	NB551033:151:HCYCWBGXB:1:21108:13145:8765#0/2	96.296	135	5	0	521	655	1	135	2.60e-55	222
NC_011593.1:2598858-2601929	NB551033:151:HCYCWBGXB:4:23509:21895:14998#0/1	99.187	123	1	0	1591	1713	1	123	2.60e-55	222
NC_011593.1:2598858-2601929	NB551033:151:HCYCWBGXB:1:21108:13145:8765#0/1	96.296	135	5	0	521	655	135	1	2.60e-55	222
NC_011593.1:2598858-2601929	NB551033:151:HCYCWBGXB:1:23312:12763:6181#0/2	100.000	118	0	0	1913	2030	118	1	3.37e-54	219
NC_011593.1:2598858-2601929	NB551033:151:HCYCWBGXB:1:12212:6813:3886#0/2	98.387	124	2	0	2293	2416	124	1	3.37e-54	219
NC_011593.1:2598858-2601929	NB551033:151:HCYCWBGXB:1:23312:12763:6181#0/1	100.000	118	0	0	1913	2030	1	118	3.37e-54	219
NC_011593.1:2598858-2601929	NB551033:151:HCYCWBGXB:2:22110:6325:4380#0/2	97.600	125	3	0	1475	1599	125	1	4.35e-53	215
NC_011593.1:2598858-2601929	NB551033:151:HCYCWBGXB:3:12609:3464:3277#0/2	99.145	117	1	0	1786	1902	117	1	5.63e-52	211
NC_011593.1:2598858-2601929	NB551033:151:HCYCWBGXB:1:13304:20667:5692#0/2	99.145	117	1	0	150	266	117	1	5.63e-52	211
NC_011593.1:2598858-2601929	NB551033:151:HCYCWBGXB:3:12609:3464:3277#0/1	99.145	117	1	0	1786	1902	1	117	5.63e-52	211
NC_011593.1:2598858-2601929	NB551033:151:HCYCWBGXB:1:21304:5186:8485#0/1	99.145	117	1	0	1812	1928	1	117	5.63e-52	211
NC_011593.1:2598858-2601929	NB551033:151:HCYCWBGXB:4:12405:2604:16147#0/2	98.319	119	2	0	99	217	119	1	2.03e-51	209
NC_011593.1:2598858-2601929	NB551033:151:HCYCWBGXB:1:21210:13918:1648#0/2	98.291	117	2	0	553	669	1	117	2.62e-50	206
NC_011593.1:2598858-2601929	NB551033:151:HCYCWBGXB:1:21210:13918:1648#0/1	98.291	117	2	0	553	669	117	1	2.62e-50	206
NC_011593.1:2598858-2601929	NB551033:151:HCYCWBGXB:1:21111:3537:10508#0/1	100.000	110	0	0	1367	1476	1	110	9.43e-50	204
NC_011593.1:2598858-2601929	NB551033:151:HCYCWBGXB:2:13205:16898:4922#0/2	98.261	115	2	0	1275	1389	1	115	3.39e-49	202
NC_011593.1:2598858-2601929	NB551033:151:HCYCWBGXB:2:13205:16898:4922#0/1	98.261	115	2	0	1275	1389	115	1	3.39e-49	202
NC_011593.1:2598858-2601929	NB551033:151:HCYCWBGXB:4:12406:9480:16219#0/2	99.091	110	1	0	1346	1455	1	110	4.39e-48	198
NC_011593.1:2598858-2601929	NB551033:151:HCYCWBGXB:4:12406:9480:16219#0/1	99.091	110	1	0	1346	1455	110	1	4.39e-48	198
NC_011593.1:2598858-2601929	NB551033:151:HCYCWBGXB:3:12404:18059:6681#0/1	99.091	110	1	0	1	110	27	136	4.39e-48	198
NC_011593.1:2598858-2601929	NB551033:151:HCYCWBGXB:3:13609:1265:5008#0/2	96.610	118	4	0	867	984	1	118	1.58e-47	196
NC_011593.1:2598858-2601929	NB551033:151:HCYCWBGXB:3:13609:1265:5008#0/1	96.610	118	4	0	867	984	118	1	1.58e-47	196
NC_011593.1:2598858-2601929	NB551033:151:HCYCWBGXB:2:23111:5227:15002#0/2	99.057	106	1	0	2870	2975	106	1	7.34e-46	191
NC_011593.1:2598858-2601929	NB551033:151:HCYCWBGXB:1:23208:20086:16139#0/2	99.057	106	1	0	168	273	1	106	7.34e-46	191
NC_011593.1:2598858-2601929	NB551033:151:HCYCWBGXB:1:22206:9598:4956#0/2	98.165	109	2	0	2513	2621	1	109	7.34e-46	191
NC_011593.1:2598858-2601929	NB551033:151:HCYCWBGXB:2:23111:5227:15002#0/1	99.057	106	1	0	2870	2975	1	106	7.34e-46	191
NC_011593.1:2598858-2601929	NB551033:151:HCYCWBGXB:1:23208:20086:16139#0/1	99.057	106	1	0	168	273	106	1	7.34e-46	191
NC_011593.1:2598858-2601929	NB551033:151:HCYCWBGXB:1:22304:25140:12009#0/1	98.165	109	2	0	1525	1633	1	109	7.34e-46	191
NC_011593.1:2598858-2601929	NB551033:151:HCYCWBGXB:1:22206:9598:4956#0/1	98.165	109	2	0	2513	2621	109	1	7.34e-46	191
NC_011593.1:2598858-2601929	NB551033:151:HCYCWBGXB:4:11501:25662:7058#0/2	100.000	102	0	0	1	102	102	1	2.64e-45	189
NC_011593.1:2598858-2601929	NB551033:151:HCYCWBGXB:3:22611:20259:3857#0/1	97.248	109	3	0	2812	2920	1	109	3.41e-44	185
NC_011593.1:2598858-2601929	NB551033:151:HCYCWBGXB:4:22405:21552:4775#0/2	95.614	114	5	0	2111	2224	1	114	1.23e-43	183
NC_011593.1:2598858-2601929	NB551033:151:HCYCWBGXB:2:12302:7894:13326#0/1	96.364	110	4	0	816	925	1	110	4.42e-43	182
NC_011593.1:2598858-2601929	NB551033:151:HCYCWBGXB:3:22503:16436:15765#0/2	98.039	102	2	0	1518	1619	102	1	5.71e-42	178
NC_011593.1:2598858-2601929	NB551033:151:HCYCWBGXB:2:11111:16720:2736#0/2	96.296	108	4	0	529	636	1	108	5.71e-42	178
NC_011593.1:2598858-2601929	NB551033:151:HCYCWBGXB:3:22503:16436:15765#0/1	98.039	102	2	0	1518	1619	1	102	5.71e-42	178
NC_011593.1:2598858-2601929	NB551033:151:HCYCWBGXB:2:11111:16720:2736#0/1	96.296	108	4	0	529	636	108	1	5.71e-42	178
NC_011593.1:2598858-2601929	NB551033:151:HCYCWBGXB:2:22206:3344:11275#0/2	98.969	97	1	0	2872	2968	97	1	7.39e-41	174
NC_011593.1:2598858-2601929	NB551033:151:HCYCWBGXB:3:23410:26562:19187#0/1	98.000	100	2	0	761	860	100	1	7.39e-41	174
NC_011593.1:2598858-2601929	NB551033:151:HCYCWBGXB:2:22309:7330:17113#0/1	98.969	97	1	0	1349	1445	97	1	7.39e-41	174
NC_011593.1:2598858-2601929	NB551033:151:HCYCWBGXB:4:21608:15199:8074#0/1	98.958	96	1	0	60	155	96	1	2.66e-40	172
NC_011593.1:2598858-2601929	NB551033:151:HCYCWBGXB:2:22206:3344:11275#0/1	98.958	96	1	0	2872	2967	1	96	2.66e-40	172
NC_011593.1:2598858-2601929	NB551033:151:HCYCWBGXB:2:22309:7330:17113#0/2	97.938	97	2	0	1349	1445	1	97	3.44e-39	169
NC_011593.1:2598858-2601929	NB551033:151:HCYCWBGXB:2:22112:17155:5364#0/2	97.000	100	3	0	2973	3072	150	51	3.44e-39	169
NC_011593.1:2598858-2601929	NB551033:151:HCYCWBGXB:1:21304:5186:8485#0/2	98.864	88	1	0	1841	1928	88	1	7.44e-36	158
NC_011593.1:2598858-2601929	NB551033:151:HCYCWBGXB:4:21607:11794:18272#0/2	98.837	86	1	0	2218	2303	86	1	9.63e-35	154
NC_011593.1:2598858-2601929	NB551033:151:HCYCWBGXB:4:21607:11794:18272#0/1	98.837	86	1	0	2218	2303	1	86	9.63e-35	154
NC_011593.1:2598858-2601929	NB551033:151:HCYCWBGXB:4:21611:8506:3651#0/2	100.000	81	0	0	357	437	1	81	1.25e-33	150
NC_011593.1:2598858-2601929	NB551033:151:HCYCWBGXB:4:11606:4860:7939#0/2	100.000	81	0	0	294	374	1	81	1.25e-33	150
NC_011593.1:2598858-2601929	NB551033:151:HCYCWBGXB:4:21611:8506:3651#0/1	100.000	81	0	0	357	437	81	1	1.25e-33	150
NC_011593.1:2598858-2601929	NB551033:151:HCYCWBGXB:4:11606:4860:7939#0/1	100.000	81	0	0	294	374	81	1	1.25e-33	150
NC_011593.1:2598858-2601929	NB551033:151:HCYCWBGXB:3:12403:24079:10917#0/2	100.000	80	0	0	348	427	1	80	4.48e-33	148
NC_011593.1:2598858-2601929	NB551033:151:HCYCWBGXB:3:12403:24079:10917#0/1	100.000	80	0	0	348	427	80	1	4.48e-33	148
NC_011593.1:2598858-2601929	NB551033:151:HCYCWBGXB:1:12212:6813:3886#0/1	100.000	79	0	0	2293	2371	1	79	1.61e-32	147
NC_011593.1:2598858-2601929	NB551033:151:HCYCWBGXB:1:21306:8688:16473#0/2	98.750	80	1	0	733	812	80	1	2.08e-31	143
NC_011593.1:2598858-2601929	NB551033:151:HCYCWBGXB:1:21306:8688:16473#0/1	97.500	80	2	0	733	812	1	80	9.70e-30	137
NC_011593.1:2598858-2601929	NB551033:151:HCYCWBGXB:2:21307:24428:15194#0/2	97.368	76	2	0	1531	1606	1	76	1.62e-27	130
NC_011593.1:2598858-2601929	NB551033:151:HCYCWBGXB:3:13606:11807:9548#0/1	97.333	75	2	0	475	549	1	75	5.84e-27	128
NC_011593.1:2598858-2601929	NB551033:151:HCYCWBGXB:2:12110:20678:1740#0/2	97.101	69	2	0	3004	3072	1	69	1.26e-23	117
NC_011593.1:2598858-2601929	NB551033:151:HCYCWBGXB:4:11507:9421:3504#0/2	100.000	39	0	0	1	39	39	1	2.77e-10	73.1
NC_011593.1:2598858-2601929	NB551033:151:HCYCWBGXB:3:13401:4120:12867#0/2	100.000	39	0	0	1	39	39	1	2.77e-10	73.1
# BLASTN 2.9.0+
# Query: NC_011593.1:c2604454-2602106 Bifidobacterium longum subsp. infantis ATCC 15697, complete genome
# Database: db/blast_C0499-2F-1A_S64.faa
# 0 hits found
# BLASTN 2.9.0+
# Query: NC_011593.1:c2605922-2604486 Bifidobacterium longum subsp. infantis ATCC 15697, complete genome
# Database: db/blast_C0499-2F-1A_S64.faa
# 0 hits found
# BLASTN 2.9.0+
# Query: NC_011593.1:c2606381-2605944 Bifidobacterium longum subsp. infantis ATCC 15697, complete genome
# Database: db/blast_C0499-2F-1A_S64.faa
# 0 hits found
# BLASTN 2.9.0+
# Query: NC_011593.1:c2607314-2606418 Bifidobacterium longum subsp. infantis ATCC 15697, complete genome
# Database: db/blast_C0499-2F-1A_S64.faa
# 0 hits found
# BLASTN 2.9.0+
# Query: NC_011593.1:c2608249-2607458 Bifidobacterium longum subsp. infantis ATCC 15697, complete genome
# Database: db/blast_C0499-2F-1A_S64.faa
# 0 hits found
# BLASTN 2.9.0+
# Query: NC_011593.1:c2609546-2608269 Bifidobacterium longum subsp. infantis ATCC 15697, complete genome
# Database: db/blast_C0499-2F-1A_S64.faa
# 0 hits found
# BLASTN 2.9.0+
# Query: NC_011593.1:c2610356-2609697 Bifidobacterium longum subsp. infantis ATCC 15697, complete genome
# Database: db/blast_C0499-2F-1A_S64.faa
# 0 hits found
# BLASTN 2.9.0+
# Query: NC_011593.1:c2611458-2610496 Bifidobacterium longum subsp. infantis ATCC 15697, complete genome
# Database: db/blast_C0499-2F-1A_S64.faa
# 0 hits found
# BLASTN 2.9.0+
# Query: NC_011593.1:c2612430-2611477 Bifidobacterium longum subsp. infantis ATCC 15697, complete genome
# Database: db/blast_C0499-2F-1A_S64.faa
# 0 hits found
# BLASTN 2.9.0+
# Query: NC_011593.1:c2614109-2612517 Bifidobacterium longum subsp. infantis ATCC 15697, complete genome
# Database: db/blast_C0499-2F-1A_S64.faa
# 0 hits found
# BLASTN 2.9.0+
# Query: NC_011593.1:c2615274-2614312 Bifidobacterium longum subsp. infantis ATCC 15697, complete genome
# Database: db/blast_C0499-2F-1A_S64.faa
# 0 hits found
# BLASTN 2.9.0+
# Query: NC_011593.1:c2616246-2615293 Bifidobacterium longum subsp. infantis ATCC 15697, complete genome
# Database: db/blast_C0499-2F-1A_S64.faa
# 0 hits found
# BLASTN 2.9.0+
# Query: NC_011593.1:c2617928-2616333 Bifidobacterium longum subsp. infantis ATCC 15697, complete genome
# Database: db/blast_C0499-2F-1A_S64.faa
# Fields: query acc.ver, subject acc.ver, % identity, alignment length, mismatches, gap opens, q. start, q. end, s. start, s. end, evalue, bit score
# 5 hits found
NC_011593.1:c2617928-2616333	NB551033:151:HCYCWBGXB:2:12112:11974:15096#0/2	100.000	35	0	0	493	527	114	148	2.41e-08	65.8
NC_011593.1:c2617928-2616333	NB551033:151:HCYCWBGXB:1:22303:19982:2461#0/2	100.000	35	0	0	493	527	114	148	2.41e-08	65.8
NC_011593.1:c2617928-2616333	NB551033:151:HCYCWBGXB:4:13501:20372:6768#0/1	100.000	35	0	0	493	527	101	135	2.41e-08	65.8
NC_011593.1:c2617928-2616333	NB551033:151:HCYCWBGXB:3:22611:19796:9163#0/1	100.000	35	0	0	493	527	106	140	2.41e-08	65.8
NC_011593.1:c2617928-2616333	NB551033:151:HCYCWBGXB:2:11305:20237:15749#0/1	100.000	31	0	0	493	523	31	1	4.04e-06	58.4
# BLASTN 2.9.0+
# Query: NC_011593.1:c2619247-2618063 Bifidobacterium longum subsp. infantis ATCC 15697, complete genome
# Database: db/blast_C0499-2F-1A_S64.faa
# 0 hits found
# BLASTN 2.9.0+
# Query: NC_011593.1:c2620369-2619413 Bifidobacterium longum subsp. infantis ATCC 15697, complete genome
# Database: db/blast_C0499-2F-1A_S64.faa
# 0 hits found
# BLASTN 2.9.0+
# Query: NC_011593.1:c2622143-2620551 Bifidobacterium longum subsp. infantis ATCC 15697, complete genome
# Database: db/blast_C0499-2F-1A_S64.faa
# 0 hits found
# BLASTN 2.9.0+
# Query: NC_011593.1:c2624124-2622520 Bifidobacterium longum subsp. infantis ATCC 15697, complete genome
# Database: db/blast_C0499-2F-1A_S64.faa
# 0 hits found
# BLASTN 2.9.0+
# Query: NC_011593.1:c2626110-2624512 Bifidobacterium longum subsp. infantis ATCC 15697, complete genome
# Database: db/blast_C0499-2F-1A_S64.faa
# 0 hits found
# BLASTN 2.9.0+
# Query: NC_011593.1:c2626386-2626264 Bifidobacterium longum subsp. infantis ATCC 15697, complete genome
# Database: db/blast_C0499-2F-1A_S64.faa
# 0 hits found
# BLASTN 2.9.0+
# Query: NC_011593.1:c2628158-2626563 Bifidobacterium longum subsp. infantis ATCC 15697, complete genome
# Database: db/blast_C0499-2F-1A_S64.faa
# 0 hits found
# BLASTN 2.9.0+
# Query: NC_011593.1:c2630269-2628314 Bifidobacterium longum subsp. infantis ATCC 15697, complete genome
# Database: db/blast_C0499-2F-1A_S64.faa
# 0 hits found
# BLASTN 2.9.0+
# Query: NC_011593.1:c2631106-2630366 Bifidobacterium longum subsp. infantis ATCC 15697, complete genome
# Database: db/blast_C0499-2F-1A_S64.faa
# 0 hits found
# BLASTN 2.9.0+
# Query: NC_011593.1:c2632432-2631140 Bifidobacterium longum subsp. infantis ATCC 15697, complete genome
# Database: db/blast_C0499-2F-1A_S64.faa
# 0 hits found
# BLASTN 2.9.0+
# Query: NC_011593.1:c2633881-2632562 Bifidobacterium longum subsp. infantis ATCC 15697, complete genome
# Database: db/blast_C0499-2F-1A_S64.faa
# 0 hits found
# BLASTN 2.9.0+
# Query: NC_011593.1:c2634683-2633865 Bifidobacterium longum subsp. infantis ATCC 15697, complete genome
# Database: db/blast_C0499-2F-1A_S64.faa
# 0 hits found
# BLASTN 2.9.0+
# Query: NC_011593.1:c2635627-2634680 Bifidobacterium longum subsp. infantis ATCC 15697, complete genome
# Database: db/blast_C0499-2F-1A_S64.faa
# 0 hits found
# BLASTN 2.9.0+
# Query: NC_011593.1:c2636747-2635629 Bifidobacterium longum subsp. infantis ATCC 15697, complete genome
# Database: db/blast_C0499-2F-1A_S64.faa
# 0 hits found
# BLAST processed 31 queries
