# BLASTN 2.9.0+
# Query: NC_011593.1:c2595355-2593832 Bifidobacterium longum subsp. infantis ATCC 15697, complete genome
# Database: db/blast_C0495-2F-1A_S88.faa
# Fields: query acc.ver, subject acc.ver, % identity, alignment length, mismatches, gap opens, q. start, q. end, s. start, s. end, evalue, bit score
# 74 hits found
NC_011593.1:c2595355-2593832	NB551033:137:HK33LBGX9:1:22109:9949:2143#0/2	99.338	151	1	0	945	1095	151	1	2.70e-71	274
NC_011593.1:c2595355-2593832	NB551033:137:HK33LBGX9:4:13504:20509:16962#0/1	99.338	151	1	0	1021	1171	1	151	2.70e-71	274
NC_011593.1:c2595355-2593832	NB551033:137:HK33LBGX9:4:11405:15563:18688#0/1	99.338	151	1	0	359	509	151	1	2.70e-71	274
NC_011593.1:c2595355-2593832	NB551033:137:HK33LBGX9:4:12606:16142:13123#0/2	99.324	148	1	0	1032	1179	1	148	1.25e-69	268
NC_011593.1:c2595355-2593832	NB551033:137:HK33LBGX9:2:11305:5740:9216#0/1	98.675	151	2	0	467	617	1	151	1.25e-69	268
NC_011593.1:c2595355-2593832	NB551033:137:HK33LBGX9:4:13504:20509:16962#0/2	98.667	150	2	0	1080	1229	150	1	4.51e-69	267
NC_011593.1:c2595355-2593832	NB551033:137:HK33LBGX9:4:11602:10241:4926#0/2	99.320	147	1	0	1032	1178	1	147	4.51e-69	267
NC_011593.1:c2595355-2593832	NB551033:137:HK33LBGX9:4:11602:10241:4926#0/1	99.320	147	1	0	1032	1178	147	1	4.51e-69	267
NC_011593.1:c2595355-2593832	NB551033:137:HK33LBGX9:1:12301:9896:9228#0/1	98.667	150	2	0	738	887	1	150	4.51e-69	267
NC_011593.1:c2595355-2593832	NB551033:137:HK33LBGX9:4:21602:6375:12302#0/2	98.658	149	2	0	538	686	1	149	1.62e-68	265
NC_011593.1:c2595355-2593832	NB551033:137:HK33LBGX9:4:23508:1961:13807#0/1	99.315	146	1	0	355	500	146	1	1.62e-68	265
NC_011593.1:c2595355-2593832	NB551033:137:HK33LBGX9:4:21402:9610:12698#0/1	98.658	149	2	0	538	686	1	149	1.62e-68	265
NC_011593.1:c2595355-2593832	NB551033:137:HK33LBGX9:3:21408:26161:6773#0/2	98.013	151	3	0	1198	1348	1	151	5.83e-68	263
NC_011593.1:c2595355-2593832	NB551033:137:HK33LBGX9:1:11302:2929:15529#0/2	98.013	151	3	0	346	496	151	1	5.83e-68	263
NC_011593.1:c2595355-2593832	NB551033:137:HK33LBGX9:2:11305:5740:9216#0/2	98.000	150	3	0	701	850	150	1	2.10e-67	261
NC_011593.1:c2595355-2593832	NB551033:137:HK33LBGX9:3:13505:14560:14122#0/1	97.987	149	3	0	791	939	1	149	7.55e-67	259
NC_011593.1:c2595355-2593832	NB551033:137:HK33LBGX9:1:11101:8728:8909#0/2	97.351	151	4	0	127	277	151	1	2.71e-66	257
NC_011593.1:c2595355-2593832	NB551033:137:HK33LBGX9:4:21403:22074:13640#0/1	97.351	151	4	0	156	306	151	1	2.71e-66	257
NC_011593.1:c2595355-2593832	NB551033:137:HK33LBGX9:3:12612:10197:3416#0/1	97.351	151	4	0	1312	1462	1	151	2.71e-66	257
NC_011593.1:c2595355-2593832	NB551033:137:HK33LBGX9:2:11303:12180:4138#0/1	97.351	151	4	0	1311	1461	1	151	2.71e-66	257
NC_011593.1:c2595355-2593832	NB551033:137:HK33LBGX9:1:22109:9949:2143#0/1	97.351	151	4	0	801	951	1	151	2.71e-66	257
NC_011593.1:c2595355-2593832	NB551033:137:HK33LBGX9:1:11101:8728:8909#0/1	97.973	148	3	0	96	243	1	148	2.71e-66	257
NC_011593.1:c2595355-2593832	NB551033:137:HK33LBGX9:4:21402:9610:12698#0/2	97.333	150	4	0	563	712	150	1	9.76e-66	255
NC_011593.1:c2595355-2593832	NB551033:137:HK33LBGX9:3:13505:14560:14122#0/2	97.333	150	4	0	864	1013	150	1	9.76e-66	255
NC_011593.1:c2595355-2593832	NB551033:137:HK33LBGX9:3:13404:11595:3594#0/2	97.333	150	4	0	53	202	150	1	9.76e-66	255
NC_011593.1:c2595355-2593832	NB551033:137:HK33LBGX9:3:13402:25496:7920#0/2	97.333	150	4	0	145	294	1	150	9.76e-66	255
NC_011593.1:c2595355-2593832	NB551033:137:HK33LBGX9:2:22305:10302:7300#0/2	97.333	150	4	0	1321	1470	151	2	9.76e-66	255
NC_011593.1:c2595355-2593832	NB551033:137:HK33LBGX9:1:12301:9896:9228#0/2	97.333	150	4	0	818	967	150	1	9.76e-66	255
NC_011593.1:c2595355-2593832	NB551033:137:HK33LBGX9:4:21602:6375:12302#0/1	97.333	150	4	0	563	712	150	1	9.76e-66	255
NC_011593.1:c2595355-2593832	NB551033:137:HK33LBGX9:4:12609:15456:15827#0/2	96.689	151	5	0	119	269	151	1	1.26e-64	252
NC_011593.1:c2595355-2593832	NB551033:137:HK33LBGX9:3:21411:1842:18283#0/2	96.667	150	5	0	611	760	150	1	4.54e-64	250
NC_011593.1:c2595355-2593832	NB551033:137:HK33LBGX9:3:21411:1842:18283#0/1	96.667	150	5	0	323	472	1	150	4.54e-64	250
NC_011593.1:c2595355-2593832	NB551033:137:HK33LBGX9:4:21403:22074:13640#0/2	96.644	149	5	0	65	213	1	149	1.63e-63	248
NC_011593.1:c2595355-2593832	NB551033:137:HK33LBGX9:2:12211:5467:14306#0/2	98.571	140	2	0	1090	1229	1	140	1.63e-63	248
NC_011593.1:c2595355-2593832	NB551033:137:HK33LBGX9:2:12211:5467:14306#0/1	98.571	140	2	0	1090	1229	140	1	1.63e-63	248
NC_011593.1:c2595355-2593832	NB551033:137:HK33LBGX9:4:11405:15563:18688#0/2	96.026	151	6	0	274	424	1	151	5.88e-63	246
NC_011593.1:c2595355-2593832	NB551033:137:HK33LBGX9:3:12412:18517:5388#0/2	96.026	151	6	0	585	735	151	1	5.88e-63	246
NC_011593.1:c2595355-2593832	NB551033:137:HK33LBGX9:1:22108:3947:1412#0/2	97.887	142	3	0	1161	1302	1	142	5.88e-63	246
NC_011593.1:c2595355-2593832	NB551033:137:HK33LBGX9:4:12606:16142:13123#0/1	97.241	145	4	0	1274	1418	147	3	5.88e-63	246
NC_011593.1:c2595355-2593832	NB551033:137:HK33LBGX9:3:23407:10519:7303#0/2	96.000	150	6	0	634	783	1	150	2.11e-62	244
NC_011593.1:c2595355-2593832	NB551033:137:HK33LBGX9:3:23404:3243:7689#0/2	97.872	141	3	0	424	564	1	141	2.11e-62	244
NC_011593.1:c2595355-2593832	NB551033:137:HK33LBGX9:3:21606:3901:15446#0/2	97.872	141	3	0	1058	1198	1	141	2.11e-62	244
NC_011593.1:c2595355-2593832	NB551033:137:HK33LBGX9:3:23407:10519:7303#0/1	96.599	147	5	0	670	816	147	1	2.11e-62	244
NC_011593.1:c2595355-2593832	NB551033:137:HK33LBGX9:3:23404:3243:7689#0/1	97.872	141	3	0	424	564	141	1	2.11e-62	244
NC_011593.1:c2595355-2593832	NB551033:137:HK33LBGX9:3:13404:11595:3594#0/1	96.000	150	6	0	42	191	1	150	2.11e-62	244
NC_011593.1:c2595355-2593832	NB551033:137:HK33LBGX9:3:13402:25496:7920#0/1	96.000	150	6	0	250	399	150	1	2.11e-62	244
NC_011593.1:c2595355-2593832	NB551033:137:HK33LBGX9:1:11302:2929:15529#0/1	96.000	150	6	0	267	416	1	150	2.11e-62	244
NC_011593.1:c2595355-2593832	NB551033:137:HK33LBGX9:1:22301:15859:1808#0/2	95.973	149	6	0	880	1028	1	149	7.60e-62	243
NC_011593.1:c2595355-2593832	NB551033:137:HK33LBGX9:3:21606:3901:15446#0/1	97.857	140	3	0	1059	1198	140	1	7.60e-62	243
NC_011593.1:c2595355-2593832	NB551033:137:HK33LBGX9:3:11612:23085:20229#0/1	95.973	149	6	0	39	187	2	150	7.60e-62	243
NC_011593.1:c2595355-2593832	NB551033:137:HK33LBGX9:3:12412:18517:5388#0/1	95.333	150	7	0	581	730	1	150	9.83e-61	239
NC_011593.1:c2595355-2593832	NB551033:137:HK33LBGX9:4:23508:1961:13807#0/2	95.302	149	7	0	211	359	3	151	3.54e-60	237
NC_011593.1:c2595355-2593832	NB551033:137:HK33LBGX9:4:11501:19589:3501#0/2	97.037	135	4	0	1284	1418	137	3	2.13e-57	228
NC_011593.1:c2595355-2593832	NB551033:137:HK33LBGX9:3:22505:7036:13705#0/2	95.139	144	7	0	30	173	144	1	2.13e-57	228
NC_011593.1:c2595355-2593832	NB551033:137:HK33LBGX9:3:22505:7036:13705#0/1	95.139	144	7	0	30	173	1	144	2.13e-57	228
NC_011593.1:c2595355-2593832	NB551033:137:HK33LBGX9:3:13610:23595:1671#0/2	98.425	127	2	0	1233	1359	1	127	2.75e-56	224
NC_011593.1:c2595355-2593832	NB551033:137:HK33LBGX9:4:13406:17335:19931#0/2	97.368	114	3	0	85	198	114	1	2.16e-47	195
NC_011593.1:c2595355-2593832	NB551033:137:HK33LBGX9:4:13406:17335:19931#0/1	97.368	114	3	0	85	198	1	114	2.16e-47	195
NC_011593.1:c2595355-2593832	NB551033:137:HK33LBGX9:3:21408:26161:6773#0/1	98.148	108	2	0	1274	1381	108	1	1.00e-45	189
NC_011593.1:c2595355-2593832	NB551033:137:HK33LBGX9:4:23507:20841:6704#0/2	97.222	108	3	0	1363	1470	1	108	4.67e-44	183
NC_011593.1:c2595355-2593832	NB551033:137:HK33LBGX9:2:22103:4368:7892#0/2	98.077	104	2	0	99	202	1	104	1.68e-43	182
NC_011593.1:c2595355-2593832	NB551033:137:HK33LBGX9:2:22103:4368:7892#0/1	97.115	104	3	0	99	202	104	1	7.82e-42	176
NC_011593.1:c2595355-2593832	NB551033:137:HK33LBGX9:4:11501:19589:3501#0/1	96.154	104	4	0	1284	1387	1	104	3.64e-40	171
NC_011593.1:c2595355-2593832	NB551033:137:HK33LBGX9:1:22108:3947:1412#0/1	97.727	88	2	0	1274	1361	88	1	1.32e-34	152
NC_011593.1:c2595355-2593832	NB551033:137:HK33LBGX9:3:13610:23595:1671#0/1	97.674	86	2	0	1274	1359	86	1	1.70e-33	148
NC_011593.1:c2595355-2593832	NB551033:137:HK33LBGX9:2:22305:10302:7300#0/1	96.552	87	3	0	1284	1370	1	87	2.20e-32	145
NC_011593.1:c2595355-2593832	NB551033:137:HK33LBGX9:2:13301:16718:1117#0/2	96.512	86	3	0	1385	1470	1	86	7.93e-32	143
NC_011593.1:c2595355-2593832	NB551033:137:HK33LBGX9:2:13301:16718:1117#0/1	96.512	86	3	0	1385	1470	133	48	7.93e-32	143
NC_011593.1:c2595355-2593832	NB551033:137:HK33LBGX9:1:22301:15859:1808#0/1	96.341	82	3	0	1389	1470	102	21	1.33e-29	135
NC_011593.1:c2595355-2593832	NB551033:137:HK33LBGX9:4:22602:6106:11049#0/1	97.368	76	2	0	1395	1470	1	76	6.17e-28	130
NC_011593.1:c2595355-2593832	NB551033:137:HK33LBGX9:2:11211:25132:9024#0/2	97.222	72	2	0	181	252	72	1	1.03e-25	122
NC_011593.1:c2595355-2593832	NB551033:137:HK33LBGX9:2:11303:12180:4138#0/2	97.183	71	2	0	1400	1470	151	81	3.72e-25	121
NC_011593.1:c2595355-2593832	NB551033:137:HK33LBGX9:1:21110:21865:16239#0/1	98.485	66	1	0	1405	1470	1	66	4.81e-24	117
NC_011593.1:c2595355-2593832	NB551033:137:HK33LBGX9:2:13110:11382:2994#0/2	98.305	59	1	0	1412	1470	1	59	3.74e-20	104
# BLASTN 2.9.0+
# Query: NC_011593.1:c2597106-2595574 Bifidobacterium longum subsp. infantis ATCC 15697, complete genome
# Database: db/blast_C0495-2F-1A_S88.faa
# Fields: query acc.ver, subject acc.ver, % identity, alignment length, mismatches, gap opens, q. start, q. end, s. start, s. end, evalue, bit score
# 11 hits found
NC_011593.1:c2597106-2595574	NB551033:137:HK33LBGX9:4:23508:1961:13807#0/2	95.726	117	5	0	214	330	6	122	1.01e-45	189
NC_011593.1:c2597106-2595574	NB551033:137:HK33LBGX9:2:23202:16489:1321#0/1	95.327	107	5	0	1	107	107	1	3.66e-40	171
NC_011593.1:c2597106-2595574	NB551033:137:HK33LBGX9:2:13301:16718:1117#0/2	97.436	78	2	0	1393	1470	9	86	4.80e-29	134
NC_011593.1:c2597106-2595574	NB551033:137:HK33LBGX9:2:13301:16718:1117#0/1	97.436	78	2	0	1393	1470	125	48	4.80e-29	134
NC_011593.1:c2597106-2595574	NB551033:137:HK33LBGX9:1:22301:15859:1808#0/1	97.436	78	2	0	1393	1470	98	21	4.80e-29	134
NC_011593.1:c2597106-2595574	NB551033:137:HK33LBGX9:4:22602:6106:11049#0/1	97.368	76	2	0	1395	1470	1	76	6.21e-28	130
NC_011593.1:c2597106-2595574	NB551033:137:HK33LBGX9:2:11211:25132:9024#0/1	100.000	67	0	0	1	67	83	149	2.89e-26	124
NC_011593.1:c2597106-2595574	NB551033:137:HK33LBGX9:2:11303:12180:4138#0/2	97.183	71	2	0	1400	1470	151	81	3.74e-25	121
NC_011593.1:c2597106-2595574	NB551033:137:HK33LBGX9:2:22109:16346:8471#0/1	100.000	65	0	0	1	65	65	1	3.74e-25	121
NC_011593.1:c2597106-2595574	NB551033:137:HK33LBGX9:1:21110:21865:16239#0/1	98.485	66	1	0	1405	1470	1	66	4.84e-24	117
NC_011593.1:c2597106-2595574	NB551033:137:HK33LBGX9:2:13110:11382:2994#0/2	98.305	59	1	0	1412	1470	1	59	3.76e-20	104
# BLASTN 2.9.0+
# Query: NC_011593.1:c2598562-2597207 Bifidobacterium longum subsp. infantis ATCC 15697, complete genome
# Database: db/blast_C0495-2F-1A_S88.faa
# Fields: query acc.ver, subject acc.ver, % identity, alignment length, mismatches, gap opens, q. start, q. end, s. start, s. end, evalue, bit score
# 67 hits found
NC_011593.1:c2598562-2597207	NB551033:137:HK33LBGX9:4:11511:20814:8544#0/2	100.000	151	0	0	509	659	1	151	5.14e-73	279
NC_011593.1:c2598562-2597207	NB551033:137:HK33LBGX9:3:22605:17038:12173#0/2	100.000	151	0	0	566	716	1	151	5.14e-73	279
NC_011593.1:c2598562-2597207	NB551033:137:HK33LBGX9:2:22211:5317:2767#0/2	100.000	151	0	0	237	387	1	151	5.14e-73	279
NC_011593.1:c2598562-2597207	NB551033:137:HK33LBGX9:2:12102:9811:4840#0/2	100.000	151	0	0	732	882	1	151	5.14e-73	279
NC_011593.1:c2598562-2597207	NB551033:137:HK33LBGX9:3:22605:17038:12173#0/1	100.000	151	0	0	587	737	151	1	5.14e-73	279
NC_011593.1:c2598562-2597207	NB551033:137:HK33LBGX9:3:12502:10991:3499#0/1	100.000	151	0	0	262	412	1	151	5.14e-73	279
NC_011593.1:c2598562-2597207	NB551033:137:HK33LBGX9:1:12303:15766:3252#0/1	100.000	151	0	0	804	954	1	151	5.14e-73	279
NC_011593.1:c2598562-2597207	NB551033:137:HK33LBGX9:4:23408:8127:2661#0/2	100.000	150	0	0	904	1053	150	1	1.85e-72	278
NC_011593.1:c2598562-2597207	NB551033:137:HK33LBGX9:4:21408:21103:4578#0/2	100.000	150	0	0	287	436	1	150	1.85e-72	278
NC_011593.1:c2598562-2597207	NB551033:137:HK33LBGX9:4:12508:15376:7052#0/2	100.000	150	0	0	523	672	1	150	1.85e-72	278
NC_011593.1:c2598562-2597207	NB551033:137:HK33LBGX9:3:22510:18253:10513#0/2	100.000	150	0	0	654	803	150	1	1.85e-72	278
NC_011593.1:c2598562-2597207	NB551033:137:HK33LBGX9:3:12608:7745:17425#0/2	100.000	150	0	0	255	404	150	1	1.85e-72	278
NC_011593.1:c2598562-2597207	NB551033:137:HK33LBGX9:3:12502:10991:3499#0/2	100.000	150	0	0	268	417	150	1	1.85e-72	278
NC_011593.1:c2598562-2597207	NB551033:137:HK33LBGX9:3:11408:21773:3647#0/2	100.000	150	0	0	789	938	1	150	1.85e-72	278
NC_011593.1:c2598562-2597207	NB551033:137:HK33LBGX9:1:23210:18000:15867#0/2	100.000	150	0	0	332	481	150	1	1.85e-72	278
NC_011593.1:c2598562-2597207	NB551033:137:HK33LBGX9:1:22201:16912:9781#0/2	100.000	150	0	0	461	610	1	150	1.85e-72	278
NC_011593.1:c2598562-2597207	NB551033:137:HK33LBGX9:1:12303:15766:3252#0/2	100.000	150	0	0	862	1011	150	1	1.85e-72	278
NC_011593.1:c2598562-2597207	NB551033:137:HK33LBGX9:4:23408:8127:2661#0/1	100.000	150	0	0	755	904	1	150	1.85e-72	278
NC_011593.1:c2598562-2597207	NB551033:137:HK33LBGX9:4:21408:21103:4578#0/1	100.000	150	0	0	591	740	150	1	1.85e-72	278
NC_011593.1:c2598562-2597207	NB551033:137:HK33LBGX9:4:12508:15376:7052#0/1	100.000	150	0	0	575	724	150	1	1.85e-72	278
NC_011593.1:c2598562-2597207	NB551033:137:HK33LBGX9:4:11511:20814:8544#0/1	100.000	150	0	0	768	917	150	1	1.85e-72	278
NC_011593.1:c2598562-2597207	NB551033:137:HK33LBGX9:3:12507:19362:12638#0/1	100.000	150	0	0	471	620	1	150	1.85e-72	278
NC_011593.1:c2598562-2597207	NB551033:137:HK33LBGX9:1:22201:16912:9781#0/1	100.000	150	0	0	469	618	150	1	1.85e-72	278
NC_011593.1:c2598562-2597207	NB551033:137:HK33LBGX9:4:11604:20162:16831#0/2	100.000	149	0	0	1144	1292	149	1	6.65e-72	276
NC_011593.1:c2598562-2597207	NB551033:137:HK33LBGX9:3:12507:19362:12638#0/2	100.000	148	0	0	597	744	150	3	2.39e-71	274
NC_011593.1:c2598562-2597207	NB551033:137:HK33LBGX9:2:11302:21342:18063#0/2	100.000	148	0	0	147	294	1	148	2.39e-71	274
NC_011593.1:c2598562-2597207	NB551033:137:HK33LBGX9:1:13310:23780:10465#0/2	99.338	151	1	0	1123	1273	151	1	2.39e-71	274
NC_011593.1:c2598562-2597207	NB551033:137:HK33LBGX9:3:22510:18253:10513#0/1	99.338	151	1	0	462	612	1	151	2.39e-71	274
NC_011593.1:c2598562-2597207	NB551033:137:HK33LBGX9:4:12601:22720:12560#0/1	100.000	147	0	0	1155	1301	1	147	8.60e-71	272
NC_011593.1:c2598562-2597207	NB551033:137:HK33LBGX9:4:11411:18910:9905#0/1	100.000	147	0	0	171	317	1	147	8.60e-71	272
NC_011593.1:c2598562-2597207	NB551033:137:HK33LBGX9:1:23210:18000:15867#0/1	100.000	146	0	0	138	283	4	149	3.09e-70	270
NC_011593.1:c2598562-2597207	NB551033:137:HK33LBGX9:1:13303:18756:5518#0/1	100.000	134	0	0	1063	1196	134	1	1.45e-63	248
NC_011593.1:c2598562-2597207	NB551033:137:HK33LBGX9:2:13309:26103:6333#0/2	100.000	130	0	0	479	608	1	130	2.43e-61	241
NC_011593.1:c2598562-2597207	NB551033:137:HK33LBGX9:3:13512:12277:20015#0/2	100.000	125	0	0	749	873	125	1	1.46e-58	231
NC_011593.1:c2598562-2597207	NB551033:137:HK33LBGX9:3:13512:12277:20015#0/1	100.000	125	0	0	749	873	1	125	1.46e-58	231
NC_011593.1:c2598562-2597207	NB551033:137:HK33LBGX9:2:13309:26103:6333#0/1	100.000	124	0	0	485	608	124	1	5.25e-58	230
NC_011593.1:c2598562-2597207	NB551033:137:HK33LBGX9:3:23501:7740:4131#0/2	100.000	122	0	0	752	873	122	1	6.79e-57	226
NC_011593.1:c2598562-2597207	NB551033:137:HK33LBGX9:3:23501:7740:4131#0/1	100.000	122	0	0	752	873	1	122	6.79e-57	226
NC_011593.1:c2598562-2597207	NB551033:137:HK33LBGX9:1:21311:26852:13087#0/1	100.000	122	0	0	1235	1356	1	122	6.79e-57	226
NC_011593.1:c2598562-2597207	NB551033:137:HK33LBGX9:1:21310:1334:13098#0/1	100.000	122	0	0	1235	1356	1	122	6.79e-57	226
NC_011593.1:c2598562-2597207	NB551033:137:HK33LBGX9:1:22208:10499:14325#0/2	100.000	119	0	0	641	759	119	1	3.16e-55	220
NC_011593.1:c2598562-2597207	NB551033:137:HK33LBGX9:1:22208:10499:14325#0/1	100.000	119	0	0	641	759	1	119	3.16e-55	220
NC_011593.1:c2598562-2597207	NB551033:137:HK33LBGX9:2:11302:21342:18063#0/1	99.174	121	1	0	544	664	121	1	1.14e-54	219
NC_011593.1:c2598562-2597207	NB551033:137:HK33LBGX9:1:13310:23780:10465#0/1	99.145	117	1	0	1060	1176	35	151	1.90e-52	211
NC_011593.1:c2598562-2597207	NB551033:137:HK33LBGX9:2:12102:9811:4840#0/1	98.319	119	2	0	946	1064	150	32	6.84e-52	209
NC_011593.1:c2598562-2597207	NB551033:137:HK33LBGX9:2:22211:5317:2767#0/1	100.000	111	0	0	498	608	111	1	8.85e-51	206
NC_011593.1:c2598562-2597207	NB551033:137:HK33LBGX9:2:11310:6531:11102#0/2	100.000	108	0	0	1211	1318	1	108	4.12e-49	200
NC_011593.1:c2598562-2597207	NB551033:137:HK33LBGX9:2:11310:6531:11102#0/1	100.000	108	0	0	1211	1318	108	1	4.12e-49	200
NC_011593.1:c2598562-2597207	NB551033:137:HK33LBGX9:4:21601:7169:10304#0/2	100.000	105	0	0	1252	1356	1	105	1.92e-47	195
NC_011593.1:c2598562-2597207	NB551033:137:HK33LBGX9:2:13208:5235:18348#0/1	100.000	92	0	0	1265	1356	1	92	3.23e-40	171
NC_011593.1:c2598562-2597207	NB551033:137:HK33LBGX9:3:22407:20194:12170#0/2	100.000	91	0	0	1188	1278	91	1	1.16e-39	169
NC_011593.1:c2598562-2597207	NB551033:137:HK33LBGX9:3:22407:20194:12170#0/1	100.000	91	0	0	1188	1278	1	91	1.16e-39	169
NC_011593.1:c2598562-2597207	NB551033:137:HK33LBGX9:2:13208:5235:18348#0/2	100.000	88	0	0	1269	1356	150	63	5.40e-38	163
NC_011593.1:c2598562-2597207	NB551033:137:HK33LBGX9:4:11411:18910:9905#0/2	100.000	87	0	0	231	317	87	1	1.94e-37	161
NC_011593.1:c2598562-2597207	NB551033:137:HK33LBGX9:2:22205:5720:1390#0/1	100.000	85	0	0	217	301	85	1	2.51e-36	158
NC_011593.1:c2598562-2597207	NB551033:137:HK33LBGX9:4:22406:15219:17883#0/2	100.000	82	0	0	138	219	82	1	1.17e-34	152
NC_011593.1:c2598562-2597207	NB551033:137:HK33LBGX9:3:11611:3214:13590#0/2	100.000	82	0	0	461	542	1	82	1.17e-34	152
NC_011593.1:c2598562-2597207	NB551033:137:HK33LBGX9:3:13404:20496:9998#0/1	100.000	82	0	0	1275	1356	1	82	1.17e-34	152
NC_011593.1:c2598562-2597207	NB551033:137:HK33LBGX9:3:11611:3214:13590#0/1	100.000	82	0	0	461	542	82	1	1.17e-34	152
NC_011593.1:c2598562-2597207	NB551033:137:HK33LBGX9:4:22406:15219:17883#0/1	98.780	82	1	0	138	219	60	141	5.44e-33	147
NC_011593.1:c2598562-2597207	NB551033:137:HK33LBGX9:4:11607:4311:8826#0/2	100.000	78	0	0	1279	1356	1	78	1.96e-32	145
NC_011593.1:c2598562-2597207	NB551033:137:HK33LBGX9:4:11607:4311:8826#0/1	100.000	78	0	0	1279	1356	121	44	1.96e-32	145
NC_011593.1:c2598562-2597207	NB551033:137:HK33LBGX9:2:22302:5109:11966#0/2	100.000	46	0	0	1311	1356	1	46	1.20e-14	86.1
NC_011593.1:c2598562-2597207	NB551033:137:HK33LBGX9:2:22205:5720:1390#0/2	100.000	42	0	0	138	179	109	150	2.01e-12	78.7
NC_011593.1:c2598562-2597207	NB551033:137:HK33LBGX9:1:21311:26852:13087#0/2	100.000	35	0	0	1322	1356	151	117	1.57e-08	65.8
NC_011593.1:c2598562-2597207	NB551033:137:HK33LBGX9:1:21310:1334:13098#0/2	100.000	35	0	0	1322	1356	151	117	1.57e-08	65.8
NC_011593.1:c2598562-2597207	NB551033:137:HK33LBGX9:3:21410:17148:17575#0/1	100.000	31	0	0	1326	1356	1	31	2.62e-06	58.4
# BLASTN 2.9.0+
# Query: NC_011593.1:2598858-2601929 Bifidobacterium longum subsp. infantis ATCC 15697, complete genome
# Database: db/blast_C0495-2F-1A_S88.faa
# Fields: query acc.ver, subject acc.ver, % identity, alignment length, mismatches, gap opens, q. start, q. end, s. start, s. end, evalue, bit score
# 153 hits found
NC_011593.1:2598858-2601929	NB551033:137:HK33LBGX9:2:23310:19649:3279#0/1	100.000	151	0	0	1617	1767	151	1	1.17e-72	279
NC_011593.1:2598858-2601929	NB551033:137:HK33LBGX9:1:13108:2705:13050#0/1	100.000	151	0	0	1971	2121	1	151	1.17e-72	279
NC_011593.1:2598858-2601929	NB551033:137:HK33LBGX9:3:12612:10896:8910#0/2	100.000	150	0	0	1937	2086	150	1	4.20e-72	278
NC_011593.1:2598858-2601929	NB551033:137:HK33LBGX9:4:12512:12590:1138#0/1	100.000	150	0	0	1920	2069	1	150	4.20e-72	278
NC_011593.1:2598858-2601929	NB551033:137:HK33LBGX9:3:12612:21467:12601#0/1	100.000	150	0	0	1948	2097	1	150	4.20e-72	278
NC_011593.1:2598858-2601929	NB551033:137:HK33LBGX9:3:11611:23163:16207#0/1	100.000	150	0	0	1569	1718	1	150	4.20e-72	278
NC_011593.1:2598858-2601929	NB551033:137:HK33LBGX9:3:11611:23163:16207#0/2	100.000	149	0	0	1684	1832	149	1	1.51e-71	276
NC_011593.1:2598858-2601929	NB551033:137:HK33LBGX9:4:13405:23807:16797#0/2	99.338	151	1	0	168	318	1	151	5.43e-71	274
NC_011593.1:2598858-2601929	NB551033:137:HK33LBGX9:1:21112:7806:16695#0/2	99.338	151	1	0	333	483	151	1	5.43e-71	274
NC_011593.1:2598858-2601929	NB551033:137:HK33LBGX9:3:22402:22988:7318#0/1	99.338	151	1	0	2000	2150	1	151	5.43e-71	274
NC_011593.1:2598858-2601929	NB551033:137:HK33LBGX9:1:22305:12207:8249#0/1	99.338	151	1	0	295	445	151	1	5.43e-71	274
NC_011593.1:2598858-2601929	NB551033:137:HK33LBGX9:1:21112:7806:16695#0/1	99.338	151	1	0	333	483	1	151	5.43e-71	274
NC_011593.1:2598858-2601929	NB551033:137:HK33LBGX9:4:21503:6333:7132#0/2	99.333	150	1	0	2746	2895	1	150	1.95e-70	272
NC_011593.1:2598858-2601929	NB551033:137:HK33LBGX9:4:12606:13131:1440#0/2	99.333	150	1	0	339	488	1	150	1.95e-70	272
NC_011593.1:2598858-2601929	NB551033:137:HK33LBGX9:3:22503:25183:9788#0/2	99.333	150	1	0	2206	2355	1	150	1.95e-70	272
NC_011593.1:2598858-2601929	NB551033:137:HK33LBGX9:3:21511:10519:16437#0/2	99.333	150	1	0	168	317	1	150	1.95e-70	272
NC_011593.1:2598858-2601929	NB551033:137:HK33LBGX9:2:22110:18620:13020#0/2	99.333	150	1	0	904	1053	150	1	1.95e-70	272
NC_011593.1:2598858-2601929	NB551033:137:HK33LBGX9:2:13201:25479:15441#0/2	99.333	150	1	0	962	1111	150	1	1.95e-70	272
NC_011593.1:2598858-2601929	NB551033:137:HK33LBGX9:2:11205:18869:19293#0/2	99.333	150	1	0	2017	2166	1	150	1.95e-70	272
NC_011593.1:2598858-2601929	NB551033:137:HK33LBGX9:1:23307:5284:15191#0/2	99.333	150	1	0	381	530	1	150	1.95e-70	272
NC_011593.1:2598858-2601929	NB551033:137:HK33LBGX9:4:13405:23807:16797#0/1	99.333	150	1	0	301	450	150	1	1.95e-70	272
NC_011593.1:2598858-2601929	NB551033:137:HK33LBGX9:3:21511:10519:16437#0/1	99.333	150	1	0	168	317	150	1	1.95e-70	272
NC_011593.1:2598858-2601929	NB551033:137:HK33LBGX9:3:12612:10896:8910#0/1	99.333	150	1	0	1824	1973	1	150	1.95e-70	272
NC_011593.1:2598858-2601929	NB551033:137:HK33LBGX9:2:13305:22090:19342#0/1	99.333	150	1	0	2216	2365	1	150	1.95e-70	272
NC_011593.1:2598858-2601929	NB551033:137:HK33LBGX9:1:22107:9063:14964#0/1	99.333	150	1	0	685	834	2	151	1.95e-70	272
NC_011593.1:2598858-2601929	NB551033:137:HK33LBGX9:1:11302:7529:16594#0/2	99.329	149	1	0	2226	2374	1	149	7.03e-70	270
NC_011593.1:2598858-2601929	NB551033:137:HK33LBGX9:4:12405:19985:6292#0/2	98.675	151	2	0	1836	1986	1	151	2.53e-69	268
NC_011593.1:2598858-2601929	NB551033:137:HK33LBGX9:3:13605:13237:18117#0/2	98.675	151	2	0	2513	2663	1	151	2.53e-69	268
NC_011593.1:2598858-2601929	NB551033:137:HK33LBGX9:2:23310:19649:3279#0/2	98.675	151	2	0	1492	1642	1	151	2.53e-69	268
NC_011593.1:2598858-2601929	NB551033:137:HK33LBGX9:2:23206:22164:16019#0/2	98.675	151	2	0	2795	2945	1	151	2.53e-69	268
NC_011593.1:2598858-2601929	NB551033:137:HK33LBGX9:2:21304:16288:7210#0/2	98.675	151	2	0	2529	2679	1	151	2.53e-69	268
NC_011593.1:2598858-2601929	NB551033:137:HK33LBGX9:2:11203:23806:14581#0/2	98.675	151	2	0	2799	2949	151	1	2.53e-69	268
NC_011593.1:2598858-2601929	NB551033:137:HK33LBGX9:4:13402:7994:2419#0/1	98.675	151	2	0	2873	3023	151	1	2.53e-69	268
NC_011593.1:2598858-2601929	NB551033:137:HK33LBGX9:2:12305:24635:5953#0/1	98.675	151	2	0	2494	2644	1	151	2.53e-69	268
NC_011593.1:2598858-2601929	NB551033:137:HK33LBGX9:1:23105:16730:19240#0/1	98.675	151	2	0	2340	2490	1	151	2.53e-69	268
NC_011593.1:2598858-2601929	NB551033:137:HK33LBGX9:1:12108:7196:10289#0/1	98.675	151	2	0	2873	3023	151	1	2.53e-69	268
NC_011593.1:2598858-2601929	NB551033:137:HK33LBGX9:4:11511:6805:15168#0/2	98.667	150	2	0	2889	3038	1	150	9.09e-69	267
NC_011593.1:2598858-2601929	NB551033:137:HK33LBGX9:2:22207:16625:19357#0/2	98.667	150	2	0	646	795	1	150	9.09e-69	267
NC_011593.1:2598858-2601929	NB551033:137:HK33LBGX9:2:21108:4378:9022#0/2	98.667	150	2	0	2826	2975	150	1	9.09e-69	267
NC_011593.1:2598858-2601929	NB551033:137:HK33LBGX9:1:23105:16730:19240#0/2	98.667	150	2	0	2447	2596	150	1	9.09e-69	267
NC_011593.1:2598858-2601929	NB551033:137:HK33LBGX9:1:22212:14127:4604#0/2	98.667	150	2	0	36	185	1	150	9.09e-69	267
NC_011593.1:2598858-2601929	NB551033:137:HK33LBGX9:1:11211:7539:13890#0/2	98.667	150	2	0	2466	2615	1	150	9.09e-69	267
NC_011593.1:2598858-2601929	NB551033:137:HK33LBGX9:2:21108:4378:9022#0/1	98.667	150	2	0	2790	2939	1	150	9.09e-69	267
NC_011593.1:2598858-2601929	NB551033:137:HK33LBGX9:4:11506:4170:10988#0/1	98.658	149	2	0	2851	2999	2	150	3.27e-68	265
NC_011593.1:2598858-2601929	NB551033:137:HK33LBGX9:4:11611:11846:15139#0/2	98.013	151	3	0	1266	1416	1	151	1.18e-67	263
NC_011593.1:2598858-2601929	NB551033:137:HK33LBGX9:3:22603:5789:16069#0/2	98.013	151	3	0	1045	1195	1	151	1.18e-67	263
NC_011593.1:2598858-2601929	NB551033:137:HK33LBGX9:3:11506:13162:6934#0/2	98.013	151	3	0	1427	1577	151	1	1.18e-67	263
NC_011593.1:2598858-2601929	NB551033:137:HK33LBGX9:4:12404:11324:1592#0/1	98.013	151	3	0	2540	2690	151	1	1.18e-67	263
NC_011593.1:2598858-2601929	NB551033:137:HK33LBGX9:4:11611:11846:15139#0/1	98.013	151	3	0	1335	1485	151	1	1.18e-67	263
NC_011593.1:2598858-2601929	NB551033:137:HK33LBGX9:3:23508:15969:12719#0/1	98.013	151	3	0	2830	2980	1	151	1.18e-67	263
NC_011593.1:2598858-2601929	NB551033:137:HK33LBGX9:3:22603:5789:16069#0/1	98.013	151	3	0	1048	1198	151	1	1.18e-67	263
NC_011593.1:2598858-2601929	NB551033:137:HK33LBGX9:3:13605:13237:18117#0/1	98.013	151	3	0	2535	2685	151	1	1.18e-67	263
NC_011593.1:2598858-2601929	NB551033:137:HK33LBGX9:2:21304:16288:7210#0/1	98.013	151	3	0	2576	2726	151	1	1.18e-67	263
NC_011593.1:2598858-2601929	NB551033:137:HK33LBGX9:1:11211:7539:13890#0/1	98.013	151	3	0	2544	2694	151	1	1.18e-67	263
NC_011593.1:2598858-2601929	NB551033:137:HK33LBGX9:3:12612:21467:12601#0/2	98.000	150	3	0	2261	2410	150	1	4.23e-67	261
NC_011593.1:2598858-2601929	NB551033:137:HK33LBGX9:2:23206:22348:9655#0/2	98.000	150	3	0	2911	3060	1	150	4.23e-67	261
NC_011593.1:2598858-2601929	NB551033:137:HK33LBGX9:2:12305:24635:5953#0/2	98.000	150	3	0	2734	2883	150	1	4.23e-67	261
NC_011593.1:2598858-2601929	NB551033:137:HK33LBGX9:1:11311:23999:18313#0/2	98.000	150	3	0	2435	2584	150	1	4.23e-67	261
NC_011593.1:2598858-2601929	NB551033:137:HK33LBGX9:1:11112:14970:17163#0/2	98.000	150	3	0	2562	2711	1	150	4.23e-67	261
NC_011593.1:2598858-2601929	NB551033:137:HK33LBGX9:3:11506:13162:6934#0/1	98.000	150	3	0	1386	1535	1	150	4.23e-67	261
NC_011593.1:2598858-2601929	NB551033:137:HK33LBGX9:1:22209:3927:1796#0/1	98.000	150	3	0	2615	2764	150	1	4.23e-67	261
NC_011593.1:2598858-2601929	NB551033:137:HK33LBGX9:4:13402:7994:2419#0/2	97.987	149	3	0	2679	2827	3	151	1.52e-66	259
NC_011593.1:2598858-2601929	NB551033:137:HK33LBGX9:3:11507:5662:16542#0/2	97.987	149	3	0	565	713	149	1	1.52e-66	259
NC_011593.1:2598858-2601929	NB551033:137:HK33LBGX9:3:23508:15969:12719#0/2	97.973	148	3	0	2917	3064	148	1	5.47e-66	257
NC_011593.1:2598858-2601929	NB551033:137:HK33LBGX9:2:21103:5213:4978#0/2	97.973	148	3	0	1214	1361	1	148	5.47e-66	257
NC_011593.1:2598858-2601929	NB551033:137:HK33LBGX9:1:22305:12207:8249#0/2	97.973	148	3	0	177	324	1	148	5.47e-66	257
NC_011593.1:2598858-2601929	NB551033:137:HK33LBGX9:1:12108:7196:10289#0/2	97.351	151	4	0	2730	2880	1	151	5.47e-66	257
NC_011593.1:2598858-2601929	NB551033:137:HK33LBGX9:4:21503:6333:7132#0/1	97.973	148	3	0	2925	3072	150	3	5.47e-66	257
NC_011593.1:2598858-2601929	NB551033:137:HK33LBGX9:2:21103:5213:4978#0/1	97.351	151	4	0	1220	1370	151	1	5.47e-66	257
NC_011593.1:2598858-2601929	NB551033:137:HK33LBGX9:2:11203:23806:14581#0/1	97.973	148	3	0	2679	2826	3	150	5.47e-66	257
NC_011593.1:2598858-2601929	NB551033:137:HK33LBGX9:1:11112:14970:17163#0/1	97.351	151	4	0	2648	2798	151	1	5.47e-66	257
NC_011593.1:2598858-2601929	NB551033:137:HK33LBGX9:4:12512:12590:1138#0/2	97.333	150	4	0	2293	2442	150	1	1.97e-65	255
NC_011593.1:2598858-2601929	NB551033:137:HK33LBGX9:1:13206:2752:15323#0/2	97.959	147	3	0	553	699	147	1	1.97e-65	255
NC_011593.1:2598858-2601929	NB551033:137:HK33LBGX9:3:22503:25183:9788#0/1	97.333	150	4	0	2293	2442	150	1	1.97e-65	255
NC_011593.1:2598858-2601929	NB551033:137:HK33LBGX9:3:13403:3437:18051#0/2	97.945	146	3	0	553	698	146	1	7.08e-65	254
NC_011593.1:2598858-2601929	NB551033:137:HK33LBGX9:2:11305:8888:14661#0/2	100.000	137	0	0	2401	2537	1	137	7.08e-65	254
NC_011593.1:2598858-2601929	NB551033:137:HK33LBGX9:2:22109:10405:3388#0/1	99.286	140	1	0	2192	2331	140	1	7.08e-65	254
NC_011593.1:2598858-2601929	NB551033:137:HK33LBGX9:2:11305:8888:14661#0/1	100.000	137	0	0	2401	2537	137	1	7.08e-65	254
NC_011593.1:2598858-2601929	NB551033:137:HK33LBGX9:4:12606:13131:1440#0/1	96.689	151	5	0	423	573	151	1	2.55e-64	252
NC_011593.1:2598858-2601929	NB551033:137:HK33LBGX9:2:13201:25479:15441#0/1	96.689	151	5	0	860	1010	1	151	2.55e-64	252
NC_011593.1:2598858-2601929	NB551033:137:HK33LBGX9:1:13206:2752:15323#0/1	96.689	151	5	0	391	541	1	151	2.55e-64	252
NC_011593.1:2598858-2601929	NB551033:137:HK33LBGX9:1:23109:19905:14055#0/2	96.667	150	5	0	2120	2269	150	1	9.16e-64	250
NC_011593.1:2598858-2601929	NB551033:137:HK33LBGX9:1:13108:2705:13050#0/2	96.667	150	5	0	2034	2183	150	1	9.16e-64	250
NC_011593.1:2598858-2601929	NB551033:137:HK33LBGX9:2:23206:22164:16019#0/1	97.917	144	3	0	2929	3072	151	8	9.16e-64	250
NC_011593.1:2598858-2601929	NB551033:137:HK33LBGX9:1:23109:19905:14055#0/1	96.667	150	5	0	2022	2171	1	150	9.16e-64	250
NC_011593.1:2598858-2601929	NB551033:137:HK33LBGX9:1:21208:20957:9119#0/2	96.644	149	5	0	776	924	149	1	3.29e-63	248
NC_011593.1:2598858-2601929	NB551033:137:HK33LBGX9:2:11205:18869:19293#0/1	97.902	143	3	0	2161	2303	143	1	3.29e-63	248
NC_011593.1:2598858-2601929	NB551033:137:HK33LBGX9:2:22109:10405:3388#0/2	98.561	139	2	0	2192	2330	1	139	1.18e-62	246
NC_011593.1:2598858-2601929	NB551033:137:HK33LBGX9:1:22107:9063:14964#0/2	96.026	151	6	0	769	919	151	1	1.18e-62	246
NC_011593.1:2598858-2601929	NB551033:137:HK33LBGX9:2:23308:12558:13379#0/2	99.259	135	1	0	270	404	1	135	4.26e-62	244
NC_011593.1:2598858-2601929	NB551033:137:HK33LBGX9:4:12405:19985:6292#0/1	96.000	150	6	0	2023	2172	150	1	4.26e-62	244
NC_011593.1:2598858-2601929	NB551033:137:HK33LBGX9:3:13403:3437:18051#0/1	96.000	150	6	0	437	586	1	150	4.26e-62	244
NC_011593.1:2598858-2601929	NB551033:137:HK33LBGX9:2:23308:12558:13379#0/1	99.259	135	1	0	270	404	135	1	4.26e-62	244
NC_011593.1:2598858-2601929	NB551033:137:HK33LBGX9:2:22207:16625:19357#0/1	96.000	150	6	0	764	913	150	1	4.26e-62	244
NC_011593.1:2598858-2601929	NB551033:137:HK33LBGX9:2:22110:18620:13020#0/1	96.000	150	6	0	799	948	1	150	4.26e-62	244
NC_011593.1:2598858-2601929	NB551033:137:HK33LBGX9:1:23307:5284:15191#0/1	96.000	150	6	0	510	659	150	1	4.26e-62	244
NC_011593.1:2598858-2601929	NB551033:137:HK33LBGX9:1:21208:20957:9119#0/1	96.000	150	6	0	517	666	1	150	4.26e-62	244
NC_011593.1:2598858-2601929	NB551033:137:HK33LBGX9:4:13508:24112:14435#0/2	97.857	140	3	0	553	692	140	1	1.53e-61	243
NC_011593.1:2598858-2601929	NB551033:137:HK33LBGX9:4:13508:24112:14435#0/1	97.857	140	3	0	553	692	4	143	1.53e-61	243
NC_011593.1:2598858-2601929	NB551033:137:HK33LBGX9:4:11506:4170:10988#0/2	97.826	138	3	0	2935	3072	150	13	1.98e-60	239
NC_011593.1:2598858-2601929	NB551033:137:HK33LBGX9:4:11511:6805:15168#0/1	97.826	138	3	0	2935	3072	150	13	1.98e-60	239
NC_011593.1:2598858-2601929	NB551033:137:HK33LBGX9:1:11311:23999:18313#0/1	100.000	128	0	0	2161	2288	6	133	7.13e-60	237
NC_011593.1:2598858-2601929	NB551033:137:HK33LBGX9:4:13503:15865:3025#0/1	98.496	133	2	0	2529	2661	1	133	2.56e-59	235
NC_011593.1:2598858-2601929	NB551033:137:HK33LBGX9:1:22209:3927:1796#0/2	99.225	129	1	0	2598	2726	1	129	9.22e-59	233
NC_011593.1:2598858-2601929	NB551033:137:HK33LBGX9:3:13502:13227:14065#0/1	98.473	131	2	0	164	294	1	131	3.32e-58	231
NC_011593.1:2598858-2601929	NB551033:137:HK33LBGX9:4:13503:15865:3025#0/2	97.744	133	3	0	2529	2661	133	1	1.19e-57	230
NC_011593.1:2598858-2601929	NB551033:137:HK33LBGX9:2:12307:15096:12253#0/2	97.744	133	3	0	2932	3064	133	1	1.19e-57	230
NC_011593.1:2598858-2601929	NB551033:137:HK33LBGX9:2:12307:15096:12253#0/1	97.744	133	3	0	2932	3064	1	133	1.19e-57	230
NC_011593.1:2598858-2601929	NB551033:137:HK33LBGX9:1:22212:14127:4604#0/1	98.438	128	2	0	99	226	128	1	1.54e-56	226
NC_011593.1:2598858-2601929	NB551033:137:HK33LBGX9:3:13502:13227:14065#0/2	100.000	120	0	0	175	294	120	1	2.00e-55	222
NC_011593.1:2598858-2601929	NB551033:137:HK33LBGX9:3:22402:22988:7318#0/2	99.160	119	1	0	2223	2341	119	1	3.34e-53	215
NC_011593.1:2598858-2601929	NB551033:137:HK33LBGX9:2:21306:2210:3076#0/2	97.561	123	3	0	1188	1310	123	1	4.32e-52	211
NC_011593.1:2598858-2601929	NB551033:137:HK33LBGX9:2:21306:2210:3076#0/1	97.561	123	3	0	1188	1310	1	123	4.32e-52	211
NC_011593.1:2598858-2601929	NB551033:137:HK33LBGX9:3:22409:23710:9269#0/2	99.138	116	1	0	58	173	1	116	1.55e-51	209
NC_011593.1:2598858-2601929	NB551033:137:HK33LBGX9:3:22409:23710:9269#0/1	98.319	119	2	0	58	176	119	1	1.55e-51	209
NC_011593.1:2598858-2601929	NB551033:137:HK33LBGX9:4:13405:23855:1909#0/2	97.500	120	3	0	2323	2442	120	1	2.01e-50	206
NC_011593.1:2598858-2601929	NB551033:137:HK33LBGX9:4:13405:23855:1909#0/1	97.500	120	3	0	2323	2442	1	120	2.01e-50	206
NC_011593.1:2598858-2601929	NB551033:137:HK33LBGX9:3:11608:12029:17089#0/2	98.276	116	2	0	2320	2435	1	116	7.23e-50	204
NC_011593.1:2598858-2601929	NB551033:137:HK33LBGX9:3:11608:12029:17089#0/1	98.276	116	2	0	2320	2435	116	1	7.23e-50	204
NC_011593.1:2598858-2601929	NB551033:137:HK33LBGX9:3:11507:5662:16542#0/1	98.276	116	2	0	346	461	1	116	7.23e-50	204
NC_011593.1:2598858-2601929	NB551033:137:HK33LBGX9:3:22602:19004:8264#0/1	99.107	112	1	0	687	798	112	1	2.60e-49	202
NC_011593.1:2598858-2601929	NB551033:137:HK33LBGX9:3:22602:19004:8264#0/2	99.091	110	1	0	573	682	1	110	3.36e-48	198
NC_011593.1:2598858-2601929	NB551033:137:HK33LBGX9:3:13410:7507:3120#0/2	97.414	116	3	0	2957	3072	1	116	3.36e-48	198
NC_011593.1:2598858-2601929	NB551033:137:HK33LBGX9:3:13410:7507:3120#0/1	97.414	116	3	0	2957	3072	123	8	3.36e-48	198
NC_011593.1:2598858-2601929	NB551033:137:HK33LBGX9:4:12511:14683:10352#0/2	97.196	107	3	0	1381	1487	107	1	3.39e-43	182
NC_011593.1:2598858-2601929	NB551033:137:HK33LBGX9:2:12208:8618:11526#0/2	100.000	98	0	0	1989	2086	98	1	3.39e-43	182
NC_011593.1:2598858-2601929	NB551033:137:HK33LBGX9:4:12511:14683:10352#0/1	97.196	107	3	0	1381	1487	1	107	3.39e-43	182
NC_011593.1:2598858-2601929	NB551033:137:HK33LBGX9:2:12208:8618:11526#0/1	100.000	98	0	0	1989	2086	1	98	3.39e-43	182
NC_011593.1:2598858-2601929	NB551033:137:HK33LBGX9:1:23105:18514:13900#0/2	100.000	97	0	0	1742	1838	1	97	1.22e-42	180
NC_011593.1:2598858-2601929	NB551033:137:HK33LBGX9:1:23105:18514:13900#0/1	100.000	97	0	0	1742	1838	97	1	1.22e-42	180
NC_011593.1:2598858-2601929	NB551033:137:HK33LBGX9:2:21112:4638:11656#0/1	97.115	104	3	0	770	873	104	1	1.58e-41	176
NC_011593.1:2598858-2601929	NB551033:137:HK33LBGX9:4:12404:11324:1592#0/2	98.000	100	2	0	2539	2638	1	100	5.67e-41	174
NC_011593.1:2598858-2601929	NB551033:137:HK33LBGX9:2:22206:6086:8654#0/2	98.000	100	2	0	1532	1631	1	100	5.67e-41	174
NC_011593.1:2598858-2601929	NB551033:137:HK33LBGX9:2:22206:6086:8654#0/1	98.000	100	2	0	1532	1631	100	1	5.67e-41	174
NC_011593.1:2598858-2601929	NB551033:137:HK33LBGX9:1:22111:21504:19584#0/2	100.000	93	0	0	1619	1711	93	1	2.04e-40	172
NC_011593.1:2598858-2601929	NB551033:137:HK33LBGX9:1:22111:21504:19584#0/1	100.000	93	0	0	1619	1711	1	93	2.04e-40	172
NC_011593.1:2598858-2601929	NB551033:137:HK33LBGX9:2:13305:22090:19342#0/2	97.959	98	2	0	2292	2389	100	3	7.33e-40	171
NC_011593.1:2598858-2601929	NB551033:137:HK33LBGX9:2:23106:19030:1760#0/1	98.947	95	1	0	57	151	95	1	7.33e-40	171
NC_011593.1:2598858-2601929	NB551033:137:HK33LBGX9:1:11302:7529:16594#0/1	100.000	90	0	0	2392	2481	90	1	9.49e-39	167
NC_011593.1:2598858-2601929	NB551033:137:HK33LBGX9:2:11208:10483:9377#0/2	98.889	90	1	0	2934	3023	90	1	4.41e-37	161
NC_011593.1:2598858-2601929	NB551033:137:HK33LBGX9:2:11208:10483:9377#0/1	98.889	90	1	0	2934	3023	1	90	4.41e-37	161
NC_011593.1:2598858-2601929	NB551033:137:HK33LBGX9:1:13208:21396:3743#0/2	97.802	91	2	0	1195	1285	91	1	5.71e-36	158
NC_011593.1:2598858-2601929	NB551033:137:HK33LBGX9:1:13208:21396:3743#0/1	97.802	91	2	0	1195	1285	1	91	5.71e-36	158
NC_011593.1:2598858-2601929	NB551033:137:HK33LBGX9:2:23106:19030:1760#0/2	100.000	84	0	0	2	85	1	84	2.05e-35	156
NC_011593.1:2598858-2601929	NB551033:137:HK33LBGX9:4:13604:22004:6915#0/2	98.780	82	1	0	2091	2172	82	1	1.24e-32	147
NC_011593.1:2598858-2601929	NB551033:137:HK33LBGX9:4:11502:13871:5594#0/2	98.780	82	1	0	341	422	1	82	1.24e-32	147
NC_011593.1:2598858-2601929	NB551033:137:HK33LBGX9:4:13604:22004:6915#0/1	98.780	82	1	0	2091	2172	1	82	1.24e-32	147
NC_011593.1:2598858-2601929	NB551033:137:HK33LBGX9:4:11502:13871:5594#0/1	98.780	82	1	0	341	422	82	1	1.24e-32	147
NC_011593.1:2598858-2601929	NB551033:137:HK33LBGX9:2:21112:4638:11656#0/2	98.750	80	1	0	729	808	1	80	1.60e-31	143
NC_011593.1:2598858-2601929	NB551033:137:HK33LBGX9:1:23212:19444:19621#0/2	97.436	78	2	0	2538	2615	1	78	9.62e-29	134
NC_011593.1:2598858-2601929	NB551033:137:HK33LBGX9:1:23212:19444:19621#0/1	97.436	78	2	0	2538	2615	78	1	9.62e-29	134
NC_011593.1:2598858-2601929	NB551033:137:HK33LBGX9:1:23303:19303:8659#0/2	98.649	74	1	0	460	533	76	3	3.46e-28	132
NC_011593.1:2598858-2601929	NB551033:137:HK33LBGX9:1:23303:19303:8659#0/1	98.649	74	1	0	460	533	1	74	3.46e-28	132
# BLASTN 2.9.0+
# Query: NC_011593.1:c2604454-2602106 Bifidobacterium longum subsp. infantis ATCC 15697, complete genome
# Database: db/blast_C0495-2F-1A_S88.faa
# 0 hits found
# BLASTN 2.9.0+
# Query: NC_011593.1:c2605922-2604486 Bifidobacterium longum subsp. infantis ATCC 15697, complete genome
# Database: db/blast_C0495-2F-1A_S88.faa
# 0 hits found
# BLASTN 2.9.0+
# Query: NC_011593.1:c2606381-2605944 Bifidobacterium longum subsp. infantis ATCC 15697, complete genome
# Database: db/blast_C0495-2F-1A_S88.faa
# 0 hits found
# BLASTN 2.9.0+
# Query: NC_011593.1:c2607314-2606418 Bifidobacterium longum subsp. infantis ATCC 15697, complete genome
# Database: db/blast_C0495-2F-1A_S88.faa
# 0 hits found
# BLASTN 2.9.0+
# Query: NC_011593.1:c2608249-2607458 Bifidobacterium longum subsp. infantis ATCC 15697, complete genome
# Database: db/blast_C0495-2F-1A_S88.faa
# 0 hits found
# BLASTN 2.9.0+
# Query: NC_011593.1:c2609546-2608269 Bifidobacterium longum subsp. infantis ATCC 15697, complete genome
# Database: db/blast_C0495-2F-1A_S88.faa
# 0 hits found
# BLASTN 2.9.0+
# Query: NC_011593.1:c2610356-2609697 Bifidobacterium longum subsp. infantis ATCC 15697, complete genome
# Database: db/blast_C0495-2F-1A_S88.faa
# 0 hits found
# BLASTN 2.9.0+
# Query: NC_011593.1:c2611458-2610496 Bifidobacterium longum subsp. infantis ATCC 15697, complete genome
# Database: db/blast_C0495-2F-1A_S88.faa
# 0 hits found
# BLASTN 2.9.0+
# Query: NC_011593.1:c2612430-2611477 Bifidobacterium longum subsp. infantis ATCC 15697, complete genome
# Database: db/blast_C0495-2F-1A_S88.faa
# 0 hits found
# BLASTN 2.9.0+
# Query: NC_011593.1:c2614109-2612517 Bifidobacterium longum subsp. infantis ATCC 15697, complete genome
# Database: db/blast_C0495-2F-1A_S88.faa
# 0 hits found
# BLASTN 2.9.0+
# Query: NC_011593.1:c2615274-2614312 Bifidobacterium longum subsp. infantis ATCC 15697, complete genome
# Database: db/blast_C0495-2F-1A_S88.faa
# 0 hits found
# BLASTN 2.9.0+
# Query: NC_011593.1:c2616246-2615293 Bifidobacterium longum subsp. infantis ATCC 15697, complete genome
# Database: db/blast_C0495-2F-1A_S88.faa
# 0 hits found
# BLASTN 2.9.0+
# Query: NC_011593.1:c2617928-2616333 Bifidobacterium longum subsp. infantis ATCC 15697, complete genome
# Database: db/blast_C0495-2F-1A_S88.faa
# 0 hits found
# BLASTN 2.9.0+
# Query: NC_011593.1:c2619247-2618063 Bifidobacterium longum subsp. infantis ATCC 15697, complete genome
# Database: db/blast_C0495-2F-1A_S88.faa
# 0 hits found
# BLASTN 2.9.0+
# Query: NC_011593.1:c2620369-2619413 Bifidobacterium longum subsp. infantis ATCC 15697, complete genome
# Database: db/blast_C0495-2F-1A_S88.faa
# 0 hits found
# BLASTN 2.9.0+
# Query: NC_011593.1:c2622143-2620551 Bifidobacterium longum subsp. infantis ATCC 15697, complete genome
# Database: db/blast_C0495-2F-1A_S88.faa
# 0 hits found
# BLASTN 2.9.0+
# Query: NC_011593.1:c2624124-2622520 Bifidobacterium longum subsp. infantis ATCC 15697, complete genome
# Database: db/blast_C0495-2F-1A_S88.faa
# 0 hits found
# BLASTN 2.9.0+
# Query: NC_011593.1:c2626110-2624512 Bifidobacterium longum subsp. infantis ATCC 15697, complete genome
# Database: db/blast_C0495-2F-1A_S88.faa
# 0 hits found
# BLASTN 2.9.0+
# Query: NC_011593.1:c2626386-2626264 Bifidobacterium longum subsp. infantis ATCC 15697, complete genome
# Database: db/blast_C0495-2F-1A_S88.faa
# 0 hits found
# BLASTN 2.9.0+
# Query: NC_011593.1:c2628158-2626563 Bifidobacterium longum subsp. infantis ATCC 15697, complete genome
# Database: db/blast_C0495-2F-1A_S88.faa
# 0 hits found
# BLASTN 2.9.0+
# Query: NC_011593.1:c2630269-2628314 Bifidobacterium longum subsp. infantis ATCC 15697, complete genome
# Database: db/blast_C0495-2F-1A_S88.faa
# 0 hits found
# BLASTN 2.9.0+
# Query: NC_011593.1:c2631106-2630366 Bifidobacterium longum subsp. infantis ATCC 15697, complete genome
# Database: db/blast_C0495-2F-1A_S88.faa
# 0 hits found
# BLASTN 2.9.0+
# Query: NC_011593.1:c2632432-2631140 Bifidobacterium longum subsp. infantis ATCC 15697, complete genome
# Database: db/blast_C0495-2F-1A_S88.faa
# 0 hits found
# BLASTN 2.9.0+
# Query: NC_011593.1:c2633881-2632562 Bifidobacterium longum subsp. infantis ATCC 15697, complete genome
# Database: db/blast_C0495-2F-1A_S88.faa
# 0 hits found
# BLASTN 2.9.0+
# Query: NC_011593.1:c2634683-2633865 Bifidobacterium longum subsp. infantis ATCC 15697, complete genome
# Database: db/blast_C0495-2F-1A_S88.faa
# 0 hits found
# BLASTN 2.9.0+
# Query: NC_011593.1:c2635627-2634680 Bifidobacterium longum subsp. infantis ATCC 15697, complete genome
# Database: db/blast_C0495-2F-1A_S88.faa
# 0 hits found
# BLASTN 2.9.0+
# Query: NC_011593.1:c2636747-2635629 Bifidobacterium longum subsp. infantis ATCC 15697, complete genome
# Database: db/blast_C0495-2F-1A_S88.faa
# 0 hits found
# BLAST processed 31 queries
