# BLASTN 2.9.0+
# Query: NC_011593.1:c2595355-2593832 Bifidobacterium longum subsp. infantis ATCC 15697, complete genome
# Database: db/blast_C0516_1F_2B_S94.faa
# Fields: query acc.ver, subject acc.ver, % identity, alignment length, mismatches, gap opens, q. start, q. end, s. start, s. end, evalue, bit score
# 118 hits found
NC_011593.1:c2595355-2593832	NB551033:76:HLGC3BGX5:4:12602:5235:14285:94#0/2	99.338	151	1	0	931	1081	151	1	4.00e-71	274
NC_011593.1:c2595355-2593832	NB551033:76:HLGC3BGX5:2:13307:16029:12521:94#0/1	99.338	151	1	0	949	1099	151	1	4.00e-71	274
NC_011593.1:c2595355-2593832	NB551033:76:HLGC3BGX5:3:23601:13450:17525:94#0/2	99.333	150	1	0	915	1064	1	150	1.44e-70	272
NC_011593.1:c2595355-2593832	NB551033:76:HLGC3BGX5:3:21508:24731:3420:94#0/2	98.675	151	2	0	483	633	151	1	1.86e-69	268
NC_011593.1:c2595355-2593832	NB551033:76:HLGC3BGX5:3:12602:17213:14373:94#0/2	98.675	151	2	0	525	675	151	1	1.86e-69	268
NC_011593.1:c2595355-2593832	NB551033:76:HLGC3BGX5:3:11410:24572:17557:94#0/2	98.675	151	2	0	1021	1171	1	151	1.86e-69	268
NC_011593.1:c2595355-2593832	NB551033:76:HLGC3BGX5:2:11310:15376:4538:94#0/2	98.675	151	2	0	513	663	151	1	1.86e-69	268
NC_011593.1:c2595355-2593832	NB551033:76:HLGC3BGX5:1:12202:6903:12867:94#0/2	98.667	150	2	0	451	600	150	1	6.70e-69	267
NC_011593.1:c2595355-2593832	NB551033:76:HLGC3BGX5:3:12602:17213:14373:94#0/1	98.667	150	2	0	477	626	1	150	6.70e-69	267
NC_011593.1:c2595355-2593832	NB551033:76:HLGC3BGX5:2:11310:15376:4538:94#0/1	98.667	150	2	0	419	568	1	150	6.70e-69	267
NC_011593.1:c2595355-2593832	NB551033:76:HLGC3BGX5:1:11210:10877:7936:94#0/1	98.667	150	2	0	1073	1222	1	150	6.70e-69	267
NC_011593.1:c2595355-2593832	NB551033:76:HLGC3BGX5:2:22312:22160:3860:94#0/2	98.013	151	3	0	1079	1229	151	1	8.67e-68	263
NC_011593.1:c2595355-2593832	NB551033:76:HLGC3BGX5:3:22602:4417:6214:94#0/1	98.013	151	3	0	1077	1227	151	1	8.67e-68	263
NC_011593.1:c2595355-2593832	NB551033:76:HLGC3BGX5:2:22312:22160:3860:94#0/1	98.013	151	3	0	466	616	1	151	8.67e-68	263
NC_011593.1:c2595355-2593832	NB551033:76:HLGC3BGX5:1:21312:7666:3113:94#0/1	98.649	148	2	0	1114	1261	148	1	8.67e-68	263
NC_011593.1:c2595355-2593832	NB551033:76:HLGC3BGX5:4:11508:8801:1352:94#0/2	98.000	150	3	0	1200	1349	1	150	3.12e-67	261
NC_011593.1:c2595355-2593832	NB551033:76:HLGC3BGX5:3:22602:4417:6214:94#0/2	98.000	150	3	0	1073	1222	1	150	3.12e-67	261
NC_011593.1:c2595355-2593832	NB551033:76:HLGC3BGX5:3:21608:19598:20307:94#0/1	98.000	150	3	0	1073	1222	1	150	3.12e-67	261
NC_011593.1:c2595355-2593832	NB551033:76:HLGC3BGX5:3:11410:24572:17557:94#0/1	98.000	150	3	0	1033	1182	150	1	3.12e-67	261
NC_011593.1:c2595355-2593832	NB551033:76:HLGC3BGX5:4:21409:3235:5084:94#0/1	97.987	149	3	0	904	1052	3	151	1.12e-66	259
NC_011593.1:c2595355-2593832	NB551033:76:HLGC3BGX5:3:22401:3920:12114:94#0/2	97.351	151	4	0	859	1009	151	1	4.03e-66	257
NC_011593.1:c2595355-2593832	NB551033:76:HLGC3BGX5:2:22303:8471:2163:94#0/2	97.351	151	4	0	132	282	1	151	4.03e-66	257
NC_011593.1:c2595355-2593832	NB551033:76:HLGC3BGX5:1:12204:20714:16616:94#0/2	97.333	150	4	0	1268	1417	1	150	1.45e-65	255
NC_011593.1:c2595355-2593832	NB551033:76:HLGC3BGX5:4:12602:5235:14285:94#0/1	97.333	150	4	0	779	928	1	150	1.45e-65	255
NC_011593.1:c2595355-2593832	NB551033:76:HLGC3BGX5:3:11602:19707:13483:94#0/1	97.333	150	4	0	786	935	1	150	1.45e-65	255
NC_011593.1:c2595355-2593832	NB551033:76:HLGC3BGX5:3:11602:19707:13483:94#0/2	96.689	151	5	0	859	1009	151	1	1.88e-64	252
NC_011593.1:c2595355-2593832	NB551033:76:HLGC3BGX5:2:23304:6165:1383:94#0/2	97.931	145	3	0	896	1040	145	1	1.88e-64	252
NC_011593.1:c2595355-2593832	NB551033:76:HLGC3BGX5:3:21508:24731:3420:94#0/1	96.689	151	5	0	328	478	1	151	1.88e-64	252
NC_011593.1:c2595355-2593832	NB551033:76:HLGC3BGX5:4:11609:15149:15216:94#0/2	96.667	150	5	0	579	728	1	150	6.75e-64	250
NC_011593.1:c2595355-2593832	NB551033:76:HLGC3BGX5:2:22210:20350:2626:94#0/2	96.644	149	5	0	586	734	149	1	2.43e-63	248
NC_011593.1:c2595355-2593832	NB551033:76:HLGC3BGX5:1:21312:7666:3113:94#0/2	96.644	149	5	0	852	1000	1	149	2.43e-63	248
NC_011593.1:c2595355-2593832	NB551033:76:HLGC3BGX5:4:21409:3235:5084:94#0/2	96.622	148	5	0	1283	1430	148	1	8.73e-63	246
NC_011593.1:c2595355-2593832	NB551033:76:HLGC3BGX5:3:21512:6832:3402:94#0/2	96.026	151	6	0	219	369	151	1	8.73e-63	246
NC_011593.1:c2595355-2593832	NB551033:76:HLGC3BGX5:2:23109:6500:3370:94#0/2	96.026	151	6	0	235	385	151	1	8.73e-63	246
NC_011593.1:c2595355-2593832	NB551033:76:HLGC3BGX5:2:22303:8471:2163:94#0/1	96.026	151	6	0	271	421	151	1	8.73e-63	246
NC_011593.1:c2595355-2593832	NB551033:76:HLGC3BGX5:1:12204:20714:16616:94#0/1	96.622	148	5	0	1283	1430	148	1	8.73e-63	246
NC_011593.1:c2595355-2593832	NB551033:76:HLGC3BGX5:4:22503:22243:19300:94#0/2	96.000	150	6	0	288	437	150	1	3.14e-62	244
NC_011593.1:c2595355-2593832	NB551033:76:HLGC3BGX5:3:12607:18624:13916:94#0/2	96.599	147	5	0	670	816	147	1	3.14e-62	244
NC_011593.1:c2595355-2593832	NB551033:76:HLGC3BGX5:3:11512:13285:13970:94#0/2	96.000	150	6	0	660	809	150	1	3.14e-62	244
NC_011593.1:c2595355-2593832	NB551033:76:HLGC3BGX5:4:13501:2201:12013:94#0/1	96.000	150	6	0	247	396	150	1	3.14e-62	244
NC_011593.1:c2595355-2593832	NB551033:76:HLGC3BGX5:4:11609:15149:15216:94#0/1	96.000	150	6	0	627	776	150	1	3.14e-62	244
NC_011593.1:c2595355-2593832	NB551033:76:HLGC3BGX5:2:23109:6500:3370:94#0/1	96.000	150	6	0	190	339	1	150	3.14e-62	244
NC_011593.1:c2595355-2593832	NB551033:76:HLGC3BGX5:1:23205:7349:19242:94#0/1	97.203	143	4	0	419	561	1	143	1.13e-61	243
NC_011593.1:c2595355-2593832	NB551033:76:HLGC3BGX5:2:21308:9934:8952:94#0/2	95.333	150	7	0	215	364	150	1	1.46e-60	239
NC_011593.1:c2595355-2593832	NB551033:76:HLGC3BGX5:3:12607:18624:13916:94#0/1	98.519	135	2	0	429	563	1	135	1.46e-60	239
NC_011593.1:c2595355-2593832	NB551033:76:HLGC3BGX5:1:12202:6903:12867:94#0/1	95.333	150	7	0	222	371	1	150	1.46e-60	239
NC_011593.1:c2595355-2593832	NB551033:76:HLGC3BGX5:4:23508:12912:9260:94#0/2	99.237	131	1	0	727	857	1	131	5.25e-60	237
NC_011593.1:c2595355-2593832	NB551033:76:HLGC3BGX5:4:23508:12912:9260:94#0/1	99.237	131	1	0	727	857	131	1	5.25e-60	237
NC_011593.1:c2595355-2593832	NB551033:76:HLGC3BGX5:1:22202:7672:2407:94#0/1	95.302	149	7	0	387	535	1	149	5.25e-60	237
NC_011593.1:c2595355-2593832	NB551033:76:HLGC3BGX5:3:22401:3920:12114:94#0/1	95.862	145	6	0	630	774	1	145	1.89e-59	235
NC_011593.1:c2595355-2593832	NB551033:76:HLGC3BGX5:3:21501:19392:20333:94#0/2	99.225	129	1	0	971	1099	129	1	6.80e-59	233
NC_011593.1:c2595355-2593832	NB551033:76:HLGC3BGX5:3:21501:19392:20333:94#0/1	99.225	129	1	0	971	1099	1	129	6.80e-59	233
NC_011593.1:c2595355-2593832	NB551033:76:HLGC3BGX5:1:11111:23679:5003:94#0/1	95.804	143	6	0	688	830	2	144	2.44e-58	231
NC_011593.1:c2595355-2593832	NB551033:76:HLGC3BGX5:4:22409:16361:19504:94#0/2	98.462	130	2	0	489	618	1	130	8.79e-58	230
NC_011593.1:c2595355-2593832	NB551033:76:HLGC3BGX5:4:22503:22243:19300:94#0/1	97.059	136	4	0	192	327	1	136	8.79e-58	230
NC_011593.1:c2595355-2593832	NB551033:76:HLGC3BGX5:4:22409:16361:19504:94#0/1	98.462	130	2	0	489	618	130	1	8.79e-58	230
NC_011593.1:c2595355-2593832	NB551033:76:HLGC3BGX5:2:22310:10488:13756:94#0/1	95.172	145	7	0	670	814	145	1	8.79e-58	230
NC_011593.1:c2595355-2593832	NB551033:76:HLGC3BGX5:2:21204:7419:5781:94#0/2	99.206	126	1	0	732	857	1	126	3.16e-57	228
NC_011593.1:c2595355-2593832	NB551033:76:HLGC3BGX5:1:11210:10877:7936:94#0/2	97.727	132	3	0	1270	1401	132	1	3.16e-57	228
NC_011593.1:c2595355-2593832	NB551033:76:HLGC3BGX5:2:21204:7419:5781:94#0/1	99.206	126	1	0	732	857	126	1	3.16e-57	228
NC_011593.1:c2595355-2593832	NB551033:76:HLGC3BGX5:3:13504:15140:18109:94#0/2	97.710	131	3	0	565	695	1	131	1.14e-56	226
NC_011593.1:c2595355-2593832	NB551033:76:HLGC3BGX5:1:23112:8975:20267:94#0/2	97.710	131	3	0	1068	1198	1	131	1.14e-56	226
NC_011593.1:c2595355-2593832	NB551033:76:HLGC3BGX5:1:22102:23569:4717:94#0/2	97.710	131	3	0	849	979	131	1	1.14e-56	226
NC_011593.1:c2595355-2593832	NB551033:76:HLGC3BGX5:3:13504:15140:18109:94#0/1	97.710	131	3	0	565	695	131	1	1.14e-56	226
NC_011593.1:c2595355-2593832	NB551033:76:HLGC3BGX5:1:23112:8975:20267:94#0/1	97.710	131	3	0	1068	1198	131	1	1.14e-56	226
NC_011593.1:c2595355-2593832	NB551033:76:HLGC3BGX5:1:22102:23569:4717:94#0/1	97.710	131	3	0	849	979	1	131	1.14e-56	226
NC_011593.1:c2595355-2593832	NB551033:76:HLGC3BGX5:1:11211:11249:5284:94#0/1	95.714	140	6	0	419	558	1	140	1.14e-56	226
NC_011593.1:c2595355-2593832	NB551033:76:HLGC3BGX5:2:11310:20477:5392:94#0/2	97.674	129	3	0	1219	1347	1	129	1.47e-55	222
NC_011593.1:c2595355-2593832	NB551033:76:HLGC3BGX5:1:21308:17932:13636:94#0/2	96.947	131	4	0	849	979	131	1	5.29e-55	220
NC_011593.1:c2595355-2593832	NB551033:76:HLGC3BGX5:1:11211:11249:5284:94#0/2	95.000	140	7	0	670	809	140	1	5.29e-55	220
NC_011593.1:c2595355-2593832	NB551033:76:HLGC3BGX5:1:11205:8168:11693:94#0/2	99.180	122	1	0	1036	1157	122	1	5.29e-55	220
NC_011593.1:c2595355-2593832	NB551033:76:HLGC3BGX5:2:22304:8359:15859:94#0/1	95.000	140	7	0	670	809	140	1	5.29e-55	220
NC_011593.1:c2595355-2593832	NB551033:76:HLGC3BGX5:1:21308:17932:13636:94#0/1	96.947	131	4	0	849	979	1	131	5.29e-55	220
NC_011593.1:c2595355-2593832	NB551033:76:HLGC3BGX5:4:23504:5367:3104:94#0/2	99.174	121	1	0	1035	1155	121	1	1.90e-54	219
NC_011593.1:c2595355-2593832	NB551033:76:HLGC3BGX5:4:13601:18500:11955:94#0/2	96.923	130	4	0	429	558	134	5	1.90e-54	219
NC_011593.1:c2595355-2593832	NB551033:76:HLGC3BGX5:4:23504:5367:3104:94#0/1	97.638	127	3	0	768	894	1	127	1.90e-54	219
NC_011593.1:c2595355-2593832	NB551033:76:HLGC3BGX5:4:13601:18500:11955:94#0/1	96.923	130	4	0	429	558	1	130	1.90e-54	219
NC_011593.1:c2595355-2593832	NB551033:76:HLGC3BGX5:1:23205:7349:19242:94#0/2	97.619	126	3	0	786	911	126	1	6.84e-54	217
NC_011593.1:c2595355-2593832	NB551033:76:HLGC3BGX5:1:22101:12377:6642:94#0/2	96.212	132	5	0	699	830	1	132	6.84e-54	217
NC_011593.1:c2595355-2593832	NB551033:76:HLGC3BGX5:2:12207:6549:17751:94#0/1	99.167	120	1	0	949	1068	1	120	6.84e-54	217
NC_011593.1:c2595355-2593832	NB551033:76:HLGC3BGX5:4:23606:14795:10826:94#0/1	96.063	127	5	0	287	413	1	127	4.12e-51	207
NC_011593.1:c2595355-2593832	NB551033:76:HLGC3BGX5:2:12207:6549:17751:94#0/2	96.032	126	5	0	1155	1280	126	1	1.48e-50	206
NC_011593.1:c2595355-2593832	NB551033:76:HLGC3BGX5:4:13609:10525:11760:94#0/2	96.721	122	4	0	808	929	1	122	5.33e-50	204
NC_011593.1:c2595355-2593832	NB551033:76:HLGC3BGX5:4:13609:10525:11760:94#0/1	96.721	122	4	0	808	929	122	1	5.33e-50	204
NC_011593.1:c2595355-2593832	NB551033:76:HLGC3BGX5:3:22605:11729:5463:94#0/1	95.968	124	5	0	707	830	1	124	1.92e-49	202
NC_011593.1:c2595355-2593832	NB551033:76:HLGC3BGX5:2:23304:6165:1383:94#0/1	95.902	122	5	0	680	801	2	123	2.48e-48	198
NC_011593.1:c2595355-2593832	NB551033:76:HLGC3BGX5:3:23607:15137:2488:94#0/2	95.000	120	6	0	657	776	120	1	1.49e-45	189
NC_011593.1:c2595355-2593832	NB551033:76:HLGC3BGX5:3:23607:15137:2488:94#0/1	95.000	120	6	0	657	776	1	120	1.49e-45	189
NC_011593.1:c2595355-2593832	NB551033:76:HLGC3BGX5:3:11512:13285:13970:94#0/1	97.273	110	3	0	591	700	1	110	5.37e-45	187
NC_011593.1:c2595355-2593832	NB551033:76:HLGC3BGX5:2:21303:16183:8430:94#0/1	98.131	107	2	0	1257	1363	1	107	5.37e-45	187
NC_011593.1:c2595355-2593832	NB551033:76:HLGC3BGX5:4:11410:19814:18619:94#0/2	100.000	99	0	0	768	866	1	99	6.94e-44	183
NC_011593.1:c2595355-2593832	NB551033:76:HLGC3BGX5:4:11410:19814:18619:94#0/1	100.000	99	0	0	768	866	99	1	6.94e-44	183
NC_011593.1:c2595355-2593832	NB551033:76:HLGC3BGX5:3:22609:13259:20220:94#0/2	98.990	99	1	0	1032	1130	1	99	3.23e-42	178
NC_011593.1:c2595355-2593832	NB551033:76:HLGC3BGX5:3:23601:13450:17525:94#0/1	97.143	105	3	0	1366	1470	150	46	3.23e-42	178
NC_011593.1:c2595355-2593832	NB551033:76:HLGC3BGX5:3:22609:13259:20220:94#0/1	98.990	99	1	0	1032	1130	99	1	3.23e-42	178
NC_011593.1:c2595355-2593832	NB551033:76:HLGC3BGX5:1:11205:8168:11693:94#0/1	97.143	105	3	0	847	951	1	105	3.23e-42	178
NC_011593.1:c2595355-2593832	NB551033:76:HLGC3BGX5:2:21303:16183:8430:94#0/2	96.117	103	4	0	1368	1470	115	13	1.94e-39	169
NC_011593.1:c2595355-2593832	NB551033:76:HLGC3BGX5:1:23110:2618:8642:94#0/2	97.872	94	2	0	1271	1364	94	1	9.04e-38	163
NC_011593.1:c2595355-2593832	NB551033:76:HLGC3BGX5:1:22206:13993:10546:94#0/2	96.907	97	3	0	1374	1470	1	97	9.04e-38	163
NC_011593.1:c2595355-2593832	NB551033:76:HLGC3BGX5:1:23110:2618:8642:94#0/1	96.703	91	3	0	1227	1317	1	91	1.96e-34	152
NC_011593.1:c2595355-2593832	NB551033:76:HLGC3BGX5:3:23510:8769:11487:94#0/2	97.674	86	2	0	352	437	1	86	2.53e-33	148
NC_011593.1:c2595355-2593832	NB551033:76:HLGC3BGX5:3:23510:8769:11487:94#0/1	98.795	83	1	0	355	437	83	1	2.53e-33	148
NC_011593.1:c2595355-2593832	NB551033:76:HLGC3BGX5:4:23606:14795:10826:94#0/2	97.647	85	2	0	484	568	85	1	9.11e-33	147
NC_011593.1:c2595355-2593832	NB551033:76:HLGC3BGX5:3:22512:20938:19564:94#0/2	100.000	79	0	0	1021	1099	79	1	9.11e-33	147
NC_011593.1:c2595355-2593832	NB551033:76:HLGC3BGX5:3:22512:20938:19564:94#0/1	100.000	79	0	0	1021	1099	1	79	9.11e-33	147
NC_011593.1:c2595355-2593832	NB551033:76:HLGC3BGX5:2:23202:11727:9808:94#0/2	100.000	76	0	0	434	509	76	1	4.24e-31	141
NC_011593.1:c2595355-2593832	NB551033:76:HLGC3BGX5:2:23202:11727:9808:94#0/1	100.000	76	0	0	434	509	1	76	4.24e-31	141
NC_011593.1:c2595355-2593832	NB551033:76:HLGC3BGX5:2:22210:20350:2626:94#0/1	97.500	80	2	0	147	226	1	80	5.48e-30	137
NC_011593.1:c2595355-2593832	NB551033:76:HLGC3BGX5:1:21203:15465:1831:94#0/2	96.341	82	3	0	477	558	1	82	1.97e-29	135
NC_011593.1:c2595355-2593832	NB551033:76:HLGC3BGX5:2:12101:5929:2771:94#0/2	96.296	81	3	0	429	509	81	1	7.09e-29	134
NC_011593.1:c2595355-2593832	NB551033:76:HLGC3BGX5:4:11510:22271:1549:94#0/2	97.403	77	2	0	1127	1203	77	1	2.55e-28	132
NC_011593.1:c2595355-2593832	NB551033:76:HLGC3BGX5:4:11510:22271:1549:94#0/1	97.403	77	2	0	1127	1203	1	77	2.55e-28	132
NC_011593.1:c2595355-2593832	NB551033:76:HLGC3BGX5:2:12101:5929:2771:94#0/1	95.181	83	4	0	427	509	1	83	2.55e-28	132
NC_011593.1:c2595355-2593832	NB551033:76:HLGC3BGX5:2:13307:16029:12521:94#0/2	96.203	79	3	0	849	927	1	79	9.17e-28	130
NC_011593.1:c2595355-2593832	NB551033:76:HLGC3BGX5:4:12512:18657:18151:94#0/2	98.305	59	1	0	1412	1470	92	34	5.56e-20	104
NC_011593.1:c2595355-2593832	NB551033:76:HLGC3BGX5:4:12512:18657:18151:94#0/1	98.305	59	1	0	1412	1470	3	61	5.56e-20	104
NC_011593.1:c2595355-2593832	NB551033:76:HLGC3BGX5:3:21608:19598:20307:94#0/2	98.214	56	1	0	1415	1470	150	95	2.59e-18	99.0
NC_011593.1:c2595355-2593832	NB551033:76:HLGC3BGX5:1:22206:13993:10546:94#0/1	100.000	36	0	0	1435	1470	108	73	7.29e-09	67.6
# BLASTN 2.9.0+
# Query: NC_011593.1:c2597106-2595574 Bifidobacterium longum subsp. infantis ATCC 15697, complete genome
# Database: db/blast_C0516_1F_2B_S94.faa
# Fields: query acc.ver, subject acc.ver, % identity, alignment length, mismatches, gap opens, q. start, q. end, s. start, s. end, evalue, bit score
# 20 hits found
NC_011593.1:c2597106-2595574	NB551033:76:HLGC3BGX5:4:13601:18500:11955:94#0/1	95.276	127	6	0	429	555	1	127	1.93e-49	202
NC_011593.1:c2597106-2595574	NB551033:76:HLGC3BGX5:3:21408:22219:1117:94#0/2	95.763	118	5	0	1	118	32	149	4.17e-46	191
NC_011593.1:c2597106-2595574	NB551033:76:HLGC3BGX5:3:21408:22219:1117:94#0/1	95.000	120	6	0	1	120	120	1	1.50e-45	189
NC_011593.1:c2597106-2595574	NB551033:76:HLGC3BGX5:1:12202:6903:12867:94#0/1	95.413	109	5	0	222	330	1	109	4.20e-41	174
NC_011593.1:c2597106-2595574	NB551033:76:HLGC3BGX5:4:13509:10373:14836:94#0/2	95.098	102	5	0	1	102	102	1	3.27e-37	161
NC_011593.1:c2597106-2595574	NB551033:76:HLGC3BGX5:4:13509:10373:14836:94#0/1	95.098	102	5	0	1	102	27	128	3.27e-37	161
NC_011593.1:c2597106-2595574	NB551033:76:HLGC3BGX5:3:13502:21143:19784:94#0/1	95.098	102	5	0	1	102	34	135	3.27e-37	161
NC_011593.1:c2597106-2595574	NB551033:76:HLGC3BGX5:2:11205:24094:1848:94#0/1	98.765	81	1	0	1	81	88	8	3.30e-32	145
NC_011593.1:c2597106-2595574	NB551033:76:HLGC3BGX5:2:12101:5929:2771:94#0/2	97.531	81	2	0	429	509	81	1	1.53e-30	139
NC_011593.1:c2597106-2595574	NB551033:76:HLGC3BGX5:2:12101:5929:2771:94#0/1	96.386	83	3	0	427	509	1	83	5.51e-30	137
NC_011593.1:c2597106-2595574	NB551033:76:HLGC3BGX5:2:23202:11727:9808:94#0/2	98.684	76	1	0	434	509	76	1	1.98e-29	135
NC_011593.1:c2597106-2595574	NB551033:76:HLGC3BGX5:3:21512:6832:3402:94#0/1	100.000	73	0	0	1	73	76	148	1.98e-29	135
NC_011593.1:c2597106-2595574	NB551033:76:HLGC3BGX5:2:23202:11727:9808:94#0/1	98.684	76	1	0	434	509	1	76	1.98e-29	135
NC_011593.1:c2597106-2595574	NB551033:76:HLGC3BGX5:4:12512:18657:18151:94#0/2	98.305	59	1	0	1412	1470	92	34	5.59e-20	104
NC_011593.1:c2597106-2595574	NB551033:76:HLGC3BGX5:4:12512:18657:18151:94#0/1	98.305	59	1	0	1412	1470	3	61	5.59e-20	104
NC_011593.1:c2597106-2595574	NB551033:76:HLGC3BGX5:3:21608:19598:20307:94#0/2	98.214	56	1	0	1415	1470	150	95	2.60e-18	99.0
NC_011593.1:c2597106-2595574	NB551033:76:HLGC3BGX5:3:13505:20164:6581:94#0/2	100.000	42	0	0	1	42	42	1	3.39e-12	78.7
NC_011593.1:c2597106-2595574	NB551033:76:HLGC3BGX5:3:22510:24014:7014:94#0/2	100.000	41	0	0	1	41	106	146	1.22e-11	76.8
NC_011593.1:c2597106-2595574	NB551033:76:HLGC3BGX5:3:22510:24014:7014:94#0/1	100.000	41	0	0	1	41	41	1	1.22e-11	76.8
NC_011593.1:c2597106-2595574	NB551033:76:HLGC3BGX5:1:22206:13993:10546:94#0/1	100.000	36	0	0	1435	1470	108	73	7.34e-09	67.6
# BLASTN 2.9.0+
# Query: NC_011593.1:c2598562-2597207 Bifidobacterium longum subsp. infantis ATCC 15697, complete genome
# Database: db/blast_C0516_1F_2B_S94.faa
# Fields: query acc.ver, subject acc.ver, % identity, alignment length, mismatches, gap opens, q. start, q. end, s. start, s. end, evalue, bit score
# 109 hits found
NC_011593.1:c2598562-2597207	NB551033:76:HLGC3BGX5:3:13406:1939:18326:94#0/2	100.000	151	0	0	533	683	1	151	7.72e-73	279
NC_011593.1:c2598562-2597207	NB551033:76:HLGC3BGX5:3:11609:6410:2166:94#0/2	100.000	151	0	0	495	645	1	151	7.72e-73	279
NC_011593.1:c2598562-2597207	NB551033:76:HLGC3BGX5:2:23310:12020:1843:94#0/2	100.000	151	0	0	756	906	151	1	7.72e-73	279
NC_011593.1:c2598562-2597207	NB551033:76:HLGC3BGX5:1:21310:9000:7807:94#0/2	100.000	151	0	0	567	717	151	1	7.72e-73	279
NC_011593.1:c2598562-2597207	NB551033:76:HLGC3BGX5:1:21101:4819:9144:94#0/2	100.000	151	0	0	156	306	1	151	7.72e-73	279
NC_011593.1:c2598562-2597207	NB551033:76:HLGC3BGX5:3:21601:10386:4751:94#0/1	100.000	151	0	0	335	485	1	151	7.72e-73	279
NC_011593.1:c2598562-2597207	NB551033:76:HLGC3BGX5:3:11603:23157:12232:94#0/1	100.000	151	0	0	534	684	1	151	7.72e-73	279
NC_011593.1:c2598562-2597207	NB551033:76:HLGC3BGX5:1:21310:9000:7807:94#0/1	100.000	151	0	0	462	612	1	151	7.72e-73	279
NC_011593.1:c2598562-2597207	NB551033:76:HLGC3BGX5:1:12107:15306:6008:94#0/1	100.000	151	0	0	698	848	1	151	7.72e-73	279
NC_011593.1:c2598562-2597207	NB551033:76:HLGC3BGX5:4:23506:20940:4876:94#0/2	100.000	150	0	0	473	622	1	150	2.78e-72	278
NC_011593.1:c2598562-2597207	NB551033:76:HLGC3BGX5:4:22407:4655:14281:94#0/2	100.000	150	0	0	671	820	1	150	2.78e-72	278
NC_011593.1:c2598562-2597207	NB551033:76:HLGC3BGX5:3:21610:2846:8622:94#0/2	100.000	150	0	0	547	696	150	1	2.78e-72	278
NC_011593.1:c2598562-2597207	NB551033:76:HLGC3BGX5:3:13509:15278:11971:94#0/2	100.000	150	0	0	1074	1223	150	1	2.78e-72	278
NC_011593.1:c2598562-2597207	NB551033:76:HLGC3BGX5:3:13407:26294:7567:94#0/2	100.000	150	0	0	1136	1285	150	1	2.78e-72	278
NC_011593.1:c2598562-2597207	NB551033:76:HLGC3BGX5:3:12401:22321:1683:94#0/2	100.000	150	0	0	595	744	1	150	2.78e-72	278
NC_011593.1:c2598562-2597207	NB551033:76:HLGC3BGX5:2:23105:10831:8510:94#0/2	100.000	150	0	0	566	715	1	150	2.78e-72	278
NC_011593.1:c2598562-2597207	NB551033:76:HLGC3BGX5:2:21212:17434:20012:94#0/2	100.000	150	0	0	826	975	150	1	2.78e-72	278
NC_011593.1:c2598562-2597207	NB551033:76:HLGC3BGX5:2:13112:10512:12953:94#0/2	100.000	150	0	0	1180	1329	150	1	2.78e-72	278
NC_011593.1:c2598562-2597207	NB551033:76:HLGC3BGX5:1:12311:18873:16075:94#0/2	100.000	150	0	0	806	955	150	1	2.78e-72	278
NC_011593.1:c2598562-2597207	NB551033:76:HLGC3BGX5:3:22401:18972:12135:94#0/1	100.000	150	0	0	1185	1334	150	1	2.78e-72	278
NC_011593.1:c2598562-2597207	NB551033:76:HLGC3BGX5:3:21610:2846:8622:94#0/1	100.000	150	0	0	520	669	1	150	2.78e-72	278
NC_011593.1:c2598562-2597207	NB551033:76:HLGC3BGX5:3:13403:19148:13558:94#0/1	100.000	150	0	0	914	1063	1	150	2.78e-72	278
NC_011593.1:c2598562-2597207	NB551033:76:HLGC3BGX5:3:11409:10644:16031:94#0/1	100.000	150	0	0	1063	1212	1	150	2.78e-72	278
NC_011593.1:c2598562-2597207	NB551033:76:HLGC3BGX5:2:23310:12020:1843:94#0/1	100.000	150	0	0	457	606	1	150	2.78e-72	278
NC_011593.1:c2598562-2597207	NB551033:76:HLGC3BGX5:2:22109:13718:3912:94#0/1	100.000	150	0	0	887	1036	1	150	2.78e-72	278
NC_011593.1:c2598562-2597207	NB551033:76:HLGC3BGX5:2:21212:17434:20012:94#0/1	100.000	150	0	0	632	781	1	150	2.78e-72	278
NC_011593.1:c2598562-2597207	NB551033:76:HLGC3BGX5:1:22206:19324:18768:94#0/1	100.000	150	0	0	602	751	1	150	2.78e-72	278
NC_011593.1:c2598562-2597207	NB551033:76:HLGC3BGX5:1:12105:2100:6111:94#0/1	100.000	150	0	0	168	317	150	1	2.78e-72	278
NC_011593.1:c2598562-2597207	NB551033:76:HLGC3BGX5:4:22405:24915:4156:94#0/2	100.000	149	0	0	1137	1285	149	1	9.98e-72	276
NC_011593.1:c2598562-2597207	NB551033:76:HLGC3BGX5:4:12508:15019:10259:94#0/2	100.000	149	0	0	888	1036	1	149	9.98e-72	276
NC_011593.1:c2598562-2597207	NB551033:76:HLGC3BGX5:3:11409:10644:16031:94#0/2	100.000	149	0	0	1189	1337	149	1	9.98e-72	276
NC_011593.1:c2598562-2597207	NB551033:76:HLGC3BGX5:1:22206:19324:18768:94#0/2	100.000	149	0	0	603	751	149	1	9.98e-72	276
NC_011593.1:c2598562-2597207	NB551033:76:HLGC3BGX5:4:22407:4655:14281:94#0/1	100.000	149	0	0	820	968	149	1	9.98e-72	276
NC_011593.1:c2598562-2597207	NB551033:76:HLGC3BGX5:3:11609:6410:2166:94#0/1	100.000	149	0	0	558	706	149	1	9.98e-72	276
NC_011593.1:c2598562-2597207	NB551033:76:HLGC3BGX5:1:12311:18873:16075:94#0/1	100.000	149	0	0	769	917	1	149	9.98e-72	276
NC_011593.1:c2598562-2597207	NB551033:76:HLGC3BGX5:1:12209:3355:16721:94#0/1	100.000	149	0	0	769	917	1	149	9.98e-72	276
NC_011593.1:c2598562-2597207	NB551033:76:HLGC3BGX5:3:13406:1939:18326:94#0/1	100.000	148	0	0	577	724	148	1	3.59e-71	274
NC_011593.1:c2598562-2597207	NB551033:76:HLGC3BGX5:2:13112:10512:12953:94#0/1	99.338	151	1	0	1073	1223	1	151	3.59e-71	274
NC_011593.1:c2598562-2597207	NB551033:76:HLGC3BGX5:2:21101:5736:4063:94#0/2	100.000	147	0	0	138	284	147	1	1.29e-70	272
NC_011593.1:c2598562-2597207	NB551033:76:HLGC3BGX5:1:12107:15306:6008:94#0/2	99.333	150	1	0	724	873	150	1	1.29e-70	272
NC_011593.1:c2598562-2597207	NB551033:76:HLGC3BGX5:3:11603:23157:12232:94#0/2	100.000	146	0	0	770	915	146	1	4.65e-70	270
NC_011593.1:c2598562-2597207	NB551033:76:HLGC3BGX5:4:23506:20940:4876:94#0/1	100.000	146	0	0	519	664	146	1	4.65e-70	270
NC_011593.1:c2598562-2597207	NB551033:76:HLGC3BGX5:4:12502:3275:14172:94#0/1	99.329	149	1	0	716	864	1	149	4.65e-70	270
NC_011593.1:c2598562-2597207	NB551033:76:HLGC3BGX5:1:21201:8356:17604:94#0/1	99.329	149	1	0	1080	1228	149	1	4.65e-70	270
NC_011593.1:c2598562-2597207	NB551033:76:HLGC3BGX5:1:22204:10182:19948:94#0/2	98.675	151	2	0	847	997	1	151	1.67e-69	268
NC_011593.1:c2598562-2597207	NB551033:76:HLGC3BGX5:2:21101:5736:4063:94#0/1	100.000	145	0	0	138	282	6	150	1.67e-69	268
NC_011593.1:c2598562-2597207	NB551033:76:HLGC3BGX5:3:21601:10386:4751:94#0/2	98.667	150	2	0	689	838	150	1	6.01e-69	267
NC_011593.1:c2598562-2597207	NB551033:76:HLGC3BGX5:4:21608:5088:9251:94#0/1	99.315	146	1	0	1136	1281	1	146	2.16e-68	265
NC_011593.1:c2598562-2597207	NB551033:76:HLGC3BGX5:3:13509:15278:11971:94#0/1	100.000	143	0	0	1060	1202	8	150	2.16e-68	265
NC_011593.1:c2598562-2597207	NB551033:76:HLGC3BGX5:1:13111:6514:15081:94#0/1	100.000	143	0	0	273	415	143	1	2.16e-68	265
NC_011593.1:c2598562-2597207	NB551033:76:HLGC3BGX5:3:11610:7023:9036:94#0/2	99.296	142	1	0	299	440	142	1	3.62e-66	257
NC_011593.1:c2598562-2597207	NB551033:76:HLGC3BGX5:2:21312:23734:14260:94#0/2	100.000	137	0	0	358	494	137	1	4.68e-65	254
NC_011593.1:c2598562-2597207	NB551033:76:HLGC3BGX5:2:21312:23734:14260:94#0/1	100.000	137	0	0	358	494	1	137	4.68e-65	254
NC_011593.1:c2598562-2597207	NB551033:76:HLGC3BGX5:1:12307:7428:19104:94#0/1	98.571	140	2	0	689	828	1	140	2.18e-63	248
NC_011593.1:c2598562-2597207	NB551033:76:HLGC3BGX5:4:13608:6747:5053:94#0/1	100.000	132	0	0	164	295	132	1	2.82e-62	244
NC_011593.1:c2598562-2597207	NB551033:76:HLGC3BGX5:1:13111:6514:15081:94#0/2	100.000	130	0	0	211	340	1	130	3.64e-61	241
NC_011593.1:c2598562-2597207	NB551033:76:HLGC3BGX5:1:11208:13094:1944:94#0/1	100.000	125	0	0	538	662	125	1	2.19e-58	231
NC_011593.1:c2598562-2597207	NB551033:76:HLGC3BGX5:1:22302:1854:6574:94#0/1	100.000	121	0	0	843	963	1	121	3.67e-56	224
NC_011593.1:c2598562-2597207	NB551033:76:HLGC3BGX5:2:22109:13718:3912:94#0/2	100.000	120	0	0	945	1064	151	32	1.32e-55	222
NC_011593.1:c2598562-2597207	NB551033:76:HLGC3BGX5:1:22302:1854:6574:94#0/2	100.000	120	0	0	844	963	120	1	1.32e-55	222
NC_011593.1:c2598562-2597207	NB551033:76:HLGC3BGX5:3:11610:7023:9036:94#0/1	100.000	120	0	0	138	257	31	150	1.32e-55	222
NC_011593.1:c2598562-2597207	NB551033:76:HLGC3BGX5:3:11505:16298:18447:94#0/1	99.187	123	1	0	624	746	123	1	1.32e-55	222
NC_011593.1:c2598562-2597207	NB551033:76:HLGC3BGX5:4:22405:24915:4156:94#0/1	100.000	119	0	0	1060	1178	31	149	4.74e-55	220
NC_011593.1:c2598562-2597207	NB551033:76:HLGC3BGX5:3:13407:26294:7567:94#0/1	100.000	119	0	0	1060	1178	31	149	4.74e-55	220
NC_011593.1:c2598562-2597207	NB551033:76:HLGC3BGX5:2:22108:20499:6811:94#0/2	100.000	118	0	0	446	563	1	118	1.71e-54	219
NC_011593.1:c2598562-2597207	NB551033:76:HLGC3BGX5:3:12502:20620:18150:94#0/1	98.387	124	2	0	182	305	124	1	1.71e-54	219
NC_011593.1:c2598562-2597207	NB551033:76:HLGC3BGX5:2:22108:20499:6811:94#0/1	100.000	118	0	0	446	563	118	1	1.71e-54	219
NC_011593.1:c2598562-2597207	NB551033:76:HLGC3BGX5:1:21101:4819:9144:94#0/1	99.174	121	1	0	485	605	121	1	1.71e-54	219
NC_011593.1:c2598562-2597207	NB551033:76:HLGC3BGX5:1:21201:8356:17604:94#0/2	100.000	117	0	0	1060	1176	35	151	6.14e-54	217
NC_011593.1:c2598562-2597207	NB551033:76:HLGC3BGX5:3:12401:22321:1683:94#0/1	100.000	113	0	0	715	827	113	1	1.03e-51	209
NC_011593.1:c2598562-2597207	NB551033:76:HLGC3BGX5:4:21408:2210:17472:94#0/1	100.000	106	0	0	1251	1356	1	106	8.00e-48	196
NC_011593.1:c2598562-2597207	NB551033:76:HLGC3BGX5:2:12306:22318:11582:94#0/2	100.000	105	0	0	1215	1319	1	105	2.88e-47	195
NC_011593.1:c2598562-2597207	NB551033:76:HLGC3BGX5:2:12306:22318:11582:94#0/1	100.000	105	0	0	1215	1319	105	1	2.88e-47	195
NC_011593.1:c2598562-2597207	NB551033:76:HLGC3BGX5:1:22205:6030:5733:94#0/2	100.000	100	0	0	413	512	100	1	1.73e-44	185
NC_011593.1:c2598562-2597207	NB551033:76:HLGC3BGX5:1:22205:6030:5733:94#0/1	100.000	100	0	0	413	512	1	100	1.73e-44	185
NC_011593.1:c2598562-2597207	NB551033:76:HLGC3BGX5:4:11405:24633:2514:94#0/1	100.000	98	0	0	967	1064	1	98	2.24e-43	182
NC_011593.1:c2598562-2597207	NB551033:76:HLGC3BGX5:4:12502:12052:13419:94#0/2	100.000	96	0	0	1058	1153	96	1	2.90e-42	178
NC_011593.1:c2598562-2597207	NB551033:76:HLGC3BGX5:2:12211:7116:19028:94#0/2	100.000	96	0	0	967	1062	1	96	2.90e-42	178
NC_011593.1:c2598562-2597207	NB551033:76:HLGC3BGX5:3:11505:16298:18447:94#0/2	100.000	95	0	0	138	232	57	151	1.04e-41	176
NC_011593.1:c2598562-2597207	NB551033:76:HLGC3BGX5:1:12312:15723:14651:94#0/1	100.000	92	0	0	1265	1356	1	92	4.85e-40	171
NC_011593.1:c2598562-2597207	NB551033:76:HLGC3BGX5:3:13501:22741:19115:94#0/2	100.000	91	0	0	955	1045	1	91	1.74e-39	169
NC_011593.1:c2598562-2597207	NB551033:76:HLGC3BGX5:4:12508:15019:10259:94#0/1	100.000	89	0	0	976	1064	150	62	2.25e-38	165
NC_011593.1:c2598562-2597207	NB551033:76:HLGC3BGX5:1:22306:8237:15397:94#0/2	100.000	88	0	0	566	653	1	88	8.11e-38	163
NC_011593.1:c2598562-2597207	NB551033:76:HLGC3BGX5:1:11208:13094:1944:94#0/2	100.000	88	0	0	138	225	63	150	8.11e-38	163
NC_011593.1:c2598562-2597207	NB551033:76:HLGC3BGX5:1:22306:8237:15397:94#0/1	100.000	88	0	0	566	653	88	1	8.11e-38	163
NC_011593.1:c2598562-2597207	NB551033:76:HLGC3BGX5:1:12307:7428:19104:94#0/2	98.837	86	1	0	926	1011	86	1	4.88e-35	154
NC_011593.1:c2598562-2597207	NB551033:76:HLGC3BGX5:4:23512:22618:5582:94#0/1	100.000	83	0	0	138	220	84	2	4.88e-35	154
NC_011593.1:c2598562-2597207	NB551033:76:HLGC3BGX5:1:13210:3723:11467:94#0/1	100.000	83	0	0	1274	1356	1	83	4.88e-35	154
NC_011593.1:c2598562-2597207	NB551033:76:HLGC3BGX5:3:21406:5505:11414:94#0/2	100.000	77	0	0	1060	1136	77	1	1.06e-31	143
NC_011593.1:c2598562-2597207	NB551033:76:HLGC3BGX5:2:12207:9813:4941:94#0/1	100.000	77	0	0	1280	1356	1	77	1.06e-31	143
NC_011593.1:c2598562-2597207	NB551033:76:HLGC3BGX5:3:21602:1525:10394:94#0/1	98.701	77	1	0	1280	1356	1	77	4.92e-30	137
NC_011593.1:c2598562-2597207	NB551033:76:HLGC3BGX5:1:22101:25097:18624:94#0/2	100.000	70	0	0	138	207	70	1	8.23e-28	130
NC_011593.1:c2598562-2597207	NB551033:76:HLGC3BGX5:4:12407:25789:20239:94#0/2	100.000	69	0	0	1058	1126	69	1	2.96e-27	128
NC_011593.1:c2598562-2597207	NB551033:76:HLGC3BGX5:3:13501:22741:19115:94#0/1	100.000	67	0	0	998	1064	151	85	3.83e-26	124
NC_011593.1:c2598562-2597207	NB551033:76:HLGC3BGX5:1:13101:4117:10031:94#0/1	100.000	61	0	0	1060	1120	61	1	8.28e-23	113
NC_011593.1:c2598562-2597207	NB551033:76:HLGC3BGX5:1:12312:15723:14651:94#0/2	100.000	57	0	0	1300	1356	151	95	1.39e-20	106
NC_011593.1:c2598562-2597207	NB551033:76:HLGC3BGX5:3:13403:19148:13558:94#0/2	100.000	49	0	0	1016	1064	150	102	3.88e-16	91.6
NC_011593.1:c2598562-2597207	NB551033:76:HLGC3BGX5:1:11304:18892:12390:94#0/2	97.727	44	1	0	1	44	44	1	1.09e-11	76.8
NC_011593.1:c2598562-2597207	NB551033:76:HLGC3BGX5:1:22110:16662:11369:94#0/2	100.000	37	0	0	138	174	37	1	1.82e-09	69.4
NC_011593.1:c2598562-2597207	NB551033:76:HLGC3BGX5:2:21305:20415:7752:94#0/2	100.000	36	0	0	1321	1356	123	88	6.54e-09	67.6
NC_011593.1:c2598562-2597207	NB551033:76:HLGC3BGX5:2:21305:20415:7752:94#0/1	100.000	36	0	0	1321	1356	1	36	6.54e-09	67.6
NC_011593.1:c2598562-2597207	NB551033:76:HLGC3BGX5:4:13608:6747:5053:94#0/2	100.000	32	0	0	138	169	120	151	1.09e-06	60.2
NC_011593.1:c2598562-2597207	NB551033:76:HLGC3BGX5:1:12105:2100:6111:94#0/2	100.000	32	0	0	138	169	120	151	1.09e-06	60.2
NC_011593.1:c2598562-2597207	NB551033:76:HLGC3BGX5:4:21402:25338:19349:94#0/2	100.000	31	0	0	1326	1356	1	31	3.94e-06	58.4
NC_011593.1:c2598562-2597207	NB551033:76:HLGC3BGX5:4:21402:25338:19349:94#0/1	100.000	31	0	0	1326	1356	126	96	3.94e-06	58.4
NC_011593.1:c2598562-2597207	NB551033:76:HLGC3BGX5:1:13308:2449:15826:94#0/2	100.000	30	0	0	1035	1064	1	30	1.42e-05	56.5
NC_011593.1:c2598562-2597207	NB551033:76:HLGC3BGX5:1:12111:25855:17354:94#0/2	100.000	30	0	0	138	167	58	87	1.42e-05	56.5
NC_011593.1:c2598562-2597207	NB551033:76:HLGC3BGX5:1:13308:2449:15826:94#0/1	100.000	30	0	0	1035	1064	126	97	1.42e-05	56.5
NC_011593.1:c2598562-2597207	NB551033:76:HLGC3BGX5:1:12111:25855:17354:94#0/1	100.000	30	0	0	138	167	30	1	1.42e-05	56.5
# BLASTN 2.9.0+
# Query: NC_011593.1:2598858-2601929 Bifidobacterium longum subsp. infantis ATCC 15697, complete genome
# Database: db/blast_C0516_1F_2B_S94.faa
# Fields: query acc.ver, subject acc.ver, % identity, alignment length, mismatches, gap opens, q. start, q. end, s. start, s. end, evalue, bit score
# 166 hits found
NC_011593.1:2598858-2601929	NB551033:76:HLGC3BGX5:1:12111:5638:7962:94#0/2	100.000	151	0	0	289	439	151	1	1.75e-72	279
NC_011593.1:2598858-2601929	NB551033:76:HLGC3BGX5:4:12402:7000:6823:94#0/2	100.000	150	0	0	1626	1775	150	1	6.30e-72	278
NC_011593.1:2598858-2601929	NB551033:76:HLGC3BGX5:2:12302:10874:7749:94#0/2	100.000	150	0	0	1572	1721	150	1	6.30e-72	278
NC_011593.1:2598858-2601929	NB551033:76:HLGC3BGX5:3:22606:3985:15168:94#0/1	100.000	150	0	0	2194	2343	150	1	6.30e-72	278
NC_011593.1:2598858-2601929	NB551033:76:HLGC3BGX5:3:22409:20889:8172:94#0/2	99.338	151	1	0	128	278	151	1	8.15e-71	274
NC_011593.1:2598858-2601929	NB551033:76:HLGC3BGX5:1:23112:5436:8083:94#0/2	99.338	151	1	0	1317	1467	151	1	8.15e-71	274
NC_011593.1:2598858-2601929	NB551033:76:HLGC3BGX5:1:13311:18797:7355:94#0/2	99.338	151	1	0	239	389	151	1	8.15e-71	274
NC_011593.1:2598858-2601929	NB551033:76:HLGC3BGX5:1:12110:20304:5020:94#0/2	99.338	151	1	0	2418	2568	151	1	8.15e-71	274
NC_011593.1:2598858-2601929	NB551033:76:HLGC3BGX5:2:11207:11452:8180:94#0/1	99.338	151	1	0	1048	1198	151	1	8.15e-71	274
NC_011593.1:2598858-2601929	NB551033:76:HLGC3BGX5:4:11509:22327:4830:94#0/2	99.333	150	1	0	124	273	1	150	2.93e-70	272
NC_011593.1:2598858-2601929	NB551033:76:HLGC3BGX5:1:12207:3344:5246:94#0/2	99.333	150	1	0	145	294	150	1	2.93e-70	272
NC_011593.1:2598858-2601929	NB551033:76:HLGC3BGX5:1:12110:6549:7644:94#0/2	99.333	150	1	0	381	530	1	150	2.93e-70	272
NC_011593.1:2598858-2601929	NB551033:76:HLGC3BGX5:4:11509:22327:4830:94#0/1	99.333	150	1	0	288	437	150	1	2.93e-70	272
NC_011593.1:2598858-2601929	NB551033:76:HLGC3BGX5:4:11505:21342:16217:94#0/1	99.333	150	1	0	1645	1794	150	1	2.93e-70	272
NC_011593.1:2598858-2601929	NB551033:76:HLGC3BGX5:3:22506:13911:7992:94#0/1	99.333	150	1	0	376	525	1	150	2.93e-70	272
NC_011593.1:2598858-2601929	NB551033:76:HLGC3BGX5:2:11206:15185:6332:94#0/1	99.333	150	1	0	376	525	1	150	2.93e-70	272
NC_011593.1:2598858-2601929	NB551033:76:HLGC3BGX5:1:22106:7530:11714:94#0/1	99.333	150	1	0	2219	2368	1	150	2.93e-70	272
NC_011593.1:2598858-2601929	NB551033:76:HLGC3BGX5:1:13311:18797:7355:94#0/1	99.333	150	1	0	125	274	1	150	2.93e-70	272
NC_011593.1:2598858-2601929	NB551033:76:HLGC3BGX5:1:12111:5638:7962:94#0/1	99.333	150	1	0	132	281	1	150	2.93e-70	272
NC_011593.1:2598858-2601929	NB551033:76:HLGC3BGX5:3:22511:19562:6689:94#0/2	99.329	149	1	0	2383	2531	1	149	1.05e-69	270
NC_011593.1:2598858-2601929	NB551033:76:HLGC3BGX5:4:23512:4356:18623:94#0/1	99.329	149	1	0	1537	1685	149	1	1.05e-69	270
NC_011593.1:2598858-2601929	NB551033:76:HLGC3BGX5:3:13412:15848:12722:94#0/1	99.329	149	1	0	122	270	1	149	1.05e-69	270
NC_011593.1:2598858-2601929	NB551033:76:HLGC3BGX5:4:23512:4356:18623:94#0/2	98.675	151	2	0	1527	1677	1	151	3.79e-69	268
NC_011593.1:2598858-2601929	NB551033:76:HLGC3BGX5:2:23208:8371:12381:94#0/2	98.675	151	2	0	598	748	151	1	3.79e-69	268
NC_011593.1:2598858-2601929	NB551033:76:HLGC3BGX5:2:22306:11755:18480:94#0/2	98.675	151	2	0	2821	2971	1	151	3.79e-69	268
NC_011593.1:2598858-2601929	NB551033:76:HLGC3BGX5:2:21203:6057:15892:94#0/2	98.675	151	2	0	1042	1192	1	151	3.79e-69	268
NC_011593.1:2598858-2601929	NB551033:76:HLGC3BGX5:1:22103:5486:1664:94#0/2	98.675	151	2	0	2803	2953	1	151	3.79e-69	268
NC_011593.1:2598858-2601929	NB551033:76:HLGC3BGX5:4:22604:8291:14773:94#0/1	98.675	151	2	0	1518	1668	151	1	3.79e-69	268
NC_011593.1:2598858-2601929	NB551033:76:HLGC3BGX5:4:12406:18246:11463:94#0/1	98.675	151	2	0	1324	1474	1	151	3.79e-69	268
NC_011593.1:2598858-2601929	NB551033:76:HLGC3BGX5:1:12207:3344:5246:94#0/1	98.675	151	2	0	102	252	1	151	3.79e-69	268
NC_011593.1:2598858-2601929	NB551033:76:HLGC3BGX5:3:22606:3985:15168:94#0/2	98.667	150	2	0	2024	2173	1	150	1.36e-68	267
NC_011593.1:2598858-2601929	NB551033:76:HLGC3BGX5:3:11404:9230:5773:94#0/2	98.667	150	2	0	2046	2195	1	150	1.36e-68	267
NC_011593.1:2598858-2601929	NB551033:76:HLGC3BGX5:2:23308:4441:9607:94#0/2	98.667	150	2	0	1079	1228	1	150	1.36e-68	267
NC_011593.1:2598858-2601929	NB551033:76:HLGC3BGX5:2:11303:25710:15666:94#0/2	98.667	150	2	0	2496	2645	1	150	1.36e-68	267
NC_011593.1:2598858-2601929	NB551033:76:HLGC3BGX5:1:23108:16537:10403:94#0/2	98.667	150	2	0	2870	3019	150	1	1.36e-68	267
NC_011593.1:2598858-2601929	NB551033:76:HLGC3BGX5:1:11202:5790:9825:94#0/2	98.667	150	2	0	2477	2626	150	1	1.36e-68	267
NC_011593.1:2598858-2601929	NB551033:76:HLGC3BGX5:3:22503:14874:1640:94#0/1	98.667	150	2	0	2359	2508	1	150	1.36e-68	267
NC_011593.1:2598858-2601929	NB551033:76:HLGC3BGX5:3:11404:9230:5773:94#0/1	98.667	150	2	0	2070	2219	150	1	1.36e-68	267
NC_011593.1:2598858-2601929	NB551033:76:HLGC3BGX5:2:13208:3174:18475:94#0/1	98.667	150	2	0	593	742	150	1	1.36e-68	267
NC_011593.1:2598858-2601929	NB551033:76:HLGC3BGX5:1:23108:16537:10403:94#0/1	98.667	150	2	0	2870	3019	1	150	1.36e-68	267
NC_011593.1:2598858-2601929	NB551033:76:HLGC3BGX5:3:22503:14874:1640:94#0/2	98.658	149	2	0	2458	2606	149	1	4.91e-68	265
NC_011593.1:2598858-2601929	NB551033:76:HLGC3BGX5:1:13202:16600:10743:94#0/2	98.658	149	2	0	2063	2211	1	149	4.91e-68	265
NC_011593.1:2598858-2601929	NB551033:76:HLGC3BGX5:1:13202:16600:10743:94#0/1	100.000	143	0	0	2161	2303	143	1	4.91e-68	265
NC_011593.1:2598858-2601929	NB551033:76:HLGC3BGX5:3:21512:5656:2541:94#0/2	98.013	151	3	0	1112	1262	151	1	1.77e-67	263
NC_011593.1:2598858-2601929	NB551033:76:HLGC3BGX5:3:12607:24105:10353:94#0/2	98.649	148	2	0	2489	2636	1	148	1.77e-67	263
NC_011593.1:2598858-2601929	NB551033:76:HLGC3BGX5:2:12310:16735:10271:94#0/2	98.013	151	3	0	1145	1295	151	1	1.77e-67	263
NC_011593.1:2598858-2601929	NB551033:76:HLGC3BGX5:1:23302:6883:19270:94#0/2	99.310	145	1	0	1	145	145	1	1.77e-67	263
NC_011593.1:2598858-2601929	NB551033:76:HLGC3BGX5:1:22202:21952:12419:94#0/2	98.013	151	3	0	1352	1502	151	1	1.77e-67	263
NC_011593.1:2598858-2601929	NB551033:76:HLGC3BGX5:1:13310:5142:11480:94#0/2	98.013	151	3	0	1293	1443	151	1	1.77e-67	263
NC_011593.1:2598858-2601929	NB551033:76:HLGC3BGX5:3:12607:24105:10353:94#0/1	98.649	148	2	0	2489	2636	148	1	1.77e-67	263
NC_011593.1:2598858-2601929	NB551033:76:HLGC3BGX5:2:12310:16735:10271:94#0/1	98.013	151	3	0	1126	1276	1	151	1.77e-67	263
NC_011593.1:2598858-2601929	NB551033:76:HLGC3BGX5:1:22202:21952:12419:94#0/1	98.013	151	3	0	1292	1442	1	151	1.77e-67	263
NC_011593.1:2598858-2601929	NB551033:76:HLGC3BGX5:1:21107:26691:3949:94#0/1	98.649	148	2	0	1835	1982	1	148	1.77e-67	263
NC_011593.1:2598858-2601929	NB551033:76:HLGC3BGX5:1:13310:5142:11480:94#0/1	98.013	151	3	0	1285	1435	1	151	1.77e-67	263
NC_011593.1:2598858-2601929	NB551033:76:HLGC3BGX5:1:11208:9204:5998:94#0/2	98.000	150	3	0	1092	1241	1	150	6.35e-67	261
NC_011593.1:2598858-2601929	NB551033:76:HLGC3BGX5:3:21512:5656:2541:94#0/1	98.000	150	3	0	1092	1241	1	150	6.35e-67	261
NC_011593.1:2598858-2601929	NB551033:76:HLGC3BGX5:2:21203:6057:15892:94#0/1	98.000	150	3	0	1114	1263	150	1	6.35e-67	261
NC_011593.1:2598858-2601929	NB551033:76:HLGC3BGX5:1:23302:6883:19270:94#0/1	99.306	144	1	0	1	144	8	151	6.35e-67	261
NC_011593.1:2598858-2601929	NB551033:76:HLGC3BGX5:4:12406:18246:11463:94#0/2	98.630	146	2	0	1387	1532	146	1	2.28e-66	259
NC_011593.1:2598858-2601929	NB551033:76:HLGC3BGX5:2:23308:4441:9607:94#0/1	97.351	151	4	0	1221	1371	151	1	8.21e-66	257
NC_011593.1:2598858-2601929	NB551033:76:HLGC3BGX5:1:21106:1165:3947:94#0/1	97.973	148	3	0	1835	1982	1	148	8.21e-66	257
NC_011593.1:2598858-2601929	NB551033:76:HLGC3BGX5:1:11208:9204:5998:94#0/1	97.351	151	4	0	1221	1371	151	1	8.21e-66	257
NC_011593.1:2598858-2601929	NB551033:76:HLGC3BGX5:1:11202:5790:9825:94#0/1	97.351	151	4	0	2104	2254	1	151	8.21e-66	257
NC_011593.1:2598858-2601929	NB551033:76:HLGC3BGX5:2:11207:11452:8180:94#0/2	97.333	150	4	0	800	949	1	150	2.95e-65	255
NC_011593.1:2598858-2601929	NB551033:76:HLGC3BGX5:2:12302:10874:7749:94#0/1	97.333	150	4	0	1437	1586	1	150	2.95e-65	255
NC_011593.1:2598858-2601929	NB551033:76:HLGC3BGX5:2:11303:25710:15666:94#0/1	97.333	150	4	0	2644	2793	150	1	2.95e-65	255
NC_011593.1:2598858-2601929	NB551033:76:HLGC3BGX5:3:11511:20671:15809:94#0/1	100.000	137	0	0	1650	1786	1	137	1.06e-64	254
NC_011593.1:2598858-2601929	NB551033:76:HLGC3BGX5:3:22506:13911:7992:94#0/2	96.689	151	5	0	540	690	151	1	3.82e-64	252
NC_011593.1:2598858-2601929	NB551033:76:HLGC3BGX5:2:11206:15185:6332:94#0/2	96.689	151	5	0	540	690	151	1	3.82e-64	252
NC_011593.1:2598858-2601929	NB551033:76:HLGC3BGX5:1:12110:6549:7644:94#0/1	96.689	151	5	0	543	693	151	1	3.82e-64	252
NC_011593.1:2598858-2601929	NB551033:76:HLGC3BGX5:3:22502:15014:6284:94#0/2	97.279	147	4	0	2576	2722	1	147	1.37e-63	250
NC_011593.1:2598858-2601929	NB551033:76:HLGC3BGX5:3:13412:15848:12722:94#0/2	100.000	135	0	0	175	309	135	1	1.37e-63	250
NC_011593.1:2598858-2601929	NB551033:76:HLGC3BGX5:3:11511:20671:15809:94#0/2	98.582	141	2	0	2060	2200	141	1	1.37e-63	250
NC_011593.1:2598858-2601929	NB551033:76:HLGC3BGX5:4:12407:5901:9120:94#0/2	99.270	137	1	0	351	487	137	1	4.94e-63	248
NC_011593.1:2598858-2601929	NB551033:76:HLGC3BGX5:4:12407:5901:9120:94#0/1	99.270	137	1	0	351	487	1	137	4.94e-63	248
NC_011593.1:2598858-2601929	NB551033:76:HLGC3BGX5:1:22302:25692:8120:94#0/2	98.561	139	2	0	29	167	139	1	1.78e-62	246
NC_011593.1:2598858-2601929	NB551033:76:HLGC3BGX5:2:23208:8371:12381:94#0/1	96.000	150	6	0	522	671	1	150	6.39e-62	244
NC_011593.1:2598858-2601929	NB551033:76:HLGC3BGX5:3:22511:19562:6689:94#0/1	98.529	136	2	0	2743	2878	136	1	8.27e-61	241
NC_011593.1:2598858-2601929	NB551033:76:HLGC3BGX5:3:22502:15014:6284:94#0/1	98.519	135	2	0	2815	2949	135	1	2.97e-60	239
NC_011593.1:2598858-2601929	NB551033:76:HLGC3BGX5:2:22306:11755:18480:94#0/1	97.826	138	3	0	2935	3072	150	13	2.97e-60	239
NC_011593.1:2598858-2601929	NB551033:76:HLGC3BGX5:1:12110:20304:5020:94#0/1	99.242	132	1	0	2236	2367	1	132	2.97e-60	239
NC_011593.1:2598858-2601929	NB551033:76:HLGC3BGX5:2:13208:3174:18475:94#0/2	95.302	149	7	0	475	623	1	149	1.07e-59	237
NC_011593.1:2598858-2601929	NB551033:76:HLGC3BGX5:1:21107:26691:3949:94#0/2	100.000	126	0	0	1963	2088	126	1	1.38e-58	233
NC_011593.1:2598858-2601929	NB551033:76:HLGC3BGX5:1:21106:1165:3947:94#0/2	100.000	126	0	0	1963	2088	126	1	1.38e-58	233
NC_011593.1:2598858-2601929	NB551033:76:HLGC3BGX5:1:23304:12667:16006:94#0/2	99.187	123	1	0	1	123	123	1	3.00e-55	222
NC_011593.1:2598858-2601929	NB551033:76:HLGC3BGX5:4:22607:4064:14513:94#0/2	99.180	122	1	0	1	122	122	1	1.08e-54	220
NC_011593.1:2598858-2601929	NB551033:76:HLGC3BGX5:2:22107:11432:10069:94#0/2	100.000	118	0	0	2187	2304	1	118	3.88e-54	219
NC_011593.1:2598858-2601929	NB551033:76:HLGC3BGX5:2:22107:11432:10069:94#0/1	100.000	118	0	0	2187	2304	118	1	3.88e-54	219
NC_011593.1:2598858-2601929	NB551033:76:HLGC3BGX5:4:22411:20803:8528:94#0/2	100.000	117	0	0	1747	1863	1	117	1.39e-53	217
NC_011593.1:2598858-2601929	NB551033:76:HLGC3BGX5:4:22411:20803:8528:94#0/1	100.000	117	0	0	1747	1863	117	1	1.39e-53	217
NC_011593.1:2598858-2601929	NB551033:76:HLGC3BGX5:3:13508:22955:8667:94#0/2	98.333	120	2	0	2267	2386	120	1	6.48e-52	211
NC_011593.1:2598858-2601929	NB551033:76:HLGC3BGX5:4:23504:13698:2316:94#0/2	97.500	120	3	0	1140	1259	120	1	3.02e-50	206
NC_011593.1:2598858-2601929	NB551033:76:HLGC3BGX5:1:11312:4477:6234:94#0/2	97.500	120	3	0	1140	1259	120	1	3.02e-50	206
NC_011593.1:2598858-2601929	NB551033:76:HLGC3BGX5:1:11206:13063:7037:94#0/2	98.291	117	2	0	1391	1507	1	117	3.02e-50	206
NC_011593.1:2598858-2601929	NB551033:76:HLGC3BGX5:4:23504:13698:2316:94#0/1	97.500	120	3	0	1140	1259	1	120	3.02e-50	206
NC_011593.1:2598858-2601929	NB551033:76:HLGC3BGX5:1:11312:4477:6234:94#0/1	97.500	120	3	0	1140	1259	1	120	3.02e-50	206
NC_011593.1:2598858-2601929	NB551033:76:HLGC3BGX5:1:11206:13063:7037:94#0/1	98.291	117	2	0	1391	1507	117	1	3.02e-50	206
NC_011593.1:2598858-2601929	NB551033:76:HLGC3BGX5:3:23610:24829:4689:94#0/2	100.000	110	0	0	1981	2090	110	1	1.09e-49	204
NC_011593.1:2598858-2601929	NB551033:76:HLGC3BGX5:1:22106:7530:11714:94#0/2	99.107	112	1	0	2264	2375	112	1	3.90e-49	202
NC_011593.1:2598858-2601929	NB551033:76:HLGC3BGX5:2:22107:9373:10242:94#0/2	96.667	120	4	0	2638	2757	1	120	1.40e-48	200
NC_011593.1:2598858-2601929	NB551033:76:HLGC3BGX5:2:22107:9373:10242:94#0/1	96.667	120	4	0	2638	2757	120	1	1.40e-48	200
NC_011593.1:2598858-2601929	NB551033:76:HLGC3BGX5:4:22604:8291:14773:94#0/2	98.230	113	2	0	1444	1556	1	113	5.05e-48	198
NC_011593.1:2598858-2601929	NB551033:76:HLGC3BGX5:3:22609:23539:15545:94#0/2	98.230	113	2	0	1277	1389	113	1	5.05e-48	198
NC_011593.1:2598858-2601929	NB551033:76:HLGC3BGX5:2:21205:8052:16263:94#0/2	98.230	113	2	0	1499	1611	1	113	5.05e-48	198
NC_011593.1:2598858-2601929	NB551033:76:HLGC3BGX5:4:23506:6976:15456:94#0/1	95.200	125	6	0	506	630	125	1	5.05e-48	198
NC_011593.1:2598858-2601929	NB551033:76:HLGC3BGX5:3:22609:23539:15545:94#0/1	98.230	113	2	0	1277	1389	1	113	5.05e-48	198
NC_011593.1:2598858-2601929	NB551033:76:HLGC3BGX5:2:21205:8052:16263:94#0/1	98.230	113	2	0	1499	1611	113	1	5.05e-48	198
NC_011593.1:2598858-2601929	NB551033:76:HLGC3BGX5:4:12405:1396:10254:94#0/2	100.000	106	0	0	1596	1701	106	1	1.82e-47	196
NC_011593.1:2598858-2601929	NB551033:76:HLGC3BGX5:4:12405:1396:10254:94#0/1	100.000	106	0	0	1596	1701	1	106	1.82e-47	196
NC_011593.1:2598858-2601929	NB551033:76:HLGC3BGX5:2:11106:2612:7839:94#0/2	97.345	113	3	0	2088	2200	113	1	2.35e-46	193
NC_011593.1:2598858-2601929	NB551033:76:HLGC3BGX5:4:12604:22128:4343:94#0/2	99.038	104	1	0	137	240	104	1	1.09e-44	187
NC_011593.1:2598858-2601929	NB551033:76:HLGC3BGX5:4:12604:22128:4343:94#0/1	99.038	104	1	0	137	240	1	104	1.09e-44	187
NC_011593.1:2598858-2601929	NB551033:76:HLGC3BGX5:1:22103:5486:1664:94#0/1	97.248	109	3	0	2964	3072	150	42	3.93e-44	185
NC_011593.1:2598858-2601929	NB551033:76:HLGC3BGX5:3:11511:17271:5015:94#0/2	97.170	106	3	0	2555	2660	1	106	1.83e-42	180
NC_011593.1:2598858-2601929	NB551033:76:HLGC3BGX5:3:23610:24829:4689:94#0/1	100.000	97	0	0	1981	2077	1	97	1.83e-42	180
NC_011593.1:2598858-2601929	NB551033:76:HLGC3BGX5:3:11511:17271:5015:94#0/1	97.170	106	3	0	2555	2660	106	1	1.83e-42	180
NC_011593.1:2598858-2601929	NB551033:76:HLGC3BGX5:2:12308:2836:14515:94#0/1	97.170	106	3	0	2967	3072	1	106	1.83e-42	180
NC_011593.1:2598858-2601929	NB551033:76:HLGC3BGX5:2:11106:2612:7839:94#0/1	100.000	97	0	0	1650	1746	1	97	1.83e-42	180
NC_011593.1:2598858-2601929	NB551033:76:HLGC3BGX5:3:11512:7104:2982:94#0/2	98.039	102	2	0	2550	2651	1	102	6.58e-42	178
NC_011593.1:2598858-2601929	NB551033:76:HLGC3BGX5:3:11512:7104:2982:94#0/1	98.020	101	2	0	2551	2651	101	1	2.37e-41	176
NC_011593.1:2598858-2601929	NB551033:76:HLGC3BGX5:3:13508:22955:8667:94#0/1	100.000	90	0	0	2202	2291	1	90	1.42e-38	167
NC_011593.1:2598858-2601929	NB551033:76:HLGC3BGX5:2:21301:3068:17945:94#0/2	97.895	95	2	0	2386	2480	95	1	5.12e-38	165
NC_011593.1:2598858-2601929	NB551033:76:HLGC3BGX5:2:21301:3068:17945:94#0/1	100.000	89	0	0	2255	2343	1	89	5.12e-38	165
NC_011593.1:2598858-2601929	NB551033:76:HLGC3BGX5:3:13506:16584:12665:94#0/2	98.901	91	1	0	1381	1471	91	1	1.84e-37	163
NC_011593.1:2598858-2601929	NB551033:76:HLGC3BGX5:3:13506:16584:12665:94#0/1	98.901	91	1	0	1381	1471	1	91	1.84e-37	163
NC_011593.1:2598858-2601929	NB551033:76:HLGC3BGX5:4:12606:2394:11810:94#0/2	96.875	96	3	0	535	630	96	1	6.62e-37	161
NC_011593.1:2598858-2601929	NB551033:76:HLGC3BGX5:3:23401:8358:6105:94#0/2	96.875	96	3	0	535	630	96	1	6.62e-37	161
NC_011593.1:2598858-2601929	NB551033:76:HLGC3BGX5:4:12606:2394:11810:94#0/1	96.875	96	3	0	535	630	1	96	6.62e-37	161
NC_011593.1:2598858-2601929	NB551033:76:HLGC3BGX5:3:23401:8358:6105:94#0/1	96.875	96	3	0	535	630	1	96	6.62e-37	161
NC_011593.1:2598858-2601929	NB551033:76:HLGC3BGX5:3:22405:8942:16691:94#0/2	100.000	85	0	0	1	85	85	1	8.57e-36	158
NC_011593.1:2598858-2601929	NB551033:76:HLGC3BGX5:3:21406:5709:19038:94#0/2	100.000	85	0	0	2741	2825	85	1	8.57e-36	158
NC_011593.1:2598858-2601929	NB551033:76:HLGC3BGX5:4:12402:7000:6823:94#0/1	98.864	88	1	0	1599	1686	1	88	8.57e-36	158
NC_011593.1:2598858-2601929	NB551033:76:HLGC3BGX5:3:12409:18677:19662:94#0/2	98.851	87	1	0	2501	2587	87	1	3.08e-35	156
NC_011593.1:2598858-2601929	NB551033:76:HLGC3BGX5:3:21406:5709:19038:94#0/1	100.000	84	0	0	2741	2824	1	84	3.08e-35	156
NC_011593.1:2598858-2601929	NB551033:76:HLGC3BGX5:3:12409:18677:19662:94#0/1	98.851	87	1	0	2501	2587	1	87	3.08e-35	156
NC_011593.1:2598858-2601929	NB551033:76:HLGC3BGX5:3:21508:21008:12169:94#0/2	97.753	89	2	0	1287	1375	89	1	1.11e-34	154
NC_011593.1:2598858-2601929	NB551033:76:HLGC3BGX5:3:13609:17408:10979:94#0/2	98.837	86	1	0	1331	1416	1	86	1.11e-34	154
NC_011593.1:2598858-2601929	NB551033:76:HLGC3BGX5:3:21508:21008:12169:94#0/1	97.753	89	2	0	1287	1375	1	89	1.11e-34	154
NC_011593.1:2598858-2601929	NB551033:76:HLGC3BGX5:3:13609:17408:10979:94#0/1	98.837	86	1	0	1331	1416	86	1	1.11e-34	154
NC_011593.1:2598858-2601929	NB551033:76:HLGC3BGX5:3:12501:19398:13891:94#0/2	97.727	88	2	0	1217	1304	1	88	3.99e-34	152
NC_011593.1:2598858-2601929	NB551033:76:HLGC3BGX5:3:12501:19398:13891:94#0/1	96.703	91	3	0	1217	1307	91	1	3.99e-34	152
NC_011593.1:2598858-2601929	NB551033:76:HLGC3BGX5:2:13301:20573:6080:94#0/2	98.795	83	1	0	680	762	83	1	5.16e-33	148
NC_011593.1:2598858-2601929	NB551033:76:HLGC3BGX5:2:13301:20573:6080:94#0/1	98.795	83	1	0	680	762	1	83	5.16e-33	148
NC_011593.1:2598858-2601929	NB551033:76:HLGC3BGX5:1:12301:11624:11697:94#0/2	97.590	83	2	0	2513	2595	83	1	2.40e-31	143
NC_011593.1:2598858-2601929	NB551033:76:HLGC3BGX5:1:12106:14579:16496:94#0/2	100.000	77	0	0	1601	1677	77	1	2.40e-31	143
NC_011593.1:2598858-2601929	NB551033:76:HLGC3BGX5:1:23112:5436:8083:94#0/1	98.750	80	1	0	1154	1233	1	80	2.40e-31	143
NC_011593.1:2598858-2601929	NB551033:76:HLGC3BGX5:1:12301:11624:11697:94#0/1	97.590	83	2	0	2513	2595	1	83	2.40e-31	143
NC_011593.1:2598858-2601929	NB551033:76:HLGC3BGX5:1:12106:14579:16496:94#0/1	100.000	77	0	0	1601	1677	1	77	2.40e-31	143
NC_011593.1:2598858-2601929	NB551033:76:HLGC3BGX5:1:11107:8025:7225:94#0/2	95.455	88	4	0	521	608	88	1	8.63e-31	141
NC_011593.1:2598858-2601929	NB551033:76:HLGC3BGX5:1:11107:8025:7225:94#0/1	95.455	88	4	0	521	608	1	88	8.63e-31	141
NC_011593.1:2598858-2601929	NB551033:76:HLGC3BGX5:4:11505:21342:16217:94#0/2	98.701	77	1	0	1410	1486	1	77	1.12e-29	137
NC_011593.1:2598858-2601929	NB551033:76:HLGC3BGX5:2:21211:20136:18501:94#0/2	97.436	78	2	0	455	532	81	4	1.44e-28	134
NC_011593.1:2598858-2601929	NB551033:76:HLGC3BGX5:1:22302:25692:8120:94#0/1	100.000	70	0	0	1	70	82	151	1.87e-27	130
NC_011593.1:2598858-2601929	NB551033:76:HLGC3BGX5:2:21202:22833:12727:94#0/2	95.000	80	4	0	2993	3072	150	71	2.42e-26	126
NC_011593.1:2598858-2601929	NB551033:76:HLGC3BGX5:4:11603:23964:15151:94#0/2	100.000	67	0	0	1	67	25	91	8.69e-26	124
NC_011593.1:2598858-2601929	NB551033:76:HLGC3BGX5:2:23206:14887:3949:94#0/2	100.000	67	0	0	1	67	67	1	8.69e-26	124
NC_011593.1:2598858-2601929	NB551033:76:HLGC3BGX5:4:11603:23964:15151:94#0/1	100.000	67	0	0	1	67	67	1	8.69e-26	124
NC_011593.1:2598858-2601929	NB551033:76:HLGC3BGX5:4:12603:20453:13677:94#0/2	96.970	66	2	0	3007	3072	2	67	6.77e-22	111
NC_011593.1:2598858-2601929	NB551033:76:HLGC3BGX5:1:11201:15863:1698:94#0/2	96.875	64	2	0	3009	3072	1	64	8.75e-21	108
NC_011593.1:2598858-2601929	NB551033:76:HLGC3BGX5:3:12609:23724:13573:94#0/2	96.552	58	2	0	3015	3072	1	58	1.89e-17	97.1
NC_011593.1:2598858-2601929	NB551033:76:HLGC3BGX5:2:22303:2882:6108:94#0/1	96.552	58	2	0	3015	3072	1	58	1.89e-17	97.1
NC_011593.1:2598858-2601929	NB551033:76:HLGC3BGX5:3:12406:20785:15459:94#0/1	96.491	57	2	0	3016	3072	150	94	6.81e-17	95.3
NC_011593.1:2598858-2601929	NB551033:76:HLGC3BGX5:4:21505:9412:8944:94#0/1	96.429	56	2	0	3017	3072	1	56	2.45e-16	93.5
NC_011593.1:2598858-2601929	NB551033:76:HLGC3BGX5:3:22503:10791:1064:94#0/2	98.039	51	1	0	619	669	5	55	3.17e-15	89.8
NC_011593.1:2598858-2601929	NB551033:76:HLGC3BGX5:4:23402:14099:11370:94#0/1	100.000	30	0	0	640	669	1	30	3.22e-05	56.5
NC_011593.1:2598858-2601929	NB551033:76:HLGC3BGX5:3:13510:14862:17708:94#0/1	100.000	28	0	0	1028	1055	120	147	4.16e-04	52.8
# BLASTN 2.9.0+
# Query: NC_011593.1:c2604454-2602106 Bifidobacterium longum subsp. infantis ATCC 15697, complete genome
# Database: db/blast_C0516_1F_2B_S94.faa
# 0 hits found
# BLASTN 2.9.0+
# Query: NC_011593.1:c2605922-2604486 Bifidobacterium longum subsp. infantis ATCC 15697, complete genome
# Database: db/blast_C0516_1F_2B_S94.faa
# 0 hits found
# BLASTN 2.9.0+
# Query: NC_011593.1:c2606381-2605944 Bifidobacterium longum subsp. infantis ATCC 15697, complete genome
# Database: db/blast_C0516_1F_2B_S94.faa
# 0 hits found
# BLASTN 2.9.0+
# Query: NC_011593.1:c2607314-2606418 Bifidobacterium longum subsp. infantis ATCC 15697, complete genome
# Database: db/blast_C0516_1F_2B_S94.faa
# 0 hits found
# BLASTN 2.9.0+
# Query: NC_011593.1:c2608249-2607458 Bifidobacterium longum subsp. infantis ATCC 15697, complete genome
# Database: db/blast_C0516_1F_2B_S94.faa
# 0 hits found
# BLASTN 2.9.0+
# Query: NC_011593.1:c2609546-2608269 Bifidobacterium longum subsp. infantis ATCC 15697, complete genome
# Database: db/blast_C0516_1F_2B_S94.faa
# Fields: query acc.ver, subject acc.ver, % identity, alignment length, mismatches, gap opens, q. start, q. end, s. start, s. end, evalue, bit score
# 7 hits found
NC_011593.1:c2609546-2608269	NB551033:76:HLGC3BGX5:1:23311:12224:12024:94#0/2	96.610	59	2	0	286	344	110	52	2.18e-18	99.0
NC_011593.1:c2609546-2608269	NB551033:76:HLGC3BGX5:1:23311:12224:12024:94#0/1	95.161	62	3	0	283	344	3	64	2.18e-18	99.0
NC_011593.1:c2609546-2608269	NB551033:76:HLGC3BGX5:3:13401:20356:13283:94#0/1	96.429	56	2	0	289	344	150	95	1.02e-16	93.5
NC_011593.1:c2609546-2608269	NB551033:76:HLGC3BGX5:1:21303:10214:10286:94#0/2	96.296	54	2	0	291	344	1	54	1.31e-15	89.8
NC_011593.1:c2609546-2608269	NB551033:76:HLGC3BGX5:1:12210:12297:10590:94#0/2	96.296	54	2	0	291	344	1	54	1.31e-15	89.8
NC_011593.1:c2609546-2608269	NB551033:76:HLGC3BGX5:1:12210:12297:10590:94#0/1	96.296	54	2	0	291	344	129	76	1.31e-15	89.8
NC_011593.1:c2609546-2608269	NB551033:76:HLGC3BGX5:2:21309:10575:10820:94#0/1	95.349	43	2	0	302	344	1	43	1.71e-09	69.4
# BLASTN 2.9.0+
# Query: NC_011593.1:c2610356-2609697 Bifidobacterium longum subsp. infantis ATCC 15697, complete genome
# Database: db/blast_C0516_1F_2B_S94.faa
# 0 hits found
# BLASTN 2.9.0+
# Query: NC_011593.1:c2611458-2610496 Bifidobacterium longum subsp. infantis ATCC 15697, complete genome
# Database: db/blast_C0516_1F_2B_S94.faa
# 0 hits found
# BLASTN 2.9.0+
# Query: NC_011593.1:c2612430-2611477 Bifidobacterium longum subsp. infantis ATCC 15697, complete genome
# Database: db/blast_C0516_1F_2B_S94.faa
# 0 hits found
# BLASTN 2.9.0+
# Query: NC_011593.1:c2614109-2612517 Bifidobacterium longum subsp. infantis ATCC 15697, complete genome
# Database: db/blast_C0516_1F_2B_S94.faa
# 0 hits found
# BLASTN 2.9.0+
# Query: NC_011593.1:c2615274-2614312 Bifidobacterium longum subsp. infantis ATCC 15697, complete genome
# Database: db/blast_C0516_1F_2B_S94.faa
# 0 hits found
# BLASTN 2.9.0+
# Query: NC_011593.1:c2616246-2615293 Bifidobacterium longum subsp. infantis ATCC 15697, complete genome
# Database: db/blast_C0516_1F_2B_S94.faa
# 0 hits found
# BLASTN 2.9.0+
# Query: NC_011593.1:c2617928-2616333 Bifidobacterium longum subsp. infantis ATCC 15697, complete genome
# Database: db/blast_C0516_1F_2B_S94.faa
# Fields: query acc.ver, subject acc.ver, % identity, alignment length, mismatches, gap opens, q. start, q. end, s. start, s. end, evalue, bit score
# 1 hits found
NC_011593.1:c2617928-2616333	NB551033:76:HLGC3BGX5:1:13311:10255:19227:94#0/1	100.000	35	0	0	493	527	106	140	2.75e-08	65.8
# BLASTN 2.9.0+
# Query: NC_011593.1:c2619247-2618063 Bifidobacterium longum subsp. infantis ATCC 15697, complete genome
# Database: db/blast_C0516_1F_2B_S94.faa
# 0 hits found
# BLASTN 2.9.0+
# Query: NC_011593.1:c2620369-2619413 Bifidobacterium longum subsp. infantis ATCC 15697, complete genome
# Database: db/blast_C0516_1F_2B_S94.faa
# 0 hits found
# BLASTN 2.9.0+
# Query: NC_011593.1:c2622143-2620551 Bifidobacterium longum subsp. infantis ATCC 15697, complete genome
# Database: db/blast_C0516_1F_2B_S94.faa
# 0 hits found
# BLASTN 2.9.0+
# Query: NC_011593.1:c2624124-2622520 Bifidobacterium longum subsp. infantis ATCC 15697, complete genome
# Database: db/blast_C0516_1F_2B_S94.faa
# 0 hits found
# BLASTN 2.9.0+
# Query: NC_011593.1:c2626110-2624512 Bifidobacterium longum subsp. infantis ATCC 15697, complete genome
# Database: db/blast_C0516_1F_2B_S94.faa
# Fields: query acc.ver, subject acc.ver, % identity, alignment length, mismatches, gap opens, q. start, q. end, s. start, s. end, evalue, bit score
# 1 hits found
NC_011593.1:c2626110-2624512	NB551033:76:HLGC3BGX5:1:22107:15809:9205:94#0/2	100.000	30	0	0	1555	1584	56	85	1.66e-05	56.5
# BLASTN 2.9.0+
# Query: NC_011593.1:c2626386-2626264 Bifidobacterium longum subsp. infantis ATCC 15697, complete genome
# Database: db/blast_C0516_1F_2B_S94.faa
# 0 hits found
# BLASTN 2.9.0+
# Query: NC_011593.1:c2628158-2626563 Bifidobacterium longum subsp. infantis ATCC 15697, complete genome
# Database: db/blast_C0516_1F_2B_S94.faa
# 0 hits found
# BLASTN 2.9.0+
# Query: NC_011593.1:c2630269-2628314 Bifidobacterium longum subsp. infantis ATCC 15697, complete genome
# Database: db/blast_C0516_1F_2B_S94.faa
# 0 hits found
# BLASTN 2.9.0+
# Query: NC_011593.1:c2631106-2630366 Bifidobacterium longum subsp. infantis ATCC 15697, complete genome
# Database: db/blast_C0516_1F_2B_S94.faa
# 0 hits found
# BLASTN 2.9.0+
# Query: NC_011593.1:c2632432-2631140 Bifidobacterium longum subsp. infantis ATCC 15697, complete genome
# Database: db/blast_C0516_1F_2B_S94.faa
# 0 hits found
# BLASTN 2.9.0+
# Query: NC_011593.1:c2633881-2632562 Bifidobacterium longum subsp. infantis ATCC 15697, complete genome
# Database: db/blast_C0516_1F_2B_S94.faa
# 0 hits found
# BLASTN 2.9.0+
# Query: NC_011593.1:c2634683-2633865 Bifidobacterium longum subsp. infantis ATCC 15697, complete genome
# Database: db/blast_C0516_1F_2B_S94.faa
# 0 hits found
# BLASTN 2.9.0+
# Query: NC_011593.1:c2635627-2634680 Bifidobacterium longum subsp. infantis ATCC 15697, complete genome
# Database: db/blast_C0516_1F_2B_S94.faa
# 0 hits found
# BLASTN 2.9.0+
# Query: NC_011593.1:c2636747-2635629 Bifidobacterium longum subsp. infantis ATCC 15697, complete genome
# Database: db/blast_C0516_1F_2B_S94.faa
# 0 hits found
# BLAST processed 31 queries
