# BLASTN 2.9.0+
# Query: NC_011593.1:c2595355-2593832 Bifidobacterium longum subsp. infantis ATCC 15697, complete genome
# Database: db/blast_C0511-2F-1A_S58.faa
# Fields: query acc.ver, subject acc.ver, % identity, alignment length, mismatches, gap opens, q. start, q. end, s. start, s. end, evalue, bit score
# 73 hits found
NC_011593.1:c2595355-2593832	NB551033:131:HK2T7BGX9:3:22610:3283:15123#0/2	99.333	150	1	0	366	515	1	150	1.16e-70	272
NC_011593.1:c2595355-2593832	NB551033:131:HK2T7BGX9:3:21403:10076:4618#0/2	99.333	150	1	0	989	1138	150	1	1.16e-70	272
NC_011593.1:c2595355-2593832	NB551033:131:HK2T7BGX9:1:23111:25471:17971#0/2	99.333	150	1	0	932	1081	150	1	1.16e-70	272
NC_011593.1:c2595355-2593832	NB551033:131:HK2T7BGX9:1:22302:12565:10968#0/2	99.333	150	1	0	355	504	150	1	1.16e-70	272
NC_011593.1:c2595355-2593832	NB551033:131:HK2T7BGX9:3:21403:10076:4618#0/1	99.333	150	1	0	949	1098	1	150	1.16e-70	272
NC_011593.1:c2595355-2593832	NB551033:131:HK2T7BGX9:1:12104:7464:10457#0/2	99.329	149	1	0	964	1112	151	3	4.16e-70	270
NC_011593.1:c2595355-2593832	NB551033:131:HK2T7BGX9:4:23408:15232:7377#0/2	98.675	151	2	0	502	652	1	151	1.50e-69	268
NC_011593.1:c2595355-2593832	NB551033:131:HK2T7BGX9:4:23509:24496:4402#0/1	98.675	151	2	0	500	650	1	151	1.50e-69	268
NC_011593.1:c2595355-2593832	NB551033:131:HK2T7BGX9:4:23408:15232:7377#0/1	98.675	151	2	0	524	674	151	1	1.50e-69	268
NC_011593.1:c2595355-2593832	NB551033:131:HK2T7BGX9:2:13212:5358:18653#0/1	98.675	151	2	0	1021	1171	1	151	1.50e-69	268
NC_011593.1:c2595355-2593832	NB551033:131:HK2T7BGX9:4:23603:4612:18404#0/2	98.667	150	2	0	896	1045	150	1	5.38e-69	267
NC_011593.1:c2595355-2593832	NB551033:131:HK2T7BGX9:4:23508:6805:12676#0/2	98.667	150	2	0	938	1087	1	150	5.38e-69	267
NC_011593.1:c2595355-2593832	NB551033:131:HK2T7BGX9:4:22511:14625:2748#0/1	98.667	150	2	0	462	611	150	1	5.38e-69	267
NC_011593.1:c2595355-2593832	NB551033:131:HK2T7BGX9:3:22610:3283:15123#0/1	98.667	150	2	0	383	532	150	1	5.38e-69	267
NC_011593.1:c2595355-2593832	NB551033:131:HK2T7BGX9:2:13101:18773:1369#0/1	98.667	150	2	0	529	678	1	150	5.38e-69	267
NC_011593.1:c2595355-2593832	NB551033:131:HK2T7BGX9:4:12610:8124:13147#0/2	98.649	148	2	0	531	678	150	3	6.96e-68	263
NC_011593.1:c2595355-2593832	NB551033:131:HK2T7BGX9:3:12606:15570:3838#0/2	98.013	151	3	0	1125	1275	151	1	6.96e-68	263
NC_011593.1:c2595355-2593832	NB551033:131:HK2T7BGX9:2:23301:22465:8220#0/2	98.013	151	3	0	699	849	1	151	6.96e-68	263
NC_011593.1:c2595355-2593832	NB551033:131:HK2T7BGX9:1:13211:14835:3677#0/1	98.013	151	3	0	1048	1198	151	1	6.96e-68	263
NC_011593.1:c2595355-2593832	NB551033:131:HK2T7BGX9:4:23508:6805:12676#0/1	98.000	150	3	0	1037	1186	150	1	2.50e-67	261
NC_011593.1:c2595355-2593832	NB551033:131:HK2T7BGX9:1:12104:7464:10457#0/1	98.000	150	3	0	796	945	1	150	2.50e-67	261
NC_011593.1:c2595355-2593832	NB551033:131:HK2T7BGX9:4:23603:4612:18404#0/1	97.987	149	3	0	886	1034	1	149	9.00e-67	259
NC_011593.1:c2595355-2593832	NB551033:131:HK2T7BGX9:4:23401:1659:2006#0/1	97.973	148	3	0	557	704	1	148	3.24e-66	257
NC_011593.1:c2595355-2593832	NB551033:131:HK2T7BGX9:4:22405:18417:2158#0/1	97.351	151	4	0	81	231	151	1	3.24e-66	257
NC_011593.1:c2595355-2593832	NB551033:131:HK2T7BGX9:3:11606:13504:3122#0/2	97.333	150	4	0	1258	1407	1	150	1.16e-65	255
NC_011593.1:c2595355-2593832	NB551033:131:HK2T7BGX9:1:13211:14835:3677#0/2	97.333	150	4	0	869	1018	1	150	1.16e-65	255
NC_011593.1:c2595355-2593832	NB551033:131:HK2T7BGX9:2:23301:22465:8220#0/1	97.333	150	4	0	830	979	150	1	1.16e-65	255
NC_011593.1:c2595355-2593832	NB551033:131:HK2T7BGX9:4:21608:21772:16807#0/1	97.315	149	4	0	182	330	150	2	4.19e-65	254
NC_011593.1:c2595355-2593832	NB551033:131:HK2T7BGX9:4:23509:24496:4402#0/2	96.689	151	5	0	585	735	151	1	1.51e-64	252
NC_011593.1:c2595355-2593832	NB551033:131:HK2T7BGX9:4:21410:8393:13159#0/2	96.689	151	5	0	194	344	1	151	1.51e-64	252
NC_011593.1:c2595355-2593832	NB551033:131:HK2T7BGX9:2:23209:19709:1542#0/2	96.667	150	5	0	1282	1431	1	150	5.42e-64	250
NC_011593.1:c2595355-2593832	NB551033:131:HK2T7BGX9:2:13101:18773:1369#0/2	96.667	150	5	0	579	728	150	1	5.42e-64	250
NC_011593.1:c2595355-2593832	NB551033:131:HK2T7BGX9:2:23209:19709:1542#0/1	96.644	149	5	0	1282	1430	149	1	1.95e-63	248
NC_011593.1:c2595355-2593832	NB551033:131:HK2T7BGX9:1:13304:4680:14793#0/1	96.644	149	5	0	616	764	149	1	1.95e-63	248
NC_011593.1:c2595355-2593832	NB551033:131:HK2T7BGX9:1:13304:4680:14793#0/2	96.000	150	6	0	585	734	1	150	2.52e-62	244
NC_011593.1:c2595355-2593832	NB551033:131:HK2T7BGX9:4:21410:8393:13159#0/1	96.000	150	6	0	304	453	150	1	2.52e-62	244
NC_011593.1:c2595355-2593832	NB551033:131:HK2T7BGX9:1:23101:15078:17402#0/1	96.599	147	5	0	1272	1418	149	3	2.52e-62	244
NC_011593.1:c2595355-2593832	NB551033:131:HK2T7BGX9:1:22302:12565:10968#0/1	96.000	150	6	0	303	452	1	150	2.52e-62	244
NC_011593.1:c2595355-2593832	NB551033:131:HK2T7BGX9:4:23401:1659:2006#0/2	95.973	149	6	0	616	764	149	1	9.06e-62	243
NC_011593.1:c2595355-2593832	NB551033:131:HK2T7BGX9:1:12203:2057:3057#0/2	95.333	150	7	0	24	173	150	1	1.17e-60	239
NC_011593.1:c2595355-2593832	NB551033:131:HK2T7BGX9:4:21608:21772:16807#0/2	97.122	139	4	0	129	267	1	139	1.52e-59	235
NC_011593.1:c2595355-2593832	NB551033:131:HK2T7BGX9:4:21612:23920:12813#0/2	97.761	134	3	0	1337	1470	1	134	1.96e-58	231
NC_011593.1:c2595355-2593832	NB551033:131:HK2T7BGX9:3:22511:17748:2704#0/1	95.000	140	7	0	670	809	140	1	4.25e-55	220
NC_011593.1:c2595355-2593832	NB551033:131:HK2T7BGX9:3:12606:15570:3838#0/1	97.656	128	3	0	1116	1243	1	128	4.25e-55	220
NC_011593.1:c2595355-2593832	NB551033:131:HK2T7BGX9:1:23101:15078:17402#0/2	97.638	127	3	0	1272	1398	1	127	1.53e-54	219
NC_011593.1:c2595355-2593832	NB551033:131:HK2T7BGX9:3:11606:13504:3122#0/1	97.619	126	3	0	1345	1470	151	26	5.49e-54	217
NC_011593.1:c2595355-2593832	NB551033:131:HK2T7BGX9:1:11207:8989:16256#0/2	99.160	119	1	0	356	474	119	1	1.98e-53	215
NC_011593.1:c2595355-2593832	NB551033:131:HK2T7BGX9:1:11207:8989:16256#0/1	99.160	119	1	0	356	474	1	119	1.98e-53	215
NC_011593.1:c2595355-2593832	NB551033:131:HK2T7BGX9:4:12610:8124:13147#0/1	98.261	115	2	0	455	569	1	115	1.54e-49	202
NC_011593.1:c2595355-2593832	NB551033:131:HK2T7BGX9:2:13212:5358:18653#0/2	96.667	120	4	0	1299	1418	122	3	5.53e-49	200
NC_011593.1:c2595355-2593832	NB551033:131:HK2T7BGX9:4:21612:23920:12813#0/1	97.436	117	3	0	1354	1470	151	35	5.53e-49	200
NC_011593.1:c2595355-2593832	NB551033:131:HK2T7BGX9:4:13604:6597:11148#0/1	95.935	123	5	0	707	829	1	123	5.53e-49	200
NC_011593.1:c2595355-2593832	NB551033:131:HK2T7BGX9:3:12508:11201:14599#0/2	96.610	118	4	0	692	809	118	1	7.16e-48	196
NC_011593.1:c2595355-2593832	NB551033:131:HK2T7BGX9:3:12508:11201:14599#0/1	96.610	118	4	0	692	809	1	118	7.16e-48	196
NC_011593.1:c2595355-2593832	NB551033:131:HK2T7BGX9:4:13604:6597:11148#0/2	96.522	115	4	0	715	829	115	1	3.33e-46	191
NC_011593.1:c2595355-2593832	NB551033:131:HK2T7BGX9:2:22111:10981:17401#0/2	98.165	109	2	0	99	207	1	109	3.33e-46	191
NC_011593.1:c2595355-2593832	NB551033:131:HK2T7BGX9:2:22111:10981:17401#0/1	98.165	109	2	0	99	207	109	1	3.33e-46	191
NC_011593.1:c2595355-2593832	NB551033:131:HK2T7BGX9:4:22511:14625:2748#0/2	98.148	108	2	0	460	567	1	108	1.20e-45	189
NC_011593.1:c2595355-2593832	NB551033:131:HK2T7BGX9:1:11209:15656:1780#0/2	97.248	109	3	0	821	929	109	1	1.55e-44	185
NC_011593.1:c2595355-2593832	NB551033:131:HK2T7BGX9:1:11209:15656:1780#0/1	97.248	109	3	0	821	929	1	109	1.55e-44	185
NC_011593.1:c2595355-2593832	NB551033:131:HK2T7BGX9:1:13311:6881:15513#0/2	97.170	106	3	0	704	809	106	1	7.21e-43	180
NC_011593.1:c2595355-2593832	NB551033:131:HK2T7BGX9:1:13311:6881:15513#0/1	97.170	106	3	0	704	809	1	106	7.21e-43	180
NC_011593.1:c2595355-2593832	NB551033:131:HK2T7BGX9:4:23507:23450:16060#0/2	97.143	105	3	0	1366	1470	125	21	2.59e-42	178
NC_011593.1:c2595355-2593832	NB551033:131:HK2T7BGX9:4:23507:23450:16060#0/1	97.143	105	3	0	1366	1470	1	105	2.59e-42	178
NC_011593.1:c2595355-2593832	NB551033:131:HK2T7BGX9:3:11607:14607:13957#0/2	95.413	109	5	0	450	558	1	109	3.35e-41	174
NC_011593.1:c2595355-2593832	NB551033:131:HK2T7BGX9:2:13112:11601:3012#0/2	95.413	109	5	0	656	764	109	1	3.35e-41	174
NC_011593.1:c2595355-2593832	NB551033:131:HK2T7BGX9:3:11607:14607:13957#0/1	96.226	106	4	0	704	809	106	1	3.35e-41	174
NC_011593.1:c2595355-2593832	NB551033:131:HK2T7BGX9:2:23203:22013:16169#0/2	95.327	107	5	0	316	422	1	107	4.34e-40	171
NC_011593.1:c2595355-2593832	NB551033:131:HK2T7BGX9:2:23203:22013:16169#0/1	95.327	107	5	0	316	422	107	1	4.34e-40	171
NC_011593.1:c2595355-2593832	NB551033:131:HK2T7BGX9:1:23111:25471:17971#0/1	96.970	99	3	0	847	945	1	99	5.61e-39	167
NC_011593.1:c2595355-2593832	NB551033:131:HK2T7BGX9:4:23504:23354:14528#0/2	96.552	87	3	0	1380	1466	87	1	2.63e-32	145
NC_011593.1:c2595355-2593832	NB551033:131:HK2T7BGX9:4:23504:23354:14528#0/1	96.552	87	3	0	1380	1466	1	87	2.63e-32	145
NC_011593.1:c2595355-2593832	NB551033:131:HK2T7BGX9:3:22606:12979:2675#0/1	97.368	76	2	0	1395	1470	1	76	7.36e-28	130
# BLASTN 2.9.0+
# Query: NC_011593.1:c2597106-2595574 Bifidobacterium longum subsp. infantis ATCC 15697, complete genome
# Database: db/blast_C0511-2F-1A_S58.faa
# Fields: query acc.ver, subject acc.ver, % identity, alignment length, mismatches, gap opens, q. start, q. end, s. start, s. end, evalue, bit score
# 9 hits found
NC_011593.1:c2597106-2595574	NB551033:131:HK2T7BGX9:3:22610:3283:15123#0/1	95.238	147	7	0	386	532	147	1	5.49e-59	233
NC_011593.1:c2597106-2595574	NB551033:131:HK2T7BGX9:1:12203:2057:3057#0/1	95.763	118	5	0	1	118	32	149	3.35e-46	191
NC_011593.1:c2597106-2595574	NB551033:131:HK2T7BGX9:4:21410:8393:13159#0/2	95.726	117	5	0	214	330	21	137	1.20e-45	189
NC_011593.1:c2597106-2595574	NB551033:131:HK2T7BGX9:1:21303:18833:1802#0/1	95.000	120	6	0	1	120	120	1	1.20e-45	189
NC_011593.1:c2597106-2595574	NB551033:131:HK2T7BGX9:3:21612:10100:5741#0/2	95.327	107	5	0	1	107	107	1	4.36e-40	171
NC_011593.1:c2597106-2595574	NB551033:131:HK2T7BGX9:3:22606:12979:2675#0/1	97.368	76	2	0	1395	1470	1	76	7.41e-28	130
NC_011593.1:c2597106-2595574	NB551033:131:HK2T7BGX9:3:12401:21776:17918#0/2	98.611	72	1	0	1	72	72	1	2.66e-27	128
NC_011593.1:c2597106-2595574	NB551033:131:HK2T7BGX9:3:12401:21776:17918#0/1	98.611	72	1	0	1	72	34	105	2.66e-27	128
NC_011593.1:c2597106-2595574	NB551033:131:HK2T7BGX9:4:22405:18417:2158#0/2	100.000	32	0	0	1	32	119	150	9.86e-07	60.2
# BLASTN 2.9.0+
# Query: NC_011593.1:c2598562-2597207 Bifidobacterium longum subsp. infantis ATCC 15697, complete genome
# Database: db/blast_C0511-2F-1A_S58.faa
# Fields: query acc.ver, subject acc.ver, % identity, alignment length, mismatches, gap opens, q. start, q. end, s. start, s. end, evalue, bit score
# 71 hits found
NC_011593.1:c2598562-2597207	NB551033:131:HK2T7BGX9:2:22109:13697:9904#0/2	100.000	151	0	0	337	487	151	1	6.13e-73	279
NC_011593.1:c2598562-2597207	NB551033:131:HK2T7BGX9:2:12211:19083:15944#0/2	100.000	151	0	0	533	683	1	151	6.13e-73	279
NC_011593.1:c2598562-2597207	NB551033:131:HK2T7BGX9:2:21111:11427:5518#0/1	100.000	151	0	0	1090	1240	1	151	6.13e-73	279
NC_011593.1:c2598562-2597207	NB551033:131:HK2T7BGX9:1:11110:10343:14082#0/1	100.000	151	0	0	452	602	1	151	6.13e-73	279
NC_011593.1:c2598562-2597207	NB551033:131:HK2T7BGX9:4:21505:5086:17249#0/2	100.000	150	0	0	646	795	150	1	2.21e-72	278
NC_011593.1:c2598562-2597207	NB551033:131:HK2T7BGX9:4:13610:26019:5014#0/2	100.000	150	0	0	766	915	150	1	2.21e-72	278
NC_011593.1:c2598562-2597207	NB551033:131:HK2T7BGX9:3:21408:15414:13871#0/2	100.000	150	0	0	1168	1317	1	150	2.21e-72	278
NC_011593.1:c2598562-2597207	NB551033:131:HK2T7BGX9:2:21111:11427:5518#0/2	100.000	150	0	0	1169	1318	150	1	2.21e-72	278
NC_011593.1:c2598562-2597207	NB551033:131:HK2T7BGX9:1:11110:10343:14082#0/2	100.000	150	0	0	548	697	150	1	2.21e-72	278
NC_011593.1:c2598562-2597207	NB551033:131:HK2T7BGX9:4:11503:21523:1286#0/1	100.000	150	0	0	1095	1244	1	150	2.21e-72	278
NC_011593.1:c2598562-2597207	NB551033:131:HK2T7BGX9:3:23601:23535:2571#0/1	100.000	150	0	0	1123	1272	150	1	2.21e-72	278
NC_011593.1:c2598562-2597207	NB551033:131:HK2T7BGX9:2:22109:13697:9904#0/1	100.000	150	0	0	309	458	1	150	2.21e-72	278
NC_011593.1:c2598562-2597207	NB551033:131:HK2T7BGX9:2:12211:19083:15944#0/1	100.000	150	0	0	684	833	150	1	2.21e-72	278
NC_011593.1:c2598562-2597207	NB551033:131:HK2T7BGX9:1:21302:8602:11042#0/2	100.000	149	0	0	1118	1266	1	149	7.93e-72	276
NC_011593.1:c2598562-2597207	NB551033:131:HK2T7BGX9:4:21505:5086:17249#0/1	100.000	149	0	0	600	748	1	149	7.93e-72	276
NC_011593.1:c2598562-2597207	NB551033:131:HK2T7BGX9:1:11306:17344:8410#0/2	100.000	148	0	0	147	294	1	148	2.85e-71	274
NC_011593.1:c2598562-2597207	NB551033:131:HK2T7BGX9:4:13610:26019:5014#0/1	99.342	152	0	1	595	746	1	151	2.85e-71	274
NC_011593.1:c2598562-2597207	NB551033:131:HK2T7BGX9:4:11409:4498:20167#0/1	100.000	147	0	0	1136	1282	1	147	1.03e-70	272
NC_011593.1:c2598562-2597207	NB551033:131:HK2T7BGX9:4:21402:11729:14972#0/1	100.000	134	0	0	931	1064	1	134	1.73e-63	248
NC_011593.1:c2598562-2597207	NB551033:131:HK2T7BGX9:3:22512:2917:16559#0/1	100.000	125	0	0	1060	1184	125	1	1.74e-58	231
NC_011593.1:c2598562-2597207	NB551033:131:HK2T7BGX9:2:11101:3780:6203#0/2	100.000	124	0	0	1232	1355	1	124	6.26e-58	230
NC_011593.1:c2598562-2597207	NB551033:131:HK2T7BGX9:1:23212:11274:18661#0/2	100.000	119	0	0	199	317	1	119	3.77e-55	220
NC_011593.1:c2598562-2597207	NB551033:131:HK2T7BGX9:1:23212:11274:18661#0/1	100.000	119	0	0	199	317	119	1	3.77e-55	220
NC_011593.1:c2598562-2597207	NB551033:131:HK2T7BGX9:3:21511:13450:3862#0/2	100.000	118	0	0	1143	1260	118	1	1.36e-54	219
NC_011593.1:c2598562-2597207	NB551033:131:HK2T7BGX9:3:21511:13450:3862#0/1	100.000	117	0	0	1143	1259	1	117	4.88e-54	217
NC_011593.1:c2598562-2597207	NB551033:131:HK2T7BGX9:1:23301:2295:11963#0/1	100.000	115	0	0	626	740	1	115	6.31e-53	213
NC_011593.1:c2598562-2597207	NB551033:131:HK2T7BGX9:3:23605:11171:18834#0/2	100.000	114	0	0	738	851	114	1	2.27e-52	211
NC_011593.1:c2598562-2597207	NB551033:131:HK2T7BGX9:3:23605:11171:18834#0/1	100.000	114	0	0	738	851	1	114	2.27e-52	211
NC_011593.1:c2598562-2597207	NB551033:131:HK2T7BGX9:4:12404:16600:9821#0/2	100.000	108	0	0	1249	1356	3	110	4.91e-49	200
NC_011593.1:c2598562-2597207	NB551033:131:HK2T7BGX9:4:12404:16600:9821#0/1	100.000	107	0	0	1250	1356	150	44	1.77e-48	198
NC_011593.1:c2598562-2597207	NB551033:131:HK2T7BGX9:2:22201:24371:5863#0/2	100.000	105	0	0	960	1064	1	105	2.28e-47	195
NC_011593.1:c2598562-2597207	NB551033:131:HK2T7BGX9:1:21302:8602:11042#0/1	99.065	107	1	0	1250	1356	150	44	8.22e-47	193
NC_011593.1:c2598562-2597207	NB551033:131:HK2T7BGX9:3:11602:8900:14823#0/2	100.000	103	0	0	1254	1356	146	44	2.96e-46	191
NC_011593.1:c2598562-2597207	NB551033:131:HK2T7BGX9:3:11602:8900:14823#0/1	100.000	103	0	0	1254	1356	1	103	2.96e-46	191
NC_011593.1:c2598562-2597207	NB551033:131:HK2T7BGX9:1:21101:5723:20160#0/1	100.000	101	0	0	138	238	51	151	3.82e-45	187
NC_011593.1:c2598562-2597207	NB551033:131:HK2T7BGX9:3:23404:17614:11887#0/2	100.000	98	0	0	955	1052	98	1	1.78e-43	182
NC_011593.1:c2598562-2597207	NB551033:131:HK2T7BGX9:3:23404:17614:11887#0/1	100.000	98	0	0	955	1052	1	98	1.78e-43	182
NC_011593.1:c2598562-2597207	NB551033:131:HK2T7BGX9:2:11212:21498:16501#0/1	100.000	93	0	0	1264	1356	1	93	1.07e-40	172
NC_011593.1:c2598562-2597207	NB551033:131:HK2T7BGX9:4:23609:10424:2821#0/2	100.000	92	0	0	742	833	92	1	3.85e-40	171
NC_011593.1:c2598562-2597207	NB551033:131:HK2T7BGX9:1:12109:17711:15606#0/2	100.000	92	0	0	1058	1149	92	1	3.85e-40	171
NC_011593.1:c2598562-2597207	NB551033:131:HK2T7BGX9:4:23609:10424:2821#0/1	100.000	92	0	0	742	833	1	92	3.85e-40	171
NC_011593.1:c2598562-2597207	NB551033:131:HK2T7BGX9:1:12109:17711:15606#0/1	100.000	92	0	0	1058	1149	23	114	3.85e-40	171
NC_011593.1:c2598562-2597207	NB551033:131:HK2T7BGX9:4:21508:19768:8964#0/2	100.000	91	0	0	859	949	1	91	1.38e-39	169
NC_011593.1:c2598562-2597207	NB551033:131:HK2T7BGX9:4:21508:19768:8964#0/1	100.000	91	0	0	859	949	91	1	1.38e-39	169
NC_011593.1:c2598562-2597207	NB551033:131:HK2T7BGX9:1:11306:17344:8410#0/1	100.000	89	0	0	231	319	89	1	1.79e-38	165
NC_011593.1:c2598562-2597207	NB551033:131:HK2T7BGX9:1:21101:5723:20160#0/2	100.000	86	0	0	232	317	86	1	8.33e-37	159
NC_011593.1:c2598562-2597207	NB551033:131:HK2T7BGX9:3:23501:2110:7764#0/2	100.000	85	0	0	980	1064	151	67	3.00e-36	158
NC_011593.1:c2598562-2597207	NB551033:131:HK2T7BGX9:2:23210:14182:9410#0/1	97.778	90	2	0	1134	1223	90	1	1.08e-35	156
NC_011593.1:c2598562-2597207	NB551033:131:HK2T7BGX9:3:23501:2110:7764#0/1	100.000	81	0	0	660	740	1	81	5.02e-34	150
NC_011593.1:c2598562-2597207	NB551033:131:HK2T7BGX9:3:22502:21590:13328#0/2	100.000	77	0	0	1060	1136	77	1	8.39e-32	143
NC_011593.1:c2598562-2597207	NB551033:131:HK2T7BGX9:2:13311:23240:10093#0/2	98.750	80	1	0	1240	1319	80	1	8.39e-32	143
NC_011593.1:c2598562-2597207	NB551033:131:HK2T7BGX9:2:12312:2709:6491#0/2	100.000	77	0	0	1058	1134	77	1	8.39e-32	143
NC_011593.1:c2598562-2597207	NB551033:131:HK2T7BGX9:2:13311:23240:10093#0/1	98.750	80	1	0	1240	1319	1	80	8.39e-32	143
NC_011593.1:c2598562-2597207	NB551033:131:HK2T7BGX9:3:23601:23535:2571#0/2	100.000	74	0	0	1060	1133	78	151	3.91e-30	137
NC_011593.1:c2598562-2597207	NB551033:131:HK2T7BGX9:3:21408:23758:19779#0/2	100.000	70	0	0	138	207	70	1	6.54e-28	130
NC_011593.1:c2598562-2597207	NB551033:131:HK2T7BGX9:2:22201:24371:5863#0/1	100.000	67	0	0	998	1064	151	85	3.04e-26	124
NC_011593.1:c2598562-2597207	NB551033:131:HK2T7BGX9:4:11409:4498:20167#0/2	100.000	64	0	0	1293	1356	151	88	1.41e-24	119
NC_011593.1:c2598562-2597207	NB551033:131:HK2T7BGX9:3:22512:2917:16559#0/2	100.000	60	0	0	1060	1119	89	148	2.37e-22	111
NC_011593.1:c2598562-2597207	NB551033:131:HK2T7BGX9:3:22502:21590:13328#0/1	100.000	60	0	0	1060	1119	89	148	2.37e-22	111
NC_011593.1:c2598562-2597207	NB551033:131:HK2T7BGX9:2:23210:14182:9410#0/2	98.387	62	1	0	1058	1119	87	148	8.51e-22	110
NC_011593.1:c2598562-2597207	NB551033:131:HK2T7BGX9:4:23510:20931:14044#0/2	98.305	59	1	0	1	59	64	122	3.96e-20	104
NC_011593.1:c2598562-2597207	NB551033:131:HK2T7BGX9:4:23510:20931:14044#0/1	98.305	59	1	0	1	59	59	1	3.96e-20	104
NC_011593.1:c2598562-2597207	NB551033:131:HK2T7BGX9:3:11604:17909:11015#0/2	100.000	55	0	0	1010	1064	123	69	1.42e-19	102
NC_011593.1:c2598562-2597207	NB551033:131:HK2T7BGX9:3:11604:17909:11015#0/1	100.000	55	0	0	1010	1064	1	55	1.42e-19	102
NC_011593.1:c2598562-2597207	NB551033:131:HK2T7BGX9:4:21402:11729:14972#0/2	100.000	49	0	0	1016	1064	150	102	3.08e-16	91.6
NC_011593.1:c2598562-2597207	NB551033:131:HK2T7BGX9:3:12605:24213:18334#0/2	97.872	47	1	0	1	47	47	1	1.86e-13	82.4
NC_011593.1:c2598562-2597207	NB551033:131:HK2T7BGX9:1:22202:10777:11423#0/2	100.000	37	0	0	138	174	75	111	1.44e-09	69.4
NC_011593.1:c2598562-2597207	NB551033:131:HK2T7BGX9:1:22202:10777:11423#0/1	100.000	37	0	0	138	174	37	1	1.44e-09	69.4
NC_011593.1:c2598562-2597207	NB551033:131:HK2T7BGX9:2:23104:15138:10825#0/2	100.000	36	0	0	1029	1064	1	36	5.20e-09	67.6
NC_011593.1:c2598562-2597207	NB551033:131:HK2T7BGX9:3:22604:16171:17658#0/1	100.000	36	0	0	1321	1356	1	36	5.20e-09	67.6
NC_011593.1:c2598562-2597207	NB551033:131:HK2T7BGX9:1:23301:2295:11963#0/2	100.000	33	0	0	1032	1064	134	102	2.42e-07	62.1
# BLASTN 2.9.0+
# Query: NC_011593.1:2598858-2601929 Bifidobacterium longum subsp. infantis ATCC 15697, complete genome
# Database: db/blast_C0511-2F-1A_S58.faa
# Fields: query acc.ver, subject acc.ver, % identity, alignment length, mismatches, gap opens, q. start, q. end, s. start, s. end, evalue, bit score
# 184 hits found
NC_011593.1:2598858-2601929	NB551033:131:HK2T7BGX9:4:11504:24038:4046#0/2	100.000	151	0	0	965	1115	151	1	1.39e-72	279
NC_011593.1:2598858-2601929	NB551033:131:HK2T7BGX9:3:23607:25593:18310#0/2	100.000	151	0	0	1700	1850	151	1	1.39e-72	279
NC_011593.1:2598858-2601929	NB551033:131:HK2T7BGX9:3:12407:5740:5873#0/2	100.000	151	0	0	1724	1874	1	151	1.39e-72	279
NC_011593.1:2598858-2601929	NB551033:131:HK2T7BGX9:3:23607:25593:18310#0/1	100.000	151	0	0	1589	1739	1	151	1.39e-72	279
NC_011593.1:2598858-2601929	NB551033:131:HK2T7BGX9:2:21112:13383:13728#0/1	100.000	151	0	0	905	1055	151	1	1.39e-72	279
NC_011593.1:2598858-2601929	NB551033:131:HK2T7BGX9:2:11103:4124:16630#0/1	100.000	151	0	0	929	1079	151	1	1.39e-72	279
NC_011593.1:2598858-2601929	NB551033:131:HK2T7BGX9:1:22104:3794:13028#0/1	100.000	151	0	0	1693	1843	1	151	1.39e-72	279
NC_011593.1:2598858-2601929	NB551033:131:HK2T7BGX9:4:21609:26263:12521#0/2	100.000	150	0	0	1981	2130	1	150	5.01e-72	278
NC_011593.1:2598858-2601929	NB551033:131:HK2T7BGX9:2:22307:9109:15860#0/2	100.000	150	0	0	926	1075	1	150	5.01e-72	278
NC_011593.1:2598858-2601929	NB551033:131:HK2T7BGX9:2:22105:9843:8510#0/2	100.000	150	0	0	1670	1819	1	150	5.01e-72	278
NC_011593.1:2598858-2601929	NB551033:131:HK2T7BGX9:1:22101:7860:12053#0/2	100.000	150	0	0	369	518	151	2	5.01e-72	278
NC_011593.1:2598858-2601929	NB551033:131:HK2T7BGX9:3:21504:11907:10589#0/1	100.000	150	0	0	904	1053	150	1	5.01e-72	278
NC_011593.1:2598858-2601929	NB551033:131:HK2T7BGX9:3:21402:12837:4178#0/1	100.000	150	0	0	1964	2113	150	1	5.01e-72	278
NC_011593.1:2598858-2601929	NB551033:131:HK2T7BGX9:2:22105:9843:8510#0/1	100.000	149	0	0	1684	1832	149	1	1.80e-71	276
NC_011593.1:2598858-2601929	NB551033:131:HK2T7BGX9:4:23405:19950:8800#0/2	99.338	151	1	0	284	434	1	151	6.48e-71	274
NC_011593.1:2598858-2601929	NB551033:131:HK2T7BGX9:4:12603:7443:9901#0/2	99.338	151	1	0	929	1079	151	1	6.48e-71	274
NC_011593.1:2598858-2601929	NB551033:131:HK2T7BGX9:4:11504:24038:4046#0/1	99.338	151	1	0	921	1071	1	151	6.48e-71	274
NC_011593.1:2598858-2601929	NB551033:131:HK2T7BGX9:3:23407:16318:13771#0/1	99.338	151	1	0	2175	2325	1	151	6.48e-71	274
NC_011593.1:2598858-2601929	NB551033:131:HK2T7BGX9:2:13202:11129:18072#0/1	99.338	151	1	0	1906	2056	1	151	6.48e-71	274
NC_011593.1:2598858-2601929	NB551033:131:HK2T7BGX9:1:11103:21931:18469#0/1	99.338	151	1	0	974	1124	1	151	6.48e-71	274
NC_011593.1:2598858-2601929	NB551033:131:HK2T7BGX9:3:23510:21325:15440#0/2	99.333	150	1	0	1552	1701	150	1	2.33e-70	272
NC_011593.1:2598858-2601929	NB551033:131:HK2T7BGX9:3:21402:12837:4178#0/2	99.333	150	1	0	1946	2095	1	150	2.33e-70	272
NC_011593.1:2598858-2601929	NB551033:131:HK2T7BGX9:2:21206:20609:18217#0/2	99.333	150	1	0	324	473	150	1	2.33e-70	272
NC_011593.1:2598858-2601929	NB551033:131:HK2T7BGX9:2:13202:11129:18072#0/2	99.333	150	1	0	2006	2155	150	1	2.33e-70	272
NC_011593.1:2598858-2601929	NB551033:131:HK2T7BGX9:1:22104:3794:13028#0/2	99.333	150	1	0	1779	1928	150	1	2.33e-70	272
NC_011593.1:2598858-2601929	NB551033:131:HK2T7BGX9:1:11104:8866:11221#0/2	99.333	150	1	0	1011	1160	1	150	2.33e-70	272
NC_011593.1:2598858-2601929	NB551033:131:HK2T7BGX9:4:21507:2404:3542#0/1	99.333	150	1	0	2220	2369	150	1	2.33e-70	272
NC_011593.1:2598858-2601929	NB551033:131:HK2T7BGX9:4:21404:20377:16241#0/1	99.333	150	1	0	685	834	150	1	2.33e-70	272
NC_011593.1:2598858-2601929	NB551033:131:HK2T7BGX9:4:12603:7443:9901#0/1	99.333	150	1	0	919	1068	1	150	2.33e-70	272
NC_011593.1:2598858-2601929	NB551033:131:HK2T7BGX9:3:13408:2901:16387#0/1	99.333	150	1	0	1811	1960	150	1	2.33e-70	272
NC_011593.1:2598858-2601929	NB551033:131:HK2T7BGX9:3:12407:5740:5873#0/1	99.333	150	1	0	1755	1904	150	1	2.33e-70	272
NC_011593.1:2598858-2601929	NB551033:131:HK2T7BGX9:3:11603:14716:7238#0/1	99.333	150	1	0	990	1139	150	1	2.33e-70	272
NC_011593.1:2598858-2601929	NB551033:131:HK2T7BGX9:2:22307:9109:15860#0/1	99.333	150	1	0	1005	1154	150	1	2.33e-70	272
NC_011593.1:2598858-2601929	NB551033:131:HK2T7BGX9:2:21206:20609:18217#0/1	99.333	150	1	0	288	437	1	150	2.33e-70	272
NC_011593.1:2598858-2601929	NB551033:131:HK2T7BGX9:1:22101:7860:12053#0/1	99.333	150	1	0	225	374	1	150	2.33e-70	272
NC_011593.1:2598858-2601929	NB551033:131:HK2T7BGX9:1:12301:14629:9557#0/1	99.333	150	1	0	1998	2147	1	150	2.33e-70	272
NC_011593.1:2598858-2601929	NB551033:131:HK2T7BGX9:4:23405:19950:8800#0/1	99.329	149	1	0	316	464	149	1	8.38e-70	270
NC_011593.1:2598858-2601929	NB551033:131:HK2T7BGX9:4:23503:23107:19167#0/2	98.675	151	2	0	1076	1226	151	1	3.01e-69	268
NC_011593.1:2598858-2601929	NB551033:131:HK2T7BGX9:3:21412:14488:11131#0/2	99.324	148	1	0	336	483	148	1	3.01e-69	268
NC_011593.1:2598858-2601929	NB551033:131:HK2T7BGX9:2:21208:15261:16253#0/2	98.675	151	2	0	1056	1206	151	1	3.01e-69	268
NC_011593.1:2598858-2601929	NB551033:131:HK2T7BGX9:4:22412:23386:10520#0/1	98.675	151	2	0	1881	2031	151	1	3.01e-69	268
NC_011593.1:2598858-2601929	NB551033:131:HK2T7BGX9:4:21609:26263:12521#0/1	99.324	148	1	0	1984	2131	148	1	3.01e-69	268
NC_011593.1:2598858-2601929	NB551033:131:HK2T7BGX9:4:11402:14143:16115#0/1	98.675	151	2	0	2297	2447	1	151	3.01e-69	268
NC_011593.1:2598858-2601929	NB551033:131:HK2T7BGX9:3:21412:14488:11131#0/1	99.324	148	1	0	336	483	1	148	3.01e-69	268
NC_011593.1:2598858-2601929	NB551033:131:HK2T7BGX9:3:13503:18296:19630#0/1	98.675	151	2	0	1371	1521	151	1	3.01e-69	268
NC_011593.1:2598858-2601929	NB551033:131:HK2T7BGX9:1:11104:8866:11221#0/1	98.675	151	2	0	1030	1180	151	1	3.01e-69	268
NC_011593.1:2598858-2601929	NB551033:131:HK2T7BGX9:4:12404:7623:7339#0/2	98.667	150	2	0	27	176	150	1	1.08e-68	267
NC_011593.1:2598858-2601929	NB551033:131:HK2T7BGX9:4:11402:14143:16115#0/2	98.667	150	2	0	2348	2497	150	1	1.08e-68	267
NC_011593.1:2598858-2601929	NB551033:131:HK2T7BGX9:3:23412:20519:11925#0/2	98.667	150	2	0	1049	1198	150	1	1.08e-68	267
NC_011593.1:2598858-2601929	NB551033:131:HK2T7BGX9:2:22105:15152:13962#0/2	98.667	150	2	0	2764	2913	150	1	1.08e-68	267
NC_011593.1:2598858-2601929	NB551033:131:HK2T7BGX9:1:23201:15306:17983#0/2	98.667	150	2	0	2017	2166	1	150	1.08e-68	267
NC_011593.1:2598858-2601929	NB551033:131:HK2T7BGX9:1:12301:14629:9557#0/2	98.667	150	2	0	2006	2155	150	1	1.08e-68	267
NC_011593.1:2598858-2601929	NB551033:131:HK2T7BGX9:4:11502:12515:5019#0/1	98.667	150	2	0	1313	1462	150	1	1.08e-68	267
NC_011593.1:2598858-2601929	NB551033:131:HK2T7BGX9:3:12504:15793:15920#0/1	98.667	150	2	0	2864	3013	1	150	1.08e-68	267
NC_011593.1:2598858-2601929	NB551033:131:HK2T7BGX9:2:21208:15261:16253#0/1	98.667	150	2	0	1038	1187	1	150	1.08e-68	267
NC_011593.1:2598858-2601929	NB551033:131:HK2T7BGX9:1:12204:2950:13831#0/1	98.667	150	2	0	2826	2975	150	1	1.08e-68	267
NC_011593.1:2598858-2601929	NB551033:131:HK2T7BGX9:3:23407:16318:13771#0/2	99.315	146	1	0	2186	2331	146	1	3.90e-68	265
NC_011593.1:2598858-2601929	NB551033:131:HK2T7BGX9:2:11204:1120:18528#0/2	98.658	149	2	0	2529	2677	1	149	3.90e-68	265
NC_011593.1:2598858-2601929	NB551033:131:HK2T7BGX9:1:21103:6103:1649#0/2	98.658	149	2	0	2803	2951	149	1	3.90e-68	265
NC_011593.1:2598858-2601929	NB551033:131:HK2T7BGX9:4:23609:8284:14495#0/1	98.658	149	2	0	1330	1478	1	149	3.90e-68	265
NC_011593.1:2598858-2601929	NB551033:131:HK2T7BGX9:3:21411:18653:9149#0/1	98.658	149	2	0	2153	2301	1	149	3.90e-68	265
NC_011593.1:2598858-2601929	NB551033:131:HK2T7BGX9:4:22412:23386:10520#0/2	98.649	148	2	0	1835	1982	1	148	1.40e-67	263
NC_011593.1:2598858-2601929	NB551033:131:HK2T7BGX9:4:11611:12833:18300#0/2	98.013	151	3	0	2569	2719	1	151	1.40e-67	263
NC_011593.1:2598858-2601929	NB551033:131:HK2T7BGX9:4:11502:12515:5019#0/2	98.013	151	3	0	1292	1442	1	151	1.40e-67	263
NC_011593.1:2598858-2601929	NB551033:131:HK2T7BGX9:3:23610:10030:6698#0/2	98.013	151	3	0	2058	2208	1	151	1.40e-67	263
NC_011593.1:2598858-2601929	NB551033:131:HK2T7BGX9:3:23608:11073:1561#0/2	98.649	148	2	0	2489	2636	1	148	1.40e-67	263
NC_011593.1:2598858-2601929	NB551033:131:HK2T7BGX9:3:13408:2901:16387#0/2	98.013	151	3	0	1759	1909	1	151	1.40e-67	263
NC_011593.1:2598858-2601929	NB551033:131:HK2T7BGX9:2:12204:18125:12906#0/2	98.013	151	3	0	2513	2663	1	151	1.40e-67	263
NC_011593.1:2598858-2601929	NB551033:131:HK2T7BGX9:1:11103:21931:18469#0/2	98.013	151	3	0	1150	1300	151	1	1.40e-67	263
NC_011593.1:2598858-2601929	NB551033:131:HK2T7BGX9:4:22512:3737:7103#0/1	98.013	151	3	0	2537	2687	1	151	1.40e-67	263
NC_011593.1:2598858-2601929	NB551033:131:HK2T7BGX9:3:23610:10030:6698#0/1	98.013	151	3	0	2121	2271	151	1	1.40e-67	263
NC_011593.1:2598858-2601929	NB551033:131:HK2T7BGX9:3:23608:11073:1561#0/1	98.649	148	2	0	2489	2636	148	1	1.40e-67	263
NC_011593.1:2598858-2601929	NB551033:131:HK2T7BGX9:3:23510:21325:15440#0/1	98.013	151	3	0	1435	1585	1	151	1.40e-67	263
NC_011593.1:2598858-2601929	NB551033:131:HK2T7BGX9:1:13106:13591:17719#0/1	98.013	151	3	0	2336	2486	151	1	1.40e-67	263
NC_011593.1:2598858-2601929	NB551033:131:HK2T7BGX9:3:13503:18296:19630#0/2	98.013	151	1	2	1172	1321	1	150	5.04e-67	261
NC_011593.1:2598858-2601929	NB551033:131:HK2T7BGX9:2:21112:13383:13728#0/2	98.000	150	3	0	882	1031	1	150	5.04e-67	261
NC_011593.1:2598858-2601929	NB551033:131:HK2T7BGX9:1:13106:13591:17719#0/2	98.000	150	3	0	2313	2462	1	150	5.04e-67	261
NC_011593.1:2598858-2601929	NB551033:131:HK2T7BGX9:2:22105:15152:13962#0/1	98.000	150	3	0	2682	2831	1	150	5.04e-67	261
NC_011593.1:2598858-2601929	NB551033:131:HK2T7BGX9:1:23310:15084:3973#0/1	98.000	150	3	0	2017	2166	1	150	5.04e-67	261
NC_011593.1:2598858-2601929	NB551033:131:HK2T7BGX9:1:23201:15306:17983#0/1	98.000	150	3	0	2294	2443	150	1	5.04e-67	261
NC_011593.1:2598858-2601929	NB551033:131:HK2T7BGX9:1:22211:15402:4227#0/1	98.000	150	3	0	1349	1498	1	150	5.04e-67	261
NC_011593.1:2598858-2601929	NB551033:131:HK2T7BGX9:1:21111:8491:8390#0/1	98.000	150	3	0	630	779	1	150	5.04e-67	261
NC_011593.1:2598858-2601929	NB551033:131:HK2T7BGX9:3:21411:18653:9149#0/2	99.301	143	1	0	2161	2303	143	1	1.81e-66	259
NC_011593.1:2598858-2601929	NB551033:131:HK2T7BGX9:1:23310:15084:3973#0/2	97.973	148	3	0	2041	2188	148	1	6.52e-66	257
NC_011593.1:2598858-2601929	NB551033:131:HK2T7BGX9:4:13610:2052:3447#0/1	97.351	151	4	0	880	1030	1	151	6.52e-66	257
NC_011593.1:2598858-2601929	NB551033:131:HK2T7BGX9:4:11611:12833:18300#0/1	97.351	151	4	0	2660	2810	151	1	6.52e-66	257
NC_011593.1:2598858-2601929	NB551033:131:HK2T7BGX9:2:13111:16626:7424#0/1	97.351	151	4	0	2636	2786	151	1	6.52e-66	257
NC_011593.1:2598858-2601929	NB551033:131:HK2T7BGX9:2:12204:18125:12906#0/1	97.351	151	4	0	2707	2857	151	1	6.52e-66	257
NC_011593.1:2598858-2601929	NB551033:131:HK2T7BGX9:4:22512:3737:7103#0/2	97.333	150	4	0	2607	2756	150	1	2.35e-65	255
NC_011593.1:2598858-2601929	NB551033:131:HK2T7BGX9:4:21507:2404:3542#0/2	97.333	150	4	0	2147	2296	1	150	2.35e-65	255
NC_011593.1:2598858-2601929	NB551033:131:HK2T7BGX9:2:13111:16626:7424#0/2	97.333	150	4	0	2589	2738	1	150	2.35e-65	255
NC_011593.1:2598858-2601929	NB551033:131:HK2T7BGX9:1:21111:8491:8390#0/2	97.333	150	4	0	785	934	150	1	2.35e-65	255
NC_011593.1:2598858-2601929	NB551033:131:HK2T7BGX9:1:13102:24556:13618#0/2	97.333	150	4	0	2718	2867	150	1	2.35e-65	255
NC_011593.1:2598858-2601929	NB551033:131:HK2T7BGX9:4:23503:23107:19167#0/1	97.333	150	4	0	867	1016	1	150	2.35e-65	255
NC_011593.1:2598858-2601929	NB551033:131:HK2T7BGX9:1:21103:6103:1649#0/1	97.333	150	4	0	2627	2776	1	150	2.35e-65	255
NC_011593.1:2598858-2601929	NB551033:131:HK2T7BGX9:1:13102:24556:13618#0/1	97.959	147	3	0	2576	2722	1	147	2.35e-65	255
NC_011593.1:2598858-2601929	NB551033:131:HK2T7BGX9:4:21404:20377:16241#0/2	96.689	151	5	0	465	615	1	151	3.03e-64	252
NC_011593.1:2598858-2601929	NB551033:131:HK2T7BGX9:1:11107:21848:15269#0/2	97.931	145	3	0	1454	1598	1	145	3.03e-64	252
NC_011593.1:2598858-2601929	NB551033:131:HK2T7BGX9:1:11107:21848:15269#0/1	97.931	145	3	0	1454	1598	145	1	3.03e-64	252
NC_011593.1:2598858-2601929	NB551033:131:HK2T7BGX9:4:11607:4755:7577#0/2	96.667	150	5	0	816	965	1	150	1.09e-63	250
NC_011593.1:2598858-2601929	NB551033:131:HK2T7BGX9:3:22603:16571:20097#0/2	96.667	150	5	0	461	610	1	150	1.09e-63	250
NC_011593.1:2598858-2601929	NB551033:131:HK2T7BGX9:3:12504:15793:15920#0/2	97.917	144	3	0	2929	3072	151	8	1.09e-63	250
NC_011593.1:2598858-2601929	NB551033:131:HK2T7BGX9:4:11607:4755:7577#0/1	97.279	147	4	0	866	1012	147	1	1.09e-63	250
NC_011593.1:2598858-2601929	NB551033:131:HK2T7BGX9:3:23412:20519:11925#0/1	96.667	150	5	0	784	933	1	150	1.09e-63	250
NC_011593.1:2598858-2601929	NB551033:131:HK2T7BGX9:1:12204:2950:13831#0/2	96.622	148	5	0	2539	2686	1	148	1.41e-62	246
NC_011593.1:2598858-2601929	NB551033:131:HK2T7BGX9:3:22603:16571:20097#0/1	96.000	150	6	0	499	648	150	1	5.08e-62	244
NC_011593.1:2598858-2601929	NB551033:131:HK2T7BGX9:2:11103:4124:16630#0/2	95.333	150	7	0	763	912	1	150	2.36e-60	239
NC_011593.1:2598858-2601929	NB551033:131:HK2T7BGX9:4:12411:20170:13320#0/2	99.237	131	1	0	2226	2356	1	131	8.50e-60	237
NC_011593.1:2598858-2601929	NB551033:131:HK2T7BGX9:4:12411:20170:13320#0/1	99.237	131	1	0	2226	2356	131	1	8.50e-60	237
NC_011593.1:2598858-2601929	NB551033:131:HK2T7BGX9:3:12511:3705:8582#0/2	99.231	130	1	0	1951	2080	1	130	3.06e-59	235
NC_011593.1:2598858-2601929	NB551033:131:HK2T7BGX9:3:13607:15441:2425#0/1	99.231	130	1	0	2751	2880	1	130	3.06e-59	235
NC_011593.1:2598858-2601929	NB551033:131:HK2T7BGX9:3:12511:3705:8582#0/1	98.496	133	2	0	1951	2083	133	1	3.06e-59	235
NC_011593.1:2598858-2601929	NB551033:131:HK2T7BGX9:3:21504:11907:10589#0/2	95.833	144	6	0	749	892	1	144	1.10e-58	233
NC_011593.1:2598858-2601929	NB551033:131:HK2T7BGX9:3:12612:5623:14566#0/2	99.219	128	1	0	310	437	128	1	3.95e-58	231
NC_011593.1:2598858-2601929	NB551033:131:HK2T7BGX9:3:12612:5623:14566#0/1	99.219	128	1	0	310	437	1	128	3.95e-58	231
NC_011593.1:2598858-2601929	NB551033:131:HK2T7BGX9:2:11204:1120:18528#0/1	97.080	137	4	0	2662	2798	137	1	3.95e-58	231
NC_011593.1:2598858-2601929	NB551033:131:HK2T7BGX9:3:11603:14716:7238#0/2	100.000	124	0	0	926	1049	1	124	1.42e-57	230
NC_011593.1:2598858-2601929	NB551033:131:HK2T7BGX9:2:11208:17887:2078#0/2	99.206	126	1	0	1797	1922	1	126	5.11e-57	228
NC_011593.1:2598858-2601929	NB551033:131:HK2T7BGX9:3:21503:1776:2711#0/2	99.200	125	1	0	237	361	1	125	1.84e-56	226
NC_011593.1:2598858-2601929	NB551033:131:HK2T7BGX9:2:22105:7016:4547#0/2	99.200	125	1	0	2761	2885	125	1	1.84e-56	226
NC_011593.1:2598858-2601929	NB551033:131:HK2T7BGX9:2:22105:7016:4547#0/1	99.200	125	1	0	2761	2885	1	125	1.84e-56	226
NC_011593.1:2598858-2601929	NB551033:131:HK2T7BGX9:2:22212:2267:5383#0/2	97.674	129	3	0	1151	1279	129	1	2.38e-55	222
NC_011593.1:2598858-2601929	NB551033:131:HK2T7BGX9:2:11112:12535:14931#0/2	98.413	126	2	0	2295	2420	128	3	2.38e-55	222
NC_011593.1:2598858-2601929	NB551033:131:HK2T7BGX9:2:22212:2267:5383#0/1	97.674	129	3	0	1151	1279	1	129	2.38e-55	222
NC_011593.1:2598858-2601929	NB551033:131:HK2T7BGX9:2:11208:17887:2078#0/1	98.413	126	2	0	1797	1922	126	1	2.38e-55	222
NC_011593.1:2598858-2601929	NB551033:131:HK2T7BGX9:2:22206:15792:11384#0/2	98.387	124	2	0	1349	1472	1	124	3.08e-54	219
NC_011593.1:2598858-2601929	NB551033:131:HK2T7BGX9:1:22211:15402:4227#0/2	98.387	124	2	0	1424	1547	124	1	3.08e-54	219
NC_011593.1:2598858-2601929	NB551033:131:HK2T7BGX9:2:22206:15792:11384#0/1	98.387	124	2	0	1349	1472	124	1	3.08e-54	219
NC_011593.1:2598858-2601929	NB551033:131:HK2T7BGX9:4:12501:3339:10737#0/2	99.167	120	1	0	2402	2521	1	120	1.11e-53	217
NC_011593.1:2598858-2601929	NB551033:131:HK2T7BGX9:3:12512:10028:16531#0/2	99.167	120	1	0	1381	1500	120	1	1.11e-53	217
NC_011593.1:2598858-2601929	NB551033:131:HK2T7BGX9:3:12412:2570:6988#0/2	98.374	123	2	0	2806	2928	1	123	1.11e-53	217
NC_011593.1:2598858-2601929	NB551033:131:HK2T7BGX9:4:12501:3339:10737#0/1	99.167	120	1	0	2402	2521	120	1	1.11e-53	217
NC_011593.1:2598858-2601929	NB551033:131:HK2T7BGX9:3:12512:10028:16531#0/1	99.167	120	1	0	1381	1500	1	120	1.11e-53	217
NC_011593.1:2598858-2601929	NB551033:131:HK2T7BGX9:2:13309:23544:8829#0/2	99.153	118	1	0	254	371	1	118	1.43e-52	213
NC_011593.1:2598858-2601929	NB551033:131:HK2T7BGX9:4:13610:2052:3447#0/2	99.145	117	1	0	1220	1336	117	1	5.15e-52	211
NC_011593.1:2598858-2601929	NB551033:131:HK2T7BGX9:2:13309:23544:8829#0/1	99.145	117	1	0	255	371	117	1	5.15e-52	211
NC_011593.1:2598858-2601929	NB551033:131:HK2T7BGX9:2:23104:17796:14953#0/1	97.368	114	3	0	2274	2387	116	3	5.19e-47	195
NC_011593.1:2598858-2601929	NB551033:131:HK2T7BGX9:3:13406:1406:4391#0/2	99.057	106	1	0	2870	2975	1	106	6.71e-46	191
NC_011593.1:2598858-2601929	NB551033:131:HK2T7BGX9:3:13406:1406:4391#0/1	99.057	106	1	0	2870	2975	106	1	6.71e-46	191
NC_011593.1:2598858-2601929	NB551033:131:HK2T7BGX9:3:12412:2570:6988#0/1	98.165	109	2	0	2820	2928	109	1	6.71e-46	191
NC_011593.1:2598858-2601929	NB551033:131:HK2T7BGX9:2:23104:17796:14953#0/2	98.131	107	2	0	2147	2253	1	107	8.68e-45	187
NC_011593.1:2598858-2601929	NB551033:131:HK2T7BGX9:1:23102:16829:3884#0/1	97.248	109	3	0	2577	2685	109	1	3.12e-44	185
NC_011593.1:2598858-2601929	NB551033:131:HK2T7BGX9:3:11407:24687:14888#0/1	97.143	105	3	0	1391	1495	105	1	5.22e-42	178
NC_011593.1:2598858-2601929	NB551033:131:HK2T7BGX9:4:21503:17761:3613#0/1	98.000	100	2	0	558	657	100	1	6.76e-41	174
NC_011593.1:2598858-2601929	NB551033:131:HK2T7BGX9:3:11410:12190:19771#0/1	97.980	99	2	0	789	887	1	99	2.43e-40	172
NC_011593.1:2598858-2601929	NB551033:131:HK2T7BGX9:3:11410:12190:19771#0/2	100.000	92	0	0	935	1026	92	1	8.74e-40	171
NC_011593.1:2598858-2601929	NB551033:131:HK2T7BGX9:4:12604:21348:6320#0/2	100.000	89	0	0	2433	2521	1	89	4.07e-38	165
NC_011593.1:2598858-2601929	NB551033:131:HK2T7BGX9:4:12604:21348:6320#0/1	100.000	89	0	0	2433	2521	89	1	4.07e-38	165
NC_011593.1:2598858-2601929	NB551033:131:HK2T7BGX9:3:23405:1099:19913#0/2	97.872	94	2	0	1499	1592	1	94	1.46e-37	163
NC_011593.1:2598858-2601929	NB551033:131:HK2T7BGX9:1:23102:16829:3884#0/2	100.000	88	0	0	2457	2544	1	88	1.46e-37	163
NC_011593.1:2598858-2601929	NB551033:131:HK2T7BGX9:3:23405:1099:19913#0/1	97.872	94	2	0	1499	1592	94	1	1.46e-37	163
NC_011593.1:2598858-2601929	NB551033:131:HK2T7BGX9:3:23404:26574:19923#0/1	97.872	94	2	0	1499	1592	94	1	1.46e-37	163
NC_011593.1:2598858-2601929	NB551033:131:HK2T7BGX9:3:11407:24687:14888#0/2	96.000	100	2	2	1190	1288	1	99	5.26e-37	161
NC_011593.1:2598858-2601929	NB551033:131:HK2T7BGX9:2:11201:9910:19376#0/2	100.000	87	0	0	381	467	87	1	5.26e-37	161
NC_011593.1:2598858-2601929	NB551033:131:HK2T7BGX9:2:11201:9910:19376#0/1	100.000	87	0	0	381	467	1	87	5.26e-37	161
NC_011593.1:2598858-2601929	NB551033:131:HK2T7BGX9:3:23404:26574:19923#0/2	96.809	94	3	0	1499	1592	1	94	6.81e-36	158
NC_011593.1:2598858-2601929	NB551033:131:HK2T7BGX9:2:13205:26688:6499#0/2	98.851	87	1	0	2937	3023	1	87	2.45e-35	156
NC_011593.1:2598858-2601929	NB551033:131:HK2T7BGX9:2:13204:1222:6502#0/2	98.851	87	1	0	2937	3023	1	87	2.45e-35	156
NC_011593.1:2598858-2601929	NB551033:131:HK2T7BGX9:2:13205:26688:6499#0/1	98.851	87	1	0	2937	3023	87	1	2.45e-35	156
NC_011593.1:2598858-2601929	NB551033:131:HK2T7BGX9:2:13204:1222:6502#0/1	98.851	87	1	0	2937	3023	87	1	2.45e-35	156
NC_011593.1:2598858-2601929	NB551033:131:HK2T7BGX9:2:21102:16733:20111#0/2	96.703	91	3	0	637	727	1	91	3.17e-34	152
NC_011593.1:2598858-2601929	NB551033:131:HK2T7BGX9:4:11610:20322:17656#0/2	97.647	85	2	0	453	537	1	85	1.47e-32	147
NC_011593.1:2598858-2601929	NB551033:131:HK2T7BGX9:4:11610:20322:17656#0/1	97.647	85	2	0	453	537	85	1	1.47e-32	147
NC_011593.1:2598858-2601929	NB551033:131:HK2T7BGX9:4:23609:8284:14495#0/2	100.000	78	0	0	1576	1653	78	1	5.30e-32	145
NC_011593.1:2598858-2601929	NB551033:131:HK2T7BGX9:3:11609:13205:13489#0/1	95.556	90	4	0	1647	1736	1	90	5.30e-32	145
NC_011593.1:2598858-2601929	NB551033:131:HK2T7BGX9:2:21102:16733:20111#0/1	98.734	79	1	0	714	792	79	1	6.85e-31	141
NC_011593.1:2598858-2601929	NB551033:131:HK2T7BGX9:3:22404:2119:2866#0/1	98.701	77	1	0	1146	1222	77	1	8.87e-30	137
NC_011593.1:2598858-2601929	NB551033:131:HK2T7BGX9:2:11112:12535:14931#0/1	98.701	77	1	0	2295	2371	1	77	8.87e-30	137
NC_011593.1:2598858-2601929	NB551033:131:HK2T7BGX9:3:22404:2119:2866#0/2	97.403	77	2	0	1146	1222	1	77	4.13e-28	132
NC_011593.1:2598858-2601929	NB551033:131:HK2T7BGX9:3:21503:1776:2711#0/1	98.649	74	1	0	640	713	74	1	4.13e-28	132
NC_011593.1:2598858-2601929	NB551033:131:HK2T7BGX9:3:13607:15441:2425#0/2	97.183	71	2	0	3002	3072	78	8	8.93e-25	121
NC_011593.1:2598858-2601929	NB551033:131:HK2T7BGX9:4:11503:8767:12250#0/2	95.833	72	3	0	3001	3072	3	74	1.16e-23	117
NC_011593.1:2598858-2601929	NB551033:131:HK2T7BGX9:4:11503:8767:12250#0/1	95.833	72	3	0	3001	3072	74	3	1.16e-23	117
NC_011593.1:2598858-2601929	NB551033:131:HK2T7BGX9:4:13608:20790:19122#0/2	100.000	58	0	0	1	58	58	1	6.95e-21	108
NC_011593.1:2598858-2601929	NB551033:131:HK2T7BGX9:3:13611:14665:6249#0/2	96.825	63	2	0	3010	3072	86	24	2.50e-20	106
NC_011593.1:2598858-2601929	NB551033:131:HK2T7BGX9:3:13611:14665:6249#0/1	96.825	63	2	0	3010	3072	1	63	2.50e-20	106
NC_011593.1:2598858-2601929	NB551033:131:HK2T7BGX9:4:12404:7623:7339#0/1	100.000	45	0	0	1	45	106	150	1.17e-13	84.2
NC_011593.1:2598858-2601929	NB551033:131:HK2T7BGX9:3:21512:6600:5429#0/2	95.349	43	2	0	1030	1072	56	14	3.28e-09	69.4
NC_011593.1:2598858-2601929	NB551033:131:HK2T7BGX9:2:22307:1351:17351#0/2	95.349	43	2	0	1030	1072	64	106	3.28e-09	69.4
NC_011593.1:2598858-2601929	NB551033:131:HK2T7BGX9:3:21512:6600:5429#0/1	95.349	43	2	0	1030	1072	72	114	3.28e-09	69.4
NC_011593.1:2598858-2601929	NB551033:131:HK2T7BGX9:2:22307:1351:17351#0/1	95.349	43	2	0	1030	1072	48	6	3.28e-09	69.4
NC_011593.1:2598858-2601929	NB551033:131:HK2T7BGX9:1:13308:9243:5286#0/2	100.000	28	0	0	1028	1055	28	1	3.30e-04	52.8
NC_011593.1:2598858-2601929	NB551033:131:HK2T7BGX9:4:22407:3494:2677#0/1	96.774	31	1	0	1028	1058	31	1	3.30e-04	52.8
NC_011593.1:2598858-2601929	NB551033:131:HK2T7BGX9:1:13308:9243:5286#0/1	100.000	28	0	0	1028	1055	108	135	3.30e-04	52.8
# BLASTN 2.9.0+
# Query: NC_011593.1:c2604454-2602106 Bifidobacterium longum subsp. infantis ATCC 15697, complete genome
# Database: db/blast_C0511-2F-1A_S58.faa
# 0 hits found
# BLASTN 2.9.0+
# Query: NC_011593.1:c2605922-2604486 Bifidobacterium longum subsp. infantis ATCC 15697, complete genome
# Database: db/blast_C0511-2F-1A_S58.faa
# 0 hits found
# BLASTN 2.9.0+
# Query: NC_011593.1:c2606381-2605944 Bifidobacterium longum subsp. infantis ATCC 15697, complete genome
# Database: db/blast_C0511-2F-1A_S58.faa
# 0 hits found
# BLASTN 2.9.0+
# Query: NC_011593.1:c2607314-2606418 Bifidobacterium longum subsp. infantis ATCC 15697, complete genome
# Database: db/blast_C0511-2F-1A_S58.faa
# 0 hits found
# BLASTN 2.9.0+
# Query: NC_011593.1:c2608249-2607458 Bifidobacterium longum subsp. infantis ATCC 15697, complete genome
# Database: db/blast_C0511-2F-1A_S58.faa
# 0 hits found
# BLASTN 2.9.0+
# Query: NC_011593.1:c2609546-2608269 Bifidobacterium longum subsp. infantis ATCC 15697, complete genome
# Database: db/blast_C0511-2F-1A_S58.faa
# 0 hits found
# BLASTN 2.9.0+
# Query: NC_011593.1:c2610356-2609697 Bifidobacterium longum subsp. infantis ATCC 15697, complete genome
# Database: db/blast_C0511-2F-1A_S58.faa
# 0 hits found
# BLASTN 2.9.0+
# Query: NC_011593.1:c2611458-2610496 Bifidobacterium longum subsp. infantis ATCC 15697, complete genome
# Database: db/blast_C0511-2F-1A_S58.faa
# 0 hits found
# BLASTN 2.9.0+
# Query: NC_011593.1:c2612430-2611477 Bifidobacterium longum subsp. infantis ATCC 15697, complete genome
# Database: db/blast_C0511-2F-1A_S58.faa
# 0 hits found
# BLASTN 2.9.0+
# Query: NC_011593.1:c2614109-2612517 Bifidobacterium longum subsp. infantis ATCC 15697, complete genome
# Database: db/blast_C0511-2F-1A_S58.faa
# 0 hits found
# BLASTN 2.9.0+
# Query: NC_011593.1:c2615274-2614312 Bifidobacterium longum subsp. infantis ATCC 15697, complete genome
# Database: db/blast_C0511-2F-1A_S58.faa
# 0 hits found
# BLASTN 2.9.0+
# Query: NC_011593.1:c2616246-2615293 Bifidobacterium longum subsp. infantis ATCC 15697, complete genome
# Database: db/blast_C0511-2F-1A_S58.faa
# 0 hits found
# BLASTN 2.9.0+
# Query: NC_011593.1:c2617928-2616333 Bifidobacterium longum subsp. infantis ATCC 15697, complete genome
# Database: db/blast_C0511-2F-1A_S58.faa
# 0 hits found
# BLASTN 2.9.0+
# Query: NC_011593.1:c2619247-2618063 Bifidobacterium longum subsp. infantis ATCC 15697, complete genome
# Database: db/blast_C0511-2F-1A_S58.faa
# 0 hits found
# BLASTN 2.9.0+
# Query: NC_011593.1:c2620369-2619413 Bifidobacterium longum subsp. infantis ATCC 15697, complete genome
# Database: db/blast_C0511-2F-1A_S58.faa
# 0 hits found
# BLASTN 2.9.0+
# Query: NC_011593.1:c2622143-2620551 Bifidobacterium longum subsp. infantis ATCC 15697, complete genome
# Database: db/blast_C0511-2F-1A_S58.faa
# 0 hits found
# BLASTN 2.9.0+
# Query: NC_011593.1:c2624124-2622520 Bifidobacterium longum subsp. infantis ATCC 15697, complete genome
# Database: db/blast_C0511-2F-1A_S58.faa
# 0 hits found
# BLASTN 2.9.0+
# Query: NC_011593.1:c2626110-2624512 Bifidobacterium longum subsp. infantis ATCC 15697, complete genome
# Database: db/blast_C0511-2F-1A_S58.faa
# Fields: query acc.ver, subject acc.ver, % identity, alignment length, mismatches, gap opens, q. start, q. end, s. start, s. end, evalue, bit score
# 3 hits found
NC_011593.1:c2626110-2624512	NB551033:131:HK2T7BGX9:3:23401:8993:13563#0/2	100.000	30	0	0	1555	1584	18	47	1.33e-05	56.5
NC_011593.1:c2626110-2624512	NB551033:131:HK2T7BGX9:4:12403:3519:10494#0/1	100.000	30	0	0	1555	1584	18	47	1.33e-05	56.5
NC_011593.1:c2626110-2624512	NB551033:131:HK2T7BGX9:3:23401:8993:13563#0/1	100.000	30	0	0	1555	1584	73	44	1.33e-05	56.5
# BLASTN 2.9.0+
# Query: NC_011593.1:c2626386-2626264 Bifidobacterium longum subsp. infantis ATCC 15697, complete genome
# Database: db/blast_C0511-2F-1A_S58.faa
# 0 hits found
# BLASTN 2.9.0+
# Query: NC_011593.1:c2628158-2626563 Bifidobacterium longum subsp. infantis ATCC 15697, complete genome
# Database: db/blast_C0511-2F-1A_S58.faa
# 0 hits found
# BLASTN 2.9.0+
# Query: NC_011593.1:c2630269-2628314 Bifidobacterium longum subsp. infantis ATCC 15697, complete genome
# Database: db/blast_C0511-2F-1A_S58.faa
# 0 hits found
# BLASTN 2.9.0+
# Query: NC_011593.1:c2631106-2630366 Bifidobacterium longum subsp. infantis ATCC 15697, complete genome
# Database: db/blast_C0511-2F-1A_S58.faa
# 0 hits found
# BLASTN 2.9.0+
# Query: NC_011593.1:c2632432-2631140 Bifidobacterium longum subsp. infantis ATCC 15697, complete genome
# Database: db/blast_C0511-2F-1A_S58.faa
# 0 hits found
# BLASTN 2.9.0+
# Query: NC_011593.1:c2633881-2632562 Bifidobacterium longum subsp. infantis ATCC 15697, complete genome
# Database: db/blast_C0511-2F-1A_S58.faa
# 0 hits found
# BLASTN 2.9.0+
# Query: NC_011593.1:c2634683-2633865 Bifidobacterium longum subsp. infantis ATCC 15697, complete genome
# Database: db/blast_C0511-2F-1A_S58.faa
# 0 hits found
# BLASTN 2.9.0+
# Query: NC_011593.1:c2635627-2634680 Bifidobacterium longum subsp. infantis ATCC 15697, complete genome
# Database: db/blast_C0511-2F-1A_S58.faa
# 0 hits found
# BLASTN 2.9.0+
# Query: NC_011593.1:c2636747-2635629 Bifidobacterium longum subsp. infantis ATCC 15697, complete genome
# Database: db/blast_C0511-2F-1A_S58.faa
# 0 hits found
# BLAST processed 31 queries
