# BLASTN 2.9.0+
# Query: NC_011593.1:c2595355-2593832 Bifidobacterium longum subsp. infantis ATCC 15697, complete genome
# Database: db/blast_C0516-2F-1A_S64.faa
# Fields: query acc.ver, subject acc.ver, % identity, alignment length, mismatches, gap opens, q. start, q. end, s. start, s. end, evalue, bit score
# 105 hits found
NC_011593.1:c2595355-2593832	NB551033:131:HK2T7BGX9:4:11402:6285:18159#0/1	99.333	150	1	0	986	1135	150	1	8.15e-71	272
NC_011593.1:c2595355-2593832	NB551033:131:HK2T7BGX9:1:23309:15343:4901#0/1	99.333	150	1	0	936	1085	150	1	8.15e-71	272
NC_011593.1:c2595355-2593832	NB551033:131:HK2T7BGX9:4:11402:6285:18159#0/2	98.667	150	2	0	978	1127	1	150	3.79e-69	267
NC_011593.1:c2595355-2593832	NB551033:131:HK2T7BGX9:2:13106:16017:15789#0/2	98.667	150	2	0	429	578	1	150	3.79e-69	267
NC_011593.1:c2595355-2593832	NB551033:131:HK2T7BGX9:1:21208:5274:8622#0/2	99.320	147	1	0	1013	1159	1	147	3.79e-69	267
NC_011593.1:c2595355-2593832	NB551033:131:HK2T7BGX9:1:12206:19919:4421#0/2	98.667	150	2	0	981	1130	150	1	3.79e-69	267
NC_011593.1:c2595355-2593832	NB551033:131:HK2T7BGX9:3:11503:9082:7295#0/2	98.658	149	2	0	997	1145	1	149	1.36e-68	265
NC_011593.1:c2595355-2593832	NB551033:131:HK2T7BGX9:2:23211:12046:8293#0/2	98.658	149	2	0	971	1119	1	149	1.36e-68	265
NC_011593.1:c2595355-2593832	NB551033:131:HK2T7BGX9:4:21604:9622:3282#0/2	98.013	151	3	0	1178	1328	1	151	4.91e-68	263
NC_011593.1:c2595355-2593832	NB551033:131:HK2T7BGX9:1:23309:15343:4901#0/2	98.013	151	3	0	801	951	1	151	4.91e-68	263
NC_011593.1:c2595355-2593832	NB551033:131:HK2T7BGX9:2:23102:19362:7539#0/1	98.013	151	3	0	369	519	151	1	4.91e-68	263
NC_011593.1:c2595355-2593832	NB551033:131:HK2T7BGX9:2:11102:7781:5463#0/1	98.013	151	3	0	702	852	151	1	4.91e-68	263
NC_011593.1:c2595355-2593832	NB551033:131:HK2T7BGX9:4:21406:24491:11579#0/2	98.000	150	3	0	1033	1182	150	1	1.77e-67	261
NC_011593.1:c2595355-2593832	NB551033:131:HK2T7BGX9:4:13509:22967:11265#0/2	98.000	150	3	0	717	866	150	1	1.77e-67	261
NC_011593.1:c2595355-2593832	NB551033:131:HK2T7BGX9:4:13403:8138:19329#0/2	98.000	150	3	0	427	576	1	150	1.77e-67	261
NC_011593.1:c2595355-2593832	NB551033:131:HK2T7BGX9:2:12206:25913:12517#0/2	98.000	150	3	0	94	243	1	150	1.77e-67	261
NC_011593.1:c2595355-2593832	NB551033:131:HK2T7BGX9:2:11102:18624:5828#0/2	98.000	150	3	0	1233	1382	1	150	1.77e-67	261
NC_011593.1:c2595355-2593832	NB551033:131:HK2T7BGX9:2:13209:5561:4194#0/1	98.000	150	3	0	707	856	150	1	1.77e-67	261
NC_011593.1:c2595355-2593832	NB551033:131:HK2T7BGX9:3:13405:14667:14126#0/2	97.987	149	3	0	1079	1227	149	1	6.35e-67	259
NC_011593.1:c2595355-2593832	NB551033:131:HK2T7BGX9:4:21406:24491:11579#0/1	97.351	151	4	0	856	1006	1	151	2.28e-66	257
NC_011593.1:c2595355-2593832	NB551033:131:HK2T7BGX9:3:23607:3586:12557#0/1	97.351	151	4	0	102	252	151	1	2.28e-66	257
NC_011593.1:c2595355-2593832	NB551033:131:HK2T7BGX9:3:13509:6710:2228#0/1	97.973	148	3	0	1127	1274	1	148	2.28e-66	257
NC_011593.1:c2595355-2593832	NB551033:131:HK2T7BGX9:1:21208:5274:8622#0/1	97.351	151	4	0	1096	1246	151	1	2.28e-66	257
NC_011593.1:c2595355-2593832	NB551033:131:HK2T7BGX9:2:23205:5854:16467#0/2	97.333	150	4	0	496	645	1	150	8.21e-66	255
NC_011593.1:c2595355-2593832	NB551033:131:HK2T7BGX9:1:21203:21954:15703#0/2	97.333	150	4	0	554	703	1	150	8.21e-66	255
NC_011593.1:c2595355-2593832	NB551033:131:HK2T7BGX9:4:21604:9622:3282#0/1	97.333	150	4	0	1312	1461	150	1	8.21e-66	255
NC_011593.1:c2595355-2593832	NB551033:131:HK2T7BGX9:4:11508:24413:19889#0/1	97.333	150	4	0	319	468	150	1	8.21e-66	255
NC_011593.1:c2595355-2593832	NB551033:131:HK2T7BGX9:3:13405:14667:14126#0/1	97.333	150	4	0	854	1003	1	150	8.21e-66	255
NC_011593.1:c2595355-2593832	NB551033:131:HK2T7BGX9:2:23211:12046:8293#0/1	97.959	147	3	0	1053	1199	147	1	8.21e-66	255
NC_011593.1:c2595355-2593832	NB551033:131:HK2T7BGX9:2:22307:21157:15596#0/2	97.315	149	4	0	332	480	149	1	2.95e-65	254
NC_011593.1:c2595355-2593832	NB551033:131:HK2T7BGX9:2:21209:25045:12927#0/2	96.689	151	5	0	586	736	1	151	1.06e-64	252
NC_011593.1:c2595355-2593832	NB551033:131:HK2T7BGX9:2:13209:5561:4194#0/2	96.689	151	5	0	610	760	1	151	1.06e-64	252
NC_011593.1:c2595355-2593832	NB551033:131:HK2T7BGX9:2:13106:16017:15789#0/1	96.689	151	5	0	585	735	151	1	1.06e-64	252
NC_011593.1:c2595355-2593832	NB551033:131:HK2T7BGX9:2:11102:7781:5463#0/2	96.667	150	5	0	672	821	1	150	3.82e-64	250
NC_011593.1:c2595355-2593832	NB551033:131:HK2T7BGX9:4:21501:15998:12203#0/1	96.667	150	5	0	670	819	150	1	3.82e-64	250
NC_011593.1:c2595355-2593832	NB551033:131:HK2T7BGX9:2:13306:13296:16768#0/1	96.667	150	5	0	328	477	1	150	3.82e-64	250
NC_011593.1:c2595355-2593832	NB551033:131:HK2T7BGX9:2:13306:13296:16768#0/2	96.622	148	5	0	617	764	148	1	4.94e-63	246
NC_011593.1:c2595355-2593832	NB551033:131:HK2T7BGX9:2:23205:5854:16467#0/1	96.026	151	6	0	585	735	151	1	4.94e-63	246
NC_011593.1:c2595355-2593832	NB551033:131:HK2T7BGX9:2:22309:15142:15454#0/1	96.026	151	6	0	308	458	151	1	4.94e-63	246
NC_011593.1:c2595355-2593832	NB551033:131:HK2T7BGX9:4:21501:15998:12203#0/2	96.000	150	6	0	647	796	1	150	1.78e-62	244
NC_011593.1:c2595355-2593832	NB551033:131:HK2T7BGX9:2:21209:25045:12927#0/1	96.000	150	6	0	655	804	150	1	1.78e-62	244
NC_011593.1:c2595355-2593832	NB551033:131:HK2T7BGX9:1:21203:21954:15703#0/1	96.000	150	6	0	655	804	150	1	1.78e-62	244
NC_011593.1:c2595355-2593832	NB551033:131:HK2T7BGX9:4:13612:19274:15777#0/1	97.183	142	4	0	1105	1246	142	1	2.30e-61	241
NC_011593.1:c2595355-2593832	NB551033:131:HK2T7BGX9:2:12206:25913:12517#0/1	95.364	151	7	0	230	380	151	1	2.30e-61	241
NC_011593.1:c2595355-2593832	NB551033:131:HK2T7BGX9:3:11606:9588:13889#0/2	97.826	138	3	0	1092	1229	138	1	8.27e-61	239
NC_011593.1:c2595355-2593832	NB551033:131:HK2T7BGX9:2:23102:19362:7539#0/2	95.333	150	7	0	261	410	1	150	8.27e-61	239
NC_011593.1:c2595355-2593832	NB551033:131:HK2T7BGX9:2:12110:14794:5182#0/2	95.333	150	7	0	429	578	1	150	8.27e-61	239
NC_011593.1:c2595355-2593832	NB551033:131:HK2T7BGX9:3:11606:9588:13889#0/1	97.826	138	3	0	1092	1229	1	138	8.27e-61	239
NC_011593.1:c2595355-2593832	NB551033:131:HK2T7BGX9:3:23506:19733:10352#0/2	97.810	137	3	0	448	584	137	1	2.97e-60	237
NC_011593.1:c2595355-2593832	NB551033:131:HK2T7BGX9:2:21301:5812:10769#0/2	97.143	140	4	0	68	207	140	1	2.97e-60	237
NC_011593.1:c2595355-2593832	NB551033:131:HK2T7BGX9:4:13403:8138:19329#0/1	97.810	137	3	0	714	850	137	1	2.97e-60	237
NC_011593.1:c2595355-2593832	NB551033:131:HK2T7BGX9:1:11105:13834:6581#0/2	97.794	136	3	0	1335	1470	151	16	1.07e-59	235
NC_011593.1:c2595355-2593832	NB551033:131:HK2T7BGX9:1:23208:15888:5400#0/2	96.429	140	5	0	318	457	1	140	1.38e-58	231
NC_011593.1:c2595355-2593832	NB551033:131:HK2T7BGX9:1:23208:15888:5400#0/1	96.429	140	5	0	318	457	140	1	1.38e-58	231
NC_011593.1:c2595355-2593832	NB551033:131:HK2T7BGX9:2:22303:6137:8150#0/2	97.037	135	4	0	64	198	135	1	1.79e-57	228
NC_011593.1:c2595355-2593832	NB551033:131:HK2T7BGX9:1:21110:11176:11073#0/2	95.745	141	6	0	267	407	141	1	1.79e-57	228
NC_011593.1:c2595355-2593832	NB551033:131:HK2T7BGX9:2:22303:6137:8150#0/1	97.037	135	4	0	64	198	1	135	1.79e-57	228
NC_011593.1:c2595355-2593832	NB551033:131:HK2T7BGX9:1:21110:11176:11073#0/1	95.745	141	6	0	267	407	1	141	1.79e-57	228
NC_011593.1:c2595355-2593832	NB551033:131:HK2T7BGX9:4:12601:6844:2967#0/1	96.970	132	4	0	427	558	1	132	8.33e-56	222
NC_011593.1:c2595355-2593832	NB551033:131:HK2T7BGX9:1:12206:19919:4421#0/1	99.187	123	1	0	905	1027	1	123	8.33e-56	222
NC_011593.1:c2595355-2593832	NB551033:131:HK2T7BGX9:4:12601:6844:2967#0/2	95.588	136	6	0	429	564	136	1	1.08e-54	219
NC_011593.1:c2595355-2593832	NB551033:131:HK2T7BGX9:4:23603:18858:12782#0/1	96.212	132	5	0	699	830	1	132	3.88e-54	217
NC_011593.1:c2595355-2593832	NB551033:131:HK2T7BGX9:3:13503:11505:11284#0/2	98.319	119	2	0	711	829	2	120	6.48e-52	209
NC_011593.1:c2595355-2593832	NB551033:131:HK2T7BGX9:3:13503:11505:11284#0/1	98.319	119	2	0	711	829	119	1	6.48e-52	209
NC_011593.1:c2595355-2593832	NB551033:131:HK2T7BGX9:3:12604:23135:2306#0/2	99.123	114	1	0	361	474	114	1	8.39e-51	206
NC_011593.1:c2595355-2593832	NB551033:131:HK2T7BGX9:2:23110:5114:20381#0/2	98.291	117	2	0	905	1021	1	117	8.39e-51	206
NC_011593.1:c2595355-2593832	NB551033:131:HK2T7BGX9:3:12604:23135:2306#0/1	99.123	114	1	0	361	474	1	114	8.39e-51	206
NC_011593.1:c2595355-2593832	NB551033:131:HK2T7BGX9:2:23110:5114:20381#0/1	98.291	117	2	0	905	1021	117	1	8.39e-51	206
NC_011593.1:c2595355-2593832	NB551033:131:HK2T7BGX9:2:12212:11909:16814#0/2	99.115	113	1	0	939	1051	113	1	3.02e-50	204
NC_011593.1:c2595355-2593832	NB551033:131:HK2T7BGX9:2:12212:11909:16814#0/1	99.115	113	1	0	939	1051	1	113	3.02e-50	204
NC_011593.1:c2595355-2593832	NB551033:131:HK2T7BGX9:4:11508:24413:19889#0/2	95.833	120	5	0	256	375	1	120	1.82e-47	195
NC_011593.1:c2595355-2593832	NB551033:131:HK2T7BGX9:3:21411:12841:1350#0/2	99.074	108	1	0	974	1081	108	1	1.82e-47	195
NC_011593.1:c2595355-2593832	NB551033:131:HK2T7BGX9:3:21411:12841:1350#0/1	98.131	107	2	0	973	1079	1	107	3.04e-45	187
NC_011593.1:c2595355-2593832	NB551033:131:HK2T7BGX9:3:12411:6144:11293#0/1	97.196	107	3	0	831	937	107	1	1.41e-43	182
NC_011593.1:c2595355-2593832	NB551033:131:HK2T7BGX9:1:13109:20053:10894#0/2	98.990	99	1	0	937	1035	99	1	1.83e-42	178
NC_011593.1:c2595355-2593832	NB551033:131:HK2T7BGX9:1:13109:20053:10894#0/1	98.990	99	1	0	937	1035	1	99	1.83e-42	178
NC_011593.1:c2595355-2593832	NB551033:131:HK2T7BGX9:4:21503:24074:16896#0/2	98.980	98	1	0	721	818	98	1	6.58e-42	176
NC_011593.1:c2595355-2593832	NB551033:131:HK2T7BGX9:4:21503:24074:16896#0/1	98.980	98	1	0	721	818	2	99	6.58e-42	176
NC_011593.1:c2595355-2593832	NB551033:131:HK2T7BGX9:4:13509:22967:11265#0/1	96.262	107	4	0	692	798	1	107	6.58e-42	176
NC_011593.1:c2595355-2593832	NB551033:131:HK2T7BGX9:4:12403:6231:8995#0/2	96.154	104	4	0	218	321	1	104	3.06e-40	171
NC_011593.1:c2595355-2593832	NB551033:131:HK2T7BGX9:4:12403:6231:8995#0/1	96.154	104	4	0	218	321	104	1	3.06e-40	171
NC_011593.1:c2595355-2593832	NB551033:131:HK2T7BGX9:3:11503:9082:7295#0/1	97.030	101	3	0	1370	1470	148	48	3.06e-40	171
NC_011593.1:c2595355-2593832	NB551033:131:HK2T7BGX9:4:21505:11158:19398#0/2	98.925	93	1	0	429	521	1	93	3.96e-39	167
NC_011593.1:c2595355-2593832	NB551033:131:HK2T7BGX9:4:21505:11158:19398#0/1	98.925	93	1	0	429	521	93	1	3.96e-39	167
NC_011593.1:c2595355-2593832	NB551033:131:HK2T7BGX9:3:13509:6710:2228#0/2	97.849	93	2	0	1274	1366	93	1	1.84e-37	161
NC_011593.1:c2595355-2593832	NB551033:131:HK2T7BGX9:2:12305:4309:2007#0/2	96.842	95	3	0	181	275	95	1	6.62e-37	159
NC_011593.1:c2595355-2593832	NB551033:131:HK2T7BGX9:2:12305:4309:2007#0/1	96.842	95	3	0	181	275	2	96	6.62e-37	159
NC_011593.1:c2595355-2593832	NB551033:131:HK2T7BGX9:4:12612:19480:19548#0/2	97.590	83	2	0	1284	1366	1	83	6.67e-32	143
NC_011593.1:c2595355-2593832	NB551033:131:HK2T7BGX9:4:12612:19480:19548#0/1	97.590	83	2	0	1284	1366	83	1	6.67e-32	143
NC_011593.1:c2595355-2593832	NB551033:131:HK2T7BGX9:1:11105:13834:6581#0/1	98.734	79	1	0	1181	1259	3	81	2.40e-31	141
NC_011593.1:c2595355-2593832	NB551033:131:HK2T7BGX9:4:13612:19274:15777#0/2	100.000	73	0	0	1006	1078	1	73	1.12e-29	135
NC_011593.1:c2595355-2593832	NB551033:131:HK2T7BGX9:4:21608:3118:18709#0/1	97.436	78	2	0	1393	1470	1	78	4.01e-29	134
NC_011593.1:c2595355-2593832	NB551033:131:HK2T7BGX9:4:12612:25290:4161#0/2	98.630	73	1	0	732	804	1	73	5.19e-28	130
NC_011593.1:c2595355-2593832	NB551033:131:HK2T7BGX9:4:12612:25290:4161#0/1	98.630	73	1	0	732	804	73	1	5.19e-28	130
NC_011593.1:c2595355-2593832	NB551033:131:HK2T7BGX9:2:12301:23543:11016#0/2	95.000	80	4	0	371	450	80	1	6.72e-27	126
NC_011593.1:c2595355-2593832	NB551033:131:HK2T7BGX9:4:23612:26442:9094#0/2	100.000	64	0	0	801	864	64	1	1.12e-24	119
NC_011593.1:c2595355-2593832	NB551033:131:HK2T7BGX9:4:23612:26442:9094#0/1	100.000	64	0	0	801	864	1	64	1.12e-24	119
NC_011593.1:c2595355-2593832	NB551033:131:HK2T7BGX9:2:22307:21157:15596#0/1	97.101	69	2	0	159	227	1	69	4.04e-24	117
NC_011593.1:c2595355-2593832	NB551033:131:HK2T7BGX9:3:12411:6144:11293#0/2	98.462	65	1	0	610	674	1	65	1.45e-23	115
NC_011593.1:c2595355-2593832	NB551033:131:HK2T7BGX9:2:11301:8692:12674#0/2	97.015	67	2	0	229	295	1	67	5.23e-23	113
NC_011593.1:c2595355-2593832	NB551033:131:HK2T7BGX9:2:11301:8692:12674#0/1	97.015	67	2	0	229	295	67	1	5.23e-23	113
NC_011593.1:c2595355-2593832	NB551033:131:HK2T7BGX9:3:23506:19733:10352#0/1	96.923	65	2	0	338	402	1	65	6.77e-22	110
NC_011593.1:c2595355-2593832	NB551033:131:HK2T7BGX9:1:12105:7634:14598#0/2	98.305	59	1	0	1412	1470	1	59	3.15e-20	104
NC_011593.1:c2595355-2593832	NB551033:131:HK2T7BGX9:1:12105:7634:14598#0/1	98.305	59	1	0	1412	1470	71	13	3.15e-20	104
NC_011593.1:c2595355-2593832	NB551033:131:HK2T7BGX9:1:22106:13122:16643#0/2	95.238	63	3	0	372	434	1	63	4.07e-19	100
# BLASTN 2.9.0+
# Query: NC_011593.1:c2597106-2595574 Bifidobacterium longum subsp. infantis ATCC 15697, complete genome
# Database: db/blast_C0516-2F-1A_S64.faa
# Fields: query acc.ver, subject acc.ver, % identity, alignment length, mismatches, gap opens, q. start, q. end, s. start, s. end, evalue, bit score
# 14 hits found
NC_011593.1:c2597106-2595574	NB551033:131:HK2T7BGX9:4:12601:6844:2967#0/1	95.349	129	6	0	427	555	1	129	8.44e-51	206
NC_011593.1:c2597106-2595574	NB551033:131:HK2T7BGX9:2:21301:5812:10769#0/1	95.763	118	5	0	1	118	34	151	2.36e-46	191
NC_011593.1:c2597106-2595574	NB551033:131:HK2T7BGX9:4:11403:18594:4782#0/2	95.327	107	5	0	1	107	107	1	3.08e-40	171
NC_011593.1:c2597106-2595574	NB551033:131:HK2T7BGX9:4:13408:20168:7564#0/1	95.327	107	5	0	1	107	107	1	3.08e-40	171
NC_011593.1:c2597106-2595574	NB551033:131:HK2T7BGX9:4:11403:18594:4782#0/1	95.327	107	5	0	1	107	20	126	3.08e-40	171
NC_011593.1:c2597106-2595574	NB551033:131:HK2T7BGX9:2:22309:15142:15454#0/2	95.192	104	5	0	1	104	47	150	1.43e-38	165
NC_011593.1:c2597106-2595574	NB551033:131:HK2T7BGX9:4:21505:11158:19398#0/2	96.703	91	3	0	429	519	1	91	1.12e-34	152
NC_011593.1:c2597106-2595574	NB551033:131:HK2T7BGX9:4:21505:11158:19398#0/1	96.703	91	3	0	429	519	93	3	1.12e-34	152
NC_011593.1:c2597106-2595574	NB551033:131:HK2T7BGX9:4:21608:3118:18709#0/1	97.436	78	2	0	1393	1470	1	78	4.04e-29	134
NC_011593.1:c2597106-2595574	NB551033:131:HK2T7BGX9:4:22512:7501:3454#0/2	95.833	72	3	0	147	218	72	1	4.07e-24	117
NC_011593.1:c2597106-2595574	NB551033:131:HK2T7BGX9:4:22512:7501:3454#0/1	95.833	72	3	0	147	218	1	72	4.07e-24	117
NC_011593.1:c2597106-2595574	NB551033:131:HK2T7BGX9:1:12105:7634:14598#0/2	98.305	59	1	0	1412	1470	1	59	3.17e-20	104
NC_011593.1:c2597106-2595574	NB551033:131:HK2T7BGX9:1:12105:7634:14598#0/1	98.305	59	1	0	1412	1470	71	13	3.17e-20	104
NC_011593.1:c2597106-2595574	NB551033:131:HK2T7BGX9:3:22607:19401:13084#0/2	100.000	55	0	0	1	55	55	1	1.14e-19	102
# BLASTN 2.9.0+
# Query: NC_011593.1:c2598562-2597207 Bifidobacterium longum subsp. infantis ATCC 15697, complete genome
# Database: db/blast_C0516-2F-1A_S64.faa
# Fields: query acc.ver, subject acc.ver, % identity, alignment length, mismatches, gap opens, q. start, q. end, s. start, s. end, evalue, bit score
# 87 hits found
NC_011593.1:c2598562-2597207	NB551033:131:HK2T7BGX9:4:23604:25069:10939#0/2	100.000	151	0	0	399	549	1	151	4.33e-73	279
NC_011593.1:c2598562-2597207	NB551033:131:HK2T7BGX9:4:23601:7972:13467#0/2	100.000	151	0	0	600	750	1	151	4.33e-73	279
NC_011593.1:c2598562-2597207	NB551033:131:HK2T7BGX9:4:22509:9530:6856#0/2	100.000	151	0	0	361	511	1	151	4.33e-73	279
NC_011593.1:c2598562-2597207	NB551033:131:HK2T7BGX9:3:12401:8797:10639#0/2	100.000	151	0	0	1074	1224	151	1	4.33e-73	279
NC_011593.1:c2598562-2597207	NB551033:131:HK2T7BGX9:1:21309:23614:17711#0/2	100.000	151	0	0	511	661	1	151	4.33e-73	279
NC_011593.1:c2598562-2597207	NB551033:131:HK2T7BGX9:4:23604:25069:10939#0/1	100.000	151	0	0	622	772	151	1	4.33e-73	279
NC_011593.1:c2598562-2597207	NB551033:131:HK2T7BGX9:4:11510:7771:16847#0/1	100.000	151	0	0	293	443	1	151	4.33e-73	279
NC_011593.1:c2598562-2597207	NB551033:131:HK2T7BGX9:3:22604:16821:9199#0/2	100.000	150	0	0	1180	1329	150	1	1.56e-72	278
NC_011593.1:c2598562-2597207	NB551033:131:HK2T7BGX9:3:13609:11169:1085#0/2	100.000	150	0	0	654	803	150	1	1.56e-72	278
NC_011593.1:c2598562-2597207	NB551033:131:HK2T7BGX9:3:12607:21281:16087#0/2	100.000	150	0	0	205	354	1	150	1.56e-72	278
NC_011593.1:c2598562-2597207	NB551033:131:HK2T7BGX9:2:23307:26411:3416#0/2	100.000	150	0	0	756	905	1	150	1.56e-72	278
NC_011593.1:c2598562-2597207	NB551033:131:HK2T7BGX9:2:23205:15635:3366#0/2	100.000	150	0	0	168	317	1	150	1.56e-72	278
NC_011593.1:c2598562-2597207	NB551033:131:HK2T7BGX9:1:13111:18914:19698#0/2	100.000	150	0	0	600	749	1	150	1.56e-72	278
NC_011593.1:c2598562-2597207	NB551033:131:HK2T7BGX9:1:13104:13772:14426#0/2	100.000	150	0	0	689	838	1	150	1.56e-72	278
NC_011593.1:c2598562-2597207	NB551033:131:HK2T7BGX9:4:12610:2407:14923#0/1	100.000	150	0	0	256	405	1	150	1.56e-72	278
NC_011593.1:c2598562-2597207	NB551033:131:HK2T7BGX9:3:12401:8797:10639#0/1	100.000	150	0	0	1063	1212	1	150	1.56e-72	278
NC_011593.1:c2598562-2597207	NB551033:131:HK2T7BGX9:1:21309:23614:17711#0/1	100.000	150	0	0	597	746	150	1	1.56e-72	278
NC_011593.1:c2598562-2597207	NB551033:131:HK2T7BGX9:1:13111:18914:19698#0/1	100.000	150	0	0	640	789	150	1	1.56e-72	278
NC_011593.1:c2598562-2597207	NB551033:131:HK2T7BGX9:1:13104:13772:14426#0/1	100.000	150	0	0	779	928	150	1	1.56e-72	278
NC_011593.1:c2598562-2597207	NB551033:131:HK2T7BGX9:3:21512:9141:17282#0/2	100.000	149	0	0	820	968	1	149	5.60e-72	276
NC_011593.1:c2598562-2597207	NB551033:131:HK2T7BGX9:1:12211:3102:16046#0/2	100.000	149	0	0	320	468	1	149	5.60e-72	276
NC_011593.1:c2598562-2597207	NB551033:131:HK2T7BGX9:4:12502:3129:16131#0/1	100.000	149	0	0	769	917	1	149	5.60e-72	276
NC_011593.1:c2598562-2597207	NB551033:131:HK2T7BGX9:1:12211:7497:19588#0/2	100.000	148	0	0	1093	1240	148	1	2.01e-71	274
NC_011593.1:c2598562-2597207	NB551033:131:HK2T7BGX9:4:11606:20056:12784#0/1	99.338	151	1	0	451	601	1	151	2.01e-71	274
NC_011593.1:c2598562-2597207	NB551033:131:HK2T7BGX9:3:13609:11169:1085#0/1	99.338	151	1	0	361	511	1	151	2.01e-71	274
NC_011593.1:c2598562-2597207	NB551033:131:HK2T7BGX9:4:13407:18898:8761#0/1	99.333	150	1	0	1189	1338	1	150	7.24e-71	272
NC_011593.1:c2598562-2597207	NB551033:131:HK2T7BGX9:4:12610:2407:14923#0/2	100.000	146	0	0	315	460	146	1	2.60e-70	270
NC_011593.1:c2598562-2597207	NB551033:131:HK2T7BGX9:1:11104:19404:19299#0/2	99.329	149	1	0	1118	1266	1	149	2.60e-70	270
NC_011593.1:c2598562-2597207	NB551033:131:HK2T7BGX9:3:22604:16821:9199#0/1	99.310	145	1	0	1058	1202	6	150	4.36e-68	263
NC_011593.1:c2598562-2597207	NB551033:131:HK2T7BGX9:2:23201:18668:4811#0/1	99.296	142	1	0	1215	1356	1	142	2.03e-66	257
NC_011593.1:c2598562-2597207	NB551033:131:HK2T7BGX9:4:11506:15619:3239#0/1	100.000	138	0	0	293	430	1	138	7.29e-66	255
NC_011593.1:c2598562-2597207	NB551033:131:HK2T7BGX9:3:22402:1792:1483#0/2	100.000	136	0	0	254	389	1	136	9.43e-65	252
NC_011593.1:c2598562-2597207	NB551033:131:HK2T7BGX9:1:11209:21747:8396#0/1	99.275	138	1	0	1136	1273	138	1	3.39e-64	250
NC_011593.1:c2598562-2597207	NB551033:131:HK2T7BGX9:1:12107:13235:10786#0/2	100.000	134	0	0	689	822	134	1	1.22e-63	248
NC_011593.1:c2598562-2597207	NB551033:131:HK2T7BGX9:1:12107:13235:10786#0/1	100.000	134	0	0	689	822	1	134	1.22e-63	248
NC_011593.1:c2598562-2597207	NB551033:131:HK2T7BGX9:2:12301:6374:1549#0/1	100.000	126	0	0	260	385	1	126	3.42e-59	233
NC_011593.1:c2598562-2597207	NB551033:131:HK2T7BGX9:4:11506:15619:3239#0/2	100.000	116	0	0	315	430	116	1	1.24e-53	215
NC_011593.1:c2598562-2597207	NB551033:131:HK2T7BGX9:3:12508:19913:14641#0/1	100.000	116	0	0	1168	1283	116	1	1.24e-53	215
NC_011593.1:c2598562-2597207	NB551033:131:HK2T7BGX9:4:11606:20056:12784#0/2	99.138	116	1	0	538	653	116	1	5.76e-52	209
NC_011593.1:c2598562-2597207	NB551033:131:HK2T7BGX9:3:12508:19913:14641#0/2	99.138	116	1	0	1168	1283	1	116	5.76e-52	209
NC_011593.1:c2598562-2597207	NB551033:131:HK2T7BGX9:2:11101:14300:6568#0/2	100.000	110	0	0	955	1064	117	8	2.68e-50	204
NC_011593.1:c2598562-2597207	NB551033:131:HK2T7BGX9:2:11101:14300:6568#0/1	100.000	110	0	0	955	1064	1	110	2.68e-50	204
NC_011593.1:c2598562-2597207	NB551033:131:HK2T7BGX9:1:11104:19404:19299#0/1	100.000	106	0	0	1251	1356	151	46	4.48e-48	196
NC_011593.1:c2598562-2597207	NB551033:131:HK2T7BGX9:3:11502:9115:12687#0/2	100.000	105	0	0	960	1064	1	105	1.61e-47	195
NC_011593.1:c2598562-2597207	NB551033:131:HK2T7BGX9:2:23203:11645:10983#0/2	100.000	105	0	0	1252	1356	1	105	1.61e-47	195
NC_011593.1:c2598562-2597207	NB551033:131:HK2T7BGX9:1:21211:1346:9409#0/2	100.000	105	0	0	1092	1196	105	1	1.61e-47	195
NC_011593.1:c2598562-2597207	NB551033:131:HK2T7BGX9:4:23601:7972:13467#0/1	100.000	105	0	0	960	1064	151	47	1.61e-47	195
NC_011593.1:c2598562-2597207	NB551033:131:HK2T7BGX9:2:21308:10605:19905#0/1	100.000	105	0	0	960	1064	1	105	1.61e-47	195
NC_011593.1:c2598562-2597207	NB551033:131:HK2T7BGX9:3:11407:11774:18535#0/2	100.000	104	0	0	138	241	48	151	5.80e-47	193
NC_011593.1:c2598562-2597207	NB551033:131:HK2T7BGX9:3:23504:4165:2980#0/2	99.048	105	1	0	1252	1356	1	105	7.50e-46	189
NC_011593.1:c2598562-2597207	NB551033:131:HK2T7BGX9:2:12111:16680:6961#0/2	100.000	102	0	0	320	421	102	1	7.50e-46	189
NC_011593.1:c2598562-2597207	NB551033:131:HK2T7BGX9:2:11304:16451:8294#0/2	99.048	105	1	0	1215	1319	105	1	7.50e-46	189
NC_011593.1:c2598562-2597207	NB551033:131:HK2T7BGX9:2:12111:16680:6961#0/1	100.000	102	0	0	320	421	1	102	7.50e-46	189
NC_011593.1:c2598562-2597207	NB551033:131:HK2T7BGX9:2:11304:16451:8294#0/1	99.048	105	1	0	1215	1319	1	105	7.50e-46	189
NC_011593.1:c2598562-2597207	NB551033:131:HK2T7BGX9:1:21211:1346:9409#0/1	100.000	100	0	0	1060	1159	51	150	9.70e-45	185
NC_011593.1:c2598562-2597207	NB551033:131:HK2T7BGX9:1:12211:3102:16046#0/1	99.020	102	1	0	707	808	102	1	3.49e-44	183
NC_011593.1:c2598562-2597207	NB551033:131:HK2T7BGX9:4:22402:17511:14454#0/1	100.000	98	0	0	967	1064	1	98	1.25e-43	182
NC_011593.1:c2598562-2597207	NB551033:131:HK2T7BGX9:1:21108:20320:11420#0/2	100.000	93	0	0	1264	1356	1	93	7.55e-41	172
NC_011593.1:c2598562-2597207	NB551033:131:HK2T7BGX9:2:12301:6374:1549#0/2	100.000	92	0	0	318	409	92	1	2.72e-40	171
NC_011593.1:c2598562-2597207	NB551033:131:HK2T7BGX9:2:21309:9515:19777#0/2	100.000	90	0	0	1060	1149	90	1	3.51e-39	167
NC_011593.1:c2598562-2597207	NB551033:131:HK2T7BGX9:3:12607:21281:16087#0/1	100.000	89	0	0	576	664	89	1	1.26e-38	165
NC_011593.1:c2598562-2597207	NB551033:131:HK2T7BGX9:2:23307:26411:3416#0/1	100.000	89	0	0	976	1064	150	62	1.26e-38	165
NC_011593.1:c2598562-2597207	NB551033:131:HK2T7BGX9:2:12102:18108:9036#0/2	100.000	85	0	0	738	822	85	1	2.11e-36	158
NC_011593.1:c2598562-2597207	NB551033:131:HK2T7BGX9:2:12102:18108:9036#0/1	100.000	85	0	0	738	822	1	85	2.11e-36	158
NC_011593.1:c2598562-2597207	NB551033:131:HK2T7BGX9:1:12302:4148:7161#0/2	100.000	84	0	0	960	1043	84	1	7.61e-36	156
NC_011593.1:c2598562-2597207	NB551033:131:HK2T7BGX9:1:12302:4148:7161#0/1	100.000	84	0	0	960	1043	1	84	7.61e-36	156
NC_011593.1:c2598562-2597207	NB551033:131:HK2T7BGX9:4:22604:14657:11613#0/1	100.000	82	0	0	138	219	82	1	9.84e-35	152
NC_011593.1:c2598562-2597207	NB551033:131:HK2T7BGX9:4:22509:9530:6856#0/1	100.000	77	0	0	498	574	77	1	5.92e-32	143
NC_011593.1:c2598562-2597207	NB551033:131:HK2T7BGX9:2:21309:9515:19777#0/1	100.000	77	0	0	1060	1136	74	150	5.92e-32	143
NC_011593.1:c2598562-2597207	NB551033:131:HK2T7BGX9:3:22402:1792:1483#0/1	100.000	75	0	0	315	389	75	1	7.66e-31	139
NC_011593.1:c2598562-2597207	NB551033:131:HK2T7BGX9:2:23205:15635:3366#0/1	100.000	74	0	0	324	397	74	1	2.75e-30	137
NC_011593.1:c2598562-2597207	NB551033:131:HK2T7BGX9:3:11407:11774:18535#0/1	100.000	71	0	0	239	309	71	1	1.28e-28	132
NC_011593.1:c2598562-2597207	NB551033:131:HK2T7BGX9:3:22503:10391:14730#0/2	98.611	72	1	0	238	309	72	1	1.66e-27	128
NC_011593.1:c2598562-2597207	NB551033:131:HK2T7BGX9:3:22503:10391:14730#0/1	98.611	72	1	0	238	309	1	72	1.66e-27	128
NC_011593.1:c2598562-2597207	NB551033:131:HK2T7BGX9:3:21512:9141:17282#0/1	100.000	67	0	0	998	1064	151	85	2.14e-26	124
NC_011593.1:c2598562-2597207	NB551033:131:HK2T7BGX9:4:11510:7771:16847#0/2	100.000	66	0	0	429	494	66	1	7.71e-26	122
NC_011593.1:c2598562-2597207	NB551033:131:HK2T7BGX9:3:23501:22181:17813#0/1	100.000	65	0	0	678	742	65	1	2.77e-25	121
NC_011593.1:c2598562-2597207	NB551033:131:HK2T7BGX9:4:13410:10558:16163#0/2	100.000	64	0	0	1215	1278	1	64	9.98e-25	119
NC_011593.1:c2598562-2597207	NB551033:131:HK2T7BGX9:4:13410:10558:16163#0/1	100.000	63	0	0	1216	1278	63	1	3.59e-24	117
NC_011593.1:c2598562-2597207	NB551033:131:HK2T7BGX9:3:23501:22181:17813#0/2	98.462	65	1	0	678	742	1	65	1.29e-23	115
NC_011593.1:c2598562-2597207	NB551033:131:HK2T7BGX9:4:21501:3105:7689#0/1	100.000	61	0	0	1060	1120	61	1	4.64e-23	113
NC_011593.1:c2598562-2597207	NB551033:131:HK2T7BGX9:1:12211:7497:19588#0/1	100.000	60	0	0	1060	1119	89	148	1.67e-22	111
NC_011593.1:c2598562-2597207	NB551033:131:HK2T7BGX9:4:22402:17511:14454#0/2	100.000	54	0	0	1011	1064	151	98	3.61e-19	100
NC_011593.1:c2598562-2597207	NB551033:131:HK2T7BGX9:1:12307:25642:6822#0/1	100.000	51	0	0	1014	1064	1	51	1.68e-17	95.3
NC_011593.1:c2598562-2597207	NB551033:131:HK2T7BGX9:3:23504:4165:2980#0/1	100.000	43	0	0	1314	1356	125	83	4.71e-13	80.5
NC_011593.1:c2598562-2597207	NB551033:131:HK2T7BGX9:2:12310:11867:8147#0/2	100.000	42	0	0	138	179	109	150	1.69e-12	78.7
NC_011593.1:c2598562-2597207	NB551033:131:HK2T7BGX9:2:12310:11867:8147#0/1	100.000	42	0	0	138	179	42	1	1.69e-12	78.7
# BLASTN 2.9.0+
# Query: NC_011593.1:2598858-2601929 Bifidobacterium longum subsp. infantis ATCC 15697, complete genome
# Database: db/blast_C0516-2F-1A_S64.faa
# Fields: query acc.ver, subject acc.ver, % identity, alignment length, mismatches, gap opens, q. start, q. end, s. start, s. end, evalue, bit score
# 198 hits found
NC_011593.1:2598858-2601929	NB551033:131:HK2T7BGX9:4:23503:1439:16197#0/2	100.000	151	0	0	1613	1763	1	151	9.82e-73	279
NC_011593.1:2598858-2601929	NB551033:131:HK2T7BGX9:2:21310:6639:7428#0/2	100.000	151	0	0	1721	1871	151	1	9.82e-73	279
NC_011593.1:2598858-2601929	NB551033:131:HK2T7BGX9:3:11412:9139:15845#0/1	100.000	151	0	0	1645	1795	1	151	9.82e-73	279
NC_011593.1:2598858-2601929	NB551033:131:HK2T7BGX9:2:12210:11656:10034#0/2	100.000	150	0	0	1942	2091	150	1	3.53e-72	278
NC_011593.1:2598858-2601929	NB551033:131:HK2T7BGX9:4:23503:1439:16197#0/1	100.000	150	0	0	1635	1784	150	1	3.53e-72	278
NC_011593.1:2598858-2601929	NB551033:131:HK2T7BGX9:4:22411:6014:5729#0/1	100.000	150	0	0	2427	2576	1	150	3.53e-72	278
NC_011593.1:2598858-2601929	NB551033:131:HK2T7BGX9:3:21404:21704:14767#0/1	100.000	150	0	0	2006	2155	150	1	3.53e-72	278
NC_011593.1:2598858-2601929	NB551033:131:HK2T7BGX9:1:23102:22130:16290#0/1	100.000	150	0	0	1677	1826	1	150	3.53e-72	278
NC_011593.1:2598858-2601929	NB551033:131:HK2T7BGX9:4:23511:22762:12609#0/2	100.000	149	0	0	1739	1887	1	149	1.27e-71	276
NC_011593.1:2598858-2601929	NB551033:131:HK2T7BGX9:1:11308:10792:11057#0/2	100.000	149	0	0	364	512	2	150	1.27e-71	276
NC_011593.1:2598858-2601929	NB551033:131:HK2T7BGX9:1:13210:9091:8168#0/1	100.000	149	0	0	1684	1832	149	1	1.27e-71	276
NC_011593.1:2598858-2601929	NB551033:131:HK2T7BGX9:3:12506:11820:15624#0/2	99.338	151	1	0	333	483	151	1	4.57e-71	274
NC_011593.1:2598858-2601929	NB551033:131:HK2T7BGX9:1:12102:13372:2427#0/2	99.338	151	1	0	922	1072	151	1	4.57e-71	274
NC_011593.1:2598858-2601929	NB551033:131:HK2T7BGX9:4:23511:22762:12609#0/1	99.338	151	1	0	1875	2025	151	1	4.57e-71	274
NC_011593.1:2598858-2601929	NB551033:131:HK2T7BGX9:4:13407:16709:18120#0/1	99.338	151	1	0	2741	2891	151	1	4.57e-71	274
NC_011593.1:2598858-2601929	NB551033:131:HK2T7BGX9:2:21212:18306:5650#0/1	99.338	151	1	0	313	463	1	151	4.57e-71	274
NC_011593.1:2598858-2601929	NB551033:131:HK2T7BGX9:2:11202:14147:20286#0/1	99.338	151	1	0	2747	2897	151	1	4.57e-71	274
NC_011593.1:2598858-2601929	NB551033:131:HK2T7BGX9:1:23309:12083:6938#0/1	99.338	151	1	0	294	444	1	151	4.57e-71	274
NC_011593.1:2598858-2601929	NB551033:131:HK2T7BGX9:4:21502:11768:19031#0/2	99.333	150	1	0	164	313	1	150	1.64e-70	272
NC_011593.1:2598858-2601929	NB551033:131:HK2T7BGX9:4:12505:13244:7997#0/2	99.333	150	1	0	16	165	1	150	1.64e-70	272
NC_011593.1:2598858-2601929	NB551033:131:HK2T7BGX9:3:21404:21704:14767#0/2	99.333	150	1	0	1888	2037	1	150	1.64e-70	272
NC_011593.1:2598858-2601929	NB551033:131:HK2T7BGX9:3:21402:14014:3089#0/2	99.333	150	1	0	254	403	1	150	1.64e-70	272
NC_011593.1:2598858-2601929	NB551033:131:HK2T7BGX9:2:21212:18306:5650#0/2	99.333	150	1	0	329	478	150	1	1.64e-70	272
NC_011593.1:2598858-2601929	NB551033:131:HK2T7BGX9:1:23309:12083:6938#0/2	99.333	150	1	0	319	468	150	1	1.64e-70	272
NC_011593.1:2598858-2601929	NB551033:131:HK2T7BGX9:1:23102:22130:16290#0/2	99.333	150	1	0	1753	1902	150	1	1.64e-70	272
NC_011593.1:2598858-2601929	NB551033:131:HK2T7BGX9:1:12304:3165:13606#0/2	99.333	150	1	0	1598	1747	1	150	1.64e-70	272
NC_011593.1:2598858-2601929	NB551033:131:HK2T7BGX9:4:21502:11768:19031#0/1	99.333	150	1	0	242	391	150	1	1.64e-70	272
NC_011593.1:2598858-2601929	NB551033:131:HK2T7BGX9:3:12506:11820:15624#0/1	99.333	150	1	0	300	449	1	150	1.64e-70	272
NC_011593.1:2598858-2601929	NB551033:131:HK2T7BGX9:2:12210:11656:10034#0/1	99.333	150	1	0	1830	1979	1	150	1.64e-70	272
NC_011593.1:2598858-2601929	NB551033:131:HK2T7BGX9:1:22106:18309:9764#0/1	99.333	150	1	0	685	834	150	1	1.64e-70	272
NC_011593.1:2598858-2601929	NB551033:131:HK2T7BGX9:3:13611:19227:10612#0/2	99.329	149	1	0	713	861	150	2	5.91e-70	270
NC_011593.1:2598858-2601929	NB551033:131:HK2T7BGX9:3:21504:12659:15763#0/1	99.329	149	1	0	2740	2888	1	149	5.91e-70	270
NC_011593.1:2598858-2601929	NB551033:131:HK2T7BGX9:4:22411:6014:5729#0/2	98.675	151	2	0	2499	2649	151	1	2.12e-69	268
NC_011593.1:2598858-2601929	NB551033:131:HK2T7BGX9:2:23101:15695:8627#0/2	98.675	151	2	0	2491	2641	151	1	2.12e-69	268
NC_011593.1:2598858-2601929	NB551033:131:HK2T7BGX9:2:22202:25962:18358#0/2	99.324	148	1	0	1861	2008	148	1	2.12e-69	268
NC_011593.1:2598858-2601929	NB551033:131:HK2T7BGX9:2:12111:1251:5493#0/2	98.675	151	2	0	1239	1389	151	1	2.12e-69	268
NC_011593.1:2598858-2601929	NB551033:131:HK2T7BGX9:3:22607:23988:3248#0/1	98.675	151	2	0	1868	2018	151	1	2.12e-69	268
NC_011593.1:2598858-2601929	NB551033:131:HK2T7BGX9:3:21604:15245:19896#0/1	98.675	151	2	0	1486	1636	1	151	2.12e-69	268
NC_011593.1:2598858-2601929	NB551033:131:HK2T7BGX9:3:13611:19227:10612#0/1	98.675	151	2	0	680	830	1	151	2.12e-69	268
NC_011593.1:2598858-2601929	NB551033:131:HK2T7BGX9:2:21310:6639:7428#0/1	98.675	151	2	0	1492	1642	1	151	2.12e-69	268
NC_011593.1:2598858-2601929	NB551033:131:HK2T7BGX9:2:21308:22715:8022#0/1	98.675	151	2	0	1364	1514	1	151	2.12e-69	268
NC_011593.1:2598858-2601929	NB551033:131:HK2T7BGX9:2:12111:1251:5493#0/1	98.675	151	2	0	1045	1195	1	151	2.12e-69	268
NC_011593.1:2598858-2601929	NB551033:131:HK2T7BGX9:1:22212:21844:3059#0/1	98.675	151	2	0	1503	1653	151	1	2.12e-69	268
NC_011593.1:2598858-2601929	NB551033:131:HK2T7BGX9:1:12304:3165:13606#0/1	98.675	151	2	0	1866	2016	151	1	2.12e-69	268
NC_011593.1:2598858-2601929	NB551033:131:HK2T7BGX9:4:22512:2429:10885#0/2	98.667	150	2	0	2479	2628	1	150	7.64e-69	267
NC_011593.1:2598858-2601929	NB551033:131:HK2T7BGX9:3:22505:22964:14319#0/2	98.667	150	2	0	2072	2221	1	150	7.64e-69	267
NC_011593.1:2598858-2601929	NB551033:131:HK2T7BGX9:3:13512:12171:8796#0/2	98.667	150	2	0	1045	1194	1	150	7.64e-69	267
NC_011593.1:2598858-2601929	NB551033:131:HK2T7BGX9:3:13409:13103:8731#0/2	98.667	150	2	0	2874	3023	150	1	7.64e-69	267
NC_011593.1:2598858-2601929	NB551033:131:HK2T7BGX9:1:12106:23117:14741#0/2	98.667	150	2	0	663	812	150	1	7.64e-69	267
NC_011593.1:2598858-2601929	NB551033:131:HK2T7BGX9:1:11205:6190:8213#0/2	98.667	150	2	0	1364	1513	1	150	7.64e-69	267
NC_011593.1:2598858-2601929	NB551033:131:HK2T7BGX9:4:23505:23185:14355#0/1	98.667	150	2	0	951	1100	150	1	7.64e-69	267
NC_011593.1:2598858-2601929	NB551033:131:HK2T7BGX9:4:23410:17448:5688#0/1	98.667	150	2	0	1239	1388	1	150	7.64e-69	267
NC_011593.1:2598858-2601929	NB551033:131:HK2T7BGX9:4:12505:13244:7997#0/1	98.667	150	2	0	32	181	150	1	7.64e-69	267
NC_011593.1:2598858-2601929	NB551033:131:HK2T7BGX9:3:21506:24676:10483#0/1	98.667	150	2	0	1516	1665	1	150	7.64e-69	267
NC_011593.1:2598858-2601929	NB551033:131:HK2T7BGX9:3:12607:1174:10711#0/1	98.667	150	2	0	2764	2913	150	1	7.64e-69	267
NC_011593.1:2598858-2601929	NB551033:131:HK2T7BGX9:3:12606:26631:10709#0/1	98.667	150	2	0	2764	2913	150	1	7.64e-69	267
NC_011593.1:2598858-2601929	NB551033:131:HK2T7BGX9:2:22202:25962:18358#0/1	98.667	150	2	0	1802	1951	1	150	7.64e-69	267
NC_011593.1:2598858-2601929	NB551033:131:HK2T7BGX9:4:21607:6386:19975#0/2	98.658	149	2	0	107	255	1	149	2.75e-68	265
NC_011593.1:2598858-2601929	NB551033:131:HK2T7BGX9:2:23205:12335:1999#0/2	100.000	143	0	0	2161	2303	143	1	2.75e-68	265
NC_011593.1:2598858-2601929	NB551033:131:HK2T7BGX9:2:23107:26709:4278#0/2	99.315	146	1	0	328	473	146	1	2.75e-68	265
NC_011593.1:2598858-2601929	NB551033:131:HK2T7BGX9:2:23106:1214:4275#0/2	99.315	146	1	0	328	473	146	1	2.75e-68	265
NC_011593.1:2598858-2601929	NB551033:131:HK2T7BGX9:2:23107:26709:4278#0/1	99.315	146	1	0	328	473	1	146	2.75e-68	265
NC_011593.1:2598858-2601929	NB551033:131:HK2T7BGX9:2:23106:1214:4275#0/1	99.315	146	1	0	328	473	1	146	2.75e-68	265
NC_011593.1:2598858-2601929	NB551033:131:HK2T7BGX9:4:23505:23185:14355#0/2	98.013	151	3	0	887	1037	1	151	9.89e-68	263
NC_011593.1:2598858-2601929	NB551033:131:HK2T7BGX9:4:23410:17448:5688#0/2	98.013	151	3	0	1295	1445	151	1	9.89e-68	263
NC_011593.1:2598858-2601929	NB551033:131:HK2T7BGX9:3:12408:15939:13555#0/2	98.013	151	3	0	2135	2285	1	151	9.89e-68	263
NC_011593.1:2598858-2601929	NB551033:131:HK2T7BGX9:2:21308:22715:8022#0/2	98.013	151	3	0	1457	1607	151	1	9.89e-68	263
NC_011593.1:2598858-2601929	NB551033:131:HK2T7BGX9:2:11203:10205:2345#0/2	98.649	148	2	0	9	156	148	1	9.89e-68	263
NC_011593.1:2598858-2601929	NB551033:131:HK2T7BGX9:1:23308:22739:10376#0/2	99.310	145	1	0	1810	1954	1	145	9.89e-68	263
NC_011593.1:2598858-2601929	NB551033:131:HK2T7BGX9:1:22212:21844:3059#0/2	98.013	151	3	0	1474	1624	1	151	9.89e-68	263
NC_011593.1:2598858-2601929	NB551033:131:HK2T7BGX9:1:21301:16020:15469#0/2	98.649	148	2	0	2484	2631	1	148	9.89e-68	263
NC_011593.1:2598858-2601929	NB551033:131:HK2T7BGX9:4:23501:24857:9639#0/1	98.013	151	3	0	1278	1428	151	1	9.89e-68	263
NC_011593.1:2598858-2601929	NB551033:131:HK2T7BGX9:4:21607:6386:19975#0/1	98.649	148	2	0	242	389	148	1	9.89e-68	263
NC_011593.1:2598858-2601929	NB551033:131:HK2T7BGX9:3:22505:22964:14319#0/1	98.013	151	3	0	2316	2466	151	1	9.89e-68	263
NC_011593.1:2598858-2601929	NB551033:131:HK2T7BGX9:3:12501:21899:11640#0/1	98.013	151	3	0	1350	1500	151	1	9.89e-68	263
NC_011593.1:2598858-2601929	NB551033:131:HK2T7BGX9:2:22106:10586:17387#0/1	98.013	151	3	0	1184	1334	151	1	9.89e-68	263
NC_011593.1:2598858-2601929	NB551033:131:HK2T7BGX9:1:23308:22739:10376#0/1	99.310	145	1	0	1810	1954	145	1	9.89e-68	263
NC_011593.1:2598858-2601929	NB551033:131:HK2T7BGX9:1:11303:5494:2300#0/1	98.649	148	2	0	69	216	148	1	9.89e-68	263
NC_011593.1:2598858-2601929	NB551033:131:HK2T7BGX9:4:23501:24857:9639#0/2	98.000	150	3	0	1107	1256	1	150	3.56e-67	261
NC_011593.1:2598858-2601929	NB551033:131:HK2T7BGX9:4:13602:19658:5794#0/2	98.000	150	3	0	1190	1339	1	150	3.56e-67	261
NC_011593.1:2598858-2601929	NB551033:131:HK2T7BGX9:2:22106:10586:17387#0/2	98.000	150	3	0	1140	1289	1	150	3.56e-67	261
NC_011593.1:2598858-2601929	NB551033:131:HK2T7BGX9:2:23101:15695:8627#0/1	98.000	150	3	0	2271	2420	1	150	3.56e-67	261
NC_011593.1:2598858-2601929	NB551033:131:HK2T7BGX9:1:12102:13372:2427#0/1	98.000	150	3	0	392	541	1	150	3.56e-67	261
NC_011593.1:2598858-2601929	NB551033:131:HK2T7BGX9:1:11205:6190:8213#0/1	98.000	150	3	0	1439	1588	150	1	3.56e-67	261
NC_011593.1:2598858-2601929	NB551033:131:HK2T7BGX9:4:13407:16709:18120#0/2	97.351	151	4	0	2638	2788	1	151	4.60e-66	257
NC_011593.1:2598858-2601929	NB551033:131:HK2T7BGX9:3:12501:21899:11640#0/2	97.973	148	3	0	1214	1361	1	148	4.60e-66	257
NC_011593.1:2598858-2601929	NB551033:131:HK2T7BGX9:1:23304:2741:7053#0/2	100.000	139	0	0	2211	2349	139	1	4.60e-66	257
NC_011593.1:2598858-2601929	NB551033:131:HK2T7BGX9:1:22212:9762:8156#0/2	97.351	151	4	0	2643	2793	1	151	4.60e-66	257
NC_011593.1:2598858-2601929	NB551033:131:HK2T7BGX9:1:13210:9091:8168#0/2	97.973	148	3	0	1454	1601	1	148	4.60e-66	257
NC_011593.1:2598858-2601929	NB551033:131:HK2T7BGX9:1:23304:2741:7053#0/1	100.000	139	0	0	2211	2349	1	139	4.60e-66	257
NC_011593.1:2598858-2601929	NB551033:131:HK2T7BGX9:3:22607:23988:3248#0/2	98.611	144	2	0	1863	2006	1	144	1.65e-65	255
NC_011593.1:2598858-2601929	NB551033:131:HK2T7BGX9:3:12607:1174:10711#0/2	97.333	150	4	0	2511	2660	1	150	1.65e-65	255
NC_011593.1:2598858-2601929	NB551033:131:HK2T7BGX9:3:12606:26631:10709#0/2	97.333	150	4	0	2511	2660	1	150	1.65e-65	255
NC_011593.1:2598858-2601929	NB551033:131:HK2T7BGX9:2:11202:14147:20286#0/2	97.333	150	4	0	2624	2773	1	150	1.65e-65	255
NC_011593.1:2598858-2601929	NB551033:131:HK2T7BGX9:1:21301:16020:15469#0/1	97.333	150	4	0	2618	2767	150	1	1.65e-65	255
NC_011593.1:2598858-2601929	NB551033:131:HK2T7BGX9:1:23302:23740:3395#0/2	98.601	143	2	0	64	206	143	1	5.95e-65	254
NC_011593.1:2598858-2601929	NB551033:131:HK2T7BGX9:4:21512:5372:8861#0/1	97.315	149	4	0	873	1021	149	1	5.95e-65	254
NC_011593.1:2598858-2601929	NB551033:131:HK2T7BGX9:3:12607:18414:19777#0/2	98.592	142	2	0	2458	2599	1	142	2.14e-64	252
NC_011593.1:2598858-2601929	NB551033:131:HK2T7BGX9:4:22512:2429:10885#0/1	96.689	151	5	0	2778	2928	151	1	2.14e-64	252
NC_011593.1:2598858-2601929	NB551033:131:HK2T7BGX9:3:12607:18414:19777#0/1	98.592	142	2	0	2458	2599	142	1	2.14e-64	252
NC_011593.1:2598858-2601929	NB551033:131:HK2T7BGX9:2:21307:24013:19836#0/2	100.000	135	0	0	919	1053	135	1	7.70e-64	250
NC_011593.1:2598858-2601929	NB551033:131:HK2T7BGX9:1:22106:18309:9764#0/2	96.667	150	5	0	540	689	1	150	7.70e-64	250
NC_011593.1:2598858-2601929	NB551033:131:HK2T7BGX9:3:13511:8752:4292#0/1	96.667	150	5	0	828	977	1	150	7.70e-64	250
NC_011593.1:2598858-2601929	NB551033:131:HK2T7BGX9:2:21307:24013:19836#0/1	100.000	135	0	0	919	1053	1	135	7.70e-64	250
NC_011593.1:2598858-2601929	NB551033:131:HK2T7BGX9:1:23207:19696:17497#0/1	96.667	150	5	0	835	984	150	1	7.70e-64	250
NC_011593.1:2598858-2601929	NB551033:131:HK2T7BGX9:1:21111:25676:3068#0/1	97.279	147	4	0	2703	2849	1	147	7.70e-64	250
NC_011593.1:2598858-2601929	NB551033:131:HK2T7BGX9:4:21512:5372:8861#0/2	96.644	149	5	0	850	998	1	149	2.77e-63	248
NC_011593.1:2598858-2601929	NB551033:131:HK2T7BGX9:3:23412:11858:8315#0/1	100.000	134	0	0	2022	2155	1	134	2.77e-63	248
NC_011593.1:2598858-2601929	NB551033:131:HK2T7BGX9:3:21402:14014:3089#0/1	96.026	151	6	0	416	566	151	1	9.96e-63	246
NC_011593.1:2598858-2601929	NB551033:131:HK2T7BGX9:3:11404:2394:8754#0/2	100.000	132	0	0	1740	1871	132	1	3.58e-62	244
NC_011593.1:2598858-2601929	NB551033:131:HK2T7BGX9:1:21111:25676:3068#0/2	97.222	144	4	0	2929	3072	151	8	3.58e-62	244
NC_011593.1:2598858-2601929	NB551033:131:HK2T7BGX9:3:11404:2394:8754#0/1	100.000	132	0	0	1740	1871	1	132	3.58e-62	244
NC_011593.1:2598858-2601929	NB551033:131:HK2T7BGX9:4:11509:15964:11509#0/2	99.254	134	1	0	355	488	134	1	1.29e-61	243
NC_011593.1:2598858-2601929	NB551033:131:HK2T7BGX9:4:11509:15964:11509#0/1	99.254	134	1	0	355	488	1	134	1.29e-61	243
NC_011593.1:2598858-2601929	NB551033:131:HK2T7BGX9:1:11308:10792:11057#0/1	95.364	151	7	0	422	572	151	1	4.63e-61	241
NC_011593.1:2598858-2601929	NB551033:131:HK2T7BGX9:4:11410:4018:12287#0/2	98.519	135	2	0	2905	3039	1	135	1.67e-60	239
NC_011593.1:2598858-2601929	NB551033:131:HK2T7BGX9:3:21603:23297:2565#0/2	97.794	136	3	0	882	1017	136	1	2.16e-59	235
NC_011593.1:2598858-2601929	NB551033:131:HK2T7BGX9:1:23207:19696:17497#0/2	99.231	130	1	0	729	858	1	130	2.16e-59	235
NC_011593.1:2598858-2601929	NB551033:131:HK2T7BGX9:3:21603:23297:2565#0/1	97.794	136	3	0	882	1017	1	136	2.16e-59	235
NC_011593.1:2598858-2601929	NB551033:131:HK2T7BGX9:3:23412:11858:8315#0/2	100.000	125	0	0	2031	2155	125	1	2.79e-58	231
NC_011593.1:2598858-2601929	NB551033:131:HK2T7BGX9:2:13104:4825:12614#0/2	99.219	128	1	0	273	400	128	1	2.79e-58	231
NC_011593.1:2598858-2601929	NB551033:131:HK2T7BGX9:2:13104:4825:12614#0/1	99.219	128	1	0	273	400	1	128	2.79e-58	231
NC_011593.1:2598858-2601929	NB551033:131:HK2T7BGX9:1:12310:22763:6183#0/1	98.462	130	2	0	1246	1375	1	130	1.00e-57	230
NC_011593.1:2598858-2601929	NB551033:131:HK2T7BGX9:1:12310:22763:6183#0/2	98.450	129	2	0	1247	1375	129	1	3.61e-57	228
NC_011593.1:2598858-2601929	NB551033:131:HK2T7BGX9:4:21504:10250:1357#0/2	98.400	125	2	0	1	125	25	149	6.03e-55	220
NC_011593.1:2598858-2601929	NB551033:131:HK2T7BGX9:1:22301:16530:17448#0/2	100.000	119	0	0	2037	2155	119	1	6.03e-55	220
NC_011593.1:2598858-2601929	NB551033:131:HK2T7BGX9:3:22407:9976:18968#0/2	98.387	124	2	0	1266	1389	124	1	2.17e-54	219
NC_011593.1:2598858-2601929	NB551033:131:HK2T7BGX9:3:22407:9976:18968#0/1	98.387	124	2	0	1266	1389	1	124	2.17e-54	219
NC_011593.1:2598858-2601929	NB551033:131:HK2T7BGX9:3:12408:15939:13555#0/1	96.899	129	4	0	2475	2603	129	1	7.81e-54	217
NC_011593.1:2598858-2601929	NB551033:131:HK2T7BGX9:3:21504:12659:15763#0/2	98.361	122	2	0	2797	2918	122	1	2.81e-53	215
NC_011593.1:2598858-2601929	NB551033:131:HK2T7BGX9:1:12201:10757:8145#0/1	99.153	118	1	0	707	824	118	1	1.01e-52	213
NC_011593.1:2598858-2601929	NB551033:131:HK2T7BGX9:3:12506:24219:9237#0/2	98.319	119	2	0	2825	2943	119	1	1.31e-51	209
NC_011593.1:2598858-2601929	NB551033:131:HK2T7BGX9:4:21505:12819:16257#0/1	98.319	119	2	0	58	176	119	1	1.31e-51	209
NC_011593.1:2598858-2601929	NB551033:131:HK2T7BGX9:3:12506:24219:9237#0/1	98.319	119	2	0	2825	2943	1	119	1.31e-51	209
NC_011593.1:2598858-2601929	NB551033:131:HK2T7BGX9:2:11308:22047:16819#0/2	95.312	128	6	0	527	654	128	1	6.08e-50	204
NC_011593.1:2598858-2601929	NB551033:131:HK2T7BGX9:2:11308:22047:16819#0/1	95.312	128	6	0	527	654	1	128	6.08e-50	204
NC_011593.1:2598858-2601929	NB551033:131:HK2T7BGX9:2:22304:19408:18670#0/2	100.000	109	0	0	1908	2016	1	109	2.19e-49	202
NC_011593.1:2598858-2601929	NB551033:131:HK2T7BGX9:1:21210:15548:11979#0/2	100.000	109	0	0	2040	2148	109	1	2.19e-49	202
NC_011593.1:2598858-2601929	NB551033:131:HK2T7BGX9:1:21210:15548:11979#0/1	100.000	109	0	0	2040	2148	1	109	2.19e-49	202
NC_011593.1:2598858-2601929	NB551033:131:HK2T7BGX9:1:12106:26068:8190#0/2	99.091	110	1	0	1240	1349	110	1	2.83e-48	198
NC_011593.1:2598858-2601929	NB551033:131:HK2T7BGX9:3:21506:24676:10483#0/2	100.000	106	0	0	1643	1748	106	1	1.02e-47	196
NC_011593.1:2598858-2601929	NB551033:131:HK2T7BGX9:1:23302:23740:3395#0/1	100.000	103	0	0	1	103	49	151	4.73e-46	191
NC_011593.1:2598858-2601929	NB551033:131:HK2T7BGX9:3:12612:18875:5268#0/2	99.029	103	1	0	1406	1508	103	1	2.20e-44	185
NC_011593.1:2598858-2601929	NB551033:131:HK2T7BGX9:3:13512:12171:8796#0/1	97.248	109	3	0	1187	1295	109	1	2.20e-44	185
NC_011593.1:2598858-2601929	NB551033:131:HK2T7BGX9:3:12612:18875:5268#0/1	99.029	103	1	0	1406	1508	1	103	2.20e-44	185
NC_011593.1:2598858-2601929	NB551033:131:HK2T7BGX9:1:12201:10757:8145#0/2	99.020	102	1	0	647	748	1	102	7.92e-44	183
NC_011593.1:2598858-2601929	NB551033:131:HK2T7BGX9:1:12106:23117:14741#0/1	98.095	105	2	0	595	699	1	105	7.92e-44	183
NC_011593.1:2598858-2601929	NB551033:131:HK2T7BGX9:1:12212:13785:17091#0/2	98.077	104	2	0	2543	2646	104	1	2.85e-43	182
NC_011593.1:2598858-2601929	NB551033:131:HK2T7BGX9:4:21504:10250:1357#0/1	97.196	107	3	0	70	176	107	1	2.85e-43	182
NC_011593.1:2598858-2601929	NB551033:131:HK2T7BGX9:1:12212:13785:17091#0/1	98.077	104	2	0	2543	2646	1	104	2.85e-43	182
NC_011593.1:2598858-2601929	NB551033:131:HK2T7BGX9:2:23205:12335:1999#0/1	100.000	97	0	0	1980	2076	1	97	1.02e-42	180
NC_011593.1:2598858-2601929	NB551033:131:HK2T7BGX9:1:22207:14580:17572#0/2	98.990	99	1	0	2277	2375	1	99	3.68e-42	178
NC_011593.1:2598858-2601929	NB551033:131:HK2T7BGX9:4:13602:19658:5794#0/1	98.039	102	2	0	1518	1619	102	1	3.68e-42	178
NC_011593.1:2598858-2601929	NB551033:131:HK2T7BGX9:2:22304:19408:18670#0/1	100.000	96	0	0	2261	2356	96	1	3.68e-42	178
NC_011593.1:2598858-2601929	NB551033:131:HK2T7BGX9:1:22207:14580:17572#0/1	98.990	99	1	0	2277	2375	99	1	3.68e-42	178
NC_011593.1:2598858-2601929	NB551033:131:HK2T7BGX9:1:21309:21006:8417#0/2	97.115	104	3	0	2341	2444	104	1	1.32e-41	176
NC_011593.1:2598858-2601929	NB551033:131:HK2T7BGX9:1:21309:21006:8417#0/1	97.115	104	3	0	2341	2444	1	104	1.32e-41	176
NC_011593.1:2598858-2601929	NB551033:131:HK2T7BGX9:3:13411:23819:19756#0/1	97.030	101	3	0	1140	1240	1	101	6.16e-40	171
NC_011593.1:2598858-2601929	NB551033:131:HK2T7BGX9:3:21604:15245:19896#0/2	100.000	91	0	0	1575	1665	91	1	2.22e-39	169
NC_011593.1:2598858-2601929	NB551033:131:HK2T7BGX9:3:13411:23819:19756#0/2	97.000	100	3	0	1141	1240	100	1	2.22e-39	169
NC_011593.1:2598858-2601929	NB551033:131:HK2T7BGX9:3:11412:9139:15845#0/2	98.936	94	1	0	1757	1850	94	1	2.22e-39	169
NC_011593.1:2598858-2601929	NB551033:131:HK2T7BGX9:1:12106:26068:8190#0/1	97.000	100	3	0	1146	1245	1	100	2.22e-39	169
NC_011593.1:2598858-2601929	NB551033:131:HK2T7BGX9:1:22212:9762:8156#0/1	97.917	96	2	0	2977	3072	150	55	7.97e-39	167
NC_011593.1:2598858-2601929	NB551033:131:HK2T7BGX9:2:23304:25541:11971#0/1	100.000	89	0	0	1	89	89	1	2.87e-38	165
NC_011593.1:2598858-2601929	NB551033:131:HK2T7BGX9:2:21309:17764:11527#0/2	98.876	89	1	0	2501	2589	89	1	1.33e-36	159
NC_011593.1:2598858-2601929	NB551033:131:HK2T7BGX9:3:13409:13103:8731#0/1	97.753	89	2	0	2643	2731	1	89	6.21e-35	154
NC_011593.1:2598858-2601929	NB551033:131:HK2T7BGX9:2:21309:17764:11527#0/1	97.753	89	2	0	2501	2589	1	89	6.21e-35	154
NC_011593.1:2598858-2601929	NB551033:131:HK2T7BGX9:1:22301:16530:17448#0/1	98.824	85	1	0	1836	1920	1	85	2.23e-34	152
NC_011593.1:2598858-2601929	NB551033:131:HK2T7BGX9:2:11206:4259:4939#0/2	96.667	90	3	0	2680	2769	90	1	8.03e-34	150
NC_011593.1:2598858-2601929	NB551033:131:HK2T7BGX9:2:11206:4259:4939#0/1	96.667	90	3	0	2680	2769	1	90	8.03e-34	150
NC_011593.1:2598858-2601929	NB551033:131:HK2T7BGX9:1:12101:13438:17187#0/2	100.000	79	0	0	1640	1718	1	79	1.04e-32	147
NC_011593.1:2598858-2601929	NB551033:131:HK2T7BGX9:4:13601:11292:11293#0/1	95.604	91	4	0	2702	2792	91	1	1.04e-32	147
NC_011593.1:2598858-2601929	NB551033:131:HK2T7BGX9:1:12101:13438:17187#0/1	100.000	79	0	0	1640	1718	128	50	1.04e-32	147
NC_011593.1:2598858-2601929	NB551033:131:HK2T7BGX9:2:21203:1150:16349#0/2	98.734	79	1	0	69	147	79	1	4.83e-31	141
NC_011593.1:2598858-2601929	NB551033:131:HK2T7BGX9:3:13511:8752:4292#0/2	98.684	76	1	0	1035	1110	76	1	2.25e-29	135
NC_011593.1:2598858-2601929	NB551033:131:HK2T7BGX9:2:21203:1150:16349#0/1	97.468	79	2	0	69	147	1	79	2.25e-29	135
NC_011593.1:2598858-2601929	NB551033:131:HK2T7BGX9:1:22210:4615:2009#0/1	96.296	81	3	0	2682	2762	81	1	8.09e-29	134
NC_011593.1:2598858-2601929	NB551033:131:HK2T7BGX9:1:23112:8032:13796#0/2	98.611	72	1	0	300	371	1	72	3.76e-27	128
NC_011593.1:2598858-2601929	NB551033:131:HK2T7BGX9:1:23112:8032:13796#0/1	98.611	72	1	0	300	371	72	1	3.76e-27	128
NC_011593.1:2598858-2601929	NB551033:131:HK2T7BGX9:2:11203:10205:2345#0/1	100.000	68	0	0	1	68	84	151	1.35e-26	126
NC_011593.1:2598858-2601929	NB551033:131:HK2T7BGX9:1:12309:24952:10853#0/1	96.104	77	3	0	2910	2986	1	77	1.35e-26	126
NC_011593.1:2598858-2601929	NB551033:131:HK2T7BGX9:2:12112:25066:8882#0/2	100.000	67	0	0	1	67	67	1	4.87e-26	124
NC_011593.1:2598858-2601929	NB551033:131:HK2T7BGX9:3:12411:3877:18381#0/1	100.000	67	0	0	1	67	67	1	4.87e-26	124
NC_011593.1:2598858-2601929	NB551033:131:HK2T7BGX9:3:11401:11544:17058#0/1	100.000	67	0	0	1	67	67	1	4.87e-26	124
NC_011593.1:2598858-2601929	NB551033:131:HK2T7BGX9:4:13612:12963:6406#0/2	98.529	68	1	0	65	132	1	68	6.30e-25	121
NC_011593.1:2598858-2601929	NB551033:131:HK2T7BGX9:4:13612:12963:6406#0/1	98.507	67	1	0	66	132	67	1	2.26e-24	119
NC_011593.1:2598858-2601929	NB551033:131:HK2T7BGX9:2:12204:5436:19218#0/2	98.462	65	1	0	131	195	65	1	2.93e-23	115
NC_011593.1:2598858-2601929	NB551033:131:HK2T7BGX9:2:12204:5436:19218#0/1	98.462	65	1	0	131	195	1	65	2.93e-23	115
NC_011593.1:2598858-2601929	NB551033:131:HK2T7BGX9:4:21607:23210:9416#0/2	97.015	67	2	0	1474	1540	1	67	1.05e-22	113
NC_011593.1:2598858-2601929	NB551033:131:HK2T7BGX9:4:21607:23210:9416#0/1	97.015	67	2	0	1474	1540	67	1	1.05e-22	113
NC_011593.1:2598858-2601929	NB551033:131:HK2T7BGX9:1:21209:5387:7552#0/2	95.385	65	3	0	486	550	1	65	6.34e-20	104
NC_011593.1:2598858-2601929	NB551033:131:HK2T7BGX9:1:21209:5387:7552#0/1	95.385	65	3	0	486	550	68	4	6.34e-20	104
NC_011593.1:2598858-2601929	NB551033:131:HK2T7BGX9:1:22210:4615:2009#0/2	95.312	64	3	0	2682	2745	1	64	2.28e-19	102
NC_011593.1:2598858-2601929	NB551033:131:HK2T7BGX9:4:21505:12819:16257#0/2	100.000	48	0	0	1	48	46	93	1.78e-15	89.8
NC_011593.1:2598858-2601929	NB551033:131:HK2T7BGX9:3:23509:11375:9640#0/1	97.872	47	1	0	623	669	1	47	2.97e-13	82.4
NC_011593.1:2598858-2601929	NB551033:131:HK2T7BGX9:3:23509:11375:9640#0/2	97.826	46	1	0	624	669	111	66	1.07e-12	80.5
NC_011593.1:2598858-2601929	NB551033:131:HK2T7BGX9:3:21401:22062:4486#0/2	97.500	40	1	0	630	669	1	40	2.31e-09	69.4
NC_011593.1:2598858-2601929	NB551033:131:HK2T7BGX9:3:21401:22062:4486#0/1	97.500	40	1	0	630	669	94	55	2.31e-09	69.4
# BLASTN 2.9.0+
# Query: NC_011593.1:c2604454-2602106 Bifidobacterium longum subsp. infantis ATCC 15697, complete genome
# Database: db/blast_C0516-2F-1A_S64.faa
# 0 hits found
# BLASTN 2.9.0+
# Query: NC_011593.1:c2605922-2604486 Bifidobacterium longum subsp. infantis ATCC 15697, complete genome
# Database: db/blast_C0516-2F-1A_S64.faa
# 0 hits found
# BLASTN 2.9.0+
# Query: NC_011593.1:c2606381-2605944 Bifidobacterium longum subsp. infantis ATCC 15697, complete genome
# Database: db/blast_C0516-2F-1A_S64.faa
# 0 hits found
# BLASTN 2.9.0+
# Query: NC_011593.1:c2607314-2606418 Bifidobacterium longum subsp. infantis ATCC 15697, complete genome
# Database: db/blast_C0516-2F-1A_S64.faa
# 0 hits found
# BLASTN 2.9.0+
# Query: NC_011593.1:c2608249-2607458 Bifidobacterium longum subsp. infantis ATCC 15697, complete genome
# Database: db/blast_C0516-2F-1A_S64.faa
# 0 hits found
# BLASTN 2.9.0+
# Query: NC_011593.1:c2609546-2608269 Bifidobacterium longum subsp. infantis ATCC 15697, complete genome
# Database: db/blast_C0516-2F-1A_S64.faa
# 0 hits found
# BLASTN 2.9.0+
# Query: NC_011593.1:c2610356-2609697 Bifidobacterium longum subsp. infantis ATCC 15697, complete genome
# Database: db/blast_C0516-2F-1A_S64.faa
# 0 hits found
# BLASTN 2.9.0+
# Query: NC_011593.1:c2611458-2610496 Bifidobacterium longum subsp. infantis ATCC 15697, complete genome
# Database: db/blast_C0516-2F-1A_S64.faa
# 0 hits found
# BLASTN 2.9.0+
# Query: NC_011593.1:c2612430-2611477 Bifidobacterium longum subsp. infantis ATCC 15697, complete genome
# Database: db/blast_C0516-2F-1A_S64.faa
# 0 hits found
# BLASTN 2.9.0+
# Query: NC_011593.1:c2614109-2612517 Bifidobacterium longum subsp. infantis ATCC 15697, complete genome
# Database: db/blast_C0516-2F-1A_S64.faa
# 0 hits found
# BLASTN 2.9.0+
# Query: NC_011593.1:c2615274-2614312 Bifidobacterium longum subsp. infantis ATCC 15697, complete genome
# Database: db/blast_C0516-2F-1A_S64.faa
# 0 hits found
# BLASTN 2.9.0+
# Query: NC_011593.1:c2616246-2615293 Bifidobacterium longum subsp. infantis ATCC 15697, complete genome
# Database: db/blast_C0516-2F-1A_S64.faa
# 0 hits found
# BLASTN 2.9.0+
# Query: NC_011593.1:c2617928-2616333 Bifidobacterium longum subsp. infantis ATCC 15697, complete genome
# Database: db/blast_C0516-2F-1A_S64.faa
# Fields: query acc.ver, subject acc.ver, % identity, alignment length, mismatches, gap opens, q. start, q. end, s. start, s. end, evalue, bit score
# 4 hits found
NC_011593.1:c2617928-2616333	NB551033:131:HK2T7BGX9:1:13305:2952:4734#0/2	100.000	35	0	0	493	527	104	138	1.56e-08	65.8
NC_011593.1:c2617928-2616333	NB551033:131:HK2T7BGX9:4:21506:12649:5126#0/1	100.000	35	0	0	493	527	101	135	1.56e-08	65.8
NC_011593.1:c2617928-2616333	NB551033:131:HK2T7BGX9:3:11607:22026:4532#0/1	100.000	35	0	0	493	527	112	146	1.56e-08	65.8
NC_011593.1:c2617928-2616333	NB551033:131:HK2T7BGX9:2:13205:20755:18307#0/1	100.000	35	0	0	493	527	114	148	1.56e-08	65.8
# BLASTN 2.9.0+
# Query: NC_011593.1:c2619247-2618063 Bifidobacterium longum subsp. infantis ATCC 15697, complete genome
# Database: db/blast_C0516-2F-1A_S64.faa
# 0 hits found
# BLASTN 2.9.0+
# Query: NC_011593.1:c2620369-2619413 Bifidobacterium longum subsp. infantis ATCC 15697, complete genome
# Database: db/blast_C0516-2F-1A_S64.faa
# 0 hits found
# BLASTN 2.9.0+
# Query: NC_011593.1:c2622143-2620551 Bifidobacterium longum subsp. infantis ATCC 15697, complete genome
# Database: db/blast_C0516-2F-1A_S64.faa
# 0 hits found
# BLASTN 2.9.0+
# Query: NC_011593.1:c2624124-2622520 Bifidobacterium longum subsp. infantis ATCC 15697, complete genome
# Database: db/blast_C0516-2F-1A_S64.faa
# 0 hits found
# BLASTN 2.9.0+
# Query: NC_011593.1:c2626110-2624512 Bifidobacterium longum subsp. infantis ATCC 15697, complete genome
# Database: db/blast_C0516-2F-1A_S64.faa
# 0 hits found
# BLASTN 2.9.0+
# Query: NC_011593.1:c2626386-2626264 Bifidobacterium longum subsp. infantis ATCC 15697, complete genome
# Database: db/blast_C0516-2F-1A_S64.faa
# 0 hits found
# BLASTN 2.9.0+
# Query: NC_011593.1:c2628158-2626563 Bifidobacterium longum subsp. infantis ATCC 15697, complete genome
# Database: db/blast_C0516-2F-1A_S64.faa
# 0 hits found
# BLASTN 2.9.0+
# Query: NC_011593.1:c2630269-2628314 Bifidobacterium longum subsp. infantis ATCC 15697, complete genome
# Database: db/blast_C0516-2F-1A_S64.faa
# 0 hits found
# BLASTN 2.9.0+
# Query: NC_011593.1:c2631106-2630366 Bifidobacterium longum subsp. infantis ATCC 15697, complete genome
# Database: db/blast_C0516-2F-1A_S64.faa
# 0 hits found
# BLASTN 2.9.0+
# Query: NC_011593.1:c2632432-2631140 Bifidobacterium longum subsp. infantis ATCC 15697, complete genome
# Database: db/blast_C0516-2F-1A_S64.faa
# 0 hits found
# BLASTN 2.9.0+
# Query: NC_011593.1:c2633881-2632562 Bifidobacterium longum subsp. infantis ATCC 15697, complete genome
# Database: db/blast_C0516-2F-1A_S64.faa
# 0 hits found
# BLASTN 2.9.0+
# Query: NC_011593.1:c2634683-2633865 Bifidobacterium longum subsp. infantis ATCC 15697, complete genome
# Database: db/blast_C0516-2F-1A_S64.faa
# 0 hits found
# BLASTN 2.9.0+
# Query: NC_011593.1:c2635627-2634680 Bifidobacterium longum subsp. infantis ATCC 15697, complete genome
# Database: db/blast_C0516-2F-1A_S64.faa
# 0 hits found
# BLASTN 2.9.0+
# Query: NC_011593.1:c2636747-2635629 Bifidobacterium longum subsp. infantis ATCC 15697, complete genome
# Database: db/blast_C0516-2F-1A_S64.faa
# 0 hits found
# BLAST processed 31 queries
