# BLASTN 2.9.0+
# Query: NC_011593.1:c2595355-2593832 Bifidobacterium longum subsp. infantis ATCC 15697, complete genome
# Database: db/blast_C0524-3F-1A_S44.faa
# Fields: query acc.ver, subject acc.ver, % identity, alignment length, mismatches, gap opens, q. start, q. end, s. start, s. end, evalue, bit score
# 159 hits found
NC_011593.1:c2595355-2593832	NB551033:137:HK33LBGX9:3:21604:22925:3747#0/2	100.000	150	0	0	366	515	1	150	2.23e-72	278
NC_011593.1:c2595355-2593832	NB551033:137:HK33LBGX9:3:12612:8667:5483#0/2	100.000	150	0	0	358	507	150	1	2.23e-72	278
NC_011593.1:c2595355-2593832	NB551033:137:HK33LBGX9:2:23305:25164:15825#0/2	100.000	150	0	0	361	510	150	1	2.23e-72	278
NC_011593.1:c2595355-2593832	NB551033:137:HK33LBGX9:4:22407:6344:8143#0/1	99.333	150	1	0	1013	1162	1	150	1.04e-70	272
NC_011593.1:c2595355-2593832	NB551033:137:HK33LBGX9:3:11503:18827:7312#0/2	98.675	151	2	0	406	556	151	1	1.34e-69	268
NC_011593.1:c2595355-2593832	NB551033:137:HK33LBGX9:1:22201:24147:15826#0/2	98.675	151	2	0	951	1101	151	1	1.34e-69	268
NC_011593.1:c2595355-2593832	NB551033:137:HK33LBGX9:4:21504:21073:3073#0/1	99.324	148	1	0	1032	1179	1	148	1.34e-69	268
NC_011593.1:c2595355-2593832	NB551033:137:HK33LBGX9:4:13502:10845:20203#0/1	98.675	151	2	0	949	1099	151	1	1.34e-69	268
NC_011593.1:c2595355-2593832	NB551033:137:HK33LBGX9:3:23407:14257:15886#0/1	98.675	151	2	0	391	541	151	1	1.34e-69	268
NC_011593.1:c2595355-2593832	NB551033:137:HK33LBGX9:1:12301:3063:1588#0/1	98.675	151	2	0	1064	1214	151	1	1.34e-69	268
NC_011593.1:c2595355-2593832	NB551033:137:HK33LBGX9:4:21411:16215:4488#0/2	98.667	150	2	0	474	623	150	1	4.83e-69	267
NC_011593.1:c2595355-2593832	NB551033:137:HK33LBGX9:4:11611:19011:3885#0/2	98.667	150	2	0	1077	1226	1	150	4.83e-69	267
NC_011593.1:c2595355-2593832	NB551033:137:HK33LBGX9:3:12608:23958:14450#0/2	98.667	150	2	0	494	643	150	1	4.83e-69	267
NC_011593.1:c2595355-2593832	NB551033:137:HK33LBGX9:2:13203:24941:9991#0/2	98.667	150	2	0	912	1061	150	1	4.83e-69	267
NC_011593.1:c2595355-2593832	NB551033:137:HK33LBGX9:4:13404:21163:7556#0/1	98.667	150	2	0	429	578	1	150	4.83e-69	267
NC_011593.1:c2595355-2593832	NB551033:137:HK33LBGX9:4:13403:18248:16802#0/1	98.667	150	2	0	419	568	150	1	4.83e-69	267
NC_011593.1:c2595355-2593832	NB551033:137:HK33LBGX9:4:13401:4590:16796#0/1	98.667	150	2	0	1037	1186	150	1	4.83e-69	267
NC_011593.1:c2595355-2593832	NB551033:137:HK33LBGX9:3:21604:22925:3747#0/1	98.667	150	2	0	419	568	150	1	4.83e-69	267
NC_011593.1:c2595355-2593832	NB551033:137:HK33LBGX9:2:11205:14831:20202#0/1	98.667	150	2	0	429	578	1	150	4.83e-69	267
NC_011593.1:c2595355-2593832	NB551033:137:HK33LBGX9:2:11109:9154:19417#0/1	98.667	150	2	0	338	487	150	1	4.83e-69	267
NC_011593.1:c2595355-2593832	NB551033:137:HK33LBGX9:1:23110:24971:17329#0/1	98.667	150	2	0	494	643	150	1	4.83e-69	267
NC_011593.1:c2595355-2593832	NB551033:137:HK33LBGX9:1:22201:24147:15826#0/1	98.667	150	2	0	939	1088	1	150	4.83e-69	267
NC_011593.1:c2595355-2593832	NB551033:137:HK33LBGX9:2:21309:4678:7412#0/1	98.658	149	2	0	1056	1204	149	1	1.74e-68	265
NC_011593.1:c2595355-2593832	NB551033:137:HK33LBGX9:4:13404:21163:7556#0/2	98.013	151	3	0	473	623	151	1	6.24e-68	263
NC_011593.1:c2595355-2593832	NB551033:137:HK33LBGX9:4:13403:18248:16802#0/2	98.013	151	3	0	328	478	1	151	6.24e-68	263
NC_011593.1:c2595355-2593832	NB551033:137:HK33LBGX9:1:11104:1541:5072#0/2	98.013	151	3	0	786	936	1	151	6.24e-68	263
NC_011593.1:c2595355-2593832	NB551033:137:HK33LBGX9:4:22407:2176:7499#0/1	98.013	151	3	0	512	662	1	151	6.24e-68	263
NC_011593.1:c2595355-2593832	NB551033:137:HK33LBGX9:4:21411:16215:4488#0/1	98.013	151	3	0	334	484	1	151	6.24e-68	263
NC_011593.1:c2595355-2593832	NB551033:137:HK33LBGX9:4:21405:25388:2715#0/1	98.013	151	3	0	801	951	1	151	6.24e-68	263
NC_011593.1:c2595355-2593832	NB551033:137:HK33LBGX9:4:11611:19011:3885#0/1	98.649	148	2	0	1114	1261	148	1	6.24e-68	263
NC_011593.1:c2595355-2593832	NB551033:137:HK33LBGX9:3:23602:25962:18839#0/1	98.649	148	2	0	711	858	148	1	6.24e-68	263
NC_011593.1:c2595355-2593832	NB551033:137:HK33LBGX9:3:23407:9301:14189#0/1	98.013	151	3	0	550	700	151	1	6.24e-68	263
NC_011593.1:c2595355-2593832	NB551033:137:HK33LBGX9:3:13411:10287:14553#0/1	98.013	151	3	0	797	947	151	1	6.24e-68	263
NC_011593.1:c2595355-2593832	NB551033:137:HK33LBGX9:2:23104:8892:1923#0/1	98.013	151	3	0	324	474	151	1	6.24e-68	263
NC_011593.1:c2595355-2593832	NB551033:137:HK33LBGX9:2:22307:5427:8454#0/1	98.013	151	3	0	694	844	151	1	6.24e-68	263
NC_011593.1:c2595355-2593832	NB551033:137:HK33LBGX9:2:22201:16647:12947#0/1	98.013	151	3	0	324	474	151	1	6.24e-68	263
NC_011593.1:c2595355-2593832	NB551033:137:HK33LBGX9:4:21504:21073:3073#0/2	98.000	150	3	0	1092	1241	150	1	2.25e-67	261
NC_011593.1:c2595355-2593832	NB551033:137:HK33LBGX9:4:21405:25388:2715#0/2	98.000	150	3	0	803	952	150	1	2.25e-67	261
NC_011593.1:c2595355-2593832	NB551033:137:HK33LBGX9:4:13509:13178:12976#0/2	98.000	150	3	0	796	945	1	150	2.25e-67	261
NC_011593.1:c2595355-2593832	NB551033:137:HK33LBGX9:1:22110:12466:12658#0/2	98.000	150	3	0	1206	1355	1	150	2.25e-67	261
NC_011593.1:c2595355-2593832	NB551033:137:HK33LBGX9:3:11404:4745:18842#0/1	98.639	147	2	0	1186	1332	1	147	2.25e-67	261
NC_011593.1:c2595355-2593832	NB551033:137:HK33LBGX9:1:21308:7200:8684#0/2	97.987	149	3	0	530	678	1	149	8.08e-67	259
NC_011593.1:c2595355-2593832	NB551033:137:HK33LBGX9:4:13509:13178:12976#0/1	97.987	149	3	0	836	984	151	3	8.08e-67	259
NC_011593.1:c2595355-2593832	NB551033:137:HK33LBGX9:3:12503:2755:2206#0/1	97.987	149	3	0	316	464	149	1	8.08e-67	259
NC_011593.1:c2595355-2593832	NB551033:137:HK33LBGX9:4:13502:10845:20203#0/2	97.351	151	4	0	893	1043	1	151	2.91e-66	257
NC_011593.1:c2595355-2593832	NB551033:137:HK33LBGX9:3:22505:6494:9113#0/2	97.351	151	4	0	1262	1412	1	151	2.91e-66	257
NC_011593.1:c2595355-2593832	NB551033:137:HK33LBGX9:2:21312:8117:1753#0/2	97.351	151	4	0	285	435	151	1	2.91e-66	257
NC_011593.1:c2595355-2593832	NB551033:137:HK33LBGX9:1:23111:8573:19073#0/2	97.351	151	4	0	145	295	151	1	2.91e-66	257
NC_011593.1:c2595355-2593832	NB551033:137:HK33LBGX9:1:22311:12006:5674#0/2	97.351	151	4	0	686	836	151	1	2.91e-66	257
NC_011593.1:c2595355-2593832	NB551033:137:HK33LBGX9:4:13602:3836:9740#0/2	97.333	150	4	0	801	950	1	150	1.04e-65	255
NC_011593.1:c2595355-2593832	NB551033:137:HK33LBGX9:4:12605:18193:5642#0/2	97.333	150	4	0	103	252	150	1	1.04e-65	255
NC_011593.1:c2595355-2593832	NB551033:137:HK33LBGX9:3:13411:10287:14553#0/2	97.333	150	4	0	548	697	1	150	1.04e-65	255
NC_011593.1:c2595355-2593832	NB551033:137:HK33LBGX9:3:12503:2755:2206#0/2	97.333	150	4	0	287	436	1	150	1.04e-65	255
NC_011593.1:c2595355-2593832	NB551033:137:HK33LBGX9:3:12402:12931:13622#0/2	97.333	150	4	0	94	243	1	150	1.04e-65	255
NC_011593.1:c2595355-2593832	NB551033:137:HK33LBGX9:2:22307:5427:8454#0/2	97.333	150	4	0	287	436	1	150	1.04e-65	255
NC_011593.1:c2595355-2593832	NB551033:137:HK33LBGX9:2:22105:20037:17786#0/2	97.333	150	4	0	768	917	1	150	1.04e-65	255
NC_011593.1:c2595355-2593832	NB551033:137:HK33LBGX9:2:21111:7614:5724#0/2	97.959	147	3	0	756	902	1	147	1.04e-65	255
NC_011593.1:c2595355-2593832	NB551033:137:HK33LBGX9:2:21107:6005:12311#0/2	97.333	150	4	0	851	1000	1	150	1.04e-65	255
NC_011593.1:c2595355-2593832	NB551033:137:HK33LBGX9:1:12301:3063:1588#0/2	97.333	150	4	0	891	1040	1	150	1.04e-65	255
NC_011593.1:c2595355-2593832	NB551033:137:HK33LBGX9:2:13203:24941:9991#0/1	97.333	150	4	0	849	998	1	150	1.04e-65	255
NC_011593.1:c2595355-2593832	NB551033:137:HK33LBGX9:1:23111:8573:19073#0/1	97.333	150	4	0	106	255	1	150	1.04e-65	255
NC_011593.1:c2595355-2593832	NB551033:137:HK33LBGX9:4:22411:3123:19692#0/2	96.689	151	5	0	161	311	1	151	1.35e-64	252
NC_011593.1:c2595355-2593832	NB551033:137:HK33LBGX9:3:12410:25531:8514#0/2	96.689	151	5	0	194	344	1	151	1.35e-64	252
NC_011593.1:c2595355-2593832	NB551033:137:HK33LBGX9:1:23309:16014:18871#0/2	96.689	151	5	0	610	760	1	151	1.35e-64	252
NC_011593.1:c2595355-2593832	NB551033:137:HK33LBGX9:1:23110:24971:17329#0/2	96.689	151	5	0	328	478	1	151	1.35e-64	252
NC_011593.1:c2595355-2593832	NB551033:137:HK33LBGX9:1:22209:12317:11613#0/2	98.592	142	2	0	939	1080	1	142	1.35e-64	252
NC_011593.1:c2595355-2593832	NB551033:137:HK33LBGX9:1:12106:21612:15744#0/2	96.689	151	5	0	585	735	1	151	1.35e-64	252
NC_011593.1:c2595355-2593832	NB551033:137:HK33LBGX9:3:12611:15953:15136#0/1	96.689	151	5	0	1272	1422	1	151	1.35e-64	252
NC_011593.1:c2595355-2593832	NB551033:137:HK33LBGX9:3:12410:25531:8514#0/1	96.689	151	5	0	245	395	151	1	1.35e-64	252
NC_011593.1:c2595355-2593832	NB551033:137:HK33LBGX9:3:11503:18827:7312#0/1	96.689	151	5	0	261	411	1	151	1.35e-64	252
NC_011593.1:c2595355-2593832	NB551033:137:HK33LBGX9:1:21308:7200:8684#0/1	96.689	151	5	0	585	735	151	1	1.35e-64	252
NC_011593.1:c2595355-2593832	NB551033:137:HK33LBGX9:4:13402:12092:17758#0/2	97.279	147	4	0	73	219	147	1	4.86e-64	250
NC_011593.1:c2595355-2593832	NB551033:137:HK33LBGX9:3:23407:14257:15886#0/2	96.667	150	5	0	245	394	2	151	4.86e-64	250
NC_011593.1:c2595355-2593832	NB551033:137:HK33LBGX9:3:23407:9301:14189#0/2	96.667	150	5	0	267	416	1	150	4.86e-64	250
NC_011593.1:c2595355-2593832	NB551033:137:HK33LBGX9:2:21309:4678:7412#0/2	96.667	150	5	0	869	1018	1	150	4.86e-64	250
NC_011593.1:c2595355-2593832	NB551033:137:HK33LBGX9:2:11109:9154:19417#0/2	96.667	150	5	0	261	410	1	150	4.86e-64	250
NC_011593.1:c2595355-2593832	NB551033:137:HK33LBGX9:4:13607:21205:3698#0/1	96.667	150	5	0	258	407	150	1	4.86e-64	250
NC_011593.1:c2595355-2593832	NB551033:137:HK33LBGX9:3:12608:23958:14450#0/1	96.667	150	5	0	165	314	1	150	4.86e-64	250
NC_011593.1:c2595355-2593832	NB551033:137:HK33LBGX9:3:12402:12931:13622#0/1	96.667	150	5	0	173	322	150	1	4.86e-64	250
NC_011593.1:c2595355-2593832	NB551033:137:HK33LBGX9:2:21107:6005:12311#0/1	97.279	147	4	0	883	1029	147	1	4.86e-64	250
NC_011593.1:c2595355-2593832	NB551033:137:HK33LBGX9:2:11304:15091:4891#0/1	96.667	150	5	0	288	437	150	1	4.86e-64	250
NC_011593.1:c2595355-2593832	NB551033:137:HK33LBGX9:1:12306:24515:14938#0/2	96.644	149	5	0	616	764	149	1	1.75e-63	248
NC_011593.1:c2595355-2593832	NB551033:137:HK33LBGX9:1:12306:1802:1642#0/2	97.260	146	4	0	181	326	146	1	1.75e-63	248
NC_011593.1:c2595355-2593832	NB551033:137:HK33LBGX9:1:12306:1802:1642#0/1	97.260	146	4	0	181	326	2	147	1.75e-63	248
NC_011593.1:c2595355-2593832	NB551033:137:HK33LBGX9:4:22407:2176:7499#0/2	96.026	151	6	0	659	809	151	1	6.29e-63	246
NC_011593.1:c2595355-2593832	NB551033:137:HK33LBGX9:2:23104:8892:1923#0/2	97.241	145	4	0	52	196	6	150	6.29e-63	246
NC_011593.1:c2595355-2593832	NB551033:137:HK33LBGX9:2:22201:16647:12947#0/2	96.026	151	6	0	223	373	1	151	6.29e-63	246
NC_011593.1:c2595355-2593832	NB551033:137:HK33LBGX9:4:22411:3123:19692#0/1	96.026	151	6	0	230	380	151	1	6.29e-63	246
NC_011593.1:c2595355-2593832	NB551033:137:HK33LBGX9:4:13402:12092:17758#0/1	97.241	145	4	0	52	196	6	150	6.29e-63	246
NC_011593.1:c2595355-2593832	NB551033:137:HK33LBGX9:2:22105:20037:17786#0/1	96.026	151	6	0	871	1021	151	1	6.29e-63	246
NC_011593.1:c2595355-2593832	NB551033:137:HK33LBGX9:1:22303:13583:13265#0/1	96.026	151	6	0	230	380	151	1	6.29e-63	246
NC_011593.1:c2595355-2593832	NB551033:137:HK33LBGX9:1:12106:21612:15744#0/1	96.026	151	6	0	659	809	151	1	6.29e-63	246
NC_011593.1:c2595355-2593832	NB551033:137:HK33LBGX9:3:23602:25962:18839#0/2	96.000	150	6	0	657	806	1	150	2.26e-62	244
NC_011593.1:c2595355-2593832	NB551033:137:HK33LBGX9:2:11205:14831:20202#0/2	96.000	150	6	0	627	776	150	1	2.26e-62	244
NC_011593.1:c2595355-2593832	NB551033:137:HK33LBGX9:1:22303:13583:13265#0/2	96.000	150	6	0	64	213	1	150	2.26e-62	244
NC_011593.1:c2595355-2593832	NB551033:137:HK33LBGX9:2:23305:25164:15825#0/1	96.599	147	5	0	204	350	1	147	2.26e-62	244
NC_011593.1:c2595355-2593832	NB551033:137:HK33LBGX9:2:22301:4501:10873#0/1	96.000	150	6	0	118	267	150	1	2.26e-62	244
NC_011593.1:c2595355-2593832	NB551033:137:HK33LBGX9:1:23309:16014:18871#0/1	96.000	150	6	0	627	776	150	1	2.26e-62	244
NC_011593.1:c2595355-2593832	NB551033:137:HK33LBGX9:4:13401:4590:16796#0/2	95.973	149	6	0	635	783	1	149	8.13e-62	243
NC_011593.1:c2595355-2593832	NB551033:137:HK33LBGX9:4:13607:21205:3698#0/2	95.364	151	7	0	208	358	1	151	2.93e-61	241
NC_011593.1:c2595355-2593832	NB551033:137:HK33LBGX9:2:23309:24678:4302#0/2	97.778	135	3	0	1336	1470	1	135	4.90e-59	233
NC_011593.1:c2595355-2593832	NB551033:137:HK33LBGX9:2:23309:24678:4302#0/1	97.778	135	3	0	1336	1470	147	13	4.90e-59	233
NC_011593.1:c2595355-2593832	NB551033:137:HK33LBGX9:1:11104:1541:5072#0/1	97.101	138	4	0	1105	1242	138	1	4.90e-59	233
NC_011593.1:c2595355-2593832	NB551033:137:HK33LBGX9:3:22502:5600:2511#0/2	97.761	134	3	0	1221	1354	1	134	1.76e-58	231
NC_011593.1:c2595355-2593832	NB551033:137:HK33LBGX9:1:21209:16340:13424#0/2	95.804	143	6	0	218	360	143	1	1.76e-58	231
NC_011593.1:c2595355-2593832	NB551033:137:HK33LBGX9:1:13108:4684:18005#0/2	96.403	139	5	0	671	809	139	1	6.33e-58	230
NC_011593.1:c2595355-2593832	NB551033:137:HK33LBGX9:1:13108:4684:18005#0/1	96.403	139	5	0	671	809	1	139	6.33e-58	230
NC_011593.1:c2595355-2593832	NB551033:137:HK33LBGX9:2:21312:8117:1753#0/1	95.000	140	7	0	1	140	12	151	3.81e-55	220
NC_011593.1:c2595355-2593832	NB551033:137:HK33LBGX9:2:11304:19253:13310#0/2	96.899	129	4	0	279	407	1	129	4.93e-54	217
NC_011593.1:c2595355-2593832	NB551033:137:HK33LBGX9:2:11304:19253:13310#0/1	96.899	129	4	0	279	407	129	1	4.93e-54	217
NC_011593.1:c2595355-2593832	NB551033:137:HK33LBGX9:4:12504:24210:14989#0/2	97.561	123	3	0	1348	1470	135	13	2.29e-52	211
NC_011593.1:c2595355-2593832	NB551033:137:HK33LBGX9:4:12504:24210:14989#0/1	97.561	123	3	0	1348	1470	1	123	2.29e-52	211
NC_011593.1:c2595355-2593832	NB551033:137:HK33LBGX9:1:21105:16971:20307#0/2	99.130	115	1	0	1181	1295	1	115	2.97e-51	207
NC_011593.1:c2595355-2593832	NB551033:137:HK33LBGX9:2:13205:22907:15552#0/2	96.032	126	5	0	610	735	126	1	1.07e-50	206
NC_011593.1:c2595355-2593832	NB551033:137:HK33LBGX9:4:13602:3836:9740#0/1	97.500	120	3	0	833	952	120	1	1.07e-50	206
NC_011593.1:c2595355-2593832	NB551033:137:HK33LBGX9:2:13205:22907:15552#0/1	96.032	126	5	0	610	735	1	126	1.07e-50	206
NC_011593.1:c2595355-2593832	NB551033:137:HK33LBGX9:1:12306:24515:14938#0/1	98.261	115	2	0	477	591	1	115	1.38e-49	202
NC_011593.1:c2595355-2593832	NB551033:137:HK33LBGX9:1:22311:12006:5674#0/1	95.935	123	5	0	610	732	1	123	4.97e-49	200
NC_011593.1:c2595355-2593832	NB551033:137:HK33LBGX9:4:22407:6344:8143#0/2	98.148	108	2	0	1274	1381	108	1	1.07e-45	189
NC_011593.1:c2595355-2593832	NB551033:137:HK33LBGX9:3:13402:19060:14696#0/2	98.148	108	2	0	488	595	1	108	1.07e-45	189
NC_011593.1:c2595355-2593832	NB551033:137:HK33LBGX9:3:13402:19060:14696#0/1	98.148	108	2	0	488	595	108	1	1.07e-45	189
NC_011593.1:c2595355-2593832	NB551033:137:HK33LBGX9:1:22209:12317:11613#0/1	97.297	111	3	0	1293	1403	111	1	1.07e-45	189
NC_011593.1:c2595355-2593832	NB551033:137:HK33LBGX9:4:21609:26270:18630#0/2	99.038	104	1	0	1027	1130	104	1	3.87e-45	187
NC_011593.1:c2595355-2593832	NB551033:137:HK33LBGX9:1:23312:26602:10421#0/2	97.273	110	3	0	801	910	110	1	3.87e-45	187
NC_011593.1:c2595355-2593832	NB551033:137:HK33LBGX9:4:21609:26270:18630#0/1	99.038	104	1	0	1027	1130	1	104	3.87e-45	187
NC_011593.1:c2595355-2593832	NB551033:137:HK33LBGX9:1:23312:26602:10421#0/1	97.273	110	3	0	801	910	1	110	3.87e-45	187
NC_011593.1:c2595355-2593832	NB551033:137:HK33LBGX9:3:11404:2300:1527#0/2	97.222	108	3	0	1274	1381	108	1	5.00e-44	183
NC_011593.1:c2595355-2593832	NB551033:137:HK33LBGX9:2:11202:21033:12991#0/2	99.020	102	1	0	1043	1144	1	102	5.00e-44	183
NC_011593.1:c2595355-2593832	NB551033:137:HK33LBGX9:1:23109:8801:15695#0/2	97.222	108	3	0	828	935	108	1	5.00e-44	183
NC_011593.1:c2595355-2593832	NB551033:137:HK33LBGX9:2:11202:21033:12991#0/1	99.020	102	1	0	1043	1144	102	1	5.00e-44	183
NC_011593.1:c2595355-2593832	NB551033:137:HK33LBGX9:1:23109:8801:15695#0/1	97.222	108	3	0	828	935	1	108	5.00e-44	183
NC_011593.1:c2595355-2593832	NB551033:137:HK33LBGX9:1:21209:16340:13424#0/1	97.170	106	3	0	190	295	1	106	6.47e-43	180
NC_011593.1:c2595355-2593832	NB551033:137:HK33LBGX9:3:22601:20350:12491#0/2	100.000	96	0	0	414	509	1	96	2.33e-42	178
NC_011593.1:c2595355-2593832	NB551033:137:HK33LBGX9:3:22601:20350:12491#0/1	100.000	96	0	0	414	509	96	1	2.33e-42	178
NC_011593.1:c2595355-2593832	NB551033:137:HK33LBGX9:4:11508:23066:13028#0/2	98.980	98	1	0	521	618	1	98	8.37e-42	176
NC_011593.1:c2595355-2593832	NB551033:137:HK33LBGX9:4:11508:23066:13028#0/1	98.980	98	1	0	521	618	98	1	8.37e-42	176
NC_011593.1:c2595355-2593832	NB551033:137:HK33LBGX9:2:21111:7614:5724#0/1	97.959	98	2	0	1274	1371	98	1	3.89e-40	171
NC_011593.1:c2595355-2593832	NB551033:137:HK33LBGX9:4:11409:22110:8379#0/2	95.238	105	5	0	166	270	105	1	5.04e-39	167
NC_011593.1:c2595355-2593832	NB551033:137:HK33LBGX9:4:11409:22110:8379#0/1	95.238	105	5	0	166	270	1	105	5.04e-39	167
NC_011593.1:c2595355-2593832	NB551033:137:HK33LBGX9:3:11404:2300:1527#0/1	97.826	92	2	0	1272	1363	1	92	8.43e-37	159
NC_011593.1:c2595355-2593832	NB551033:137:HK33LBGX9:3:23610:25440:15697#0/2	98.851	87	1	0	1004	1090	1	87	1.09e-35	156
NC_011593.1:c2595355-2593832	NB551033:137:HK33LBGX9:3:23610:25440:15697#0/1	98.837	86	1	0	1005	1090	86	1	3.92e-35	154
NC_011593.1:c2595355-2593832	NB551033:137:HK33LBGX9:4:11610:1729:7973#0/2	98.810	84	1	0	566	649	1	84	5.07e-34	150
NC_011593.1:c2595355-2593832	NB551033:137:HK33LBGX9:2:22104:3015:10433#0/2	100.000	81	0	0	355	435	81	1	5.07e-34	150
NC_011593.1:c2595355-2593832	NB551033:137:HK33LBGX9:4:11610:1729:7973#0/1	98.810	84	1	0	566	649	84	1	5.07e-34	150
NC_011593.1:c2595355-2593832	NB551033:137:HK33LBGX9:2:22104:3015:10433#0/1	98.810	84	1	0	352	435	3	86	5.07e-34	150
NC_011593.1:c2595355-2593832	NB551033:137:HK33LBGX9:2:22103:16020:1404#0/2	97.590	83	2	0	154	236	83	1	8.49e-32	143
NC_011593.1:c2595355-2593832	NB551033:137:HK33LBGX9:2:22103:16020:1404#0/1	97.590	83	2	0	154	236	1	83	8.49e-32	143
NC_011593.1:c2595355-2593832	NB551033:137:HK33LBGX9:3:23511:5443:2035#0/1	97.561	82	2	0	1221	1302	1	82	3.05e-31	141
NC_011593.1:c2595355-2593832	NB551033:137:HK33LBGX9:2:12209:12565:14199#0/1	98.734	79	1	0	1221	1299	1	79	3.05e-31	141
NC_011593.1:c2595355-2593832	NB551033:137:HK33LBGX9:3:22502:5600:2511#0/1	97.531	81	2	0	1274	1354	81	1	1.10e-30	139
NC_011593.1:c2595355-2593832	NB551033:137:HK33LBGX9:1:22110:12466:12658#0/1	96.386	83	3	0	1388	1470	151	69	3.95e-30	137
NC_011593.1:c2595355-2593832	NB551033:137:HK33LBGX9:3:22410:7250:6159#0/2	98.667	75	1	0	1317	1391	1	75	5.11e-29	134
NC_011593.1:c2595355-2593832	NB551033:137:HK33LBGX9:4:12405:2291:9146#0/1	96.154	78	3	0	1358	1435	1	78	2.38e-27	128
NC_011593.1:c2595355-2593832	NB551033:137:HK33LBGX9:3:12611:15953:15136#0/2	97.183	71	2	0	1400	1470	150	80	3.98e-25	121
NC_011593.1:c2595355-2593832	NB551033:137:HK33LBGX9:4:12405:2291:9146#0/2	98.485	66	1	0	1405	1470	150	85	5.14e-24	117
NC_011593.1:c2595355-2593832	NB551033:137:HK33LBGX9:3:11404:4745:18842#0/2	100.000	51	0	0	1420	1470	145	95	2.41e-17	95.3
NC_011593.1:c2595355-2593832	NB551033:137:HK33LBGX9:2:21202:8438:2659#0/2	100.000	49	0	0	1422	1470	1	49	3.12e-16	91.6
NC_011593.1:c2595355-2593832	NB551033:137:HK33LBGX9:2:21111:4755:6180#0/2	100.000	49	0	0	1422	1470	1	49	3.12e-16	91.6
# BLASTN 2.9.0+
# Query: NC_011593.1:c2597106-2595574 Bifidobacterium longum subsp. infantis ATCC 15697, complete genome
# Database: db/blast_C0524-3F-1A_S44.faa
# Fields: query acc.ver, subject acc.ver, % identity, alignment length, mismatches, gap opens, q. start, q. end, s. start, s. end, evalue, bit score
# 30 hits found
NC_011593.1:c2597106-2595574	NB551033:137:HK33LBGX9:3:23407:14257:15886#0/1	95.333	150	7	0	391	540	151	2	1.06e-60	239
NC_011593.1:c2597106-2595574	NB551033:137:HK33LBGX9:4:21510:25255:6159#0/1	95.238	126	6	0	1	126	128	3	5.00e-49	200
NC_011593.1:c2597106-2595574	NB551033:137:HK33LBGX9:4:11507:22114:18009#0/2	95.833	120	5	0	1	120	7	126	2.32e-47	195
NC_011593.1:c2597106-2595574	NB551033:137:HK33LBGX9:4:11507:22114:18009#0/1	95.833	120	5	0	1	120	120	1	2.32e-47	195
NC_011593.1:c2597106-2595574	NB551033:137:HK33LBGX9:3:21506:21617:1350#0/1	95.833	120	5	0	1	120	120	1	2.32e-47	195
NC_011593.1:c2597106-2595574	NB551033:137:HK33LBGX9:4:12605:18193:5642#0/1	95.798	119	5	0	1	119	32	150	8.36e-47	193
NC_011593.1:c2597106-2595574	NB551033:137:HK33LBGX9:4:13607:21205:3698#0/2	95.726	117	5	0	214	330	7	123	1.08e-45	189
NC_011593.1:c2597106-2595574	NB551033:137:HK33LBGX9:3:12410:25531:8514#0/2	95.726	117	5	0	214	330	21	137	1.08e-45	189
NC_011593.1:c2597106-2595574	NB551033:137:HK33LBGX9:2:23305:25164:15825#0/1	95.726	117	5	0	214	330	11	127	1.08e-45	189
NC_011593.1:c2597106-2595574	NB551033:137:HK33LBGX9:3:22601:20350:12491#0/2	98.958	96	1	0	414	509	1	96	1.09e-40	172
NC_011593.1:c2597106-2595574	NB551033:137:HK33LBGX9:3:22601:20350:12491#0/1	98.958	96	1	0	414	509	96	1	1.09e-40	172
NC_011593.1:c2597106-2595574	NB551033:137:HK33LBGX9:3:21408:16823:3456#0/2	98.765	81	1	0	1	81	88	8	2.37e-32	145
NC_011593.1:c2597106-2595574	NB551033:137:HK33LBGX9:2:21305:2152:15550#0/2	98.765	81	1	0	1	81	88	8	2.37e-32	145
NC_011593.1:c2597106-2595574	NB551033:137:HK33LBGX9:2:11304:15091:4891#0/2	98.765	81	1	0	1	81	62	142	2.37e-32	145
NC_011593.1:c2597106-2595574	NB551033:137:HK33LBGX9:4:23408:6580:3817#0/2	98.701	77	1	0	1	77	77	1	3.97e-30	137
NC_011593.1:c2597106-2595574	NB551033:137:HK33LBGX9:4:23408:6580:3817#0/1	98.701	77	1	0	1	77	34	110	3.97e-30	137
NC_011593.1:c2597106-2595574	NB551033:137:HK33LBGX9:1:13308:15429:4429#0/2	100.000	72	0	0	1	72	72	1	5.14e-29	134
NC_011593.1:c2597106-2595574	NB551033:137:HK33LBGX9:1:22110:12466:12658#0/1	97.436	78	2	0	1393	1470	146	69	5.14e-29	134
NC_011593.1:c2597106-2595574	NB551033:137:HK33LBGX9:1:13308:15429:4429#0/1	100.000	72	0	0	1	72	45	116	5.14e-29	134
NC_011593.1:c2597106-2595574	NB551033:137:HK33LBGX9:2:21305:2152:15550#0/1	100.000	68	0	0	1	68	83	150	8.60e-27	126
NC_011593.1:c2597106-2595574	NB551033:137:HK33LBGX9:3:12611:15953:15136#0/2	97.183	71	2	0	1400	1470	150	80	4.00e-25	121
NC_011593.1:c2597106-2595574	NB551033:137:HK33LBGX9:2:12103:2652:7617#0/2	100.000	65	0	0	1	65	12	76	4.00e-25	121
NC_011593.1:c2597106-2595574	NB551033:137:HK33LBGX9:2:12103:2652:7617#0/1	100.000	65	0	0	1	65	65	1	4.00e-25	121
NC_011593.1:c2597106-2595574	NB551033:137:HK33LBGX9:4:12405:2291:9146#0/2	98.485	66	1	0	1405	1470	150	85	5.18e-24	117
NC_011593.1:c2597106-2595574	NB551033:137:HK33LBGX9:4:21510:25255:6159#0/2	100.000	55	0	0	1	55	96	150	1.45e-19	102
NC_011593.1:c2597106-2595574	NB551033:137:HK33LBGX9:4:13607:5406:13419#0/2	100.000	55	0	0	1	55	55	1	1.45e-19	102
NC_011593.1:c2597106-2595574	NB551033:137:HK33LBGX9:3:11404:4745:18842#0/2	100.000	51	0	0	1420	1470	145	95	2.42e-17	95.3
NC_011593.1:c2597106-2595574	NB551033:137:HK33LBGX9:2:21202:8438:2659#0/2	100.000	49	0	0	1422	1470	1	49	3.14e-16	91.6
NC_011593.1:c2597106-2595574	NB551033:137:HK33LBGX9:2:21111:4755:6180#0/2	100.000	49	0	0	1422	1470	1	49	3.14e-16	91.6
NC_011593.1:c2597106-2595574	NB551033:137:HK33LBGX9:3:13411:7079:5566#0/2	100.000	33	0	0	1	33	33	1	2.46e-07	62.1
# BLASTN 2.9.0+
# Query: NC_011593.1:c2598562-2597207 Bifidobacterium longum subsp. infantis ATCC 15697, complete genome
# Database: db/blast_C0524-3F-1A_S44.faa
# Fields: query acc.ver, subject acc.ver, % identity, alignment length, mismatches, gap opens, q. start, q. end, s. start, s. end, evalue, bit score
# 174 hits found
NC_011593.1:c2598562-2597207	NB551033:137:HK33LBGX9:4:23608:21108:19586#0/2	100.000	151	0	0	514	664	1	151	5.50e-73	279
NC_011593.1:c2598562-2597207	NB551033:137:HK33LBGX9:3:12603:5133:1933#0/2	100.000	151	0	0	1123	1273	151	1	5.50e-73	279
NC_011593.1:c2598562-2597207	NB551033:137:HK33LBGX9:3:12502:12445:7437#0/2	100.000	151	0	0	282	432	1	151	5.50e-73	279
NC_011593.1:c2598562-2597207	NB551033:137:HK33LBGX9:2:12311:24944:13815#0/2	100.000	151	0	0	330	480	1	151	5.50e-73	279
NC_011593.1:c2598562-2597207	NB551033:137:HK33LBGX9:1:21103:23426:6818#0/2	100.000	151	0	0	211	361	1	151	5.50e-73	279
NC_011593.1:c2598562-2597207	NB551033:137:HK33LBGX9:3:12502:12445:7437#0/1	100.000	151	0	0	622	772	151	1	5.50e-73	279
NC_011593.1:c2598562-2597207	NB551033:137:HK33LBGX9:2:23309:9287:8815#0/1	100.000	151	0	0	367	517	1	151	5.50e-73	279
NC_011593.1:c2598562-2597207	NB551033:137:HK33LBGX9:2:12209:3749:17795#0/1	100.000	151	0	0	396	546	1	151	5.50e-73	279
NC_011593.1:c2598562-2597207	NB551033:137:HK33LBGX9:1:12101:12709:15364#0/1	100.000	151	0	0	422	572	1	151	5.50e-73	279
NC_011593.1:c2598562-2597207	NB551033:137:HK33LBGX9:4:23511:21016:19454#0/2	100.000	150	0	0	597	746	150	1	1.98e-72	278
NC_011593.1:c2598562-2597207	NB551033:137:HK33LBGX9:4:23508:12708:15863#0/2	100.000	150	0	0	414	563	1	150	1.98e-72	278
NC_011593.1:c2598562-2597207	NB551033:137:HK33LBGX9:3:23610:21430:14412#0/2	100.000	150	0	0	1175	1324	150	1	1.98e-72	278
NC_011593.1:c2598562-2597207	NB551033:137:HK33LBGX9:2:21304:18615:3366#0/2	100.000	150	0	0	504	653	150	1	1.98e-72	278
NC_011593.1:c2598562-2597207	NB551033:137:HK33LBGX9:2:21112:22335:9006#0/2	100.000	150	0	0	1175	1324	150	1	1.98e-72	278
NC_011593.1:c2598562-2597207	NB551033:137:HK33LBGX9:2:13211:18635:7261#0/2	100.000	150	0	0	728	877	150	1	1.98e-72	278
NC_011593.1:c2598562-2597207	NB551033:137:HK33LBGX9:1:23210:8113:10596#0/2	100.000	150	0	0	721	870	1	150	1.98e-72	278
NC_011593.1:c2598562-2597207	NB551033:137:HK33LBGX9:1:21206:13363:4342#0/2	100.000	150	0	0	548	697	150	1	1.98e-72	278
NC_011593.1:c2598562-2597207	NB551033:137:HK33LBGX9:1:12101:12709:15364#0/2	100.000	150	0	0	611	760	150	1	1.98e-72	278
NC_011593.1:c2598562-2597207	NB551033:137:HK33LBGX9:4:23511:21016:19454#0/1	100.000	150	0	0	456	605	1	150	1.98e-72	278
NC_011593.1:c2598562-2597207	NB551033:137:HK33LBGX9:4:13510:13956:7199#0/1	100.000	150	0	0	837	986	150	1	1.98e-72	278
NC_011593.1:c2598562-2597207	NB551033:137:HK33LBGX9:4:11506:25046:5555#0/1	100.000	150	0	0	417	566	1	150	1.98e-72	278
NC_011593.1:c2598562-2597207	NB551033:137:HK33LBGX9:2:21105:12701:9844#0/1	100.000	150	0	0	1165	1314	1	150	1.98e-72	278
NC_011593.1:c2598562-2597207	NB551033:137:HK33LBGX9:1:21302:17136:17779#0/1	100.000	150	0	0	766	915	150	1	1.98e-72	278
NC_011593.1:c2598562-2597207	NB551033:137:HK33LBGX9:1:21206:13363:4342#0/1	100.000	150	0	0	311	460	1	150	1.98e-72	278
NC_011593.1:c2598562-2597207	NB551033:137:HK33LBGX9:4:13510:13956:7199#0/2	100.000	149	0	0	769	917	1	149	7.12e-72	276
NC_011593.1:c2598562-2597207	NB551033:137:HK33LBGX9:4:11604:15586:4536#0/2	100.000	149	0	0	558	706	149	1	7.12e-72	276
NC_011593.1:c2598562-2597207	NB551033:137:HK33LBGX9:1:21302:17136:17779#0/2	100.000	149	0	0	663	811	1	149	7.12e-72	276
NC_011593.1:c2598562-2597207	NB551033:137:HK33LBGX9:1:21105:18349:1783#0/2	100.000	149	0	0	820	968	149	1	7.12e-72	276
NC_011593.1:c2598562-2597207	NB551033:137:HK33LBGX9:1:12211:17340:3425#0/2	100.000	149	0	0	820	968	149	1	7.12e-72	276
NC_011593.1:c2598562-2597207	NB551033:137:HK33LBGX9:4:11604:15586:4536#0/1	100.000	149	0	0	558	706	1	149	7.12e-72	276
NC_011593.1:c2598562-2597207	NB551033:137:HK33LBGX9:4:11506:15472:11869#0/1	100.000	149	0	0	277	425	149	1	7.12e-72	276
NC_011593.1:c2598562-2597207	NB551033:137:HK33LBGX9:2:21304:18615:3366#0/1	100.000	149	0	0	485	633	1	149	7.12e-72	276
NC_011593.1:c2598562-2597207	NB551033:137:HK33LBGX9:1:21105:18349:1783#0/1	100.000	149	0	0	769	917	1	149	7.12e-72	276
NC_011593.1:c2598562-2597207	NB551033:137:HK33LBGX9:4:12505:11713:18495#0/1	100.000	148	0	0	815	962	1	148	2.56e-71	274
NC_011593.1:c2598562-2597207	NB551033:137:HK33LBGX9:3:22610:24295:4699#0/1	99.338	151	1	0	600	750	1	151	2.56e-71	274
NC_011593.1:c2598562-2597207	NB551033:137:HK33LBGX9:3:12512:14490:16488#0/1	99.338	151	1	0	324	474	1	151	2.56e-71	274
NC_011593.1:c2598562-2597207	NB551033:137:HK33LBGX9:2:23309:17800:2531#0/1	100.000	148	0	0	716	863	1	148	2.56e-71	274
NC_011593.1:c2598562-2597207	NB551033:137:HK33LBGX9:2:23105:4550:10129#0/1	100.000	148	0	0	147	294	1	148	2.56e-71	274
NC_011593.1:c2598562-2597207	NB551033:137:HK33LBGX9:2:23103:22186:13497#0/1	99.338	151	1	0	158	308	1	151	2.56e-71	274
NC_011593.1:c2598562-2597207	NB551033:137:HK33LBGX9:4:22607:6517:1167#0/2	99.333	150	1	0	597	746	150	1	9.21e-71	272
NC_011593.1:c2598562-2597207	NB551033:137:HK33LBGX9:4:11506:15472:11869#0/2	99.333	150	1	0	159	308	1	150	9.21e-71	272
NC_011593.1:c2598562-2597207	NB551033:137:HK33LBGX9:3:13408:10717:7555#0/2	100.000	147	0	0	607	753	1	147	9.21e-71	272
NC_011593.1:c2598562-2597207	NB551033:137:HK33LBGX9:2:23103:22186:13497#0/2	99.333	150	1	0	170	319	150	1	9.21e-71	272
NC_011593.1:c2598562-2597207	NB551033:137:HK33LBGX9:1:11205:21789:17202#0/2	100.000	147	0	0	138	284	4	150	9.21e-71	272
NC_011593.1:c2598562-2597207	NB551033:137:HK33LBGX9:4:23608:21108:19586#0/1	99.333	150	1	0	532	681	150	1	9.21e-71	272
NC_011593.1:c2598562-2597207	NB551033:137:HK33LBGX9:3:13408:10717:7555#0/1	100.000	147	0	0	607	753	147	1	9.21e-71	272
NC_011593.1:c2598562-2597207	NB551033:137:HK33LBGX9:2:13211:18635:7261#0/1	99.333	150	1	0	592	741	1	150	9.21e-71	272
NC_011593.1:c2598562-2597207	NB551033:137:HK33LBGX9:1:21103:23426:6818#0/1	99.333	150	1	0	753	902	150	1	9.21e-71	272
NC_011593.1:c2598562-2597207	NB551033:137:HK33LBGX9:1:12211:17340:3425#0/1	99.333	150	1	0	337	486	1	150	9.21e-71	272
NC_011593.1:c2598562-2597207	NB551033:137:HK33LBGX9:4:23402:11118:16549#0/2	99.324	148	1	0	147	294	1	148	1.19e-69	268
NC_011593.1:c2598562-2597207	NB551033:137:HK33LBGX9:3:21507:2143:8632#0/2	100.000	144	0	0	223	366	144	1	4.28e-69	267
NC_011593.1:c2598562-2597207	NB551033:137:HK33LBGX9:3:12512:14490:16488#0/2	99.320	147	1	0	507	653	147	1	4.28e-69	267
NC_011593.1:c2598562-2597207	NB551033:137:HK33LBGX9:2:22312:14868:2048#0/2	99.320	147	1	0	560	706	147	1	4.28e-69	267
NC_011593.1:c2598562-2597207	NB551033:137:HK33LBGX9:1:21201:16125:17094#0/2	98.667	150	2	0	659	808	1	150	4.28e-69	267
NC_011593.1:c2598562-2597207	NB551033:137:HK33LBGX9:3:22607:24842:13692#0/1	100.000	143	0	0	1082	1224	143	1	1.54e-68	265
NC_011593.1:c2598562-2597207	NB551033:137:HK33LBGX9:2:22310:22804:4904#0/2	100.000	142	0	0	1215	1356	1	142	5.54e-68	263
NC_011593.1:c2598562-2597207	NB551033:137:HK33LBGX9:1:13206:13441:6338#0/1	100.000	142	0	0	1215	1356	1	142	5.54e-68	263
NC_011593.1:c2598562-2597207	NB551033:137:HK33LBGX9:2:23105:4550:10129#0/2	99.301	143	1	0	264	406	143	1	7.17e-67	259
NC_011593.1:c2598562-2597207	NB551033:137:HK33LBGX9:2:22312:14868:2048#0/1	99.301	143	1	0	560	702	1	143	7.17e-67	259
NC_011593.1:c2598562-2597207	NB551033:137:HK33LBGX9:1:22302:18157:10547#0/1	99.301	143	1	0	1192	1334	143	1	7.17e-67	259
NC_011593.1:c2598562-2597207	NB551033:137:HK33LBGX9:4:12401:8912:5332#0/1	97.351	151	4	0	156	306	1	151	2.58e-66	257
NC_011593.1:c2598562-2597207	NB551033:137:HK33LBGX9:4:11401:11817:11184#0/1	97.351	151	4	0	132	282	1	151	2.58e-66	257
NC_011593.1:c2598562-2597207	NB551033:137:HK33LBGX9:3:12607:15162:13048#0/2	100.000	138	0	0	560	697	138	1	9.27e-66	255
NC_011593.1:c2598562-2597207	NB551033:137:HK33LBGX9:3:12607:15162:13048#0/1	100.000	138	0	0	560	697	1	138	9.27e-66	255
NC_011593.1:c2598562-2597207	NB551033:137:HK33LBGX9:4:23508:12708:15863#0/1	100.000	137	0	0	498	634	137	1	3.34e-65	254
NC_011593.1:c2598562-2597207	NB551033:137:HK33LBGX9:4:12505:11713:18495#0/2	99.265	136	1	0	926	1061	136	1	5.58e-63	246
NC_011593.1:c2598562-2597207	NB551033:137:HK33LBGX9:2:22103:21159:6909#0/1	96.026	151	6	0	186	336	1	151	5.58e-63	246
NC_011593.1:c2598562-2597207	NB551033:137:HK33LBGX9:1:21211:8128:1648#0/1	96.026	151	5	1	163	313	1	150	2.01e-62	244
NC_011593.1:c2598562-2597207	NB551033:137:HK33LBGX9:4:22402:18137:16959#0/2	95.333	150	7	0	218	367	1	150	9.34e-61	239
NC_011593.1:c2598562-2597207	NB551033:137:HK33LBGX9:4:11603:8238:8575#0/2	100.000	129	0	0	915	1043	1	129	9.34e-61	239
NC_011593.1:c2598562-2597207	NB551033:137:HK33LBGX9:4:11603:8238:8575#0/1	100.000	129	0	0	915	1043	129	1	9.34e-61	239
NC_011593.1:c2598562-2597207	NB551033:137:HK33LBGX9:4:21505:21022:11130#0/2	100.000	127	0	0	329	455	127	1	1.21e-59	235
NC_011593.1:c2598562-2597207	NB551033:137:HK33LBGX9:3:22607:24842:13692#0/2	100.000	127	0	0	1072	1198	1	127	1.21e-59	235
NC_011593.1:c2598562-2597207	NB551033:137:HK33LBGX9:4:21505:21022:11130#0/1	100.000	127	0	0	329	455	1	127	1.21e-59	235
NC_011593.1:c2598562-2597207	NB551033:137:HK33LBGX9:1:11308:12490:15756#0/1	99.213	127	1	0	138	264	25	151	5.62e-58	230
NC_011593.1:c2598562-2597207	NB551033:137:HK33LBGX9:1:13207:8683:10248#0/2	100.000	123	0	0	452	574	1	123	2.02e-57	228
NC_011593.1:c2598562-2597207	NB551033:137:HK33LBGX9:1:13207:8683:10248#0/1	100.000	123	0	0	452	574	123	1	2.02e-57	228
NC_011593.1:c2598562-2597207	NB551033:137:HK33LBGX9:4:12512:9253:6055#0/2	100.000	121	0	0	199	319	1	121	2.62e-56	224
NC_011593.1:c2598562-2597207	NB551033:137:HK33LBGX9:4:12512:9253:6055#0/1	100.000	121	0	0	199	319	121	1	2.62e-56	224
NC_011593.1:c2598562-2597207	NB551033:137:HK33LBGX9:4:23503:15805:16916#0/2	95.035	141	7	0	1127	1267	141	1	9.41e-56	222
NC_011593.1:c2598562-2597207	NB551033:137:HK33LBGX9:4:11606:18627:2358#0/1	98.413	126	2	0	645	770	1	126	9.41e-56	222
NC_011593.1:c2598562-2597207	NB551033:137:HK33LBGX9:2:23309:9287:8815#0/2	100.000	115	0	0	496	610	115	1	5.66e-53	213
NC_011593.1:c2598562-2597207	NB551033:137:HK33LBGX9:1:11308:12490:15756#0/2	100.000	113	0	0	309	421	113	1	7.32e-52	209
NC_011593.1:c2598562-2597207	NB551033:137:HK33LBGX9:2:12309:23180:10768#0/1	100.000	113	0	0	952	1064	1	113	7.32e-52	209
NC_011593.1:c2598562-2597207	NB551033:137:HK33LBGX9:2:22104:5380:3610#0/2	97.479	119	3	0	1127	1245	119	1	3.41e-50	204
NC_011593.1:c2598562-2597207	NB551033:137:HK33LBGX9:3:22401:12732:15719#0/1	97.479	119	3	0	1127	1245	119	1	3.41e-50	204
NC_011593.1:c2598562-2597207	NB551033:137:HK33LBGX9:1:12202:5679:18061#0/1	95.968	124	5	0	171	294	1	124	1.23e-49	202
NC_011593.1:c2598562-2597207	NB551033:137:HK33LBGX9:4:13509:23297:1063#0/1	96.667	120	4	0	1135	1254	126	7	4.41e-49	200
NC_011593.1:c2598562-2597207	NB551033:137:HK33LBGX9:3:12603:5133:1933#0/1	100.000	108	0	0	1058	1165	43	150	4.41e-49	200
NC_011593.1:c2598562-2597207	NB551033:137:HK33LBGX9:4:12406:3210:5349#0/2	100.000	107	0	0	1117	1223	1	107	1.59e-48	198
NC_011593.1:c2598562-2597207	NB551033:137:HK33LBGX9:4:12406:3210:5349#0/1	100.000	107	0	0	1117	1223	107	1	1.59e-48	198
NC_011593.1:c2598562-2597207	NB551033:137:HK33LBGX9:2:12204:15695:1670#0/1	99.091	110	1	0	138	247	110	1	1.59e-48	198
NC_011593.1:c2598562-2597207	NB551033:137:HK33LBGX9:4:22604:21597:10560#0/2	100.000	105	0	0	1252	1356	1	105	2.05e-47	195
NC_011593.1:c2598562-2597207	NB551033:137:HK33LBGX9:4:13611:4392:1285#0/2	100.000	105	0	0	960	1064	1	105	2.05e-47	195
NC_011593.1:c2598562-2597207	NB551033:137:HK33LBGX9:2:22310:19660:14471#0/2	100.000	105	0	0	960	1064	1	105	2.05e-47	195
NC_011593.1:c2598562-2597207	NB551033:137:HK33LBGX9:2:21303:19175:16063#0/2	100.000	105	0	0	960	1064	145	41	2.05e-47	195
NC_011593.1:c2598562-2597207	NB551033:137:HK33LBGX9:2:21303:19175:16063#0/1	100.000	105	0	0	960	1064	1	105	2.05e-47	195
NC_011593.1:c2598562-2597207	NB551033:137:HK33LBGX9:1:22206:23984:14865#0/1	97.368	114	3	0	1127	1240	114	1	2.05e-47	195
NC_011593.1:c2598562-2597207	NB551033:137:HK33LBGX9:4:11606:18627:2358#0/2	96.460	113	4	0	925	1037	113	1	3.43e-45	187
NC_011593.1:c2598562-2597207	NB551033:137:HK33LBGX9:4:21404:15964:18609#0/2	97.196	107	3	0	154	260	1	107	1.60e-43	182
NC_011593.1:c2598562-2597207	NB551033:137:HK33LBGX9:4:13604:22014:4287#0/2	100.000	97	0	0	1063	1159	97	1	5.74e-43	180
NC_011593.1:c2598562-2597207	NB551033:137:HK33LBGX9:4:11506:25046:5555#0/2	100.000	97	0	0	639	735	97	1	5.74e-43	180
NC_011593.1:c2598562-2597207	NB551033:137:HK33LBGX9:2:22104:5380:3610#0/1	97.170	106	3	0	1127	1232	46	151	5.74e-43	180
NC_011593.1:c2598562-2597207	NB551033:137:HK33LBGX9:3:22509:11346:12300#0/2	100.000	96	0	0	1063	1158	96	1	2.07e-42	178
NC_011593.1:c2598562-2597207	NB551033:137:HK33LBGX9:1:21201:2608:13037#0/2	100.000	96	0	0	602	697	1	96	2.07e-42	178
NC_011593.1:c2598562-2597207	NB551033:137:HK33LBGX9:1:21201:2608:13037#0/1	100.000	96	0	0	602	697	96	1	2.07e-42	178
NC_011593.1:c2598562-2597207	NB551033:137:HK33LBGX9:4:23609:8296:13856#0/2	100.000	95	0	0	1118	1212	1	95	7.43e-42	176
NC_011593.1:c2598562-2597207	NB551033:137:HK33LBGX9:4:23609:8296:13856#0/1	100.000	95	0	0	1118	1212	95	1	7.43e-42	176
NC_011593.1:c2598562-2597207	NB551033:137:HK33LBGX9:4:21603:15329:4733#0/1	98.980	98	1	0	677	774	1	98	7.43e-42	176
NC_011593.1:c2598562-2597207	NB551033:137:HK33LBGX9:2:21103:26260:9469#0/2	100.000	94	0	0	1231	1324	94	1	2.67e-41	174
NC_011593.1:c2598562-2597207	NB551033:137:HK33LBGX9:2:21103:26260:9469#0/1	100.000	94	0	0	1231	1324	1	94	2.67e-41	174
NC_011593.1:c2598562-2597207	NB551033:137:HK33LBGX9:1:21201:16125:17094#0/1	100.000	93	0	0	926	1018	93	1	9.61e-41	172
NC_011593.1:c2598562-2597207	NB551033:137:HK33LBGX9:2:11112:20086:6517#0/1	100.000	92	0	0	1265	1356	1	92	3.46e-40	171
NC_011593.1:c2598562-2597207	NB551033:137:HK33LBGX9:4:21603:15329:4733#0/2	100.000	90	0	0	930	1019	90	1	4.47e-39	167
NC_011593.1:c2598562-2597207	NB551033:137:HK33LBGX9:1:13306:12517:7836#0/1	96.970	99	3	0	1125	1223	99	1	4.47e-39	167
NC_011593.1:c2598562-2597207	NB551033:137:HK33LBGX9:3:22610:24295:4699#0/2	100.000	89	0	0	976	1064	150	62	1.61e-38	165
NC_011593.1:c2598562-2597207	NB551033:137:HK33LBGX9:3:23601:1493:8751#0/1	96.939	98	3	0	1127	1224	98	1	1.61e-38	165
NC_011593.1:c2598562-2597207	NB551033:137:HK33LBGX9:3:23412:13833:4476#0/1	100.000	89	0	0	138	226	89	1	1.61e-38	165
NC_011593.1:c2598562-2597207	NB551033:137:HK33LBGX9:4:23501:11500:16948#0/2	100.000	88	0	0	483	570	88	1	5.78e-38	163
NC_011593.1:c2598562-2597207	NB551033:137:HK33LBGX9:3:13607:17544:16858#0/2	98.901	91	1	0	1266	1356	1	91	5.78e-38	163
NC_011593.1:c2598562-2597207	NB551033:137:HK33LBGX9:4:23503:15805:16916#0/1	96.907	97	3	0	1127	1223	55	151	5.78e-38	163
NC_011593.1:c2598562-2597207	NB551033:137:HK33LBGX9:4:23501:11500:16948#0/1	100.000	88	0	0	483	570	1	88	5.78e-38	163
NC_011593.1:c2598562-2597207	NB551033:137:HK33LBGX9:4:23602:16030:19531#0/2	100.000	87	0	0	477	563	87	1	2.08e-37	161
NC_011593.1:c2598562-2597207	NB551033:137:HK33LBGX9:1:12105:24898:20357#0/2	95.960	99	4	0	1127	1225	100	2	2.08e-37	161
NC_011593.1:c2598562-2597207	NB551033:137:HK33LBGX9:4:23602:16030:19531#0/1	100.000	87	0	0	477	563	1	87	2.08e-37	161
NC_011593.1:c2598562-2597207	NB551033:137:HK33LBGX9:4:23612:2644:14103#0/2	98.851	87	1	0	1168	1254	95	9	9.68e-36	156
NC_011593.1:c2598562-2597207	NB551033:137:HK33LBGX9:4:23612:2644:14103#0/1	98.851	87	1	0	1168	1254	1	87	9.68e-36	156
NC_011593.1:c2598562-2597207	NB551033:137:HK33LBGX9:4:22402:18137:16959#0/1	95.652	92	4	0	313	404	92	1	1.62e-33	148
NC_011593.1:c2598562-2597207	NB551033:137:HK33LBGX9:2:12311:24944:13815#0/1	100.000	78	0	0	497	574	78	1	2.09e-32	145
NC_011593.1:c2598562-2597207	NB551033:137:HK33LBGX9:3:23412:13833:4476#0/2	100.000	76	0	0	138	213	75	150	2.71e-31	141
NC_011593.1:c2598562-2597207	NB551033:137:HK33LBGX9:1:11205:21789:17202#0/1	100.000	76	0	0	496	571	76	1	2.71e-31	141
NC_011593.1:c2598562-2597207	NB551033:137:HK33LBGX9:4:23402:11118:16549#0/1	100.000	72	0	0	318	389	72	1	4.53e-29	134
NC_011593.1:c2598562-2597207	NB551033:137:HK33LBGX9:2:12209:3749:17795#0/2	98.649	74	1	0	491	564	74	1	1.63e-28	132
NC_011593.1:c2598562-2597207	NB551033:137:HK33LBGX9:4:12604:8136:16832#0/1	97.368	76	2	0	1127	1202	74	149	5.87e-28	130
NC_011593.1:c2598562-2597207	NB551033:137:HK33LBGX9:2:13311:21997:8234#0/2	98.592	71	1	0	1	71	71	1	7.59e-27	126
NC_011593.1:c2598562-2597207	NB551033:137:HK33LBGX9:4:11401:11817:11184#0/2	96.000	75	3	0	314	388	76	2	9.81e-26	122
NC_011593.1:c2598562-2597207	NB551033:137:HK33LBGX9:3:22602:24188:4998#0/2	97.143	70	2	0	1127	1196	70	1	1.27e-24	119
NC_011593.1:c2598562-2597207	NB551033:137:HK33LBGX9:2:21105:12701:9844#0/2	100.000	64	0	0	1293	1356	151	88	1.27e-24	119
NC_011593.1:c2598562-2597207	NB551033:137:HK33LBGX9:2:12309:12242:19439#0/2	100.000	64	0	0	1293	1356	126	63	1.27e-24	119
NC_011593.1:c2598562-2597207	NB551033:137:HK33LBGX9:2:12309:12242:19439#0/1	100.000	64	0	0	1293	1356	1	64	1.27e-24	119
NC_011593.1:c2598562-2597207	NB551033:137:HK33LBGX9:2:21112:22335:9006#0/1	100.000	62	0	0	1058	1119	87	148	1.64e-23	115
NC_011593.1:c2598562-2597207	NB551033:137:HK33LBGX9:1:12105:24898:20357#0/1	97.015	67	2	0	1127	1193	85	151	5.91e-23	113
NC_011593.1:c2598562-2597207	NB551033:137:HK33LBGX9:2:23309:17800:2531#0/2	100.000	58	0	0	1007	1064	150	93	2.75e-21	108
NC_011593.1:c2598562-2597207	NB551033:137:HK33LBGX9:1:22103:21531:18169#0/2	96.774	62	2	0	1127	1188	90	151	3.55e-20	104
NC_011593.1:c2598562-2597207	NB551033:137:HK33LBGX9:3:21406:15791:7972#0/1	98.305	59	1	0	1	59	59	1	3.55e-20	104
NC_011593.1:c2598562-2597207	NB551033:137:HK33LBGX9:2:22202:10605:4419#0/1	98.305	59	1	0	1	59	59	1	3.55e-20	104
NC_011593.1:c2598562-2597207	NB551033:137:HK33LBGX9:2:23310:16707:13597#0/2	100.000	54	0	0	1011	1064	1	54	4.60e-19	100
NC_011593.1:c2598562-2597207	NB551033:137:HK33LBGX9:2:23310:16707:13597#0/1	100.000	54	0	0	1011	1064	122	69	4.60e-19	100
NC_011593.1:c2598562-2597207	NB551033:137:HK33LBGX9:1:23210:8113:10596#0/1	100.000	54	0	0	1011	1064	151	98	4.60e-19	100
NC_011593.1:c2598562-2597207	NB551033:137:HK33LBGX9:2:22310:22804:4904#0/1	98.214	56	1	0	1301	1356	151	96	1.65e-18	99.0
NC_011593.1:c2598562-2597207	NB551033:137:HK33LBGX9:2:13304:5330:14520#0/2	100.000	52	0	0	1305	1356	1	52	5.95e-18	97.1
NC_011593.1:c2598562-2597207	NB551033:137:HK33LBGX9:2:13304:5330:14520#0/1	100.000	52	0	0	1305	1356	95	44	5.95e-18	97.1
NC_011593.1:c2598562-2597207	NB551033:137:HK33LBGX9:1:13206:13441:6338#0/2	100.000	51	0	0	1306	1356	150	100	2.14e-17	95.3
NC_011593.1:c2598562-2597207	NB551033:137:HK33LBGX9:1:23105:3938:18927#0/2	100.000	47	0	0	1310	1356	1	47	3.58e-15	87.9
NC_011593.1:c2598562-2597207	NB551033:137:HK33LBGX9:3:22507:26275:16300#0/1	96.000	50	2	0	1127	1176	50	1	1.67e-13	82.4
NC_011593.1:c2598562-2597207	NB551033:137:HK33LBGX9:2:22107:4784:15558#0/1	97.872	47	1	0	138	184	47	1	1.67e-13	82.4
NC_011593.1:c2598562-2597207	NB551033:137:HK33LBGX9:3:21512:23863:14529#0/2	95.918	49	2	0	1127	1175	49	1	5.99e-13	80.5
NC_011593.1:c2598562-2597207	NB551033:137:HK33LBGX9:3:21512:23863:14529#0/1	95.918	49	2	0	1127	1175	74	122	5.99e-13	80.5
NC_011593.1:c2598562-2597207	NB551033:137:HK33LBGX9:4:12510:4347:16252#0/2	100.000	41	0	0	1063	1103	41	1	7.75e-12	76.8
NC_011593.1:c2598562-2597207	NB551033:137:HK33LBGX9:1:22204:25870:2694#0/1	100.000	35	0	0	138	172	35	1	1.68e-08	65.8
NC_011593.1:c2598562-2597207	NB551033:137:HK33LBGX9:3:12404:13502:20159#0/2	100.000	34	0	0	138	171	34	1	6.03e-08	63.9
NC_011593.1:c2598562-2597207	NB551033:137:HK33LBGX9:3:12404:13502:20159#0/1	100.000	34	0	0	138	171	60	93	6.03e-08	63.9
NC_011593.1:c2598562-2597207	NB551033:137:HK33LBGX9:1:23111:17602:5821#0/1	100.000	34	0	0	138	171	34	1	6.03e-08	63.9
NC_011593.1:c2598562-2597207	NB551033:137:HK33LBGX9:3:21406:15791:7972#0/2	100.000	33	0	0	1	33	119	151	2.17e-07	62.1
NC_011593.1:c2598562-2597207	NB551033:137:HK33LBGX9:4:12404:1987:3731#0/1	100.000	33	0	0	1324	1356	1	33	2.17e-07	62.1
NC_011593.1:c2598562-2597207	NB551033:137:HK33LBGX9:2:23104:17292:17820#0/1	100.000	33	0	0	1	33	119	151	2.17e-07	62.1
NC_011593.1:c2598562-2597207	NB551033:137:HK33LBGX9:3:22601:26431:5116#0/2	100.000	32	0	0	1127	1158	32	1	7.80e-07	60.2
NC_011593.1:c2598562-2597207	NB551033:137:HK33LBGX9:1:12102:26500:1578#0/1	100.000	32	0	0	1127	1158	32	1	7.80e-07	60.2
NC_011593.1:c2598562-2597207	NB551033:137:HK33LBGX9:2:11107:25768:6382#0/2	100.000	31	0	0	1034	1064	1	31	2.81e-06	58.4
NC_011593.1:c2598562-2597207	NB551033:137:HK33LBGX9:1:23102:18081:1501#0/2	100.000	31	0	0	1326	1356	1	31	2.81e-06	58.4
NC_011593.1:c2598562-2597207	NB551033:137:HK33LBGX9:3:12501:24969:6204#0/1	100.000	31	0	0	1063	1093	31	1	2.81e-06	58.4
NC_011593.1:c2598562-2597207	NB551033:137:HK33LBGX9:1:11204:3045:11101#0/2	100.000	29	0	0	1	29	29	1	3.63e-05	54.7
NC_011593.1:c2598562-2597207	NB551033:137:HK33LBGX9:1:11204:3045:11101#0/1	100.000	29	0	0	1	29	105	133	3.63e-05	54.7
NC_011593.1:c2598562-2597207	NB551033:137:HK33LBGX9:4:22604:21597:10560#0/1	100.000	28	0	0	1329	1356	150	123	1.31e-04	52.8
# BLASTN 2.9.0+
# Query: NC_011593.1:2598858-2601929 Bifidobacterium longum subsp. infantis ATCC 15697, complete genome
# Database: db/blast_C0524-3F-1A_S44.faa
# Fields: query acc.ver, subject acc.ver, % identity, alignment length, mismatches, gap opens, q. start, q. end, s. start, s. end, evalue, bit score
# 348 hits found
NC_011593.1:2598858-2601929	NB551033:137:HK33LBGX9:4:23607:2705:7903#0/2	100.000	151	0	0	1718	1868	151	1	1.25e-72	279
NC_011593.1:2598858-2601929	NB551033:137:HK33LBGX9:3:21411:9621:19076#0/2	100.000	151	0	0	905	1055	1	151	1.25e-72	279
NC_011593.1:2598858-2601929	NB551033:137:HK33LBGX9:3:13607:13730:3054#0/2	100.000	151	0	0	1199	1349	151	1	1.25e-72	279
NC_011593.1:2598858-2601929	NB551033:137:HK33LBGX9:1:21302:18999:19670#0/2	100.000	151	0	0	1707	1857	151	1	1.25e-72	279
NC_011593.1:2598858-2601929	NB551033:137:HK33LBGX9:4:22602:15865:7010#0/1	100.000	151	0	0	199	349	151	1	1.25e-72	279
NC_011593.1:2598858-2601929	NB551033:137:HK33LBGX9:3:11404:13916:18908#0/1	100.000	151	0	0	1963	2113	151	1	1.25e-72	279
NC_011593.1:2598858-2601929	NB551033:137:HK33LBGX9:2:21104:11405:17172#0/1	100.000	151	0	0	1971	2121	1	151	1.25e-72	279
NC_011593.1:2598858-2601929	NB551033:137:HK33LBGX9:2:13111:16335:5589#0/1	100.000	151	0	0	1943	2093	151	1	1.25e-72	279
NC_011593.1:2598858-2601929	NB551033:137:HK33LBGX9:4:12611:24951:10309#0/2	100.000	150	0	0	1739	1888	1	150	4.50e-72	278
NC_011593.1:2598858-2601929	NB551033:137:HK33LBGX9:3:11404:13916:18908#0/2	100.000	150	0	0	1945	2094	1	150	4.50e-72	278
NC_011593.1:2598858-2601929	NB551033:137:HK33LBGX9:2:23208:9951:18926#0/2	100.000	150	0	0	2419	2568	1	150	4.50e-72	278
NC_011593.1:2598858-2601929	NB551033:137:HK33LBGX9:2:12310:16944:13485#0/2	100.000	150	0	0	2421	2570	150	1	4.50e-72	278
NC_011593.1:2598858-2601929	NB551033:137:HK33LBGX9:4:23409:18454:17482#0/1	100.000	150	0	0	1645	1794	150	1	4.50e-72	278
NC_011593.1:2598858-2601929	NB551033:137:HK33LBGX9:2:13104:9297:8113#0/1	100.000	150	0	0	1951	2100	150	1	4.50e-72	278
NC_011593.1:2598858-2601929	NB551033:137:HK33LBGX9:2:11109:7669:2153#0/1	100.000	150	0	0	1708	1857	1	150	4.50e-72	278
NC_011593.1:2598858-2601929	NB551033:137:HK33LBGX9:4:22602:15865:7010#0/2	100.000	149	0	0	175	323	3	151	1.62e-71	276
NC_011593.1:2598858-2601929	NB551033:137:HK33LBGX9:4:23607:2705:7903#0/1	100.000	149	0	0	1683	1831	1	149	1.62e-71	276
NC_011593.1:2598858-2601929	NB551033:137:HK33LBGX9:1:23210:17439:14424#0/1	100.000	149	0	0	175	323	3	151	1.62e-71	276
NC_011593.1:2598858-2601929	NB551033:137:HK33LBGX9:4:13401:11004:1484#0/2	99.338	151	1	0	974	1124	1	151	5.82e-71	274
NC_011593.1:2598858-2601929	NB551033:137:HK33LBGX9:3:12601:19363:5422#0/2	99.338	151	1	0	2000	2150	1	151	5.82e-71	274
NC_011593.1:2598858-2601929	NB551033:137:HK33LBGX9:2:13111:16335:5589#0/2	99.338	151	1	0	1894	2044	1	151	5.82e-71	274
NC_011593.1:2598858-2601929	NB551033:137:HK33LBGX9:2:13104:9297:8113#0/2	99.338	151	1	0	1609	1759	1	151	5.82e-71	274
NC_011593.1:2598858-2601929	NB551033:137:HK33LBGX9:2:11304:21379:17313#0/2	99.338	151	1	0	221	371	151	1	5.82e-71	274
NC_011593.1:2598858-2601929	NB551033:137:HK33LBGX9:2:11109:7669:2153#0/2	99.338	151	1	0	1875	2025	151	1	5.82e-71	274
NC_011593.1:2598858-2601929	NB551033:137:HK33LBGX9:1:22307:6664:17992#0/2	99.338	151	1	0	383	533	1	151	5.82e-71	274
NC_011593.1:2598858-2601929	NB551033:137:HK33LBGX9:1:11303:2851:3906#0/2	99.338	151	1	0	128	278	151	1	5.82e-71	274
NC_011593.1:2598858-2601929	NB551033:137:HK33LBGX9:4:22501:24762:2459#0/1	99.338	151	1	0	921	1071	1	151	5.82e-71	274
NC_011593.1:2598858-2601929	NB551033:137:HK33LBGX9:4:12611:24951:10309#0/1	99.338	151	1	0	1839	1989	151	1	5.82e-71	274
NC_011593.1:2598858-2601929	NB551033:137:HK33LBGX9:3:23512:14453:10255#0/1	99.338	151	1	0	286	436	1	151	5.82e-71	274
NC_011593.1:2598858-2601929	NB551033:137:HK33LBGX9:3:13403:16046:12410#0/1	99.338	151	1	0	965	1115	151	1	5.82e-71	274
NC_011593.1:2598858-2601929	NB551033:137:HK33LBGX9:3:11601:16002:7644#0/1	99.338	151	1	0	694	844	1	151	5.82e-71	274
NC_011593.1:2598858-2601929	NB551033:137:HK33LBGX9:2:21301:10832:7618#0/1	99.338	151	1	0	1855	2005	1	151	5.82e-71	274
NC_011593.1:2598858-2601929	NB551033:137:HK33LBGX9:2:11311:6355:18923#0/1	99.338	151	1	0	2752	2902	151	1	5.82e-71	274
NC_011593.1:2598858-2601929	NB551033:137:HK33LBGX9:4:23605:2746:3844#0/2	99.333	150	1	0	1635	1784	150	1	2.09e-70	272
NC_011593.1:2598858-2601929	NB551033:137:HK33LBGX9:4:23411:14573:7773#0/2	99.333	150	1	0	2218	2367	1	150	2.09e-70	272
NC_011593.1:2598858-2601929	NB551033:137:HK33LBGX9:4:13505:11423:16435#0/2	99.333	150	1	0	1786	1935	1	150	2.09e-70	272
NC_011593.1:2598858-2601929	NB551033:137:HK33LBGX9:4:12612:15758:13872#0/2	99.333	150	1	0	709	858	150	1	2.09e-70	272
NC_011593.1:2598858-2601929	NB551033:137:HK33LBGX9:3:21402:13584:16932#0/2	99.333	150	1	0	1890	2039	1	150	2.09e-70	272
NC_011593.1:2598858-2601929	NB551033:137:HK33LBGX9:3:12402:24781:17757#0/2	99.333	150	1	0	1873	2022	1	150	2.09e-70	272
NC_011593.1:2598858-2601929	NB551033:137:HK33LBGX9:3:11502:10057:6130#0/2	99.333	150	1	0	1005	1154	150	1	2.09e-70	272
NC_011593.1:2598858-2601929	NB551033:137:HK33LBGX9:2:23204:6314:13382#0/2	99.333	150	1	0	11	160	1	150	2.09e-70	272
NC_011593.1:2598858-2601929	NB551033:137:HK33LBGX9:2:22205:17978:17794#0/2	99.333	150	1	0	2192	2341	1	150	2.09e-70	272
NC_011593.1:2598858-2601929	NB551033:137:HK33LBGX9:2:21301:10832:7618#0/2	99.333	150	1	0	1874	2023	150	1	2.09e-70	272
NC_011593.1:2598858-2601929	NB551033:137:HK33LBGX9:1:23210:17439:14424#0/2	99.333	150	1	0	227	376	150	1	2.09e-70	272
NC_011593.1:2598858-2601929	NB551033:137:HK33LBGX9:1:22305:1751:13253#0/2	99.333	150	1	0	2398	2547	150	1	2.09e-70	272
NC_011593.1:2598858-2601929	NB551033:137:HK33LBGX9:1:21102:7496:16402#0/2	99.333	150	1	0	1892	2041	1	150	2.09e-70	272
NC_011593.1:2598858-2601929	NB551033:137:HK33LBGX9:1:11202:11217:15504#0/2	99.333	150	1	0	2206	2355	1	150	2.09e-70	272
NC_011593.1:2598858-2601929	NB551033:137:HK33LBGX9:4:13608:19987:14123#0/1	99.333	150	1	0	2213	2362	1	150	2.09e-70	272
NC_011593.1:2598858-2601929	NB551033:137:HK33LBGX9:4:13505:11423:16435#0/1	99.333	150	1	0	2006	2155	150	1	2.09e-70	272
NC_011593.1:2598858-2601929	NB551033:137:HK33LBGX9:4:11501:22371:8340#0/1	99.333	150	1	0	376	525	1	150	2.09e-70	272
NC_011593.1:2598858-2601929	NB551033:137:HK33LBGX9:3:11502:10057:6130#0/1	99.333	150	1	0	978	1127	1	150	2.09e-70	272
NC_011593.1:2598858-2601929	NB551033:137:HK33LBGX9:2:23208:9951:18926#0/1	99.333	150	1	0	2440	2589	150	1	2.09e-70	272
NC_011593.1:2598858-2601929	NB551033:137:HK33LBGX9:2:11112:15050:9909#0/1	99.333	150	1	0	2192	2341	150	1	2.09e-70	272
NC_011593.1:2598858-2601929	NB551033:137:HK33LBGX9:3:13403:16046:12410#0/2	99.329	149	1	0	895	1043	2	150	7.52e-70	270
NC_011593.1:2598858-2601929	NB551033:137:HK33LBGX9:1:11307:18700:10060#0/2	100.000	146	0	0	2392	2537	146	1	7.52e-70	270
NC_011593.1:2598858-2601929	NB551033:137:HK33LBGX9:2:12102:20684:19362#0/1	99.329	149	1	0	177	325	149	1	7.52e-70	270
NC_011593.1:2598858-2601929	NB551033:137:HK33LBGX9:1:22307:6664:17992#0/1	99.329	149	1	0	385	533	151	3	7.52e-70	270
NC_011593.1:2598858-2601929	NB551033:137:HK33LBGX9:1:22101:2682:5976#0/1	99.329	149	1	0	952	1100	149	1	7.52e-70	270
NC_011593.1:2598858-2601929	NB551033:137:HK33LBGX9:4:11611:9179:5804#0/2	98.675	151	2	0	1032	1182	1	151	2.71e-69	268
NC_011593.1:2598858-2601929	NB551033:137:HK33LBGX9:3:13511:25789:6256#0/2	98.675	151	2	0	2875	3025	151	1	2.71e-69	268
NC_011593.1:2598858-2601929	NB551033:137:HK33LBGX9:3:13405:19010:18040#0/2	99.324	148	1	0	2211	2358	1	148	2.71e-69	268
NC_011593.1:2598858-2601929	NB551033:137:HK33LBGX9:3:11610:5019:12729#0/2	98.675	151	2	0	565	715	1	151	2.71e-69	268
NC_011593.1:2598858-2601929	NB551033:137:HK33LBGX9:2:21303:23654:2614#0/2	98.675	151	2	0	48	198	151	1	2.71e-69	268
NC_011593.1:2598858-2601929	NB551033:137:HK33LBGX9:2:13108:16251:13648#0/2	98.675	151	2	0	1045	1195	1	151	2.71e-69	268
NC_011593.1:2598858-2601929	NB551033:137:HK33LBGX9:1:23101:25936:14296#0/2	98.675	151	2	0	1525	1675	1	151	2.71e-69	268
NC_011593.1:2598858-2601929	NB551033:137:HK33LBGX9:1:22101:2682:5976#0/2	98.675	151	2	0	677	827	1	151	2.71e-69	268
NC_011593.1:2598858-2601929	NB551033:137:HK33LBGX9:1:21309:4707:11152#0/2	98.675	151	2	0	1239	1389	151	1	2.71e-69	268
NC_011593.1:2598858-2601929	NB551033:137:HK33LBGX9:4:23612:21557:11068#0/1	98.675	151	2	0	139	289	1	151	2.71e-69	268
NC_011593.1:2598858-2601929	NB551033:137:HK33LBGX9:4:21611:6071:16291#0/1	98.675	151	2	0	357	507	151	1	2.71e-69	268
NC_011593.1:2598858-2601929	NB551033:137:HK33LBGX9:4:13410:25890:2797#0/1	98.675	151	2	0	2501	2651	1	151	2.71e-69	268
NC_011593.1:2598858-2601929	NB551033:137:HK33LBGX9:4:11611:9179:5804#0/1	98.675	151	2	0	1048	1198	151	1	2.71e-69	268
NC_011593.1:2598858-2601929	NB551033:137:HK33LBGX9:3:21603:13550:11240#0/1	98.675	151	2	0	613	763	151	1	2.71e-69	268
NC_011593.1:2598858-2601929	NB551033:137:HK33LBGX9:2:23108:4496:19286#0/1	99.324	148	1	0	11	158	148	1	2.71e-69	268
NC_011593.1:2598858-2601929	NB551033:137:HK33LBGX9:2:21308:24807:2068#0/1	98.675	151	2	0	1244	1394	151	1	2.71e-69	268
NC_011593.1:2598858-2601929	NB551033:137:HK33LBGX9:2:11205:11329:15087#0/1	98.675	151	2	0	2493	2643	151	1	2.71e-69	268
NC_011593.1:2598858-2601929	NB551033:137:HK33LBGX9:1:23101:25936:14296#0/1	98.675	151	2	0	1533	1683	151	1	2.71e-69	268
NC_011593.1:2598858-2601929	NB551033:137:HK33LBGX9:1:21301:15390:1441#0/1	98.675	151	2	0	725	875	151	1	2.71e-69	268
NC_011593.1:2598858-2601929	NB551033:137:HK33LBGX9:1:13111:12816:20105#0/1	99.324	148	1	0	2211	2358	1	148	2.71e-69	268
NC_011593.1:2598858-2601929	NB551033:137:HK33LBGX9:1:12105:12711:1537#0/1	98.675	151	2	0	2494	2644	1	151	2.71e-69	268
NC_011593.1:2598858-2601929	NB551033:137:HK33LBGX9:1:11212:17754:2401#0/1	98.675	151	2	0	1047	1197	1	151	2.71e-69	268
NC_011593.1:2598858-2601929	NB551033:137:HK33LBGX9:4:23509:1928:12973#0/2	98.667	150	2	0	724	873	150	1	9.73e-69	267
NC_011593.1:2598858-2601929	NB551033:137:HK33LBGX9:4:23409:18454:17482#0/2	98.667	150	2	0	1386	1535	1	150	9.73e-69	267
NC_011593.1:2598858-2601929	NB551033:137:HK33LBGX9:4:22501:24762:2459#0/2	98.667	150	2	0	1039	1188	150	1	9.73e-69	267
NC_011593.1:2598858-2601929	NB551033:137:HK33LBGX9:4:22403:21858:17290#0/2	98.667	150	2	0	2496	2645	1	150	9.73e-69	267
NC_011593.1:2598858-2601929	NB551033:137:HK33LBGX9:3:12407:20190:13013#0/2	98.667	150	2	0	2501	2650	1	150	9.73e-69	267
NC_011593.1:2598858-2601929	NB551033:137:HK33LBGX9:3:11602:10739:1369#0/2	98.667	150	2	0	77	226	150	1	9.73e-69	267
NC_011593.1:2598858-2601929	NB551033:137:HK33LBGX9:3:11411:19748:15834#0/2	98.667	150	2	0	2509	2658	150	1	9.73e-69	267
NC_011593.1:2598858-2601929	NB551033:137:HK33LBGX9:2:13107:16233:14766#0/2	98.667	150	2	0	2784	2933	1	150	9.73e-69	267
NC_011593.1:2598858-2601929	NB551033:137:HK33LBGX9:2:11112:15050:9909#0/2	98.667	150	2	0	1873	2022	1	150	9.73e-69	267
NC_011593.1:2598858-2601929	NB551033:137:HK33LBGX9:2:11102:15833:6956#0/2	98.667	150	2	0	1504	1653	150	1	9.73e-69	267
NC_011593.1:2598858-2601929	NB551033:137:HK33LBGX9:1:13107:8727:3160#0/2	98.667	150	2	0	2775	2924	150	1	9.73e-69	267
NC_011593.1:2598858-2601929	NB551033:137:HK33LBGX9:4:23509:1928:12973#0/1	98.667	150	2	0	651	800	1	150	9.73e-69	267
NC_011593.1:2598858-2601929	NB551033:137:HK33LBGX9:4:21407:22018:11763#0/1	98.667	150	2	0	608	757	150	1	9.73e-69	267
NC_011593.1:2598858-2601929	NB551033:137:HK33LBGX9:4:12612:15758:13872#0/1	98.667	150	2	0	645	794	1	150	9.73e-69	267
NC_011593.1:2598858-2601929	NB551033:137:HK33LBGX9:3:22402:17301:7865#0/1	98.667	150	2	0	2133	2282	1	150	9.73e-69	267
NC_011593.1:2598858-2601929	NB551033:137:HK33LBGX9:3:12407:20190:13013#0/1	98.667	150	2	0	2876	3025	150	1	9.73e-69	267
NC_011593.1:2598858-2601929	NB551033:137:HK33LBGX9:3:11407:26220:19868#0/1	98.667	150	2	0	647	796	1	150	9.73e-69	267
NC_011593.1:2598858-2601929	NB551033:137:HK33LBGX9:2:23204:6314:13382#0/1	98.667	150	2	0	56	205	150	1	9.73e-69	267
NC_011593.1:2598858-2601929	NB551033:137:HK33LBGX9:2:13209:16575:11538#0/1	98.667	150	2	0	2504	2653	150	1	9.73e-69	267
NC_011593.1:2598858-2601929	NB551033:137:HK33LBGX9:2:11304:21379:17313#0/1	98.667	150	2	0	100	249	1	150	9.73e-69	267
NC_011593.1:2598858-2601929	NB551033:137:HK33LBGX9:2:11102:15833:6956#0/1	98.667	150	2	0	1492	1641	1	150	9.73e-69	267
NC_011593.1:2598858-2601929	NB551033:137:HK33LBGX9:1:23207:20202:20327#0/1	98.667	150	2	0	2473	2622	1	150	9.73e-69	267
NC_011593.1:2598858-2601929	NB551033:137:HK33LBGX9:1:22305:1751:13253#0/1	98.667	150	2	0	2147	2296	1	150	9.73e-69	267
NC_011593.1:2598858-2601929	NB551033:137:HK33LBGX9:1:13309:19184:11891#0/1	98.667	150	2	0	2497	2646	150	1	9.73e-69	267
NC_011593.1:2598858-2601929	NB551033:137:HK33LBGX9:1:11203:4959:16125#0/1	98.667	150	2	0	27	176	150	1	9.73e-69	267
NC_011593.1:2598858-2601929	NB551033:137:HK33LBGX9:1:11106:6936:6202#0/1	98.667	150	2	0	27	176	150	1	9.73e-69	267
NC_011593.1:2598858-2601929	NB551033:137:HK33LBGX9:4:13608:19987:14123#0/2	99.315	146	1	0	2392	2537	146	1	3.50e-68	265
NC_011593.1:2598858-2601929	NB551033:137:HK33LBGX9:2:22204:25277:3338#0/2	98.658	149	2	0	2883	3031	1	149	3.50e-68	265
NC_011593.1:2598858-2601929	NB551033:137:HK33LBGX9:1:21301:15390:1441#0/2	98.658	149	2	0	671	819	1	149	3.50e-68	265
NC_011593.1:2598858-2601929	NB551033:137:HK33LBGX9:1:12303:25765:6961#0/2	98.658	149	2	0	2529	2677	1	149	3.50e-68	265
NC_011593.1:2598858-2601929	NB551033:137:HK33LBGX9:1:11101:25551:17635#0/2	99.315	146	1	0	315	460	1	146	3.50e-68	265
NC_011593.1:2598858-2601929	NB551033:137:HK33LBGX9:3:21402:13584:16932#0/1	99.315	146	1	0	2012	2157	150	5	3.50e-68	265
NC_011593.1:2598858-2601929	NB551033:137:HK33LBGX9:2:22304:6920:5364#0/1	98.658	149	2	0	605	753	1	149	3.50e-68	265
NC_011593.1:2598858-2601929	NB551033:137:HK33LBGX9:2:21311:25958:4390#0/1	98.658	149	2	0	2770	2918	149	1	3.50e-68	265
NC_011593.1:2598858-2601929	NB551033:137:HK33LBGX9:4:21401:16025:8691#0/2	98.013	151	3	0	2078	2228	151	1	1.26e-67	263
NC_011593.1:2598858-2601929	NB551033:137:HK33LBGX9:4:13405:5202:11856#0/2	98.013	151	3	0	657	807	151	1	1.26e-67	263
NC_011593.1:2598858-2601929	NB551033:137:HK33LBGX9:3:23603:12635:15139#0/2	98.013	151	3	0	1481	1631	151	1	1.26e-67	263
NC_011593.1:2598858-2601929	NB551033:137:HK33LBGX9:3:23403:22490:13073#0/2	99.310	145	1	0	1	145	145	1	1.26e-67	263
NC_011593.1:2598858-2601929	NB551033:137:HK33LBGX9:3:11601:16002:7644#0/2	98.013	151	3	0	878	1028	151	1	1.26e-67	263
NC_011593.1:2598858-2601929	NB551033:137:HK33LBGX9:2:22309:13507:18500#0/2	98.013	151	3	0	1287	1437	1	151	1.26e-67	263
NC_011593.1:2598858-2601929	NB551033:137:HK33LBGX9:2:22107:3699:6491#0/2	98.013	151	3	0	1465	1615	151	1	1.26e-67	263
NC_011593.1:2598858-2601929	NB551033:137:HK33LBGX9:1:12205:11207:2719#0/2	98.649	148	2	0	2153	2300	1	148	1.26e-67	263
NC_011593.1:2598858-2601929	NB551033:137:HK33LBGX9:1:12104:15448:18927#0/2	98.013	151	3	0	1289	1439	1	151	1.26e-67	263
NC_011593.1:2598858-2601929	NB551033:137:HK33LBGX9:4:13609:20111:19570#0/1	98.649	148	2	0	1049	1196	148	1	1.26e-67	263
NC_011593.1:2598858-2601929	NB551033:137:HK33LBGX9:4:13401:11004:1484#0/1	98.013	151	3	0	1199	1349	151	1	1.26e-67	263
NC_011593.1:2598858-2601929	NB551033:137:HK33LBGX9:3:13611:16007:20010#0/1	98.013	151	3	0	2347	2497	151	1	1.26e-67	263
NC_011593.1:2598858-2601929	NB551033:137:HK33LBGX9:3:13607:13730:3054#0/1	98.013	151	3	0	1032	1182	1	151	1.26e-67	263
NC_011593.1:2598858-2601929	NB551033:137:HK33LBGX9:3:13405:19010:18040#0/1	98.013	151	3	0	2305	2455	151	1	1.26e-67	263
NC_011593.1:2598858-2601929	NB551033:137:HK33LBGX9:3:12406:11701:19368#0/1	98.013	151	3	0	557	707	151	1	1.26e-67	263
NC_011593.1:2598858-2601929	NB551033:137:HK33LBGX9:2:22107:3699:6491#0/1	98.013	151	3	0	1275	1425	1	151	1.26e-67	263
NC_011593.1:2598858-2601929	NB551033:137:HK33LBGX9:2:21204:8328:17074#0/1	98.013	151	3	0	2847	2997	151	1	1.26e-67	263
NC_011593.1:2598858-2601929	NB551033:137:HK33LBGX9:1:23310:20278:15458#0/1	98.013	151	3	0	2352	2502	151	1	1.26e-67	263
NC_011593.1:2598858-2601929	NB551033:137:HK33LBGX9:1:22108:4968:5113#0/1	98.013	151	3	0	657	807	151	1	1.26e-67	263
NC_011593.1:2598858-2601929	NB551033:137:HK33LBGX9:1:21108:2240:16513#0/1	98.013	151	3	0	1295	1445	151	1	1.26e-67	263
NC_011593.1:2598858-2601929	NB551033:137:HK33LBGX9:1:21102:7496:16402#0/1	98.013	151	3	0	2016	2166	151	1	1.26e-67	263
NC_011593.1:2598858-2601929	NB551033:137:HK33LBGX9:1:12303:25765:6961#0/1	98.013	151	3	0	2728	2878	151	1	1.26e-67	263
NC_011593.1:2598858-2601929	NB551033:137:HK33LBGX9:1:12104:15448:18927#0/1	98.013	151	3	0	1293	1443	151	1	1.26e-67	263
NC_011593.1:2598858-2601929	NB551033:137:HK33LBGX9:4:21511:4385:1739#0/2	98.000	150	3	0	2446	2595	150	1	4.53e-67	261
NC_011593.1:2598858-2601929	NB551033:137:HK33LBGX9:2:23302:17203:12118#0/2	98.639	147	2	0	646	792	147	1	4.53e-67	261
NC_011593.1:2598858-2601929	NB551033:137:HK33LBGX9:2:21311:25958:4390#0/2	98.000	150	3	0	2539	2688	1	150	4.53e-67	261
NC_011593.1:2598858-2601929	NB551033:137:HK33LBGX9:2:21308:24807:2068#0/2	98.000	150	3	0	1190	1339	1	150	4.53e-67	261
NC_011593.1:2598858-2601929	NB551033:137:HK33LBGX9:2:21104:11405:17172#0/2	98.000	150	3	0	2348	2497	150	1	4.53e-67	261
NC_011593.1:2598858-2601929	NB551033:137:HK33LBGX9:1:23310:20278:15458#0/2	98.000	150	3	0	2351	2500	1	150	4.53e-67	261
NC_011593.1:2598858-2601929	NB551033:137:HK33LBGX9:1:22307:22677:7507#0/2	100.000	141	0	0	1581	1721	1	141	4.53e-67	261
NC_011593.1:2598858-2601929	NB551033:137:HK33LBGX9:1:21108:2240:16513#0/2	98.000	150	3	0	1146	1295	1	150	4.53e-67	261
NC_011593.1:2598858-2601929	NB551033:137:HK33LBGX9:1:13309:19184:11891#0/2	98.000	150	3	0	2333	2482	1	150	4.53e-67	261
NC_011593.1:2598858-2601929	NB551033:137:HK33LBGX9:1:13111:12816:20105#0/2	98.000	150	3	0	2345	2494	150	1	4.53e-67	261
NC_011593.1:2598858-2601929	NB551033:137:HK33LBGX9:1:11101:17596:9727#0/2	98.000	150	3	0	1092	1241	1	150	4.53e-67	261
NC_011593.1:2598858-2601929	NB551033:137:HK33LBGX9:4:23411:14573:7773#0/1	98.000	150	3	0	2372	2521	150	1	4.53e-67	261
NC_011593.1:2598858-2601929	NB551033:137:HK33LBGX9:4:21401:16025:8691#0/1	98.000	150	3	0	2017	2166	1	150	4.53e-67	261
NC_011593.1:2598858-2601929	NB551033:137:HK33LBGX9:4:12511:12787:5383#0/1	98.000	150	3	0	2365	2514	150	1	4.53e-67	261
NC_011593.1:2598858-2601929	NB551033:137:HK33LBGX9:3:22509:3020:3237#0/1	98.000	150	3	0	646	795	1	150	4.53e-67	261
NC_011593.1:2598858-2601929	NB551033:137:HK33LBGX9:3:21411:9621:19076#0/1	98.000	150	3	0	1134	1283	150	1	4.53e-67	261
NC_011593.1:2598858-2601929	NB551033:137:HK33LBGX9:3:13611:15226:20084#0/1	98.000	150	3	0	608	757	150	1	4.53e-67	261
NC_011593.1:2598858-2601929	NB551033:137:HK33LBGX9:3:13511:25789:6256#0/1	98.000	150	3	0	2841	2990	1	150	4.53e-67	261
NC_011593.1:2598858-2601929	NB551033:137:HK33LBGX9:3:11411:19748:15834#0/1	98.639	147	2	0	2489	2635	1	147	4.53e-67	261
NC_011593.1:2598858-2601929	NB551033:137:HK33LBGX9:2:23302:17203:12118#0/1	98.639	147	2	0	646	792	1	147	4.53e-67	261
NC_011593.1:2598858-2601929	NB551033:137:HK33LBGX9:2:23210:9987:15481#0/1	98.000	150	3	0	2101	2250	1	150	4.53e-67	261
NC_011593.1:2598858-2601929	NB551033:137:HK33LBGX9:2:22309:13507:18500#0/1	98.000	150	3	0	1296	1445	150	1	4.53e-67	261
NC_011593.1:2598858-2601929	NB551033:137:HK33LBGX9:2:22304:1356:5259#0/1	98.000	150	3	0	675	824	150	1	4.53e-67	261
NC_011593.1:2598858-2601929	NB551033:137:HK33LBGX9:2:21303:23654:2614#0/1	98.000	150	3	0	31	180	1	150	4.53e-67	261
NC_011593.1:2598858-2601929	NB551033:137:HK33LBGX9:2:13108:16251:13648#0/1	98.000	150	3	0	1105	1254	150	1	4.53e-67	261
NC_011593.1:2598858-2601929	NB551033:137:HK33LBGX9:2:12310:16944:13485#0/1	98.000	150	3	0	2092	2241	1	150	4.53e-67	261
NC_011593.1:2598858-2601929	NB551033:137:HK33LBGX9:1:22307:22677:7507#0/1	100.000	141	0	0	1581	1721	141	1	4.53e-67	261
NC_011593.1:2598858-2601929	NB551033:137:HK33LBGX9:1:21309:4707:11152#0/1	98.000	150	3	0	1107	1256	1	150	4.53e-67	261
NC_011593.1:2598858-2601929	NB551033:137:HK33LBGX9:1:11303:2851:3906#0/1	98.000	150	3	0	36	185	1	150	4.53e-67	261
NC_011593.1:2598858-2601929	NB551033:137:HK33LBGX9:1:11101:17596:9727#0/1	98.000	150	3	0	1189	1338	150	1	4.53e-67	261
NC_011593.1:2598858-2601929	NB551033:137:HK33LBGX9:1:12105:12711:1537#0/2	97.987	149	3	0	2581	2729	149	1	1.63e-66	259
NC_011593.1:2598858-2601929	NB551033:137:HK33LBGX9:4:21511:4385:1739#0/1	97.987	149	3	0	2348	2496	1	149	1.63e-66	259
NC_011593.1:2598858-2601929	NB551033:137:HK33LBGX9:3:11609:8504:18468#0/1	100.000	140	0	0	1609	1748	140	1	1.63e-66	259
NC_011593.1:2598858-2601929	NB551033:137:HK33LBGX9:1:23312:18544:6004#0/1	97.987	149	3	0	2921	3069	149	1	1.63e-66	259
NC_011593.1:2598858-2601929	NB551033:137:HK33LBGX9:4:12511:12787:5383#0/2	97.351	151	4	0	2263	2413	1	151	5.86e-66	257
NC_011593.1:2598858-2601929	NB551033:137:HK33LBGX9:3:13508:20206:4833#0/2	97.351	151	4	0	779	929	151	1	5.86e-66	257
NC_011593.1:2598858-2601929	NB551033:137:HK33LBGX9:2:11207:8551:15708#0/2	97.351	151	4	0	2707	2857	151	1	5.86e-66	257
NC_011593.1:2598858-2601929	NB551033:137:HK33LBGX9:2:11205:11329:15087#0/2	97.351	151	4	0	2297	2447	1	151	5.86e-66	257
NC_011593.1:2598858-2601929	NB551033:137:HK33LBGX9:1:23207:20202:20327#0/2	97.351	151	4	0	2707	2857	151	1	5.86e-66	257
NC_011593.1:2598858-2601929	NB551033:137:HK33LBGX9:1:11212:17754:2401#0/2	97.351	151	4	0	1225	1375	151	1	5.86e-66	257
NC_011593.1:2598858-2601929	NB551033:137:HK33LBGX9:4:22403:21858:17290#0/1	97.351	151	4	0	2576	2726	151	1	5.86e-66	257
NC_011593.1:2598858-2601929	NB551033:137:HK33LBGX9:1:13111:24665:4649#0/1	97.351	151	4	0	2607	2757	151	1	5.86e-66	257
NC_011593.1:2598858-2601929	NB551033:137:HK33LBGX9:1:12205:11207:2719#0/1	97.351	151	4	0	2347	2497	151	1	5.86e-66	257
NC_011593.1:2598858-2601929	NB551033:137:HK33LBGX9:3:13611:16007:20010#0/2	97.333	150	4	0	2296	2445	1	150	2.11e-65	255
NC_011593.1:2598858-2601929	NB551033:137:HK33LBGX9:2:23210:9987:15481#0/2	97.333	150	4	0	2249	2398	150	1	2.11e-65	255
NC_011593.1:2598858-2601929	NB551033:137:HK33LBGX9:2:21204:8328:17074#0/2	97.333	150	4	0	2628	2777	1	150	2.11e-65	255
NC_011593.1:2598858-2601929	NB551033:137:HK33LBGX9:2:11311:6355:18923#0/2	97.333	150	4	0	2659	2808	1	150	2.11e-65	255
NC_011593.1:2598858-2601929	NB551033:137:HK33LBGX9:3:23603:12635:15139#0/1	97.333	150	4	0	1381	1530	1	150	2.11e-65	255
NC_011593.1:2598858-2601929	NB551033:137:HK33LBGX9:3:12601:19363:5422#0/1	97.333	150	4	0	2261	2410	150	1	2.11e-65	255
NC_011593.1:2598858-2601929	NB551033:137:HK33LBGX9:2:22205:17978:17794#0/1	97.333	150	4	0	2293	2442	150	1	2.11e-65	255
NC_011593.1:2598858-2601929	NB551033:137:HK33LBGX9:2:11207:8551:15708#0/1	97.333	150	4	0	2581	2730	1	150	2.11e-65	255
NC_011593.1:2598858-2601929	NB551033:137:HK33LBGX9:1:13107:8727:3160#0/1	97.333	150	4	0	2539	2688	1	150	2.11e-65	255
NC_011593.1:2598858-2601929	NB551033:137:HK33LBGX9:1:11202:11217:15504#0/1	97.333	150	4	0	2261	2410	150	1	2.11e-65	255
NC_011593.1:2598858-2601929	NB551033:137:HK33LBGX9:3:11409:5667:3692#0/2	97.315	149	4	0	414	562	1	149	7.58e-65	254
NC_011593.1:2598858-2601929	NB551033:137:HK33LBGX9:2:23107:2797:2673#0/2	97.315	149	4	0	2628	2776	1	149	7.58e-65	254
NC_011593.1:2598858-2601929	NB551033:137:HK33LBGX9:1:13111:24665:4649#0/2	97.315	149	4	0	2261	2409	1	149	7.58e-65	254
NC_011593.1:2598858-2601929	NB551033:137:HK33LBGX9:4:13405:5202:11856#0/1	97.945	146	3	0	553	698	6	151	7.58e-65	254
NC_011593.1:2598858-2601929	NB551033:137:HK33LBGX9:4:13410:25890:2797#0/2	97.297	148	4	0	2645	2792	148	1	2.72e-64	252
NC_011593.1:2598858-2601929	NB551033:137:HK33LBGX9:3:11407:26220:19868#0/2	96.689	151	5	0	822	972	151	1	2.72e-64	252
NC_011593.1:2598858-2601929	NB551033:137:HK33LBGX9:2:21305:25302:18964#0/2	96.689	151	5	0	867	1017	151	1	2.72e-64	252
NC_011593.1:2598858-2601929	NB551033:137:HK33LBGX9:2:13209:16575:11538#0/2	97.297	148	4	0	2285	2432	1	148	2.72e-64	252
NC_011593.1:2598858-2601929	NB551033:137:HK33LBGX9:1:22108:4968:5113#0/2	96.689	151	5	0	486	636	1	151	2.72e-64	252
NC_011593.1:2598858-2601929	NB551033:137:HK33LBGX9:3:11610:5019:12729#0/1	96.689	151	5	0	777	927	151	1	2.72e-64	252
NC_011593.1:2598858-2601929	NB551033:137:HK33LBGX9:2:11101:4198:19999#0/1	96.689	151	5	0	429	579	1	151	2.72e-64	252
NC_011593.1:2598858-2601929	NB551033:137:HK33LBGX9:1:11101:25551:17635#0/1	96.689	151	5	0	416	566	151	1	2.72e-64	252
NC_011593.1:2598858-2601929	NB551033:137:HK33LBGX9:3:22402:17301:7865#0/2	96.667	150	5	0	2286	2435	150	1	9.80e-64	250
NC_011593.1:2598858-2601929	NB551033:137:HK33LBGX9:3:12512:17110:17227#0/2	96.667	150	5	0	479	628	1	150	9.80e-64	250
NC_011593.1:2598858-2601929	NB551033:137:HK33LBGX9:2:21210:3331:17822#0/2	96.667	150	5	0	826	975	1	150	9.80e-64	250
NC_011593.1:2598858-2601929	NB551033:137:HK33LBGX9:1:13107:13852:3683#0/2	99.275	138	1	0	234	371	138	1	9.80e-64	250
NC_011593.1:2598858-2601929	NB551033:137:HK33LBGX9:3:12512:17110:17227#0/1	96.667	150	5	0	810	959	150	1	9.80e-64	250
NC_011593.1:2598858-2601929	NB551033:137:HK33LBGX9:3:11409:5667:3692#0/1	96.667	150	5	0	543	692	150	1	9.80e-64	250
NC_011593.1:2598858-2601929	NB551033:137:HK33LBGX9:2:21210:3331:17822#0/1	96.667	150	5	0	835	984	150	1	9.80e-64	250
NC_011593.1:2598858-2601929	NB551033:137:HK33LBGX9:2:11304:4700:2192#0/1	96.667	150	5	0	479	628	1	150	9.80e-64	250
NC_011593.1:2598858-2601929	NB551033:137:HK33LBGX9:1:13107:13852:3683#0/1	99.275	138	1	0	234	371	1	138	9.80e-64	250
NC_011593.1:2598858-2601929	NB551033:137:HK33LBGX9:4:23612:21557:11068#0/2	96.644	149	5	0	427	575	149	1	3.52e-63	248
NC_011593.1:2598858-2601929	NB551033:137:HK33LBGX9:4:22512:15026:12246#0/2	99.270	137	1	0	1884	2020	137	1	3.52e-63	248
NC_011593.1:2598858-2601929	NB551033:137:HK33LBGX9:3:21607:12299:1451#0/2	100.000	134	0	0	1897	2030	134	1	3.52e-63	248
NC_011593.1:2598858-2601929	NB551033:137:HK33LBGX9:4:22512:15026:12246#0/1	99.270	137	1	0	1884	2020	1	137	3.52e-63	248
NC_011593.1:2598858-2601929	NB551033:137:HK33LBGX9:3:21607:12299:1451#0/1	99.270	137	1	0	1894	2030	1	137	3.52e-63	248
NC_011593.1:2598858-2601929	NB551033:137:HK33LBGX9:3:12402:24781:17757#0/1	100.000	134	0	0	1977	2110	134	1	3.52e-63	248
NC_011593.1:2598858-2601929	NB551033:137:HK33LBGX9:2:21305:25302:18964#0/1	96.644	149	5	0	535	683	1	149	3.52e-63	248
NC_011593.1:2598858-2601929	NB551033:137:HK33LBGX9:4:21407:22018:11763#0/2	96.026	151	6	0	511	661	1	151	1.27e-62	246
NC_011593.1:2598858-2601929	NB551033:137:HK33LBGX9:3:22509:3020:3237#0/2	96.622	148	5	0	835	982	148	1	1.27e-62	246
NC_011593.1:2598858-2601929	NB551033:137:HK33LBGX9:3:12406:11701:19368#0/2	96.026	151	6	0	506	656	1	151	1.27e-62	246
NC_011593.1:2598858-2601929	NB551033:137:HK33LBGX9:1:11312:7531:17704#0/2	99.265	136	1	0	699	834	1	136	1.27e-62	246
NC_011593.1:2598858-2601929	NB551033:137:HK33LBGX9:1:11312:7531:17704#0/1	99.265	136	1	0	699	834	136	1	1.27e-62	246
NC_011593.1:2598858-2601929	NB551033:137:HK33LBGX9:3:21603:13550:11240#0/2	96.000	150	6	0	506	655	1	150	4.56e-62	244
NC_011593.1:2598858-2601929	NB551033:137:HK33LBGX9:2:11304:4700:2192#0/2	96.000	150	6	0	505	654	150	1	4.56e-62	244
NC_011593.1:2598858-2601929	NB551033:137:HK33LBGX9:2:11101:4198:19999#0/2	96.000	150	6	0	510	659	150	1	4.56e-62	244
NC_011593.1:2598858-2601929	NB551033:137:HK33LBGX9:1:12112:4583:8575#0/2	98.551	138	2	0	1500	1637	1	138	4.56e-62	244
NC_011593.1:2598858-2601929	NB551033:137:HK33LBGX9:4:23605:2746:3844#0/1	96.000	150	6	0	1449	1598	1	150	4.56e-62	244
NC_011593.1:2598858-2601929	NB551033:137:HK33LBGX9:2:13211:17306:12146#0/1	96.000	150	6	0	799	948	1	150	4.56e-62	244
NC_011593.1:2598858-2601929	NB551033:137:HK33LBGX9:1:12112:4583:8575#0/1	98.551	138	2	0	1500	1637	138	1	4.56e-62	244
NC_011593.1:2598858-2601929	NB551033:137:HK33LBGX9:3:11409:6416:10688#0/2	97.842	139	3	0	1214	1352	1	139	5.90e-61	241
NC_011593.1:2598858-2601929	NB551033:137:HK33LBGX9:2:21211:13296:1710#0/2	96.552	145	5	0	454	598	1	145	5.90e-61	241
NC_011593.1:2598858-2601929	NB551033:137:HK33LBGX9:3:11409:6416:10688#0/1	97.842	139	3	0	1214	1352	139	1	5.90e-61	241
NC_011593.1:2598858-2601929	NB551033:137:HK33LBGX9:2:21211:13296:1710#0/1	96.552	145	5	0	454	598	145	1	5.90e-61	241
NC_011593.1:2598858-2601929	NB551033:137:HK33LBGX9:2:12208:1828:9217#0/1	97.842	139	3	0	951	1089	139	1	5.90e-61	241
NC_011593.1:2598858-2601929	NB551033:137:HK33LBGX9:4:11501:22371:8340#0/2	95.333	150	7	0	505	654	150	1	2.12e-60	239
NC_011593.1:2598858-2601929	NB551033:137:HK33LBGX9:3:12508:24095:13146#0/2	99.242	132	1	0	1780	1911	1	132	2.12e-60	239
NC_011593.1:2598858-2601929	NB551033:137:HK33LBGX9:3:12508:24095:13146#0/1	99.242	132	1	0	1780	1911	132	1	2.12e-60	239
NC_011593.1:2598858-2601929	NB551033:137:HK33LBGX9:3:23512:14453:10255#0/2	99.237	131	1	0	315	445	131	1	7.63e-60	237
NC_011593.1:2598858-2601929	NB551033:137:HK33LBGX9:3:11608:24710:17321#0/2	99.237	131	1	0	1824	1954	131	1	7.63e-60	237
NC_011593.1:2598858-2601929	NB551033:137:HK33LBGX9:3:11608:24710:17321#0/1	99.231	130	1	0	1824	1953	1	130	2.74e-59	235
NC_011593.1:2598858-2601929	NB551033:137:HK33LBGX9:1:11311:7707:9969#0/2	99.225	129	1	0	1888	2016	129	1	9.87e-59	233
NC_011593.1:2598858-2601929	NB551033:137:HK33LBGX9:1:11307:18700:10060#0/1	99.225	129	1	0	2211	2339	1	129	9.87e-59	233
NC_011593.1:2598858-2601929	NB551033:137:HK33LBGX9:4:11609:2090:6431#0/2	96.403	139	5	0	465	603	139	1	1.28e-57	230
NC_011593.1:2598858-2601929	NB551033:137:HK33LBGX9:2:21301:23796:13816#0/2	99.213	127	1	0	1028	1154	1	127	1.28e-57	230
NC_011593.1:2598858-2601929	NB551033:137:HK33LBGX9:4:11609:2090:6431#0/1	96.403	139	5	0	465	603	1	139	1.28e-57	230
NC_011593.1:2598858-2601929	NB551033:137:HK33LBGX9:3:13508:20206:4833#0/1	97.744	133	3	0	682	814	1	133	1.28e-57	230
NC_011593.1:2598858-2601929	NB551033:137:HK33LBGX9:2:21301:23796:13816#0/1	99.213	127	1	0	1028	1154	127	1	1.28e-57	230
NC_011593.1:2598858-2601929	NB551033:137:HK33LBGX9:1:12311:23220:10312#0/1	100.000	124	0	0	1941	2064	1	124	1.28e-57	230
NC_011593.1:2598858-2601929	NB551033:137:HK33LBGX9:2:23204:21726:6711#0/2	100.000	123	0	0	1207	1329	1	123	4.59e-57	228
NC_011593.1:2598858-2601929	NB551033:137:HK33LBGX9:2:12102:20684:19362#0/2	99.206	126	1	0	1	126	25	150	4.59e-57	228
NC_011593.1:2598858-2601929	NB551033:137:HK33LBGX9:1:23301:21195:17720#0/2	95.745	141	6	0	514	654	1	141	4.59e-57	228
NC_011593.1:2598858-2601929	NB551033:137:HK33LBGX9:2:23204:21726:6711#0/1	100.000	123	0	0	1207	1329	123	1	4.59e-57	228
NC_011593.1:2598858-2601929	NB551033:137:HK33LBGX9:1:23301:21195:17720#0/1	95.745	141	6	0	514	654	141	1	4.59e-57	228
NC_011593.1:2598858-2601929	NB551033:137:HK33LBGX9:2:22304:1356:5259#0/2	96.350	137	5	0	486	622	1	137	1.65e-56	226
NC_011593.1:2598858-2601929	NB551033:137:HK33LBGX9:4:13412:2515:6192#0/2	99.194	124	1	0	137	260	1	124	5.94e-56	224
NC_011593.1:2598858-2601929	NB551033:137:HK33LBGX9:2:13211:17306:12146#0/2	98.425	127	2	0	1044	1170	127	1	5.94e-56	224
NC_011593.1:2598858-2601929	NB551033:137:HK33LBGX9:4:12402:14253:12256#0/2	100.000	120	0	0	1631	1750	120	1	2.14e-55	222
NC_011593.1:2598858-2601929	NB551033:137:HK33LBGX9:1:21206:9613:19354#0/1	97.674	129	3	0	2944	3072	150	22	2.14e-55	222
NC_011593.1:2598858-2601929	NB551033:137:HK33LBGX9:4:13609:20111:19570#0/2	96.269	134	5	0	845	978	1	134	7.68e-55	220
NC_011593.1:2598858-2601929	NB551033:137:HK33LBGX9:2:23309:14259:7957#0/2	98.400	125	2	0	2894	3018	125	1	7.68e-55	220
NC_011593.1:2598858-2601929	NB551033:137:HK33LBGX9:2:23308:23166:20268#0/2	96.947	131	4	0	1381	1511	131	1	7.68e-55	220
NC_011593.1:2598858-2601929	NB551033:137:HK33LBGX9:4:12402:14253:12256#0/1	100.000	119	0	0	1631	1749	1	119	7.68e-55	220
NC_011593.1:2598858-2601929	NB551033:137:HK33LBGX9:2:23309:14259:7957#0/1	98.400	125	2	0	2894	3018	1	125	7.68e-55	220
NC_011593.1:2598858-2601929	NB551033:137:HK33LBGX9:2:23308:23166:20268#0/1	96.947	131	4	0	1381	1511	1	131	7.68e-55	220
NC_011593.1:2598858-2601929	NB551033:137:HK33LBGX9:2:11107:21950:16893#0/2	98.387	124	2	0	1339	1462	124	1	2.76e-54	219
NC_011593.1:2598858-2601929	NB551033:137:HK33LBGX9:1:11102:19143:3626#0/2	96.241	133	5	0	527	659	133	1	2.76e-54	219
NC_011593.1:2598858-2601929	NB551033:137:HK33LBGX9:2:11107:21950:16893#0/1	98.387	124	2	0	1339	1462	1	124	2.76e-54	219
NC_011593.1:2598858-2601929	NB551033:137:HK33LBGX9:1:11102:19143:3626#0/1	96.241	133	5	0	527	659	1	133	2.76e-54	219
NC_011593.1:2598858-2601929	NB551033:137:HK33LBGX9:1:21302:18999:19670#0/1	100.000	117	0	0	1623	1739	1	117	9.94e-54	217
NC_011593.1:2598858-2601929	NB551033:137:HK33LBGX9:4:13402:9701:6803#0/2	98.361	122	2	0	1	122	122	1	3.58e-53	215
NC_011593.1:2598858-2601929	NB551033:137:HK33LBGX9:3:11609:8504:18468#0/2	98.361	122	2	0	1155	1276	1	122	3.58e-53	215
NC_011593.1:2598858-2601929	NB551033:137:HK33LBGX9:1:23306:18466:8421#0/2	99.160	119	1	0	300	418	119	1	3.58e-53	215
NC_011593.1:2598858-2601929	NB551033:137:HK33LBGX9:1:11205:24817:6288#0/2	96.183	131	5	0	799	929	1	131	3.58e-53	215
NC_011593.1:2598858-2601929	NB551033:137:HK33LBGX9:1:23306:18466:8421#0/1	99.160	119	1	0	300	418	1	119	3.58e-53	215
NC_011593.1:2598858-2601929	NB551033:137:HK33LBGX9:1:11205:24817:6288#0/1	96.183	131	5	0	799	929	131	1	3.58e-53	215
NC_011593.1:2598858-2601929	NB551033:137:HK33LBGX9:1:11311:7707:9969#0/1	98.333	120	2	0	1888	2007	1	120	4.62e-52	211
NC_011593.1:2598858-2601929	NB551033:137:HK33LBGX9:2:22304:6920:5364#0/2	99.130	115	1	0	643	757	115	1	5.98e-51	207
NC_011593.1:2598858-2601929	NB551033:137:HK33LBGX9:1:13102:9839:8023#0/2	100.000	110	0	0	1693	1802	1	110	7.74e-50	204
NC_011593.1:2598858-2601929	NB551033:137:HK33LBGX9:1:13102:9839:8023#0/1	100.000	110	0	0	1693	1802	110	1	7.74e-50	204
NC_011593.1:2598858-2601929	NB551033:137:HK33LBGX9:4:12503:16987:14917#0/2	98.261	115	2	0	2724	2838	115	1	2.78e-49	202
NC_011593.1:2598858-2601929	NB551033:137:HK33LBGX9:1:21206:9613:19354#0/2	99.107	112	1	0	2916	3027	1	112	2.78e-49	202
NC_011593.1:2598858-2601929	NB551033:137:HK33LBGX9:4:12503:16987:14917#0/1	97.458	118	3	0	2721	2838	1	118	2.78e-49	202
NC_011593.1:2598858-2601929	NB551033:137:HK33LBGX9:1:11110:2361:7994#0/1	99.107	112	1	0	2864	2975	1	112	2.78e-49	202
NC_011593.1:2598858-2601929	NB551033:137:HK33LBGX9:1:11110:2361:7994#0/2	99.099	111	1	0	2865	2975	111	1	1.00e-48	200
NC_011593.1:2598858-2601929	NB551033:137:HK33LBGX9:2:21303:8533:2472#0/2	100.000	107	0	0	1623	1729	107	1	3.60e-48	198
NC_011593.1:2598858-2601929	NB551033:137:HK33LBGX9:1:21307:22355:19941#0/2	98.230	113	2	0	1062	1174	113	1	3.60e-48	198
NC_011593.1:2598858-2601929	NB551033:137:HK33LBGX9:2:21303:8533:2472#0/1	100.000	107	0	0	1623	1729	1	107	3.60e-48	198
NC_011593.1:2598858-2601929	NB551033:137:HK33LBGX9:4:23509:12164:18479#0/2	99.083	109	1	0	50	158	1	109	1.29e-47	196
NC_011593.1:2598858-2601929	NB551033:137:HK33LBGX9:4:23509:12164:18479#0/1	99.083	109	1	0	50	158	109	1	1.29e-47	196
NC_011593.1:2598858-2601929	NB551033:137:HK33LBGX9:3:12508:8263:8742#0/1	100.000	105	0	0	383	487	105	1	4.66e-47	195
NC_011593.1:2598858-2601929	NB551033:137:HK33LBGX9:3:12508:8263:8742#0/2	99.048	105	1	0	383	487	1	105	2.17e-45	189
NC_011593.1:2598858-2601929	NB551033:137:HK33LBGX9:2:21212:11573:18399#0/2	98.113	106	2	0	585	690	1	106	2.80e-44	185
NC_011593.1:2598858-2601929	NB551033:137:HK33LBGX9:2:21212:11573:18399#0/1	98.113	106	2	0	585	690	106	1	2.80e-44	185
NC_011593.1:2598858-2601929	NB551033:137:HK33LBGX9:1:13209:6239:6166#0/2	97.222	108	3	0	1140	1247	108	1	1.01e-43	183
NC_011593.1:2598858-2601929	NB551033:137:HK33LBGX9:1:13209:6239:6166#0/1	97.222	108	3	0	1140	1247	1	108	1.01e-43	183
NC_011593.1:2598858-2601929	NB551033:137:HK33LBGX9:2:22204:25277:3338#0/1	96.364	110	4	0	2963	3072	150	41	3.63e-43	182
NC_011593.1:2598858-2601929	NB551033:137:HK33LBGX9:2:13107:16233:14766#0/1	97.143	105	3	0	2968	3072	147	43	4.69e-42	178
NC_011593.1:2598858-2601929	NB551033:137:HK33LBGX9:3:13611:15226:20084#0/2	95.455	110	5	0	475	584	1	110	1.69e-41	176
NC_011593.1:2598858-2601929	NB551033:137:HK33LBGX9:3:13608:2510:16732#0/2	100.000	95	0	0	1945	2039	95	1	1.69e-41	176
NC_011593.1:2598858-2601929	NB551033:137:HK33LBGX9:3:13608:2510:16732#0/1	100.000	95	0	0	1945	2039	1	95	1.69e-41	176
NC_011593.1:2598858-2601929	NB551033:137:HK33LBGX9:4:13411:8522:7168#0/2	100.000	94	0	0	1	94	94	1	6.07e-41	174
NC_011593.1:2598858-2601929	NB551033:137:HK33LBGX9:2:22101:21383:20264#0/2	98.969	97	1	0	1420	1516	1	97	6.07e-41	174
NC_011593.1:2598858-2601929	NB551033:137:HK33LBGX9:2:22101:21383:20264#0/1	98.969	97	1	0	1420	1516	97	1	6.07e-41	174
NC_011593.1:2598858-2601929	NB551033:137:HK33LBGX9:2:22212:3601:12410#0/2	100.000	93	0	0	2036	2128	93	1	2.18e-40	172
NC_011593.1:2598858-2601929	NB551033:137:HK33LBGX9:2:22212:3601:12410#0/1	100.000	93	0	0	2036	2128	1	93	2.18e-40	172
NC_011593.1:2598858-2601929	NB551033:137:HK33LBGX9:3:12410:12846:4043#0/2	97.000	100	3	0	2466	2565	1	100	2.82e-39	169
NC_011593.1:2598858-2601929	NB551033:137:HK33LBGX9:3:12608:13398:8864#0/2	98.913	92	1	0	2603	2694	1	92	3.65e-38	165
NC_011593.1:2598858-2601929	NB551033:137:HK33LBGX9:3:12608:13398:8864#0/1	98.913	92	1	0	2603	2694	92	1	3.65e-38	165
NC_011593.1:2598858-2601929	NB551033:137:HK33LBGX9:2:12208:1828:9217#0/2	97.872	94	2	0	951	1044	1	94	1.31e-37	163
NC_011593.1:2598858-2601929	NB551033:137:HK33LBGX9:4:21508:2655:5929#0/2	98.889	90	1	0	1865	1954	90	1	4.72e-37	161
NC_011593.1:2598858-2601929	NB551033:137:HK33LBGX9:4:21508:2655:5929#0/1	98.889	90	1	0	1865	1954	1	90	4.72e-37	161
NC_011593.1:2598858-2601929	NB551033:137:HK33LBGX9:4:13412:2515:6192#0/1	100.000	86	0	0	175	260	86	1	1.70e-36	159
NC_011593.1:2598858-2601929	NB551033:137:HK33LBGX9:2:23107:2797:2673#0/1	98.876	89	1	0	2784	2872	89	1	1.70e-36	159
NC_011593.1:2598858-2601929	NB551033:137:HK33LBGX9:4:11612:23607:13963#0/2	100.000	85	0	0	1946	2030	85	1	6.11e-36	158
NC_011593.1:2598858-2601929	NB551033:137:HK33LBGX9:4:11501:12978:1721#0/2	98.864	88	1	0	2870	2957	1	88	6.11e-36	158
NC_011593.1:2598858-2601929	NB551033:137:HK33LBGX9:2:23303:8469:5097#0/2	95.876	97	4	0	465	561	1	97	6.11e-36	158
NC_011593.1:2598858-2601929	NB551033:137:HK33LBGX9:1:22104:14082:19910#0/2	96.809	94	3	0	1214	1307	94	1	6.11e-36	158
NC_011593.1:2598858-2601929	NB551033:137:HK33LBGX9:4:11612:23607:13963#0/1	100.000	85	0	0	1946	2030	1	85	6.11e-36	158
NC_011593.1:2598858-2601929	NB551033:137:HK33LBGX9:4:11501:12978:1721#0/1	98.864	88	1	0	2870	2957	88	1	6.11e-36	158
NC_011593.1:2598858-2601929	NB551033:137:HK33LBGX9:2:23303:8469:5097#0/1	95.876	97	4	0	465	561	97	1	6.11e-36	158
NC_011593.1:2598858-2601929	NB551033:137:HK33LBGX9:1:22104:14082:19910#0/1	97.802	91	2	0	1214	1304	1	91	6.11e-36	158
NC_011593.1:2598858-2601929	NB551033:137:HK33LBGX9:1:21307:22355:19941#0/1	98.851	87	1	0	1045	1131	1	87	2.20e-35	156
NC_011593.1:2598858-2601929	NB551033:137:HK33LBGX9:3:22509:26416:9280#0/2	100.000	82	0	0	211	292	82	1	2.84e-34	152
NC_011593.1:2598858-2601929	NB551033:137:HK33LBGX9:3:22509:26416:9280#0/1	100.000	82	0	0	211	292	1	82	2.84e-34	152
NC_011593.1:2598858-2601929	NB551033:137:HK33LBGX9:1:12311:23220:10312#0/2	97.647	85	2	0	2142	2226	85	1	1.32e-32	147
NC_011593.1:2598858-2601929	NB551033:137:HK33LBGX9:3:12608:13994:19739#0/2	100.000	77	0	0	1	77	77	1	1.71e-31	143
NC_011593.1:2598858-2601929	NB551033:137:HK33LBGX9:2:23307:4715:5753#0/2	98.734	79	1	0	1539	1617	1	79	6.15e-31	141
NC_011593.1:2598858-2601929	NB551033:137:HK33LBGX9:2:23307:4715:5753#0/1	98.734	79	1	0	1539	1617	79	1	6.15e-31	141
NC_011593.1:2598858-2601929	NB551033:137:HK33LBGX9:1:23312:18544:6004#0/2	97.531	81	2	0	2650	2730	1	81	2.21e-30	139
NC_011593.1:2598858-2601929	NB551033:137:HK33LBGX9:3:21505:22422:1822#0/2	98.701	77	1	0	69	145	1	77	7.96e-30	137
NC_011593.1:2598858-2601929	NB551033:137:HK33LBGX9:3:21505:22422:1822#0/1	98.684	76	1	0	70	145	76	1	2.86e-29	135
NC_011593.1:2598858-2601929	NB551033:137:HK33LBGX9:4:21611:6071:16291#0/2	98.667	75	1	0	1	75	13	87	1.03e-28	134
NC_011593.1:2598858-2601929	NB551033:137:HK33LBGX9:1:23304:1424:2960#0/2	98.667	75	1	0	2513	2587	75	1	1.03e-28	134
NC_011593.1:2598858-2601929	NB551033:137:HK33LBGX9:1:23304:1424:2960#0/1	98.667	75	1	0	2513	2587	1	75	1.03e-28	134
NC_011593.1:2598858-2601929	NB551033:137:HK33LBGX9:4:13411:8522:7168#0/1	100.000	68	0	0	1	68	84	151	1.72e-26	126
NC_011593.1:2598858-2601929	NB551033:137:HK33LBGX9:1:21107:18998:19582#0/1	100.000	67	0	0	1	67	67	1	6.20e-26	124
NC_011593.1:2598858-2601929	NB551033:137:HK33LBGX9:3:21409:12783:12798#0/1	98.039	51	1	0	619	669	6	56	2.26e-15	89.8
NC_011593.1:2598858-2601929	NB551033:137:HK33LBGX9:1:12111:13767:5292#0/2	100.000	47	0	0	1	47	84	130	8.13e-15	87.9
NC_011593.1:2598858-2601929	NB551033:137:HK33LBGX9:1:12111:13767:5292#0/1	100.000	47	0	0	1	47	47	1	8.13e-15	87.9
NC_011593.1:2598858-2601929	NB551033:137:HK33LBGX9:2:23208:7684:14376#0/1	97.917	48	1	0	622	669	1	48	1.05e-13	84.2
NC_011593.1:2598858-2601929	NB551033:137:HK33LBGX9:1:22206:4229:18901#0/1	97.917	48	1	0	622	669	1	48	1.05e-13	84.2
NC_011593.1:2598858-2601929	NB551033:137:HK33LBGX9:4:23410:11387:8455#0/1	100.000	43	0	0	1	43	43	1	1.36e-12	80.5
NC_011593.1:2598858-2601929	NB551033:137:HK33LBGX9:4:22602:15380:12514#0/2	97.778	45	1	0	625	669	146	102	4.89e-12	78.7
NC_011593.1:2598858-2601929	NB551033:137:HK33LBGX9:1:22206:4229:18901#0/2	97.619	42	1	0	628	669	148	107	2.28e-10	73.1
NC_011593.1:2598858-2601929	NB551033:137:HK33LBGX9:3:13409:24954:8213#0/1	97.619	42	1	0	628	669	148	107	2.28e-10	73.1
NC_011593.1:2598858-2601929	NB551033:137:HK33LBGX9:2:23111:11272:16726#0/2	97.500	40	1	0	630	669	1	40	2.95e-09	69.4
NC_011593.1:2598858-2601929	NB551033:137:HK33LBGX9:1:11105:13664:8247#0/1	100.000	30	0	0	640	669	1	30	2.29e-05	56.5
# BLASTN 2.9.0+
# Query: NC_011593.1:c2604454-2602106 Bifidobacterium longum subsp. infantis ATCC 15697, complete genome
# Database: db/blast_C0524-3F-1A_S44.faa
# 0 hits found
# BLASTN 2.9.0+
# Query: NC_011593.1:c2605922-2604486 Bifidobacterium longum subsp. infantis ATCC 15697, complete genome
# Database: db/blast_C0524-3F-1A_S44.faa
# 0 hits found
# BLASTN 2.9.0+
# Query: NC_011593.1:c2606381-2605944 Bifidobacterium longum subsp. infantis ATCC 15697, complete genome
# Database: db/blast_C0524-3F-1A_S44.faa
# 0 hits found
# BLASTN 2.9.0+
# Query: NC_011593.1:c2607314-2606418 Bifidobacterium longum subsp. infantis ATCC 15697, complete genome
# Database: db/blast_C0524-3F-1A_S44.faa
# 0 hits found
# BLASTN 2.9.0+
# Query: NC_011593.1:c2608249-2607458 Bifidobacterium longum subsp. infantis ATCC 15697, complete genome
# Database: db/blast_C0524-3F-1A_S44.faa
# Fields: query acc.ver, subject acc.ver, % identity, alignment length, mismatches, gap opens, q. start, q. end, s. start, s. end, evalue, bit score
# 3 hits found
NC_011593.1:c2608249-2607458	NB551033:137:HK33LBGX9:3:21408:5540:5895#0/2	95.333	150	7	0	318	467	150	1	5.43e-61	239
NC_011593.1:c2608249-2607458	NB551033:137:HK33LBGX9:1:21205:2544:20062#0/2	95.122	82	4	0	338	419	1	82	3.41e-28	130
NC_011593.1:c2608249-2607458	NB551033:137:HK33LBGX9:1:21205:2544:20062#0/1	95.122	82	4	0	338	419	82	1	3.41e-28	130
# BLASTN 2.9.0+
# Query: NC_011593.1:c2609546-2608269 Bifidobacterium longum subsp. infantis ATCC 15697, complete genome
# Database: db/blast_C0524-3F-1A_S44.faa
# Fields: query acc.ver, subject acc.ver, % identity, alignment length, mismatches, gap opens, q. start, q. end, s. start, s. end, evalue, bit score
# 19 hits found
NC_011593.1:c2609546-2608269	NB551033:137:HK33LBGX9:4:13505:15288:6055#0/2	100.000	150	0	0	181	330	150	1	1.86e-72	278
NC_011593.1:c2609546-2608269	NB551033:137:HK33LBGX9:1:13104:22158:2937#0/2	98.000	150	3	0	125	274	150	1	1.88e-67	261
NC_011593.1:c2609546-2608269	NB551033:137:HK33LBGX9:4:11612:2076:11805#0/2	97.987	149	3	0	124	272	149	1	6.75e-67	259
NC_011593.1:c2609546-2608269	NB551033:137:HK33LBGX9:1:12109:10569:6289#0/2	96.689	151	5	0	888	1038	1	151	1.13e-64	252
NC_011593.1:c2609546-2608269	NB551033:137:HK33LBGX9:2:13304:13090:3971#0/2	96.000	150	6	0	1093	1242	150	1	1.89e-62	244
NC_011593.1:c2609546-2608269	NB551033:137:HK33LBGX9:2:12303:22415:4525#0/1	96.000	150	6	0	917	1066	150	1	1.89e-62	244
NC_011593.1:c2609546-2608269	NB551033:137:HK33LBGX9:4:23410:21057:1851#0/2	95.364	151	7	0	1085	1235	1	151	2.44e-61	241
NC_011593.1:c2609546-2608269	NB551033:137:HK33LBGX9:3:11605:20024:13926#0/2	95.364	151	7	0	1079	1229	151	1	2.44e-61	241
NC_011593.1:c2609546-2608269	NB551033:137:HK33LBGX9:3:22406:9910:7743#0/2	95.333	150	7	0	500	649	2	151	8.79e-61	239
NC_011593.1:c2609546-2608269	NB551033:137:HK33LBGX9:4:21509:23684:2599#0/2	95.302	149	7	0	862	1010	2	150	3.16e-60	237
NC_011593.1:c2609546-2608269	NB551033:137:HK33LBGX9:2:23204:7183:6108#0/2	95.614	114	5	0	1000	1113	114	1	4.18e-44	183
NC_011593.1:c2609546-2608269	NB551033:137:HK33LBGX9:4:23410:21057:1851#0/1	97.087	103	3	0	1174	1276	151	49	2.51e-41	174
NC_011593.1:c2609546-2608269	NB551033:137:HK33LBGX9:2:13111:2429:10593#0/2	95.455	66	3	0	279	344	4	69	9.30e-21	106
NC_011593.1:c2609546-2608269	NB551033:137:HK33LBGX9:2:12110:25184:2605#0/1	98.000	50	1	0	295	344	150	101	3.37e-15	87.9
NC_011593.1:c2609546-2608269	NB551033:137:HK33LBGX9:1:23311:8986:2031#0/2	97.674	43	1	0	302	344	122	80	2.62e-11	75.0
NC_011593.1:c2609546-2608269	NB551033:137:HK33LBGX9:3:12412:23322:18316#0/1	97.674	43	1	0	302	344	1	43	2.62e-11	75.0
NC_011593.1:c2609546-2608269	NB551033:137:HK33LBGX9:1:23311:8986:2031#0/1	97.674	43	1	0	302	344	1	43	2.62e-11	75.0
NC_011593.1:c2609546-2608269	NB551033:137:HK33LBGX9:1:23305:16958:11397#0/1	100.000	38	0	0	307	344	2	39	3.39e-10	71.3
NC_011593.1:c2609546-2608269	NB551033:137:HK33LBGX9:2:22204:7348:7837#0/2	100.000	35	0	0	310	344	150	116	1.58e-08	65.8
# BLASTN 2.9.0+
# Query: NC_011593.1:c2610356-2609697 Bifidobacterium longum subsp. infantis ATCC 15697, complete genome
# Database: db/blast_C0524-3F-1A_S44.faa
# 0 hits found
# BLASTN 2.9.0+
# Query: NC_011593.1:c2611458-2610496 Bifidobacterium longum subsp. infantis ATCC 15697, complete genome
# Database: db/blast_C0524-3F-1A_S44.faa
# 0 hits found
# BLASTN 2.9.0+
# Query: NC_011593.1:c2612430-2611477 Bifidobacterium longum subsp. infantis ATCC 15697, complete genome
# Database: db/blast_C0524-3F-1A_S44.faa
# 0 hits found
# BLASTN 2.9.0+
# Query: NC_011593.1:c2614109-2612517 Bifidobacterium longum subsp. infantis ATCC 15697, complete genome
# Database: db/blast_C0524-3F-1A_S44.faa
# 0 hits found
# BLASTN 2.9.0+
# Query: NC_011593.1:c2615274-2614312 Bifidobacterium longum subsp. infantis ATCC 15697, complete genome
# Database: db/blast_C0524-3F-1A_S44.faa
# 0 hits found
# BLASTN 2.9.0+
# Query: NC_011593.1:c2616246-2615293 Bifidobacterium longum subsp. infantis ATCC 15697, complete genome
# Database: db/blast_C0524-3F-1A_S44.faa
# 0 hits found
# BLASTN 2.9.0+
# Query: NC_011593.1:c2617928-2616333 Bifidobacterium longum subsp. infantis ATCC 15697, complete genome
# Database: db/blast_C0524-3F-1A_S44.faa
# 0 hits found
# BLASTN 2.9.0+
# Query: NC_011593.1:c2619247-2618063 Bifidobacterium longum subsp. infantis ATCC 15697, complete genome
# Database: db/blast_C0524-3F-1A_S44.faa
# 0 hits found
# BLASTN 2.9.0+
# Query: NC_011593.1:c2620369-2619413 Bifidobacterium longum subsp. infantis ATCC 15697, complete genome
# Database: db/blast_C0524-3F-1A_S44.faa
# 0 hits found
# BLASTN 2.9.0+
# Query: NC_011593.1:c2622143-2620551 Bifidobacterium longum subsp. infantis ATCC 15697, complete genome
# Database: db/blast_C0524-3F-1A_S44.faa
# 0 hits found
# BLASTN 2.9.0+
# Query: NC_011593.1:c2624124-2622520 Bifidobacterium longum subsp. infantis ATCC 15697, complete genome
# Database: db/blast_C0524-3F-1A_S44.faa
# 0 hits found
# BLASTN 2.9.0+
# Query: NC_011593.1:c2626110-2624512 Bifidobacterium longum subsp. infantis ATCC 15697, complete genome
# Database: db/blast_C0524-3F-1A_S44.faa
# Fields: query acc.ver, subject acc.ver, % identity, alignment length, mismatches, gap opens, q. start, q. end, s. start, s. end, evalue, bit score
# 9 hits found
NC_011593.1:c2626110-2624512	NB551033:137:HK33LBGX9:3:21511:16523:2763#0/2	100.000	30	0	0	1555	1584	56	27	1.19e-05	56.5
NC_011593.1:c2626110-2624512	NB551033:137:HK33LBGX9:3:12511:7647:8448#0/2	100.000	30	0	0	1555	1584	56	27	1.19e-05	56.5
NC_011593.1:c2626110-2624512	NB551033:137:HK33LBGX9:3:11505:7722:13113#0/2	100.000	30	0	0	1555	1584	68	39	1.19e-05	56.5
NC_011593.1:c2626110-2624512	NB551033:137:HK33LBGX9:2:12206:16038:15790#0/2	100.000	30	0	0	1555	1584	119	90	1.19e-05	56.5
NC_011593.1:c2626110-2624512	NB551033:137:HK33LBGX9:2:11308:4651:14812#0/2	100.000	30	0	0	1555	1584	45	74	1.19e-05	56.5
NC_011593.1:c2626110-2624512	NB551033:137:HK33LBGX9:4:23407:11552:16152#0/1	100.000	30	0	0	1555	1584	31	2	1.19e-05	56.5
NC_011593.1:c2626110-2624512	NB551033:137:HK33LBGX9:3:21511:16523:2763#0/1	100.000	30	0	0	1555	1584	71	100	1.19e-05	56.5
NC_011593.1:c2626110-2624512	NB551033:137:HK33LBGX9:3:11505:7722:13113#0/1	100.000	30	0	0	1555	1584	98	127	1.19e-05	56.5
NC_011593.1:c2626110-2624512	NB551033:137:HK33LBGX9:2:11308:4651:14812#0/1	100.000	30	0	0	1555	1584	116	87	1.19e-05	56.5
# BLASTN 2.9.0+
# Query: NC_011593.1:c2626386-2626264 Bifidobacterium longum subsp. infantis ATCC 15697, complete genome
# Database: db/blast_C0524-3F-1A_S44.faa
# 0 hits found
# BLASTN 2.9.0+
# Query: NC_011593.1:c2628158-2626563 Bifidobacterium longum subsp. infantis ATCC 15697, complete genome
# Database: db/blast_C0524-3F-1A_S44.faa
# 0 hits found
# BLASTN 2.9.0+
# Query: NC_011593.1:c2630269-2628314 Bifidobacterium longum subsp. infantis ATCC 15697, complete genome
# Database: db/blast_C0524-3F-1A_S44.faa
# 0 hits found
# BLASTN 2.9.0+
# Query: NC_011593.1:c2631106-2630366 Bifidobacterium longum subsp. infantis ATCC 15697, complete genome
# Database: db/blast_C0524-3F-1A_S44.faa
# 0 hits found
# BLASTN 2.9.0+
# Query: NC_011593.1:c2632432-2631140 Bifidobacterium longum subsp. infantis ATCC 15697, complete genome
# Database: db/blast_C0524-3F-1A_S44.faa
# 0 hits found
# BLASTN 2.9.0+
# Query: NC_011593.1:c2633881-2632562 Bifidobacterium longum subsp. infantis ATCC 15697, complete genome
# Database: db/blast_C0524-3F-1A_S44.faa
# 0 hits found
# BLASTN 2.9.0+
# Query: NC_011593.1:c2634683-2633865 Bifidobacterium longum subsp. infantis ATCC 15697, complete genome
# Database: db/blast_C0524-3F-1A_S44.faa
# 0 hits found
# BLASTN 2.9.0+
# Query: NC_011593.1:c2635627-2634680 Bifidobacterium longum subsp. infantis ATCC 15697, complete genome
# Database: db/blast_C0524-3F-1A_S44.faa
# 0 hits found
# BLASTN 2.9.0+
# Query: NC_011593.1:c2636747-2635629 Bifidobacterium longum subsp. infantis ATCC 15697, complete genome
# Database: db/blast_C0524-3F-1A_S44.faa
# 0 hits found
# BLAST processed 31 queries
