# BLASTN 2.9.0+
# Query: NC_011593.1:c2595355-2593832 Bifidobacterium longum subsp. infantis ATCC 15697, complete genome
# Database: db/blast_C0568_1F_1A_S92.faa
# Fields: query acc.ver, subject acc.ver, % identity, alignment length, mismatches, gap opens, q. start, q. end, s. start, s. end, evalue, bit score
# 82 hits found
NC_011593.1:c2595355-2593832	NB551033:76:HLGC3BGX5:1:13212:5138:16118:92#0/2	99.338	151	1	0	906	1056	151	1	3.47e-71	274
NC_011593.1:c2595355-2593832	NB551033:76:HLGC3BGX5:4:21601:4729:8912:92#0/2	99.333	150	1	0	934	1083	150	1	1.25e-70	272
NC_011593.1:c2595355-2593832	NB551033:76:HLGC3BGX5:1:13108:8368:12672:92#0/2	99.333	150	1	0	946	1095	150	1	1.25e-70	272
NC_011593.1:c2595355-2593832	NB551033:76:HLGC3BGX5:2:21208:21295:13605:92#0/1	99.333	150	1	0	995	1144	1	150	1.25e-70	272
NC_011593.1:c2595355-2593832	NB551033:76:HLGC3BGX5:1:12302:15219:19778:92#0/1	99.333	150	1	0	362	511	150	1	1.25e-70	272
NC_011593.1:c2595355-2593832	NB551033:76:HLGC3BGX5:2:22205:4547:4639:92#0/1	98.675	151	2	0	927	1077	151	1	1.62e-69	268
NC_011593.1:c2595355-2593832	NB551033:76:HLGC3BGX5:3:23501:5193:17143:92#0/2	98.667	150	2	0	717	866	150	1	5.81e-69	267
NC_011593.1:c2595355-2593832	NB551033:76:HLGC3BGX5:4:21601:4729:8912:92#0/1	98.667	150	2	0	715	864	1	150	5.81e-69	267
NC_011593.1:c2595355-2593832	NB551033:76:HLGC3BGX5:4:12405:22335:18039:92#0/1	98.667	150	2	0	711	860	150	1	5.81e-69	267
NC_011593.1:c2595355-2593832	NB551033:76:HLGC3BGX5:1:11210:24965:5515:92#0/1	98.667	150	2	0	535	684	1	150	5.81e-69	267
NC_011593.1:c2595355-2593832	NB551033:76:HLGC3BGX5:1:23101:7748:13544:92#0/2	98.658	149	2	0	1004	1152	1	149	2.09e-68	265
NC_011593.1:c2595355-2593832	NB551033:76:HLGC3BGX5:3:22407:19994:2011:92#0/2	98.013	151	3	0	890	1040	151	1	7.52e-68	263
NC_011593.1:c2595355-2593832	NB551033:76:HLGC3BGX5:4:13408:7232:7269:92#0/1	98.013	151	3	0	697	847	151	1	7.52e-68	263
NC_011593.1:c2595355-2593832	NB551033:76:HLGC3BGX5:1:13108:8368:12672:92#0/1	98.013	151	3	0	801	951	1	151	7.52e-68	263
NC_011593.1:c2595355-2593832	NB551033:76:HLGC3BGX5:3:21501:21054:2046:92#0/2	98.639	147	2	0	711	857	147	1	2.71e-67	261
NC_011593.1:c2595355-2593832	NB551033:76:HLGC3BGX5:1:23101:7748:13544:92#0/1	98.000	150	3	0	1121	1270	150	1	2.71e-67	261
NC_011593.1:c2595355-2593832	NB551033:76:HLGC3BGX5:3:22408:21136:2597:92#0/2	97.987	149	3	0	1077	1225	1	149	9.73e-67	259
NC_011593.1:c2595355-2593832	NB551033:76:HLGC3BGX5:3:12405:14966:8705:92#0/2	97.987	149	3	0	707	855	149	1	9.73e-67	259
NC_011593.1:c2595355-2593832	NB551033:76:HLGC3BGX5:2:22101:18854:14162:92#0/2	97.987	149	3	0	1255	1403	1	149	9.73e-67	259
NC_011593.1:c2595355-2593832	NB551033:76:HLGC3BGX5:2:12101:23792:14726:92#0/2	97.987	149	3	0	560	708	1	149	9.73e-67	259
NC_011593.1:c2595355-2593832	NB551033:76:HLGC3BGX5:3:13611:10560:11494:92#0/1	97.987	149	3	0	109	257	149	1	9.73e-67	259
NC_011593.1:c2595355-2593832	NB551033:76:HLGC3BGX5:3:12405:14966:8705:92#0/1	97.987	149	3	0	707	855	1	149	9.73e-67	259
NC_011593.1:c2595355-2593832	NB551033:76:HLGC3BGX5:4:13504:11599:19022:92#0/1	97.351	151	4	0	131	281	151	1	3.50e-66	257
NC_011593.1:c2595355-2593832	NB551033:76:HLGC3BGX5:3:13610:19930:1483:92#0/1	97.351	151	4	0	155	305	1	151	3.50e-66	257
NC_011593.1:c2595355-2593832	NB551033:76:HLGC3BGX5:3:13507:7445:6530:92#0/1	97.351	151	4	0	111	261	1	151	3.50e-66	257
NC_011593.1:c2595355-2593832	NB551033:76:HLGC3BGX5:2:12101:23792:14726:92#0/1	97.973	148	3	0	561	708	148	1	3.50e-66	257
NC_011593.1:c2595355-2593832	NB551033:76:HLGC3BGX5:4:13504:11599:19022:92#0/2	97.333	150	4	0	52	201	1	150	1.26e-65	255
NC_011593.1:c2595355-2593832	NB551033:76:HLGC3BGX5:2:11212:26330:16290:92#0/2	97.959	147	3	0	1128	1274	1	147	1.26e-65	255
NC_011593.1:c2595355-2593832	NB551033:76:HLGC3BGX5:1:23110:1759:5217:92#0/2	97.959	147	3	0	801	947	147	1	1.26e-65	255
NC_011593.1:c2595355-2593832	NB551033:76:HLGC3BGX5:3:22407:19994:2011:92#0/1	97.333	150	4	0	849	998	1	150	1.26e-65	255
NC_011593.1:c2595355-2593832	NB551033:76:HLGC3BGX5:3:12406:15940:5070:92#0/1	97.333	150	4	0	103	252	150	1	1.26e-65	255
NC_011593.1:c2595355-2593832	NB551033:76:HLGC3BGX5:2:11212:26330:16290:92#0/1	97.959	147	3	0	1128	1274	147	1	1.26e-65	255
NC_011593.1:c2595355-2593832	NB551033:76:HLGC3BGX5:1:23110:1759:5217:92#0/1	97.959	147	3	0	801	947	1	147	1.26e-65	255
NC_011593.1:c2595355-2593832	NB551033:76:HLGC3BGX5:3:23609:3026:11601:92#0/1	96.689	151	5	0	119	269	151	1	1.63e-64	252
NC_011593.1:c2595355-2593832	NB551033:76:HLGC3BGX5:4:23511:24765:2473:92#0/2	96.667	150	5	0	1311	1460	1	150	5.86e-64	250
NC_011593.1:c2595355-2593832	NB551033:76:HLGC3BGX5:4:12405:22335:18039:92#0/2	96.667	150	5	0	602	751	1	150	5.86e-64	250
NC_011593.1:c2595355-2593832	NB551033:76:HLGC3BGX5:3:23501:5193:17143:92#0/1	96.667	150	5	0	672	821	1	150	5.86e-64	250
NC_011593.1:c2595355-2593832	NB551033:76:HLGC3BGX5:3:22408:21136:2597:92#0/1	96.667	150	5	0	1300	1449	150	1	5.86e-64	250
NC_011593.1:c2595355-2593832	NB551033:76:HLGC3BGX5:4:11501:10550:2726:92#0/2	99.270	137	1	0	530	666	1	137	2.11e-63	248
NC_011593.1:c2595355-2593832	NB551033:76:HLGC3BGX5:3:21609:22904:19278:92#0/1	97.260	146	4	0	1273	1418	148	3	2.11e-63	248
NC_011593.1:c2595355-2593832	NB551033:76:HLGC3BGX5:4:13408:7232:7269:92#0/2	96.026	151	6	0	625	775	1	151	7.57e-63	246
NC_011593.1:c2595355-2593832	NB551033:76:HLGC3BGX5:3:13507:7445:6530:92#0/2	96.000	150	6	0	288	437	150	1	2.72e-62	244
NC_011593.1:c2595355-2593832	NB551033:76:HLGC3BGX5:4:11501:10550:2726:92#0/1	96.000	150	6	0	660	809	150	1	2.72e-62	244
NC_011593.1:c2595355-2593832	NB551033:76:HLGC3BGX5:3:21501:21054:2046:92#0/1	96.000	150	6	0	245	394	2	151	2.72e-62	244
NC_011593.1:c2595355-2593832	NB551033:76:HLGC3BGX5:1:12302:15219:19778:92#0/2	95.364	151	7	0	239	389	1	151	3.52e-61	241
NC_011593.1:c2595355-2593832	NB551033:76:HLGC3BGX5:3:13610:19930:1483:92#0/2	95.333	150	7	0	215	364	150	1	1.27e-60	239
NC_011593.1:c2595355-2593832	NB551033:76:HLGC3BGX5:2:21103:9381:10776:92#0/2	97.826	138	3	0	1069	1206	1	138	1.27e-60	239
NC_011593.1:c2595355-2593832	NB551033:76:HLGC3BGX5:1:11210:24965:5515:92#0/2	95.333	150	7	0	642	791	150	1	1.27e-60	239
NC_011593.1:c2595355-2593832	NB551033:76:HLGC3BGX5:2:21208:21295:13605:92#0/2	97.810	137	3	0	1334	1470	149	13	4.56e-60	237
NC_011593.1:c2595355-2593832	NB551033:76:HLGC3BGX5:2:22101:18854:14162:92#0/1	97.794	136	3	0	1335	1470	151	16	1.64e-59	235
NC_011593.1:c2595355-2593832	NB551033:76:HLGC3BGX5:2:21206:7913:5056:92#0/2	97.710	131	3	0	181	311	131	1	9.87e-57	226
NC_011593.1:c2595355-2593832	NB551033:76:HLGC3BGX5:2:21206:7913:5056:92#0/1	97.710	131	3	0	181	311	2	132	9.87e-57	226
NC_011593.1:c2595355-2593832	NB551033:76:HLGC3BGX5:1:13212:5138:16118:92#0/1	97.710	131	3	0	852	982	1	131	9.87e-57	226
NC_011593.1:c2595355-2593832	NB551033:76:HLGC3BGX5:3:13407:13298:20255:92#0/2	98.374	123	2	0	501	623	1	123	5.94e-54	217
NC_011593.1:c2595355-2593832	NB551033:76:HLGC3BGX5:3:11409:25496:5266:92#0/2	96.899	129	4	0	202	330	130	2	5.94e-54	217
NC_011593.1:c2595355-2593832	NB551033:76:HLGC3BGX5:3:13407:13298:20255:92#0/1	98.374	123	2	0	501	623	123	1	5.94e-54	217
NC_011593.1:c2595355-2593832	NB551033:76:HLGC3BGX5:2:22205:4547:4639:92#0/2	98.347	121	2	0	907	1027	1	121	7.68e-53	213
NC_011593.1:c2595355-2593832	NB551033:76:HLGC3BGX5:2:13207:2148:8011:92#0/2	96.032	126	5	0	94	219	1	126	1.29e-50	206
NC_011593.1:c2595355-2593832	NB551033:76:HLGC3BGX5:2:13207:2148:8011:92#0/1	97.500	120	3	0	211	330	121	2	1.29e-50	206
NC_011593.1:c2595355-2593832	NB551033:76:HLGC3BGX5:4:21605:22886:19296:92#0/1	98.246	114	2	0	456	569	114	1	5.98e-49	200
NC_011593.1:c2595355-2593832	NB551033:76:HLGC3BGX5:4:11410:5028:1511:92#0/1	100.000	106	0	0	563	668	1	106	7.74e-48	196
NC_011593.1:c2595355-2593832	NB551033:76:HLGC3BGX5:4:11410:5028:1511:92#0/2	99.074	108	1	0	564	671	108	1	2.78e-47	195
NC_011593.1:c2595355-2593832	NB551033:76:HLGC3BGX5:3:21609:22904:19278:92#0/2	98.165	109	2	0	1234	1342	1	109	3.60e-46	191
NC_011593.1:c2595355-2593832	NB551033:76:HLGC3BGX5:1:13307:11550:15213:92#0/2	98.990	99	1	0	1032	1130	99	1	2.80e-42	178
NC_011593.1:c2595355-2593832	NB551033:76:HLGC3BGX5:1:13307:11550:15213:92#0/1	98.990	99	1	0	1032	1130	1	99	2.80e-42	178
NC_011593.1:c2595355-2593832	NB551033:76:HLGC3BGX5:1:12201:24609:7552:92#0/2	98.969	97	1	0	356	452	1	97	3.63e-41	174
NC_011593.1:c2595355-2593832	NB551033:76:HLGC3BGX5:1:12201:24609:7552:92#0/1	98.969	97	1	0	356	452	97	1	3.63e-41	174
NC_011593.1:c2595355-2593832	NB551033:76:HLGC3BGX5:3:12404:5453:7024:92#0/2	97.872	94	2	0	501	594	1	94	7.85e-38	163
NC_011593.1:c2595355-2593832	NB551033:76:HLGC3BGX5:3:12404:5453:7024:92#0/1	97.872	94	2	0	501	594	94	1	7.85e-38	163
NC_011593.1:c2595355-2593832	NB551033:76:HLGC3BGX5:2:12108:1889:2659:92#0/1	97.849	93	2	0	1268	1360	93	1	2.82e-37	161
NC_011593.1:c2595355-2593832	NB551033:76:HLGC3BGX5:2:12108:1889:2659:92#0/2	97.826	92	2	0	1268	1359	1	92	1.02e-36	159
NC_011593.1:c2595355-2593832	NB551033:76:HLGC3BGX5:2:22202:6855:2105:92#0/2	96.809	94	3	0	501	594	1	94	3.65e-36	158
NC_011593.1:c2595355-2593832	NB551033:76:HLGC3BGX5:2:22202:6855:2105:92#0/1	96.809	94	3	0	501	594	94	1	3.65e-36	158
NC_011593.1:c2595355-2593832	NB551033:76:HLGC3BGX5:2:13106:22069:18067:92#0/1	95.000	100	5	0	624	723	1	100	3.65e-36	158
NC_011593.1:c2595355-2593832	NB551033:76:HLGC3BGX5:1:12209:10423:17192:92#0/2	98.851	87	1	0	999	1085	87	1	1.31e-35	156
NC_011593.1:c2595355-2593832	NB551033:76:HLGC3BGX5:1:12209:10423:17192:92#0/1	98.851	87	1	0	999	1085	1	87	1.31e-35	156
NC_011593.1:c2595355-2593832	NB551033:76:HLGC3BGX5:2:13106:22069:18067:92#0/2	98.795	83	1	0	1068	1150	83	1	2.20e-33	148
NC_011593.1:c2595355-2593832	NB551033:76:HLGC3BGX5:2:21103:9381:10776:92#0/1	95.455	88	4	0	1383	1470	103	16	3.68e-31	141
NC_011593.1:c2595355-2593832	NB551033:76:HLGC3BGX5:4:13612:16981:19653:92#0/2	97.403	77	2	0	274	350	77	1	2.21e-28	132
NC_011593.1:c2595355-2593832	NB551033:76:HLGC3BGX5:4:13612:16981:19653:92#0/1	97.403	77	2	0	274	350	1	77	2.21e-28	132
NC_011593.1:c2595355-2593832	NB551033:76:HLGC3BGX5:3:11404:7469:1838:92#0/2	98.246	57	1	0	1414	1470	1	57	6.24e-19	100
NC_011593.1:c2595355-2593832	NB551033:76:HLGC3BGX5:3:11404:7469:1838:92#0/1	100.000	51	0	0	1420	1470	140	90	2.90e-17	95.3
# BLASTN 2.9.0+
# Query: NC_011593.1:c2597106-2595574 Bifidobacterium longum subsp. infantis ATCC 15697, complete genome
# Database: db/blast_C0568_1F_1A_S92.faa
# Fields: query acc.ver, subject acc.ver, % identity, alignment length, mismatches, gap opens, q. start, q. end, s. start, s. end, evalue, bit score
# 12 hits found
NC_011593.1:c2597106-2595574	NB551033:76:HLGC3BGX5:2:21312:14296:5892:92#0/2	95.868	121	5	0	1	121	121	1	7.78e-48	196
NC_011593.1:c2597106-2595574	NB551033:76:HLGC3BGX5:3:11409:25496:5266:92#0/2	95.726	117	5	0	214	330	118	2	1.30e-45	189
NC_011593.1:c2597106-2595574	NB551033:76:HLGC3BGX5:2:13207:2148:8011:92#0/1	95.726	117	5	0	214	330	118	2	1.30e-45	189
NC_011593.1:c2597106-2595574	NB551033:76:HLGC3BGX5:2:21312:14296:5892:92#0/1	95.575	113	5	0	1	113	39	151	2.18e-43	182
NC_011593.1:c2597106-2595574	NB551033:76:HLGC3BGX5:3:13611:10560:11494:92#0/2	98.765	81	1	0	1	81	67	147	2.86e-32	145
NC_011593.1:c2597106-2595574	NB551033:76:HLGC3BGX5:3:11409:25496:5266:92#0/1	98.701	77	1	0	1	77	75	151	4.79e-30	137
NC_011593.1:c2597106-2595574	NB551033:76:HLGC3BGX5:1:11102:5727:19890:92#0/2	95.522	67	3	0	267	333	98	32	3.75e-21	108
NC_011593.1:c2597106-2595574	NB551033:76:HLGC3BGX5:1:11102:5727:19890:92#0/1	96.875	64	2	0	267	330	1	64	3.75e-21	108
NC_011593.1:c2597106-2595574	NB551033:76:HLGC3BGX5:4:13612:16981:19653:92#0/2	96.667	60	2	0	274	333	77	18	6.28e-19	100
NC_011593.1:c2597106-2595574	NB551033:76:HLGC3BGX5:3:11404:7469:1838:92#0/2	98.246	57	1	0	1414	1470	1	57	6.28e-19	100
NC_011593.1:c2597106-2595574	NB551033:76:HLGC3BGX5:4:13612:16981:19653:92#0/1	98.246	57	1	0	274	330	1	57	6.28e-19	100
NC_011593.1:c2597106-2595574	NB551033:76:HLGC3BGX5:3:11404:7469:1838:92#0/1	100.000	51	0	0	1420	1470	140	90	2.92e-17	95.3
# BLASTN 2.9.0+
# Query: NC_011593.1:c2598562-2597207 Bifidobacterium longum subsp. infantis ATCC 15697, complete genome
# Database: db/blast_C0568_1F_1A_S92.faa
# Fields: query acc.ver, subject acc.ver, % identity, alignment length, mismatches, gap opens, q. start, q. end, s. start, s. end, evalue, bit score
# 78 hits found
NC_011593.1:c2598562-2597207	NB551033:76:HLGC3BGX5:2:23305:7403:17537:92#0/2	100.000	151	0	0	216	366	1	151	6.63e-73	279
NC_011593.1:c2598562-2597207	NB551033:76:HLGC3BGX5:1:21102:10502:4683:92#0/2	100.000	151	0	0	1176	1326	1	151	6.63e-73	279
NC_011593.1:c2598562-2597207	NB551033:76:HLGC3BGX5:3:21509:21164:4191:92#0/1	100.000	151	0	0	742	892	151	1	6.63e-73	279
NC_011593.1:c2598562-2597207	NB551033:76:HLGC3BGX5:3:21412:21899:3979:92#0/1	100.000	151	0	0	1188	1338	1	151	6.63e-73	279
NC_011593.1:c2598562-2597207	NB551033:76:HLGC3BGX5:3:12412:18452:18059:92#0/1	100.000	151	0	0	264	414	1	151	6.63e-73	279
NC_011593.1:c2598562-2597207	NB551033:76:HLGC3BGX5:2:11110:17590:14371:92#0/1	100.000	151	0	0	678	828	1	151	6.63e-73	279
NC_011593.1:c2598562-2597207	NB551033:76:HLGC3BGX5:1:21102:10502:4683:92#0/1	100.000	151	0	0	1195	1345	151	1	6.63e-73	279
NC_011593.1:c2598562-2597207	NB551033:76:HLGC3BGX5:4:12512:24594:9782:92#0/2	100.000	150	0	0	766	915	1	150	2.38e-72	278
NC_011593.1:c2598562-2597207	NB551033:76:HLGC3BGX5:3:21509:21164:4191:92#0/2	100.000	150	0	0	635	784	1	150	2.38e-72	278
NC_011593.1:c2598562-2597207	NB551033:76:HLGC3BGX5:3:21407:20109:13239:92#0/2	100.000	150	0	0	788	937	1	150	2.38e-72	278
NC_011593.1:c2598562-2597207	NB551033:76:HLGC3BGX5:1:22101:16661:5831:92#0/2	100.000	150	0	0	399	548	1	150	2.38e-72	278
NC_011593.1:c2598562-2597207	NB551033:76:HLGC3BGX5:1:13204:17320:2623:92#0/2	100.000	150	0	0	575	724	150	1	2.38e-72	278
NC_011593.1:c2598562-2597207	NB551033:76:HLGC3BGX5:1:12212:19637:7799:92#0/2	100.000	150	0	0	753	902	150	1	2.38e-72	278
NC_011593.1:c2598562-2597207	NB551033:76:HLGC3BGX5:4:12512:24594:9782:92#0/1	100.000	150	0	0	888	1037	150	1	2.38e-72	278
NC_011593.1:c2598562-2597207	NB551033:76:HLGC3BGX5:4:11510:7528:4224:92#0/1	100.000	150	0	0	516	665	1	150	2.38e-72	278
NC_011593.1:c2598562-2597207	NB551033:76:HLGC3BGX5:3:21407:20109:13239:92#0/1	100.000	150	0	0	819	968	150	1	2.38e-72	278
NC_011593.1:c2598562-2597207	NB551033:76:HLGC3BGX5:3:11410:4584:4573:92#0/1	100.000	150	0	0	459	608	1	150	2.38e-72	278
NC_011593.1:c2598562-2597207	NB551033:76:HLGC3BGX5:2:23305:7403:17537:92#0/1	100.000	150	0	0	242	391	150	1	2.38e-72	278
NC_011593.1:c2598562-2597207	NB551033:76:HLGC3BGX5:1:23207:14071:19020:92#0/1	100.000	150	0	0	790	939	150	1	2.38e-72	278
NC_011593.1:c2598562-2597207	NB551033:76:HLGC3BGX5:1:22102:20312:7491:92#0/1	100.000	150	0	0	522	671	150	1	2.38e-72	278
NC_011593.1:c2598562-2597207	NB551033:76:HLGC3BGX5:1:21108:9545:19499:92#0/1	100.000	150	0	0	291	440	150	1	2.38e-72	278
NC_011593.1:c2598562-2597207	NB551033:76:HLGC3BGX5:1:12212:19637:7799:92#0/1	100.000	150	0	0	689	838	1	150	2.38e-72	278
NC_011593.1:c2598562-2597207	NB551033:76:HLGC3BGX5:4:11510:7528:4224:92#0/2	100.000	149	0	0	820	968	149	1	8.58e-72	276
NC_011593.1:c2598562-2597207	NB551033:76:HLGC3BGX5:1:22102:20312:7491:92#0/2	100.000	149	0	0	485	633	1	149	8.58e-72	276
NC_011593.1:c2598562-2597207	NB551033:76:HLGC3BGX5:2:21311:4161:19448:92#0/1	100.000	149	0	0	1118	1266	1	149	8.58e-72	276
NC_011593.1:c2598562-2597207	NB551033:76:HLGC3BGX5:3:11410:4584:4573:92#0/2	99.338	151	1	0	590	740	151	1	3.08e-71	274
NC_011593.1:c2598562-2597207	NB551033:76:HLGC3BGX5:4:22407:22455:1656:92#0/1	99.338	151	1	0	889	1039	1	151	3.08e-71	274
NC_011593.1:c2598562-2597207	NB551033:76:HLGC3BGX5:3:11408:17363:10293:92#0/1	99.338	151	1	0	331	481	1	151	3.08e-71	274
NC_011593.1:c2598562-2597207	NB551033:76:HLGC3BGX5:1:22101:16661:5831:92#0/1	99.338	151	1	0	690	840	151	1	3.08e-71	274
NC_011593.1:c2598562-2597207	NB551033:76:HLGC3BGX5:1:23207:14071:19020:92#0/2	99.333	150	1	0	654	803	1	150	1.11e-70	272
NC_011593.1:c2598562-2597207	NB551033:76:HLGC3BGX5:1:23212:8260:19523:92#0/1	99.333	150	1	0	1101	1250	150	1	1.11e-70	272
NC_011593.1:c2598562-2597207	NB551033:76:HLGC3BGX5:3:13505:18173:5638:92#0/1	98.675	151	2	0	679	829	151	1	1.43e-69	268
NC_011593.1:c2598562-2597207	NB551033:76:HLGC3BGX5:2:22110:3204:4446:92#0/1	100.000	145	0	0	894	1038	1	145	1.43e-69	268
NC_011593.1:c2598562-2597207	NB551033:76:HLGC3BGX5:3:13505:18173:5638:92#0/2	100.000	143	0	0	566	708	1	143	1.86e-68	265
NC_011593.1:c2598562-2597207	NB551033:76:HLGC3BGX5:2:11207:6748:11663:92#0/2	100.000	141	0	0	567	707	141	1	2.40e-67	261
NC_011593.1:c2598562-2597207	NB551033:76:HLGC3BGX5:2:11207:6748:11663:92#0/1	100.000	141	0	0	567	707	1	141	2.40e-67	261
NC_011593.1:c2598562-2597207	NB551033:76:HLGC3BGX5:1:21108:9545:19499:92#0/2	100.000	138	0	0	138	275	13	150	1.12e-65	255
NC_011593.1:c2598562-2597207	NB551033:76:HLGC3BGX5:1:13204:17320:2623:92#0/1	100.000	137	0	0	533	669	1	137	4.02e-65	254
NC_011593.1:c2598562-2597207	NB551033:76:HLGC3BGX5:2:11110:17590:14371:92#0/2	100.000	134	0	0	837	970	134	1	1.87e-63	248
NC_011593.1:c2598562-2597207	NB551033:76:HLGC3BGX5:2:11112:1250:15444:92#0/1	100.000	132	0	0	512	643	132	1	2.42e-62	244
NC_011593.1:c2598562-2597207	NB551033:76:HLGC3BGX5:3:23504:24805:13103:92#0/2	100.000	131	0	0	883	1013	1	131	8.70e-62	243
NC_011593.1:c2598562-2597207	NB551033:76:HLGC3BGX5:4:13409:3136:15482:92#0/1	100.000	129	0	0	138	266	129	1	1.13e-60	239
NC_011593.1:c2598562-2597207	NB551033:76:HLGC3BGX5:1:22108:12186:7144:92#0/2	100.000	127	0	0	140	266	127	1	1.46e-59	235
NC_011593.1:c2598562-2597207	NB551033:76:HLGC3BGX5:1:22210:19464:14821:92#0/1	100.000	125	0	0	138	262	125	1	1.88e-58	231
NC_011593.1:c2598562-2597207	NB551033:76:HLGC3BGX5:4:13612:13152:17718:92#0/1	99.213	127	1	0	138	264	127	1	6.77e-58	230
NC_011593.1:c2598562-2597207	NB551033:76:HLGC3BGX5:4:12407:15165:5150:92#0/2	100.000	120	0	0	1237	1356	1	120	1.13e-55	222
NC_011593.1:c2598562-2597207	NB551033:76:HLGC3BGX5:2:23110:23397:5793:92#0/2	100.000	117	0	0	1240	1356	149	33	5.27e-54	217
NC_011593.1:c2598562-2597207	NB551033:76:HLGC3BGX5:2:23110:23397:5793:92#0/1	100.000	117	0	0	1240	1356	1	117	5.27e-54	217
NC_011593.1:c2598562-2597207	NB551033:76:HLGC3BGX5:2:13206:26006:9976:92#0/1	100.000	117	0	0	179	295	117	1	5.27e-54	217
NC_011593.1:c2598562-2597207	NB551033:76:HLGC3BGX5:4:12510:22825:18743:92#0/2	100.000	110	0	0	1220	1329	110	1	4.10e-50	204
NC_011593.1:c2598562-2597207	NB551033:76:HLGC3BGX5:4:12510:22825:18743:92#0/1	100.000	110	0	0	1220	1329	1	110	4.10e-50	204
NC_011593.1:c2598562-2597207	NB551033:76:HLGC3BGX5:3:12412:18452:18059:92#0/2	100.000	108	0	0	315	422	108	1	5.31e-49	200
NC_011593.1:c2598562-2597207	NB551033:76:HLGC3BGX5:2:21311:4161:19448:92#0/2	100.000	107	0	0	1250	1356	150	44	1.91e-48	198
NC_011593.1:c2598562-2597207	NB551033:76:HLGC3BGX5:3:11408:17363:10293:92#0/2	100.000	99	0	0	573	671	99	1	5.35e-44	183
NC_011593.1:c2598562-2597207	NB551033:76:HLGC3BGX5:2:23202:5601:4450:92#0/2	100.000	97	0	0	960	1056	1	97	6.92e-43	180
NC_011593.1:c2598562-2597207	NB551033:76:HLGC3BGX5:2:23202:5601:4450:92#0/1	100.000	97	0	0	960	1056	97	1	6.92e-43	180
NC_011593.1:c2598562-2597207	NB551033:76:HLGC3BGX5:2:22110:3204:4446:92#0/2	100.000	93	0	0	946	1038	93	1	1.16e-40	172
NC_011593.1:c2598562-2597207	NB551033:76:HLGC3BGX5:4:21506:10896:8752:92#0/2	100.000	85	0	0	865	949	1	85	3.24e-36	158
NC_011593.1:c2598562-2597207	NB551033:76:HLGC3BGX5:4:21506:10896:8752:92#0/1	100.000	85	0	0	865	949	85	1	3.24e-36	158
NC_011593.1:c2598562-2597207	NB551033:76:HLGC3BGX5:4:13607:21376:1909:92#0/2	100.000	79	0	0	694	772	79	1	7.02e-33	147
NC_011593.1:c2598562-2597207	NB551033:76:HLGC3BGX5:4:13607:21376:1909:92#0/1	100.000	79	0	0	694	772	1	79	7.02e-33	147
NC_011593.1:c2598562-2597207	NB551033:76:HLGC3BGX5:4:13410:7927:5168:92#0/2	100.000	78	0	0	1279	1356	121	44	2.52e-32	145
NC_011593.1:c2598562-2597207	NB551033:76:HLGC3BGX5:1:21303:14742:6859:92#0/2	100.000	78	0	0	1279	1356	121	44	2.52e-32	145
NC_011593.1:c2598562-2597207	NB551033:76:HLGC3BGX5:4:13410:7927:5168:92#0/1	100.000	78	0	0	1279	1356	1	78	2.52e-32	145
NC_011593.1:c2598562-2597207	NB551033:76:HLGC3BGX5:1:21303:14742:6859:92#0/1	100.000	78	0	0	1279	1356	1	78	2.52e-32	145
NC_011593.1:c2598562-2597207	NB551033:76:HLGC3BGX5:2:11112:1250:15444:92#0/2	100.000	75	0	0	431	505	1	75	1.17e-30	139
NC_011593.1:c2598562-2597207	NB551033:76:HLGC3BGX5:1:12308:24474:1555:92#0/2	100.000	64	0	0	1060	1123	66	3	1.53e-24	119
NC_011593.1:c2598562-2597207	NB551033:76:HLGC3BGX5:4:11405:22178:16678:92#0/2	100.000	58	0	0	1299	1356	140	83	3.31e-21	108
NC_011593.1:c2598562-2597207	NB551033:76:HLGC3BGX5:3:12502:11775:19944:92#0/2	100.000	58	0	0	1299	1356	140	83	3.31e-21	108
NC_011593.1:c2598562-2597207	NB551033:76:HLGC3BGX5:4:11405:22178:16678:92#0/1	100.000	58	0	0	1299	1356	1	58	3.31e-21	108
NC_011593.1:c2598562-2597207	NB551033:76:HLGC3BGX5:3:12502:11775:19944:92#0/1	100.000	58	0	0	1299	1356	1	58	3.31e-21	108
NC_011593.1:c2598562-2597207	NB551033:76:HLGC3BGX5:2:22203:20471:8408:92#0/2	98.305	59	1	0	1	59	22	80	4.28e-20	104
NC_011593.1:c2598562-2597207	NB551033:76:HLGC3BGX5:2:22203:20471:8408:92#0/1	98.305	59	1	0	1	59	59	1	4.28e-20	104
NC_011593.1:c2598562-2597207	NB551033:76:HLGC3BGX5:2:23202:13056:1184:92#0/2	100.000	54	0	0	1011	1064	1	54	5.54e-19	100
NC_011593.1:c2598562-2597207	NB551033:76:HLGC3BGX5:3:13601:25354:2648:92#0/2	100.000	47	0	0	1310	1356	1	47	4.31e-15	87.9
NC_011593.1:c2598562-2597207	NB551033:76:HLGC3BGX5:4:11408:16357:19699:92#0/2	100.000	36	0	0	1321	1356	1	36	5.62e-09	67.6
NC_011593.1:c2598562-2597207	NB551033:76:HLGC3BGX5:1:13304:14167:19997:92#0/2	100.000	31	0	0	1326	1356	76	46	3.38e-06	58.4
NC_011593.1:c2598562-2597207	NB551033:76:HLGC3BGX5:1:13304:14167:19997:92#0/1	100.000	31	0	0	1326	1356	1	31	3.38e-06	58.4
# BLASTN 2.9.0+
# Query: NC_011593.1:2598858-2601929 Bifidobacterium longum subsp. infantis ATCC 15697, complete genome
# Database: db/blast_C0568_1F_1A_S92.faa
# Fields: query acc.ver, subject acc.ver, % identity, alignment length, mismatches, gap opens, q. start, q. end, s. start, s. end, evalue, bit score
# 184 hits found
NC_011593.1:2598858-2601929	NB551033:76:HLGC3BGX5:3:21503:10710:7065:92#0/2	100.000	151	0	0	186	336	151	1	1.51e-72	279
NC_011593.1:2598858-2601929	NB551033:76:HLGC3BGX5:3:12511:5434:6971:92#0/2	100.000	151	0	0	186	336	151	1	1.51e-72	279
NC_011593.1:2598858-2601929	NB551033:76:HLGC3BGX5:1:21103:24445:14695:92#0/1	100.000	151	0	0	1721	1871	151	1	1.51e-72	279
NC_011593.1:2598858-2601929	NB551033:76:HLGC3BGX5:3:22501:14211:12893:92#0/2	100.000	150	0	0	1580	1729	150	1	5.41e-72	278
NC_011593.1:2598858-2601929	NB551033:76:HLGC3BGX5:4:13409:19523:15501:92#0/1	100.000	150	0	0	922	1071	150	1	5.41e-72	278
NC_011593.1:2598858-2601929	NB551033:76:HLGC3BGX5:3:21503:10710:7065:92#0/1	100.000	149	0	0	175	323	3	151	1.95e-71	276
NC_011593.1:2598858-2601929	NB551033:76:HLGC3BGX5:3:12511:5434:6971:92#0/1	100.000	149	0	0	175	323	3	151	1.95e-71	276
NC_011593.1:2598858-2601929	NB551033:76:HLGC3BGX5:3:22504:22145:1343:92#0/2	99.338	151	1	0	315	465	1	151	7.00e-71	274
NC_011593.1:2598858-2601929	NB551033:76:HLGC3BGX5:2:22307:22511:6022:92#0/2	99.338	151	1	0	1860	2010	1	151	7.00e-71	274
NC_011593.1:2598858-2601929	NB551033:76:HLGC3BGX5:1:13312:7077:4695:92#0/2	99.338	151	1	0	152	302	151	1	7.00e-71	274
NC_011593.1:2598858-2601929	NB551033:76:HLGC3BGX5:4:12410:9975:8264:92#0/1	99.338	151	1	0	333	483	151	1	7.00e-71	274
NC_011593.1:2598858-2601929	NB551033:76:HLGC3BGX5:3:22608:10449:14211:92#0/1	99.338	151	1	0	965	1115	151	1	7.00e-71	274
NC_011593.1:2598858-2601929	NB551033:76:HLGC3BGX5:3:13510:21099:4744:92#0/1	99.338	151	1	0	2751	2901	1	151	7.00e-71	274
NC_011593.1:2598858-2601929	NB551033:76:HLGC3BGX5:3:13401:25926:12375:92#0/1	99.338	151	1	0	279	429	1	151	7.00e-71	274
NC_011593.1:2598858-2601929	NB551033:76:HLGC3BGX5:3:11501:12791:1441:92#0/1	99.338	151	1	0	149	299	1	151	7.00e-71	274
NC_011593.1:2598858-2601929	NB551033:76:HLGC3BGX5:3:11410:19227:9559:92#0/1	99.338	151	1	0	149	299	1	151	7.00e-71	274
NC_011593.1:2598858-2601929	NB551033:76:HLGC3BGX5:2:22307:22511:6022:92#0/1	99.338	151	1	0	1888	2038	151	1	7.00e-71	274
NC_011593.1:2598858-2601929	NB551033:76:HLGC3BGX5:4:22505:5124:17324:92#0/2	100.000	147	0	0	1640	1786	1	147	2.52e-70	272
NC_011593.1:2598858-2601929	NB551033:76:HLGC3BGX5:4:12410:9975:8264:92#0/2	99.333	150	1	0	300	449	1	150	2.52e-70	272
NC_011593.1:2598858-2601929	NB551033:76:HLGC3BGX5:4:11601:14903:4070:92#0/2	99.333	150	1	0	217	366	150	1	2.52e-70	272
NC_011593.1:2598858-2601929	NB551033:76:HLGC3BGX5:3:11501:12791:1441:92#0/2	99.333	150	1	0	251	400	150	1	2.52e-70	272
NC_011593.1:2598858-2601929	NB551033:76:HLGC3BGX5:2:22304:14799:3798:92#0/2	99.333	150	1	0	217	366	150	1	2.52e-70	272
NC_011593.1:2598858-2601929	NB551033:76:HLGC3BGX5:2:21210:15883:2888:92#0/2	99.333	150	1	0	2207	2356	1	150	2.52e-70	272
NC_011593.1:2598858-2601929	NB551033:76:HLGC3BGX5:2:21109:16920:9372:92#0/2	99.333	150	1	0	1863	2012	1	150	2.52e-70	272
NC_011593.1:2598858-2601929	NB551033:76:HLGC3BGX5:2:11204:13109:6856:92#0/2	99.333	150	1	0	1552	1701	150	1	2.52e-70	272
NC_011593.1:2598858-2601929	NB551033:76:HLGC3BGX5:4:11601:14903:4070:92#0/1	99.333	150	1	0	147	296	1	150	2.52e-70	272
NC_011593.1:2598858-2601929	NB551033:76:HLGC3BGX5:2:22304:14799:3798:92#0/1	99.333	150	1	0	147	296	1	150	2.52e-70	272
NC_011593.1:2598858-2601929	NB551033:76:HLGC3BGX5:2:21203:3518:13938:92#0/1	99.333	150	1	0	1599	1748	1	150	2.52e-70	272
NC_011593.1:2598858-2601929	NB551033:76:HLGC3BGX5:2:13205:18776:10033:92#0/1	99.333	150	1	0	273	422	1	150	2.52e-70	272
NC_011593.1:2598858-2601929	NB551033:76:HLGC3BGX5:2:13106:6508:8249:92#0/1	99.333	150	1	0	976	1125	1	150	2.52e-70	272
NC_011593.1:2598858-2601929	NB551033:76:HLGC3BGX5:1:11201:17439:20264:92#0/1	99.333	150	1	0	2192	2341	150	1	2.52e-70	272
NC_011593.1:2598858-2601929	NB551033:76:HLGC3BGX5:1:22308:18947:1216:92#0/2	99.329	149	1	0	895	1043	3	151	9.06e-70	270
NC_011593.1:2598858-2601929	NB551033:76:HLGC3BGX5:3:21608:16604:3956:92#0/2	99.324	148	1	0	2759	2906	1	148	3.26e-69	268
NC_011593.1:2598858-2601929	NB551033:76:HLGC3BGX5:2:21212:4646:14418:92#0/1	98.675	151	2	0	1035	1185	151	1	3.26e-69	268
NC_011593.1:2598858-2601929	NB551033:76:HLGC3BGX5:2:12111:3227:8389:92#0/1	98.675	151	2	0	239	389	1	151	3.26e-69	268
NC_011593.1:2598858-2601929	NB551033:76:HLGC3BGX5:1:22308:18947:1216:92#0/1	98.675	151	2	0	1035	1185	151	1	3.26e-69	268
NC_011593.1:2598858-2601929	NB551033:76:HLGC3BGX5:1:13306:25329:9641:92#0/1	98.675	151	2	0	612	762	151	1	3.26e-69	268
NC_011593.1:2598858-2601929	NB551033:76:HLGC3BGX5:3:13510:21099:4744:92#0/2	98.667	150	2	0	2796	2945	150	1	1.17e-68	267
NC_011593.1:2598858-2601929	NB551033:76:HLGC3BGX5:3:13401:25926:12375:92#0/2	98.667	150	2	0	647	796	150	1	1.17e-68	267
NC_011593.1:2598858-2601929	NB551033:76:HLGC3BGX5:1:13306:25329:9641:92#0/2	98.667	150	2	0	573	722	1	150	1.17e-68	267
NC_011593.1:2598858-2601929	NB551033:76:HLGC3BGX5:1:12306:20408:8281:92#0/2	99.320	147	1	0	916	1062	147	1	1.17e-68	267
NC_011593.1:2598858-2601929	NB551033:76:HLGC3BGX5:1:11201:17439:20264:92#0/2	98.667	150	2	0	1802	1951	1	150	1.17e-68	267
NC_011593.1:2598858-2601929	NB551033:76:HLGC3BGX5:3:23603:19728:9638:92#0/1	98.667	150	2	0	2874	3023	150	1	1.17e-68	267
NC_011593.1:2598858-2601929	NB551033:76:HLGC3BGX5:3:23405:25942:4248:92#0/1	98.667	150	2	0	1546	1695	150	1	1.17e-68	267
NC_011593.1:2598858-2601929	NB551033:76:HLGC3BGX5:3:22501:14211:12893:92#0/1	98.667	150	2	0	1367	1516	1	150	1.17e-68	267
NC_011593.1:2598858-2601929	NB551033:76:HLGC3BGX5:2:21308:3808:5102:92#0/1	98.667	150	2	0	96	245	1	150	1.17e-68	267
NC_011593.1:2598858-2601929	NB551033:76:HLGC3BGX5:2:21301:18500:16021:92#0/1	98.667	150	2	0	2499	2648	150	1	1.17e-68	267
NC_011593.1:2598858-2601929	NB551033:76:HLGC3BGX5:2:11204:13109:6856:92#0/1	98.667	150	2	0	1532	1681	1	150	1.17e-68	267
NC_011593.1:2598858-2601929	NB551033:76:HLGC3BGX5:1:23306:25963:19364:92#0/1	98.667	150	2	0	1036	1185	150	1	1.17e-68	267
NC_011593.1:2598858-2601929	NB551033:76:HLGC3BGX5:1:23207:4192:14005:92#0/1	98.667	150	2	0	2898	3047	1	150	1.17e-68	267
NC_011593.1:2598858-2601929	NB551033:76:HLGC3BGX5:1:13311:9864:14865:92#0/1	98.667	150	2	0	712	861	1	150	1.17e-68	267
NC_011593.1:2598858-2601929	NB551033:76:HLGC3BGX5:1:12306:20408:8281:92#0/1	99.320	147	1	0	916	1062	1	147	1.17e-68	267
NC_011593.1:2598858-2601929	NB551033:76:HLGC3BGX5:1:11309:16247:12382:92#0/1	98.667	150	2	0	966	1115	150	1	1.17e-68	267
NC_011593.1:2598858-2601929	NB551033:76:HLGC3BGX5:4:22601:21686:8885:92#0/2	98.658	149	2	0	2529	2677	1	149	4.22e-68	265
NC_011593.1:2598858-2601929	NB551033:76:HLGC3BGX5:1:22104:8524:15172:92#0/2	98.013	151	3	0	2367	2517	151	1	1.52e-67	263
NC_011593.1:2598858-2601929	NB551033:76:HLGC3BGX5:2:13305:12737:5282:92#0/1	98.013	151	3	0	2335	2485	151	1	1.52e-67	263
NC_011593.1:2598858-2601929	NB551033:76:HLGC3BGX5:3:23603:19728:9638:92#0/2	98.000	150	3	0	2686	2835	1	150	5.45e-67	261
NC_011593.1:2598858-2601929	NB551033:76:HLGC3BGX5:2:13210:9842:4181:92#0/2	98.000	150	3	0	2686	2835	1	150	5.45e-67	261
NC_011593.1:2598858-2601929	NB551033:76:HLGC3BGX5:1:21103:24445:14695:92#0/2	98.639	147	2	0	1492	1638	1	147	5.45e-67	261
NC_011593.1:2598858-2601929	NB551033:76:HLGC3BGX5:3:21604:14557:12509:92#0/1	98.000	150	3	0	721	870	1	150	5.45e-67	261
NC_011593.1:2598858-2601929	NB551033:76:HLGC3BGX5:2:13210:9842:4181:92#0/1	98.000	150	3	0	2846	2995	150	1	5.45e-67	261
NC_011593.1:2598858-2601929	NB551033:76:HLGC3BGX5:1:22104:8524:15172:92#0/1	98.000	150	3	0	2333	2482	1	150	5.45e-67	261
NC_011593.1:2598858-2601929	NB551033:76:HLGC3BGX5:4:11602:25269:10871:92#0/2	97.987	149	3	0	2356	2504	149	1	1.96e-66	259
NC_011593.1:2598858-2601929	NB551033:76:HLGC3BGX5:2:13305:12737:5282:92#0/2	97.987	149	3	0	2333	2481	1	149	1.96e-66	259
NC_011593.1:2598858-2601929	NB551033:76:HLGC3BGX5:1:22201:6816:6114:92#0/2	98.630	146	2	0	11	156	146	1	1.96e-66	259
NC_011593.1:2598858-2601929	NB551033:76:HLGC3BGX5:1:12208:14388:13788:92#0/2	97.987	149	3	0	886	1034	149	1	1.96e-66	259
NC_011593.1:2598858-2601929	NB551033:76:HLGC3BGX5:4:13409:19523:15501:92#0/2	97.351	151	4	0	869	1019	1	151	7.05e-66	257
NC_011593.1:2598858-2601929	NB551033:76:HLGC3BGX5:4:11609:20523:6662:92#0/2	98.621	145	2	0	2514	2658	1	145	7.05e-66	257
NC_011593.1:2598858-2601929	NB551033:76:HLGC3BGX5:3:22608:9970:10111:92#0/2	97.351	151	4	0	2603	2753	1	151	7.05e-66	257
NC_011593.1:2598858-2601929	NB551033:76:HLGC3BGX5:1:11104:11374:10780:92#0/2	97.973	148	3	0	553	700	148	1	7.05e-66	257
NC_011593.1:2598858-2601929	NB551033:76:HLGC3BGX5:4:11609:20523:6662:92#0/1	98.621	145	2	0	2514	2658	145	1	7.05e-66	257
NC_011593.1:2598858-2601929	NB551033:76:HLGC3BGX5:3:22608:9970:10111:92#0/1	97.351	151	4	0	2648	2798	151	1	7.05e-66	257
NC_011593.1:2598858-2601929	NB551033:76:HLGC3BGX5:3:22608:10449:14211:92#0/2	97.333	150	4	0	866	1015	2	151	2.54e-65	255
NC_011593.1:2598858-2601929	NB551033:76:HLGC3BGX5:3:21607:12550:1962:92#0/2	97.959	147	3	0	404	550	150	4	2.54e-65	255
NC_011593.1:2598858-2601929	NB551033:76:HLGC3BGX5:2:13312:1148:8599:92#0/2	99.291	141	1	0	168	308	1	141	2.54e-65	255
NC_011593.1:2598858-2601929	NB551033:76:HLGC3BGX5:4:22601:21686:8885:92#0/1	97.333	150	4	0	2618	2767	150	1	2.54e-65	255
NC_011593.1:2598858-2601929	NB551033:76:HLGC3BGX5:2:21210:15883:2888:92#0/1	97.333	150	4	0	2295	2444	150	1	2.54e-65	255
NC_011593.1:2598858-2601929	NB551033:76:HLGC3BGX5:2:13312:1148:8599:92#0/1	99.291	141	1	0	168	308	141	1	2.54e-65	255
NC_011593.1:2598858-2601929	NB551033:76:HLGC3BGX5:1:12208:14388:13788:92#0/1	97.333	150	4	0	866	1015	2	151	2.54e-65	255
NC_011593.1:2598858-2601929	NB551033:76:HLGC3BGX5:3:12604:24648:11468:92#0/2	100.000	137	0	0	2401	2537	1	137	9.12e-65	254
NC_011593.1:2598858-2601929	NB551033:76:HLGC3BGX5:2:21301:18500:16021:92#0/2	97.315	149	4	0	2295	2443	1	149	9.12e-65	254
NC_011593.1:2598858-2601929	NB551033:76:HLGC3BGX5:3:12604:24648:11468:92#0/1	100.000	137	0	0	2401	2537	137	1	9.12e-65	254
NC_011593.1:2598858-2601929	NB551033:76:HLGC3BGX5:1:11204:5971:12900:92#0/1	97.945	146	3	0	553	698	146	1	9.12e-65	254
NC_011593.1:2598858-2601929	NB551033:76:HLGC3BGX5:3:11410:19227:9559:92#0/2	96.689	151	5	0	420	570	151	1	3.28e-64	252
NC_011593.1:2598858-2601929	NB551033:76:HLGC3BGX5:1:22303:14344:7006:92#0/1	96.689	151	5	0	836	986	151	1	3.28e-64	252
NC_011593.1:2598858-2601929	NB551033:76:HLGC3BGX5:1:11104:11374:10780:92#0/1	96.689	151	5	0	486	636	1	151	3.28e-64	252
NC_011593.1:2598858-2601929	NB551033:76:HLGC3BGX5:3:21604:14557:12509:92#0/2	96.667	150	5	0	784	933	150	1	1.18e-63	250
NC_011593.1:2598858-2601929	NB551033:76:HLGC3BGX5:2:21308:3808:5102:92#0/2	99.275	138	1	0	242	379	138	1	1.18e-63	250
NC_011593.1:2598858-2601929	NB551033:76:HLGC3BGX5:1:22303:14344:7006:92#0/2	97.917	144	3	0	749	892	1	144	1.18e-63	250
NC_011593.1:2598858-2601929	NB551033:76:HLGC3BGX5:1:13311:9864:14865:92#0/2	96.667	150	5	0	835	984	150	1	1.18e-63	250
NC_011593.1:2598858-2601929	NB551033:76:HLGC3BGX5:1:11309:16247:12382:92#0/2	96.667	150	5	0	866	1015	2	151	1.18e-63	250
NC_011593.1:2598858-2601929	NB551033:76:HLGC3BGX5:1:11204:5971:12900:92#0/2	96.667	150	5	0	545	694	1	150	1.18e-63	250
NC_011593.1:2598858-2601929	NB551033:76:HLGC3BGX5:4:13505:16886:19602:92#0/1	97.917	144	3	0	2323	2466	144	1	1.18e-63	250
NC_011593.1:2598858-2601929	NB551033:76:HLGC3BGX5:2:21212:4646:14418:92#0/2	96.644	149	5	0	850	998	1	149	4.25e-63	248
NC_011593.1:2598858-2601929	NB551033:76:HLGC3BGX5:4:11602:25269:10871:92#0/1	99.270	137	1	0	2161	2297	3	139	4.25e-63	248
NC_011593.1:2598858-2601929	NB551033:76:HLGC3BGX5:3:22504:22145:1343:92#0/1	97.260	146	4	0	553	698	146	1	4.25e-63	248
NC_011593.1:2598858-2601929	NB551033:76:HLGC3BGX5:4:13403:21476:14021:92#0/2	97.222	144	4	0	2643	2786	144	1	5.49e-62	244
NC_011593.1:2598858-2601929	NB551033:76:HLGC3BGX5:3:21406:20839:12220:92#0/2	99.259	135	1	0	2434	2568	135	1	5.49e-62	244
NC_011593.1:2598858-2601929	NB551033:76:HLGC3BGX5:2:13205:18776:10033:92#0/2	96.000	150	6	0	504	653	150	1	5.49e-62	244
NC_011593.1:2598858-2601929	NB551033:76:HLGC3BGX5:2:13106:6508:8249:92#0/2	99.259	135	1	0	1396	1530	135	1	5.49e-62	244
NC_011593.1:2598858-2601929	NB551033:76:HLGC3BGX5:4:13403:21476:14021:92#0/1	97.222	144	4	0	2643	2786	1	144	5.49e-62	244
NC_011593.1:2598858-2601929	NB551033:76:HLGC3BGX5:4:13505:16886:19602:92#0/2	97.842	139	3	0	2323	2461	1	139	7.10e-61	241
NC_011593.1:2598858-2601929	NB551033:76:HLGC3BGX5:1:22206:21378:11269:92#0/2	100.000	129	0	0	1596	1724	129	1	2.55e-60	239
NC_011593.1:2598858-2601929	NB551033:76:HLGC3BGX5:1:22206:21378:11269:92#0/1	100.000	129	0	0	1596	1724	1	129	2.55e-60	239
NC_011593.1:2598858-2601929	NB551033:76:HLGC3BGX5:4:11511:10900:6707:92#0/2	96.479	142	5	0	828	969	142	1	3.30e-59	235
NC_011593.1:2598858-2601929	NB551033:76:HLGC3BGX5:1:23306:25963:19364:92#0/2	99.231	130	1	0	974	1103	1	130	3.30e-59	235
NC_011593.1:2598858-2601929	NB551033:76:HLGC3BGX5:4:22410:22492:19758:92#0/1	97.794	136	3	0	2937	3072	1	136	3.30e-59	235
NC_011593.1:2598858-2601929	NB551033:76:HLGC3BGX5:4:11511:10900:6707:92#0/1	98.485	132	2	0	565	696	1	132	1.19e-58	233
NC_011593.1:2598858-2601929	NB551033:76:HLGC3BGX5:4:22505:5124:17324:92#0/1	98.473	131	2	0	1928	2058	131	1	4.28e-58	231
NC_011593.1:2598858-2601929	NB551033:76:HLGC3BGX5:3:12611:14857:19274:92#0/1	97.744	133	3	0	2940	3072	1	133	1.54e-57	230
NC_011593.1:2598858-2601929	NB551033:76:HLGC3BGX5:3:21406:20839:12220:92#0/1	99.200	125	1	0	2434	2558	1	125	1.99e-56	226
NC_011593.1:2598858-2601929	NB551033:76:HLGC3BGX5:2:11101:5474:2611:92#0/2	98.413	126	2	0	1318	1443	1	126	2.57e-55	222
NC_011593.1:2598858-2601929	NB551033:76:HLGC3BGX5:2:11101:5474:2611:92#0/1	98.413	126	2	0	1318	1443	126	1	2.57e-55	222
NC_011593.1:2598858-2601929	NB551033:76:HLGC3BGX5:3:21509:21231:7009:92#0/2	98.400	125	2	0	1480	1604	2	126	9.25e-55	220
NC_011593.1:2598858-2601929	NB551033:76:HLGC3BGX5:4:22602:21968:5076:92#0/1	100.000	119	0	0	1599	1717	1	119	9.25e-55	220
NC_011593.1:2598858-2601929	NB551033:76:HLGC3BGX5:3:21509:21231:7009:92#0/1	98.400	125	2	0	1480	1604	125	1	9.25e-55	220
NC_011593.1:2598858-2601929	NB551033:76:HLGC3BGX5:3:12611:14857:19274:92#0/2	97.638	127	3	0	2946	3072	150	24	3.33e-54	219
NC_011593.1:2598858-2601929	NB551033:76:HLGC3BGX5:2:21207:4489:19231:92#0/2	99.167	120	1	0	16	135	1	120	1.20e-53	217
NC_011593.1:2598858-2601929	NB551033:76:HLGC3BGX5:2:12206:26832:15499:92#0/2	97.619	126	3	0	2686	2811	1	126	1.20e-53	217
NC_011593.1:2598858-2601929	NB551033:76:HLGC3BGX5:2:12205:1378:15500:92#0/2	97.619	126	3	0	2686	2811	1	126	1.20e-53	217
NC_011593.1:2598858-2601929	NB551033:76:HLGC3BGX5:2:21207:4489:19231:92#0/1	99.167	120	1	0	16	135	120	1	1.20e-53	217
NC_011593.1:2598858-2601929	NB551033:76:HLGC3BGX5:2:12205:1378:15500:92#0/1	97.619	126	3	0	2686	2811	126	1	1.20e-53	217
NC_011593.1:2598858-2601929	NB551033:76:HLGC3BGX5:4:12412:18446:5208:92#0/2	98.361	122	2	0	1	122	122	1	4.31e-53	215
NC_011593.1:2598858-2601929	NB551033:76:HLGC3BGX5:2:12206:26832:15499:92#0/1	97.600	125	3	0	2687	2811	125	1	4.31e-53	215
NC_011593.1:2598858-2601929	NB551033:76:HLGC3BGX5:2:21203:3518:13938:92#0/2	99.145	117	1	0	2003	2119	117	1	5.57e-52	211
NC_011593.1:2598858-2601929	NB551033:76:HLGC3BGX5:1:22201:6816:6114:92#0/1	98.333	120	2	0	1	120	31	150	5.57e-52	211
NC_011593.1:2598858-2601929	NB551033:76:HLGC3BGX5:4:23604:13425:6514:92#0/2	99.138	116	1	0	2910	3025	116	1	2.00e-51	209
NC_011593.1:2598858-2601929	NB551033:76:HLGC3BGX5:4:23604:13425:6514:92#0/1	99.138	116	1	0	2910	3025	1	116	2.00e-51	209
NC_011593.1:2598858-2601929	NB551033:76:HLGC3BGX5:2:22103:15228:9041:92#0/1	97.541	122	3	0	459	580	122	1	2.00e-51	209
NC_011593.1:2598858-2601929	NB551033:76:HLGC3BGX5:2:13112:3170:13352:92#0/2	100.000	112	0	0	1566	1677	112	1	7.20e-51	207
NC_011593.1:2598858-2601929	NB551033:76:HLGC3BGX5:2:13112:3170:13352:92#0/1	100.000	112	0	0	1566	1677	1	112	7.20e-51	207
NC_011593.1:2598858-2601929	NB551033:76:HLGC3BGX5:2:11207:20352:4832:92#0/2	99.115	113	1	0	999	1111	1	113	9.32e-50	204
NC_011593.1:2598858-2601929	NB551033:76:HLGC3BGX5:2:11207:20352:4832:92#0/1	99.115	113	1	0	999	1111	113	1	9.32e-50	204
NC_011593.1:2598858-2601929	NB551033:76:HLGC3BGX5:4:13404:4498:8704:92#0/2	95.833	120	5	0	511	630	120	1	5.61e-47	195
NC_011593.1:2598858-2601929	NB551033:76:HLGC3BGX5:4:13404:4498:8704:92#0/1	95.833	120	5	0	511	630	1	120	5.61e-47	195
NC_011593.1:2598858-2601929	NB551033:76:HLGC3BGX5:1:21106:3271:8344:92#0/2	97.345	113	3	0	1214	1326	113	1	2.02e-46	193
NC_011593.1:2598858-2601929	NB551033:76:HLGC3BGX5:1:21106:3271:8344:92#0/1	97.345	113	3	0	1214	1326	1	113	2.02e-46	193
NC_011593.1:2598858-2601929	NB551033:76:HLGC3BGX5:3:22604:16649:4053:92#0/2	99.057	106	1	0	2482	2587	1	106	7.26e-46	191
NC_011593.1:2598858-2601929	NB551033:76:HLGC3BGX5:3:22604:16649:4053:92#0/1	99.057	106	1	0	2482	2587	106	1	7.26e-46	191
NC_011593.1:2598858-2601929	NB551033:76:HLGC3BGX5:2:22109:25670:1303:92#0/1	97.297	111	3	0	1435	1545	1	111	2.61e-45	189
NC_011593.1:2598858-2601929	NB551033:76:HLGC3BGX5:1:23205:5291:13096:92#0/2	99.029	103	1	0	690	792	1	103	3.38e-44	185
NC_011593.1:2598858-2601929	NB551033:76:HLGC3BGX5:1:23205:5291:13096:92#0/1	99.029	103	1	0	690	792	103	1	3.38e-44	185
NC_011593.1:2598858-2601929	NB551033:76:HLGC3BGX5:2:22109:25670:1303:92#0/2	96.396	111	4	0	1466	1576	111	1	1.21e-43	183
NC_011593.1:2598858-2601929	NB551033:76:HLGC3BGX5:3:21607:12550:1962:92#0/1	99.010	101	1	0	1	101	51	151	4.37e-43	182
NC_011593.1:2598858-2601929	NB551033:76:HLGC3BGX5:1:12212:3228:10697:92#0/2	98.947	95	1	0	1860	1954	95	1	9.45e-40	171
NC_011593.1:2598858-2601929	NB551033:76:HLGC3BGX5:2:21109:16920:9372:92#0/1	97.030	101	3	0	2095	2195	101	1	9.45e-40	171
NC_011593.1:2598858-2601929	NB551033:76:HLGC3BGX5:1:12212:3228:10697:92#0/1	98.947	95	1	0	1860	1954	1	95	9.45e-40	171
NC_011593.1:2598858-2601929	NB551033:76:HLGC3BGX5:1:21111:19746:2471:92#0/2	98.913	92	1	0	1107	1198	92	1	4.40e-38	165
NC_011593.1:2598858-2601929	NB551033:76:HLGC3BGX5:1:21111:19746:2471:92#0/1	98.913	92	1	0	1107	1198	1	92	4.40e-38	165
NC_011593.1:2598858-2601929	NB551033:76:HLGC3BGX5:4:22602:21968:5076:92#0/2	100.000	87	0	0	2033	2119	87	1	5.69e-37	161
NC_011593.1:2598858-2601929	NB551033:76:HLGC3BGX5:4:22412:10762:1297:92#0/2	98.889	90	1	0	565	654	1	90	5.69e-37	161
NC_011593.1:2598858-2601929	NB551033:76:HLGC3BGX5:4:22412:10762:1297:92#0/1	98.889	90	1	0	565	654	90	1	5.69e-37	161
NC_011593.1:2598858-2601929	NB551033:76:HLGC3BGX5:2:11205:4268:8930:92#0/2	98.876	89	1	0	1012	1100	1	89	2.05e-36	159
NC_011593.1:2598858-2601929	NB551033:76:HLGC3BGX5:2:11205:4268:8930:92#0/1	98.876	89	1	0	1012	1100	89	1	2.05e-36	159
NC_011593.1:2598858-2601929	NB551033:76:HLGC3BGX5:2:13301:1978:11906:92#0/2	98.851	87	1	0	1381	1467	1	87	2.65e-35	156
NC_011593.1:2598858-2601929	NB551033:76:HLGC3BGX5:2:13301:1978:11906:92#0/1	98.851	87	1	0	1381	1467	87	1	2.65e-35	156
NC_011593.1:2598858-2601929	NB551033:76:HLGC3BGX5:3:21409:11769:16829:92#0/2	98.810	84	1	0	2295	2378	1	84	1.23e-33	150
NC_011593.1:2598858-2601929	NB551033:76:HLGC3BGX5:3:21409:11769:16829:92#0/1	98.810	84	1	0	2295	2378	84	1	1.23e-33	150
NC_011593.1:2598858-2601929	NB551033:76:HLGC3BGX5:3:13508:19686:3475:92#0/2	98.750	80	1	0	2812	2891	1	80	2.06e-31	143
NC_011593.1:2598858-2601929	NB551033:76:HLGC3BGX5:2:13211:5667:4380:92#0/2	98.734	79	1	0	1316	1394	79	1	7.41e-31	141
NC_011593.1:2598858-2601929	NB551033:76:HLGC3BGX5:3:13508:19686:3475:92#0/1	98.734	79	1	0	2813	2891	79	1	7.41e-31	141
NC_011593.1:2598858-2601929	NB551033:76:HLGC3BGX5:2:13211:5667:4380:92#0/1	98.734	79	1	0	1316	1394	1	79	7.41e-31	141
NC_011593.1:2598858-2601929	NB551033:76:HLGC3BGX5:4:21408:11054:14643:92#0/2	98.701	77	1	0	1432	1508	1	77	9.59e-30	137
NC_011593.1:2598858-2601929	NB551033:76:HLGC3BGX5:2:23206:22473:1243:92#0/2	98.701	77	1	0	2297	2373	77	1	9.59e-30	137
NC_011593.1:2598858-2601929	NB551033:76:HLGC3BGX5:4:21408:11054:14643:92#0/1	98.701	77	1	0	1432	1508	77	1	9.59e-30	137
NC_011593.1:2598858-2601929	NB551033:76:HLGC3BGX5:2:23206:22473:1243:92#0/1	98.701	77	1	0	2297	2373	1	77	9.59e-30	137
NC_011593.1:2598858-2601929	NB551033:76:HLGC3BGX5:2:12301:11426:11765:92#0/2	97.468	79	2	0	2994	3072	1	79	3.45e-29	135
NC_011593.1:2598858-2601929	NB551033:76:HLGC3BGX5:2:21306:7466:20021:92#0/2	97.403	77	2	0	1432	1508	1	77	4.46e-28	132
NC_011593.1:2598858-2601929	NB551033:76:HLGC3BGX5:2:21306:7466:20021:92#0/1	97.403	77	2	0	1432	1508	77	1	4.46e-28	132
NC_011593.1:2598858-2601929	NB551033:76:HLGC3BGX5:1:13312:7077:4695:92#0/1	98.649	74	1	0	1	74	78	151	4.46e-28	132
NC_011593.1:2598858-2601929	NB551033:76:HLGC3BGX5:3:22609:1268:7647:92#0/2	98.529	68	1	0	1	68	68	1	9.66e-25	121
NC_011593.1:2598858-2601929	NB551033:76:HLGC3BGX5:3:22608:26703:7643:92#0/2	98.529	68	1	0	1	68	68	1	9.66e-25	121
NC_011593.1:2598858-2601929	NB551033:76:HLGC3BGX5:2:12102:10955:16855:92#0/2	96.552	58	2	0	3015	3072	1	58	1.63e-17	97.1
NC_011593.1:2598858-2601929	NB551033:76:HLGC3BGX5:2:22305:18417:1564:92#0/1	96.552	58	2	0	3015	3072	1	58	1.63e-17	97.1
NC_011593.1:2598858-2601929	NB551033:76:HLGC3BGX5:2:12102:10955:16855:92#0/1	96.552	58	2	0	3015	3072	105	48	1.63e-17	97.1
NC_011593.1:2598858-2601929	NB551033:76:HLGC3BGX5:1:11105:24799:19940:92#0/1	96.552	58	2	0	3015	3072	105	48	1.63e-17	97.1
NC_011593.1:2598858-2601929	NB551033:76:HLGC3BGX5:2:22103:15228:9041:92#0/2	100.000	45	0	0	1	45	106	150	1.27e-13	84.2
NC_011593.1:2598858-2601929	NB551033:76:HLGC3BGX5:3:21401:1727:7035:92#0/1	96.875	32	1	0	1028	1059	87	118	9.93e-05	54.7
NC_011593.1:2598858-2601929	NB551033:76:HLGC3BGX5:4:21512:5942:13482:92#0/2	100.000	28	0	0	1028	1055	67	94	3.57e-04	52.8
NC_011593.1:2598858-2601929	NB551033:76:HLGC3BGX5:1:11312:19202:3715:92#0/2	100.000	28	0	0	1028	1055	28	1	3.57e-04	52.8
NC_011593.1:2598858-2601929	NB551033:76:HLGC3BGX5:1:11201:19257:6611:92#0/2	100.000	28	0	0	1028	1055	67	94	3.57e-04	52.8
NC_011593.1:2598858-2601929	NB551033:76:HLGC3BGX5:4:21512:5942:13482:92#0/1	100.000	28	0	0	1028	1055	28	1	3.57e-04	52.8
NC_011593.1:2598858-2601929	NB551033:76:HLGC3BGX5:1:11312:19202:3715:92#0/1	100.000	28	0	0	1028	1055	91	118	3.57e-04	52.8
NC_011593.1:2598858-2601929	NB551033:76:HLGC3BGX5:1:11201:19257:6611:92#0/1	100.000	28	0	0	1028	1055	28	1	3.57e-04	52.8
# BLASTN 2.9.0+
# Query: NC_011593.1:c2604454-2602106 Bifidobacterium longum subsp. infantis ATCC 15697, complete genome
# Database: db/blast_C0568_1F_1A_S92.faa
# 0 hits found
# BLASTN 2.9.0+
# Query: NC_011593.1:c2605922-2604486 Bifidobacterium longum subsp. infantis ATCC 15697, complete genome
# Database: db/blast_C0568_1F_1A_S92.faa
# 0 hits found
# BLASTN 2.9.0+
# Query: NC_011593.1:c2606381-2605944 Bifidobacterium longum subsp. infantis ATCC 15697, complete genome
# Database: db/blast_C0568_1F_1A_S92.faa
# 0 hits found
# BLASTN 2.9.0+
# Query: NC_011593.1:c2607314-2606418 Bifidobacterium longum subsp. infantis ATCC 15697, complete genome
# Database: db/blast_C0568_1F_1A_S92.faa
# 0 hits found
# BLASTN 2.9.0+
# Query: NC_011593.1:c2608249-2607458 Bifidobacterium longum subsp. infantis ATCC 15697, complete genome
# Database: db/blast_C0568_1F_1A_S92.faa
# 0 hits found
# BLASTN 2.9.0+
# Query: NC_011593.1:c2609546-2608269 Bifidobacterium longum subsp. infantis ATCC 15697, complete genome
# Database: db/blast_C0568_1F_1A_S92.faa
# 0 hits found
# BLASTN 2.9.0+
# Query: NC_011593.1:c2610356-2609697 Bifidobacterium longum subsp. infantis ATCC 15697, complete genome
# Database: db/blast_C0568_1F_1A_S92.faa
# 0 hits found
# BLASTN 2.9.0+
# Query: NC_011593.1:c2611458-2610496 Bifidobacterium longum subsp. infantis ATCC 15697, complete genome
# Database: db/blast_C0568_1F_1A_S92.faa
# 0 hits found
# BLASTN 2.9.0+
# Query: NC_011593.1:c2612430-2611477 Bifidobacterium longum subsp. infantis ATCC 15697, complete genome
# Database: db/blast_C0568_1F_1A_S92.faa
# 0 hits found
# BLASTN 2.9.0+
# Query: NC_011593.1:c2614109-2612517 Bifidobacterium longum subsp. infantis ATCC 15697, complete genome
# Database: db/blast_C0568_1F_1A_S92.faa
# 0 hits found
# BLASTN 2.9.0+
# Query: NC_011593.1:c2615274-2614312 Bifidobacterium longum subsp. infantis ATCC 15697, complete genome
# Database: db/blast_C0568_1F_1A_S92.faa
# 0 hits found
# BLASTN 2.9.0+
# Query: NC_011593.1:c2616246-2615293 Bifidobacterium longum subsp. infantis ATCC 15697, complete genome
# Database: db/blast_C0568_1F_1A_S92.faa
# 0 hits found
# BLASTN 2.9.0+
# Query: NC_011593.1:c2617928-2616333 Bifidobacterium longum subsp. infantis ATCC 15697, complete genome
# Database: db/blast_C0568_1F_1A_S92.faa
# 0 hits found
# BLASTN 2.9.0+
# Query: NC_011593.1:c2619247-2618063 Bifidobacterium longum subsp. infantis ATCC 15697, complete genome
# Database: db/blast_C0568_1F_1A_S92.faa
# 0 hits found
# BLASTN 2.9.0+
# Query: NC_011593.1:c2620369-2619413 Bifidobacterium longum subsp. infantis ATCC 15697, complete genome
# Database: db/blast_C0568_1F_1A_S92.faa
# 0 hits found
# BLASTN 2.9.0+
# Query: NC_011593.1:c2622143-2620551 Bifidobacterium longum subsp. infantis ATCC 15697, complete genome
# Database: db/blast_C0568_1F_1A_S92.faa
# 0 hits found
# BLASTN 2.9.0+
# Query: NC_011593.1:c2624124-2622520 Bifidobacterium longum subsp. infantis ATCC 15697, complete genome
# Database: db/blast_C0568_1F_1A_S92.faa
# 0 hits found
# BLASTN 2.9.0+
# Query: NC_011593.1:c2626110-2624512 Bifidobacterium longum subsp. infantis ATCC 15697, complete genome
# Database: db/blast_C0568_1F_1A_S92.faa
# 0 hits found
# BLASTN 2.9.0+
# Query: NC_011593.1:c2626386-2626264 Bifidobacterium longum subsp. infantis ATCC 15697, complete genome
# Database: db/blast_C0568_1F_1A_S92.faa
# 0 hits found
# BLASTN 2.9.0+
# Query: NC_011593.1:c2628158-2626563 Bifidobacterium longum subsp. infantis ATCC 15697, complete genome
# Database: db/blast_C0568_1F_1A_S92.faa
# 0 hits found
# BLASTN 2.9.0+
# Query: NC_011593.1:c2630269-2628314 Bifidobacterium longum subsp. infantis ATCC 15697, complete genome
# Database: db/blast_C0568_1F_1A_S92.faa
# 0 hits found
# BLASTN 2.9.0+
# Query: NC_011593.1:c2631106-2630366 Bifidobacterium longum subsp. infantis ATCC 15697, complete genome
# Database: db/blast_C0568_1F_1A_S92.faa
# 0 hits found
# BLASTN 2.9.0+
# Query: NC_011593.1:c2632432-2631140 Bifidobacterium longum subsp. infantis ATCC 15697, complete genome
# Database: db/blast_C0568_1F_1A_S92.faa
# 0 hits found
# BLASTN 2.9.0+
# Query: NC_011593.1:c2633881-2632562 Bifidobacterium longum subsp. infantis ATCC 15697, complete genome
# Database: db/blast_C0568_1F_1A_S92.faa
# 0 hits found
# BLASTN 2.9.0+
# Query: NC_011593.1:c2634683-2633865 Bifidobacterium longum subsp. infantis ATCC 15697, complete genome
# Database: db/blast_C0568_1F_1A_S92.faa
# 0 hits found
# BLASTN 2.9.0+
# Query: NC_011593.1:c2635627-2634680 Bifidobacterium longum subsp. infantis ATCC 15697, complete genome
# Database: db/blast_C0568_1F_1A_S92.faa
# 0 hits found
# BLASTN 2.9.0+
# Query: NC_011593.1:c2636747-2635629 Bifidobacterium longum subsp. infantis ATCC 15697, complete genome
# Database: db/blast_C0568_1F_1A_S92.faa
# 0 hits found
# BLAST processed 31 queries
