# BLASTN 2.9.0+
# Query: NC_011593.1:c2595355-2593832 Bifidobacterium longum subsp. infantis ATCC 15697, complete genome
# Database: db/blast_C0569_1F_1A_S33.faa
# Fields: query acc.ver, subject acc.ver, % identity, alignment length, mismatches, gap opens, q. start, q. end, s. start, s. end, evalue, bit score
# 98 hits found
NC_011593.1:c2595355-2593832	NB551033:76:HLGC3BGX5:3:22601:17997:10048:33#0/2	99.333	150	1	0	949	1098	1	150	1.29e-70	272
NC_011593.1:c2595355-2593832	NB551033:76:HLGC3BGX5:1:12310:8380:9997:33#0/2	99.329	149	1	0	1009	1157	149	1	4.65e-70	270
NC_011593.1:c2595355-2593832	NB551033:76:HLGC3BGX5:3:22601:17997:10048:33#0/1	98.675	151	2	0	1043	1193	151	1	1.67e-69	268
NC_011593.1:c2595355-2593832	NB551033:76:HLGC3BGX5:2:12201:25252:9167:33#0/1	98.675	151	2	0	488	638	151	1	1.67e-69	268
NC_011593.1:c2595355-2593832	NB551033:76:HLGC3BGX5:1:23203:21987:9553:33#0/1	98.675	151	2	0	1035	1185	1	151	1.67e-69	268
NC_011593.1:c2595355-2593832	NB551033:76:HLGC3BGX5:4:13612:22270:10985:33#0/2	98.667	150	2	0	1059	1208	150	1	6.01e-69	267
NC_011593.1:c2595355-2593832	NB551033:76:HLGC3BGX5:1:22205:18159:9110:33#0/1	98.667	150	2	0	745	894	1	150	6.01e-69	267
NC_011593.1:c2595355-2593832	NB551033:76:HLGC3BGX5:1:22301:23867:9461:33#0/2	98.658	149	2	0	371	519	1	149	2.16e-68	265
NC_011593.1:c2595355-2593832	NB551033:76:HLGC3BGX5:4:13612:22270:10985:33#0/1	98.658	149	2	0	971	1119	1	149	2.16e-68	265
NC_011593.1:c2595355-2593832	NB551033:76:HLGC3BGX5:4:11410:5243:6456:33#0/1	98.658	149	2	0	1128	1276	151	3	2.16e-68	265
NC_011593.1:c2595355-2593832	NB551033:76:HLGC3BGX5:4:23504:24176:13081:33#0/2	98.013	151	3	0	1219	1369	1	151	7.77e-68	263
NC_011593.1:c2595355-2593832	NB551033:76:HLGC3BGX5:2:21206:23897:11205:33#0/2	98.013	151	3	0	332	482	151	1	7.77e-68	263
NC_011593.1:c2595355-2593832	NB551033:76:HLGC3BGX5:2:12201:25252:9167:33#0/2	98.649	148	2	0	372	519	1	148	7.77e-68	263
NC_011593.1:c2595355-2593832	NB551033:76:HLGC3BGX5:4:13604:10539:7368:33#0/1	98.013	151	3	0	950	1100	151	1	7.77e-68	263
NC_011593.1:c2595355-2593832	NB551033:76:HLGC3BGX5:2:21209:17572:8611:33#0/1	98.013	151	3	0	391	541	151	1	7.77e-68	263
NC_011593.1:c2595355-2593832	NB551033:76:HLGC3BGX5:1:22301:23867:9461:33#0/1	98.013	151	3	0	391	541	151	1	7.77e-68	263
NC_011593.1:c2595355-2593832	NB551033:76:HLGC3BGX5:3:22608:12900:5168:33#0/2	98.000	150	3	0	1191	1340	1	150	2.80e-67	261
NC_011593.1:c2595355-2593832	NB551033:76:HLGC3BGX5:2:11211:1755:6157:33#0/2	98.000	150	3	0	475	624	150	1	2.80e-67	261
NC_011593.1:c2595355-2593832	NB551033:76:HLGC3BGX5:3:13605:5723:18297:33#0/1	98.000	150	3	0	94	243	1	150	2.80e-67	261
NC_011593.1:c2595355-2593832	NB551033:76:HLGC3BGX5:1:13208:5848:1992:33#0/1	98.000	150	3	0	94	243	1	150	2.80e-67	261
NC_011593.1:c2595355-2593832	NB551033:76:HLGC3BGX5:2:13107:17591:14900:33#0/1	97.987	149	3	0	109	257	149	1	1.01e-66	259
NC_011593.1:c2595355-2593832	NB551033:76:HLGC3BGX5:4:13604:10539:7368:33#0/2	97.351	151	4	0	786	936	1	151	3.62e-66	257
NC_011593.1:c2595355-2593832	NB551033:76:HLGC3BGX5:2:21209:17572:8611:33#0/2	99.296	142	1	0	371	512	1	142	3.62e-66	257
NC_011593.1:c2595355-2593832	NB551033:76:HLGC3BGX5:1:13208:5848:1992:33#0/2	97.333	150	4	0	298	447	150	1	1.30e-65	255
NC_011593.1:c2595355-2593832	NB551033:76:HLGC3BGX5:4:12512:21582:19233:33#0/1	97.333	150	4	0	892	1041	150	1	1.30e-65	255
NC_011593.1:c2595355-2593832	NB551033:76:HLGC3BGX5:3:21606:18413:15336:33#0/1	97.959	147	3	0	117	263	1	147	1.30e-65	255
NC_011593.1:c2595355-2593832	NB551033:76:HLGC3BGX5:2:22206:21303:19207:33#0/1	97.333	150	4	0	849	998	1	150	1.30e-65	255
NC_011593.1:c2595355-2593832	NB551033:76:HLGC3BGX5:1:12310:8380:9997:33#0/1	97.333	150	4	0	849	998	1	150	1.30e-65	255
NC_011593.1:c2595355-2593832	NB551033:76:HLGC3BGX5:4:12512:21582:19233:33#0/2	96.689	151	5	0	844	994	1	151	1.68e-64	252
NC_011593.1:c2595355-2593832	NB551033:76:HLGC3BGX5:2:23312:20199:14861:33#0/2	96.689	151	5	0	304	454	151	1	1.68e-64	252
NC_011593.1:c2595355-2593832	NB551033:76:HLGC3BGX5:2:22210:8719:17966:33#0/2	99.281	139	1	0	1014	1152	139	1	1.68e-64	252
NC_011593.1:c2595355-2593832	NB551033:76:HLGC3BGX5:2:21205:21946:15743:33#0/2	96.689	151	5	0	308	458	151	1	1.68e-64	252
NC_011593.1:c2595355-2593832	NB551033:76:HLGC3BGX5:2:11205:24203:12728:33#0/2	98.592	142	2	0	437	578	1	142	1.68e-64	252
NC_011593.1:c2595355-2593832	NB551033:76:HLGC3BGX5:4:23504:24176:13081:33#0/1	97.297	148	4	0	1271	1418	150	3	1.68e-64	252
NC_011593.1:c2595355-2593832	NB551033:76:HLGC3BGX5:3:21511:10718:11965:33#0/1	96.689	151	5	0	610	760	1	151	1.68e-64	252
NC_011593.1:c2595355-2593832	NB551033:76:HLGC3BGX5:2:22210:8719:17966:33#0/1	97.297	148	4	0	768	915	1	148	1.68e-64	252
NC_011593.1:c2595355-2593832	NB551033:76:HLGC3BGX5:2:21205:21946:15743:33#0/1	96.689	151	5	0	130	280	1	151	1.68e-64	252
NC_011593.1:c2595355-2593832	NB551033:76:HLGC3BGX5:2:13312:14757:9468:33#0/1	96.689	151	5	0	143	293	1	151	1.68e-64	252
NC_011593.1:c2595355-2593832	NB551033:76:HLGC3BGX5:2:11205:24203:12728:33#0/1	96.689	151	5	0	585	735	151	1	1.68e-64	252
NC_011593.1:c2595355-2593832	NB551033:76:HLGC3BGX5:3:21411:20853:6926:33#0/2	96.667	150	5	0	284	433	150	1	6.05e-64	250
NC_011593.1:c2595355-2593832	NB551033:76:HLGC3BGX5:3:12505:7192:4184:33#0/2	96.667	150	5	0	57	206	1	150	6.05e-64	250
NC_011593.1:c2595355-2593832	NB551033:76:HLGC3BGX5:3:12412:8906:14946:33#0/2	96.667	150	5	0	126	275	150	1	6.05e-64	250
NC_011593.1:c2595355-2593832	NB551033:76:HLGC3BGX5:2:22206:21303:19207:33#0/2	97.279	147	4	0	861	1007	147	1	6.05e-64	250
NC_011593.1:c2595355-2593832	NB551033:76:HLGC3BGX5:2:12305:8571:13686:33#0/2	99.275	138	1	0	539	676	138	1	6.05e-64	250
NC_011593.1:c2595355-2593832	NB551033:76:HLGC3BGX5:1:22205:18159:9110:33#0/2	96.667	150	5	0	870	1019	150	1	6.05e-64	250
NC_011593.1:c2595355-2593832	NB551033:76:HLGC3BGX5:4:23402:23741:5670:33#0/1	96.667	150	5	0	192	341	150	1	6.05e-64	250
NC_011593.1:c2595355-2593832	NB551033:76:HLGC3BGX5:3:23407:23052:6247:33#0/1	96.667	150	5	0	670	819	150	1	6.05e-64	250
NC_011593.1:c2595355-2593832	NB551033:76:HLGC3BGX5:3:21411:20853:6926:33#0/1	96.667	150	5	0	161	310	1	150	6.05e-64	250
NC_011593.1:c2595355-2593832	NB551033:76:HLGC3BGX5:3:12505:7192:4184:33#0/1	96.667	150	5	0	114	263	151	2	6.05e-64	250
NC_011593.1:c2595355-2593832	NB551033:76:HLGC3BGX5:2:21206:23897:11205:33#0/1	96.667	150	5	0	276	425	1	150	6.05e-64	250
NC_011593.1:c2595355-2593832	NB551033:76:HLGC3BGX5:2:12305:8571:13686:33#0/1	99.275	138	1	0	539	676	1	138	6.05e-64	250
NC_011593.1:c2595355-2593832	NB551033:76:HLGC3BGX5:1:11305:12629:15002:33#0/1	96.667	150	5	0	615	764	1	150	6.05e-64	250
NC_011593.1:c2595355-2593832	NB551033:76:HLGC3BGX5:4:11410:5243:6456:33#0/2	97.260	146	4	0	686	831	1	146	2.18e-63	248
NC_011593.1:c2595355-2593832	NB551033:76:HLGC3BGX5:3:12612:13920:3058:33#0/2	97.241	145	4	0	52	196	145	1	7.83e-63	246
NC_011593.1:c2595355-2593832	NB551033:76:HLGC3BGX5:3:21511:10718:11965:33#0/2	96.000	150	6	0	660	809	150	1	2.82e-62	244
NC_011593.1:c2595355-2593832	NB551033:76:HLGC3BGX5:2:13312:14757:9468:33#0/2	96.000	150	6	0	226	375	150	1	2.82e-62	244
NC_011593.1:c2595355-2593832	NB551033:76:HLGC3BGX5:1:11305:12629:15002:33#0/2	96.000	150	6	0	627	776	150	1	2.82e-62	244
NC_011593.1:c2595355-2593832	NB551033:76:HLGC3BGX5:3:23407:23052:6247:33#0/2	95.364	151	7	0	603	753	1	151	3.64e-61	241
NC_011593.1:c2595355-2593832	NB551033:76:HLGC3BGX5:3:12410:10869:13853:33#0/1	95.946	148	6	0	844	991	1	148	3.64e-61	241
NC_011593.1:c2595355-2593832	NB551033:76:HLGC3BGX5:3:13605:5723:18297:33#0/2	97.163	141	4	0	307	447	141	1	1.31e-60	239
NC_011593.1:c2595355-2593832	NB551033:76:HLGC3BGX5:3:12412:8906:14946:33#0/1	95.333	150	7	0	36	185	1	150	1.31e-60	239
NC_011593.1:c2595355-2593832	NB551033:76:HLGC3BGX5:3:12501:8608:19083:33#0/2	97.810	137	3	0	323	459	1	137	4.71e-60	237
NC_011593.1:c2595355-2593832	NB551033:76:HLGC3BGX5:3:12501:8608:19083:33#0/1	97.810	137	3	0	323	459	137	1	4.71e-60	237
NC_011593.1:c2595355-2593832	NB551033:76:HLGC3BGX5:4:13501:25669:17064:33#0/2	98.425	127	2	0	1084	1210	1	127	3.67e-56	224
NC_011593.1:c2595355-2593832	NB551033:76:HLGC3BGX5:3:22608:12900:5168:33#0/1	97.692	130	3	0	1270	1399	130	1	3.67e-56	224
NC_011593.1:c2595355-2593832	NB551033:76:HLGC3BGX5:3:12410:10869:13853:33#0/2	98.387	124	2	0	1063	1186	124	1	1.71e-54	219
NC_011593.1:c2595355-2593832	NB551033:76:HLGC3BGX5:2:11211:1755:6157:33#0/1	96.800	125	4	0	271	395	1	125	1.03e-51	209
NC_011593.1:c2595355-2593832	NB551033:76:HLGC3BGX5:2:12205:6699:15840:33#0/2	96.774	124	4	0	1219	1342	1	124	3.69e-51	207
NC_011593.1:c2595355-2593832	NB551033:76:HLGC3BGX5:1:21211:9890:19953:33#0/2	99.130	115	1	0	371	485	1	115	3.69e-51	207
NC_011593.1:c2595355-2593832	NB551033:76:HLGC3BGX5:1:21109:17964:7169:33#0/1	100.000	109	0	0	560	668	1	109	1.72e-49	202
NC_011593.1:c2595355-2593832	NB551033:76:HLGC3BGX5:1:21109:17964:7169:33#0/2	99.091	110	1	0	562	671	110	1	2.22e-48	198
NC_011593.1:c2595355-2593832	NB551033:76:HLGC3BGX5:1:21211:9890:19953:33#0/1	98.214	112	2	0	430	541	112	1	8.00e-48	196
NC_011593.1:c2595355-2593832	NB551033:76:HLGC3BGX5:2:22306:23388:11531:33#0/2	96.581	117	4	0	321	437	117	1	2.88e-47	195
NC_011593.1:c2595355-2593832	NB551033:76:HLGC3BGX5:3:21606:18413:15336:33#0/2	95.798	119	5	0	246	364	119	1	1.03e-46	193
NC_011593.1:c2595355-2593832	NB551033:76:HLGC3BGX5:2:21104:13346:7310:33#0/2	95.652	115	5	0	635	749	1	115	1.73e-44	185
NC_011593.1:c2595355-2593832	NB551033:76:HLGC3BGX5:2:12307:15377:18306:33#0/2	97.248	109	3	0	94	202	1	109	1.73e-44	185
NC_011593.1:c2595355-2593832	NB551033:76:HLGC3BGX5:2:21104:13346:7310:33#0/1	95.652	115	5	0	635	749	115	1	1.73e-44	185
NC_011593.1:c2595355-2593832	NB551033:76:HLGC3BGX5:2:12307:15377:18306:33#0/1	97.248	109	3	0	94	202	109	1	1.73e-44	185
NC_011593.1:c2595355-2593832	NB551033:76:HLGC3BGX5:1:22312:16564:4417:33#0/2	97.087	103	3	0	808	910	1	103	3.75e-41	174
NC_011593.1:c2595355-2593832	NB551033:76:HLGC3BGX5:1:22312:16564:4417:33#0/1	97.087	103	3	0	808	910	103	1	3.75e-41	174
NC_011593.1:c2595355-2593832	NB551033:76:HLGC3BGX5:1:21110:17828:2406:33#0/2	97.849	93	2	0	1258	1350	1	93	2.92e-37	161
NC_011593.1:c2595355-2593832	NB551033:76:HLGC3BGX5:1:11310:9903:11441:33#0/2	95.876	97	4	0	858	954	1	97	3.77e-36	158
NC_011593.1:c2595355-2593832	NB551033:76:HLGC3BGX5:3:21409:1431:13765:33#0/2	96.703	91	3	0	347	437	1	91	1.76e-34	152
NC_011593.1:c2595355-2593832	NB551033:76:HLGC3BGX5:3:21409:1431:13765:33#0/1	96.703	91	3	0	347	437	91	1	1.76e-34	152
NC_011593.1:c2595355-2593832	NB551033:76:HLGC3BGX5:4:13501:25669:17064:33#0/1	97.701	87	2	0	1274	1360	87	1	6.31e-34	150
NC_011593.1:c2595355-2593832	NB551033:76:HLGC3BGX5:1:21110:17828:2406:33#0/1	97.701	87	2	0	1264	1350	87	1	6.31e-34	150
NC_011593.1:c2595355-2593832	NB551033:76:HLGC3BGX5:1:23302:3643:19912:33#0/2	100.000	73	0	0	410	482	73	1	1.77e-29	135
NC_011593.1:c2595355-2593832	NB551033:76:HLGC3BGX5:1:23302:3643:19912:33#0/1	100.000	73	0	0	410	482	1	73	1.77e-29	135
NC_011593.1:c2595355-2593832	NB551033:76:HLGC3BGX5:1:23203:21987:9553:33#0/2	97.297	74	2	0	1272	1345	74	1	1.06e-26	126
NC_011593.1:c2595355-2593832	NB551033:76:HLGC3BGX5:3:23507:23422:4326:33#0/2	97.183	71	2	0	1400	1470	118	48	4.95e-25	121
NC_011593.1:c2595355-2593832	NB551033:76:HLGC3BGX5:3:23507:23422:4326:33#0/1	97.183	71	2	0	1400	1470	1	71	4.95e-25	121
NC_011593.1:c2595355-2593832	NB551033:76:HLGC3BGX5:3:12401:19489:8674:33#0/2	100.000	63	0	0	576	638	63	1	6.40e-24	117
NC_011593.1:c2595355-2593832	NB551033:76:HLGC3BGX5:3:12401:19489:8674:33#0/1	100.000	63	0	0	576	638	1	63	6.40e-24	117
NC_011593.1:c2595355-2593832	NB551033:76:HLGC3BGX5:2:13212:23102:19985:33#0/1	98.438	64	1	0	94	157	64	1	8.28e-23	113
NC_011593.1:c2595355-2593832	NB551033:76:HLGC3BGX5:2:13212:23102:19985:33#0/2	98.413	63	1	0	94	156	1	63	2.98e-22	111
NC_011593.1:c2595355-2593832	NB551033:76:HLGC3BGX5:2:23111:11868:19947:33#0/2	96.825	63	2	0	399	461	1	63	1.39e-20	106
NC_011593.1:c2595355-2593832	NB551033:76:HLGC3BGX5:2:23111:11868:19947:33#0/1	96.825	63	2	0	399	461	63	1	1.39e-20	106
NC_011593.1:c2595355-2593832	NB551033:76:HLGC3BGX5:2:22104:23109:12192:33#0/2	100.000	49	0	0	1422	1470	1	49	3.88e-16	91.6
# BLASTN 2.9.0+
# Query: NC_011593.1:c2597106-2595574 Bifidobacterium longum subsp. infantis ATCC 15697, complete genome
# Database: db/blast_C0569_1F_1A_S33.faa
# Fields: query acc.ver, subject acc.ver, % identity, alignment length, mismatches, gap opens, q. start, q. end, s. start, s. end, evalue, bit score
# 20 hits found
NC_011593.1:c2597106-2595574	NB551033:76:HLGC3BGX5:2:23312:20199:14861:33#0/1	96.748	123	4	0	1	123	26	148	1.34e-50	206
NC_011593.1:c2597106-2595574	NB551033:76:HLGC3BGX5:2:22306:23388:11531:33#0/1	96.610	118	4	0	1	118	34	151	8.04e-48	196
NC_011593.1:c2597106-2595574	NB551033:76:HLGC3BGX5:1:21211:9890:19953:33#0/1	95.495	111	5	0	430	540	112	2	2.91e-42	178
NC_011593.1:c2597106-2595574	NB551033:76:HLGC3BGX5:2:13107:17591:14900:33#0/2	95.283	106	5	0	1	106	45	150	1.75e-39	169
NC_011593.1:c2597106-2595574	NB551033:76:HLGC3BGX5:3:12612:13920:3058:33#0/1	95.745	94	4	0	1	94	57	150	1.77e-34	152
NC_011593.1:c2597106-2595574	NB551033:76:HLGC3BGX5:2:13310:11348:9604:33#0/2	98.765	81	1	0	1	81	24	104	2.96e-32	145
NC_011593.1:c2597106-2595574	NB551033:76:HLGC3BGX5:2:13310:11348:9604:33#0/1	98.765	81	1	0	1	81	83	3	2.96e-32	145
NC_011593.1:c2597106-2595574	NB551033:76:HLGC3BGX5:4:23402:23741:5670:33#0/2	97.531	81	2	0	1	81	62	142	1.37e-30	139
NC_011593.1:c2597106-2595574	NB551033:76:HLGC3BGX5:1:23302:3643:19912:33#0/2	100.000	73	0	0	410	482	73	1	1.78e-29	135
NC_011593.1:c2597106-2595574	NB551033:76:HLGC3BGX5:1:23302:3643:19912:33#0/1	100.000	73	0	0	410	482	1	73	1.78e-29	135
NC_011593.1:c2597106-2595574	NB551033:76:HLGC3BGX5:3:23507:23422:4326:33#0/2	97.183	71	2	0	1400	1470	118	48	4.98e-25	121
NC_011593.1:c2597106-2595574	NB551033:76:HLGC3BGX5:3:23507:23422:4326:33#0/1	97.183	71	2	0	1400	1470	1	71	4.98e-25	121
NC_011593.1:c2597106-2595574	NB551033:76:HLGC3BGX5:3:22407:25080:12335:33#0/1	98.485	66	1	0	16	81	68	3	6.44e-24	117
NC_011593.1:c2597106-2595574	NB551033:76:HLGC3BGX5:3:22407:25080:12335:33#0/2	100.000	59	0	0	1	59	92	150	1.08e-21	110
NC_011593.1:c2597106-2595574	NB551033:76:HLGC3BGX5:2:23111:11868:19947:33#0/2	96.825	63	2	0	399	461	1	63	1.39e-20	106
NC_011593.1:c2597106-2595574	NB551033:76:HLGC3BGX5:2:23111:11868:19947:33#0/1	96.825	63	2	0	399	461	63	1	1.39e-20	106
NC_011593.1:c2597106-2595574	NB551033:76:HLGC3BGX5:2:22104:23109:12192:33#0/2	100.000	49	0	0	1422	1470	1	49	3.90e-16	91.6
NC_011593.1:c2597106-2595574	NB551033:76:HLGC3BGX5:2:22209:20626:7370:33#0/2	100.000	42	0	0	1	42	20	61	3.04e-12	78.7
NC_011593.1:c2597106-2595574	NB551033:76:HLGC3BGX5:2:22209:20626:7370:33#0/1	100.000	42	0	0	1	42	42	1	3.04e-12	78.7
NC_011593.1:c2597106-2595574	NB551033:76:HLGC3BGX5:4:12506:18256:7699:33#0/2	100.000	34	0	0	1	34	27	60	8.51e-08	63.9
# BLASTN 2.9.0+
# Query: NC_011593.1:c2598562-2597207 Bifidobacterium longum subsp. infantis ATCC 15697, complete genome
# Database: db/blast_C0569_1F_1A_S33.faa
# Fields: query acc.ver, subject acc.ver, % identity, alignment length, mismatches, gap opens, q. start, q. end, s. start, s. end, evalue, bit score
# 41 hits found
NC_011593.1:c2598562-2597207	NB551033:76:HLGC3BGX5:4:23403:13455:19929:33#0/1	100.000	151	0	0	1191	1341	1	151	6.85e-73	279
NC_011593.1:c2598562-2597207	NB551033:76:HLGC3BGX5:4:21605:14292:16991:33#0/2	100.000	150	0	0	1168	1317	1	150	2.46e-72	278
NC_011593.1:c2598562-2597207	NB551033:76:HLGC3BGX5:1:23308:18118:3262:33#0/2	100.000	149	0	0	1208	1356	150	2	8.86e-72	276
NC_011593.1:c2598562-2597207	NB551033:76:HLGC3BGX5:1:23308:18118:3262:33#0/1	100.000	148	0	0	1107	1254	1	148	3.19e-71	274
NC_011593.1:c2598562-2597207	NB551033:76:HLGC3BGX5:1:11211:14090:6421:33#0/2	100.000	145	0	0	1058	1202	145	1	1.48e-69	268
NC_011593.1:c2598562-2597207	NB551033:76:HLGC3BGX5:3:13502:24643:18020:33#0/2	99.296	142	1	0	1215	1356	1	142	3.21e-66	257
NC_011593.1:c2598562-2597207	NB551033:76:HLGC3BGX5:2:23107:10137:14824:33#0/2	100.000	128	0	0	1218	1345	1	128	4.18e-60	237
NC_011593.1:c2598562-2597207	NB551033:76:HLGC3BGX5:2:23107:10137:14824:33#0/1	100.000	128	0	0	1218	1345	128	1	4.18e-60	237
NC_011593.1:c2598562-2597207	NB551033:76:HLGC3BGX5:2:11103:13964:4732:33#0/2	100.000	127	0	0	1230	1356	1	127	1.50e-59	235
NC_011593.1:c2598562-2597207	NB551033:76:HLGC3BGX5:4:23403:13455:19929:33#0/2	100.000	124	0	0	1233	1356	150	27	7.00e-58	230
NC_011593.1:c2598562-2597207	NB551033:76:HLGC3BGX5:4:22605:15108:13281:33#0/2	100.000	115	0	0	1242	1356	1	115	7.05e-53	213
NC_011593.1:c2598562-2597207	NB551033:76:HLGC3BGX5:4:22605:15108:13281:33#0/1	100.000	115	0	0	1242	1356	130	16	7.05e-53	213
NC_011593.1:c2598562-2597207	NB551033:76:HLGC3BGX5:4:21605:14292:16991:33#0/1	100.000	107	0	0	1250	1356	150	44	1.97e-48	198
NC_011593.1:c2598562-2597207	NB551033:76:HLGC3BGX5:2:22206:22878:1879:33#0/1	100.000	99	0	0	1258	1356	1	99	5.53e-44	183
NC_011593.1:c2598562-2597207	NB551033:76:HLGC3BGX5:3:23405:20197:9870:33#0/2	100.000	98	0	0	1259	1356	1	98	1.99e-43	182
NC_011593.1:c2598562-2597207	NB551033:76:HLGC3BGX5:3:23405:20197:9870:33#0/1	100.000	98	0	0	1259	1356	126	29	1.99e-43	182
NC_011593.1:c2598562-2597207	NB551033:76:HLGC3BGX5:4:12410:6472:19306:33#0/1	100.000	94	0	0	1058	1151	57	150	3.33e-41	174
NC_011593.1:c2598562-2597207	NB551033:76:HLGC3BGX5:4:21606:3029:10791:33#0/1	98.958	96	1	0	1261	1356	1	96	1.20e-40	172
NC_011593.1:c2598562-2597207	NB551033:76:HLGC3BGX5:3:23606:11324:18597:33#0/2	100.000	92	0	0	1058	1149	92	1	4.30e-40	171
NC_011593.1:c2598562-2597207	NB551033:76:HLGC3BGX5:4:13606:18248:10603:33#0/1	100.000	92	0	0	1265	1356	1	92	4.30e-40	171
NC_011593.1:c2598562-2597207	NB551033:76:HLGC3BGX5:3:13412:12544:5838:33#0/1	98.913	92	1	0	1265	1356	135	44	2.00e-38	165
NC_011593.1:c2598562-2597207	NB551033:76:HLGC3BGX5:1:13204:12569:11830:33#0/2	100.000	88	0	0	1136	1223	1	88	7.20e-38	163
NC_011593.1:c2598562-2597207	NB551033:76:HLGC3BGX5:1:13204:12569:11830:33#0/1	100.000	88	0	0	1136	1223	88	1	7.20e-38	163
NC_011593.1:c2598562-2597207	NB551033:76:HLGC3BGX5:4:21606:3029:10791:33#0/2	98.876	89	1	0	1268	1356	151	63	9.31e-37	159
NC_011593.1:c2598562-2597207	NB551033:76:HLGC3BGX5:1:13101:22268:16993:33#0/1	100.000	83	0	0	1274	1356	1	83	4.33e-35	154
NC_011593.1:c2598562-2597207	NB551033:76:HLGC3BGX5:3:11612:17745:13427:33#0/2	100.000	82	0	0	1275	1356	1	82	1.56e-34	152
NC_011593.1:c2598562-2597207	NB551033:76:HLGC3BGX5:3:11612:17745:13427:33#0/1	100.000	82	0	0	1275	1356	93	12	1.56e-34	152
NC_011593.1:c2598562-2597207	NB551033:76:HLGC3BGX5:1:13204:11721:19074:33#0/1	100.000	82	0	0	1275	1356	1	82	1.56e-34	152
NC_011593.1:c2598562-2597207	NB551033:76:HLGC3BGX5:3:11501:4030:6915:33#0/2	100.000	79	0	0	1278	1356	1	79	7.25e-33	147
NC_011593.1:c2598562-2597207	NB551033:76:HLGC3BGX5:3:13412:12544:5838:33#0/2	98.684	76	1	0	1058	1133	76	151	1.57e-29	135
NC_011593.1:c2598562-2597207	NB551033:76:HLGC3BGX5:3:12502:5727:7905:33#0/1	100.000	68	0	0	1058	1125	68	1	9.44e-27	126
NC_011593.1:c2598562-2597207	NB551033:76:HLGC3BGX5:3:21602:22291:8663:33#0/2	100.000	63	0	0	1096	1158	1	63	5.68e-24	117
NC_011593.1:c2598562-2597207	NB551033:76:HLGC3BGX5:3:21602:22291:8663:33#0/1	100.000	63	0	0	1096	1158	63	1	5.68e-24	117
NC_011593.1:c2598562-2597207	NB551033:76:HLGC3BGX5:3:22501:21319:3106:33#0/2	100.000	57	0	0	1058	1114	91	147	1.23e-20	106
NC_011593.1:c2598562-2597207	NB551033:76:HLGC3BGX5:3:22501:21319:3106:33#0/1	100.000	54	0	0	1061	1114	54	1	5.72e-19	100
NC_011593.1:c2598562-2597207	NB551033:76:HLGC3BGX5:3:13503:14249:18218:33#0/2	100.000	51	0	0	1306	1356	1	51	2.66e-17	95.3
NC_011593.1:c2598562-2597207	NB551033:76:HLGC3BGX5:3:13503:14249:18218:33#0/1	100.000	51	0	0	1306	1356	94	44	2.66e-17	95.3
NC_011593.1:c2598562-2597207	NB551033:76:HLGC3BGX5:3:13502:24643:18020:33#0/1	100.000	43	0	0	1314	1356	116	74	7.46e-13	80.5
NC_011593.1:c2598562-2597207	NB551033:76:HLGC3BGX5:2:13212:8002:6761:33#0/2	100.000	36	0	0	1321	1356	1	36	5.81e-09	67.6
NC_011593.1:c2598562-2597207	NB551033:76:HLGC3BGX5:2:13212:8002:6761:33#0/1	100.000	36	0	0	1321	1356	64	29	5.81e-09	67.6
NC_011593.1:c2598562-2597207	NB551033:76:HLGC3BGX5:4:13505:20634:3737:33#0/1	100.000	28	0	0	1329	1356	1	28	1.63e-04	52.8
# BLASTN 2.9.0+
# Query: NC_011593.1:2598858-2601929 Bifidobacterium longum subsp. infantis ATCC 15697, complete genome
# Database: db/blast_C0569_1F_1A_S33.faa
# Fields: query acc.ver, subject acc.ver, % identity, alignment length, mismatches, gap opens, q. start, q. end, s. start, s. end, evalue, bit score
# 210 hits found
NC_011593.1:2598858-2601929	NB551033:76:HLGC3BGX5:3:13601:17237:14941:33#0/2	100.000	151	0	0	1897	2047	151	1	1.55e-72	279
NC_011593.1:2598858-2601929	NB551033:76:HLGC3BGX5:2:13304:13919:10628:33#0/2	100.000	151	0	0	1589	1739	1	151	1.55e-72	279
NC_011593.1:2598858-2601929	NB551033:76:HLGC3BGX5:1:13101:2484:20247:33#0/2	100.000	151	0	0	1740	1890	151	1	1.55e-72	279
NC_011593.1:2598858-2601929	NB551033:76:HLGC3BGX5:2:13304:13919:10628:33#0/1	100.000	151	0	0	1668	1818	151	1	1.55e-72	279
NC_011593.1:2598858-2601929	NB551033:76:HLGC3BGX5:1:12306:13398:3501:33#0/1	100.000	150	0	0	1702	1851	150	1	5.59e-72	278
NC_011593.1:2598858-2601929	NB551033:76:HLGC3BGX5:1:12306:13398:3501:33#0/2	100.000	149	0	0	1638	1786	1	149	2.01e-71	276
NC_011593.1:2598858-2601929	NB551033:76:HLGC3BGX5:4:12505:23393:19383:33#0/2	99.338	151	1	0	1906	2056	1	151	7.23e-71	274
NC_011593.1:2598858-2601929	NB551033:76:HLGC3BGX5:2:21305:6181:6809:33#0/2	99.338	151	1	0	1013	1163	151	1	7.23e-71	274
NC_011593.1:2598858-2601929	NB551033:76:HLGC3BGX5:2:21101:11630:3836:33#0/2	99.338	151	1	0	12	162	1	151	7.23e-71	274
NC_011593.1:2598858-2601929	NB551033:76:HLGC3BGX5:4:13604:21237:2209:33#0/1	99.338	151	1	0	1190	1340	1	151	7.23e-71	274
NC_011593.1:2598858-2601929	NB551033:76:HLGC3BGX5:3:13601:11874:15065:33#0/1	99.338	151	1	0	1150	1300	151	1	7.23e-71	274
NC_011593.1:2598858-2601929	NB551033:76:HLGC3BGX5:3:13601:17237:14941:33#0/1	99.338	151	1	0	1830	1980	1	151	7.23e-71	274
NC_011593.1:2598858-2601929	NB551033:76:HLGC3BGX5:3:12608:24797:10260:33#0/1	99.338	151	1	0	1035	1185	151	1	7.23e-71	274
NC_011593.1:2598858-2601929	NB551033:76:HLGC3BGX5:2:21306:13502:10510:33#0/1	99.338	151	1	0	149	299	1	151	7.23e-71	274
NC_011593.1:2598858-2601929	NB551033:76:HLGC3BGX5:4:22609:9369:17730:33#0/2	99.333	150	1	0	1606	1755	150	1	2.60e-70	272
NC_011593.1:2598858-2601929	NB551033:76:HLGC3BGX5:4:22607:21352:10568:33#0/2	99.333	150	1	0	1381	1530	1	150	2.60e-70	272
NC_011593.1:2598858-2601929	NB551033:76:HLGC3BGX5:3:13506:25852:15099:33#0/2	99.333	150	1	0	1311	1460	1	150	2.60e-70	272
NC_011593.1:2598858-2601929	NB551033:76:HLGC3BGX5:2:21111:18560:2206:33#0/2	99.333	150	1	0	1172	1321	1	150	2.60e-70	272
NC_011593.1:2598858-2601929	NB551033:76:HLGC3BGX5:1:23312:20321:7050:33#0/2	99.333	150	1	0	1364	1513	150	1	2.60e-70	272
NC_011593.1:2598858-2601929	NB551033:76:HLGC3BGX5:3:23506:6580:9414:33#0/1	99.333	150	1	0	159	308	150	1	2.60e-70	272
NC_011593.1:2598858-2601929	NB551033:76:HLGC3BGX5:3:21604:6857:5436:33#0/1	99.333	150	1	0	2438	2587	150	1	2.60e-70	272
NC_011593.1:2598858-2601929	NB551033:76:HLGC3BGX5:3:13506:25852:15099:33#0/1	99.333	150	1	0	1384	1533	150	1	2.60e-70	272
NC_011593.1:2598858-2601929	NB551033:76:HLGC3BGX5:3:12507:18652:13514:33#0/1	99.333	150	1	0	2748	2897	1	150	2.60e-70	272
NC_011593.1:2598858-2601929	NB551033:76:HLGC3BGX5:2:21111:18560:2206:33#0/1	99.333	150	1	0	1306	1455	150	1	2.60e-70	272
NC_011593.1:2598858-2601929	NB551033:76:HLGC3BGX5:2:11301:16043:16054:33#0/1	99.333	150	1	0	1668	1817	1	150	2.60e-70	272
NC_011593.1:2598858-2601929	NB551033:76:HLGC3BGX5:1:23209:16511:12674:33#0/1	99.333	150	1	0	1381	1530	1	150	2.60e-70	272
NC_011593.1:2598858-2601929	NB551033:76:HLGC3BGX5:1:22105:24197:9269:33#0/1	99.333	150	1	0	999	1148	1	150	2.60e-70	272
NC_011593.1:2598858-2601929	NB551033:76:HLGC3BGX5:1:13101:2484:20247:33#0/1	99.333	150	1	0	1566	1715	1	150	2.60e-70	272
NC_011593.1:2598858-2601929	NB551033:76:HLGC3BGX5:4:23607:9740:11190:33#0/2	99.329	149	1	0	1537	1685	149	1	9.35e-70	270
NC_011593.1:2598858-2601929	NB551033:76:HLGC3BGX5:2:21202:11920:17491:33#0/2	99.329	149	1	0	1099	1247	149	1	9.35e-70	270
NC_011593.1:2598858-2601929	NB551033:76:HLGC3BGX5:4:12403:8623:10104:33#0/1	99.329	149	1	0	301	449	149	1	9.35e-70	270
NC_011593.1:2598858-2601929	NB551033:76:HLGC3BGX5:3:23601:18051:18329:33#0/1	99.329	149	1	0	171	319	149	1	9.35e-70	270
NC_011593.1:2598858-2601929	NB551033:76:HLGC3BGX5:1:23312:20321:7050:33#0/1	99.329	149	1	0	1306	1454	2	150	9.35e-70	270
NC_011593.1:2598858-2601929	NB551033:76:HLGC3BGX5:4:12611:5755:14024:33#0/2	98.675	151	2	0	1527	1677	151	1	3.36e-69	268
NC_011593.1:2598858-2601929	NB551033:76:HLGC3BGX5:3:23506:6580:9414:33#0/2	98.675	151	2	0	109	259	1	151	3.36e-69	268
NC_011593.1:2598858-2601929	NB551033:76:HLGC3BGX5:3:13601:11874:15065:33#0/2	98.675	151	2	0	921	1071	1	151	3.36e-69	268
NC_011593.1:2598858-2601929	NB551033:76:HLGC3BGX5:3:11412:13676:3627:33#0/2	98.675	151	2	0	1239	1389	151	1	3.36e-69	268
NC_011593.1:2598858-2601929	NB551033:76:HLGC3BGX5:2:13306:4629:4552:33#0/2	98.675	151	2	0	1239	1389	151	1	3.36e-69	268
NC_011593.1:2598858-2601929	NB551033:76:HLGC3BGX5:2:11308:9926:20171:33#0/2	98.675	151	2	0	1350	1500	151	1	3.36e-69	268
NC_011593.1:2598858-2601929	NB551033:76:HLGC3BGX5:3:23603:5162:15181:33#0/1	98.675	151	2	0	2820	2970	151	1	3.36e-69	268
NC_011593.1:2598858-2601929	NB551033:76:HLGC3BGX5:2:13301:4335:1555:33#0/1	99.324	148	1	0	112	259	148	1	3.36e-69	268
NC_011593.1:2598858-2601929	NB551033:76:HLGC3BGX5:4:13604:21237:2209:33#0/2	98.667	150	2	0	1296	1445	150	1	1.21e-68	267
NC_011593.1:2598858-2601929	NB551033:76:HLGC3BGX5:3:22507:8588:6436:33#0/2	98.667	150	2	0	2813	2962	150	1	1.21e-68	267
NC_011593.1:2598858-2601929	NB551033:76:HLGC3BGX5:3:21409:3655:12260:33#0/2	98.667	150	2	0	699	848	1	150	1.21e-68	267
NC_011593.1:2598858-2601929	NB551033:76:HLGC3BGX5:3:12507:18652:13514:33#0/2	98.667	150	2	0	2767	2916	150	1	1.21e-68	267
NC_011593.1:2598858-2601929	NB551033:76:HLGC3BGX5:1:23209:16511:12674:33#0/2	98.667	150	2	0	1480	1629	150	1	1.21e-68	267
NC_011593.1:2598858-2601929	NB551033:76:HLGC3BGX5:1:21311:18045:15280:33#0/2	98.667	150	2	0	2499	2648	150	1	1.21e-68	267
NC_011593.1:2598858-2601929	NB551033:76:HLGC3BGX5:4:23403:20537:19351:33#0/1	98.667	150	2	0	2798	2947	150	1	1.21e-68	267
NC_011593.1:2598858-2601929	NB551033:76:HLGC3BGX5:4:22609:9369:17730:33#0/1	98.667	150	2	0	1569	1718	1	150	1.21e-68	267
NC_011593.1:2598858-2601929	NB551033:76:HLGC3BGX5:4:21603:6803:18927:33#0/1	98.667	150	2	0	682	831	1	150	1.21e-68	267
NC_011593.1:2598858-2601929	NB551033:76:HLGC3BGX5:2:21202:11920:17491:33#0/1	98.667	150	2	0	944	1093	1	150	1.21e-68	267
NC_011593.1:2598858-2601929	NB551033:76:HLGC3BGX5:2:21101:11630:3836:33#0/1	98.667	150	2	0	62	211	150	1	1.21e-68	267
NC_011593.1:2598858-2601929	NB551033:76:HLGC3BGX5:4:12506:22269:12245:33#0/1	98.658	149	2	0	2770	2918	149	1	4.35e-68	265
NC_011593.1:2598858-2601929	NB551033:76:HLGC3BGX5:1:11303:25329:11691:33#0/1	98.658	149	2	0	2215	2363	1	149	4.35e-68	265
NC_011593.1:2598858-2601929	NB551033:76:HLGC3BGX5:3:23601:18051:18329:33#0/2	98.013	151	3	0	76	226	1	151	1.57e-67	263
NC_011593.1:2598858-2601929	NB551033:76:HLGC3BGX5:2:13311:22824:16865:33#0/2	98.013	151	3	0	1435	1585	1	151	1.57e-67	263
NC_011593.1:2598858-2601929	NB551033:76:HLGC3BGX5:1:11103:24171:14617:33#0/2	98.013	151	3	0	2302	2452	1	151	1.57e-67	263
NC_011593.1:2598858-2601929	NB551033:76:HLGC3BGX5:4:23607:9740:11190:33#0/1	98.013	151	3	0	1435	1585	1	151	1.57e-67	263
NC_011593.1:2598858-2601929	NB551033:76:HLGC3BGX5:4:13612:6367:15762:33#0/1	98.013	151	3	0	1350	1500	151	1	1.57e-67	263
NC_011593.1:2598858-2601929	NB551033:76:HLGC3BGX5:4:12611:5755:14024:33#0/1	98.013	151	3	0	1435	1585	1	151	1.57e-67	263
NC_011593.1:2598858-2601929	NB551033:76:HLGC3BGX5:2:13311:22824:16865:33#0/1	98.013	151	3	0	1454	1604	151	1	1.57e-67	263
NC_011593.1:2598858-2601929	NB551033:76:HLGC3BGX5:2:11308:9926:20171:33#0/1	98.013	151	3	0	1273	1423	1	151	1.57e-67	263
NC_011593.1:2598858-2601929	NB551033:76:HLGC3BGX5:1:13307:10787:2939:33#0/2	98.000	150	3	0	2894	3043	1	150	5.63e-67	261
NC_011593.1:2598858-2601929	NB551033:76:HLGC3BGX5:4:22607:21352:10568:33#0/1	98.000	150	3	0	1417	1566	150	1	5.63e-67	261
NC_011593.1:2598858-2601929	NB551033:76:HLGC3BGX5:2:22212:4234:14620:33#0/1	98.639	147	2	0	654	800	147	1	5.63e-67	261
NC_011593.1:2598858-2601929	NB551033:76:HLGC3BGX5:1:11103:24171:14617:33#0/1	98.000	150	3	0	2372	2521	150	1	5.63e-67	261
NC_011593.1:2598858-2601929	NB551033:76:HLGC3BGX5:2:11301:16043:16054:33#0/2	98.630	146	2	0	2010	2155	146	1	2.02e-66	259
NC_011593.1:2598858-2601929	NB551033:76:HLGC3BGX5:3:23412:26027:6600:33#0/1	98.630	146	2	0	2874	3019	146	1	2.02e-66	259
NC_011593.1:2598858-2601929	NB551033:76:HLGC3BGX5:1:21311:18045:15280:33#0/1	99.301	143	1	0	2424	2566	1	143	2.02e-66	259
NC_011593.1:2598858-2601929	NB551033:76:HLGC3BGX5:1:21203:6042:14383:33#0/1	99.301	143	1	0	2189	2331	143	1	2.02e-66	259
NC_011593.1:2598858-2601929	NB551033:76:HLGC3BGX5:4:21603:6803:18927:33#0/2	97.351	151	4	0	779	929	151	1	7.28e-66	257
NC_011593.1:2598858-2601929	NB551033:76:HLGC3BGX5:3:21603:7941:19895:33#0/2	97.351	151	4	0	2632	2782	1	151	7.28e-66	257
NC_011593.1:2598858-2601929	NB551033:76:HLGC3BGX5:1:23310:21584:12632:33#0/2	97.973	148	3	0	2686	2833	1	148	7.28e-66	257
NC_011593.1:2598858-2601929	NB551033:76:HLGC3BGX5:1:21203:6042:14383:33#0/2	97.351	151	4	0	1985	2135	1	151	7.28e-66	257
NC_011593.1:2598858-2601929	NB551033:76:HLGC3BGX5:1:11303:25329:11691:33#0/2	97.351	151	4	0	2349	2499	151	1	7.28e-66	257
NC_011593.1:2598858-2601929	NB551033:76:HLGC3BGX5:4:13505:10411:8378:33#0/1	97.351	151	4	0	2605	2755	151	1	7.28e-66	257
NC_011593.1:2598858-2601929	NB551033:76:HLGC3BGX5:3:21603:7941:19895:33#0/1	97.351	151	4	0	2636	2786	151	1	7.28e-66	257
NC_011593.1:2598858-2601929	NB551033:76:HLGC3BGX5:2:21305:6181:6809:33#0/1	97.351	151	4	0	880	1030	1	151	7.28e-66	257
NC_011593.1:2598858-2601929	NB551033:76:HLGC3BGX5:2:13203:15920:12782:33#0/1	97.351	151	4	0	888	1038	151	1	7.28e-66	257
NC_011593.1:2598858-2601929	NB551033:76:HLGC3BGX5:1:23310:21584:12632:33#0/1	97.973	148	3	0	2686	2833	148	1	7.28e-66	257
NC_011593.1:2598858-2601929	NB551033:76:HLGC3BGX5:2:12309:10815:15051:33#0/2	97.333	150	4	0	2147	2296	1	150	2.62e-65	255
NC_011593.1:2598858-2601929	NB551033:76:HLGC3BGX5:1:22105:24197:9269:33#0/2	98.611	144	2	0	1413	1556	144	1	2.62e-65	255
NC_011593.1:2598858-2601929	NB551033:76:HLGC3BGX5:2:13306:4629:4552:33#0/1	97.333	150	4	0	1151	1300	1	150	2.62e-65	255
NC_011593.1:2598858-2601929	NB551033:76:HLGC3BGX5:1:12112:25321:4008:33#0/1	97.333	150	4	0	776	925	150	1	2.62e-65	255
NC_011593.1:2598858-2601929	NB551033:76:HLGC3BGX5:4:13408:23211:18083:33#0/1	97.315	149	4	0	2133	2281	149	1	9.42e-65	254
NC_011593.1:2598858-2601929	NB551033:76:HLGC3BGX5:4:13506:15935:10551:33#0/1	97.315	149	3	1	722	870	1	148	3.39e-64	252
NC_011593.1:2598858-2601929	NB551033:76:HLGC3BGX5:3:22507:8588:6436:33#0/1	97.931	145	3	0	2703	2847	1	145	3.39e-64	252
NC_011593.1:2598858-2601929	NB551033:76:HLGC3BGX5:2:22112:10760:11497:33#0/1	96.689	151	5	0	542	692	151	1	3.39e-64	252
NC_011593.1:2598858-2601929	NB551033:76:HLGC3BGX5:1:21107:10535:17550:33#0/1	97.931	145	3	0	2348	2492	1	145	3.39e-64	252
NC_011593.1:2598858-2601929	NB551033:76:HLGC3BGX5:4:13612:6367:15762:33#0/2	98.582	141	2	0	1113	1253	1	141	1.22e-63	250
NC_011593.1:2598858-2601929	NB551033:76:HLGC3BGX5:4:13505:10411:8378:33#0/2	96.667	150	5	0	2560	2709	1	150	1.22e-63	250
NC_011593.1:2598858-2601929	NB551033:76:HLGC3BGX5:4:13408:23211:18083:33#0/2	96.667	150	5	0	2083	2232	1	150	1.22e-63	250
NC_011593.1:2598858-2601929	NB551033:76:HLGC3BGX5:4:12602:16218:3660:33#0/2	100.000	135	0	0	976	1110	1	135	1.22e-63	250
NC_011593.1:2598858-2601929	NB551033:76:HLGC3BGX5:3:23609:17258:16867:33#0/2	100.000	135	0	0	976	1110	1	135	1.22e-63	250
NC_011593.1:2598858-2601929	NB551033:76:HLGC3BGX5:3:21503:12332:9251:33#0/2	98.582	141	2	0	2734	2874	1	141	1.22e-63	250
NC_011593.1:2598858-2601929	NB551033:76:HLGC3BGX5:2:22112:10760:11497:33#0/2	96.667	150	5	0	461	610	1	150	1.22e-63	250
NC_011593.1:2598858-2601929	NB551033:76:HLGC3BGX5:2:13203:15920:12782:33#0/2	96.667	150	5	0	545	694	1	150	1.22e-63	250
NC_011593.1:2598858-2601929	NB551033:76:HLGC3BGX5:1:22109:23144:14596:33#0/2	96.667	150	5	0	1107	1256	1	150	1.22e-63	250
NC_011593.1:2598858-2601929	NB551033:76:HLGC3BGX5:4:12602:16218:3660:33#0/1	100.000	135	0	0	976	1110	135	1	1.22e-63	250
NC_011593.1:2598858-2601929	NB551033:76:HLGC3BGX5:3:23609:17258:16867:33#0/1	100.000	135	0	0	976	1110	135	1	1.22e-63	250
NC_011593.1:2598858-2601929	NB551033:76:HLGC3BGX5:3:21409:3655:12260:33#0/1	96.667	150	5	0	816	965	150	1	1.22e-63	250
NC_011593.1:2598858-2601929	NB551033:76:HLGC3BGX5:4:12505:23393:19383:33#0/1	96.644	149	5	0	2344	2492	149	1	4.38e-63	248
NC_011593.1:2598858-2601929	NB551033:76:HLGC3BGX5:2:12309:10815:15051:33#0/1	97.902	143	3	0	2161	2303	143	1	4.38e-63	248
NC_011593.1:2598858-2601929	NB551033:76:HLGC3BGX5:1:21107:10535:17550:33#0/2	97.241	145	4	0	2348	2492	145	1	1.58e-62	246
NC_011593.1:2598858-2601929	NB551033:76:HLGC3BGX5:3:21503:12332:9251:33#0/1	98.561	139	2	0	2736	2874	139	1	1.58e-62	246
NC_011593.1:2598858-2601929	NB551033:76:HLGC3BGX5:3:13502:24013:9130:33#0/1	99.265	136	1	0	699	834	136	1	1.58e-62	246
NC_011593.1:2598858-2601929	NB551033:76:HLGC3BGX5:3:11412:13676:3627:33#0/1	99.265	136	1	0	1014	1149	1	136	1.58e-62	246
NC_011593.1:2598858-2601929	NB551033:76:HLGC3BGX5:4:12506:22269:12245:33#0/2	97.222	144	4	0	2595	2738	1	144	5.67e-62	244
NC_011593.1:2598858-2601929	NB551033:76:HLGC3BGX5:3:21604:6857:5436:33#0/2	99.259	135	1	0	2211	2345	1	135	5.67e-62	244
NC_011593.1:2598858-2601929	NB551033:76:HLGC3BGX5:1:22109:23144:14596:33#0/1	98.551	138	2	0	1363	1500	138	1	5.67e-62	244
NC_011593.1:2598858-2601929	NB551033:76:HLGC3BGX5:1:12205:23282:8287:33#0/1	99.254	134	1	0	1	134	134	1	2.04e-61	243
NC_011593.1:2598858-2601929	NB551033:76:HLGC3BGX5:4:12403:8623:10104:33#0/2	99.248	133	1	0	1	133	18	150	7.33e-61	241
NC_011593.1:2598858-2601929	NB551033:76:HLGC3BGX5:2:12201:11598:13323:33#0/2	96.528	144	5	0	434	577	1	144	2.64e-60	239
NC_011593.1:2598858-2601929	NB551033:76:HLGC3BGX5:2:12201:11598:13323:33#0/1	96.528	144	5	0	434	577	144	1	2.64e-60	239
NC_011593.1:2598858-2601929	NB551033:76:HLGC3BGX5:4:13405:11310:16554:33#0/2	98.507	134	2	0	1281	1414	1	134	9.49e-60	237
NC_011593.1:2598858-2601929	NB551033:76:HLGC3BGX5:4:13405:11310:16554:33#0/1	98.507	134	2	0	1281	1414	134	1	9.49e-60	237
NC_011593.1:2598858-2601929	NB551033:76:HLGC3BGX5:2:21306:13502:10510:33#0/2	96.479	142	5	0	438	579	151	10	3.41e-59	235
NC_011593.1:2598858-2601929	NB551033:76:HLGC3BGX5:1:12201:24344:13254:33#0/1	97.794	136	3	0	2937	3072	1	136	3.41e-59	235
NC_011593.1:2598858-2601929	NB551033:76:HLGC3BGX5:4:13506:15935:10551:33#0/2	99.225	129	1	0	922	1050	129	1	1.23e-58	233
NC_011593.1:2598858-2601929	NB551033:76:HLGC3BGX5:3:23412:26027:6600:33#0/2	96.454	141	5	0	2635	2775	1	141	1.23e-58	233
NC_011593.1:2598858-2601929	NB551033:76:HLGC3BGX5:3:11512:22618:12520:33#0/2	97.674	129	3	0	2944	3072	1	129	2.66e-55	222
NC_011593.1:2598858-2601929	NB551033:76:HLGC3BGX5:3:11406:16335:10223:33#0/2	100.000	118	0	0	1931	2048	1	118	3.44e-54	219
NC_011593.1:2598858-2601929	NB551033:76:HLGC3BGX5:2:12211:10772:16380:33#0/2	98.387	124	2	0	2529	2652	1	124	3.44e-54	219
NC_011593.1:2598858-2601929	NB551033:76:HLGC3BGX5:3:11406:16335:10223:33#0/1	100.000	118	0	0	1931	2048	118	1	3.44e-54	219
NC_011593.1:2598858-2601929	NB551033:76:HLGC3BGX5:2:12211:10772:16380:33#0/1	98.387	124	2	0	2529	2652	124	1	3.44e-54	219
NC_011593.1:2598858-2601929	NB551033:76:HLGC3BGX5:2:13301:4335:1555:33#0/2	98.361	122	2	0	60	181	1	122	4.44e-53	215
NC_011593.1:2598858-2601929	NB551033:76:HLGC3BGX5:3:12608:24797:10260:33#0/2	99.153	118	1	0	916	1033	1	118	1.60e-52	213
NC_011593.1:2598858-2601929	NB551033:76:HLGC3BGX5:1:23309:12760:18329:33#0/1	100.000	115	0	0	1607	1721	1	115	1.60e-52	213
NC_011593.1:2598858-2601929	NB551033:76:HLGC3BGX5:3:12408:8022:14403:33#0/2	99.145	117	1	0	1341	1457	1	117	5.75e-52	211
NC_011593.1:2598858-2601929	NB551033:76:HLGC3BGX5:1:13209:3283:7922:33#0/2	99.145	117	1	0	1341	1457	1	117	5.75e-52	211
NC_011593.1:2598858-2601929	NB551033:76:HLGC3BGX5:3:12408:8022:14403:33#0/1	99.145	117	1	0	1341	1457	117	1	5.75e-52	211
NC_011593.1:2598858-2601929	NB551033:76:HLGC3BGX5:1:13209:3283:7922:33#0/1	99.145	117	1	0	1341	1457	117	1	5.75e-52	211
NC_011593.1:2598858-2601929	NB551033:76:HLGC3BGX5:3:13502:24013:9130:33#0/2	98.230	113	2	0	595	707	1	113	4.48e-48	198
NC_011593.1:2598858-2601929	NB551033:76:HLGC3BGX5:1:11108:3140:17951:33#0/2	98.230	113	2	0	2806	2918	113	1	4.48e-48	198
NC_011593.1:2598858-2601929	NB551033:76:HLGC3BGX5:3:23510:5143:9429:33#0/2	96.581	117	4	0	1649	1765	1	117	5.79e-47	195
NC_011593.1:2598858-2601929	NB551033:76:HLGC3BGX5:3:23603:5162:15181:33#0/2	100.000	104	0	0	2439	2542	1	104	2.08e-46	193
NC_011593.1:2598858-2601929	NB551033:76:HLGC3BGX5:2:12305:13819:1732:33#0/1	100.000	103	0	0	1619	1721	103	1	7.49e-46	191
NC_011593.1:2598858-2601929	NB551033:76:HLGC3BGX5:4:23403:20537:19351:33#0/2	100.000	102	0	0	2458	2559	1	102	2.69e-45	189
NC_011593.1:2598858-2601929	NB551033:76:HLGC3BGX5:2:12305:13819:1732:33#0/2	100.000	102	0	0	1619	1720	1	102	2.69e-45	189
NC_011593.1:2598858-2601929	NB551033:76:HLGC3BGX5:1:12303:1556:14668:33#0/2	99.029	103	1	0	1398	1500	1	103	3.49e-44	185
NC_011593.1:2598858-2601929	NB551033:76:HLGC3BGX5:4:22409:13971:12137:33#0/1	98.095	105	2	0	2892	2996	105	1	1.25e-43	183
NC_011593.1:2598858-2601929	NB551033:76:HLGC3BGX5:3:23510:5143:9429:33#0/1	100.000	99	0	0	1950	2048	99	1	1.25e-43	183
NC_011593.1:2598858-2601929	NB551033:76:HLGC3BGX5:1:12303:1556:14668:33#0/1	99.020	102	1	0	1399	1500	102	1	1.25e-43	183
NC_011593.1:2598858-2601929	NB551033:76:HLGC3BGX5:3:11404:20637:15818:33#0/1	98.077	104	2	0	1493	1596	2	105	4.51e-43	182
NC_011593.1:2598858-2601929	NB551033:76:HLGC3BGX5:4:21610:15298:11298:33#0/1	100.000	97	0	0	1192	1288	97	1	1.62e-42	180
NC_011593.1:2598858-2601929	NB551033:76:HLGC3BGX5:3:12603:21162:2727:33#0/1	97.170	106	3	0	2967	3072	1	106	1.62e-42	180
NC_011593.1:2598858-2601929	NB551033:76:HLGC3BGX5:2:11311:3271:11226:33#0/2	98.990	99	1	0	1347	1445	99	1	5.83e-42	178
NC_011593.1:2598858-2601929	NB551033:76:HLGC3BGX5:2:11311:3271:11226:33#0/1	98.990	99	1	0	1347	1445	1	99	5.83e-42	178
NC_011593.1:2598858-2601929	NB551033:76:HLGC3BGX5:1:23309:12760:18329:33#0/2	100.000	92	0	0	1630	1721	92	1	9.76e-40	171
NC_011593.1:2598858-2601929	NB551033:76:HLGC3BGX5:3:13404:18841:18679:33#0/2	98.936	94	1	0	799	892	102	9	3.51e-39	169
NC_011593.1:2598858-2601929	NB551033:76:HLGC3BGX5:2:22301:17840:9662:33#0/2	98.936	94	1	0	799	892	102	9	3.51e-39	169
NC_011593.1:2598858-2601929	NB551033:76:HLGC3BGX5:4:12609:26395:6299:33#0/1	97.000	100	3	0	2973	3072	150	51	3.51e-39	169
NC_011593.1:2598858-2601929	NB551033:76:HLGC3BGX5:3:13404:18841:18679:33#0/1	98.936	94	1	0	799	892	1	94	3.51e-39	169
NC_011593.1:2598858-2601929	NB551033:76:HLGC3BGX5:2:22301:17840:9662:33#0/1	98.936	94	1	0	799	892	1	94	3.51e-39	169
NC_011593.1:2598858-2601929	NB551033:76:HLGC3BGX5:4:12503:22125:7371:33#0/2	98.925	93	1	0	2593	2685	1	93	1.26e-38	167
NC_011593.1:2598858-2601929	NB551033:76:HLGC3BGX5:1:13112:19713:7313:33#0/2	98.925	93	1	0	2593	2685	1	93	1.26e-38	167
NC_011593.1:2598858-2601929	NB551033:76:HLGC3BGX5:1:13112:19713:7313:33#0/1	98.925	93	1	0	2593	2685	93	1	1.26e-38	167
NC_011593.1:2598858-2601929	NB551033:76:HLGC3BGX5:4:21610:15298:11298:33#0/2	100.000	89	0	0	1166	1254	1	89	4.54e-38	165
NC_011593.1:2598858-2601929	NB551033:76:HLGC3BGX5:1:11301:24930:2392:33#0/2	98.913	92	1	0	1107	1198	1	92	4.54e-38	165
NC_011593.1:2598858-2601929	NB551033:76:HLGC3BGX5:1:11301:24930:2392:33#0/1	98.913	92	1	0	1107	1198	92	1	4.54e-38	165
NC_011593.1:2598858-2601929	NB551033:76:HLGC3BGX5:1:11108:3140:17951:33#0/1	96.000	100	4	0	2341	2440	1	100	1.63e-37	163
NC_011593.1:2598858-2601929	NB551033:76:HLGC3BGX5:4:12503:22125:7371:33#0/1	97.849	93	2	0	2593	2685	93	1	5.87e-37	161
NC_011593.1:2598858-2601929	NB551033:76:HLGC3BGX5:3:11503:14211:13600:33#0/1	100.000	87	0	0	1	87	87	1	5.87e-37	161
NC_011593.1:2598858-2601929	NB551033:76:HLGC3BGX5:4:22511:8918:4017:33#0/2	98.876	89	1	0	2586	2674	1	89	2.11e-36	159
NC_011593.1:2598858-2601929	NB551033:76:HLGC3BGX5:4:22511:8918:4017:33#0/1	98.876	89	1	0	2586	2674	89	1	2.11e-36	159
NC_011593.1:2598858-2601929	NB551033:76:HLGC3BGX5:1:12212:3710:6856:33#0/2	100.000	84	0	0	1	84	84	1	2.73e-35	156
NC_011593.1:2598858-2601929	NB551033:76:HLGC3BGX5:1:12212:3710:6856:33#0/1	100.000	84	0	0	1	84	46	129	2.73e-35	156
NC_011593.1:2598858-2601929	NB551033:76:HLGC3BGX5:1:21105:4302:12549:33#0/2	98.824	85	1	0	585	669	85	1	3.53e-34	152
NC_011593.1:2598858-2601929	NB551033:76:HLGC3BGX5:1:21105:4302:12549:33#0/1	98.824	85	1	0	585	669	1	85	3.53e-34	152
NC_011593.1:2598858-2601929	NB551033:76:HLGC3BGX5:2:12103:12174:19302:33#0/2	98.810	84	1	0	1266	1349	1	84	1.27e-33	150
NC_011593.1:2598858-2601929	NB551033:76:HLGC3BGX5:2:12103:12174:19302:33#0/1	98.810	84	1	0	1266	1349	84	1	1.27e-33	150
NC_011593.1:2598858-2601929	NB551033:76:HLGC3BGX5:1:23209:7694:3937:33#0/2	100.000	79	0	0	1037	1115	1	79	1.64e-32	147
NC_011593.1:2598858-2601929	NB551033:76:HLGC3BGX5:1:23209:7694:3937:33#0/1	100.000	79	0	0	1037	1115	79	1	1.64e-32	147
NC_011593.1:2598858-2601929	NB551033:76:HLGC3BGX5:3:21412:10796:1118:33#0/2	97.619	84	2	0	1464	1547	1	84	5.91e-32	145
NC_011593.1:2598858-2601929	NB551033:76:HLGC3BGX5:3:21412:10796:1118:33#0/1	97.619	84	2	0	1464	1547	84	1	5.91e-32	145
NC_011593.1:2598858-2601929	NB551033:76:HLGC3BGX5:1:12212:4731:19432:33#0/2	97.590	83	2	0	1492	1574	1	83	2.13e-31	143
NC_011593.1:2598858-2601929	NB551033:76:HLGC3BGX5:1:12112:25321:4008:33#0/2	97.590	83	2	0	740	822	1	83	2.13e-31	143
NC_011593.1:2598858-2601929	NB551033:76:HLGC3BGX5:1:12212:4731:19432:33#0/1	97.590	83	2	0	1492	1574	83	1	2.13e-31	143
NC_011593.1:2598858-2601929	NB551033:76:HLGC3BGX5:4:23405:6884:8613:33#0/2	98.734	79	1	0	2263	2341	79	1	7.65e-31	141
NC_011593.1:2598858-2601929	NB551033:76:HLGC3BGX5:4:22409:13971:12137:33#0/2	98.734	79	1	0	2487	2565	1	79	7.65e-31	141
NC_011593.1:2598858-2601929	NB551033:76:HLGC3BGX5:1:11305:24286:20151:33#0/2	98.734	79	1	0	296	374	79	1	7.65e-31	141
NC_011593.1:2598858-2601929	NB551033:76:HLGC3BGX5:4:23405:6884:8613:33#0/1	98.734	79	1	0	2263	2341	1	79	7.65e-31	141
NC_011593.1:2598858-2601929	NB551033:76:HLGC3BGX5:1:11305:24286:20151:33#0/1	98.734	79	1	0	296	374	1	79	7.65e-31	141
NC_011593.1:2598858-2601929	NB551033:76:HLGC3BGX5:2:13107:21839:8661:33#0/2	98.701	77	1	0	1281	1357	77	1	9.90e-30	137
NC_011593.1:2598858-2601929	NB551033:76:HLGC3BGX5:2:13107:21839:8661:33#0/1	98.701	77	1	0	1281	1357	1	77	9.90e-30	137
NC_011593.1:2598858-2601929	NB551033:76:HLGC3BGX5:4:23603:14521:15909:33#0/2	100.000	73	0	0	2605	2677	1	73	3.56e-29	135
NC_011593.1:2598858-2601929	NB551033:76:HLGC3BGX5:3:11404:20637:15818:33#0/2	100.000	73	0	0	2042	2114	73	1	3.56e-29	135
NC_011593.1:2598858-2601929	NB551033:76:HLGC3BGX5:4:23603:14521:15909:33#0/1	98.684	76	1	0	2605	2680	76	1	3.56e-29	135
NC_011593.1:2598858-2601929	NB551033:76:HLGC3BGX5:1:12205:23282:8287:33#0/2	100.000	69	0	0	1	69	82	150	5.96e-27	128
NC_011593.1:2598858-2601929	NB551033:76:HLGC3BGX5:2:13305:7650:2424:33#0/2	97.297	74	2	0	2999	3072	1	74	2.14e-26	126
NC_011593.1:2598858-2601929	NB551033:76:HLGC3BGX5:2:21110:9319:6887:33#0/2	100.000	67	0	0	919	985	1	67	7.71e-26	124
NC_011593.1:2598858-2601929	NB551033:76:HLGC3BGX5:2:21110:9319:6887:33#0/1	100.000	67	0	0	919	985	67	1	7.71e-26	124
NC_011593.1:2598858-2601929	NB551033:76:HLGC3BGX5:4:11503:25005:17275:33#0/1	98.551	69	1	0	1845	1913	69	1	2.77e-25	122
NC_011593.1:2598858-2601929	NB551033:76:HLGC3BGX5:1:22204:3540:19214:33#0/2	95.946	74	3	0	2713	2786	74	1	9.97e-25	121
NC_011593.1:2598858-2601929	NB551033:76:HLGC3BGX5:1:22204:3540:19214:33#0/1	95.946	74	3	0	2713	2786	1	74	9.97e-25	121
NC_011593.1:2598858-2601929	NB551033:76:HLGC3BGX5:4:11503:25005:17275:33#0/2	100.000	62	0	0	1628	1689	1	62	4.64e-23	115
NC_011593.1:2598858-2601929	NB551033:76:HLGC3BGX5:3:21510:11527:19204:33#0/2	98.438	64	1	0	1863	1926	1	64	1.67e-22	113
NC_011593.1:2598858-2601929	NB551033:76:HLGC3BGX5:3:21510:11527:19204:33#0/1	98.438	64	1	0	1863	1926	64	1	1.67e-22	113
NC_011593.1:2598858-2601929	NB551033:76:HLGC3BGX5:4:23609:1713:8000:33#0/2	98.387	62	1	0	2633	2694	62	1	2.16e-21	110
NC_011593.1:2598858-2601929	NB551033:76:HLGC3BGX5:4:23609:1713:8000:33#0/1	98.387	62	1	0	2633	2694	1	62	2.16e-21	110
NC_011593.1:2598858-2601929	NB551033:76:HLGC3BGX5:4:12608:26570:4530:33#0/2	98.182	55	1	0	753	807	1	55	1.68e-17	97.1
NC_011593.1:2598858-2601929	NB551033:76:HLGC3BGX5:4:12608:26570:4530:33#0/1	98.182	55	1	0	753	807	55	1	1.68e-17	97.1
NC_011593.1:2598858-2601929	NB551033:76:HLGC3BGX5:4:23609:23912:9373:33#0/2	97.917	48	1	0	1435	1482	48	1	1.31e-13	84.2
NC_011593.1:2598858-2601929	NB551033:76:HLGC3BGX5:4:23609:23912:9373:33#0/1	97.917	48	1	0	1435	1482	1	48	1.31e-13	84.2
NC_011593.1:2598858-2601929	NB551033:76:HLGC3BGX5:2:23303:10631:18442:33#0/2	95.918	49	2	0	1190	1238	57	9	1.69e-12	80.5
NC_011593.1:2598858-2601929	NB551033:76:HLGC3BGX5:1:22312:21741:16300:33#0/2	95.918	49	2	0	1190	1238	57	9	1.69e-12	80.5
NC_011593.1:2598858-2601929	NB551033:76:HLGC3BGX5:2:23303:10631:18442:33#0/1	95.918	49	2	0	1190	1238	1	49	1.69e-12	80.5
NC_011593.1:2598858-2601929	NB551033:76:HLGC3BGX5:1:22312:21741:16300:33#0/1	95.918	49	2	0	1190	1238	1	49	1.69e-12	80.5
NC_011593.1:2598858-2601929	NB551033:76:HLGC3BGX5:2:22209:14655:10850:33#0/1	100.000	39	0	0	1	39	39	1	2.83e-10	73.1
NC_011593.1:2598858-2601929	NB551033:76:HLGC3BGX5:1:11312:18267:13454:33#0/1	100.000	39	0	0	1	39	39	1	2.83e-10	73.1
# BLASTN 2.9.0+
# Query: NC_011593.1:c2604454-2602106 Bifidobacterium longum subsp. infantis ATCC 15697, complete genome
# Database: db/blast_C0569_1F_1A_S33.faa
# 0 hits found
# BLASTN 2.9.0+
# Query: NC_011593.1:c2605922-2604486 Bifidobacterium longum subsp. infantis ATCC 15697, complete genome
# Database: db/blast_C0569_1F_1A_S33.faa
# 0 hits found
# BLASTN 2.9.0+
# Query: NC_011593.1:c2606381-2605944 Bifidobacterium longum subsp. infantis ATCC 15697, complete genome
# Database: db/blast_C0569_1F_1A_S33.faa
# 0 hits found
# BLASTN 2.9.0+
# Query: NC_011593.1:c2607314-2606418 Bifidobacterium longum subsp. infantis ATCC 15697, complete genome
# Database: db/blast_C0569_1F_1A_S33.faa
# 0 hits found
# BLASTN 2.9.0+
# Query: NC_011593.1:c2608249-2607458 Bifidobacterium longum subsp. infantis ATCC 15697, complete genome
# Database: db/blast_C0569_1F_1A_S33.faa
# 0 hits found
# BLASTN 2.9.0+
# Query: NC_011593.1:c2609546-2608269 Bifidobacterium longum subsp. infantis ATCC 15697, complete genome
# Database: db/blast_C0569_1F_1A_S33.faa
# 0 hits found
# BLASTN 2.9.0+
# Query: NC_011593.1:c2610356-2609697 Bifidobacterium longum subsp. infantis ATCC 15697, complete genome
# Database: db/blast_C0569_1F_1A_S33.faa
# 0 hits found
# BLASTN 2.9.0+
# Query: NC_011593.1:c2611458-2610496 Bifidobacterium longum subsp. infantis ATCC 15697, complete genome
# Database: db/blast_C0569_1F_1A_S33.faa
# 0 hits found
# BLASTN 2.9.0+
# Query: NC_011593.1:c2612430-2611477 Bifidobacterium longum subsp. infantis ATCC 15697, complete genome
# Database: db/blast_C0569_1F_1A_S33.faa
# 0 hits found
# BLASTN 2.9.0+
# Query: NC_011593.1:c2614109-2612517 Bifidobacterium longum subsp. infantis ATCC 15697, complete genome
# Database: db/blast_C0569_1F_1A_S33.faa
# 0 hits found
# BLASTN 2.9.0+
# Query: NC_011593.1:c2615274-2614312 Bifidobacterium longum subsp. infantis ATCC 15697, complete genome
# Database: db/blast_C0569_1F_1A_S33.faa
# 0 hits found
# BLASTN 2.9.0+
# Query: NC_011593.1:c2616246-2615293 Bifidobacterium longum subsp. infantis ATCC 15697, complete genome
# Database: db/blast_C0569_1F_1A_S33.faa
# 0 hits found
# BLASTN 2.9.0+
# Query: NC_011593.1:c2617928-2616333 Bifidobacterium longum subsp. infantis ATCC 15697, complete genome
# Database: db/blast_C0569_1F_1A_S33.faa
# 0 hits found
# BLASTN 2.9.0+
# Query: NC_011593.1:c2619247-2618063 Bifidobacterium longum subsp. infantis ATCC 15697, complete genome
# Database: db/blast_C0569_1F_1A_S33.faa
# 0 hits found
# BLASTN 2.9.0+
# Query: NC_011593.1:c2620369-2619413 Bifidobacterium longum subsp. infantis ATCC 15697, complete genome
# Database: db/blast_C0569_1F_1A_S33.faa
# 0 hits found
# BLASTN 2.9.0+
# Query: NC_011593.1:c2622143-2620551 Bifidobacterium longum subsp. infantis ATCC 15697, complete genome
# Database: db/blast_C0569_1F_1A_S33.faa
# 0 hits found
# BLASTN 2.9.0+
# Query: NC_011593.1:c2624124-2622520 Bifidobacterium longum subsp. infantis ATCC 15697, complete genome
# Database: db/blast_C0569_1F_1A_S33.faa
# 0 hits found
# BLASTN 2.9.0+
# Query: NC_011593.1:c2626110-2624512 Bifidobacterium longum subsp. infantis ATCC 15697, complete genome
# Database: db/blast_C0569_1F_1A_S33.faa
# 0 hits found
# BLASTN 2.9.0+
# Query: NC_011593.1:c2626386-2626264 Bifidobacterium longum subsp. infantis ATCC 15697, complete genome
# Database: db/blast_C0569_1F_1A_S33.faa
# 0 hits found
# BLASTN 2.9.0+
# Query: NC_011593.1:c2628158-2626563 Bifidobacterium longum subsp. infantis ATCC 15697, complete genome
# Database: db/blast_C0569_1F_1A_S33.faa
# 0 hits found
# BLASTN 2.9.0+
# Query: NC_011593.1:c2630269-2628314 Bifidobacterium longum subsp. infantis ATCC 15697, complete genome
# Database: db/blast_C0569_1F_1A_S33.faa
# 0 hits found
# BLASTN 2.9.0+
# Query: NC_011593.1:c2631106-2630366 Bifidobacterium longum subsp. infantis ATCC 15697, complete genome
# Database: db/blast_C0569_1F_1A_S33.faa
# 0 hits found
# BLASTN 2.9.0+
# Query: NC_011593.1:c2632432-2631140 Bifidobacterium longum subsp. infantis ATCC 15697, complete genome
# Database: db/blast_C0569_1F_1A_S33.faa
# 0 hits found
# BLASTN 2.9.0+
# Query: NC_011593.1:c2633881-2632562 Bifidobacterium longum subsp. infantis ATCC 15697, complete genome
# Database: db/blast_C0569_1F_1A_S33.faa
# 0 hits found
# BLASTN 2.9.0+
# Query: NC_011593.1:c2634683-2633865 Bifidobacterium longum subsp. infantis ATCC 15697, complete genome
# Database: db/blast_C0569_1F_1A_S33.faa
# 0 hits found
# BLASTN 2.9.0+
# Query: NC_011593.1:c2635627-2634680 Bifidobacterium longum subsp. infantis ATCC 15697, complete genome
# Database: db/blast_C0569_1F_1A_S33.faa
# 0 hits found
# BLASTN 2.9.0+
# Query: NC_011593.1:c2636747-2635629 Bifidobacterium longum subsp. infantis ATCC 15697, complete genome
# Database: db/blast_C0569_1F_1A_S33.faa
# 0 hits found
# BLAST processed 31 queries
