# BLASTN 2.9.0+
# Query: NC_011593.1:c2595355-2593832 Bifidobacterium longum subsp. infantis ATCC 15697, complete genome
# Database: db/blast_C0592-1F-1A_S65.faa
# Fields: query acc.ver, subject acc.ver, % identity, alignment length, mismatches, gap opens, q. start, q. end, s. start, s. end, evalue, bit score
# 271 hits found
NC_011593.1:c2595355-2593832	NB551033:88:H5VWJBGX7:4:21512:14966:8832#0/2	99.338	151	1	0	926	1076	151	1	3.80e-71	274
NC_011593.1:c2595355-2593832	NB551033:88:H5VWJBGX7:4:13503:16790:1837#0/2	99.338	151	1	0	1014	1164	151	1	3.80e-71	274
NC_011593.1:c2595355-2593832	NB551033:88:H5VWJBGX7:3:13410:16041:6970#0/2	99.338	151	1	0	951	1101	151	1	3.80e-71	274
NC_011593.1:c2595355-2593832	NB551033:88:H5VWJBGX7:2:23302:19925:4153#0/2	99.338	151	1	0	359	509	151	1	3.80e-71	274
NC_011593.1:c2595355-2593832	NB551033:88:H5VWJBGX7:2:13308:19829:4513#0/2	99.338	151	1	0	1011	1161	1	151	3.80e-71	274
NC_011593.1:c2595355-2593832	NB551033:88:H5VWJBGX7:1:11110:14515:16360#0/2	99.338	151	1	0	356	506	1	151	3.80e-71	274
NC_011593.1:c2595355-2593832	NB551033:88:H5VWJBGX7:1:11109:4874:13499#0/2	99.338	151	1	0	940	1090	151	1	3.80e-71	274
NC_011593.1:c2595355-2593832	NB551033:88:H5VWJBGX7:4:21606:15705:7491#0/1	99.338	151	1	0	950	1100	151	1	3.80e-71	274
NC_011593.1:c2595355-2593832	NB551033:88:H5VWJBGX7:4:21407:11007:4866#0/1	99.338	151	1	0	1006	1156	1	151	3.80e-71	274
NC_011593.1:c2595355-2593832	NB551033:88:H5VWJBGX7:3:13410:16041:6970#0/1	99.338	151	1	0	939	1089	1	151	3.80e-71	274
NC_011593.1:c2595355-2593832	NB551033:88:H5VWJBGX7:2:23302:19925:4153#0/1	99.338	151	1	0	356	506	1	151	3.80e-71	274
NC_011593.1:c2595355-2593832	NB551033:88:H5VWJBGX7:1:21101:14009:11957#0/1	99.338	151	1	0	1023	1173	1	151	3.80e-71	274
NC_011593.1:c2595355-2593832	NB551033:88:H5VWJBGX7:4:21407:11007:4866#0/2	99.333	150	1	0	1025	1174	150	1	1.37e-70	272
NC_011593.1:c2595355-2593832	NB551033:88:H5VWJBGX7:4:21502:26239:18107#0/2	99.324	148	1	0	521	668	1	148	1.77e-69	268
NC_011593.1:c2595355-2593832	NB551033:88:H5VWJBGX7:3:23402:11641:8060#0/2	98.675	151	2	0	1124	1274	151	1	1.77e-69	268
NC_011593.1:c2595355-2593832	NB551033:88:H5VWJBGX7:2:23201:15532:19819#0/2	98.675	151	2	0	507	657	151	1	1.77e-69	268
NC_011593.1:c2595355-2593832	NB551033:88:H5VWJBGX7:3:23404:1577:8627#0/1	98.675	151	2	0	500	650	1	151	1.77e-69	268
NC_011593.1:c2595355-2593832	NB551033:88:H5VWJBGX7:3:21607:7679:19705#0/1	98.675	151	2	0	380	530	151	1	1.77e-69	268
NC_011593.1:c2595355-2593832	NB551033:88:H5VWJBGX7:3:21601:9948:11240#0/1	98.675	151	2	0	500	650	1	151	1.77e-69	268
NC_011593.1:c2595355-2593832	NB551033:88:H5VWJBGX7:3:11406:2318:5700#0/1	98.675	151	2	0	460	610	1	151	1.77e-69	268
NC_011593.1:c2595355-2593832	NB551033:88:H5VWJBGX7:2:13209:18328:15890#0/1	98.675	151	2	0	479	629	151	1	1.77e-69	268
NC_011593.1:c2595355-2593832	NB551033:88:H5VWJBGX7:1:13105:26858:9095#0/1	98.675	151	2	0	511	661	1	151	1.77e-69	268
NC_011593.1:c2595355-2593832	NB551033:88:H5VWJBGX7:1:13104:1345:9094#0/1	98.675	151	2	0	511	661	1	151	1.77e-69	268
NC_011593.1:c2595355-2593832	NB551033:88:H5VWJBGX7:3:23507:23570:13132#0/2	98.667	150	2	0	375	524	1	150	6.35e-69	267
NC_011593.1:c2595355-2593832	NB551033:88:H5VWJBGX7:3:11412:14207:11540#0/2	99.320	147	1	0	922	1068	1	147	6.35e-69	267
NC_011593.1:c2595355-2593832	NB551033:88:H5VWJBGX7:2:22202:19958:8522#0/2	98.667	150	2	0	997	1146	1	150	6.35e-69	267
NC_011593.1:c2595355-2593832	NB551033:88:H5VWJBGX7:2:13209:18328:15890#0/2	98.667	150	2	0	429	578	1	150	6.35e-69	267
NC_011593.1:c2595355-2593832	NB551033:88:H5VWJBGX7:2:12310:3833:19105#0/2	98.667	150	2	0	450	599	1	150	6.35e-69	267
NC_011593.1:c2595355-2593832	NB551033:88:H5VWJBGX7:2:12104:12078:18008#0/2	98.667	150	2	0	450	599	1	150	6.35e-69	267
NC_011593.1:c2595355-2593832	NB551033:88:H5VWJBGX7:2:11311:14145:17401#0/2	98.667	150	2	0	450	599	1	150	6.35e-69	267
NC_011593.1:c2595355-2593832	NB551033:88:H5VWJBGX7:1:22204:19739:6530#0/2	98.667	150	2	0	419	568	150	1	6.35e-69	267
NC_011593.1:c2595355-2593832	NB551033:88:H5VWJBGX7:1:22109:26411:13272#0/2	98.667	150	2	0	442	591	1	150	6.35e-69	267
NC_011593.1:c2595355-2593832	NB551033:88:H5VWJBGX7:1:21111:22031:15284#0/2	98.667	150	2	0	494	643	150	1	6.35e-69	267
NC_011593.1:c2595355-2593832	NB551033:88:H5VWJBGX7:4:23405:19508:16957#0/1	98.667	150	2	0	475	624	150	1	6.35e-69	267
NC_011593.1:c2595355-2593832	NB551033:88:H5VWJBGX7:4:21603:23275:9183#0/1	98.667	150	2	0	996	1145	1	150	6.35e-69	267
NC_011593.1:c2595355-2593832	NB551033:88:H5VWJBGX7:3:23402:11641:8060#0/1	98.667	150	2	0	1082	1231	1	150	6.35e-69	267
NC_011593.1:c2595355-2593832	NB551033:88:H5VWJBGX7:3:21511:12798:1877#0/1	98.667	150	2	0	475	624	150	1	6.35e-69	267
NC_011593.1:c2595355-2593832	NB551033:88:H5VWJBGX7:3:13604:2319:15977#0/1	98.667	150	2	0	372	521	1	150	6.35e-69	267
NC_011593.1:c2595355-2593832	NB551033:88:H5VWJBGX7:3:13601:2294:11133#0/1	98.667	150	2	0	540	689	1	150	6.35e-69	267
NC_011593.1:c2595355-2593832	NB551033:88:H5VWJBGX7:2:23201:15532:19819#0/1	98.667	150	2	0	372	521	1	150	6.35e-69	267
NC_011593.1:c2595355-2593832	NB551033:88:H5VWJBGX7:2:12312:22976:3910#0/1	98.667	150	2	0	479	628	150	1	6.35e-69	267
NC_011593.1:c2595355-2593832	NB551033:88:H5VWJBGX7:2:12103:24092:9825#0/1	98.667	150	2	0	372	521	1	150	6.35e-69	267
NC_011593.1:c2595355-2593832	NB551033:88:H5VWJBGX7:1:21111:22031:15284#0/1	98.667	150	2	0	474	623	1	150	6.35e-69	267
NC_011593.1:c2595355-2593832	NB551033:88:H5VWJBGX7:2:12108:10081:11296#0/2	98.658	149	2	0	439	587	1	149	2.28e-68	265
NC_011593.1:c2595355-2593832	NB551033:88:H5VWJBGX7:1:12204:3425:17641#0/1	98.658	149	2	0	530	678	1	149	2.28e-68	265
NC_011593.1:c2595355-2593832	NB551033:88:H5VWJBGX7:3:23403:25159:6329#0/2	98.013	151	3	0	694	844	1	151	8.22e-68	263
NC_011593.1:c2595355-2593832	NB551033:88:H5VWJBGX7:2:12206:20232:17945#0/2	98.013	151	3	0	500	650	1	151	8.22e-68	263
NC_011593.1:c2595355-2593832	NB551033:88:H5VWJBGX7:1:11105:24921:8910#0/2	98.013	151	3	0	1191	1341	1	151	8.22e-68	263
NC_011593.1:c2595355-2593832	NB551033:88:H5VWJBGX7:4:21502:26239:18107#0/1	98.013	151	3	0	558	708	151	1	8.22e-68	263
NC_011593.1:c2595355-2593832	NB551033:88:H5VWJBGX7:2:22304:13643:14790#0/1	98.013	151	3	0	545	695	151	1	8.22e-68	263
NC_011593.1:c2595355-2593832	NB551033:88:H5VWJBGX7:2:13311:6861:3216#0/1	98.013	151	3	0	448	598	1	151	8.22e-68	263
NC_011593.1:c2595355-2593832	NB551033:88:H5VWJBGX7:2:13104:21861:5995#0/1	98.013	151	3	0	704	854	1	151	8.22e-68	263
NC_011593.1:c2595355-2593832	NB551033:88:H5VWJBGX7:1:21108:4304:4524#0/1	98.013	151	3	0	112	262	1	151	8.22e-68	263
NC_011593.1:c2595355-2593832	NB551033:88:H5VWJBGX7:1:13305:22669:13300#0/1	98.013	151	3	0	1178	1328	1	151	8.22e-68	263
NC_011593.1:c2595355-2593832	NB551033:88:H5VWJBGX7:4:23405:19508:16957#0/2	98.000	150	3	0	394	543	1	150	2.95e-67	261
NC_011593.1:c2595355-2593832	NB551033:88:H5VWJBGX7:3:21511:12798:1877#0/2	98.000	150	3	0	394	543	1	150	2.95e-67	261
NC_011593.1:c2595355-2593832	NB551033:88:H5VWJBGX7:3:13604:2319:15977#0/2	98.000	150	3	0	397	546	150	1	2.95e-67	261
NC_011593.1:c2595355-2593832	NB551033:88:H5VWJBGX7:2:13205:21711:3475#0/2	98.000	150	3	0	545	694	1	150	2.95e-67	261
NC_011593.1:c2595355-2593832	NB551033:88:H5VWJBGX7:2:12103:24092:9825#0/2	98.000	150	3	0	397	546	150	1	2.95e-67	261
NC_011593.1:c2595355-2593832	NB551033:88:H5VWJBGX7:1:22306:24273:9248#0/2	98.000	150	3	0	1161	1310	1	150	2.95e-67	261
NC_011593.1:c2595355-2593832	NB551033:88:H5VWJBGX7:1:13104:1345:9094#0/2	98.000	150	3	0	701	850	150	1	2.95e-67	261
NC_011593.1:c2595355-2593832	NB551033:88:H5VWJBGX7:4:21606:3963:14164#0/1	98.000	150	3	0	400	549	150	1	2.95e-67	261
NC_011593.1:c2595355-2593832	NB551033:88:H5VWJBGX7:4:21601:16490:9768#0/1	98.639	147	2	0	711	857	3	149	2.95e-67	261
NC_011593.1:c2595355-2593832	NB551033:88:H5VWJBGX7:4:11412:11240:6106#0/1	98.639	147	2	0	1144	1290	1	147	2.95e-67	261
NC_011593.1:c2595355-2593832	NB551033:88:H5VWJBGX7:3:11412:14207:11540#0/1	98.000	150	3	0	1122	1271	150	1	2.95e-67	261
NC_011593.1:c2595355-2593832	NB551033:88:H5VWJBGX7:2:21206:15043:7262#0/1	98.000	150	3	0	554	703	1	150	2.95e-67	261
NC_011593.1:c2595355-2593832	NB551033:88:H5VWJBGX7:2:21205:7036:10434#0/1	98.000	150	3	0	1106	1255	1	150	2.95e-67	261
NC_011593.1:c2595355-2593832	NB551033:88:H5VWJBGX7:1:22204:19739:6530#0/1	98.000	150	3	0	338	487	1	150	2.95e-67	261
NC_011593.1:c2595355-2593832	NB551033:88:H5VWJBGX7:1:13105:26858:9095#0/2	97.987	149	3	0	701	849	150	2	1.06e-66	259
NC_011593.1:c2595355-2593832	NB551033:88:H5VWJBGX7:4:23412:20714:13258#0/1	97.987	149	3	0	896	1044	149	1	1.06e-66	259
NC_011593.1:c2595355-2593832	NB551033:88:H5VWJBGX7:4:21606:3963:14164#0/2	97.351	151	4	0	328	478	1	151	3.82e-66	257
NC_011593.1:c2595355-2593832	NB551033:88:H5VWJBGX7:3:23404:1577:8627#0/2	97.351	151	4	0	771	921	151	1	3.82e-66	257
NC_011593.1:c2595355-2593832	NB551033:88:H5VWJBGX7:2:13104:21861:5995#0/2	97.351	151	4	0	780	930	151	1	3.82e-66	257
NC_011593.1:c2595355-2593832	NB551033:88:H5VWJBGX7:1:22312:14535:13323#0/2	97.351	151	4	0	775	925	151	1	3.82e-66	257
NC_011593.1:c2595355-2593832	NB551033:88:H5VWJBGX7:4:13503:16790:1837#0/1	97.351	151	4	0	784	934	1	151	3.82e-66	257
NC_011593.1:c2595355-2593832	NB551033:88:H5VWJBGX7:3:23507:23570:13132#0/1	97.351	151	4	0	686	836	151	1	3.82e-66	257
NC_011593.1:c2595355-2593832	NB551033:88:H5VWJBGX7:3:22602:25796:14021#0/1	97.351	151	4	0	890	1040	151	1	3.82e-66	257
NC_011593.1:c2595355-2593832	NB551033:88:H5VWJBGX7:3:13511:8609:9157#0/1	97.351	151	4	0	112	262	1	151	3.82e-66	257
NC_011593.1:c2595355-2593832	NB551033:88:H5VWJBGX7:2:12108:10081:11296#0/1	97.351	151	4	0	686	836	151	1	3.82e-66	257
NC_011593.1:c2595355-2593832	NB551033:88:H5VWJBGX7:1:22110:1181:19829#0/1	97.351	151	4	0	800	950	151	1	3.82e-66	257
NC_011593.1:c2595355-2593832	NB551033:88:H5VWJBGX7:3:22602:25796:14021#0/2	97.959	147	3	0	756	902	1	147	1.37e-65	255
NC_011593.1:c2595355-2593832	NB551033:88:H5VWJBGX7:3:21409:23216:15706#0/2	97.333	150	4	0	700	849	150	1	1.37e-65	255
NC_011593.1:c2595355-2593832	NB551033:88:H5VWJBGX7:2:22304:13643:14790#0/2	97.333	150	4	0	323	472	1	150	1.37e-65	255
NC_011593.1:c2595355-2593832	NB551033:88:H5VWJBGX7:1:22111:26695:19826#0/2	97.333	150	4	0	768	917	1	150	1.37e-65	255
NC_011593.1:c2595355-2593832	NB551033:88:H5VWJBGX7:1:22110:1181:19829#0/2	97.333	150	4	0	768	917	1	150	1.37e-65	255
NC_011593.1:c2595355-2593832	NB551033:88:H5VWJBGX7:4:21512:14966:8832#0/1	97.333	150	4	0	786	935	1	150	1.37e-65	255
NC_011593.1:c2595355-2593832	NB551033:88:H5VWJBGX7:4:11409:12850:10177#0/1	97.333	150	4	0	114	263	151	2	1.37e-65	255
NC_011593.1:c2595355-2593832	NB551033:88:H5VWJBGX7:2:21212:2415:18005#0/1	97.333	150	4	0	753	902	1	150	1.37e-65	255
NC_011593.1:c2595355-2593832	NB551033:88:H5VWJBGX7:1:22111:26695:19826#0/1	97.333	150	4	0	801	950	150	1	1.37e-65	255
NC_011593.1:c2595355-2593832	NB551033:88:H5VWJBGX7:1:12204:3425:17641#0/2	97.315	149	4	0	760	908	151	3	4.94e-65	254
NC_011593.1:c2595355-2593832	NB551033:88:H5VWJBGX7:4:23412:20714:13258#0/2	96.689	151	5	0	847	997	1	151	1.78e-64	252
NC_011593.1:c2595355-2593832	NB551033:88:H5VWJBGX7:4:13602:3269:7433#0/2	96.689	151	5	0	137	287	1	151	1.78e-64	252
NC_011593.1:c2595355-2593832	NB551033:88:H5VWJBGX7:3:21601:9948:11240#0/2	96.689	151	5	0	771	921	151	1	1.78e-64	252
NC_011593.1:c2595355-2593832	NB551033:88:H5VWJBGX7:3:13601:14573:17935#0/2	96.689	151	5	0	247	397	151	1	1.78e-64	252
NC_011593.1:c2595355-2593832	NB551033:88:H5VWJBGX7:3:13511:8609:9157#0/2	96.689	151	5	0	176	326	151	1	1.78e-64	252
NC_011593.1:c2595355-2593832	NB551033:88:H5VWJBGX7:3:13504:20182:7600#0/2	96.689	151	5	0	306	456	151	1	1.78e-64	252
NC_011593.1:c2595355-2593832	NB551033:88:H5VWJBGX7:2:23206:16131:5069#0/2	96.689	151	5	0	112	262	1	151	1.78e-64	252
NC_011593.1:c2595355-2593832	NB551033:88:H5VWJBGX7:2:13309:3125:6182#0/2	96.689	151	5	0	277	427	151	1	1.78e-64	252
NC_011593.1:c2595355-2593832	NB551033:88:H5VWJBGX7:1:21108:4304:4524#0/2	96.689	151	5	0	324	474	151	1	1.78e-64	252
NC_011593.1:c2595355-2593832	NB551033:88:H5VWJBGX7:1:21101:4258:20244#0/2	96.689	151	5	0	133	283	1	151	1.78e-64	252
NC_011593.1:c2595355-2593832	NB551033:88:H5VWJBGX7:4:13602:3269:7433#0/1	96.689	151	5	0	195	345	151	1	1.78e-64	252
NC_011593.1:c2595355-2593832	NB551033:88:H5VWJBGX7:4:11608:12256:8160#0/1	96.689	151	5	0	79	229	1	151	1.78e-64	252
NC_011593.1:c2595355-2593832	NB551033:88:H5VWJBGX7:3:23403:25159:6329#0/1	97.297	148	4	0	896	1043	148	1	1.78e-64	252
NC_011593.1:c2595355-2593832	NB551033:88:H5VWJBGX7:2:13309:3125:6182#0/1	96.689	151	5	0	274	424	1	151	1.78e-64	252
NC_011593.1:c2595355-2593832	NB551033:88:H5VWJBGX7:2:12310:3833:19105#0/1	96.689	151	5	0	585	735	151	1	1.78e-64	252
NC_011593.1:c2595355-2593832	NB551033:88:H5VWJBGX7:2:12206:20232:17945#0/1	96.689	151	5	0	840	990	151	1	1.78e-64	252
NC_011593.1:c2595355-2593832	NB551033:88:H5VWJBGX7:1:21101:4258:20244#0/1	96.689	151	5	0	186	336	151	1	1.78e-64	252
NC_011593.1:c2595355-2593832	NB551033:88:H5VWJBGX7:1:12301:26646:12343#0/1	96.689	151	5	0	69	219	151	1	1.78e-64	252
NC_011593.1:c2595355-2593832	NB551033:88:H5VWJBGX7:1:11110:14515:16360#0/1	96.689	151	5	0	575	725	151	1	1.78e-64	252
NC_011593.1:c2595355-2593832	NB551033:88:H5VWJBGX7:1:11109:4874:13499#0/1	96.689	151	5	0	841	991	1	151	1.78e-64	252
NC_011593.1:c2595355-2593832	NB551033:88:H5VWJBGX7:4:22511:3188:3175#0/2	96.667	150	5	0	844	993	1	150	6.40e-64	250
NC_011593.1:c2595355-2593832	NB551033:88:H5VWJBGX7:4:21606:15705:7491#0/2	96.667	150	5	0	849	998	1	150	6.40e-64	250
NC_011593.1:c2595355-2593832	NB551033:88:H5VWJBGX7:3:22410:18903:1330#0/2	96.667	150	5	0	793	942	150	1	6.40e-64	250
NC_011593.1:c2595355-2593832	NB551033:88:H5VWJBGX7:3:21607:7679:19705#0/2	96.667	150	5	0	165	314	1	150	6.40e-64	250
NC_011593.1:c2595355-2593832	NB551033:88:H5VWJBGX7:3:13601:2294:11133#0/2	96.667	150	5	0	586	735	150	1	6.40e-64	250
NC_011593.1:c2595355-2593832	NB551033:88:H5VWJBGX7:3:11604:19528:11274#0/2	96.667	150	5	0	130	279	150	1	6.40e-64	250
NC_011593.1:c2595355-2593832	NB551033:88:H5VWJBGX7:2:22107:22991:3053#0/2	96.667	150	5	0	267	416	1	150	6.40e-64	250
NC_011593.1:c2595355-2593832	NB551033:88:H5VWJBGX7:2:21103:12866:7993#0/2	96.667	150	5	0	53	202	150	1	6.40e-64	250
NC_011593.1:c2595355-2593832	NB551033:88:H5VWJBGX7:2:12204:6395:12672#0/2	97.917	144	3	0	94	237	1	144	6.40e-64	250
NC_011593.1:c2595355-2593832	NB551033:88:H5VWJBGX7:1:22305:5834:6813#0/2	96.667	150	5	0	126	275	150	1	6.40e-64	250
NC_011593.1:c2595355-2593832	NB551033:88:H5VWJBGX7:4:12403:23447:13634#0/1	96.667	150	5	0	848	997	150	1	6.40e-64	250
NC_011593.1:c2595355-2593832	NB551033:88:H5VWJBGX7:3:23605:14791:12571#0/1	96.667	150	5	0	245	394	2	151	6.40e-64	250
NC_011593.1:c2595355-2593832	NB551033:88:H5VWJBGX7:3:22410:18903:1330#0/1	96.667	150	5	0	768	917	1	150	6.40e-64	250
NC_011593.1:c2595355-2593832	NB551033:88:H5VWJBGX7:3:21409:23216:15706#0/1	96.667	150	5	0	672	821	1	150	6.40e-64	250
NC_011593.1:c2595355-2593832	NB551033:88:H5VWJBGX7:2:22107:22991:3053#0/1	96.667	150	5	0	300	449	150	1	6.40e-64	250
NC_011593.1:c2595355-2593832	NB551033:88:H5VWJBGX7:2:12308:3871:14274#0/1	96.667	150	5	0	319	468	150	1	6.40e-64	250
NC_011593.1:c2595355-2593832	NB551033:88:H5VWJBGX7:2:12204:6395:12672#0/1	97.917	144	3	0	94	237	144	1	6.40e-64	250
NC_011593.1:c2595355-2593832	NB551033:88:H5VWJBGX7:2:22312:12204:19624#0/2	96.644	149	5	0	670	818	149	1	2.30e-63	248
NC_011593.1:c2595355-2593832	NB551033:88:H5VWJBGX7:1:12312:2147:20028#0/2	96.644	149	5	0	328	476	1	149	2.30e-63	248
NC_011593.1:c2595355-2593832	NB551033:88:H5VWJBGX7:3:22610:16653:3065#0/1	96.644	149	5	0	88	236	149	1	2.30e-63	248
NC_011593.1:c2595355-2593832	NB551033:88:H5VWJBGX7:3:13504:20182:7600#0/1	96.644	149	5	0	172	320	1	149	2.30e-63	248
NC_011593.1:c2595355-2593832	NB551033:88:H5VWJBGX7:3:23605:14791:12571#0/2	96.026	151	6	0	255	405	151	1	8.27e-63	246
NC_011593.1:c2595355-2593832	NB551033:88:H5VWJBGX7:2:13312:25850:17472#0/2	97.241	145	4	0	99	243	1	145	8.27e-63	246
NC_011593.1:c2595355-2593832	NB551033:88:H5VWJBGX7:1:21101:14009:11957#0/2	96.026	151	6	0	1275	1425	151	1	8.27e-63	246
NC_011593.1:c2595355-2593832	NB551033:88:H5VWJBGX7:4:22603:26363:12506#0/1	96.026	151	6	0	214	364	151	1	8.27e-63	246
NC_011593.1:c2595355-2593832	NB551033:88:H5VWJBGX7:4:12412:16134:15504#0/1	97.887	142	3	0	695	836	142	1	8.27e-63	246
NC_011593.1:c2595355-2593832	NB551033:88:H5VWJBGX7:3:22609:7477:16422#0/1	96.026	151	6	0	257	407	151	1	8.27e-63	246
NC_011593.1:c2595355-2593832	NB551033:88:H5VWJBGX7:3:21510:4805:1477#0/1	96.622	148	5	0	265	412	148	1	8.27e-63	246
NC_011593.1:c2595355-2593832	NB551033:88:H5VWJBGX7:2:22309:7119:4583#0/1	96.026	151	6	0	257	407	151	1	8.27e-63	246
NC_011593.1:c2595355-2593832	NB551033:88:H5VWJBGX7:2:13205:21711:3475#0/1	96.026	151	6	0	659	809	151	1	8.27e-63	246
NC_011593.1:c2595355-2593832	NB551033:88:H5VWJBGX7:1:22312:14535:13323#0/1	96.622	148	5	0	670	817	3	150	8.27e-63	246
NC_011593.1:c2595355-2593832	NB551033:88:H5VWJBGX7:1:22302:12984:8422#0/1	96.026	151	6	0	857	1007	151	1	8.27e-63	246
NC_011593.1:c2595355-2593832	NB551033:88:H5VWJBGX7:1:22302:12984:8422#0/2	96.000	150	6	0	849	998	1	150	2.98e-62	244
NC_011593.1:c2595355-2593832	NB551033:88:H5VWJBGX7:4:13609:12011:7478#0/1	96.000	150	6	0	1296	1445	1	150	2.98e-62	244
NC_011593.1:c2595355-2593832	NB551033:88:H5VWJBGX7:3:13507:21571:1149#0/1	96.000	150	6	0	429	578	1	150	2.98e-62	244
NC_011593.1:c2595355-2593832	NB551033:88:H5VWJBGX7:2:13312:25850:17472#0/1	96.000	150	6	0	215	364	150	1	2.98e-62	244
NC_011593.1:c2595355-2593832	NB551033:88:H5VWJBGX7:2:12110:8132:17443#0/1	96.000	150	6	0	429	578	1	150	2.98e-62	244
NC_011593.1:c2595355-2593832	NB551033:88:H5VWJBGX7:2:12104:12078:18008#0/1	96.599	147	5	0	670	816	147	1	2.98e-62	244
NC_011593.1:c2595355-2593832	NB551033:88:H5VWJBGX7:2:11311:14145:17401#0/1	96.599	147	5	0	670	816	147	1	2.98e-62	244
NC_011593.1:c2595355-2593832	NB551033:88:H5VWJBGX7:1:22109:26411:13272#0/1	96.000	150	6	0	627	776	150	1	2.98e-62	244
NC_011593.1:c2595355-2593832	NB551033:88:H5VWJBGX7:1:12312:2147:20028#0/1	96.000	150	6	0	627	776	150	1	2.98e-62	244
NC_011593.1:c2595355-2593832	NB551033:88:H5VWJBGX7:2:22312:12204:19624#0/1	95.973	149	6	0	655	803	1	149	1.07e-61	243
NC_011593.1:c2595355-2593832	NB551033:88:H5VWJBGX7:4:11608:12256:8160#0/2	95.364	151	7	0	214	364	151	1	3.85e-61	241
NC_011593.1:c2595355-2593832	NB551033:88:H5VWJBGX7:4:22609:21539:11740#0/1	95.364	151	7	0	673	823	1	151	3.85e-61	241
NC_011593.1:c2595355-2593832	NB551033:88:H5VWJBGX7:2:23206:16131:5069#0/1	95.364	151	7	0	230	380	151	1	3.85e-61	241
NC_011593.1:c2595355-2593832	NB551033:88:H5VWJBGX7:4:11608:25902:10241#0/2	97.826	138	3	0	337	474	1	138	1.38e-60	239
NC_011593.1:c2595355-2593832	NB551033:88:H5VWJBGX7:3:23601:13024:20121#0/2	95.333	150	7	0	673	822	1	150	1.38e-60	239
NC_011593.1:c2595355-2593832	NB551033:88:H5VWJBGX7:3:11406:2318:5700#0/2	95.918	147	6	0	653	799	147	1	1.38e-60	239
NC_011593.1:c2595355-2593832	NB551033:88:H5VWJBGX7:2:23303:19014:3900#0/2	95.333	150	7	0	672	821	1	150	1.38e-60	239
NC_011593.1:c2595355-2593832	NB551033:88:H5VWJBGX7:2:13202:15711:11921#0/2	97.826	138	3	0	699	836	1	138	1.38e-60	239
NC_011593.1:c2595355-2593832	NB551033:88:H5VWJBGX7:1:23207:18995:12815#0/2	95.333	150	7	0	399	548	1	150	1.38e-60	239
NC_011593.1:c2595355-2593832	NB551033:88:H5VWJBGX7:1:21301:17554:9132#0/2	95.333	150	7	0	397	546	150	1	1.38e-60	239
NC_011593.1:c2595355-2593832	NB551033:88:H5VWJBGX7:4:23405:17700:17562#0/1	95.918	147	6	0	412	558	151	5	1.38e-60	239
NC_011593.1:c2595355-2593832	NB551033:88:H5VWJBGX7:4:11608:25902:10241#0/1	97.826	138	3	0	337	474	138	1	1.38e-60	239
NC_011593.1:c2595355-2593832	NB551033:88:H5VWJBGX7:3:13512:26853:4524#0/1	95.333	150	7	0	441	590	150	1	1.38e-60	239
NC_011593.1:c2595355-2593832	NB551033:88:H5VWJBGX7:2:13202:15711:11921#0/1	97.826	138	3	0	699	836	138	1	1.38e-60	239
NC_011593.1:c2595355-2593832	NB551033:88:H5VWJBGX7:4:11409:23638:9721#0/2	95.302	149	7	0	391	539	1	149	4.98e-60	237
NC_011593.1:c2595355-2593832	NB551033:88:H5VWJBGX7:3:22609:21728:13478#0/2	95.302	149	7	0	416	564	149	1	4.98e-60	237
NC_011593.1:c2595355-2593832	NB551033:88:H5VWJBGX7:2:12102:13507:2863#0/2	99.237	131	1	0	915	1045	1	131	4.98e-60	237
NC_011593.1:c2595355-2593832	NB551033:88:H5VWJBGX7:2:11301:8313:6577#0/2	96.503	143	5	0	688	830	147	5	4.98e-60	237
NC_011593.1:c2595355-2593832	NB551033:88:H5VWJBGX7:4:21402:13100:17123#0/1	95.302	149	7	0	670	818	149	1	4.98e-60	237
NC_011593.1:c2595355-2593832	NB551033:88:H5VWJBGX7:2:13311:20302:18952#0/1	95.302	149	7	0	371	519	151	3	4.98e-60	237
NC_011593.1:c2595355-2593832	NB551033:88:H5VWJBGX7:2:12102:13507:2863#0/1	99.237	131	1	0	915	1045	131	1	4.98e-60	237
NC_011593.1:c2595355-2593832	NB551033:88:H5VWJBGX7:4:21501:11839:16642#0/2	99.231	130	1	0	378	507	130	1	1.79e-59	235
NC_011593.1:c2595355-2593832	NB551033:88:H5VWJBGX7:2:22308:3450:8776#0/2	96.479	142	5	0	256	397	142	1	1.79e-59	235
NC_011593.1:c2595355-2593832	NB551033:88:H5VWJBGX7:4:21501:11839:16642#0/1	99.231	130	1	0	378	507	1	130	1.79e-59	235
NC_011593.1:c2595355-2593832	NB551033:88:H5VWJBGX7:2:22308:3450:8776#0/1	96.479	142	5	0	256	397	1	142	1.79e-59	235
NC_011593.1:c2595355-2593832	NB551033:88:H5VWJBGX7:2:21309:11049:20189#0/2	96.454	141	5	0	1330	1470	151	11	6.44e-59	233
NC_011593.1:c2595355-2593832	NB551033:88:H5VWJBGX7:4:21604:21996:19005#0/2	96.429	140	5	0	298	437	140	1	2.32e-58	231
NC_011593.1:c2595355-2593832	NB551033:88:H5VWJBGX7:1:13305:22669:13300#0/2	97.080	137	4	0	1334	1470	147	11	2.32e-58	231
NC_011593.1:c2595355-2593832	NB551033:88:H5VWJBGX7:4:21604:21996:19005#0/1	96.429	140	5	0	298	437	1	140	2.32e-58	231
NC_011593.1:c2595355-2593832	NB551033:88:H5VWJBGX7:2:13308:19829:4513#0/1	97.059	136	4	0	1335	1470	151	16	8.33e-58	230
NC_011593.1:c2595355-2593832	NB551033:88:H5VWJBGX7:3:23605:23416:10319#0/2	96.350	137	5	0	694	830	1	137	1.08e-56	226
NC_011593.1:c2595355-2593832	NB551033:88:H5VWJBGX7:2:22307:15454:15174#0/2	96.350	137	5	0	694	830	1	137	1.08e-56	226
NC_011593.1:c2595355-2593832	NB551033:88:H5VWJBGX7:2:13311:6861:3216#0/2	99.200	125	1	0	982	1106	125	1	1.08e-56	226
NC_011593.1:c2595355-2593832	NB551033:88:H5VWJBGX7:1:11105:24921:8910#0/1	96.350	137	5	0	1274	1410	137	1	1.08e-56	226
NC_011593.1:c2595355-2593832	NB551033:88:H5VWJBGX7:3:12506:2167:1381#0/2	95.070	142	7	0	670	811	142	1	3.88e-56	224
NC_011593.1:c2595355-2593832	NB551033:88:H5VWJBGX7:2:21205:7036:10434#0/2	96.324	136	5	0	1335	1470	151	16	3.88e-56	224
NC_011593.1:c2595355-2593832	NB551033:88:H5VWJBGX7:2:13107:6875:8868#0/2	95.683	139	6	0	666	804	1	139	3.88e-56	224
NC_011593.1:c2595355-2593832	NB551033:88:H5VWJBGX7:2:13107:6875:8868#0/1	95.683	139	6	0	666	804	139	1	3.88e-56	224
NC_011593.1:c2595355-2593832	NB551033:88:H5VWJBGX7:4:21407:10459:8200#0/2	97.656	128	3	0	702	829	128	1	5.02e-55	220
NC_011593.1:c2595355-2593832	NB551033:88:H5VWJBGX7:3:11502:2881:6567#0/2	95.000	140	7	0	670	809	140	1	5.02e-55	220
NC_011593.1:c2595355-2593832	NB551033:88:H5VWJBGX7:1:12105:24582:5297#0/2	97.656	128	3	0	581	708	1	128	5.02e-55	220
NC_011593.1:c2595355-2593832	NB551033:88:H5VWJBGX7:4:21407:10459:8200#0/1	97.656	128	3	0	702	829	1	128	5.02e-55	220
NC_011593.1:c2595355-2593832	NB551033:88:H5VWJBGX7:1:12105:24582:5297#0/1	97.656	128	3	0	581	708	128	1	5.02e-55	220
NC_011593.1:c2595355-2593832	NB551033:88:H5VWJBGX7:4:21601:16490:9768#0/2	99.160	119	1	0	967	1085	119	1	2.33e-53	215
NC_011593.1:c2595355-2593832	NB551033:88:H5VWJBGX7:3:21609:10750:4349#0/1	95.522	134	6	0	676	809	134	1	2.33e-53	215
NC_011593.1:c2595355-2593832	NB551033:88:H5VWJBGX7:2:13201:15854:6845#0/1	95.522	134	6	0	676	809	134	1	2.33e-53	215
NC_011593.1:c2595355-2593832	NB551033:88:H5VWJBGX7:4:21601:5846:15622#0/2	96.850	127	4	0	200	326	1	127	8.39e-53	213
NC_011593.1:c2595355-2593832	NB551033:88:H5VWJBGX7:4:21601:5846:15622#0/1	96.850	127	4	0	200	326	127	1	8.39e-53	213
NC_011593.1:c2595355-2593832	NB551033:88:H5VWJBGX7:1:12204:16039:16862#0/1	96.850	127	4	0	429	555	1	127	8.39e-53	213
NC_011593.1:c2595355-2593832	NB551033:88:H5VWJBGX7:1:12204:16039:16862#0/2	96.063	127	5	0	429	555	127	1	3.90e-51	207
NC_011593.1:c2595355-2593832	NB551033:88:H5VWJBGX7:4:11506:1889:1186#0/1	96.694	121	4	0	428	548	121	1	1.82e-49	202
NC_011593.1:c2595355-2593832	NB551033:88:H5VWJBGX7:3:21506:7530:16485#0/1	97.436	117	3	0	1221	1337	1	117	6.53e-49	200
NC_011593.1:c2595355-2593832	NB551033:88:H5VWJBGX7:4:11512:19938:17662#0/2	97.391	115	3	0	342	456	1	115	8.45e-48	196
NC_011593.1:c2595355-2593832	NB551033:88:H5VWJBGX7:4:11512:19938:17662#0/1	97.391	115	3	0	342	456	115	1	8.45e-48	196
NC_011593.1:c2595355-2593832	NB551033:88:H5VWJBGX7:4:12403:23447:13634#0/2	98.198	111	2	0	498	608	1	111	3.04e-47	195
NC_011593.1:c2595355-2593832	NB551033:88:H5VWJBGX7:3:21408:13438:18990#0/2	96.581	117	4	0	822	938	1	117	3.04e-47	195
NC_011593.1:c2595355-2593832	NB551033:88:H5VWJBGX7:2:12105:9223:13819#0/2	95.798	119	5	0	246	364	1	119	1.09e-46	193
NC_011593.1:c2595355-2593832	NB551033:88:H5VWJBGX7:2:12105:9223:13819#0/1	95.798	119	5	0	246	364	119	1	1.09e-46	193
NC_011593.1:c2595355-2593832	NB551033:88:H5VWJBGX7:2:22202:19958:8522#0/1	97.297	111	3	0	1360	1470	150	40	1.41e-45	189
NC_011593.1:c2595355-2593832	NB551033:88:H5VWJBGX7:3:23410:5722:14477#0/2	97.222	108	3	0	1311	1418	1	108	6.58e-44	183
NC_011593.1:c2595355-2593832	NB551033:88:H5VWJBGX7:3:21506:7530:16485#0/2	97.222	108	3	0	1274	1381	108	1	6.58e-44	183
NC_011593.1:c2595355-2593832	NB551033:88:H5VWJBGX7:3:12605:11580:2976#0/2	96.396	111	4	0	720	830	1	111	6.58e-44	183
NC_011593.1:c2595355-2593832	NB551033:88:H5VWJBGX7:3:23410:5722:14477#0/1	97.222	108	3	0	1311	1418	110	3	6.58e-44	183
NC_011593.1:c2595355-2593832	NB551033:88:H5VWJBGX7:4:12610:26032:16929#0/2	99.010	101	1	0	757	857	101	1	2.37e-43	182
NC_011593.1:c2595355-2593832	NB551033:88:H5VWJBGX7:4:11407:6261:15174#0/2	97.196	107	3	0	208	314	1	107	2.37e-43	182
NC_011593.1:c2595355-2593832	NB551033:88:H5VWJBGX7:4:12610:26032:16929#0/1	99.010	101	1	0	757	857	1	101	2.37e-43	182
NC_011593.1:c2595355-2593832	NB551033:88:H5VWJBGX7:4:11407:6261:15174#0/1	98.077	104	2	0	211	314	106	3	2.37e-43	182
NC_011593.1:c2595355-2593832	NB551033:88:H5VWJBGX7:4:21608:25161:5225#0/2	96.330	109	4	0	272	380	1	109	8.51e-43	180
NC_011593.1:c2595355-2593832	NB551033:88:H5VWJBGX7:4:21608:25161:5225#0/1	96.330	109	4	0	272	380	109	1	8.51e-43	180
NC_011593.1:c2595355-2593832	NB551033:88:H5VWJBGX7:2:11312:17077:4288#0/1	98.058	103	2	0	460	562	1	103	8.51e-43	180
NC_011593.1:c2595355-2593832	NB551033:88:H5VWJBGX7:3:21508:25036:18592#0/2	98.000	100	2	0	99	198	100	1	3.96e-41	174
NC_011593.1:c2595355-2593832	NB551033:88:H5VWJBGX7:3:21409:19190:14976#0/2	96.226	106	4	0	680	785	2	107	3.96e-41	174
NC_011593.1:c2595355-2593832	NB551033:88:H5VWJBGX7:3:21508:25036:18592#0/1	98.000	100	2	0	99	198	1	100	3.96e-41	174
NC_011593.1:c2595355-2593832	NB551033:88:H5VWJBGX7:3:21409:19190:14976#0/1	96.226	106	4	0	680	785	108	3	3.96e-41	174
NC_011593.1:c2595355-2593832	NB551033:88:H5VWJBGX7:1:13303:19413:11919#0/2	96.154	104	4	0	727	830	1	104	5.12e-40	171
NC_011593.1:c2595355-2593832	NB551033:88:H5VWJBGX7:3:21408:13438:18990#0/1	96.154	104	4	0	835	938	104	1	5.12e-40	171
NC_011593.1:c2595355-2593832	NB551033:88:H5VWJBGX7:3:21512:9517:15683#0/2	100.000	90	0	0	768	857	1	90	6.63e-39	167
NC_011593.1:c2595355-2593832	NB551033:88:H5VWJBGX7:2:12108:8621:1628#0/2	96.078	102	4	0	707	808	102	1	6.63e-39	167
NC_011593.1:c2595355-2593832	NB551033:88:H5VWJBGX7:3:21512:9517:15683#0/1	100.000	90	0	0	768	857	90	1	6.63e-39	167
NC_011593.1:c2595355-2593832	NB551033:88:H5VWJBGX7:2:12108:8621:1628#0/1	96.078	102	4	0	707	808	1	102	6.63e-39	167
NC_011593.1:c2595355-2593832	NB551033:88:H5VWJBGX7:1:13207:26171:16669#0/2	96.875	96	3	0	332	427	96	1	3.08e-37	161
NC_011593.1:c2595355-2593832	NB551033:88:H5VWJBGX7:1:13207:26171:16669#0/1	96.875	96	3	0	332	427	3	98	3.08e-37	161
NC_011593.1:c2595355-2593832	NB551033:88:H5VWJBGX7:4:21603:23275:9183#0/2	97.701	87	2	0	1114	1200	87	1	6.67e-34	150
NC_011593.1:c2595355-2593832	NB551033:88:H5VWJBGX7:2:21102:10655:1303#0/1	100.000	81	0	0	554	634	1	81	6.67e-34	150
NC_011593.1:c2595355-2593832	NB551033:88:H5VWJBGX7:2:12308:3871:14274#0/2	95.652	92	4	0	267	358	1	92	2.40e-33	148
NC_011593.1:c2595355-2593832	NB551033:88:H5VWJBGX7:2:21309:11049:20189#0/1	97.674	86	2	0	1178	1263	1	86	2.40e-33	148
NC_011593.1:c2595355-2593832	NB551033:88:H5VWJBGX7:3:13506:25631:11842#0/2	97.647	85	2	0	80	164	85	1	8.63e-33	147
NC_011593.1:c2595355-2593832	NB551033:88:H5VWJBGX7:3:13506:25631:11842#0/1	97.647	85	2	0	80	164	1	85	8.63e-33	147
NC_011593.1:c2595355-2593832	NB551033:88:H5VWJBGX7:1:22304:11844:17213#0/2	96.552	87	3	0	501	587	1	87	3.10e-32	145
NC_011593.1:c2595355-2593832	NB551033:88:H5VWJBGX7:1:22304:11844:17213#0/1	96.552	87	3	0	501	587	87	1	3.10e-32	145
NC_011593.1:c2595355-2593832	NB551033:88:H5VWJBGX7:3:11612:10427:6596#0/1	96.471	85	3	0	500	584	1	85	4.02e-31	141
NC_011593.1:c2595355-2593832	NB551033:88:H5VWJBGX7:4:23507:26208:15520#0/1	95.402	87	4	0	496	582	1	87	1.44e-30	139
NC_011593.1:c2595355-2593832	NB551033:88:H5VWJBGX7:2:12302:7261:11330#0/2	96.341	82	3	0	477	558	86	5	1.87e-29	135
NC_011593.1:c2595355-2593832	NB551033:88:H5VWJBGX7:2:12302:7261:11330#0/1	96.341	82	3	0	477	558	1	82	1.87e-29	135
NC_011593.1:c2595355-2593832	NB551033:88:H5VWJBGX7:3:12404:4336:3164#0/2	95.238	84	4	0	372	455	1	84	6.72e-29	134
NC_011593.1:c2595355-2593832	NB551033:88:H5VWJBGX7:3:12404:4336:3164#0/1	95.238	84	4	0	372	455	84	1	6.72e-29	134
NC_011593.1:c2595355-2593832	NB551033:88:H5VWJBGX7:4:13604:23566:3264#0/2	96.250	80	3	0	430	509	1	80	2.42e-28	132
NC_011593.1:c2595355-2593832	NB551033:88:H5VWJBGX7:4:13604:23566:3264#0/1	96.250	80	3	0	430	509	80	1	2.42e-28	132
NC_011593.1:c2595355-2593832	NB551033:88:H5VWJBGX7:2:12108:6366:15505#0/2	98.611	72	1	0	356	427	72	1	3.13e-27	128
NC_011593.1:c2595355-2593832	NB551033:88:H5VWJBGX7:4:22511:3188:3175#0/1	97.333	75	2	0	1396	1470	151	77	3.13e-27	128
NC_011593.1:c2595355-2593832	NB551033:88:H5VWJBGX7:2:12108:6366:15505#0/1	98.611	72	1	0	356	427	1	72	3.13e-27	128
NC_011593.1:c2595355-2593832	NB551033:88:H5VWJBGX7:1:23111:6683:18549#0/2	98.529	68	1	0	399	466	1	68	5.23e-25	121
NC_011593.1:c2595355-2593832	NB551033:88:H5VWJBGX7:1:23111:6683:18549#0/1	98.529	68	1	0	399	466	68	1	5.23e-25	121
NC_011593.1:c2595355-2593832	NB551033:88:H5VWJBGX7:3:23409:20850:9604#0/2	100.000	62	0	0	1010	1071	62	1	2.43e-23	115
NC_011593.1:c2595355-2593832	NB551033:88:H5VWJBGX7:1:23306:4837:17299#0/2	100.000	62	0	0	1010	1071	62	1	2.43e-23	115
NC_011593.1:c2595355-2593832	NB551033:88:H5VWJBGX7:3:23409:20850:9604#0/1	100.000	62	0	0	1010	1071	1	62	2.43e-23	115
NC_011593.1:c2595355-2593832	NB551033:88:H5VWJBGX7:1:23306:4837:17299#0/1	100.000	62	0	0	1010	1071	1	62	2.43e-23	115
NC_011593.1:c2595355-2593832	NB551033:88:H5VWJBGX7:2:21206:15043:7262#0/2	98.438	64	1	0	972	1035	64	1	8.76e-23	113
NC_011593.1:c2595355-2593832	NB551033:88:H5VWJBGX7:2:21104:6182:17884#0/2	98.438	64	1	0	1135	1198	1	64	8.76e-23	113
NC_011593.1:c2595355-2593832	NB551033:88:H5VWJBGX7:2:21104:6182:17884#0/1	98.438	64	1	0	1135	1198	64	1	8.76e-23	113
NC_011593.1:c2595355-2593832	NB551033:88:H5VWJBGX7:2:12206:10424:2452#0/2	98.361	61	1	0	1410	1470	1	61	4.07e-21	108
NC_011593.1:c2595355-2593832	NB551033:88:H5VWJBGX7:2:12206:10424:2452#0/1	98.361	61	1	0	1410	1470	76	16	4.07e-21	108
NC_011593.1:c2595355-2593832	NB551033:88:H5VWJBGX7:2:21102:10655:1303#0/2	98.333	60	1	0	978	1037	60	1	1.47e-20	106
NC_011593.1:c2595355-2593832	NB551033:88:H5VWJBGX7:1:21111:19074:12017#0/2	98.305	59	1	0	1171	1229	1	59	5.27e-20	104
NC_011593.1:c2595355-2593832	NB551033:88:H5VWJBGX7:3:13609:10043:10239#0/1	98.305	59	1	0	1412	1470	1	59	5.27e-20	104
NC_011593.1:c2595355-2593832	NB551033:88:H5VWJBGX7:3:11405:21315:5003#0/1	98.305	59	1	0	1412	1470	1	59	5.27e-20	104
NC_011593.1:c2595355-2593832	NB551033:88:H5VWJBGX7:1:21111:19074:12017#0/1	98.305	59	1	0	1171	1229	59	1	5.27e-20	104
NC_011593.1:c2595355-2593832	NB551033:88:H5VWJBGX7:2:11312:17077:4288#0/2	96.721	61	2	0	502	562	61	1	1.90e-19	102
NC_011593.1:c2595355-2593832	NB551033:88:H5VWJBGX7:4:21610:6864:4851#0/2	100.000	43	0	0	1428	1470	1	43	8.88e-13	80.5
# BLASTN 2.9.0+
# Query: NC_011593.1:c2597106-2595574 Bifidobacterium longum subsp. infantis ATCC 15697, complete genome
# Database: db/blast_C0592-1F-1A_S65.faa
# Fields: query acc.ver, subject acc.ver, % identity, alignment length, mismatches, gap opens, q. start, q. end, s. start, s. end, evalue, bit score
# 55 hits found
NC_011593.1:c2597106-2595574	NB551033:88:H5VWJBGX7:4:23405:19508:16957#0/2	95.804	143	6	0	398	540	5	147	2.33e-58	231
NC_011593.1:c2597106-2595574	NB551033:88:H5VWJBGX7:3:21511:12798:1877#0/2	95.804	143	6	0	398	540	5	147	2.33e-58	231
NC_011593.1:c2597106-2595574	NB551033:88:H5VWJBGX7:3:21607:7679:19705#0/1	95.172	145	7	0	386	530	145	1	8.38e-58	230
NC_011593.1:c2597106-2595574	NB551033:88:H5VWJBGX7:4:21501:11839:16642#0/2	96.721	122	4	0	386	507	122	1	5.08e-50	204
NC_011593.1:c2597106-2595574	NB551033:88:H5VWJBGX7:4:21501:11839:16642#0/1	95.312	128	6	0	380	507	3	130	5.08e-50	204
NC_011593.1:c2597106-2595574	NB551033:88:H5VWJBGX7:1:12204:16039:16862#0/1	95.276	127	6	0	429	555	1	127	1.83e-49	202
NC_011593.1:c2597106-2595574	NB551033:88:H5VWJBGX7:4:11506:1889:1186#0/1	95.833	120	5	0	428	547	121	2	3.06e-47	195
NC_011593.1:c2597106-2595574	NB551033:88:H5VWJBGX7:4:11608:12256:8160#0/2	95.000	120	6	0	214	333	151	32	1.42e-45	189
NC_011593.1:c2597106-2595574	NB551033:88:H5VWJBGX7:4:22603:26363:12506#0/1	95.000	120	6	0	214	333	151	32	1.42e-45	189
NC_011593.1:c2597106-2595574	NB551033:88:H5VWJBGX7:4:13602:3269:7433#0/1	95.000	120	6	0	214	333	132	13	1.42e-45	189
NC_011593.1:c2597106-2595574	NB551033:88:H5VWJBGX7:4:21601:5846:15622#0/2	95.575	113	5	0	214	326	15	127	2.38e-43	182
NC_011593.1:c2597106-2595574	NB551033:88:H5VWJBGX7:4:21601:5846:15622#0/1	95.575	113	5	0	214	326	113	1	2.38e-43	182
NC_011593.1:c2597106-2595574	NB551033:88:H5VWJBGX7:4:11407:6261:15174#0/2	95.146	103	5	0	214	316	7	109	8.62e-38	163
NC_011593.1:c2597106-2595574	NB551033:88:H5VWJBGX7:4:11407:6261:15174#0/1	95.146	103	5	0	214	316	103	1	8.62e-38	163
NC_011593.1:c2597106-2595574	NB551033:88:H5VWJBGX7:3:21410:21947:9879#0/2	95.098	102	5	0	1	102	102	1	3.10e-37	161
NC_011593.1:c2597106-2595574	NB551033:88:H5VWJBGX7:2:23212:9340:18447#0/2	95.098	102	5	0	1	102	102	1	3.10e-37	161
NC_011593.1:c2597106-2595574	NB551033:88:H5VWJBGX7:4:22501:12984:19845#0/1	95.098	102	5	0	1	102	102	1	3.10e-37	161
NC_011593.1:c2597106-2595574	NB551033:88:H5VWJBGX7:1:21206:20090:3694#0/2	98.765	81	1	0	1	81	67	147	3.12e-32	145
NC_011593.1:c2597106-2595574	NB551033:88:H5VWJBGX7:1:12201:10913:1822#0/2	98.765	81	1	0	1	81	88	8	3.12e-32	145
NC_011593.1:c2597106-2595574	NB551033:88:H5VWJBGX7:3:22611:6683:4839#0/2	97.531	81	2	0	1	81	88	8	1.45e-30	139
NC_011593.1:c2597106-2595574	NB551033:88:H5VWJBGX7:3:22611:6683:4839#0/1	97.531	81	2	0	1	81	5	85	1.45e-30	139
NC_011593.1:c2597106-2595574	NB551033:88:H5VWJBGX7:4:13604:23566:3264#0/2	97.500	80	2	0	430	509	1	80	5.23e-30	137
NC_011593.1:c2597106-2595574	NB551033:88:H5VWJBGX7:3:22609:7477:16422#0/2	98.701	77	1	0	1	77	74	150	5.23e-30	137
NC_011593.1:c2597106-2595574	NB551033:88:H5VWJBGX7:4:13604:23566:3264#0/1	97.500	80	2	0	430	509	80	1	5.23e-30	137
NC_011593.1:c2597106-2595574	NB551033:88:H5VWJBGX7:3:13601:14573:17935#0/1	98.701	77	1	0	1	77	74	150	5.23e-30	137
NC_011593.1:c2597106-2595574	NB551033:88:H5VWJBGX7:2:12105:9223:13819#0/2	95.294	85	4	0	246	330	1	85	1.88e-29	135
NC_011593.1:c2597106-2595574	NB551033:88:H5VWJBGX7:1:12301:26646:12343#0/2	100.000	73	0	0	1	73	75	147	1.88e-29	135
NC_011593.1:c2597106-2595574	NB551033:88:H5VWJBGX7:1:22305:5834:6813#0/1	100.000	73	0	0	1	73	74	146	1.88e-29	135
NC_011593.1:c2597106-2595574	NB551033:88:H5VWJBGX7:4:22511:3188:3175#0/1	97.333	75	2	0	1396	1470	151	77	3.15e-27	128
NC_011593.1:c2597106-2595574	NB551033:88:H5VWJBGX7:2:21201:9533:2045#0/2	100.000	65	0	0	1	65	65	1	5.26e-25	121
NC_011593.1:c2597106-2595574	NB551033:88:H5VWJBGX7:1:23111:6683:18549#0/2	98.529	68	1	0	399	466	1	68	5.26e-25	121
NC_011593.1:c2597106-2595574	NB551033:88:H5VWJBGX7:2:21201:9533:2045#0/1	100.000	65	0	0	1	65	27	91	5.26e-25	121
NC_011593.1:c2597106-2595574	NB551033:88:H5VWJBGX7:1:23111:6683:18549#0/1	98.529	68	1	0	399	466	68	1	5.26e-25	121
NC_011593.1:c2597106-2595574	NB551033:88:H5VWJBGX7:2:22202:13258:15836#0/2	98.485	66	1	0	1110	1175	5	70	6.81e-24	117
NC_011593.1:c2597106-2595574	NB551033:88:H5VWJBGX7:2:22202:13258:15836#0/1	95.833	72	3	0	1110	1181	73	2	6.81e-24	117
NC_011593.1:c2597106-2595574	NB551033:88:H5VWJBGX7:3:12609:4642:10084#0/2	95.775	71	3	0	439	509	71	1	2.45e-23	115
NC_011593.1:c2597106-2595574	NB551033:88:H5VWJBGX7:3:12609:4642:10084#0/1	95.775	71	3	0	439	509	1	71	2.45e-23	115
NC_011593.1:c2597106-2595574	NB551033:88:H5VWJBGX7:2:12308:3871:14274#0/2	96.875	64	2	0	267	330	1	64	4.10e-21	108
NC_011593.1:c2597106-2595574	NB551033:88:H5VWJBGX7:2:12206:10424:2452#0/2	98.361	61	1	0	1410	1470	1	61	4.10e-21	108
NC_011593.1:c2597106-2595574	NB551033:88:H5VWJBGX7:1:21108:26298:8510#0/2	96.875	64	2	0	477	540	65	2	4.10e-21	108
NC_011593.1:c2597106-2595574	NB551033:88:H5VWJBGX7:2:12206:10424:2452#0/1	98.361	61	1	0	1410	1470	76	16	4.10e-21	108
NC_011593.1:c2597106-2595574	NB551033:88:H5VWJBGX7:1:21108:26298:8510#0/1	96.875	64	2	0	477	540	1	64	4.10e-21	108
NC_011593.1:c2597106-2595574	NB551033:88:H5VWJBGX7:3:13609:10043:10239#0/1	98.305	59	1	0	1412	1470	1	59	5.30e-20	104
NC_011593.1:c2597106-2595574	NB551033:88:H5VWJBGX7:3:11405:21315:5003#0/1	98.305	59	1	0	1412	1470	1	59	5.30e-20	104
NC_011593.1:c2597106-2595574	NB551033:88:H5VWJBGX7:4:12604:4525:6306#0/2	100.000	55	0	0	1	55	45	99	1.91e-19	102
NC_011593.1:c2597106-2595574	NB551033:88:H5VWJBGX7:4:12404:5927:10636#0/2	100.000	55	0	0	1	55	43	97	1.91e-19	102
NC_011593.1:c2597106-2595574	NB551033:88:H5VWJBGX7:3:23512:1656:15528#0/2	100.000	55	0	0	1	55	55	1	1.91e-19	102
NC_011593.1:c2597106-2595574	NB551033:88:H5VWJBGX7:3:13510:21177:6301#0/2	100.000	55	0	0	1	55	55	1	1.91e-19	102
NC_011593.1:c2597106-2595574	NB551033:88:H5VWJBGX7:1:21107:8620:13668#0/2	100.000	55	0	0	1	55	55	1	1.91e-19	102
NC_011593.1:c2597106-2595574	NB551033:88:H5VWJBGX7:4:12604:4525:6306#0/1	100.000	55	0	0	1	55	55	1	1.91e-19	102
NC_011593.1:c2597106-2595574	NB551033:88:H5VWJBGX7:4:12404:5927:10636#0/1	100.000	55	0	0	1	55	55	1	1.91e-19	102
NC_011593.1:c2597106-2595574	NB551033:88:H5VWJBGX7:3:23512:1656:15528#0/1	100.000	55	0	0	1	55	74	128	1.91e-19	102
NC_011593.1:c2597106-2595574	NB551033:88:H5VWJBGX7:1:21107:8620:13668#0/1	100.000	55	0	0	1	55	27	81	1.91e-19	102
NC_011593.1:c2597106-2595574	NB551033:88:H5VWJBGX7:4:21610:6864:4851#0/2	100.000	43	0	0	1428	1470	1	43	8.93e-13	80.5
NC_011593.1:c2597106-2595574	NB551033:88:H5VWJBGX7:4:22501:12984:19845#0/2	100.000	37	0	0	1	37	115	151	1.93e-09	69.4
# BLASTN 2.9.0+
# Query: NC_011593.1:c2598562-2597207 Bifidobacterium longum subsp. infantis ATCC 15697, complete genome
# Database: db/blast_C0592-1F-1A_S65.faa
# Fields: query acc.ver, subject acc.ver, % identity, alignment length, mismatches, gap opens, q. start, q. end, s. start, s. end, evalue, bit score
# 43 hits found
NC_011593.1:c2598562-2597207	NB551033:88:H5VWJBGX7:4:12608:24866:8460#0/2	100.000	151	0	0	1146	1296	1	151	7.24e-73	279
NC_011593.1:c2598562-2597207	NB551033:88:H5VWJBGX7:3:12509:19112:11781#0/2	100.000	151	0	0	566	716	1	151	7.24e-73	279
NC_011593.1:c2598562-2597207	NB551033:88:H5VWJBGX7:3:11606:3854:14174#0/2	100.000	151	0	0	533	683	1	151	7.24e-73	279
NC_011593.1:c2598562-2597207	NB551033:88:H5VWJBGX7:2:13207:19395:7323#0/2	100.000	151	0	0	562	712	1	151	7.24e-73	279
NC_011593.1:c2598562-2597207	NB551033:88:H5VWJBGX7:3:23604:21575:14514#0/1	100.000	151	0	0	1141	1291	1	151	7.24e-73	279
NC_011593.1:c2598562-2597207	NB551033:88:H5VWJBGX7:3:12407:17322:15278#0/1	100.000	151	0	0	1195	1345	151	1	7.24e-73	279
NC_011593.1:c2598562-2597207	NB551033:88:H5VWJBGX7:2:21307:21350:11846#0/1	100.000	151	0	0	614	764	151	1	7.24e-73	279
NC_011593.1:c2598562-2597207	NB551033:88:H5VWJBGX7:2:21307:21350:11846#0/2	100.000	150	0	0	304	453	1	150	2.60e-72	278
NC_011593.1:c2598562-2597207	NB551033:88:H5VWJBGX7:4:21406:9744:13599#0/1	100.000	150	0	0	546	695	150	1	2.60e-72	278
NC_011593.1:c2598562-2597207	NB551033:88:H5VWJBGX7:3:11606:3854:14174#0/1	100.000	150	0	0	763	912	150	1	2.60e-72	278
NC_011593.1:c2598562-2597207	NB551033:88:H5VWJBGX7:2:13207:19395:7323#0/1	100.000	150	0	0	729	878	150	1	2.60e-72	278
NC_011593.1:c2598562-2597207	NB551033:88:H5VWJBGX7:1:23104:22127:9061#0/1	100.000	150	0	0	1159	1308	150	1	2.60e-72	278
NC_011593.1:c2598562-2597207	NB551033:88:H5VWJBGX7:1:12301:19293:8907#0/2	100.000	148	0	0	1152	1299	148	1	3.37e-71	274
NC_011593.1:c2598562-2597207	NB551033:88:H5VWJBGX7:3:12502:12682:8171#0/1	99.338	151	1	0	1101	1251	1	151	3.37e-71	274
NC_011593.1:c2598562-2597207	NB551033:88:H5VWJBGX7:4:13508:7667:13437#0/2	99.333	150	1	0	330	479	150	1	1.21e-70	272
NC_011593.1:c2598562-2597207	NB551033:88:H5VWJBGX7:1:12208:4649:5422#0/2	99.333	150	1	0	622	771	150	1	1.21e-70	272
NC_011593.1:c2598562-2597207	NB551033:88:H5VWJBGX7:3:12407:17322:15278#0/2	99.329	149	1	0	1060	1208	3	151	4.36e-70	270
NC_011593.1:c2598562-2597207	NB551033:88:H5VWJBGX7:2:13202:10802:11664#0/2	99.329	149	1	0	1118	1266	1	149	4.36e-70	270
NC_011593.1:c2598562-2597207	NB551033:88:H5VWJBGX7:1:12301:19293:8907#0/1	100.000	146	0	0	1090	1235	6	151	4.36e-70	270
NC_011593.1:c2598562-2597207	NB551033:88:H5VWJBGX7:4:22504:22402:6924#0/2	98.675	151	2	0	413	563	151	1	1.57e-69	268
NC_011593.1:c2598562-2597207	NB551033:88:H5VWJBGX7:3:13603:11953:2590#0/2	97.987	149	3	0	1078	1226	149	1	9.43e-67	259
NC_011593.1:c2598562-2597207	NB551033:88:H5VWJBGX7:1:21112:4894:15978#0/2	100.000	138	0	0	564	701	138	1	1.22e-65	255
NC_011593.1:c2598562-2597207	NB551033:88:H5VWJBGX7:1:21112:4894:15978#0/1	100.000	138	0	0	564	701	1	138	1.22e-65	255
NC_011593.1:c2598562-2597207	NB551033:88:H5VWJBGX7:1:12208:4649:5422#0/1	100.000	135	0	0	199	333	1	135	5.68e-64	250
NC_011593.1:c2598562-2597207	NB551033:88:H5VWJBGX7:4:12512:8851:15030#0/2	100.000	133	0	0	171	303	1	133	7.34e-63	246
NC_011593.1:c2598562-2597207	NB551033:88:H5VWJBGX7:4:12512:8851:15030#0/1	100.000	133	0	0	171	303	133	1	7.34e-63	246
NC_011593.1:c2598562-2597207	NB551033:88:H5VWJBGX7:4:11408:22456:11230#0/2	100.000	129	0	0	654	782	1	129	1.23e-60	239
NC_011593.1:c2598562-2597207	NB551033:88:H5VWJBGX7:4:11408:22456:11230#0/1	100.000	129	0	0	654	782	129	1	1.23e-60	239
NC_011593.1:c2598562-2597207	NB551033:88:H5VWJBGX7:3:21512:18497:19135#0/2	96.429	140	5	0	1072	1211	140	1	2.06e-58	231
NC_011593.1:c2598562-2597207	NB551033:88:H5VWJBGX7:2:13202:10802:11664#0/1	100.000	107	0	0	1250	1356	150	44	2.09e-48	198
NC_011593.1:c2598562-2597207	NB551033:88:H5VWJBGX7:4:23411:23110:8341#0/2	97.368	114	3	0	1127	1240	114	1	2.70e-47	195
NC_011593.1:c2598562-2597207	NB551033:88:H5VWJBGX7:4:22504:22402:6924#0/1	100.000	84	0	0	138	221	67	150	1.27e-35	156
NC_011593.1:c2598562-2597207	NB551033:88:H5VWJBGX7:4:23510:20112:1953#0/2	100.000	82	0	0	138	219	82	1	1.65e-34	152
NC_011593.1:c2598562-2597207	NB551033:88:H5VWJBGX7:4:23510:20112:1953#0/1	100.000	82	0	0	138	219	4	85	1.65e-34	152
NC_011593.1:c2598562-2597207	NB551033:88:H5VWJBGX7:4:21501:19219:15822#0/2	100.000	80	0	0	1060	1139	70	149	2.13e-33	148
NC_011593.1:c2598562-2597207	NB551033:88:H5VWJBGX7:2:21305:11354:16292#0/2	100.000	78	0	0	825	902	1	78	2.76e-32	145
NC_011593.1:c2598562-2597207	NB551033:88:H5VWJBGX7:2:21305:11354:16292#0/1	100.000	78	0	0	825	902	78	1	2.76e-32	145
NC_011593.1:c2598562-2597207	NB551033:88:H5VWJBGX7:3:23604:21575:14514#0/2	100.000	72	0	0	1285	1356	151	80	5.97e-29	134
NC_011593.1:c2598562-2597207	NB551033:88:H5VWJBGX7:4:12608:24866:8460#0/1	100.000	71	0	0	1286	1356	150	80	2.15e-28	132
NC_011593.1:c2598562-2597207	NB551033:88:H5VWJBGX7:3:21606:2463:2559#0/1	100.000	71	0	0	1060	1130	71	1	2.15e-28	132
NC_011593.1:c2598562-2597207	NB551033:88:H5VWJBGX7:1:12101:2698:19452#0/1	100.000	58	0	0	1060	1117	94	151	3.62e-21	108
NC_011593.1:c2598562-2597207	NB551033:88:H5VWJBGX7:4:21406:9744:13599#0/2	100.000	45	0	0	138	182	107	151	6.09e-14	84.2
NC_011593.1:c2598562-2597207	NB551033:88:H5VWJBGX7:3:12509:19112:11781#0/1	100.000	34	0	0	1031	1064	150	117	7.94e-08	63.9
# BLASTN 2.9.0+
# Query: NC_011593.1:2598858-2601929 Bifidobacterium longum subsp. infantis ATCC 15697, complete genome
# Database: db/blast_C0592-1F-1A_S65.faa
# Fields: query acc.ver, subject acc.ver, % identity, alignment length, mismatches, gap opens, q. start, q. end, s. start, s. end, evalue, bit score
# 421 hits found
NC_011593.1:2598858-2601929	NB551033:88:H5VWJBGX7:4:11609:15172:14513#0/2	100.000	151	0	0	1740	1890	1	151	1.64e-72	279
NC_011593.1:2598858-2601929	NB551033:88:H5VWJBGX7:3:21601:26289:5792#0/2	100.000	151	0	0	1740	1890	1	151	1.64e-72	279
NC_011593.1:2598858-2601929	NB551033:88:H5VWJBGX7:2:22209:4326:16252#0/2	100.000	151	0	0	199	349	151	1	1.64e-72	279
NC_011593.1:2598858-2601929	NB551033:88:H5VWJBGX7:1:22205:26780:12782#0/2	100.000	151	0	0	1703	1853	1	151	1.64e-72	279
NC_011593.1:2598858-2601929	NB551033:88:H5VWJBGX7:1:22204:1326:12777#0/2	100.000	151	0	0	1703	1853	1	151	1.64e-72	279
NC_011593.1:2598858-2601929	NB551033:88:H5VWJBGX7:1:12203:9824:9934#0/2	100.000	151	0	0	1614	1764	1	151	1.64e-72	279
NC_011593.1:2598858-2601929	NB551033:88:H5VWJBGX7:1:11207:26394:15595#0/2	100.000	151	0	0	921	1071	1	151	1.64e-72	279
NC_011593.1:2598858-2601929	NB551033:88:H5VWJBGX7:3:23402:3251:1068#0/1	100.000	151	0	0	914	1064	151	1	1.64e-72	279
NC_011593.1:2598858-2601929	NB551033:88:H5VWJBGX7:3:22612:13831:13983#0/1	100.000	151	0	0	1721	1871	151	1	1.64e-72	279
NC_011593.1:2598858-2601929	NB551033:88:H5VWJBGX7:2:21208:21375:12369#0/1	100.000	151	0	0	2427	2577	151	1	1.64e-72	279
NC_011593.1:2598858-2601929	NB551033:88:H5VWJBGX7:2:13106:3785:8052#0/1	100.000	151	0	0	921	1071	1	151	1.64e-72	279
NC_011593.1:2598858-2601929	NB551033:88:H5VWJBGX7:1:23201:22287:13079#0/1	100.000	151	0	0	1700	1850	151	1	1.64e-72	279
NC_011593.1:2598858-2601929	NB551033:88:H5VWJBGX7:1:22205:26780:12782#0/1	100.000	151	0	0	1717	1867	151	1	1.64e-72	279
NC_011593.1:2598858-2601929	NB551033:88:H5VWJBGX7:1:22204:1326:12777#0/1	100.000	151	0	0	1717	1867	151	1	1.64e-72	279
NC_011593.1:2598858-2601929	NB551033:88:H5VWJBGX7:1:12109:5114:1255#0/1	100.000	151	0	0	1563	1713	1	151	1.64e-72	279
NC_011593.1:2598858-2601929	NB551033:88:H5VWJBGX7:3:12606:6458:16407#0/2	100.000	150	0	0	1649	1798	1	150	5.91e-72	278
NC_011593.1:2598858-2601929	NB551033:88:H5VWJBGX7:2:13212:13726:10972#0/2	100.000	150	0	0	1567	1716	150	1	5.91e-72	278
NC_011593.1:2598858-2601929	NB551033:88:H5VWJBGX7:1:23206:19008:19407#0/2	100.000	150	0	0	1736	1885	150	1	5.91e-72	278
NC_011593.1:2598858-2601929	NB551033:88:H5VWJBGX7:1:23202:14580:1760#0/2	100.000	150	0	0	200	349	150	1	5.91e-72	278
NC_011593.1:2598858-2601929	NB551033:88:H5VWJBGX7:1:13109:22465:16182#0/2	100.000	150	0	0	912	1061	1	150	5.91e-72	278
NC_011593.1:2598858-2601929	NB551033:88:H5VWJBGX7:4:13511:7629:16614#0/1	100.000	150	0	0	1692	1841	1	150	5.91e-72	278
NC_011593.1:2598858-2601929	NB551033:88:H5VWJBGX7:4:12403:22079:14123#0/1	100.000	150	0	0	1580	1729	150	1	5.91e-72	278
NC_011593.1:2598858-2601929	NB551033:88:H5VWJBGX7:4:11509:20596:8091#0/1	100.000	150	0	0	197	346	1	150	5.91e-72	278
NC_011593.1:2598858-2601929	NB551033:88:H5VWJBGX7:1:23206:19008:19407#0/1	100.000	150	0	0	1647	1796	1	150	5.91e-72	278
NC_011593.1:2598858-2601929	NB551033:88:H5VWJBGX7:1:21202:17655:7658#0/1	100.000	150	0	0	1677	1826	1	150	5.91e-72	278
NC_011593.1:2598858-2601929	NB551033:88:H5VWJBGX7:1:11106:19381:12645#0/1	100.000	150	0	0	1635	1784	150	1	5.91e-72	278
NC_011593.1:2598858-2601929	NB551033:88:H5VWJBGX7:4:21403:12061:3290#0/2	100.000	149	0	0	1617	1765	1	149	2.13e-71	276
NC_011593.1:2598858-2601929	NB551033:88:H5VWJBGX7:4:12508:25929:16751#0/2	100.000	149	0	0	206	354	149	1	2.13e-71	276
NC_011593.1:2598858-2601929	NB551033:88:H5VWJBGX7:3:23601:24576:8622#0/2	100.000	149	0	0	1717	1865	1	149	2.13e-71	276
NC_011593.1:2598858-2601929	NB551033:88:H5VWJBGX7:3:21512:11751:10657#0/2	100.000	149	0	0	320	468	1	149	2.13e-71	276
NC_011593.1:2598858-2601929	NB551033:88:H5VWJBGX7:2:21306:21869:16372#0/2	100.000	149	0	0	175	323	149	1	2.13e-71	276
NC_011593.1:2598858-2601929	NB551033:88:H5VWJBGX7:1:11202:3162:2889#0/2	100.000	149	0	0	206	354	149	1	2.13e-71	276
NC_011593.1:2598858-2601929	NB551033:88:H5VWJBGX7:3:23506:12012:11010#0/1	100.000	149	0	0	1558	1706	149	1	2.13e-71	276
NC_011593.1:2598858-2601929	NB551033:88:H5VWJBGX7:2:23209:25961:11059#0/1	100.000	149	0	0	370	518	150	2	2.13e-71	276
NC_011593.1:2598858-2601929	NB551033:88:H5VWJBGX7:2:23205:10802:3047#0/1	100.000	149	0	0	206	354	149	1	2.13e-71	276
NC_011593.1:2598858-2601929	NB551033:88:H5VWJBGX7:2:21306:21869:16372#0/1	100.000	149	0	0	175	323	3	151	2.13e-71	276
NC_011593.1:2598858-2601929	NB551033:88:H5VWJBGX7:1:22110:2286:11125#0/1	100.000	149	0	0	226	374	149	1	2.13e-71	276
NC_011593.1:2598858-2601929	NB551033:88:H5VWJBGX7:4:23601:7971:6770#0/2	99.338	151	1	0	2741	2891	151	1	7.65e-71	274
NC_011593.1:2598858-2601929	NB551033:88:H5VWJBGX7:4:13511:10378:15846#0/2	99.338	151	1	0	688	838	151	1	7.65e-71	274
NC_011593.1:2598858-2601929	NB551033:88:H5VWJBGX7:2:23301:8533:9551#0/2	99.338	151	1	0	1363	1513	1	151	7.65e-71	274
NC_011593.1:2598858-2601929	NB551033:88:H5VWJBGX7:2:22308:12244:17509#0/2	99.338	151	1	0	333	483	151	1	7.65e-71	274
NC_011593.1:2598858-2601929	NB551033:88:H5VWJBGX7:2:21306:3840:1112#0/2	99.338	151	1	0	1830	1980	1	151	7.65e-71	274
NC_011593.1:2598858-2601929	NB551033:88:H5VWJBGX7:2:21212:2464:15212#0/2	99.338	151	1	0	1908	2058	151	1	7.65e-71	274
NC_011593.1:2598858-2601929	NB551033:88:H5VWJBGX7:2:12206:11676:7362#0/2	99.338	151	1	0	2749	2899	151	1	7.65e-71	274
NC_011593.1:2598858-2601929	NB551033:88:H5VWJBGX7:1:22201:16993:12258#0/2	99.338	151	1	0	231	381	151	1	7.65e-71	274
NC_011593.1:2598858-2601929	NB551033:88:H5VWJBGX7:1:22110:2286:11125#0/2	99.338	151	1	0	160	310	1	151	7.65e-71	274
NC_011593.1:2598858-2601929	NB551033:88:H5VWJBGX7:4:22404:16376:7739#0/1	99.338	151	1	0	705	855	1	151	7.65e-71	274
NC_011593.1:2598858-2601929	NB551033:88:H5VWJBGX7:4:21601:17648:1979#0/1	99.338	151	1	0	705	855	1	151	7.65e-71	274
NC_011593.1:2598858-2601929	NB551033:88:H5VWJBGX7:4:21504:8934:11519#0/1	99.338	151	1	0	158	308	1	151	7.65e-71	274
NC_011593.1:2598858-2601929	NB551033:88:H5VWJBGX7:4:12508:25929:16751#0/1	99.338	151	1	0	168	318	1	151	7.65e-71	274
NC_011593.1:2598858-2601929	NB551033:88:H5VWJBGX7:3:23601:24576:8622#0/1	99.338	151	1	0	1839	1989	151	1	7.65e-71	274
NC_011593.1:2598858-2601929	NB551033:88:H5VWJBGX7:3:21409:23812:12008#0/1	99.338	151	1	0	976	1126	1	151	7.65e-71	274
NC_011593.1:2598858-2601929	NB551033:88:H5VWJBGX7:3:13609:18209:11450#0/1	99.338	151	1	0	688	838	151	1	7.65e-71	274
NC_011593.1:2598858-2601929	NB551033:88:H5VWJBGX7:3:12610:10128:11312#0/1	99.338	151	1	0	1765	1915	1	151	7.65e-71	274
NC_011593.1:2598858-2601929	NB551033:88:H5VWJBGX7:3:11602:12946:6462#0/1	100.000	148	0	0	1677	1824	1	148	7.65e-71	274
NC_011593.1:2598858-2601929	NB551033:88:H5VWJBGX7:3:11508:13669:13992#0/1	99.338	151	1	0	333	483	151	1	7.65e-71	274
NC_011593.1:2598858-2601929	NB551033:88:H5VWJBGX7:2:22308:12244:17509#0/1	99.338	151	1	0	269	419	1	151	7.65e-71	274
NC_011593.1:2598858-2601929	NB551033:88:H5VWJBGX7:2:22206:9991:5059#0/1	99.338	151	1	0	12	162	151	1	7.65e-71	274
NC_011593.1:2598858-2601929	NB551033:88:H5VWJBGX7:2:21212:2464:15212#0/1	99.338	151	1	0	1836	1986	1	151	7.65e-71	274
NC_011593.1:2598858-2601929	NB551033:88:H5VWJBGX7:2:13101:3355:7627#0/1	100.000	148	0	0	938	1085	150	3	7.65e-71	274
NC_011593.1:2598858-2601929	NB551033:88:H5VWJBGX7:2:12301:6305:2035#0/1	99.338	151	1	0	383	533	1	151	7.65e-71	274
NC_011593.1:2598858-2601929	NB551033:88:H5VWJBGX7:1:23202:14580:1760#0/1	99.338	151	1	0	115	265	1	151	7.65e-71	274
NC_011593.1:2598858-2601929	NB551033:88:H5VWJBGX7:1:13206:2831:6175#0/1	99.338	151	1	0	333	483	151	1	7.65e-71	274
NC_011593.1:2598858-2601929	NB551033:88:H5VWJBGX7:1:11210:10388:12405#0/1	99.338	151	1	0	963	1113	1	151	7.65e-71	274
NC_011593.1:2598858-2601929	NB551033:88:H5VWJBGX7:1:11202:3162:2889#0/1	99.338	151	1	0	168	318	1	151	7.65e-71	274
NC_011593.1:2598858-2601929	NB551033:88:H5VWJBGX7:1:11101:2143:7478#0/1	99.338	151	1	0	1190	1340	1	151	7.65e-71	274
NC_011593.1:2598858-2601929	NB551033:88:H5VWJBGX7:4:12410:1841:4947#0/2	99.333	150	1	0	319	468	1	150	2.75e-70	272
NC_011593.1:2598858-2601929	NB551033:88:H5VWJBGX7:4:11601:14708:17994#0/2	99.333	150	1	0	2207	2356	1	150	2.75e-70	272
NC_011593.1:2598858-2601929	NB551033:88:H5VWJBGX7:3:22510:19512:13191#0/2	99.333	150	1	0	254	403	1	150	2.75e-70	272
NC_011593.1:2598858-2601929	NB551033:88:H5VWJBGX7:3:22504:5152:9700#0/2	99.333	150	1	0	2192	2341	150	1	2.75e-70	272
NC_011593.1:2598858-2601929	NB551033:88:H5VWJBGX7:3:21512:16401:18921#0/2	99.333	150	1	0	712	861	1	150	2.75e-70	272
NC_011593.1:2598858-2601929	NB551033:88:H5VWJBGX7:3:21404:13352:6326#0/2	99.333	150	1	0	690	839	1	150	2.75e-70	272
NC_011593.1:2598858-2601929	NB551033:88:H5VWJBGX7:2:23209:25961:11059#0/2	99.333	150	1	0	16	165	1	150	2.75e-70	272
NC_011593.1:2598858-2601929	NB551033:88:H5VWJBGX7:2:22309:1331:10517#0/2	99.333	150	1	0	2192	2341	150	1	2.75e-70	272
NC_011593.1:2598858-2601929	NB551033:88:H5VWJBGX7:2:21310:25728:17122#0/2	99.333	150	1	0	955	1104	150	1	2.75e-70	272
NC_011593.1:2598858-2601929	NB551033:88:H5VWJBGX7:2:13308:18579:20376#0/2	99.333	150	1	0	2887	3036	1	150	2.75e-70	272
NC_011593.1:2598858-2601929	NB551033:88:H5VWJBGX7:2:11312:2315:19469#0/2	99.333	150	1	0	1931	2080	150	1	2.75e-70	272
NC_011593.1:2598858-2601929	NB551033:88:H5VWJBGX7:1:23201:22287:13079#0/2	99.333	150	1	0	1568	1717	1	150	2.75e-70	272
NC_011593.1:2598858-2601929	NB551033:88:H5VWJBGX7:1:22204:10905:14760#0/2	99.333	150	1	0	312	461	150	1	2.75e-70	272
NC_011593.1:2598858-2601929	NB551033:88:H5VWJBGX7:1:21202:17655:7658#0/2	99.333	150	1	0	1885	2034	150	1	2.75e-70	272
NC_011593.1:2598858-2601929	NB551033:88:H5VWJBGX7:1:12109:5114:1255#0/2	99.333	150	1	0	1779	1928	150	1	2.75e-70	272
NC_011593.1:2598858-2601929	NB551033:88:H5VWJBGX7:4:21408:10600:11682#0/1	99.333	150	1	0	270	419	1	150	2.75e-70	272
NC_011593.1:2598858-2601929	NB551033:88:H5VWJBGX7:4:21403:12061:3290#0/1	99.333	150	1	0	1772	1921	150	1	2.75e-70	272
NC_011593.1:2598858-2601929	NB551033:88:H5VWJBGX7:4:13609:2387:12976#0/1	99.333	150	1	0	2740	2889	150	1	2.75e-70	272
NC_011593.1:2598858-2601929	NB551033:88:H5VWJBGX7:4:12603:15417:13762#0/1	99.333	150	1	0	1200	1349	1	150	2.75e-70	272
NC_011593.1:2598858-2601929	NB551033:88:H5VWJBGX7:4:12412:16911:8337#0/1	100.000	147	0	0	372	518	1	147	2.75e-70	272
NC_011593.1:2598858-2601929	NB551033:88:H5VWJBGX7:3:23606:5614:17183#0/1	99.333	150	1	0	2740	2889	150	1	2.75e-70	272
NC_011593.1:2598858-2601929	NB551033:88:H5VWJBGX7:3:22504:5152:9700#0/1	99.333	150	1	0	1951	2100	1	150	2.75e-70	272
NC_011593.1:2598858-2601929	NB551033:88:H5VWJBGX7:3:21608:22847:20197#0/1	99.333	150	1	0	300	449	1	150	2.75e-70	272
NC_011593.1:2598858-2601929	NB551033:88:H5VWJBGX7:2:22309:1331:10517#0/1	99.333	150	1	0	1951	2100	1	150	2.75e-70	272
NC_011593.1:2598858-2601929	NB551033:88:H5VWJBGX7:2:12106:6453:2396#0/1	99.333	150	1	0	1755	1904	1	150	2.75e-70	272
NC_011593.1:2598858-2601929	NB551033:88:H5VWJBGX7:1:22211:6924:6279#0/1	99.333	150	1	0	270	419	1	150	2.75e-70	272
NC_011593.1:2598858-2601929	NB551033:88:H5VWJBGX7:1:22208:5440:10831#0/1	99.333	150	1	0	21	170	150	1	2.75e-70	272
NC_011593.1:2598858-2601929	NB551033:88:H5VWJBGX7:1:22204:10905:14760#0/1	99.333	150	1	0	259	408	1	150	2.75e-70	272
NC_011593.1:2598858-2601929	NB551033:88:H5VWJBGX7:1:13108:2451:14335#0/1	99.333	150	1	0	940	1089	1	150	2.75e-70	272
NC_011593.1:2598858-2601929	NB551033:88:H5VWJBGX7:1:12203:9824:9934#0/1	99.333	150	1	0	1753	1902	150	1	2.75e-70	272
NC_011593.1:2598858-2601929	NB551033:88:H5VWJBGX7:3:23503:10724:8908#0/2	99.329	149	1	0	2177	2325	1	149	9.89e-70	270
NC_011593.1:2598858-2601929	NB551033:88:H5VWJBGX7:2:13303:6218:18101#0/2	99.329	149	1	0	339	487	1	149	9.89e-70	270
NC_011593.1:2598858-2601929	NB551033:88:H5VWJBGX7:4:23609:26420:14808#0/1	100.000	146	0	0	2392	2537	146	1	9.89e-70	270
NC_011593.1:2598858-2601929	NB551033:88:H5VWJBGX7:4:12403:13401:12697#0/1	99.329	149	1	0	2758	2906	151	3	9.89e-70	270
NC_011593.1:2598858-2601929	NB551033:88:H5VWJBGX7:4:11609:15172:14513#0/1	99.329	149	1	0	1766	1914	149	1	9.89e-70	270
NC_011593.1:2598858-2601929	NB551033:88:H5VWJBGX7:3:23507:21240:12591#0/1	99.329	149	1	0	226	374	149	1	9.89e-70	270
NC_011593.1:2598858-2601929	NB551033:88:H5VWJBGX7:2:13303:6218:18101#0/1	99.329	149	1	0	339	487	149	1	9.89e-70	270
NC_011593.1:2598858-2601929	NB551033:88:H5VWJBGX7:4:22607:19843:5743#0/2	98.675	151	2	0	640	790	1	151	3.56e-69	268
NC_011593.1:2598858-2601929	NB551033:88:H5VWJBGX7:3:23506:12012:11010#0/2	98.675	151	2	0	1532	1682	1	151	3.56e-69	268
NC_011593.1:2598858-2601929	NB551033:88:H5VWJBGX7:3:23403:17904:14005#0/2	98.675	151	2	0	2875	3025	151	1	3.56e-69	268
NC_011593.1:2598858-2601929	NB551033:88:H5VWJBGX7:3:21608:22847:20197#0/2	98.675	151	2	0	394	544	151	1	3.56e-69	268
NC_011593.1:2598858-2601929	NB551033:88:H5VWJBGX7:3:21409:23812:12008#0/2	98.675	151	2	0	1072	1222	151	1	3.56e-69	268
NC_011593.1:2598858-2601929	NB551033:88:H5VWJBGX7:3:13403:25346:13367#0/2	98.675	151	2	0	391	541	1	151	3.56e-69	268
NC_011593.1:2598858-2601929	NB551033:88:H5VWJBGX7:3:12501:24473:13348#0/2	98.675	151	2	0	2892	3042	151	1	3.56e-69	268
NC_011593.1:2598858-2601929	NB551033:88:H5VWJBGX7:3:12412:8369:19555#0/2	98.675	151	2	0	2571	2721	1	151	3.56e-69	268
NC_011593.1:2598858-2601929	NB551033:88:H5VWJBGX7:3:11412:23058:16616#0/2	98.675	151	2	0	2482	2632	151	1	3.56e-69	268
NC_011593.1:2598858-2601929	NB551033:88:H5VWJBGX7:3:11411:15119:11483#0/2	98.675	151	2	0	56	206	1	151	3.56e-69	268
NC_011593.1:2598858-2601929	NB551033:88:H5VWJBGX7:2:22108:10349:8562#0/2	98.675	151	2	0	2864	3014	1	151	3.56e-69	268
NC_011593.1:2598858-2601929	NB551033:88:H5VWJBGX7:2:21208:21375:12369#0/2	99.324	148	1	0	2211	2358	1	148	3.56e-69	268
NC_011593.1:2598858-2601929	NB551033:88:H5VWJBGX7:2:12106:6453:2396#0/2	98.675	151	2	0	1880	2030	151	1	3.56e-69	268
NC_011593.1:2598858-2601929	NB551033:88:H5VWJBGX7:2:11111:6027:15035#0/2	99.324	148	1	0	2406	2553	1	148	3.56e-69	268
NC_011593.1:2598858-2601929	NB551033:88:H5VWJBGX7:1:12205:2169:15389#0/2	98.675	151	2	0	2821	2971	1	151	3.56e-69	268
NC_011593.1:2598858-2601929	NB551033:88:H5VWJBGX7:1:11212:3541:13215#0/2	98.675	151	2	0	1048	1198	151	1	3.56e-69	268
NC_011593.1:2598858-2601929	NB551033:88:H5VWJBGX7:1:11103:20793:19968#0/2	98.675	151	2	0	612	762	151	1	3.56e-69	268
NC_011593.1:2598858-2601929	NB551033:88:H5VWJBGX7:1:11101:2143:7478#0/2	98.675	151	2	0	1283	1433	151	1	3.56e-69	268
NC_011593.1:2598858-2601929	NB551033:88:H5VWJBGX7:4:13607:1872:17626#0/1	98.675	151	2	0	1363	1513	1	151	3.56e-69	268
NC_011593.1:2598858-2601929	NB551033:88:H5VWJBGX7:4:13504:5360:2455#0/1	98.675	151	2	0	2516	2666	1	151	3.56e-69	268
NC_011593.1:2598858-2601929	NB551033:88:H5VWJBGX7:4:12410:1841:4947#0/1	98.675	151	2	0	602	752	151	1	3.56e-69	268
NC_011593.1:2598858-2601929	NB551033:88:H5VWJBGX7:4:11508:7853:3915#0/1	98.675	151	2	0	1317	1467	151	1	3.56e-69	268
NC_011593.1:2598858-2601929	NB551033:88:H5VWJBGX7:3:23409:18266:15366#0/1	98.675	151	2	0	573	723	151	1	3.56e-69	268
NC_011593.1:2598858-2601929	NB551033:88:H5VWJBGX7:3:23403:17904:14005#0/1	98.675	151	2	0	2819	2969	1	151	3.56e-69	268
NC_011593.1:2598858-2601929	NB551033:88:H5VWJBGX7:3:22510:14729:17919#0/1	98.675	151	2	0	1048	1198	151	1	3.56e-69	268
NC_011593.1:2598858-2601929	NB551033:88:H5VWJBGX7:3:22407:23521:10199#0/1	98.675	151	2	0	2810	2960	151	1	3.56e-69	268
NC_011593.1:2598858-2601929	NB551033:88:H5VWJBGX7:3:21602:16876:12967#0/1	98.675	151	2	0	1244	1394	151	1	3.56e-69	268
NC_011593.1:2598858-2601929	NB551033:88:H5VWJBGX7:3:21601:26289:5792#0/1	98.675	151	2	0	2349	2499	151	1	3.56e-69	268
NC_011593.1:2598858-2601929	NB551033:88:H5VWJBGX7:3:21507:17990:10412#0/1	98.675	151	2	0	1048	1198	151	1	3.56e-69	268
NC_011593.1:2598858-2601929	NB551033:88:H5VWJBGX7:3:21411:5129:17370#0/1	98.675	151	2	0	2868	3018	151	1	3.56e-69	268
NC_011593.1:2598858-2601929	NB551033:88:H5VWJBGX7:3:12501:24473:13348#0/1	98.675	151	2	0	2518	2668	1	151	3.56e-69	268
NC_011593.1:2598858-2601929	NB551033:88:H5VWJBGX7:3:12412:8369:19555#0/1	98.675	151	2	0	2823	2973	151	1	3.56e-69	268
NC_011593.1:2598858-2601929	NB551033:88:H5VWJBGX7:2:23301:8533:9551#0/1	98.675	151	2	0	1523	1673	151	1	3.56e-69	268
NC_011593.1:2598858-2601929	NB551033:88:H5VWJBGX7:2:22108:10349:8562#0/1	98.675	151	2	0	2875	3025	151	1	3.56e-69	268
NC_011593.1:2598858-2601929	NB551033:88:H5VWJBGX7:2:11312:2315:19469#0/1	98.675	151	2	0	1860	2010	1	151	3.56e-69	268
NC_011593.1:2598858-2601929	NB551033:88:H5VWJBGX7:1:22210:18118:17162#0/1	98.675	151	2	0	600	750	1	151	3.56e-69	268
NC_011593.1:2598858-2601929	NB551033:88:H5VWJBGX7:1:12205:2169:15389#0/1	98.675	151	2	0	2897	3047	151	1	3.56e-69	268
NC_011593.1:2598858-2601929	NB551033:88:H5VWJBGX7:1:12102:10403:14502#0/1	98.675	151	2	0	76	226	151	1	3.56e-69	268
NC_011593.1:2598858-2601929	NB551033:88:H5VWJBGX7:1:11302:12522:19292#0/1	98.675	151	2	0	659	809	151	1	3.56e-69	268
NC_011593.1:2598858-2601929	NB551033:88:H5VWJBGX7:1:11212:3541:13215#0/1	98.675	151	2	0	1045	1195	1	151	3.56e-69	268
NC_011593.1:2598858-2601929	NB551033:88:H5VWJBGX7:4:23403:9762:1683#0/2	98.667	150	2	0	2147	2296	1	150	1.28e-68	267
NC_011593.1:2598858-2601929	NB551033:88:H5VWJBGX7:4:22409:15717:9515#0/2	98.667	150	2	0	682	831	1	150	1.28e-68	267
NC_011593.1:2598858-2601929	NB551033:88:H5VWJBGX7:4:12509:24275:10961#0/2	98.667	150	2	0	2457	2606	1	150	1.28e-68	267
NC_011593.1:2598858-2601929	NB551033:88:H5VWJBGX7:4:12403:22079:14123#0/2	98.667	150	2	0	1367	1516	1	150	1.28e-68	267
NC_011593.1:2598858-2601929	NB551033:88:H5VWJBGX7:4:11512:22276:8177#0/2	98.667	150	2	0	106	255	1	150	1.28e-68	267
NC_011593.1:2598858-2601929	NB551033:88:H5VWJBGX7:3:23612:9042:12432#0/2	98.667	150	2	0	2147	2296	1	150	1.28e-68	267
NC_011593.1:2598858-2601929	NB551033:88:H5VWJBGX7:3:22612:13831:13983#0/2	98.667	150	2	0	1497	1646	1	150	1.28e-68	267
NC_011593.1:2598858-2601929	NB551033:88:H5VWJBGX7:3:21411:5129:17370#0/2	98.667	150	2	0	2383	2532	1	150	1.28e-68	267
NC_011593.1:2598858-2601929	NB551033:88:H5VWJBGX7:3:21409:16349:5421#0/2	98.667	150	2	0	2777	2926	1	150	1.28e-68	267
NC_011593.1:2598858-2601929	NB551033:88:H5VWJBGX7:3:12511:16732:17191#0/2	98.667	150	2	0	1382	1531	150	1	1.28e-68	267
NC_011593.1:2598858-2601929	NB551033:88:H5VWJBGX7:3:11611:8533:11083#0/2	98.667	150	2	0	571	720	150	1	1.28e-68	267
NC_011593.1:2598858-2601929	NB551033:88:H5VWJBGX7:3:11602:12946:6462#0/2	100.000	144	0	0	1681	1824	144	1	1.28e-68	267
NC_011593.1:2598858-2601929	NB551033:88:H5VWJBGX7:2:23102:9549:7962#0/2	98.667	150	2	0	2453	2602	1	150	1.28e-68	267
NC_011593.1:2598858-2601929	NB551033:88:H5VWJBGX7:2:22212:24241:3231#0/2	98.667	150	2	0	977	1126	150	1	1.28e-68	267
NC_011593.1:2598858-2601929	NB551033:88:H5VWJBGX7:2:21105:21507:19368#0/2	98.667	150	2	0	79	228	150	1	1.28e-68	267
NC_011593.1:2598858-2601929	NB551033:88:H5VWJBGX7:1:23308:22719:13626#0/2	98.667	150	2	0	2778	2927	1	150	1.28e-68	267
NC_011593.1:2598858-2601929	NB551033:88:H5VWJBGX7:1:23111:9513:12082#0/2	98.667	150	2	0	1508	1657	150	1	1.28e-68	267
NC_011593.1:2598858-2601929	NB551033:88:H5VWJBGX7:1:22210:18118:17162#0/2	98.667	150	2	0	619	768	150	1	1.28e-68	267
NC_011593.1:2598858-2601929	NB551033:88:H5VWJBGX7:1:13209:10823:7747#0/2	98.667	150	2	0	1014	1163	150	1	1.28e-68	267
NC_011593.1:2598858-2601929	NB551033:88:H5VWJBGX7:1:11210:10388:12405#0/2	98.667	150	2	0	1049	1198	150	1	1.28e-68	267
NC_011593.1:2598858-2601929	NB551033:88:H5VWJBGX7:4:12411:2129:14486#0/1	98.667	150	2	0	1080	1229	1	150	1.28e-68	267
NC_011593.1:2598858-2601929	NB551033:88:H5VWJBGX7:2:23102:9549:7962#0/1	98.667	150	2	0	2455	2604	150	1	1.28e-68	267
NC_011593.1:2598858-2601929	NB551033:88:H5VWJBGX7:2:21310:6098:10861#0/1	98.667	150	2	0	2764	2913	150	1	1.28e-68	267
NC_011593.1:2598858-2601929	NB551033:88:H5VWJBGX7:2:21108:5287:19325#0/1	98.667	150	2	0	625	774	1	150	1.28e-68	267
NC_011593.1:2598858-2601929	NB551033:88:H5VWJBGX7:2:13305:7156:3541#0/1	98.667	150	2	0	1873	2022	1	150	1.28e-68	267
NC_011593.1:2598858-2601929	NB551033:88:H5VWJBGX7:2:11303:25753:8012#0/1	98.667	150	2	0	132	281	150	1	1.28e-68	267
NC_011593.1:2598858-2601929	NB551033:88:H5VWJBGX7:1:21310:25321:6842#0/1	98.667	150	2	0	1590	1739	1	150	1.28e-68	267
NC_011593.1:2598858-2601929	NB551033:88:H5VWJBGX7:1:13209:10823:7747#0/1	98.667	150	2	0	981	1130	1	150	1.28e-68	267
NC_011593.1:2598858-2601929	NB551033:88:H5VWJBGX7:1:13104:23551:12581#0/1	98.667	150	2	0	2528	2677	1	150	1.28e-68	267
NC_011593.1:2598858-2601929	NB551033:88:H5VWJBGX7:4:23511:16998:16040#0/2	98.658	149	2	0	2770	2918	149	1	4.60e-68	265
NC_011593.1:2598858-2601929	NB551033:88:H5VWJBGX7:4:12509:19832:11817#0/2	98.658	149	2	0	1319	1467	1	149	4.60e-68	265
NC_011593.1:2598858-2601929	NB551033:88:H5VWJBGX7:1:21303:5729:20026#0/2	98.658	149	2	0	2295	2443	149	1	4.60e-68	265
NC_011593.1:2598858-2601929	NB551033:88:H5VWJBGX7:4:12509:19832:11817#0/1	98.658	149	2	0	1319	1467	149	1	4.60e-68	265
NC_011593.1:2598858-2601929	NB551033:88:H5VWJBGX7:1:23308:22719:13626#0/1	98.658	149	2	0	2803	2951	149	1	4.60e-68	265
NC_011593.1:2598858-2601929	NB551033:88:H5VWJBGX7:1:11103:20793:19968#0/1	98.658	149	2	0	393	541	1	149	4.60e-68	265
NC_011593.1:2598858-2601929	NB551033:88:H5VWJBGX7:4:23611:22965:14973#0/2	98.013	151	3	0	1264	1414	151	1	1.66e-67	263
NC_011593.1:2598858-2601929	NB551033:88:H5VWJBGX7:4:23604:24336:4722#0/2	98.013	151	3	0	1094	1244	1	151	1.66e-67	263
NC_011593.1:2598858-2601929	NB551033:88:H5VWJBGX7:4:23407:7677:9692#0/2	98.013	151	3	0	738	888	151	1	1.66e-67	263
NC_011593.1:2598858-2601929	NB551033:88:H5VWJBGX7:4:23406:15114:6693#0/2	98.649	148	2	0	1396	1543	148	1	1.66e-67	263
NC_011593.1:2598858-2601929	NB551033:88:H5VWJBGX7:4:21509:4442:4911#0/2	98.013	151	3	0	1199	1349	151	1	1.66e-67	263
NC_011593.1:2598858-2601929	NB551033:88:H5VWJBGX7:4:21408:10600:11682#0/2	98.649	148	2	0	403	550	151	4	1.66e-67	263
NC_011593.1:2598858-2601929	NB551033:88:H5VWJBGX7:4:12511:15892:6971#0/2	98.013	151	3	0	2046	2196	1	151	1.66e-67	263
NC_011593.1:2598858-2601929	NB551033:88:H5VWJBGX7:3:23504:8835:4630#0/2	98.013	151	3	0	2105	2255	1	151	1.66e-67	263
NC_011593.1:2598858-2601929	NB551033:88:H5VWJBGX7:3:22510:14729:17919#0/2	98.013	151	3	0	880	1030	1	151	1.66e-67	263
NC_011593.1:2598858-2601929	NB551033:88:H5VWJBGX7:3:21602:16876:12967#0/2	98.013	151	3	0	1172	1322	1	151	1.66e-67	263
NC_011593.1:2598858-2601929	NB551033:88:H5VWJBGX7:3:13407:15647:3812#0/2	98.013	151	3	0	1297	1447	1	151	1.66e-67	263
NC_011593.1:2598858-2601929	NB551033:88:H5VWJBGX7:3:11602:8193:4979#0/2	98.013	151	3	0	2778	2928	1	151	1.66e-67	263
NC_011593.1:2598858-2601929	NB551033:88:H5VWJBGX7:2:21301:2414:2533#0/2	98.013	151	3	0	2318	2468	1	151	1.66e-67	263
NC_011593.1:2598858-2601929	NB551033:88:H5VWJBGX7:2:13303:23590:11661#0/2	98.013	151	3	0	2053	2203	1	151	1.66e-67	263
NC_011593.1:2598858-2601929	NB551033:88:H5VWJBGX7:2:13106:3785:8052#0/2	98.013	151	3	0	1067	1217	151	1	1.66e-67	263
NC_011593.1:2598858-2601929	NB551033:88:H5VWJBGX7:2:12102:19613:9252#0/2	98.013	151	3	0	1335	1485	151	1	1.66e-67	263
NC_011593.1:2598858-2601929	NB551033:88:H5VWJBGX7:2:11302:18167:12099#0/2	98.013	151	3	0	2114	2264	151	1	1.66e-67	263
NC_011593.1:2598858-2601929	NB551033:88:H5VWJBGX7:2:11206:7983:18156#0/2	98.649	148	2	0	1396	1543	148	1	1.66e-67	263
NC_011593.1:2598858-2601929	NB551033:88:H5VWJBGX7:1:23109:15197:18099#0/2	98.013	151	3	0	2339	2489	151	1	1.66e-67	263
NC_011593.1:2598858-2601929	NB551033:88:H5VWJBGX7:1:22104:12431:19114#0/2	98.013	151	3	0	1493	1643	151	1	1.66e-67	263
NC_011593.1:2598858-2601929	NB551033:88:H5VWJBGX7:1:13104:23551:12581#0/2	98.013	151	3	0	2540	2690	151	1	1.66e-67	263
NC_011593.1:2598858-2601929	NB551033:88:H5VWJBGX7:1:12112:19329:9641#0/2	98.013	151	3	0	1359	1509	151	1	1.66e-67	263
NC_011593.1:2598858-2601929	NB551033:88:H5VWJBGX7:1:12103:9391:3308#0/2	98.013	151	3	0	2501	2651	151	1	1.66e-67	263
NC_011593.1:2598858-2601929	NB551033:88:H5VWJBGX7:1:11302:12522:19292#0/2	98.649	148	2	0	609	756	1	148	1.66e-67	263
NC_011593.1:2598858-2601929	NB551033:88:H5VWJBGX7:4:21509:4442:4911#0/1	98.013	151	3	0	1138	1288	1	151	1.66e-67	263
NC_011593.1:2598858-2601929	NB551033:88:H5VWJBGX7:4:13403:22116:19810#0/1	98.013	151	3	0	1124	1274	151	1	1.66e-67	263
NC_011593.1:2598858-2601929	NB551033:88:H5VWJBGX7:4:12609:2445:17515#0/1	98.013	151	3	0	2560	2710	151	1	1.66e-67	263
NC_011593.1:2598858-2601929	NB551033:88:H5VWJBGX7:4:12511:15892:6971#0/1	98.013	151	3	0	2566	2716	151	1	1.66e-67	263
NC_011593.1:2598858-2601929	NB551033:88:H5VWJBGX7:4:12509:24275:10961#0/1	98.013	151	3	0	2544	2694	151	1	1.66e-67	263
NC_011593.1:2598858-2601929	NB551033:88:H5VWJBGX7:3:13404:17352:3445#0/1	98.013	151	3	0	2124	2274	1	151	1.66e-67	263
NC_011593.1:2598858-2601929	NB551033:88:H5VWJBGX7:3:12606:6458:16407#0/1	98.013	151	3	0	2341	2491	151	1	1.66e-67	263
NC_011593.1:2598858-2601929	NB551033:88:H5VWJBGX7:2:13212:13726:10972#0/1	98.013	151	3	0	1474	1624	1	151	1.66e-67	263
NC_011593.1:2598858-2601929	NB551033:88:H5VWJBGX7:2:12311:13722:10473#0/1	98.649	148	2	0	706	853	148	1	1.66e-67	263
NC_011593.1:2598858-2601929	NB551033:88:H5VWJBGX7:2:12206:11676:7362#0/1	98.013	151	3	0	2638	2788	1	151	1.66e-67	263
NC_011593.1:2598858-2601929	NB551033:88:H5VWJBGX7:2:11302:18167:12099#0/1	98.013	151	3	0	2105	2255	1	151	1.66e-67	263
NC_011593.1:2598858-2601929	NB551033:88:H5VWJBGX7:1:23111:9513:12082#0/1	98.013	151	3	0	1138	1288	1	151	1.66e-67	263
NC_011593.1:2598858-2601929	NB551033:88:H5VWJBGX7:1:22202:11227:11831#0/1	98.013	151	3	0	1186	1336	1	151	1.66e-67	263
NC_011593.1:2598858-2601929	NB551033:88:H5VWJBGX7:1:13309:14184:10261#0/1	98.013	151	3	0	1334	1484	151	1	1.66e-67	263
NC_011593.1:2598858-2601929	NB551033:88:H5VWJBGX7:1:13109:22465:16182#0/1	98.013	151	3	0	1197	1347	151	1	1.66e-67	263
NC_011593.1:2598858-2601929	NB551033:88:H5VWJBGX7:1:11303:12390:14259#0/1	98.013	151	3	0	1438	1588	151	1	1.66e-67	263
NC_011593.1:2598858-2601929	NB551033:88:H5VWJBGX7:4:23609:26420:14808#0/2	98.000	150	3	0	2367	2516	1	150	5.95e-67	261
NC_011593.1:2598858-2601929	NB551033:88:H5VWJBGX7:4:13607:1872:17626#0/2	98.000	150	3	0	1447	1596	150	1	5.95e-67	261
NC_011593.1:2598858-2601929	NB551033:88:H5VWJBGX7:4:12609:2445:17515#0/2	98.000	150	3	0	2545	2694	1	150	5.95e-67	261
NC_011593.1:2598858-2601929	NB551033:88:H5VWJBGX7:4:12412:16911:8337#0/2	98.000	150	3	0	1391	1540	150	1	5.95e-67	261
NC_011593.1:2598858-2601929	NB551033:88:H5VWJBGX7:4:12411:2129:14486#0/2	98.000	150	3	0	1383	1532	150	1	5.95e-67	261
NC_011593.1:2598858-2601929	NB551033:88:H5VWJBGX7:4:12403:13401:12697#0/2	98.000	150	3	0	2650	2799	1	150	5.95e-67	261
NC_011593.1:2598858-2601929	NB551033:88:H5VWJBGX7:3:22407:23521:10199#0/2	98.000	150	3	0	2539	2688	1	150	5.95e-67	261
NC_011593.1:2598858-2601929	NB551033:88:H5VWJBGX7:3:21409:24466:16442#0/2	98.000	150	3	0	1107	1256	1	150	5.95e-67	261
NC_011593.1:2598858-2601929	NB551033:88:H5VWJBGX7:3:13609:18209:11450#0/2	98.000	150	3	0	637	786	1	150	5.95e-67	261
NC_011593.1:2598858-2601929	NB551033:88:H5VWJBGX7:3:13407:11704:3688#0/2	98.000	150	3	0	2348	2497	150	1	5.95e-67	261
NC_011593.1:2598858-2601929	NB551033:88:H5VWJBGX7:3:11602:13989:3686#0/2	98.639	147	2	0	1410	1556	148	2	5.95e-67	261
NC_011593.1:2598858-2601929	NB551033:88:H5VWJBGX7:2:21310:6098:10861#0/2	98.000	150	3	0	2543	2692	1	150	5.95e-67	261
NC_011593.1:2598858-2601929	NB551033:88:H5VWJBGX7:2:21108:5287:19325#0/2	98.000	150	3	0	877	1026	150	1	5.95e-67	261
NC_011593.1:2598858-2601929	NB551033:88:H5VWJBGX7:2:13205:19779:17876#0/2	98.000	150	3	0	1437	1586	1	150	5.95e-67	261
NC_011593.1:2598858-2601929	NB551033:88:H5VWJBGX7:2:12301:6305:2035#0/2	98.000	150	3	0	877	1026	150	1	5.95e-67	261
NC_011593.1:2598858-2601929	NB551033:88:H5VWJBGX7:2:11311:3018:4650#0/2	98.000	150	3	0	2323	2472	1	150	5.95e-67	261
NC_011593.1:2598858-2601929	NB551033:88:H5VWJBGX7:2:11303:25753:8012#0/2	98.000	150	3	0	81	230	1	150	5.95e-67	261
NC_011593.1:2598858-2601929	NB551033:88:H5VWJBGX7:1:23202:21745:5399#0/2	98.000	150	3	0	2147	2296	1	150	5.95e-67	261
NC_011593.1:2598858-2601929	NB551033:88:H5VWJBGX7:1:13108:2451:14335#0/2	98.000	150	3	0	1125	1274	150	1	5.95e-67	261
NC_011593.1:2598858-2601929	NB551033:88:H5VWJBGX7:1:11303:12390:14259#0/2	98.000	150	3	0	1425	1574	1	150	5.95e-67	261
NC_011593.1:2598858-2601929	NB551033:88:H5VWJBGX7:4:23611:22965:14973#0/1	98.000	150	3	0	1145	1294	1	150	5.95e-67	261
NC_011593.1:2598858-2601929	NB551033:88:H5VWJBGX7:4:23407:7677:9692#0/1	98.000	150	3	0	553	702	1	150	5.95e-67	261
NC_011593.1:2598858-2601929	NB551033:88:H5VWJBGX7:4:23406:15114:6693#0/1	98.000	150	3	0	1128	1277	1	150	5.95e-67	261
NC_011593.1:2598858-2601929	NB551033:88:H5VWJBGX7:4:21406:16284:17739#0/1	98.000	150	3	0	2688	2837	1	150	5.95e-67	261
NC_011593.1:2598858-2601929	NB551033:88:H5VWJBGX7:4:13511:10378:15846#0/1	98.000	150	3	0	632	781	1	150	5.95e-67	261
NC_011593.1:2598858-2601929	NB551033:88:H5VWJBGX7:3:21409:24466:16442#0/1	98.000	150	3	0	1108	1257	150	1	5.95e-67	261
NC_011593.1:2598858-2601929	NB551033:88:H5VWJBGX7:3:13407:15647:3812#0/1	98.000	150	3	0	1333	1482	150	1	5.95e-67	261
NC_011593.1:2598858-2601929	NB551033:88:H5VWJBGX7:3:11602:13989:3686#0/1	98.639	147	2	0	1410	1556	1	147	5.95e-67	261
NC_011593.1:2598858-2601929	NB551033:88:H5VWJBGX7:2:21301:2414:2533#0/1	98.000	150	3	0	2355	2504	150	1	5.95e-67	261
NC_011593.1:2598858-2601929	NB551033:88:H5VWJBGX7:2:12102:19613:9252#0/1	98.000	150	3	0	1271	1420	1	150	5.95e-67	261
NC_011593.1:2598858-2601929	NB551033:88:H5VWJBGX7:2:11311:3018:4650#0/1	98.000	150	3	0	2355	2504	150	1	5.95e-67	261
NC_011593.1:2598858-2601929	NB551033:88:H5VWJBGX7:1:23202:21745:5399#0/1	98.000	150	3	0	2147	2296	150	1	5.95e-67	261
NC_011593.1:2598858-2601929	NB551033:88:H5VWJBGX7:1:22104:12431:19114#0/1	98.000	150	3	0	1344	1493	1	150	5.95e-67	261
NC_011593.1:2598858-2601929	NB551033:88:H5VWJBGX7:1:12112:19329:9641#0/1	98.000	150	3	0	1146	1295	1	150	5.95e-67	261
NC_011593.1:2598858-2601929	NB551033:88:H5VWJBGX7:1:11207:26394:15595#0/1	98.000	150	3	0	1144	1293	150	1	5.95e-67	261
NC_011593.1:2598858-2601929	NB551033:88:H5VWJBGX7:4:11508:7853:3915#0/2	97.987	149	3	0	1247	1395	1	149	2.14e-66	259
NC_011593.1:2598858-2601929	NB551033:88:H5VWJBGX7:3:21406:17505:7431#0/2	97.987	149	3	0	608	756	1	149	2.14e-66	259
NC_011593.1:2598858-2601929	NB551033:88:H5VWJBGX7:1:22202:11227:11831#0/2	98.630	146	2	0	1235	1380	146	1	2.14e-66	259
NC_011593.1:2598858-2601929	NB551033:88:H5VWJBGX7:3:12511:16732:17191#0/1	97.987	149	3	0	1180	1328	1	149	2.14e-66	259
NC_011593.1:2598858-2601929	NB551033:88:H5VWJBGX7:2:21306:3840:1112#0/1	99.301	143	1	0	2161	2303	143	1	2.14e-66	259
NC_011593.1:2598858-2601929	NB551033:88:H5VWJBGX7:2:13303:23590:11661#0/1	99.301	143	1	0	2161	2303	143	1	2.14e-66	259
NC_011593.1:2598858-2601929	NB551033:88:H5VWJBGX7:2:11107:11158:18427#0/1	97.987	149	3	0	92	240	1	149	2.14e-66	259
NC_011593.1:2598858-2601929	NB551033:88:H5VWJBGX7:2:11106:1667:11809#0/1	99.301	143	1	0	1190	1332	1	143	2.14e-66	259
NC_011593.1:2598858-2601929	NB551033:88:H5VWJBGX7:1:23109:15197:18099#0/1	97.987	149	3	0	2333	2481	1	149	2.14e-66	259
NC_011593.1:2598858-2601929	NB551033:88:H5VWJBGX7:4:13609:2387:12976#0/2	97.351	151	4	0	2624	2774	1	151	7.70e-66	257
NC_011593.1:2598858-2601929	NB551033:88:H5VWJBGX7:4:13504:5360:2455#0/2	97.973	148	3	0	2917	3064	148	1	7.70e-66	257
NC_011593.1:2598858-2601929	NB551033:88:H5VWJBGX7:3:23606:5614:17183#0/2	97.351	151	4	0	2624	2774	1	151	7.70e-66	257
NC_011593.1:2598858-2601929	NB551033:88:H5VWJBGX7:3:12610:10128:11312#0/2	97.351	151	4	0	2298	2448	151	1	7.70e-66	257
NC_011593.1:2598858-2601929	NB551033:88:H5VWJBGX7:1:22304:13478:2503#0/2	97.973	148	3	0	2538	2685	1	148	7.70e-66	257
NC_011593.1:2598858-2601929	NB551033:88:H5VWJBGX7:1:13309:14184:10261#0/2	97.973	148	3	0	1214	1361	1	148	7.70e-66	257
NC_011593.1:2598858-2601929	NB551033:88:H5VWJBGX7:1:11107:11051:3625#0/2	97.351	151	4	0	2595	2745	1	151	7.70e-66	257
NC_011593.1:2598858-2601929	NB551033:88:H5VWJBGX7:4:23604:24336:4722#0/1	97.351	151	4	0	1461	1611	151	1	7.70e-66	257
NC_011593.1:2598858-2601929	NB551033:88:H5VWJBGX7:4:23403:9762:1683#0/1	97.351	151	4	0	2295	2445	151	1	7.70e-66	257
NC_011593.1:2598858-2601929	NB551033:88:H5VWJBGX7:4:22607:19843:5743#0/1	97.973	148	3	0	1162	1309	148	1	7.70e-66	257
NC_011593.1:2598858-2601929	NB551033:88:H5VWJBGX7:3:23612:9042:12432#0/1	97.351	151	4	0	2295	2445	151	1	7.70e-66	257
NC_011593.1:2598858-2601929	NB551033:88:H5VWJBGX7:3:23504:8835:4630#0/1	97.351	151	4	0	2624	2774	151	1	7.70e-66	257
NC_011593.1:2598858-2601929	NB551033:88:H5VWJBGX7:2:13308:18579:20376#0/1	97.973	148	3	0	2917	3064	148	1	7.70e-66	257
NC_011593.1:2598858-2601929	NB551033:88:H5VWJBGX7:1:22304:13478:2503#0/1	97.973	148	3	0	2538	2685	148	1	7.70e-66	257
NC_011593.1:2598858-2601929	NB551033:88:H5VWJBGX7:4:13511:7629:16614#0/2	98.621	145	1	1	2159	2303	144	1	2.77e-65	255
NC_011593.1:2598858-2601929	NB551033:88:H5VWJBGX7:2:13201:15061:2200#0/2	97.959	147	3	0	1516	1662	1	147	2.77e-65	255
NC_011593.1:2598858-2601929	NB551033:88:H5VWJBGX7:1:22211:6924:6279#0/2	97.959	147	3	0	404	550	150	4	2.77e-65	255
NC_011593.1:2598858-2601929	NB551033:88:H5VWJBGX7:1:11301:4138:11161#0/2	97.333	150	4	0	2283	2432	1	150	2.77e-65	255
NC_011593.1:2598858-2601929	NB551033:88:H5VWJBGX7:4:23511:16998:16040#0/1	97.959	147	3	0	2586	2732	1	147	2.77e-65	255
NC_011593.1:2598858-2601929	NB551033:88:H5VWJBGX7:4:22402:20780:4476#0/1	97.333	150	4	0	800	949	150	1	2.77e-65	255
NC_011593.1:2598858-2601929	NB551033:88:H5VWJBGX7:3:23503:10724:8908#0/1	97.333	150	4	0	2261	2410	150	1	2.77e-65	255
NC_011593.1:2598858-2601929	NB551033:88:H5VWJBGX7:3:21406:17505:7431#0/1	97.333	150	4	0	882	1031	150	1	2.77e-65	255
NC_011593.1:2598858-2601929	NB551033:88:H5VWJBGX7:3:13407:11704:3688#0/1	97.333	150	4	0	2288	2437	1	150	2.77e-65	255
NC_011593.1:2598858-2601929	NB551033:88:H5VWJBGX7:3:11412:23058:16616#0/1	97.333	150	4	0	2273	2422	1	150	2.77e-65	255
NC_011593.1:2598858-2601929	NB551033:88:H5VWJBGX7:2:21310:25728:17122#0/1	97.333	150	4	0	867	1016	1	150	2.77e-65	255
NC_011593.1:2598858-2601929	NB551033:88:H5VWJBGX7:2:11206:7983:18156#0/1	97.333	150	4	0	1128	1277	1	150	2.77e-65	255
NC_011593.1:2598858-2601929	NB551033:88:H5VWJBGX7:1:23103:9718:1427#0/1	97.333	150	4	0	2670	2819	1	150	2.77e-65	255
NC_011593.1:2598858-2601929	NB551033:88:H5VWJBGX7:1:11301:4138:11161#0/1	97.333	150	4	0	2293	2442	150	1	2.77e-65	255
NC_011593.1:2598858-2601929	NB551033:88:H5VWJBGX7:4:21504:8934:11519#0/2	97.945	146	3	0	553	698	146	1	9.96e-65	254
NC_011593.1:2598858-2601929	NB551033:88:H5VWJBGX7:3:13603:9221:4079#0/2	99.286	140	1	0	895	1034	2	141	9.96e-65	254
NC_011593.1:2598858-2601929	NB551033:88:H5VWJBGX7:2:21203:18922:16190#0/2	99.286	140	1	0	685	824	140	1	9.96e-65	254
NC_011593.1:2598858-2601929	NB551033:88:H5VWJBGX7:4:23404:14860:9282#0/1	97.315	149	4	0	866	1014	149	1	9.96e-65	254
NC_011593.1:2598858-2601929	NB551033:88:H5VWJBGX7:4:13502:24637:3896#0/1	100.000	137	0	0	919	1055	1	137	9.96e-65	254
NC_011593.1:2598858-2601929	NB551033:88:H5VWJBGX7:3:13603:9221:4079#0/1	100.000	137	0	0	898	1034	137	1	9.96e-65	254
NC_011593.1:2598858-2601929	NB551033:88:H5VWJBGX7:2:21206:16781:3755#0/1	97.945	146	3	0	553	698	6	151	9.96e-65	254
NC_011593.1:2598858-2601929	NB551033:88:H5VWJBGX7:2:21203:18922:16190#0/1	98.601	143	2	0	682	824	1	143	9.96e-65	254
NC_011593.1:2598858-2601929	NB551033:88:H5VWJBGX7:4:13502:24637:3896#0/2	100.000	136	0	0	920	1055	136	1	3.58e-64	252
NC_011593.1:2598858-2601929	NB551033:88:H5VWJBGX7:4:13403:22116:19810#0/2	96.689	151	5	0	848	998	1	151	3.58e-64	252
NC_011593.1:2598858-2601929	NB551033:88:H5VWJBGX7:3:21507:17990:10412#0/2	96.689	151	5	0	880	1030	1	151	3.58e-64	252
NC_011593.1:2598858-2601929	NB551033:88:H5VWJBGX7:2:21206:16781:3755#0/2	96.689	151	5	0	779	929	151	1	3.58e-64	252
NC_011593.1:2598858-2601929	NB551033:88:H5VWJBGX7:1:12104:9192:17198#0/2	97.931	145	3	0	744	888	1	145	3.58e-64	252
NC_011593.1:2598858-2601929	NB551033:88:H5VWJBGX7:4:22409:15717:9515#0/1	96.689	151	5	0	779	929	151	1	3.58e-64	252
NC_011593.1:2598858-2601929	NB551033:88:H5VWJBGX7:4:13401:6632:4208#0/1	96.689	151	5	0	542	692	151	1	3.58e-64	252
NC_011593.1:2598858-2601929	NB551033:88:H5VWJBGX7:4:11601:14708:17994#0/1	96.689	151	5	0	2544	2694	151	1	3.58e-64	252
NC_011593.1:2598858-2601929	NB551033:88:H5VWJBGX7:3:12504:9158:10946#0/1	96.689	151	5	0	458	608	151	1	3.58e-64	252
NC_011593.1:2598858-2601929	NB551033:88:H5VWJBGX7:1:12104:9192:17198#0/1	97.931	145	3	0	744	888	145	1	3.58e-64	252
NC_011593.1:2598858-2601929	NB551033:88:H5VWJBGX7:1:12103:9391:3308#0/1	96.689	151	5	0	2257	2407	1	151	3.58e-64	252
NC_011593.1:2598858-2601929	NB551033:88:H5VWJBGX7:4:23404:14860:9282#0/2	97.297	148	3	1	745	892	1	147	1.29e-63	250
NC_011593.1:2598858-2601929	NB551033:88:H5VWJBGX7:4:21509:3692:4376#0/2	98.582	141	2	0	2883	3023	1	141	1.29e-63	250
NC_011593.1:2598858-2601929	NB551033:88:H5VWJBGX7:4:13401:6632:4208#0/2	96.667	150	5	0	529	678	1	150	1.29e-63	250
NC_011593.1:2598858-2601929	NB551033:88:H5VWJBGX7:3:23507:21240:12591#0/2	98.582	141	2	0	94	234	1	141	1.29e-63	250
NC_011593.1:2598858-2601929	NB551033:88:H5VWJBGX7:3:23409:18266:15366#0/2	96.667	150	5	0	529	678	1	150	1.29e-63	250
NC_011593.1:2598858-2601929	NB551033:88:H5VWJBGX7:3:12504:9158:10946#0/2	96.667	150	5	0	453	602	1	150	1.29e-63	250
NC_011593.1:2598858-2601929	NB551033:88:H5VWJBGX7:2:21102:25231:11817#0/2	99.275	138	1	0	254	391	1	138	1.29e-63	250
NC_011593.1:2598858-2601929	NB551033:88:H5VWJBGX7:2:11107:11158:18427#0/2	96.667	150	5	0	473	622	150	1	1.29e-63	250
NC_011593.1:2598858-2601929	NB551033:88:H5VWJBGX7:4:21509:3692:4376#0/1	98.582	141	2	0	2883	3023	141	1	1.29e-63	250
NC_011593.1:2598858-2601929	NB551033:88:H5VWJBGX7:4:11512:22276:8177#0/1	96.667	150	5	0	454	603	150	1	1.29e-63	250
NC_011593.1:2598858-2601929	NB551033:88:H5VWJBGX7:3:21409:16349:5421#0/1	97.917	144	3	0	2929	3072	151	8	1.29e-63	250
NC_011593.1:2598858-2601929	NB551033:88:H5VWJBGX7:3:11602:8193:4979#0/1	97.917	144	3	0	2929	3072	151	8	1.29e-63	250
NC_011593.1:2598858-2601929	NB551033:88:H5VWJBGX7:2:22212:24241:3231#0/1	96.667	150	5	0	784	933	1	150	1.29e-63	250
NC_011593.1:2598858-2601929	NB551033:88:H5VWJBGX7:2:21102:25231:11817#0/1	99.275	138	1	0	254	391	138	1	1.29e-63	250
NC_011593.1:2598858-2601929	NB551033:88:H5VWJBGX7:4:22402:20780:4476#0/2	96.644	149	5	0	451	599	1	149	4.63e-63	248
NC_011593.1:2598858-2601929	NB551033:88:H5VWJBGX7:2:11106:1667:11809#0/2	97.902	143	3	0	1291	1433	143	1	4.63e-63	248
NC_011593.1:2598858-2601929	NB551033:88:H5VWJBGX7:2:21207:9090:12084#0/1	97.902	143	3	0	2930	3072	1	143	4.63e-63	248
NC_011593.1:2598858-2601929	NB551033:88:H5VWJBGX7:1:21303:5729:20026#0/1	96.644	149	5	0	2120	2268	1	149	4.63e-63	248
NC_011593.1:2598858-2601929	NB551033:88:H5VWJBGX7:4:12609:26476:11121#0/2	99.265	136	1	0	125	260	136	1	1.67e-62	246
NC_011593.1:2598858-2601929	NB551033:88:H5VWJBGX7:4:12609:26476:11121#0/1	99.265	136	1	0	125	260	1	136	1.67e-62	246
NC_011593.1:2598858-2601929	NB551033:88:H5VWJBGX7:3:22510:19512:13191#0/1	96.026	151	6	0	431	581	151	1	1.67e-62	246
NC_011593.1:2598858-2601929	NB551033:88:H5VWJBGX7:3:21512:16401:18921#0/1	96.026	151	6	0	752	902	151	1	1.67e-62	246
NC_011593.1:2598858-2601929	NB551033:88:H5VWJBGX7:3:21512:11751:10657#0/1	96.026	151	6	0	478	628	151	1	1.67e-62	246
NC_011593.1:2598858-2601929	NB551033:88:H5VWJBGX7:3:21404:13352:6326#0/1	96.026	151	6	0	769	919	151	1	1.67e-62	246
NC_011593.1:2598858-2601929	NB551033:88:H5VWJBGX7:3:11611:8533:11083#0/1	96.026	151	6	0	497	647	1	151	1.67e-62	246
NC_011593.1:2598858-2601929	NB551033:88:H5VWJBGX7:2:13101:3355:7627#0/2	96.000	150	6	0	799	948	1	150	5.99e-62	244
NC_011593.1:2598858-2601929	NB551033:88:H5VWJBGX7:1:22107:6336:15144#0/2	97.222	144	4	0	2682	2825	1	144	5.99e-62	244
NC_011593.1:2598858-2601929	NB551033:88:H5VWJBGX7:1:22107:6336:15144#0/1	97.222	144	4	0	2682	2825	144	1	5.99e-62	244
NC_011593.1:2598858-2601929	NB551033:88:H5VWJBGX7:4:22404:16376:7739#0/2	95.973	149	6	0	765	913	149	1	2.16e-61	243
NC_011593.1:2598858-2601929	NB551033:88:H5VWJBGX7:4:21601:17648:1979#0/2	95.973	149	6	0	765	913	149	1	2.16e-61	243
NC_011593.1:2598858-2601929	NB551033:88:H5VWJBGX7:2:11208:3276:4879#0/1	100.000	130	0	0	190	319	130	1	7.75e-61	241
NC_011593.1:2598858-2601929	NB551033:88:H5VWJBGX7:3:23608:15906:9542#0/2	97.826	138	3	0	880	1017	1	138	2.79e-60	239
NC_011593.1:2598858-2601929	NB551033:88:H5VWJBGX7:3:23402:3251:1068#0/2	97.826	138	3	0	733	870	1	138	2.79e-60	239
NC_011593.1:2598858-2601929	NB551033:88:H5VWJBGX7:2:12311:13722:10473#0/2	97.163	141	4	0	682	822	1	141	2.79e-60	239
NC_011593.1:2598858-2601929	NB551033:88:H5VWJBGX7:3:23608:15906:9542#0/1	97.826	138	3	0	880	1017	138	1	2.79e-60	239
NC_011593.1:2598858-2601929	NB551033:88:H5VWJBGX7:1:13106:24543:10535#0/1	100.000	129	0	0	1032	1160	1	129	2.79e-60	239
NC_011593.1:2598858-2601929	NB551033:88:H5VWJBGX7:3:23603:25235:13781#0/2	98.496	133	2	0	566	698	133	1	3.61e-59	235
NC_011593.1:2598858-2601929	NB551033:88:H5VWJBGX7:1:23111:17409:5775#0/2	97.122	139	4	0	1356	1494	139	1	3.61e-59	235
NC_011593.1:2598858-2601929	NB551033:88:H5VWJBGX7:3:23603:25235:13781#0/1	98.496	133	2	0	566	698	1	133	3.61e-59	235
NC_011593.1:2598858-2601929	NB551033:88:H5VWJBGX7:2:13201:15061:2200#0/1	100.000	127	0	0	1733	1859	127	1	3.61e-59	235
NC_011593.1:2598858-2601929	NB551033:88:H5VWJBGX7:3:11402:1077:15355#0/2	99.219	128	1	0	2751	2878	128	1	4.67e-58	231
NC_011593.1:2598858-2601929	NB551033:88:H5VWJBGX7:3:11401:26535:15350#0/2	99.219	128	1	0	2751	2878	128	1	4.67e-58	231
NC_011593.1:2598858-2601929	NB551033:88:H5VWJBGX7:3:11402:1077:15355#0/1	99.219	128	1	0	2751	2878	1	128	4.67e-58	231
NC_011593.1:2598858-2601929	NB551033:88:H5VWJBGX7:3:11401:26535:15350#0/1	99.219	128	1	0	2751	2878	1	128	4.67e-58	231
NC_011593.1:2598858-2601929	NB551033:88:H5VWJBGX7:2:13205:19779:17876#0/1	97.761	134	3	0	1469	1602	134	1	4.67e-58	231
NC_011593.1:2598858-2601929	NB551033:88:H5VWJBGX7:2:13305:7156:3541#0/2	97.744	133	3	0	2105	2237	133	1	1.68e-57	230
NC_011593.1:2598858-2601929	NB551033:88:H5VWJBGX7:2:13102:5605:16220#0/2	97.744	133	3	0	1474	1606	133	1	1.68e-57	230
NC_011593.1:2598858-2601929	NB551033:88:H5VWJBGX7:1:21309:20694:2715#0/2	99.213	127	1	0	2458	2584	127	1	1.68e-57	230
NC_011593.1:2598858-2601929	NB551033:88:H5VWJBGX7:2:13102:5605:16220#0/1	97.744	133	3	0	1474	1606	1	133	1.68e-57	230
NC_011593.1:2598858-2601929	NB551033:88:H5VWJBGX7:1:21309:20694:2715#0/1	99.213	127	1	0	2458	2584	1	127	1.68e-57	230
NC_011593.1:2598858-2601929	NB551033:88:H5VWJBGX7:2:23101:11303:13596#0/2	99.206	126	1	0	1900	2025	126	1	6.04e-57	228
NC_011593.1:2598858-2601929	NB551033:88:H5VWJBGX7:2:23101:11303:13596#0/1	99.206	126	1	0	1900	2025	1	126	6.04e-57	228
NC_011593.1:2598858-2601929	NB551033:88:H5VWJBGX7:2:11208:3276:4879#0/2	99.200	125	1	0	1	125	25	149	2.17e-56	226
NC_011593.1:2598858-2601929	NB551033:88:H5VWJBGX7:1:13206:2831:6175#0/2	97.674	129	3	0	49	177	1	129	2.81e-55	222
NC_011593.1:2598858-2601929	NB551033:88:H5VWJBGX7:1:23111:17409:5775#0/1	98.374	123	2	0	976	1098	1	123	1.31e-53	217
NC_011593.1:2598858-2601929	NB551033:88:H5VWJBGX7:1:23103:9718:1427#0/2	96.875	128	4	0	2945	3072	151	24	4.70e-53	215
NC_011593.1:2598858-2601929	NB551033:88:H5VWJBGX7:3:11610:7536:11373#0/2	100.000	114	0	0	2457	2570	114	1	6.08e-52	211
NC_011593.1:2598858-2601929	NB551033:88:H5VWJBGX7:3:11610:7536:11373#0/1	100.000	114	0	0	2457	2570	1	114	6.08e-52	211
NC_011593.1:2598858-2601929	NB551033:88:H5VWJBGX7:3:11411:15119:11483#0/1	100.000	114	0	0	249	362	116	3	6.08e-52	211
NC_011593.1:2598858-2601929	NB551033:88:H5VWJBGX7:3:21612:16526:6078#0/2	97.541	122	3	0	747	868	1	122	2.19e-51	209
NC_011593.1:2598858-2601929	NB551033:88:H5VWJBGX7:3:13503:25369:5449#0/2	99.138	116	1	0	2242	2357	116	1	2.19e-51	209
NC_011593.1:2598858-2601929	NB551033:88:H5VWJBGX7:2:11201:7337:2593#0/2	98.319	119	2	0	1367	1485	119	1	2.19e-51	209
NC_011593.1:2598858-2601929	NB551033:88:H5VWJBGX7:3:21612:16526:6078#0/1	97.541	122	3	0	747	868	122	1	2.19e-51	209
NC_011593.1:2598858-2601929	NB551033:88:H5VWJBGX7:3:13503:25369:5449#0/1	99.138	116	1	0	2242	2357	1	116	2.19e-51	209
NC_011593.1:2598858-2601929	NB551033:88:H5VWJBGX7:2:11201:7337:2593#0/1	98.319	119	2	0	1367	1485	1	119	2.19e-51	209
NC_011593.1:2598858-2601929	NB551033:88:H5VWJBGX7:4:23402:8227:16154#0/2	96.063	127	5	0	472	598	1	127	7.87e-51	207
NC_011593.1:2598858-2601929	NB551033:88:H5VWJBGX7:3:13404:17352:3445#0/2	96.063	127	5	0	2271	2397	127	1	7.87e-51	207
NC_011593.1:2598858-2601929	NB551033:88:H5VWJBGX7:1:22302:12348:11507#0/2	96.063	127	5	0	472	598	1	127	7.87e-51	207
NC_011593.1:2598858-2601929	NB551033:88:H5VWJBGX7:4:23402:8227:16154#0/1	96.063	127	5	0	472	598	127	1	7.87e-51	207
NC_011593.1:2598858-2601929	NB551033:88:H5VWJBGX7:1:22302:12348:11507#0/1	96.063	127	5	0	472	598	127	1	7.87e-51	207
NC_011593.1:2598858-2601929	NB551033:88:H5VWJBGX7:2:23205:10802:3047#0/2	100.000	110	0	0	1	110	41	150	1.02e-49	204
NC_011593.1:2598858-2601929	NB551033:88:H5VWJBGX7:4:21406:16284:17739#0/2	97.458	118	3	0	2955	3072	149	32	3.66e-49	202
NC_011593.1:2598858-2601929	NB551033:88:H5VWJBGX7:4:12603:15417:13762#0/2	97.458	118	3	0	1291	1408	118	1	3.66e-49	202
NC_011593.1:2598858-2601929	NB551033:88:H5VWJBGX7:1:23301:11923:16194#0/2	100.000	108	0	0	1660	1767	1	108	1.32e-48	200
NC_011593.1:2598858-2601929	NB551033:88:H5VWJBGX7:1:23301:11923:16194#0/1	100.000	108	0	0	1660	1767	108	1	1.32e-48	200
NC_011593.1:2598858-2601929	NB551033:88:H5VWJBGX7:4:11509:20596:8091#0/2	97.414	116	3	0	632	747	116	1	4.73e-48	198
NC_011593.1:2598858-2601929	NB551033:88:H5VWJBGX7:1:11106:19381:12645#0/2	97.414	116	3	0	1384	1499	1	116	4.73e-48	198
NC_011593.1:2598858-2601929	NB551033:88:H5VWJBGX7:2:13204:18777:12867#0/2	99.083	109	1	0	1617	1725	1	109	1.70e-47	196
NC_011593.1:2598858-2601929	NB551033:88:H5VWJBGX7:2:13204:18777:12867#0/1	99.083	109	1	0	1617	1725	109	1	1.70e-47	196
NC_011593.1:2598858-2601929	NB551033:88:H5VWJBGX7:2:21307:11875:8639#0/2	97.368	114	3	0	2341	2454	1	114	6.12e-47	195
NC_011593.1:2598858-2601929	NB551033:88:H5VWJBGX7:2:21307:11875:8639#0/1	97.368	114	3	0	2341	2454	114	1	6.12e-47	195
NC_011593.1:2598858-2601929	NB551033:88:H5VWJBGX7:2:21105:21507:19368#0/1	100.000	103	0	0	1	103	49	151	7.92e-46	191
NC_011593.1:2598858-2601929	NB551033:88:H5VWJBGX7:1:21302:4672:4134#0/2	98.131	107	2	0	1381	1487	1	107	1.02e-44	187
NC_011593.1:2598858-2601929	NB551033:88:H5VWJBGX7:1:11309:1477:12087#0/2	100.000	101	0	0	8	108	101	1	1.02e-44	187
NC_011593.1:2598858-2601929	NB551033:88:H5VWJBGX7:1:21302:4672:4134#0/1	98.131	107	2	0	1381	1487	107	1	1.02e-44	187
NC_011593.1:2598858-2601929	NB551033:88:H5VWJBGX7:1:11309:1477:12087#0/1	100.000	101	0	0	8	108	1	101	1.02e-44	187
NC_011593.1:2598858-2601929	NB551033:88:H5VWJBGX7:1:12105:6335:5105#0/2	99.029	103	1	0	329	431	1	103	3.69e-44	185
NC_011593.1:2598858-2601929	NB551033:88:H5VWJBGX7:1:12105:6335:5105#0/1	99.029	103	1	0	329	431	103	1	3.69e-44	185
NC_011593.1:2598858-2601929	NB551033:88:H5VWJBGX7:4:23603:15486:17639#0/2	100.000	99	0	0	1	99	99	1	1.33e-43	183
NC_011593.1:2598858-2601929	NB551033:88:H5VWJBGX7:2:11104:25351:6755#0/2	99.020	102	1	0	733	834	102	1	1.33e-43	183
NC_011593.1:2598858-2601929	NB551033:88:H5VWJBGX7:1:13101:6720:2701#0/2	99.020	102	1	0	776	877	102	1	1.33e-43	183
NC_011593.1:2598858-2601929	NB551033:88:H5VWJBGX7:2:11104:25351:6755#0/1	99.020	102	1	0	733	834	1	102	1.33e-43	183
NC_011593.1:2598858-2601929	NB551033:88:H5VWJBGX7:1:13101:6720:2701#0/1	98.095	105	2	0	773	877	1	105	1.33e-43	183
NC_011593.1:2598858-2601929	NB551033:88:H5VWJBGX7:1:11206:16670:7325#0/1	98.058	103	2	0	1287	1389	103	1	1.71e-42	180
NC_011593.1:2598858-2601929	NB551033:88:H5VWJBGX7:4:13507:6191:7987#0/2	98.990	99	1	0	284	382	99	1	6.17e-42	178
NC_011593.1:2598858-2601929	NB551033:88:H5VWJBGX7:1:11206:16670:7325#0/2	98.039	102	2	0	1287	1388	1	102	6.17e-42	178
NC_011593.1:2598858-2601929	NB551033:88:H5VWJBGX7:4:13507:6191:7987#0/1	98.990	99	1	0	284	382	1	99	6.17e-42	178
NC_011593.1:2598858-2601929	NB551033:88:H5VWJBGX7:1:21104:15912:17254#0/2	98.980	98	1	0	2488	2585	98	1	2.22e-41	176
NC_011593.1:2598858-2601929	NB551033:88:H5VWJBGX7:4:22410:11122:16197#0/2	100.000	93	0	0	1713	1805	1	93	2.87e-40	172
NC_011593.1:2598858-2601929	NB551033:88:H5VWJBGX7:4:12410:7210:7185#0/2	98.958	96	1	0	2257	2352	96	1	2.87e-40	172
NC_011593.1:2598858-2601929	NB551033:88:H5VWJBGX7:2:11307:7988:16784#0/2	100.000	93	0	0	1563	1655	93	1	2.87e-40	172
NC_011593.1:2598858-2601929	NB551033:88:H5VWJBGX7:4:22410:11122:16197#0/1	100.000	93	0	0	1713	1805	93	1	2.87e-40	172
NC_011593.1:2598858-2601929	NB551033:88:H5VWJBGX7:4:12410:7210:7185#0/1	98.958	96	1	0	2257	2352	1	96	2.87e-40	172
NC_011593.1:2598858-2601929	NB551033:88:H5VWJBGX7:2:11307:7988:16784#0/1	100.000	93	0	0	1563	1655	1	93	2.87e-40	172
NC_011593.1:2598858-2601929	NB551033:88:H5VWJBGX7:4:23603:16401:14588#0/2	98.936	94	1	0	1407	1500	94	1	3.71e-39	169
NC_011593.1:2598858-2601929	NB551033:88:H5VWJBGX7:4:11506:19889:16042#0/2	100.000	91	0	0	379	469	91	1	3.71e-39	169
NC_011593.1:2598858-2601929	NB551033:88:H5VWJBGX7:2:22206:9991:5059#0/2	100.000	91	0	0	1	91	60	150	3.71e-39	169
NC_011593.1:2598858-2601929	NB551033:88:H5VWJBGX7:1:13311:18269:3588#0/2	100.000	91	0	0	219	309	1	91	3.71e-39	169
NC_011593.1:2598858-2601929	NB551033:88:H5VWJBGX7:4:11506:19889:16042#0/1	100.000	91	0	0	379	469	1	91	3.71e-39	169
NC_011593.1:2598858-2601929	NB551033:88:H5VWJBGX7:1:13311:18269:3588#0/1	100.000	91	0	0	219	309	91	1	3.71e-39	169
NC_011593.1:2598858-2601929	NB551033:88:H5VWJBGX7:1:13111:19083:4903#0/2	100.000	90	0	0	1	90	49	138	1.33e-38	167
NC_011593.1:2598858-2601929	NB551033:88:H5VWJBGX7:4:23603:16401:14588#0/1	98.925	93	1	0	1407	1499	1	93	1.33e-38	167
# BLASTN 2.9.0+
# Query: NC_011593.1:c2604454-2602106 Bifidobacterium longum subsp. infantis ATCC 15697, complete genome
# Database: db/blast_C0592-1F-1A_S65.faa
# 0 hits found
# BLASTN 2.9.0+
# Query: NC_011593.1:c2605922-2604486 Bifidobacterium longum subsp. infantis ATCC 15697, complete genome
# Database: db/blast_C0592-1F-1A_S65.faa
# 0 hits found
# BLASTN 2.9.0+
# Query: NC_011593.1:c2606381-2605944 Bifidobacterium longum subsp. infantis ATCC 15697, complete genome
# Database: db/blast_C0592-1F-1A_S65.faa
# 0 hits found
# BLASTN 2.9.0+
# Query: NC_011593.1:c2607314-2606418 Bifidobacterium longum subsp. infantis ATCC 15697, complete genome
# Database: db/blast_C0592-1F-1A_S65.faa
# 0 hits found
# BLASTN 2.9.0+
# Query: NC_011593.1:c2608249-2607458 Bifidobacterium longum subsp. infantis ATCC 15697, complete genome
# Database: db/blast_C0592-1F-1A_S65.faa
# Fields: query acc.ver, subject acc.ver, % identity, alignment length, mismatches, gap opens, q. start, q. end, s. start, s. end, evalue, bit score
# 2 hits found
NC_011593.1:c2608249-2607458	NB551033:88:H5VWJBGX7:2:12306:16145:7478#0/2	95.946	74	3	0	358	431	3	76	2.67e-25	121
NC_011593.1:c2608249-2607458	NB551033:88:H5VWJBGX7:2:12306:16145:7478#0/1	95.946	74	3	0	358	431	74	1	2.67e-25	121
# BLASTN 2.9.0+
# Query: NC_011593.1:c2609546-2608269 Bifidobacterium longum subsp. infantis ATCC 15697, complete genome
# Database: db/blast_C0592-1F-1A_S65.faa
# Fields: query acc.ver, subject acc.ver, % identity, alignment length, mismatches, gap opens, q. start, q. end, s. start, s. end, evalue, bit score
# 4 hits found
NC_011593.1:c2609546-2608269	NB551033:88:H5VWJBGX7:3:21408:16479:4756#0/1	96.000	150	6	0	1126	1275	150	1	2.49e-62	244
NC_011593.1:c2609546-2608269	NB551033:88:H5VWJBGX7:3:11606:19122:16478#0/1	96.000	150	6	0	1126	1275	150	1	2.49e-62	244
NC_011593.1:c2609546-2608269	NB551033:88:H5VWJBGX7:3:21408:16479:4756#0/2	95.333	150	7	0	1117	1266	1	150	1.16e-60	239
NC_011593.1:c2609546-2608269	NB551033:88:H5VWJBGX7:3:11606:19122:16478#0/2	95.333	150	7	0	1117	1266	1	150	1.16e-60	239
# BLASTN 2.9.0+
# Query: NC_011593.1:c2610356-2609697 Bifidobacterium longum subsp. infantis ATCC 15697, complete genome
# Database: db/blast_C0592-1F-1A_S65.faa
# 0 hits found
# BLASTN 2.9.0+
# Query: NC_011593.1:c2611458-2610496 Bifidobacterium longum subsp. infantis ATCC 15697, complete genome
# Database: db/blast_C0592-1F-1A_S65.faa
# 0 hits found
# BLASTN 2.9.0+
# Query: NC_011593.1:c2612430-2611477 Bifidobacterium longum subsp. infantis ATCC 15697, complete genome
# Database: db/blast_C0592-1F-1A_S65.faa
# 0 hits found
# BLASTN 2.9.0+
# Query: NC_011593.1:c2614109-2612517 Bifidobacterium longum subsp. infantis ATCC 15697, complete genome
# Database: db/blast_C0592-1F-1A_S65.faa
# 0 hits found
# BLASTN 2.9.0+
# Query: NC_011593.1:c2615274-2614312 Bifidobacterium longum subsp. infantis ATCC 15697, complete genome
# Database: db/blast_C0592-1F-1A_S65.faa
# 0 hits found
# BLASTN 2.9.0+
# Query: NC_011593.1:c2616246-2615293 Bifidobacterium longum subsp. infantis ATCC 15697, complete genome
# Database: db/blast_C0592-1F-1A_S65.faa
# 0 hits found
# BLASTN 2.9.0+
# Query: NC_011593.1:c2617928-2616333 Bifidobacterium longum subsp. infantis ATCC 15697, complete genome
# Database: db/blast_C0592-1F-1A_S65.faa
# 0 hits found
# BLASTN 2.9.0+
# Query: NC_011593.1:c2619247-2618063 Bifidobacterium longum subsp. infantis ATCC 15697, complete genome
# Database: db/blast_C0592-1F-1A_S65.faa
# 0 hits found
# BLASTN 2.9.0+
# Query: NC_011593.1:c2620369-2619413 Bifidobacterium longum subsp. infantis ATCC 15697, complete genome
# Database: db/blast_C0592-1F-1A_S65.faa
# 0 hits found
# BLASTN 2.9.0+
# Query: NC_011593.1:c2622143-2620551 Bifidobacterium longum subsp. infantis ATCC 15697, complete genome
# Database: db/blast_C0592-1F-1A_S65.faa
# 0 hits found
# BLASTN 2.9.0+
# Query: NC_011593.1:c2624124-2622520 Bifidobacterium longum subsp. infantis ATCC 15697, complete genome
# Database: db/blast_C0592-1F-1A_S65.faa
# 0 hits found
# BLASTN 2.9.0+
# Query: NC_011593.1:c2626110-2624512 Bifidobacterium longum subsp. infantis ATCC 15697, complete genome
# Database: db/blast_C0592-1F-1A_S65.faa
# Fields: query acc.ver, subject acc.ver, % identity, alignment length, mismatches, gap opens, q. start, q. end, s. start, s. end, evalue, bit score
# 1 hits found
NC_011593.1:c2626110-2624512	NB551033:88:H5VWJBGX7:3:11410:7296:19887#0/2	100.000	30	0	0	1555	1584	55	84	1.56e-05	56.5
# BLASTN 2.9.0+
# Query: NC_011593.1:c2626386-2626264 Bifidobacterium longum subsp. infantis ATCC 15697, complete genome
# Database: db/blast_C0592-1F-1A_S65.faa
# 0 hits found
# BLASTN 2.9.0+
# Query: NC_011593.1:c2628158-2626563 Bifidobacterium longum subsp. infantis ATCC 15697, complete genome
# Database: db/blast_C0592-1F-1A_S65.faa
# 0 hits found
# BLASTN 2.9.0+
# Query: NC_011593.1:c2630269-2628314 Bifidobacterium longum subsp. infantis ATCC 15697, complete genome
# Database: db/blast_C0592-1F-1A_S65.faa
# 0 hits found
# BLASTN 2.9.0+
# Query: NC_011593.1:c2631106-2630366 Bifidobacterium longum subsp. infantis ATCC 15697, complete genome
# Database: db/blast_C0592-1F-1A_S65.faa
# 0 hits found
# BLASTN 2.9.0+
# Query: NC_011593.1:c2632432-2631140 Bifidobacterium longum subsp. infantis ATCC 15697, complete genome
# Database: db/blast_C0592-1F-1A_S65.faa
# 0 hits found
# BLASTN 2.9.0+
# Query: NC_011593.1:c2633881-2632562 Bifidobacterium longum subsp. infantis ATCC 15697, complete genome
# Database: db/blast_C0592-1F-1A_S65.faa
# 0 hits found
# BLASTN 2.9.0+
# Query: NC_011593.1:c2634683-2633865 Bifidobacterium longum subsp. infantis ATCC 15697, complete genome
# Database: db/blast_C0592-1F-1A_S65.faa
# 0 hits found
# BLASTN 2.9.0+
# Query: NC_011593.1:c2635627-2634680 Bifidobacterium longum subsp. infantis ATCC 15697, complete genome
# Database: db/blast_C0592-1F-1A_S65.faa
# 0 hits found
# BLASTN 2.9.0+
# Query: NC_011593.1:c2636747-2635629 Bifidobacterium longum subsp. infantis ATCC 15697, complete genome
# Database: db/blast_C0592-1F-1A_S65.faa
# 0 hits found
# BLAST processed 31 queries
