# BLASTN 2.9.0+
# Query: NC_011593.1:c2595355-2593832 Bifidobacterium longum subsp. infantis ATCC 15697, complete genome
# Database: db/blast_C0595-2F-1A_S21.faa
# Fields: query acc.ver, subject acc.ver, % identity, alignment length, mismatches, gap opens, q. start, q. end, s. start, s. end, evalue, bit score
# 130 hits found
NC_011593.1:c2595355-2593832	NB551033:131:HK2T7BGX9:4:22608:1611:6519#0/2	100.000	150	0	0	360	509	150	1	1.77e-72	278
NC_011593.1:c2595355-2593832	NB551033:131:HK2T7BGX9:2:23307:13833:12595#0/2	99.338	151	1	0	935	1085	151	1	2.29e-71	274
NC_011593.1:c2595355-2593832	NB551033:131:HK2T7BGX9:3:23607:12515:20149#0/1	99.333	150	1	0	726	875	1	150	8.22e-71	272
NC_011593.1:c2595355-2593832	NB551033:131:HK2T7BGX9:1:11303:10104:4326#0/1	99.329	149	1	0	1009	1157	149	1	2.96e-70	270
NC_011593.1:c2595355-2593832	NB551033:131:HK2T7BGX9:4:23412:3368:16574#0/2	98.675	151	2	0	468	618	151	1	1.06e-69	268
NC_011593.1:c2595355-2593832	NB551033:131:HK2T7BGX9:3:12611:3751:14123#0/2	98.675	151	2	0	388	538	151	1	1.06e-69	268
NC_011593.1:c2595355-2593832	NB551033:131:HK2T7BGX9:1:21304:18730:6616#0/1	98.667	150	2	0	372	521	1	150	3.82e-69	267
NC_011593.1:c2595355-2593832	NB551033:131:HK2T7BGX9:2:11208:8300:6899#0/2	98.658	149	2	0	1030	1178	1	149	1.38e-68	265
NC_011593.1:c2595355-2593832	NB551033:131:HK2T7BGX9:1:21304:18730:6616#0/2	98.013	151	3	0	531	681	151	1	4.95e-68	263
NC_011593.1:c2595355-2593832	NB551033:131:HK2T7BGX9:1:11307:25573:10521#0/2	98.649	148	2	0	711	858	148	1	4.95e-68	263
NC_011593.1:c2595355-2593832	NB551033:131:HK2T7BGX9:1:11303:10104:4326#0/2	98.649	148	2	0	922	1069	1	148	4.95e-68	263
NC_011593.1:c2595355-2593832	NB551033:131:HK2T7BGX9:1:11207:22229:6716#0/2	98.013	151	3	0	801	951	1	151	4.95e-68	263
NC_011593.1:c2595355-2593832	NB551033:131:HK2T7BGX9:2:11208:8300:6899#0/1	98.013	151	3	0	1125	1275	151	1	4.95e-68	263
NC_011593.1:c2595355-2593832	NB551033:131:HK2T7BGX9:2:13205:16428:4416#0/2	98.000	150	3	0	535	684	1	150	1.78e-67	261
NC_011593.1:c2595355-2593832	NB551033:131:HK2T7BGX9:1:13306:4677:11470#0/2	98.000	150	3	0	768	917	1	150	1.78e-67	261
NC_011593.1:c2595355-2593832	NB551033:131:HK2T7BGX9:1:13102:6161:9391#0/2	98.000	150	3	0	701	850	150	1	1.78e-67	261
NC_011593.1:c2595355-2593832	NB551033:131:HK2T7BGX9:3:12611:3751:14123#0/1	98.000	150	3	0	323	472	1	150	1.78e-67	261
NC_011593.1:c2595355-2593832	NB551033:131:HK2T7BGX9:2:13304:3453:6667#0/1	98.000	150	3	0	1135	1284	1	150	1.78e-67	261
NC_011593.1:c2595355-2593832	NB551033:131:HK2T7BGX9:1:13306:4677:11470#0/1	98.000	150	3	0	769	918	150	1	1.78e-67	261
NC_011593.1:c2595355-2593832	NB551033:131:HK2T7BGX9:1:23301:9017:10370#0/2	97.987	149	3	0	530	678	1	149	6.40e-67	259
NC_011593.1:c2595355-2593832	NB551033:131:HK2T7BGX9:4:13502:4978:5558#0/2	97.351	151	4	0	97	247	151	1	2.30e-66	257
NC_011593.1:c2595355-2593832	NB551033:131:HK2T7BGX9:1:21201:14802:7646#0/2	97.351	151	4	0	1311	1461	1	151	2.30e-66	257
NC_011593.1:c2595355-2593832	NB551033:131:HK2T7BGX9:3:23606:17788:4964#0/1	97.351	151	4	0	112	262	1	151	2.30e-66	257
NC_011593.1:c2595355-2593832	NB551033:131:HK2T7BGX9:2:21104:9391:20203#0/1	97.351	151	4	0	293	443	1	151	2.30e-66	257
NC_011593.1:c2595355-2593832	NB551033:131:HK2T7BGX9:1:23301:9017:10370#0/1	97.973	148	3	0	531	678	150	3	2.30e-66	257
NC_011593.1:c2595355-2593832	NB551033:131:HK2T7BGX9:1:13301:22864:20099#0/1	97.351	151	4	0	1096	1246	151	1	2.30e-66	257
NC_011593.1:c2595355-2593832	NB551033:131:HK2T7BGX9:1:11207:22229:6716#0/1	97.351	151	4	0	855	1005	151	1	2.30e-66	257
NC_011593.1:c2595355-2593832	NB551033:131:HK2T7BGX9:1:23201:13321:3860#0/2	97.333	150	4	0	181	330	151	2	8.28e-66	255
NC_011593.1:c2595355-2593832	NB551033:131:HK2T7BGX9:1:12309:8712:8654#0/2	97.333	150	4	0	702	851	1	150	8.28e-66	255
NC_011593.1:c2595355-2593832	NB551033:131:HK2T7BGX9:4:22608:1611:6519#0/1	97.333	150	4	0	269	418	1	150	8.28e-66	255
NC_011593.1:c2595355-2593832	NB551033:131:HK2T7BGX9:4:13502:4978:5558#0/1	97.333	150	4	0	75	224	1	150	8.28e-66	255
NC_011593.1:c2595355-2593832	NB551033:131:HK2T7BGX9:3:23406:4848:17070#0/1	97.333	150	4	0	875	1024	150	1	8.28e-66	255
NC_011593.1:c2595355-2593832	NB551033:131:HK2T7BGX9:2:23307:13833:12595#0/1	97.333	150	4	0	849	998	1	150	8.28e-66	255
NC_011593.1:c2595355-2593832	NB551033:131:HK2T7BGX9:3:23606:17788:4964#0/2	96.689	151	5	0	119	269	151	1	1.07e-64	252
NC_011593.1:c2595355-2593832	NB551033:131:HK2T7BGX9:2:21309:10651:16884#0/2	96.689	151	5	0	102	252	151	1	1.07e-64	252
NC_011593.1:c2595355-2593832	NB551033:131:HK2T7BGX9:2:21104:9391:20203#0/2	97.931	145	3	0	511	655	145	1	1.07e-64	252
NC_011593.1:c2595355-2593832	NB551033:131:HK2T7BGX9:1:23109:21821:20369#0/2	96.689	151	5	0	125	275	151	1	1.07e-64	252
NC_011593.1:c2595355-2593832	NB551033:131:HK2T7BGX9:1:11307:25573:10521#0/1	96.689	151	5	0	671	821	1	151	1.07e-64	252
NC_011593.1:c2595355-2593832	NB551033:131:HK2T7BGX9:1:23112:16267:16375#0/1	100.000	135	0	0	375	509	135	1	3.85e-64	250
NC_011593.1:c2595355-2593832	NB551033:131:HK2T7BGX9:1:23109:21821:20369#0/1	96.667	150	5	0	80	229	1	150	3.85e-64	250
NC_011593.1:c2595355-2593832	NB551033:131:HK2T7BGX9:1:12309:8712:8654#0/1	97.279	147	4	0	883	1029	147	1	3.85e-64	250
NC_011593.1:c2595355-2593832	NB551033:131:HK2T7BGX9:3:23607:12515:20149#0/2	97.887	142	3	0	789	930	142	1	4.98e-63	246
NC_011593.1:c2595355-2593832	NB551033:131:HK2T7BGX9:2:11311:23261:5731#0/2	97.241	145	4	0	1274	1418	147	3	4.98e-63	246
NC_011593.1:c2595355-2593832	NB551033:131:HK2T7BGX9:1:21302:25313:6010#0/2	96.026	151	6	0	214	364	151	1	4.98e-63	246
NC_011593.1:c2595355-2593832	NB551033:131:HK2T7BGX9:4:23412:3368:16574#0/1	96.026	151	6	0	194	344	1	151	4.98e-63	246
NC_011593.1:c2595355-2593832	NB551033:131:HK2T7BGX9:4:23404:4668:18131#0/2	96.000	150	6	0	435	584	1	150	1.79e-62	244
NC_011593.1:c2595355-2593832	NB551033:131:HK2T7BGX9:3:13511:11680:7339#0/2	96.000	150	6	0	427	576	1	150	1.79e-62	244
NC_011593.1:c2595355-2593832	NB551033:131:HK2T7BGX9:2:23206:5217:5376#0/2	96.599	147	5	0	1284	1430	147	1	1.79e-62	244
NC_011593.1:c2595355-2593832	NB551033:131:HK2T7BGX9:2:13207:15679:11028#0/1	96.000	150	6	0	425	574	150	1	1.79e-62	244
NC_011593.1:c2595355-2593832	NB551033:131:HK2T7BGX9:1:21302:25313:6010#0/1	96.599	147	5	0	204	350	1	147	1.79e-62	244
NC_011593.1:c2595355-2593832	NB551033:131:HK2T7BGX9:1:21210:5782:11769#0/1	96.000	150	6	0	425	574	150	1	1.79e-62	244
NC_011593.1:c2595355-2593832	NB551033:131:HK2T7BGX9:3:23406:4848:17070#0/2	97.203	143	4	0	869	1011	1	143	6.44e-62	243
NC_011593.1:c2595355-2593832	NB551033:131:HK2T7BGX9:3:22409:2480:8778#0/2	95.364	151	7	0	610	760	1	151	2.32e-61	241
NC_011593.1:c2595355-2593832	NB551033:131:HK2T7BGX9:2:23302:14947:12788#0/1	95.364	151	7	0	391	541	151	1	2.32e-61	241
NC_011593.1:c2595355-2593832	NB551033:131:HK2T7BGX9:2:13205:16428:4416#0/1	95.364	151	7	0	644	794	151	1	2.32e-61	241
NC_011593.1:c2595355-2593832	NB551033:131:HK2T7BGX9:3:23601:8869:8833#0/2	95.333	150	7	0	387	536	1	150	8.34e-61	239
NC_011593.1:c2595355-2593832	NB551033:131:HK2T7BGX9:3:12611:4952:12784#0/2	95.333	150	7	0	197	346	150	1	8.34e-61	239
NC_011593.1:c2595355-2593832	NB551033:131:HK2T7BGX9:2:21311:21084:12726#0/2	95.333	150	7	0	377	526	1	150	8.34e-61	239
NC_011593.1:c2595355-2593832	NB551033:131:HK2T7BGX9:1:22109:6317:18638#0/2	95.333	150	7	0	397	546	150	1	8.34e-61	239
NC_011593.1:c2595355-2593832	NB551033:131:HK2T7BGX9:3:22409:2480:8778#0/1	95.333	150	7	0	650	799	150	1	8.34e-61	239
NC_011593.1:c2595355-2593832	NB551033:131:HK2T7BGX9:2:21309:10651:16884#0/1	96.528	144	5	0	52	195	6	149	8.34e-61	239
NC_011593.1:c2595355-2593832	NB551033:131:HK2T7BGX9:1:11101:12520:18451#0/1	95.918	147	6	0	684	830	151	5	8.34e-61	239
NC_011593.1:c2595355-2593832	NB551033:131:HK2T7BGX9:1:13102:6161:9391#0/1	95.302	149	7	0	635	783	1	149	3.00e-60	237
NC_011593.1:c2595355-2593832	NB551033:131:HK2T7BGX9:4:13408:4930:6180#0/1	95.270	148	7	0	372	519	1	148	1.08e-59	235
NC_011593.1:c2595355-2593832	NB551033:131:HK2T7BGX9:1:23201:13321:3860#0/1	95.270	148	7	0	28	175	3	150	1.08e-59	235
NC_011593.1:c2595355-2593832	NB551033:131:HK2T7BGX9:1:21210:5782:11769#0/2	95.205	146	7	0	393	538	6	151	1.39e-58	231
NC_011593.1:c2595355-2593832	NB551033:131:HK2T7BGX9:2:23202:20627:8716#0/2	96.403	139	5	0	259	397	139	1	5.02e-58	230
NC_011593.1:c2595355-2593832	NB551033:131:HK2T7BGX9:2:23202:20627:8716#0/1	96.403	139	5	0	259	397	1	139	5.02e-58	230
NC_011593.1:c2595355-2593832	NB551033:131:HK2T7BGX9:1:23112:16267:16375#0/2	100.000	121	0	0	375	495	31	151	2.33e-56	224
NC_011593.1:c2595355-2593832	NB551033:131:HK2T7BGX9:1:22206:15096:1574#0/2	95.000	140	7	0	670	809	140	1	3.02e-55	220
NC_011593.1:c2595355-2593832	NB551033:131:HK2T7BGX9:1:11309:11916:12388#0/2	95.000	140	7	0	670	809	140	1	3.02e-55	220
NC_011593.1:c2595355-2593832	NB551033:131:HK2T7BGX9:1:12106:22301:10717#0/1	95.000	140	7	0	670	809	140	1	3.02e-55	220
NC_011593.1:c2595355-2593832	NB551033:131:HK2T7BGX9:1:11303:7606:3746#0/2	98.387	124	2	0	768	891	124	1	1.09e-54	219
NC_011593.1:c2595355-2593832	NB551033:131:HK2T7BGX9:1:11303:7606:3746#0/1	98.387	124	2	0	768	891	1	124	1.09e-54	219
NC_011593.1:c2595355-2593832	NB551033:131:HK2T7BGX9:1:13301:22864:20099#0/2	98.374	123	2	0	942	1064	1	123	3.91e-54	217
NC_011593.1:c2595355-2593832	NB551033:131:HK2T7BGX9:4:12404:15701:19059#0/2	99.153	118	1	0	540	657	118	1	5.05e-53	213
NC_011593.1:c2595355-2593832	NB551033:131:HK2T7BGX9:3:13410:2837:11971#0/2	97.581	124	3	0	1258	1381	1	124	5.05e-53	213
NC_011593.1:c2595355-2593832	NB551033:131:HK2T7BGX9:3:13410:2837:11971#0/1	96.694	121	4	0	1350	1470	151	31	1.09e-49	202
NC_011593.1:c2595355-2593832	NB551033:131:HK2T7BGX9:4:11402:8883:6593#0/2	97.436	117	3	0	321	437	117	1	3.93e-49	200
NC_011593.1:c2595355-2593832	NB551033:131:HK2T7BGX9:4:13507:26394:8155#0/2	98.230	113	2	0	556	668	1	113	1.41e-48	198
NC_011593.1:c2595355-2593832	NB551033:131:HK2T7BGX9:4:13507:26394:8155#0/1	98.230	113	2	0	556	668	114	2	1.41e-48	198
NC_011593.1:c2595355-2593832	NB551033:131:HK2T7BGX9:4:12404:15701:19059#0/1	99.091	110	1	0	540	649	1	110	1.41e-48	198
NC_011593.1:c2595355-2593832	NB551033:131:HK2T7BGX9:4:11402:8883:6593#0/1	96.639	119	4	0	267	385	1	119	1.41e-48	198
NC_011593.1:c2595355-2593832	NB551033:131:HK2T7BGX9:3:21403:7740:16448#0/2	96.429	112	4	0	707	818	112	1	1.10e-44	185
NC_011593.1:c2595355-2593832	NB551033:131:HK2T7BGX9:3:13603:26269:4076#0/2	96.117	103	4	0	707	809	1	103	1.11e-39	169
NC_011593.1:c2595355-2593832	NB551033:131:HK2T7BGX9:3:13603:26269:4076#0/1	96.117	103	4	0	707	809	103	1	1.11e-39	169
NC_011593.1:c2595355-2593832	NB551033:131:HK2T7BGX9:2:13206:26232:6587#0/2	98.889	90	1	0	560	649	90	1	1.86e-37	161
NC_011593.1:c2595355-2593832	NB551033:131:HK2T7BGX9:3:21403:7740:16448#0/1	95.960	99	4	0	707	805	1	99	1.86e-37	161
NC_011593.1:c2595355-2593832	NB551033:131:HK2T7BGX9:2:13206:26232:6587#0/1	98.889	90	1	0	560	649	1	90	1.86e-37	161
NC_011593.1:c2595355-2593832	NB551033:131:HK2T7BGX9:1:13207:4921:17181#0/2	95.050	101	5	0	674	774	1	101	6.68e-37	159
NC_011593.1:c2595355-2593832	NB551033:131:HK2T7BGX9:1:13103:13191:2517#0/2	95.918	98	4	0	372	469	98	1	6.68e-37	159
NC_011593.1:c2595355-2593832	NB551033:131:HK2T7BGX9:1:13207:4921:17181#0/1	95.050	101	5	0	674	774	101	1	6.68e-37	159
NC_011593.1:c2595355-2593832	NB551033:131:HK2T7BGX9:1:13103:13191:2517#0/1	95.918	98	4	0	372	469	1	98	6.68e-37	159
NC_011593.1:c2595355-2593832	NB551033:131:HK2T7BGX9:1:22306:21909:14032#0/2	100.000	84	0	0	560	643	1	84	8.64e-36	156
NC_011593.1:c2595355-2593832	NB551033:131:HK2T7BGX9:1:22306:21909:14032#0/1	100.000	84	0	0	560	643	84	1	8.64e-36	156
NC_011593.1:c2595355-2593832	NB551033:131:HK2T7BGX9:4:11608:14910:17528#0/2	100.000	83	0	0	786	868	83	1	3.11e-35	154
NC_011593.1:c2595355-2593832	NB551033:131:HK2T7BGX9:3:23611:6576:7835#0/2	95.789	95	4	0	372	466	95	1	3.11e-35	154
NC_011593.1:c2595355-2593832	NB551033:131:HK2T7BGX9:4:11608:14910:17528#0/1	100.000	83	0	0	786	868	1	83	3.11e-35	154
NC_011593.1:c2595355-2593832	NB551033:131:HK2T7BGX9:3:23611:6576:7835#0/1	95.789	95	4	0	372	466	1	95	3.11e-35	154
NC_011593.1:c2595355-2593832	NB551033:131:HK2T7BGX9:1:22109:22473:13574#0/2	95.652	92	4	0	370	461	92	1	1.45e-33	148
NC_011593.1:c2595355-2593832	NB551033:131:HK2T7BGX9:2:23206:5217:5376#0/1	98.795	83	1	0	1186	1268	1	83	1.45e-33	148
NC_011593.1:c2595355-2593832	NB551033:131:HK2T7BGX9:3:11612:6524:18389#0/2	97.619	84	2	0	228	311	1	84	1.87e-32	145
NC_011593.1:c2595355-2593832	NB551033:131:HK2T7BGX9:3:11612:6524:18389#0/1	97.619	84	2	0	228	311	84	1	1.87e-32	145
NC_011593.1:c2595355-2593832	NB551033:131:HK2T7BGX9:1:12303:13050:14735#0/1	95.556	90	4	0	505	594	91	2	1.87e-32	145
NC_011593.1:c2595355-2593832	NB551033:131:HK2T7BGX9:4:23606:15461:11476#0/1	95.402	87	4	0	744	830	1	87	8.70e-31	139
NC_011593.1:c2595355-2593832	NB551033:131:HK2T7BGX9:2:11311:23261:5731#0/1	97.531	81	2	0	1178	1258	1	81	8.70e-31	139
NC_011593.1:c2595355-2593832	NB551033:131:HK2T7BGX9:1:12310:6142:17401#0/2	97.468	79	2	0	333	411	79	1	1.13e-29	135
NC_011593.1:c2595355-2593832	NB551033:131:HK2T7BGX9:1:11312:12750:17728#0/2	97.468	79	2	0	272	350	1	79	1.13e-29	135
NC_011593.1:c2595355-2593832	NB551033:131:HK2T7BGX9:1:12310:6142:17401#0/1	97.468	79	2	0	333	411	1	79	1.13e-29	135
NC_011593.1:c2595355-2593832	NB551033:131:HK2T7BGX9:1:11312:12750:17728#0/1	96.341	82	3	0	272	353	84	3	1.13e-29	135
NC_011593.1:c2595355-2593832	NB551033:131:HK2T7BGX9:3:11409:23283:19361#0/2	96.250	80	3	0	377	456	80	1	1.46e-28	132
NC_011593.1:c2595355-2593832	NB551033:131:HK2T7BGX9:3:11409:23283:19361#0/1	96.250	80	3	0	377	456	1	80	1.46e-28	132
NC_011593.1:c2595355-2593832	NB551033:131:HK2T7BGX9:2:12312:22942:10612#0/1	95.181	83	4	0	496	578	2	84	1.46e-28	132
NC_011593.1:c2595355-2593832	NB551033:131:HK2T7BGX9:3:21503:18375:4909#0/2	97.368	76	2	0	1395	1470	119	44	5.23e-28	130
NC_011593.1:c2595355-2593832	NB551033:131:HK2T7BGX9:3:21503:18375:4909#0/1	97.368	76	2	0	1395	1470	1	76	5.23e-28	130
NC_011593.1:c2595355-2593832	NB551033:131:HK2T7BGX9:1:22102:10362:8425#0/2	96.154	78	3	0	477	554	78	1	1.88e-27	128
NC_011593.1:c2595355-2593832	NB551033:131:HK2T7BGX9:1:22102:10362:8425#0/1	96.154	78	3	0	477	554	1	78	1.88e-27	128
NC_011593.1:c2595355-2593832	NB551033:131:HK2T7BGX9:2:22309:4568:13095#0/1	95.833	72	3	0	372	443	1	72	4.08e-24	117
NC_011593.1:c2595355-2593832	NB551033:131:HK2T7BGX9:2:23307:13655:1328#0/1	96.825	63	2	0	768	830	1	63	8.82e-21	106
NC_011593.1:c2595355-2593832	NB551033:131:HK2T7BGX9:1:12310:7314:17879#0/1	96.825	63	2	0	768	830	1	63	8.82e-21	106
NC_011593.1:c2595355-2593832	NB551033:131:HK2T7BGX9:1:11309:11916:12388#0/1	98.333	60	1	0	499	558	2	61	8.82e-21	106
NC_011593.1:c2595355-2593832	NB551033:131:HK2T7BGX9:1:11308:4251:4215#0/2	95.385	65	3	0	399	463	1	65	3.17e-20	104
NC_011593.1:c2595355-2593832	NB551033:131:HK2T7BGX9:1:11208:4547:10829#0/2	98.305	59	1	0	1412	1470	148	90	3.17e-20	104
NC_011593.1:c2595355-2593832	NB551033:131:HK2T7BGX9:1:11308:4251:4215#0/1	95.385	65	3	0	399	463	65	1	3.17e-20	104
NC_011593.1:c2595355-2593832	NB551033:131:HK2T7BGX9:1:11208:4547:10829#0/1	98.305	59	1	0	1412	1470	1	59	3.17e-20	104
NC_011593.1:c2595355-2593832	NB551033:131:HK2T7BGX9:4:22506:21094:8539#0/2	96.667	60	2	0	499	558	2	61	4.10e-19	100
NC_011593.1:c2595355-2593832	NB551033:131:HK2T7BGX9:3:12604:10130:2721#0/1	95.000	60	3	0	499	558	2	61	1.91e-17	95.3
NC_011593.1:c2595355-2593832	NB551033:131:HK2T7BGX9:3:23407:6007:18179#0/2	100.000	49	0	0	1422	1470	1	49	2.47e-16	91.6
NC_011593.1:c2595355-2593832	NB551033:131:HK2T7BGX9:3:23407:6007:18179#0/1	100.000	49	0	0	1422	1470	124	76	2.47e-16	91.6
NC_011593.1:c2595355-2593832	NB551033:131:HK2T7BGX9:2:22103:19592:4177#0/1	95.349	43	2	0	788	830	3	45	1.16e-09	69.4
# BLASTN 2.9.0+
# Query: NC_011593.1:c2597106-2595574 Bifidobacterium longum subsp. infantis ATCC 15697, complete genome
# Database: db/blast_C0595-2F-1A_S21.faa
# Fields: query acc.ver, subject acc.ver, % identity, alignment length, mismatches, gap opens, q. start, q. end, s. start, s. end, evalue, bit score
# 30 hits found
NC_011593.1:c2597106-2595574	NB551033:131:HK2T7BGX9:3:12611:3751:14123#0/2	95.364	151	7	0	388	538	151	1	2.33e-61	241
NC_011593.1:c2597106-2595574	NB551033:131:HK2T7BGX9:1:21210:5782:11769#0/2	95.745	141	6	0	398	538	11	151	1.82e-57	228
NC_011593.1:c2597106-2595574	NB551033:131:HK2T7BGX9:1:23112:16267:16375#0/1	95.522	134	6	0	376	509	134	1	1.41e-53	215
NC_011593.1:c2597106-2595574	NB551033:131:HK2T7BGX9:1:23112:16267:16375#0/2	95.798	119	5	0	376	494	32	150	6.62e-47	193
NC_011593.1:c2597106-2595574	NB551033:131:HK2T7BGX9:1:23112:16267:16375#0/2	97.500	40	1	0	393	432	40	1	1.16e-09	69.4
NC_011593.1:c2597106-2595574	NB551033:131:HK2T7BGX9:3:12611:4952:12784#0/2	95.000	120	6	0	214	333	133	14	8.57e-46	189
NC_011593.1:c2597106-2595574	NB551033:131:HK2T7BGX9:1:21302:25313:6010#0/2	95.000	120	6	0	214	333	151	32	8.57e-46	189
NC_011593.1:c2597106-2595574	NB551033:131:HK2T7BGX9:4:23412:3368:16574#0/1	95.726	117	5	0	214	330	21	137	8.57e-46	189
NC_011593.1:c2597106-2595574	NB551033:131:HK2T7BGX9:1:21302:25313:6010#0/1	95.726	117	5	0	214	330	11	127	8.57e-46	189
NC_011593.1:c2597106-2595574	NB551033:131:HK2T7BGX9:3:11610:1809:4830#0/2	96.078	102	4	0	133	234	1	102	4.01e-39	167
NC_011593.1:c2597106-2595574	NB551033:131:HK2T7BGX9:3:11610:1809:4830#0/1	96.078	102	4	0	133	234	104	3	4.01e-39	167
NC_011593.1:c2597106-2595574	NB551033:131:HK2T7BGX9:3:21611:19304:9922#0/2	95.098	102	5	0	1	102	102	1	1.87e-37	161
NC_011593.1:c2597106-2595574	NB551033:131:HK2T7BGX9:2:22307:19821:5554#0/2	95.098	102	5	0	1	102	102	1	1.87e-37	161
NC_011593.1:c2597106-2595574	NB551033:131:HK2T7BGX9:3:21611:19304:9922#0/1	95.098	102	5	0	1	102	22	123	1.87e-37	161
NC_011593.1:c2597106-2595574	NB551033:131:HK2T7BGX9:2:22307:19821:5554#0/1	95.098	102	5	0	1	102	27	128	1.87e-37	161
NC_011593.1:c2597106-2595574	NB551033:131:HK2T7BGX9:3:21503:18375:4909#0/2	97.368	76	2	0	1395	1470	119	44	5.27e-28	130
NC_011593.1:c2597106-2595574	NB551033:131:HK2T7BGX9:3:21503:18375:4909#0/1	97.368	76	2	0	1395	1470	1	76	5.27e-28	130
NC_011593.1:c2597106-2595574	NB551033:131:HK2T7BGX9:3:13606:16632:4954#0/2	98.551	69	1	0	1110	1178	71	3	8.81e-26	122
NC_011593.1:c2597106-2595574	NB551033:131:HK2T7BGX9:3:13606:16632:4954#0/1	98.551	69	1	0	1110	1178	5	73	8.81e-26	122
NC_011593.1:c2597106-2595574	NB551033:131:HK2T7BGX9:3:13402:1666:17220#0/2	100.000	61	0	0	1	61	90	150	5.30e-23	113
NC_011593.1:c2597106-2595574	NB551033:131:HK2T7BGX9:3:21405:13852:5970#0/2	98.413	63	1	0	19	81	70	8	1.91e-22	111
NC_011593.1:c2597106-2595574	NB551033:131:HK2T7BGX9:3:21403:7740:16448#0/2	95.522	67	3	0	752	818	67	1	2.47e-21	108
NC_011593.1:c2597106-2595574	NB551033:131:HK2T7BGX9:1:11308:4251:4215#0/2	95.385	65	3	0	399	463	1	65	3.19e-20	104
NC_011593.1:c2597106-2595574	NB551033:131:HK2T7BGX9:1:11208:4547:10829#0/2	98.305	59	1	0	1412	1470	148	90	3.19e-20	104
NC_011593.1:c2597106-2595574	NB551033:131:HK2T7BGX9:1:11308:4251:4215#0/1	95.385	65	3	0	399	463	65	1	3.19e-20	104
NC_011593.1:c2597106-2595574	NB551033:131:HK2T7BGX9:1:11208:4547:10829#0/1	98.305	59	1	0	1412	1470	1	59	3.19e-20	104
NC_011593.1:c2597106-2595574	NB551033:131:HK2T7BGX9:1:11312:12750:17728#0/2	98.276	58	1	0	273	330	2	59	1.15e-19	102
NC_011593.1:c2597106-2595574	NB551033:131:HK2T7BGX9:1:11312:12750:17728#0/1	96.721	61	2	0	273	333	83	23	1.15e-19	102
NC_011593.1:c2597106-2595574	NB551033:131:HK2T7BGX9:3:23407:6007:18179#0/2	100.000	49	0	0	1422	1470	1	49	2.48e-16	91.6
NC_011593.1:c2597106-2595574	NB551033:131:HK2T7BGX9:3:23407:6007:18179#0/1	100.000	49	0	0	1422	1470	124	76	2.48e-16	91.6
# BLASTN 2.9.0+
# Query: NC_011593.1:c2598562-2597207 Bifidobacterium longum subsp. infantis ATCC 15697, complete genome
# Database: db/blast_C0595-2F-1A_S21.faa
# Fields: query acc.ver, subject acc.ver, % identity, alignment length, mismatches, gap opens, q. start, q. end, s. start, s. end, evalue, bit score
# 107 hits found
NC_011593.1:c2598562-2597207	NB551033:131:HK2T7BGX9:3:12408:19230:4910#0/2	100.000	151	0	0	1034	1184	1	151	4.36e-73	279
NC_011593.1:c2598562-2597207	NB551033:131:HK2T7BGX9:2:12201:3613:8833#0/2	100.000	151	0	0	1078	1228	151	1	4.36e-73	279
NC_011593.1:c2598562-2597207	NB551033:131:HK2T7BGX9:1:23310:3280:14488#0/2	100.000	151	0	0	627	777	151	1	4.36e-73	279
NC_011593.1:c2598562-2597207	NB551033:131:HK2T7BGX9:1:21208:18521:12830#0/2	100.000	151	0	0	677	827	151	1	4.36e-73	279
NC_011593.1:c2598562-2597207	NB551033:131:HK2T7BGX9:1:21108:15476:12959#0/2	100.000	151	0	0	343	493	151	1	4.36e-73	279
NC_011593.1:c2598562-2597207	NB551033:131:HK2T7BGX9:4:13603:4760:13711#0/1	100.000	151	0	0	282	432	1	151	4.36e-73	279
NC_011593.1:c2598562-2597207	NB551033:131:HK2T7BGX9:3:23612:1159:7454#0/1	100.000	151	0	0	888	1038	151	1	4.36e-73	279
NC_011593.1:c2598562-2597207	NB551033:131:HK2T7BGX9:3:23611:26665:7450#0/1	100.000	151	0	0	888	1038	151	1	4.36e-73	279
NC_011593.1:c2598562-2597207	NB551033:131:HK2T7BGX9:2:22305:1187:14082#0/1	100.000	151	0	0	287	437	1	151	4.36e-73	279
NC_011593.1:c2598562-2597207	NB551033:131:HK2T7BGX9:2:12201:3613:8833#0/1	100.000	151	0	0	960	1110	1	151	4.36e-73	279
NC_011593.1:c2598562-2597207	NB551033:131:HK2T7BGX9:1:23310:3280:14488#0/1	100.000	151	0	0	626	776	1	151	4.36e-73	279
NC_011593.1:c2598562-2597207	NB551033:131:HK2T7BGX9:1:13107:3769:3568#0/1	100.000	151	0	0	1169	1319	151	1	4.36e-73	279
NC_011593.1:c2598562-2597207	NB551033:131:HK2T7BGX9:1:11208:26061:15023#0/1	100.000	151	0	0	600	750	1	151	4.36e-73	279
NC_011593.1:c2598562-2597207	NB551033:131:HK2T7BGX9:4:21406:2298:2282#0/2	100.000	150	0	0	247	396	150	1	1.57e-72	278
NC_011593.1:c2598562-2597207	NB551033:131:HK2T7BGX9:4:13406:23839:3163#0/2	100.000	150	0	0	1011	1160	1	150	1.57e-72	278
NC_011593.1:c2598562-2597207	NB551033:131:HK2T7BGX9:3:23612:1159:7454#0/2	100.000	150	0	0	869	1018	1	150	1.57e-72	278
NC_011593.1:c2598562-2597207	NB551033:131:HK2T7BGX9:3:23611:26665:7450#0/2	100.000	150	0	0	869	1018	1	150	1.57e-72	278
NC_011593.1:c2598562-2597207	NB551033:131:HK2T7BGX9:2:11101:10607:11646#0/2	100.000	150	0	0	747	896	150	1	1.57e-72	278
NC_011593.1:c2598562-2597207	NB551033:131:HK2T7BGX9:1:13107:3769:3568#0/2	100.000	150	0	0	831	980	1	150	1.57e-72	278
NC_011593.1:c2598562-2597207	NB551033:131:HK2T7BGX9:1:11211:19000:4328#0/2	100.000	150	0	0	1117	1266	1	150	1.57e-72	278
NC_011593.1:c2598562-2597207	NB551033:131:HK2T7BGX9:1:11208:26061:15023#0/2	100.000	150	0	0	722	871	150	1	1.57e-72	278
NC_011593.1:c2598562-2597207	NB551033:131:HK2T7BGX9:2:22306:26756:14080#0/1	100.000	150	0	0	287	436	1	150	1.57e-72	278
NC_011593.1:c2598562-2597207	NB551033:131:HK2T7BGX9:2:22211:24605:8529#0/1	100.000	150	0	0	198	347	1	150	1.57e-72	278
NC_011593.1:c2598562-2597207	NB551033:131:HK2T7BGX9:2:11212:7189:15420#0/1	100.000	150	0	0	1103	1252	151	2	1.57e-72	278
NC_011593.1:c2598562-2597207	NB551033:131:HK2T7BGX9:2:11101:10607:11646#0/1	100.000	150	0	0	742	891	1	150	1.57e-72	278
NC_011593.1:c2598562-2597207	NB551033:131:HK2T7BGX9:1:12104:17947:2331#0/1	100.000	150	0	0	195	344	1	150	1.57e-72	278
NC_011593.1:c2598562-2597207	NB551033:131:HK2T7BGX9:1:11211:19000:4328#0/1	100.000	150	0	0	1188	1337	150	1	1.57e-72	278
NC_011593.1:c2598562-2597207	NB551033:131:HK2T7BGX9:3:21507:10778:8884#0/2	100.000	149	0	0	894	1042	1	149	5.64e-72	276
NC_011593.1:c2598562-2597207	NB551033:131:HK2T7BGX9:3:21407:16149:6885#0/1	100.000	149	0	0	789	937	1	149	5.64e-72	276
NC_011593.1:c2598562-2597207	NB551033:131:HK2T7BGX9:1:21208:18521:12830#0/1	100.000	149	0	0	555	703	1	149	5.64e-72	276
NC_011593.1:c2598562-2597207	NB551033:131:HK2T7BGX9:1:21108:15476:12959#0/1	100.000	149	0	0	320	468	1	149	5.64e-72	276
NC_011593.1:c2598562-2597207	NB551033:131:HK2T7BGX9:2:11212:7189:15420#0/2	100.000	148	0	0	1058	1205	2	149	2.03e-71	274
NC_011593.1:c2598562-2597207	NB551033:131:HK2T7BGX9:1:13309:7170:5658#0/2	99.338	151	1	0	1074	1224	151	1	2.03e-71	274
NC_011593.1:c2598562-2597207	NB551033:131:HK2T7BGX9:1:12104:17947:2331#0/2	99.338	151	1	0	337	487	151	1	2.03e-71	274
NC_011593.1:c2598562-2597207	NB551033:131:HK2T7BGX9:3:21407:16149:6885#0/2	99.333	150	1	0	826	975	150	1	7.29e-71	272
NC_011593.1:c2598562-2597207	NB551033:131:HK2T7BGX9:2:22207:21084:7616#0/1	99.333	150	1	0	746	895	150	1	7.29e-71	272
NC_011593.1:c2598562-2597207	NB551033:131:HK2T7BGX9:3:13502:6736:16727#0/2	100.000	146	0	0	747	892	1	146	2.62e-70	270
NC_011593.1:c2598562-2597207	NB551033:131:HK2T7BGX9:4:22412:12581:16862#0/1	100.000	145	0	0	1058	1202	6	150	9.44e-70	268
NC_011593.1:c2598562-2597207	NB551033:131:HK2T7BGX9:2:22207:21084:7616#0/2	100.000	144	0	0	381	524	1	144	3.39e-69	267
NC_011593.1:c2598562-2597207	NB551033:131:HK2T7BGX9:4:23602:23293:11925#0/2	100.000	143	0	0	907	1049	1	143	1.22e-68	265
NC_011593.1:c2598562-2597207	NB551033:131:HK2T7BGX9:4:23602:23293:11925#0/1	100.000	143	0	0	907	1049	143	1	1.22e-68	265
NC_011593.1:c2598562-2597207	NB551033:131:HK2T7BGX9:3:12408:19230:4910#0/1	100.000	141	0	0	1093	1233	141	1	1.58e-67	261
NC_011593.1:c2598562-2597207	NB551033:131:HK2T7BGX9:3:13410:4288:6670#0/2	100.000	139	0	0	899	1037	1	139	2.04e-66	257
NC_011593.1:c2598562-2597207	NB551033:131:HK2T7BGX9:4:23607:4801:8155#0/1	100.000	137	0	0	469	605	1	137	2.64e-65	254
NC_011593.1:c2598562-2597207	NB551033:131:HK2T7BGX9:3:23612:6819:3175#0/1	100.000	137	0	0	254	390	1	137	2.64e-65	254
NC_011593.1:c2598562-2597207	NB551033:131:HK2T7BGX9:3:13410:4288:6670#0/1	99.281	139	1	0	899	1037	139	1	9.50e-65	252
NC_011593.1:c2598562-2597207	NB551033:131:HK2T7BGX9:2:22305:1187:14082#0/2	98.571	140	2	0	348	487	140	1	1.23e-63	248
NC_011593.1:c2598562-2597207	NB551033:131:HK2T7BGX9:4:11412:9965:11089#0/1	100.000	134	0	0	485	618	1	134	1.23e-63	248
NC_011593.1:c2598562-2597207	NB551033:131:HK2T7BGX9:2:22208:24821:7558#0/2	100.000	128	0	0	645	772	1	128	2.66e-60	237
NC_011593.1:c2598562-2597207	NB551033:131:HK2T7BGX9:3:13502:6736:16727#0/1	100.000	128	0	0	765	892	128	1	2.66e-60	237
NC_011593.1:c2598562-2597207	NB551033:131:HK2T7BGX9:4:11412:9965:11089#0/2	100.000	123	0	0	496	618	123	1	1.60e-57	228
NC_011593.1:c2598562-2597207	NB551033:131:HK2T7BGX9:2:22211:24605:8529#0/2	100.000	119	0	0	292	410	119	1	2.68e-55	220
NC_011593.1:c2598562-2597207	NB551033:131:HK2T7BGX9:3:12506:13047:7513#0/2	100.000	117	0	0	1198	1314	1	117	3.47e-54	217
NC_011593.1:c2598562-2597207	NB551033:131:HK2T7BGX9:3:12506:13047:7513#0/1	100.000	117	0	0	1198	1314	117	1	3.47e-54	217
NC_011593.1:c2598562-2597207	NB551033:131:HK2T7BGX9:4:22412:12581:16862#0/2	100.000	105	0	0	1148	1252	149	45	1.62e-47	195
NC_011593.1:c2598562-2597207	NB551033:131:HK2T7BGX9:4:11611:11659:9928#0/2	100.000	105	0	0	549	653	105	1	1.62e-47	195
NC_011593.1:c2598562-2597207	NB551033:131:HK2T7BGX9:3:23611:13837:15074#0/2	100.000	105	0	0	960	1064	1	105	1.62e-47	195
NC_011593.1:c2598562-2597207	NB551033:131:HK2T7BGX9:4:11611:11659:9928#0/1	100.000	105	0	0	549	653	1	105	1.62e-47	195
NC_011593.1:c2598562-2597207	NB551033:131:HK2T7BGX9:4:12611:5519:1409#0/1	99.029	103	1	0	1150	1252	1	103	9.78e-45	185
NC_011593.1:c2598562-2597207	NB551033:131:HK2T7BGX9:3:23611:13837:15074#0/1	100.000	100	0	0	965	1064	150	51	9.78e-45	185
NC_011593.1:c2598562-2597207	NB551033:131:HK2T7BGX9:2:22208:24821:7558#0/1	100.000	100	0	0	850	949	100	1	9.78e-45	185
NC_011593.1:c2598562-2597207	NB551033:131:HK2T7BGX9:4:13406:23839:3163#0/1	100.000	95	0	0	1262	1356	150	56	5.88e-42	176
NC_011593.1:c2598562-2597207	NB551033:131:HK2T7BGX9:4:22608:8440:14736#0/2	98.936	94	1	0	204	297	1	94	9.85e-40	169
NC_011593.1:c2598562-2597207	NB551033:131:HK2T7BGX9:4:21611:15527:9694#0/2	100.000	88	0	0	232	319	88	1	4.58e-38	163
NC_011593.1:c2598562-2597207	NB551033:131:HK2T7BGX9:4:23610:7199:5744#0/2	100.000	86	0	0	960	1045	1	86	5.93e-37	159
NC_011593.1:c2598562-2597207	NB551033:131:HK2T7BGX9:4:23610:7199:5744#0/1	100.000	86	0	0	960	1045	86	1	5.93e-37	159
NC_011593.1:c2598562-2597207	NB551033:131:HK2T7BGX9:4:22608:8440:14736#0/1	98.876	89	1	0	209	297	89	1	5.93e-37	159
NC_011593.1:c2598562-2597207	NB551033:131:HK2T7BGX9:1:23310:22673:10316#0/2	98.864	88	1	0	288	375	88	1	2.13e-36	158
NC_011593.1:c2598562-2597207	NB551033:131:HK2T7BGX9:3:21507:10778:8884#0/1	100.000	83	0	0	982	1064	151	69	2.76e-35	154
NC_011593.1:c2598562-2597207	NB551033:131:HK2T7BGX9:3:13605:25821:4804#0/2	100.000	82	0	0	138	219	82	1	9.92e-35	152
NC_011593.1:c2598562-2597207	NB551033:131:HK2T7BGX9:1:23301:18001:20200#0/2	100.000	82	0	0	138	219	82	1	9.92e-35	152
NC_011593.1:c2598562-2597207	NB551033:131:HK2T7BGX9:1:11110:22484:6948#0/2	100.000	82	0	0	138	219	82	1	9.92e-35	152
NC_011593.1:c2598562-2597207	NB551033:131:HK2T7BGX9:2:12303:7392:14215#0/1	100.000	81	0	0	381	461	1	81	3.57e-34	150
NC_011593.1:c2598562-2597207	NB551033:131:HK2T7BGX9:3:23612:6819:3175#0/2	100.000	79	0	0	312	390	79	1	4.61e-33	147
NC_011593.1:c2598562-2597207	NB551033:131:HK2T7BGX9:2:22203:20840:9980#0/2	100.000	79	0	0	645	723	79	1	4.61e-33	147
NC_011593.1:c2598562-2597207	NB551033:131:HK2T7BGX9:1:12203:7723:7509#0/2	100.000	79	0	0	1058	1136	6	84	4.61e-33	147
NC_011593.1:c2598562-2597207	NB551033:131:HK2T7BGX9:2:22203:20840:9980#0/1	100.000	79	0	0	645	723	1	79	4.61e-33	147
NC_011593.1:c2598562-2597207	NB551033:131:HK2T7BGX9:1:13309:7170:5658#0/1	100.000	79	0	0	1058	1136	72	150	4.61e-33	147
NC_011593.1:c2598562-2597207	NB551033:131:HK2T7BGX9:1:12203:7723:7509#0/1	100.000	79	0	0	1058	1136	79	1	4.61e-33	147
NC_011593.1:c2598562-2597207	NB551033:131:HK2T7BGX9:2:12303:7392:14215#0/2	100.000	77	0	0	498	574	77	1	5.97e-32	143
NC_011593.1:c2598562-2597207	NB551033:131:HK2T7BGX9:2:22306:26756:14080#0/2	100.000	76	0	0	412	487	76	1	2.15e-31	141
NC_011593.1:c2598562-2597207	NB551033:131:HK2T7BGX9:1:12204:5406:7188#0/2	100.000	74	0	0	138	211	75	148	2.78e-30	137
NC_011593.1:c2598562-2597207	NB551033:131:HK2T7BGX9:1:12204:5406:7188#0/1	100.000	74	0	0	138	211	74	1	2.78e-30	137
NC_011593.1:c2598562-2597207	NB551033:131:HK2T7BGX9:4:23607:4801:8155#0/2	100.000	73	0	0	533	605	73	1	9.99e-30	135
NC_011593.1:c2598562-2597207	NB551033:131:HK2T7BGX9:4:13603:4760:13711#0/2	100.000	72	0	0	537	608	72	1	3.59e-29	134
NC_011593.1:c2598562-2597207	NB551033:131:HK2T7BGX9:4:21406:2298:2282#0/1	100.000	72	0	0	138	209	80	151	3.59e-29	134
NC_011593.1:c2598562-2597207	NB551033:131:HK2T7BGX9:3:22509:3432:6626#0/2	100.000	71	0	0	888	958	1	71	1.29e-28	132
NC_011593.1:c2598562-2597207	NB551033:131:HK2T7BGX9:3:22509:3432:6626#0/1	100.000	71	0	0	888	958	71	1	1.29e-28	132
NC_011593.1:c2598562-2597207	NB551033:131:HK2T7BGX9:1:21110:17796:16174#0/1	100.000	71	0	0	231	301	71	1	1.29e-28	132
NC_011593.1:c2598562-2597207	NB551033:131:HK2T7BGX9:2:12108:19648:13319#0/2	98.571	70	1	0	677	746	70	1	2.16e-26	124
NC_011593.1:c2598562-2597207	NB551033:131:HK2T7BGX9:2:12108:19648:13319#0/1	98.571	70	1	0	677	746	1	70	2.16e-26	124
NC_011593.1:c2598562-2597207	NB551033:131:HK2T7BGX9:4:23511:6150:10179#0/1	98.551	69	1	0	1058	1126	69	1	7.77e-26	122
NC_011593.1:c2598562-2597207	NB551033:131:HK2T7BGX9:4:21507:12373:2465#0/2	100.000	60	0	0	1249	1308	60	1	1.68e-22	111
NC_011593.1:c2598562-2597207	NB551033:131:HK2T7BGX9:4:12611:5519:1409#0/2	98.361	61	1	0	1192	1252	151	91	2.18e-21	108
NC_011593.1:c2598562-2597207	NB551033:131:HK2T7BGX9:2:11207:10073:16451#0/2	100.000	57	0	0	1300	1356	1	57	7.83e-21	106
NC_011593.1:c2598562-2597207	NB551033:131:HK2T7BGX9:4:21611:15527:9694#0/1	98.148	54	1	0	138	191	48	101	1.69e-17	95.3
NC_011593.1:c2598562-2597207	NB551033:131:HK2T7BGX9:3:11609:16284:14369#0/2	100.000	47	0	0	1310	1356	1	47	2.84e-15	87.9
NC_011593.1:c2598562-2597207	NB551033:131:HK2T7BGX9:1:22209:16570:14084#0/2	100.000	47	0	0	1310	1356	80	34	2.84e-15	87.9
NC_011593.1:c2598562-2597207	NB551033:131:HK2T7BGX9:1:22209:16570:14084#0/1	100.000	47	0	0	1310	1356	1	47	2.84e-15	87.9
NC_011593.1:c2598562-2597207	NB551033:131:HK2T7BGX9:3:12408:12753:8171#0/2	100.000	42	0	0	1211	1252	1	42	1.71e-12	78.7
NC_011593.1:c2598562-2597207	NB551033:131:HK2T7BGX9:3:12408:12753:8171#0/1	100.000	42	0	0	1211	1252	68	27	1.71e-12	78.7
NC_011593.1:c2598562-2597207	NB551033:131:HK2T7BGX9:3:13605:25821:4804#0/1	100.000	41	0	0	138	178	110	150	6.14e-12	76.8
NC_011593.1:c2598562-2597207	NB551033:131:HK2T7BGX9:1:11110:22484:6948#0/1	100.000	41	0	0	138	178	110	150	6.14e-12	76.8
NC_011593.1:c2598562-2597207	NB551033:131:HK2T7BGX9:3:21404:12329:12986#0/2	100.000	38	0	0	1319	1356	1	38	2.86e-10	71.3
NC_011593.1:c2598562-2597207	NB551033:131:HK2T7BGX9:4:21507:12373:2465#0/1	100.000	31	0	0	1249	1279	121	151	2.22e-06	58.4
NC_011593.1:c2598562-2597207	NB551033:131:HK2T7BGX9:3:21404:12329:12986#0/1	100.000	29	0	0	1328	1356	151	123	2.88e-05	54.7
NC_011593.1:c2598562-2597207	NB551033:131:HK2T7BGX9:3:22511:9708:4094#0/2	100.000	28	0	0	1225	1252	1	28	1.03e-04	52.8
# BLASTN 2.9.0+
# Query: NC_011593.1:2598858-2601929 Bifidobacterium longum subsp. infantis ATCC 15697, complete genome
# Database: db/blast_C0595-2F-1A_S21.faa
# Fields: query acc.ver, subject acc.ver, % identity, alignment length, mismatches, gap opens, q. start, q. end, s. start, s. end, evalue, bit score
# 202 hits found
NC_011593.1:2598858-2601929	NB551033:131:HK2T7BGX9:3:23412:17090:6037#0/2	100.000	151	0	0	1742	1892	1	151	9.89e-73	279
NC_011593.1:2598858-2601929	NB551033:131:HK2T7BGX9:3:22508:11755:14917#0/2	100.000	151	0	0	1742	1892	1	151	9.89e-73	279
NC_011593.1:2598858-2601929	NB551033:131:HK2T7BGX9:2:13311:13952:15091#0/2	100.000	151	0	0	905	1055	1	151	9.89e-73	279
NC_011593.1:2598858-2601929	NB551033:131:HK2T7BGX9:1:22109:11367:5409#0/2	100.000	151	0	0	1621	1771	1	151	9.89e-73	279
NC_011593.1:2598858-2601929	NB551033:131:HK2T7BGX9:2:12105:7998:20174#0/1	100.000	151	0	0	2429	2579	151	1	9.89e-73	279
NC_011593.1:2598858-2601929	NB551033:131:HK2T7BGX9:1:22109:11367:5409#0/1	100.000	151	0	0	1718	1868	151	1	9.89e-73	279
NC_011593.1:2598858-2601929	NB551033:131:HK2T7BGX9:4:23503:13911:11210#0/2	100.000	150	0	0	1585	1734	150	1	3.56e-72	278
NC_011593.1:2598858-2601929	NB551033:131:HK2T7BGX9:4:21511:19493:12163#0/2	100.000	150	0	0	921	1070	1	150	3.56e-72	278
NC_011593.1:2598858-2601929	NB551033:131:HK2T7BGX9:3:21606:13341:7255#0/2	100.000	150	0	0	1624	1773	150	1	3.56e-72	278
NC_011593.1:2598858-2601929	NB551033:131:HK2T7BGX9:3:13411:26329:8028#0/2	100.000	150	0	0	1562	1711	150	1	3.56e-72	278
NC_011593.1:2598858-2601929	NB551033:131:HK2T7BGX9:3:11604:19609:8291#0/2	100.000	150	0	0	1668	1817	1	150	3.56e-72	278
NC_011593.1:2598858-2601929	NB551033:131:HK2T7BGX9:2:21104:23072:3657#0/2	100.000	150	0	0	2414	2563	150	1	3.56e-72	278
NC_011593.1:2598858-2601929	NB551033:131:HK2T7BGX9:1:12108:14737:14169#0/2	100.000	150	0	0	1979	2128	150	1	3.56e-72	278
NC_011593.1:2598858-2601929	NB551033:131:HK2T7BGX9:3:13411:26329:8028#0/1	100.000	150	0	0	1561	1710	1	150	3.56e-72	278
NC_011593.1:2598858-2601929	NB551033:131:HK2T7BGX9:3:11604:19609:8291#0/1	100.000	150	0	0	1719	1868	150	1	3.56e-72	278
NC_011593.1:2598858-2601929	NB551033:131:HK2T7BGX9:2:22308:3943:2346#0/1	100.000	150	0	0	2398	2547	150	1	3.56e-72	278
NC_011593.1:2598858-2601929	NB551033:131:HK2T7BGX9:3:13609:6251:19263#0/1	100.000	149	0	0	1937	2085	1	149	1.28e-71	276
NC_011593.1:2598858-2601929	NB551033:131:HK2T7BGX9:1:12108:14737:14169#0/1	100.000	149	0	0	1920	2068	1	149	1.28e-71	276
NC_011593.1:2598858-2601929	NB551033:131:HK2T7BGX9:2:11106:5422:11307#0/2	100.000	148	0	0	1713	1860	1	148	4.60e-71	274
NC_011593.1:2598858-2601929	NB551033:131:HK2T7BGX9:4:21604:20480:15174#0/1	99.338	151	1	0	355	505	1	151	4.60e-71	274
NC_011593.1:2598858-2601929	NB551033:131:HK2T7BGX9:4:12407:14364:4187#0/1	99.338	151	1	0	295	445	151	1	4.60e-71	274
NC_011593.1:2598858-2601929	NB551033:131:HK2T7BGX9:4:11409:4278:17313#0/1	99.338	151	1	0	974	1124	1	151	4.60e-71	274
NC_011593.1:2598858-2601929	NB551033:131:HK2T7BGX9:4:23609:14454:15913#0/2	99.333	150	1	0	1786	1935	1	150	1.66e-70	272
NC_011593.1:2598858-2601929	NB551033:131:HK2T7BGX9:4:12407:14364:4187#0/2	99.333	150	1	0	229	378	1	150	1.66e-70	272
NC_011593.1:2598858-2601929	NB551033:131:HK2T7BGX9:4:11411:6955:1675#0/2	99.333	150	1	0	1845	1994	1	150	1.66e-70	272
NC_011593.1:2598858-2601929	NB551033:131:HK2T7BGX9:4:11409:4278:17313#0/2	99.333	150	1	0	1005	1154	150	1	1.66e-70	272
NC_011593.1:2598858-2601929	NB551033:131:HK2T7BGX9:1:23311:20902:4137#0/2	99.333	150	1	0	1824	1973	1	150	1.66e-70	272
NC_011593.1:2598858-2601929	NB551033:131:HK2T7BGX9:1:21105:6888:2155#0/2	99.333	150	1	0	2209	2358	1	150	1.66e-70	272
NC_011593.1:2598858-2601929	NB551033:131:HK2T7BGX9:3:23509:13218:7761#0/1	99.333	150	1	0	941	1090	1	150	1.66e-70	272
NC_011593.1:2598858-2601929	NB551033:131:HK2T7BGX9:3:23412:17090:6037#0/1	99.333	150	1	0	1874	2023	150	1	1.66e-70	272
NC_011593.1:2598858-2601929	NB551033:131:HK2T7BGX9:2:11312:18708:4945#0/1	99.333	150	1	0	170	319	150	1	1.66e-70	272
NC_011593.1:2598858-2601929	NB551033:131:HK2T7BGX9:2:11106:5422:11307#0/1	99.333	150	1	0	1762	1911	150	1	1.66e-70	272
NC_011593.1:2598858-2601929	NB551033:131:HK2T7BGX9:4:21604:20480:15174#0/2	99.329	149	1	0	385	533	151	3	5.95e-70	270
NC_011593.1:2598858-2601929	NB551033:131:HK2T7BGX9:1:23308:22629:9657#0/2	99.329	149	1	0	250	398	149	1	5.95e-70	270
NC_011593.1:2598858-2601929	NB551033:131:HK2T7BGX9:2:21104:23072:3657#0/1	99.329	149	1	0	2380	2528	3	151	5.95e-70	270
NC_011593.1:2598858-2601929	NB551033:131:HK2T7BGX9:4:22405:25046:18567#0/1	98.675	151	2	0	2820	2970	151	1	2.14e-69	268
NC_011593.1:2598858-2601929	NB551033:131:HK2T7BGX9:2:13311:13952:15091#0/1	98.675	151	2	0	1048	1198	151	1	2.14e-69	268
NC_011593.1:2598858-2601929	NB551033:131:HK2T7BGX9:1:23103:21095:15767#0/1	98.675	151	2	0	1481	1631	151	1	2.14e-69	268
NC_011593.1:2598858-2601929	NB551033:131:HK2T7BGX9:4:13511:5719:6713#0/2	98.667	150	2	0	2497	2646	150	1	7.70e-69	267
NC_011593.1:2598858-2601929	NB551033:131:HK2T7BGX9:3:21512:5336:19866#0/2	98.667	150	2	0	1240	1389	150	1	7.70e-69	267
NC_011593.1:2598858-2601929	NB551033:131:HK2T7BGX9:3:21502:20141:8051#0/2	98.667	150	2	0	685	834	150	1	7.70e-69	267
NC_011593.1:2598858-2601929	NB551033:131:HK2T7BGX9:3:13609:6251:19263#0/2	99.320	147	1	0	2011	2157	150	4	7.70e-69	267
NC_011593.1:2598858-2601929	NB551033:131:HK2T7BGX9:2:23107:7266:12120#0/2	98.667	150	2	0	659	808	1	150	7.70e-69	267
NC_011593.1:2598858-2601929	NB551033:131:HK2T7BGX9:1:13101:14582:11233#0/2	98.667	150	2	0	2894	3043	1	150	7.70e-69	267
NC_011593.1:2598858-2601929	NB551033:131:HK2T7BGX9:3:22508:11755:14917#0/1	98.667	150	2	0	1807	1956	150	1	7.70e-69	267
NC_011593.1:2598858-2601929	NB551033:131:HK2T7BGX9:3:13412:25161:2737#0/1	98.667	150	2	0	396	545	150	1	7.70e-69	267
NC_011593.1:2598858-2601929	NB551033:131:HK2T7BGX9:2:11110:8272:9009#0/1	98.667	150	2	0	2778	2927	1	150	7.70e-69	267
NC_011593.1:2598858-2601929	NB551033:131:HK2T7BGX9:1:23308:22629:9657#0/1	98.667	150	2	0	81	230	1	150	7.70e-69	267
NC_011593.1:2598858-2601929	NB551033:131:HK2T7BGX9:1:21105:6888:2155#0/1	98.667	150	2	0	2332	2481	150	1	7.70e-69	267
NC_011593.1:2598858-2601929	NB551033:131:HK2T7BGX9:1:12212:15540:12302#0/1	98.667	150	2	0	2132	2281	1	150	7.70e-69	267
NC_011593.1:2598858-2601929	NB551033:131:HK2T7BGX9:3:13602:21788:4864#0/2	100.000	143	0	0	898	1040	143	1	2.77e-68	265
NC_011593.1:2598858-2601929	NB551033:131:HK2T7BGX9:3:11607:2170:7435#0/2	98.658	149	2	0	2529	2677	1	149	2.77e-68	265
NC_011593.1:2598858-2601929	NB551033:131:HK2T7BGX9:3:11408:7700:13155#0/2	98.658	149	2	0	565	713	149	1	2.77e-68	265
NC_011593.1:2598858-2601929	NB551033:131:HK2T7BGX9:4:13511:5719:6713#0/1	98.658	149	2	0	2480	2628	1	149	2.77e-68	265
NC_011593.1:2598858-2601929	NB551033:131:HK2T7BGX9:3:12605:15817:8928#0/1	98.658	149	2	0	565	713	149	1	2.77e-68	265
NC_011593.1:2598858-2601929	NB551033:131:HK2T7BGX9:3:21503:10892:3873#0/2	98.013	151	3	0	2316	2466	151	1	9.96e-68	263
NC_011593.1:2598858-2601929	NB551033:131:HK2T7BGX9:1:23104:13993:19076#0/2	98.013	151	3	0	2340	2490	1	151	9.96e-68	263
NC_011593.1:2598858-2601929	NB551033:131:HK2T7BGX9:1:23103:21095:15767#0/2	98.013	151	3	0	1474	1624	1	151	9.96e-68	263
NC_011593.1:2598858-2601929	NB551033:131:HK2T7BGX9:1:12108:22563:17780#0/2	98.013	151	3	0	1179	1329	151	1	9.96e-68	263
NC_011593.1:2598858-2601929	NB551033:131:HK2T7BGX9:1:11312:20881:18256#0/2	98.013	151	3	0	674	824	151	1	9.96e-68	263
NC_011593.1:2598858-2601929	NB551033:131:HK2T7BGX9:4:22611:15102:12026#0/1	98.013	151	3	0	1293	1443	151	1	9.96e-68	263
NC_011593.1:2598858-2601929	NB551033:131:HK2T7BGX9:4:11607:15884:8943#0/1	98.013	151	3	0	2311	2461	1	151	9.96e-68	263
NC_011593.1:2598858-2601929	NB551033:131:HK2T7BGX9:1:23104:13993:19076#0/1	98.013	151	3	0	2347	2497	151	1	9.96e-68	263
NC_011593.1:2598858-2601929	NB551033:131:HK2T7BGX9:1:13104:5963:7217#0/1	98.013	151	3	0	1209	1359	1	151	9.96e-68	263
NC_011593.1:2598858-2601929	NB551033:131:HK2T7BGX9:1:11312:20881:18256#0/1	98.013	151	3	0	614	764	1	151	9.96e-68	263
NC_011593.1:2598858-2601929	NB551033:131:HK2T7BGX9:4:22611:15102:12026#0/2	98.000	150	3	0	1287	1436	1	150	3.58e-67	261
NC_011593.1:2598858-2601929	NB551033:131:HK2T7BGX9:4:11607:15884:8943#0/2	98.000	150	3	0	2372	2521	150	1	3.58e-67	261
NC_011593.1:2598858-2601929	NB551033:131:HK2T7BGX9:3:12603:25344:9990#0/2	98.000	150	3	0	1308	1457	150	1	3.58e-67	261
NC_011593.1:2598858-2601929	NB551033:131:HK2T7BGX9:3:11506:8364:12719#0/2	98.639	147	2	0	1480	1626	147	1	3.58e-67	261
NC_011593.1:2598858-2601929	NB551033:131:HK2T7BGX9:2:12110:5907:6225#0/2	98.000	150	3	0	1261	1410	150	1	3.58e-67	261
NC_011593.1:2598858-2601929	NB551033:131:HK2T7BGX9:1:13104:5963:7217#0/2	98.000	150	3	0	1333	1482	150	1	3.58e-67	261
NC_011593.1:2598858-2601929	NB551033:131:HK2T7BGX9:3:12603:25344:9990#0/1	98.000	150	3	0	1190	1339	1	150	3.58e-67	261
NC_011593.1:2598858-2601929	NB551033:131:HK2T7BGX9:3:11506:8364:12719#0/1	98.000	150	3	0	1435	1584	1	150	3.58e-67	261
NC_011593.1:2598858-2601929	NB551033:131:HK2T7BGX9:3:11408:7700:13155#0/1	98.000	150	3	0	400	549	1	150	3.58e-67	261
NC_011593.1:2598858-2601929	NB551033:131:HK2T7BGX9:2:12111:22869:18299#0/1	98.000	150	3	0	1391	1540	150	1	3.58e-67	261
NC_011593.1:2598858-2601929	NB551033:131:HK2T7BGX9:2:12110:5907:6225#0/1	98.000	150	3	0	1261	1410	1	150	3.58e-67	261
NC_011593.1:2598858-2601929	NB551033:131:HK2T7BGX9:1:12212:15540:12302#0/2	97.987	149	3	0	2302	2450	149	1	1.29e-66	259
NC_011593.1:2598858-2601929	NB551033:131:HK2T7BGX9:3:11612:7057:14408#0/2	97.351	151	4	0	2603	2753	1	151	4.64e-66	257
NC_011593.1:2598858-2601929	NB551033:131:HK2T7BGX9:2:12111:22869:18299#0/2	97.973	148	3	0	1214	1361	1	148	4.64e-66	257
NC_011593.1:2598858-2601929	NB551033:131:HK2T7BGX9:2:11110:8272:9009#0/2	97.973	148	3	0	2917	3064	148	1	4.64e-66	257
NC_011593.1:2598858-2601929	NB551033:131:HK2T7BGX9:4:23503:13911:11210#0/1	97.973	148	3	0	1454	1601	1	148	4.64e-66	257
NC_011593.1:2598858-2601929	NB551033:131:HK2T7BGX9:4:13609:14904:8025#0/1	97.351	151	4	0	2000	2150	1	151	4.64e-66	257
NC_011593.1:2598858-2601929	NB551033:131:HK2T7BGX9:3:11612:7057:14408#0/1	97.351	151	4	0	2636	2786	151	1	4.64e-66	257
NC_011593.1:2598858-2601929	NB551033:131:HK2T7BGX9:4:22405:25046:18567#0/2	97.333	150	4	0	2721	2870	1	150	1.67e-65	255
NC_011593.1:2598858-2601929	NB551033:131:HK2T7BGX9:4:11611:13854:11608#0/2	97.333	150	4	0	2366	2515	1	150	1.67e-65	255
NC_011593.1:2598858-2601929	NB551033:131:HK2T7BGX9:2:23208:17867:6179#0/2	99.291	141	1	0	1594	1734	141	1	1.67e-65	255
NC_011593.1:2598858-2601929	NB551033:131:HK2T7BGX9:2:22308:3943:2346#0/2	99.291	141	1	0	2017	2157	1	141	1.67e-65	255
NC_011593.1:2598858-2601929	NB551033:131:HK2T7BGX9:2:12105:7998:20174#0/2	97.333	150	4	0	2293	2442	1	150	1.67e-65	255
NC_011593.1:2598858-2601929	NB551033:131:HK2T7BGX9:1:23311:2330:17036#0/2	97.333	150	4	0	2249	2398	150	1	1.67e-65	255
NC_011593.1:2598858-2601929	NB551033:131:HK2T7BGX9:3:21503:10892:3873#0/1	97.333	150	4	0	2295	2444	1	150	1.67e-65	255
NC_011593.1:2598858-2601929	NB551033:131:HK2T7BGX9:3:11607:2170:7435#0/1	97.333	150	4	0	2671	2820	150	1	1.67e-65	255
NC_011593.1:2598858-2601929	NB551033:131:HK2T7BGX9:2:23208:17867:6179#0/1	99.291	141	1	0	1594	1734	1	141	1.67e-65	255
NC_011593.1:2598858-2601929	NB551033:131:HK2T7BGX9:3:23509:13218:7761#0/2	98.601	143	2	0	1028	1170	143	1	6.00e-65	254
NC_011593.1:2598858-2601929	NB551033:131:HK2T7BGX9:3:13412:25161:2737#0/2	98.601	143	2	0	100	242	1	143	6.00e-65	254
NC_011593.1:2598858-2601929	NB551033:131:HK2T7BGX9:2:11312:18708:4945#0/2	99.286	140	1	0	1	140	11	150	6.00e-65	254
NC_011593.1:2598858-2601929	NB551033:131:HK2T7BGX9:4:21511:19493:12163#0/1	97.315	149	4	0	1224	1372	149	1	6.00e-65	254
NC_011593.1:2598858-2601929	NB551033:131:HK2T7BGX9:3:12605:15817:8928#0/2	96.689	151	5	0	465	615	1	151	2.16e-64	252
NC_011593.1:2598858-2601929	NB551033:131:HK2T7BGX9:4:13607:16778:18761#0/1	97.297	148	4	0	2290	2437	1	148	2.16e-64	252
NC_011593.1:2598858-2601929	NB551033:131:HK2T7BGX9:4:13609:14904:8025#0/2	96.667	150	5	0	2087	2236	150	1	7.76e-64	250
NC_011593.1:2598858-2601929	NB551033:131:HK2T7BGX9:2:22207:18535:11567#0/2	96.667	150	5	0	816	965	1	150	7.76e-64	250
NC_011593.1:2598858-2601929	NB551033:131:HK2T7BGX9:4:11411:6955:1675#0/1	96.667	150	5	0	2070	2219	150	1	7.76e-64	250
NC_011593.1:2598858-2601929	NB551033:131:HK2T7BGX9:3:13602:21788:4864#0/1	96.667	150	5	0	858	1007	1	150	7.76e-64	250
NC_011593.1:2598858-2601929	NB551033:131:HK2T7BGX9:2:22207:18535:11567#0/1	96.667	150	5	0	835	984	150	1	7.76e-64	250
NC_011593.1:2598858-2601929	NB551033:131:HK2T7BGX9:4:11611:13854:11608#0/1	97.260	146	4	0	2584	2729	146	1	2.79e-63	248
NC_011593.1:2598858-2601929	NB551033:131:HK2T7BGX9:3:12503:12406:11513#0/1	99.270	137	1	0	1	137	13	149	2.79e-63	248
NC_011593.1:2598858-2601929	NB551033:131:HK2T7BGX9:4:13607:16778:18761#0/2	96.622	148	5	0	2290	2437	148	1	1.00e-62	246
NC_011593.1:2598858-2601929	NB551033:131:HK2T7BGX9:4:23609:14454:15913#0/1	97.203	143	4	0	2295	2437	143	1	1.30e-61	243
NC_011593.1:2598858-2601929	NB551033:131:HK2T7BGX9:1:13101:16625:19673#0/2	99.248	133	1	0	341	473	1	133	4.67e-61	241
NC_011593.1:2598858-2601929	NB551033:131:HK2T7BGX9:1:13101:16625:19673#0/1	99.248	133	1	0	341	473	133	1	4.67e-61	241
NC_011593.1:2598858-2601929	NB551033:131:HK2T7BGX9:4:13412:11991:8487#0/2	99.231	130	1	0	2910	3039	1	130	2.17e-59	235
NC_011593.1:2598858-2601929	NB551033:131:HK2T7BGX9:3:21512:5336:19866#0/1	97.744	133	3	0	1140	1272	1	133	1.01e-57	230
NC_011593.1:2598858-2601929	NB551033:131:HK2T7BGX9:1:23311:20902:4137#0/1	97.037	135	4	0	2034	2168	135	1	3.63e-57	228
NC_011593.1:2598858-2601929	NB551033:131:HK2T7BGX9:2:22210:21251:3072#0/2	98.438	128	2	0	2894	3021	128	1	1.31e-56	226
NC_011593.1:2598858-2601929	NB551033:131:HK2T7BGX9:3:12503:12406:11513#0/2	100.000	120	0	0	228	347	120	1	1.69e-55	222
NC_011593.1:2598858-2601929	NB551033:131:HK2T7BGX9:3:13612:22265:14902#0/2	99.180	122	1	0	1235	1356	122	1	6.08e-55	220
NC_011593.1:2598858-2601929	NB551033:131:HK2T7BGX9:3:13612:22265:14902#0/1	99.180	122	1	0	1235	1356	3	124	6.08e-55	220
NC_011593.1:2598858-2601929	NB551033:131:HK2T7BGX9:3:13406:18407:15117#0/1	96.947	131	4	0	1214	1344	131	1	6.08e-55	220
NC_011593.1:2598858-2601929	NB551033:131:HK2T7BGX9:3:21411:16221:11285#0/2	98.387	124	2	0	1508	1631	1	124	2.19e-54	219
NC_011593.1:2598858-2601929	NB551033:131:HK2T7BGX9:3:13406:18407:15117#0/2	96.923	130	4	0	1214	1343	1	130	2.19e-54	219
NC_011593.1:2598858-2601929	NB551033:131:HK2T7BGX9:1:21305:9457:14591#0/2	98.387	124	2	0	1172	1295	1	124	2.19e-54	219
NC_011593.1:2598858-2601929	NB551033:131:HK2T7BGX9:3:21411:16221:11285#0/1	98.387	124	2	0	1508	1631	124	1	2.19e-54	219
NC_011593.1:2598858-2601929	NB551033:131:HK2T7BGX9:1:21305:9457:14591#0/1	98.387	124	2	0	1172	1295	124	1	2.19e-54	219
NC_011593.1:2598858-2601929	NB551033:131:HK2T7BGX9:4:22501:16363:9456#0/2	99.167	120	1	0	1860	1979	1	120	7.87e-54	217
NC_011593.1:2598858-2601929	NB551033:131:HK2T7BGX9:4:21409:22879:11425#0/2	98.374	123	2	0	630	752	1	123	7.87e-54	217
NC_011593.1:2598858-2601929	NB551033:131:HK2T7BGX9:4:21409:5234:9715#0/2	97.619	126	3	0	1224	1349	1	126	7.87e-54	217
NC_011593.1:2598858-2601929	NB551033:131:HK2T7BGX9:4:22501:16363:9456#0/1	99.167	120	1	0	1860	1979	120	1	7.87e-54	217
NC_011593.1:2598858-2601929	NB551033:131:HK2T7BGX9:4:21409:5234:9715#0/1	97.619	126	3	0	1224	1349	126	1	7.87e-54	217
NC_011593.1:2598858-2601929	NB551033:131:HK2T7BGX9:3:21502:20141:8051#0/1	98.347	121	2	0	682	802	1	121	1.02e-52	213
NC_011593.1:2598858-2601929	NB551033:131:HK2T7BGX9:4:23504:5703:5820#0/2	99.130	115	1	0	1807	1921	115	1	4.73e-51	207
NC_011593.1:2598858-2601929	NB551033:131:HK2T7BGX9:4:23504:5703:5820#0/1	99.130	115	1	0	1807	1921	1	115	4.73e-51	207
NC_011593.1:2598858-2601929	NB551033:131:HK2T7BGX9:2:22211:24185:5435#0/2	99.115	113	1	0	237	349	1	113	6.13e-50	204
NC_011593.1:2598858-2601929	NB551033:131:HK2T7BGX9:2:22211:24185:5435#0/1	99.115	113	1	0	237	349	113	1	6.13e-50	204
NC_011593.1:2598858-2601929	NB551033:131:HK2T7BGX9:1:13107:21129:8830#0/2	100.000	109	0	0	1900	2008	1	109	2.20e-49	202
NC_011593.1:2598858-2601929	NB551033:131:HK2T7BGX9:1:13107:21129:8830#0/1	100.000	109	0	0	1900	2008	109	1	2.20e-49	202
NC_011593.1:2598858-2601929	NB551033:131:HK2T7BGX9:1:13101:14582:11233#0/1	97.458	118	3	0	2955	3072	151	34	2.20e-49	202
NC_011593.1:2598858-2601929	NB551033:131:HK2T7BGX9:1:12108:22563:17780#0/1	98.261	115	2	0	1172	1286	1	115	2.20e-49	202
NC_011593.1:2598858-2601929	NB551033:131:HK2T7BGX9:2:22210:21251:3072#0/1	98.246	114	2	0	2894	3007	1	114	7.92e-49	200
NC_011593.1:2598858-2601929	NB551033:131:HK2T7BGX9:4:22505:16156:11177#0/2	99.091	110	1	0	729	838	110	1	2.85e-48	198
NC_011593.1:2598858-2601929	NB551033:131:HK2T7BGX9:3:21505:11780:10827#0/2	98.230	113	2	0	1162	1274	1	113	2.85e-48	198
NC_011593.1:2598858-2601929	NB551033:131:HK2T7BGX9:2:12301:9397:4564#0/2	95.902	122	5	0	479	600	122	1	2.85e-48	198
NC_011593.1:2598858-2601929	NB551033:131:HK2T7BGX9:1:11302:17393:10172#0/2	98.230	113	2	0	2529	2641	113	1	2.85e-48	198
NC_011593.1:2598858-2601929	NB551033:131:HK2T7BGX9:4:22505:16156:11177#0/1	99.091	110	1	0	729	838	1	110	2.85e-48	198
NC_011593.1:2598858-2601929	NB551033:131:HK2T7BGX9:3:21505:11780:10827#0/1	98.230	113	2	0	1162	1274	113	1	2.85e-48	198
NC_011593.1:2598858-2601929	NB551033:131:HK2T7BGX9:2:12301:9397:4564#0/1	95.902	122	5	0	479	600	1	122	2.85e-48	198
NC_011593.1:2598858-2601929	NB551033:131:HK2T7BGX9:1:11302:17393:10172#0/1	98.230	113	2	0	2529	2641	1	113	2.85e-48	198
NC_011593.1:2598858-2601929	NB551033:131:HK2T7BGX9:1:22101:1534:12949#0/2	99.074	108	1	0	685	792	108	1	3.69e-47	195
NC_011593.1:2598858-2601929	NB551033:131:HK2T7BGX9:1:22101:1534:12949#0/1	98.198	111	2	0	682	792	1	111	3.69e-47	195
NC_011593.1:2598858-2601929	NB551033:131:HK2T7BGX9:3:21606:13341:7255#0/1	99.000	100	1	0	1246	1345	1	100	1.03e-42	180
NC_011593.1:2598858-2601929	NB551033:131:HK2T7BGX9:4:11408:8223:13495#0/2	100.000	95	0	0	1971	2065	1	95	1.34e-41	176
NC_011593.1:2598858-2601929	NB551033:131:HK2T7BGX9:4:11504:25450:10337#0/2	98.969	97	1	0	667	763	1	97	4.80e-41	174
NC_011593.1:2598858-2601929	NB551033:131:HK2T7BGX9:4:11504:25450:10337#0/1	98.969	97	1	0	667	763	97	1	4.80e-41	174
NC_011593.1:2598858-2601929	NB551033:131:HK2T7BGX9:1:12211:23202:9226#0/1	97.087	103	3	0	1172	1274	1	103	4.80e-41	174
NC_011593.1:2598858-2601929	NB551033:131:HK2T7BGX9:4:22609:12749:19781#0/1	98.947	95	1	0	764	858	1	95	6.21e-40	171
NC_011593.1:2598858-2601929	NB551033:131:HK2T7BGX9:4:11408:8223:13495#0/1	98.947	95	1	0	1971	2065	95	1	6.21e-40	171
NC_011593.1:2598858-2601929	NB551033:131:HK2T7BGX9:1:23311:2330:17036#0/1	97.030	101	3	0	2083	2183	1	101	6.21e-40	171
NC_011593.1:2598858-2601929	NB551033:131:HK2T7BGX9:4:22609:12749:19781#0/2	98.936	94	1	0	765	858	94	1	2.23e-39	169
NC_011593.1:2598858-2601929	NB551033:131:HK2T7BGX9:3:23601:23169:19478#0/2	98.913	92	1	0	1107	1198	1	92	2.89e-38	165
NC_011593.1:2598858-2601929	NB551033:131:HK2T7BGX9:3:23601:23169:19478#0/1	98.913	92	1	0	1107	1198	92	1	2.89e-38	165
NC_011593.1:2598858-2601929	NB551033:131:HK2T7BGX9:3:21503:1226:11924#0/1	98.901	91	1	0	1665	1755	91	1	1.04e-37	163
NC_011593.1:2598858-2601929	NB551033:131:HK2T7BGX9:1:23109:7516:5690#0/2	98.889	90	1	0	2632	2721	90	1	3.74e-37	161
NC_011593.1:2598858-2601929	NB551033:131:HK2T7BGX9:1:23109:7516:5690#0/1	98.889	90	1	0	2632	2721	1	90	3.74e-37	161
NC_011593.1:2598858-2601929	NB551033:131:HK2T7BGX9:3:22409:18974:1650#0/2	97.826	92	2	0	799	890	1	92	1.34e-36	159
NC_011593.1:2598858-2601929	NB551033:131:HK2T7BGX9:3:12409:15104:13311#0/2	97.826	92	2	0	459	550	1	92	1.34e-36	159
NC_011593.1:2598858-2601929	NB551033:131:HK2T7BGX9:3:12409:15104:13311#0/1	97.826	92	2	0	459	550	92	1	1.34e-36	159
NC_011593.1:2598858-2601929	NB551033:131:HK2T7BGX9:2:11309:26011:8301#0/2	100.000	85	0	0	239	323	1	85	4.84e-36	158
NC_011593.1:2598858-2601929	NB551033:131:HK2T7BGX9:2:11309:26011:8301#0/1	100.000	85	0	0	239	323	85	1	4.84e-36	158
NC_011593.1:2598858-2601929	NB551033:131:HK2T7BGX9:4:11410:9896:16984#0/2	98.824	85	1	0	1045	1129	1	85	2.25e-34	152
NC_011593.1:2598858-2601929	NB551033:131:HK2T7BGX9:4:11410:9896:16984#0/1	98.824	85	1	0	1045	1129	85	1	2.25e-34	152
NC_011593.1:2598858-2601929	NB551033:131:HK2T7BGX9:1:11311:8527:13530#0/1	97.647	85	2	0	2529	2613	1	85	1.05e-32	147
NC_011593.1:2598858-2601929	NB551033:131:HK2T7BGX9:1:11311:8527:13530#0/2	97.619	84	2	0	2530	2613	84	1	3.77e-32	145
NC_011593.1:2598858-2601929	NB551033:131:HK2T7BGX9:2:21109:21139:15345#0/2	100.000	72	0	0	2038	2109	1	72	8.15e-29	134
NC_011593.1:2598858-2601929	NB551033:131:HK2T7BGX9:2:21109:21139:15345#0/1	100.000	72	0	0	2038	2109	72	1	8.15e-29	134
NC_011593.1:2598858-2601929	NB551033:131:HK2T7BGX9:1:12308:12431:6291#0/2	100.000	68	0	0	1958	2025	1	68	1.36e-26	126
NC_011593.1:2598858-2601929	NB551033:131:HK2T7BGX9:4:21409:22879:11425#0/1	100.000	68	0	0	685	752	68	1	1.36e-26	126
NC_011593.1:2598858-2601929	NB551033:131:HK2T7BGX9:1:12308:12431:6291#0/1	100.000	68	0	0	1958	2025	68	1	1.36e-26	126
NC_011593.1:2598858-2601929	NB551033:131:HK2T7BGX9:1:11309:17092:7275#0/1	98.592	71	1	0	1045	1115	1	71	1.36e-26	126
NC_011593.1:2598858-2601929	NB551033:131:HK2T7BGX9:3:22406:25382:8338#0/2	96.053	76	3	0	2718	2793	1	76	4.91e-26	124
NC_011593.1:2598858-2601929	NB551033:131:HK2T7BGX9:3:22406:25382:8338#0/1	96.053	76	3	0	2718	2793	76	1	4.91e-26	124
NC_011593.1:2598858-2601929	NB551033:131:HK2T7BGX9:2:23107:7266:12120#0/1	98.551	69	1	0	756	824	69	1	1.76e-25	122
NC_011593.1:2598858-2601929	NB551033:131:HK2T7BGX9:3:21503:1226:11924#0/2	100.000	65	0	0	1617	1681	1	65	6.35e-25	121
NC_011593.1:2598858-2601929	NB551033:131:HK2T7BGX9:1:11309:17092:7275#0/2	98.485	66	1	0	1050	1115	66	1	8.21e-24	117
NC_011593.1:2598858-2601929	NB551033:131:HK2T7BGX9:1:12211:23202:9226#0/2	96.970	66	2	0	1368	1433	66	1	3.82e-22	111
NC_011593.1:2598858-2601929	NB551033:131:HK2T7BGX9:3:22409:18974:1650#0/1	96.923	65	2	0	826	890	65	1	1.37e-21	110
NC_011593.1:2598858-2601929	NB551033:131:HK2T7BGX9:3:21608:9971:2966#0/2	96.875	64	2	0	3009	3072	1	64	4.94e-21	108
NC_011593.1:2598858-2601929	NB551033:131:HK2T7BGX9:1:11108:5481:1980#0/2	96.875	64	2	0	3009	3072	1	64	4.94e-21	108
NC_011593.1:2598858-2601929	NB551033:131:HK2T7BGX9:3:21608:9971:2966#0/1	96.875	64	2	0	3009	3072	66	3	4.94e-21	108
NC_011593.1:2598858-2601929	NB551033:131:HK2T7BGX9:1:23211:15954:16219#0/2	96.825	63	2	0	3010	3072	1	63	1.78e-20	106
NC_011593.1:2598858-2601929	NB551033:131:HK2T7BGX9:1:23211:15954:16219#0/1	96.825	63	2	0	3010	3072	132	70	1.78e-20	106
NC_011593.1:2598858-2601929	NB551033:131:HK2T7BGX9:2:22202:16014:8679#0/2	95.312	64	3	0	3009	3072	1	64	2.30e-19	102
NC_011593.1:2598858-2601929	NB551033:131:HK2T7BGX9:2:13102:5660:11081#0/2	96.667	60	2	0	3013	3072	1	60	8.27e-19	100
NC_011593.1:2598858-2601929	NB551033:131:HK2T7BGX9:2:11104:14169:17475#0/2	96.552	58	2	0	3015	3072	85	28	1.07e-17	97.1
NC_011593.1:2598858-2601929	NB551033:131:HK2T7BGX9:2:11104:14169:17475#0/1	96.552	58	2	0	3015	3072	1	58	1.07e-17	97.1
NC_011593.1:2598858-2601929	NB551033:131:HK2T7BGX9:2:11309:24223:10176#0/1	98.039	51	1	0	619	669	1	51	1.79e-15	89.8
NC_011593.1:2598858-2601929	NB551033:131:HK2T7BGX9:2:23207:11306:13566#0/1	97.917	48	1	0	622	669	1	48	8.33e-14	84.2
NC_011593.1:2598858-2601929	NB551033:131:HK2T7BGX9:4:11502:3692:12097#0/1	100.000	43	0	0	1457	1499	4	46	1.08e-12	80.5
NC_011593.1:2598858-2601929	NB551033:131:HK2T7BGX9:1:23107:4620:14294#0/2	95.745	47	2	0	1214	1260	1	47	1.39e-11	76.8
NC_011593.1:2598858-2601929	NB551033:131:HK2T7BGX9:1:23107:4620:14294#0/1	95.745	47	2	0	1214	1260	146	100	1.39e-11	76.8
NC_011593.1:2598858-2601929	NB551033:131:HK2T7BGX9:1:21307:26592:10404#0/2	97.674	43	1	0	627	669	1	43	5.01e-11	75.0
NC_011593.1:2598858-2601929	NB551033:131:HK2T7BGX9:1:21306:1087:10409#0/2	97.674	43	1	0	627	669	1	43	5.01e-11	75.0
NC_011593.1:2598858-2601929	NB551033:131:HK2T7BGX9:1:21307:26592:10404#0/1	97.674	43	1	0	627	669	98	56	5.01e-11	75.0
NC_011593.1:2598858-2601929	NB551033:131:HK2T7BGX9:1:21306:1087:10409#0/1	97.674	43	1	0	627	669	98	56	5.01e-11	75.0
NC_011593.1:2598858-2601929	NB551033:131:HK2T7BGX9:4:23405:7448:14318#0/1	95.455	44	2	0	1120	1163	44	1	6.48e-10	71.3
# BLASTN 2.9.0+
# Query: NC_011593.1:c2604454-2602106 Bifidobacterium longum subsp. infantis ATCC 15697, complete genome
# Database: db/blast_C0595-2F-1A_S21.faa
# 0 hits found
# BLASTN 2.9.0+
# Query: NC_011593.1:c2605922-2604486 Bifidobacterium longum subsp. infantis ATCC 15697, complete genome
# Database: db/blast_C0595-2F-1A_S21.faa
# 0 hits found
# BLASTN 2.9.0+
# Query: NC_011593.1:c2606381-2605944 Bifidobacterium longum subsp. infantis ATCC 15697, complete genome
# Database: db/blast_C0595-2F-1A_S21.faa
# 0 hits found
# BLASTN 2.9.0+
# Query: NC_011593.1:c2607314-2606418 Bifidobacterium longum subsp. infantis ATCC 15697, complete genome
# Database: db/blast_C0595-2F-1A_S21.faa
# Fields: query acc.ver, subject acc.ver, % identity, alignment length, mismatches, gap opens, q. start, q. end, s. start, s. end, evalue, bit score
# 1 hits found
NC_011593.1:c2607314-2606418	NB551033:131:HK2T7BGX9:1:23110:23877:1911#0/2	100.000	30	0	0	842	871	1	30	5.29e-06	56.5
# BLASTN 2.9.0+
# Query: NC_011593.1:c2608249-2607458 Bifidobacterium longum subsp. infantis ATCC 15697, complete genome
# Database: db/blast_C0595-2F-1A_S21.faa
# 0 hits found
# BLASTN 2.9.0+
# Query: NC_011593.1:c2609546-2608269 Bifidobacterium longum subsp. infantis ATCC 15697, complete genome
# Database: db/blast_C0595-2F-1A_S21.faa
# Fields: query acc.ver, subject acc.ver, % identity, alignment length, mismatches, gap opens, q. start, q. end, s. start, s. end, evalue, bit score
# 29 hits found
NC_011593.1:c2609546-2608269	NB551033:131:HK2T7BGX9:3:21610:19125:19918#0/1	100.000	151	0	0	218	368	151	1	4.10e-73	279
NC_011593.1:c2609546-2608269	NB551033:131:HK2T7BGX9:3:23601:14418:19101#0/2	100.000	149	0	0	264	412	1	149	5.31e-72	276
NC_011593.1:c2609546-2608269	NB551033:131:HK2T7BGX9:3:23601:14418:19101#0/1	100.000	149	0	0	264	412	149	1	5.31e-72	276
NC_011593.1:c2609546-2608269	NB551033:131:HK2T7BGX9:3:21610:19125:19918#0/2	98.658	149	2	0	139	287	1	149	1.15e-68	265
NC_011593.1:c2609546-2608269	NB551033:131:HK2T7BGX9:1:13310:23574:13865#0/1	96.026	151	6	0	1113	1263	151	1	4.16e-63	246
NC_011593.1:c2609546-2608269	NB551033:131:HK2T7BGX9:3:23608:10911:18059#0/1	95.333	150	7	0	1080	1229	150	1	6.96e-61	239
NC_011593.1:c2609546-2608269	NB551033:131:HK2T7BGX9:2:12305:8353:16111#0/2	95.302	149	7	0	988	1136	149	1	2.50e-60	237
NC_011593.1:c2609546-2608269	NB551033:131:HK2T7BGX9:1:22210:1933:2567#0/2	95.302	149	7	0	505	653	149	1	2.50e-60	237
NC_011593.1:c2609546-2608269	NB551033:131:HK2T7BGX9:1:22201:20687:4518#0/1	100.000	107	0	0	166	272	107	1	1.18e-48	198
NC_011593.1:c2609546-2608269	NB551033:131:HK2T7BGX9:2:13212:2404:17979#0/2	95.763	118	5	0	1152	1269	118	1	1.98e-46	191
NC_011593.1:c2609546-2608269	NB551033:131:HK2T7BGX9:2:13212:2404:17979#0/1	95.763	118	5	0	1152	1269	1	118	1.98e-46	191
NC_011593.1:c2609546-2608269	NB551033:131:HK2T7BGX9:3:11502:3315:3440#0/2	96.429	112	4	0	1165	1276	2	113	9.20e-45	185
NC_011593.1:c2609546-2608269	NB551033:131:HK2T7BGX9:3:11502:3315:3440#0/1	96.429	112	4	0	1165	1276	121	10	9.20e-45	185
NC_011593.1:c2609546-2608269	NB551033:131:HK2T7BGX9:4:13509:8579:16577#0/1	96.396	111	4	0	1166	1276	1	111	3.31e-44	183
NC_011593.1:c2609546-2608269	NB551033:131:HK2T7BGX9:1:21206:1756:18137#0/2	96.203	79	3	0	1198	1276	1	79	4.37e-28	130
NC_011593.1:c2609546-2608269	NB551033:131:HK2T7BGX9:1:21206:1756:18137#0/1	96.154	78	3	0	1199	1276	106	29	1.57e-27	128
NC_011593.1:c2609546-2608269	NB551033:131:HK2T7BGX9:4:13509:8579:16577#0/2	98.333	60	1	0	1217	1276	148	89	7.37e-21	106
NC_011593.1:c2609546-2608269	NB551033:131:HK2T7BGX9:2:12210:16150:5969#0/2	95.455	66	3	0	279	344	145	80	7.37e-21	106
NC_011593.1:c2609546-2608269	NB551033:131:HK2T7BGX9:4:12402:7620:1283#0/2	98.305	59	1	0	286	344	1	59	2.65e-20	104
NC_011593.1:c2609546-2608269	NB551033:131:HK2T7BGX9:1:13108:4490:1936#0/2	98.305	59	1	0	286	344	128	70	2.65e-20	104
NC_011593.1:c2609546-2608269	NB551033:131:HK2T7BGX9:1:13108:4490:1936#0/1	96.774	62	2	0	283	344	3	64	2.65e-20	104
NC_011593.1:c2609546-2608269	NB551033:131:HK2T7BGX9:3:21403:3883:7142#0/2	98.214	56	1	0	289	344	150	95	1.23e-18	99.0
NC_011593.1:c2609546-2608269	NB551033:131:HK2T7BGX9:3:21405:24209:10112#0/1	98.214	56	1	0	289	344	150	95	1.23e-18	99.0
NC_011593.1:c2609546-2608269	NB551033:131:HK2T7BGX9:4:11501:8944:17686#0/1	98.148	54	1	0	291	344	1	54	1.60e-17	95.3
NC_011593.1:c2609546-2608269	NB551033:131:HK2T7BGX9:3:22402:17163:11492#0/1	98.148	54	1	0	291	344	1	54	1.60e-17	95.3
NC_011593.1:c2609546-2608269	NB551033:131:HK2T7BGX9:2:21112:14715:6090#0/1	98.000	50	1	0	295	344	150	101	2.67e-15	87.9
NC_011593.1:c2609546-2608269	NB551033:131:HK2T7BGX9:4:21605:9325:11002#0/2	97.674	43	1	0	1234	1276	1	43	2.08e-11	75.0
NC_011593.1:c2609546-2608269	NB551033:131:HK2T7BGX9:4:21605:9325:11002#0/1	97.674	43	1	0	1234	1276	113	71	2.08e-11	75.0
NC_011593.1:c2609546-2608269	NB551033:131:HK2T7BGX9:2:11102:13858:17563#0/1	100.000	29	0	0	316	344	1	29	2.71e-05	54.7
# BLASTN 2.9.0+
# Query: NC_011593.1:c2610356-2609697 Bifidobacterium longum subsp. infantis ATCC 15697, complete genome
# Database: db/blast_C0595-2F-1A_S21.faa
# 0 hits found
# BLASTN 2.9.0+
# Query: NC_011593.1:c2611458-2610496 Bifidobacterium longum subsp. infantis ATCC 15697, complete genome
# Database: db/blast_C0595-2F-1A_S21.faa
# 0 hits found
# BLASTN 2.9.0+
# Query: NC_011593.1:c2612430-2611477 Bifidobacterium longum subsp. infantis ATCC 15697, complete genome
# Database: db/blast_C0595-2F-1A_S21.faa
# 0 hits found
# BLASTN 2.9.0+
# Query: NC_011593.1:c2614109-2612517 Bifidobacterium longum subsp. infantis ATCC 15697, complete genome
# Database: db/blast_C0595-2F-1A_S21.faa
# 0 hits found
# BLASTN 2.9.0+
# Query: NC_011593.1:c2615274-2614312 Bifidobacterium longum subsp. infantis ATCC 15697, complete genome
# Database: db/blast_C0595-2F-1A_S21.faa
# 0 hits found
# BLASTN 2.9.0+
# Query: NC_011593.1:c2616246-2615293 Bifidobacterium longum subsp. infantis ATCC 15697, complete genome
# Database: db/blast_C0595-2F-1A_S21.faa
# 0 hits found
# BLASTN 2.9.0+
# Query: NC_011593.1:c2617928-2616333 Bifidobacterium longum subsp. infantis ATCC 15697, complete genome
# Database: db/blast_C0595-2F-1A_S21.faa
# 0 hits found
# BLASTN 2.9.0+
# Query: NC_011593.1:c2619247-2618063 Bifidobacterium longum subsp. infantis ATCC 15697, complete genome
# Database: db/blast_C0595-2F-1A_S21.faa
# 0 hits found
# BLASTN 2.9.0+
# Query: NC_011593.1:c2620369-2619413 Bifidobacterium longum subsp. infantis ATCC 15697, complete genome
# Database: db/blast_C0595-2F-1A_S21.faa
# 0 hits found
# BLASTN 2.9.0+
# Query: NC_011593.1:c2622143-2620551 Bifidobacterium longum subsp. infantis ATCC 15697, complete genome
# Database: db/blast_C0595-2F-1A_S21.faa
# 0 hits found
# BLASTN 2.9.0+
# Query: NC_011593.1:c2624124-2622520 Bifidobacterium longum subsp. infantis ATCC 15697, complete genome
# Database: db/blast_C0595-2F-1A_S21.faa
# 0 hits found
# BLASTN 2.9.0+
# Query: NC_011593.1:c2626110-2624512 Bifidobacterium longum subsp. infantis ATCC 15697, complete genome
# Database: db/blast_C0595-2F-1A_S21.faa
# 0 hits found
# BLASTN 2.9.0+
# Query: NC_011593.1:c2626386-2626264 Bifidobacterium longum subsp. infantis ATCC 15697, complete genome
# Database: db/blast_C0595-2F-1A_S21.faa
# 0 hits found
# BLASTN 2.9.0+
# Query: NC_011593.1:c2628158-2626563 Bifidobacterium longum subsp. infantis ATCC 15697, complete genome
# Database: db/blast_C0595-2F-1A_S21.faa
# 0 hits found
# BLASTN 2.9.0+
# Query: NC_011593.1:c2630269-2628314 Bifidobacterium longum subsp. infantis ATCC 15697, complete genome
# Database: db/blast_C0595-2F-1A_S21.faa
# 0 hits found
# BLASTN 2.9.0+
# Query: NC_011593.1:c2631106-2630366 Bifidobacterium longum subsp. infantis ATCC 15697, complete genome
# Database: db/blast_C0595-2F-1A_S21.faa
# 0 hits found
# BLASTN 2.9.0+
# Query: NC_011593.1:c2632432-2631140 Bifidobacterium longum subsp. infantis ATCC 15697, complete genome
# Database: db/blast_C0595-2F-1A_S21.faa
# 0 hits found
# BLASTN 2.9.0+
# Query: NC_011593.1:c2633881-2632562 Bifidobacterium longum subsp. infantis ATCC 15697, complete genome
# Database: db/blast_C0595-2F-1A_S21.faa
# 0 hits found
# BLASTN 2.9.0+
# Query: NC_011593.1:c2634683-2633865 Bifidobacterium longum subsp. infantis ATCC 15697, complete genome
# Database: db/blast_C0595-2F-1A_S21.faa
# 0 hits found
# BLASTN 2.9.0+
# Query: NC_011593.1:c2635627-2634680 Bifidobacterium longum subsp. infantis ATCC 15697, complete genome
# Database: db/blast_C0595-2F-1A_S21.faa
# 0 hits found
# BLASTN 2.9.0+
# Query: NC_011593.1:c2636747-2635629 Bifidobacterium longum subsp. infantis ATCC 15697, complete genome
# Database: db/blast_C0595-2F-1A_S21.faa
# 0 hits found
# BLAST processed 31 queries
