# BLASTN 2.9.0+
# Query: NC_011593.1:c2595355-2593832 Bifidobacterium longum subsp. infantis ATCC 15697, complete genome
# Database: db/blast_C0621-1F-2A_S91.faa
# 0 hits found
# BLASTN 2.9.0+
# Query: NC_011593.1:c2597106-2595574 Bifidobacterium longum subsp. infantis ATCC 15697, complete genome
# Database: db/blast_C0621-1F-2A_S91.faa
# 0 hits found
# BLASTN 2.9.0+
# Query: NC_011593.1:c2598562-2597207 Bifidobacterium longum subsp. infantis ATCC 15697, complete genome
# Database: db/blast_C0621-1F-2A_S91.faa
# Fields: query acc.ver, subject acc.ver, % identity, alignment length, mismatches, gap opens, q. start, q. end, s. start, s. end, evalue, bit score
# 290 hits found
NC_011593.1:c2598562-2597207	NB551033:88:H5VWJBGX7:4:22412:22460:3782#0/2	98.013	151	3	0	960	1110	1	151	4.43e-68	263
NC_011593.1:c2598562-2597207	NB551033:88:H5VWJBGX7:4:21412:18477:9229#0/2	98.013	151	3	0	945	1095	151	1	4.43e-68	263
NC_011593.1:c2598562-2597207	NB551033:88:H5VWJBGX7:4:11509:3324:16398#0/2	98.013	151	3	0	941	1091	1	151	4.43e-68	263
NC_011593.1:c2598562-2597207	NB551033:88:H5VWJBGX7:2:21106:23029:14235#0/2	98.013	151	3	0	960	1110	1	151	4.43e-68	263
NC_011593.1:c2598562-2597207	NB551033:88:H5VWJBGX7:2:21101:13439:17151#0/2	98.013	151	3	0	941	1091	1	151	4.43e-68	263
NC_011593.1:c2598562-2597207	NB551033:88:H5VWJBGX7:1:23212:18201:14975#0/2	98.013	151	3	0	941	1091	1	151	4.43e-68	263
NC_011593.1:c2598562-2597207	NB551033:88:H5VWJBGX7:1:11309:14113:5647#0/2	98.013	151	3	0	960	1110	1	151	4.43e-68	263
NC_011593.1:c2598562-2597207	NB551033:88:H5VWJBGX7:1:11101:3462:10977#0/2	98.013	151	3	0	960	1110	1	151	4.43e-68	263
NC_011593.1:c2598562-2597207	NB551033:88:H5VWJBGX7:3:21612:1188:11548#0/1	98.013	151	3	0	938	1088	151	1	4.43e-68	263
NC_011593.1:c2598562-2597207	NB551033:88:H5VWJBGX7:3:21611:26680:11546#0/1	98.013	151	3	0	938	1088	151	1	4.43e-68	263
NC_011593.1:c2598562-2597207	NB551033:88:H5VWJBGX7:4:11608:6420:10690#0/1	98.000	150	3	0	962	1111	1	150	1.59e-67	261
NC_011593.1:c2598562-2597207	NB551033:88:H5VWJBGX7:2:21106:23029:14235#0/1	98.000	150	3	0	962	1111	150	1	1.59e-67	261
NC_011593.1:c2598562-2597207	NB551033:88:H5VWJBGX7:2:13201:13131:14262#0/1	98.000	150	3	0	915	1064	1	150	1.59e-67	261
NC_011593.1:c2598562-2597207	NB551033:88:H5VWJBGX7:1:23211:12528:13800#0/2	97.987	149	3	0	964	1112	151	3	5.73e-67	259
NC_011593.1:c2598562-2597207	NB551033:88:H5VWJBGX7:1:21101:21622:19303#0/2	97.987	149	3	0	936	1084	149	1	5.73e-67	259
NC_011593.1:c2598562-2597207	NB551033:88:H5VWJBGX7:2:12305:12383:3316#0/1	97.987	149	3	0	958	1106	149	1	5.73e-67	259
NC_011593.1:c2598562-2597207	NB551033:88:H5VWJBGX7:4:13407:7274:8626#0/2	97.351	151	4	0	887	1037	151	1	2.06e-66	257
NC_011593.1:c2598562-2597207	NB551033:88:H5VWJBGX7:4:11601:4199:9659#0/2	97.351	151	4	0	908	1058	1	151	2.06e-66	257
NC_011593.1:c2598562-2597207	NB551033:88:H5VWJBGX7:3:21612:1188:11548#0/2	97.351	151	4	0	908	1058	1	151	2.06e-66	257
NC_011593.1:c2598562-2597207	NB551033:88:H5VWJBGX7:3:21611:26680:11546#0/2	97.351	151	4	0	908	1058	1	151	2.06e-66	257
NC_011593.1:c2598562-2597207	NB551033:88:H5VWJBGX7:3:21405:1282:4940#0/2	97.351	151	4	0	908	1058	1	151	2.06e-66	257
NC_011593.1:c2598562-2597207	NB551033:88:H5VWJBGX7:3:21404:26724:4930#0/2	97.351	151	4	0	908	1058	1	151	2.06e-66	257
NC_011593.1:c2598562-2597207	NB551033:88:H5VWJBGX7:3:12510:19089:4928#0/2	97.973	148	3	0	950	1097	1	148	2.06e-66	257
NC_011593.1:c2598562-2597207	NB551033:88:H5VWJBGX7:2:13207:17780:8490#0/2	97.351	151	4	0	908	1058	1	151	2.06e-66	257
NC_011593.1:c2598562-2597207	NB551033:88:H5VWJBGX7:2:13102:25011:9538#0/2	97.973	148	3	0	950	1097	1	148	2.06e-66	257
NC_011593.1:c2598562-2597207	NB551033:88:H5VWJBGX7:4:13606:8940:20038#0/1	97.351	151	4	0	906	1056	151	1	2.06e-66	257
NC_011593.1:c2598562-2597207	NB551033:88:H5VWJBGX7:4:11509:3324:16398#0/1	97.351	151	4	0	971	1121	151	1	2.06e-66	257
NC_011593.1:c2598562-2597207	NB551033:88:H5VWJBGX7:3:21611:9849:5768#0/1	97.351	151	4	0	908	1058	1	151	2.06e-66	257
NC_011593.1:c2598562-2597207	NB551033:88:H5VWJBGX7:3:21401:23417:10020#0/1	97.351	151	4	0	908	1058	1	151	2.06e-66	257
NC_011593.1:c2598562-2597207	NB551033:88:H5VWJBGX7:3:22503:4007:11532#0/2	97.333	150	4	0	888	1037	150	1	7.41e-66	255
NC_011593.1:c2598562-2597207	NB551033:88:H5VWJBGX7:1:23211:13301:11379#0/2	97.333	150	4	0	908	1057	1	150	7.41e-66	255
NC_011593.1:c2598562-2597207	NB551033:88:H5VWJBGX7:1:22305:6295:11286#0/2	97.333	150	4	0	479	628	1	150	7.41e-66	255
NC_011593.1:c2598562-2597207	NB551033:88:H5VWJBGX7:1:22204:9890:7834#0/2	97.333	150	4	0	888	1037	151	2	7.41e-66	255
NC_011593.1:c2598562-2597207	NB551033:88:H5VWJBGX7:4:22404:14566:13103#0/1	97.333	150	4	0	870	1019	150	1	7.41e-66	255
NC_011593.1:c2598562-2597207	NB551033:88:H5VWJBGX7:3:11407:2488:12834#0/1	97.333	150	4	0	954	1103	1	150	7.41e-66	255
NC_011593.1:c2598562-2597207	NB551033:88:H5VWJBGX7:2:23212:23415:5162#0/1	97.333	150	4	0	875	1024	1	150	7.41e-66	255
NC_011593.1:c2598562-2597207	NB551033:88:H5VWJBGX7:4:13603:16765:4368#0/2	97.315	149	4	0	870	1018	2	150	2.66e-65	254
NC_011593.1:c2598562-2597207	NB551033:88:H5VWJBGX7:4:13410:23521:17173#0/2	97.315	149	4	0	955	1103	1	149	2.66e-65	254
NC_011593.1:c2598562-2597207	NB551033:88:H5VWJBGX7:3:23502:15762:10122#0/2	97.315	149	4	0	913	1061	149	1	2.66e-65	254
NC_011593.1:c2598562-2597207	NB551033:88:H5VWJBGX7:3:23412:17386:2269#0/2	97.315	149	4	0	955	1103	1	149	2.66e-65	254
NC_011593.1:c2598562-2597207	NB551033:88:H5VWJBGX7:2:21112:6095:15081#0/2	97.945	146	3	0	958	1103	146	1	2.66e-65	254
NC_011593.1:c2598562-2597207	NB551033:88:H5VWJBGX7:1:12104:26193:7399#0/2	97.315	149	4	0	870	1018	149	1	2.66e-65	254
NC_011593.1:c2598562-2597207	NB551033:88:H5VWJBGX7:1:23204:26316:4955#0/1	97.315	149	4	0	870	1018	149	1	2.66e-65	254
NC_011593.1:c2598562-2597207	NB551033:88:H5VWJBGX7:4:22607:13228:2600#0/2	96.689	151	5	0	960	1110	1	151	9.58e-65	252
NC_011593.1:c2598562-2597207	NB551033:88:H5VWJBGX7:4:22504:21071:18281#0/2	96.689	151	5	0	885	1035	1	151	9.58e-65	252
NC_011593.1:c2598562-2597207	NB551033:88:H5VWJBGX7:4:21508:15203:2975#0/2	97.297	148	4	0	809	956	149	2	9.58e-65	252
NC_011593.1:c2598562-2597207	NB551033:88:H5VWJBGX7:3:23602:7236:8895#0/2	97.297	148	4	0	901	1048	3	150	9.58e-65	252
NC_011593.1:c2598562-2597207	NB551033:88:H5VWJBGX7:3:23511:6373:5446#0/2	96.689	151	5	0	894	1044	1	151	9.58e-65	252
NC_011593.1:c2598562-2597207	NB551033:88:H5VWJBGX7:3:22601:18060:18069#0/2	96.689	151	5	0	1013	1163	151	1	9.58e-65	252
NC_011593.1:c2598562-2597207	NB551033:88:H5VWJBGX7:3:21602:13006:8393#0/2	97.297	148	4	0	808	955	4	151	9.58e-65	252
NC_011593.1:c2598562-2597207	NB551033:88:H5VWJBGX7:3:13408:23855:15336#0/2	96.689	151	5	0	894	1044	1	151	9.58e-65	252
NC_011593.1:c2598562-2597207	NB551033:88:H5VWJBGX7:2:23212:23415:5162#0/2	96.689	151	5	0	1009	1159	151	1	9.58e-65	252
NC_011593.1:c2598562-2597207	NB551033:88:H5VWJBGX7:2:22105:7228:5869#0/2	96.689	151	5	0	894	1044	1	151	9.58e-65	252
NC_011593.1:c2598562-2597207	NB551033:88:H5VWJBGX7:2:13107:11020:9795#0/2	97.297	148	4	0	901	1048	3	150	9.58e-65	252
NC_011593.1:c2598562-2597207	NB551033:88:H5VWJBGX7:2:12305:12383:3316#0/2	96.689	151	5	0	894	1044	1	151	9.58e-65	252
NC_011593.1:c2598562-2597207	NB551033:88:H5VWJBGX7:1:23109:1258:17616#0/2	96.689	151	5	0	1045	1195	1	151	9.58e-65	252
NC_011593.1:c2598562-2597207	NB551033:88:H5VWJBGX7:1:12309:3817:6122#0/2	97.297	148	4	0	870	1017	148	1	9.58e-65	252
NC_011593.1:c2598562-2597207	NB551033:88:H5VWJBGX7:4:11502:23474:3070#0/1	97.931	145	3	0	925	1069	151	7	9.58e-65	252
NC_011593.1:c2598562-2597207	NB551033:88:H5VWJBGX7:3:23602:7236:8895#0/1	96.689	151	5	0	976	1126	151	1	9.58e-65	252
NC_011593.1:c2598562-2597207	NB551033:88:H5VWJBGX7:3:23502:15762:10122#0/1	96.689	151	5	0	901	1051	1	151	9.58e-65	252
NC_011593.1:c2598562-2597207	NB551033:88:H5VWJBGX7:3:21603:8854:15408#0/1	96.689	151	5	0	894	1044	1	151	9.58e-65	252
NC_011593.1:c2598562-2597207	NB551033:88:H5VWJBGX7:3:12601:22902:10115#0/1	96.689	151	5	0	468	618	1	151	9.58e-65	252
NC_011593.1:c2598562-2597207	NB551033:88:H5VWJBGX7:3:11502:11730:15648#0/1	96.689	151	5	0	462	612	1	151	9.58e-65	252
NC_011593.1:c2598562-2597207	NB551033:88:H5VWJBGX7:2:22210:26545:3878#0/1	96.689	151	5	0	431	581	1	151	9.58e-65	252
NC_011593.1:c2598562-2597207	NB551033:88:H5VWJBGX7:2:22205:1592:9229#0/1	96.689	151	5	0	847	997	1	151	9.58e-65	252
NC_011593.1:c2598562-2597207	NB551033:88:H5VWJBGX7:2:21209:22609:9655#0/1	96.689	151	5	0	845	995	151	1	9.58e-65	252
NC_011593.1:c2598562-2597207	NB551033:88:H5VWJBGX7:2:13302:22716:12625#0/1	97.297	148	4	0	901	1048	148	1	9.58e-65	252
NC_011593.1:c2598562-2597207	NB551033:88:H5VWJBGX7:2:13207:17780:8490#0/1	96.689	151	5	0	976	1126	151	1	9.58e-65	252
NC_011593.1:c2598562-2597207	NB551033:88:H5VWJBGX7:2:12302:21627:12430#0/1	96.689	151	5	0	430	580	1	151	9.58e-65	252
NC_011593.1:c2598562-2597207	NB551033:88:H5VWJBGX7:1:23211:13301:11379#0/1	96.689	151	5	0	976	1126	151	1	9.58e-65	252
NC_011593.1:c2598562-2597207	NB551033:88:H5VWJBGX7:4:13501:14237:12061#0/2	96.667	150	5	0	827	976	150	1	3.45e-64	250
NC_011593.1:c2598562-2597207	NB551033:88:H5VWJBGX7:4:12604:8205:3113#0/2	96.667	150	5	0	898	1047	1	150	3.45e-64	250
NC_011593.1:c2598562-2597207	NB551033:88:H5VWJBGX7:3:23503:2030:8546#0/2	96.667	150	5	0	843	992	1	150	3.45e-64	250
NC_011593.1:c2598562-2597207	NB551033:88:H5VWJBGX7:3:21511:8649:7451#0/2	96.667	150	5	0	1053	1202	1	150	3.45e-64	250
NC_011593.1:c2598562-2597207	NB551033:88:H5VWJBGX7:3:13505:23711:9618#0/2	96.667	150	5	0	1009	1158	150	1	3.45e-64	250
NC_011593.1:c2598562-2597207	NB551033:88:H5VWJBGX7:3:12506:6393:7626#0/2	96.667	150	5	0	967	1116	150	1	3.45e-64	250
NC_011593.1:c2598562-2597207	NB551033:88:H5VWJBGX7:3:12410:15664:10684#0/2	96.667	150	5	0	479	628	1	150	3.45e-64	250
NC_011593.1:c2598562-2597207	NB551033:88:H5VWJBGX7:2:22210:26545:3878#0/2	97.279	147	4	0	808	954	147	1	3.45e-64	250
NC_011593.1:c2598562-2597207	NB551033:88:H5VWJBGX7:2:21302:1113:18511#0/2	96.667	150	5	0	888	1037	150	1	3.45e-64	250
NC_011593.1:c2598562-2597207	NB551033:88:H5VWJBGX7:2:21106:23262:2689#0/2	96.667	150	5	0	473	622	1	150	3.45e-64	250
NC_011593.1:c2598562-2597207	NB551033:88:H5VWJBGX7:2:13312:9578:7446#0/2	96.667	150	5	0	1009	1158	1	150	3.45e-64	250
NC_011593.1:c2598562-2597207	NB551033:88:H5VWJBGX7:2:13211:23597:5763#0/2	96.667	150	5	0	838	987	1	150	3.45e-64	250
NC_011593.1:c2598562-2597207	NB551033:88:H5VWJBGX7:2:13201:13131:14262#0/2	96.667	150	5	0	1010	1159	150	1	3.45e-64	250
NC_011593.1:c2598562-2597207	NB551033:88:H5VWJBGX7:1:22309:22093:6591#0/2	96.667	150	5	0	1044	1193	1	150	3.45e-64	250
NC_011593.1:c2598562-2597207	NB551033:88:H5VWJBGX7:1:13103:24037:5286#0/2	96.667	150	5	0	474	623	1	150	3.45e-64	250
NC_011593.1:c2598562-2597207	NB551033:88:H5VWJBGX7:4:13501:18168:10136#0/1	96.667	150	5	0	826	975	150	1	3.45e-64	250
NC_011593.1:c2598562-2597207	NB551033:88:H5VWJBGX7:4:11409:22216:19115#0/1	96.667	150	5	0	888	1037	150	1	3.45e-64	250
NC_011593.1:c2598562-2597207	NB551033:88:H5VWJBGX7:3:23412:4925:4453#0/1	96.667	150	5	0	1009	1158	150	1	3.45e-64	250
NC_011593.1:c2598562-2597207	NB551033:88:H5VWJBGX7:3:21611:17439:14265#0/1	96.667	150	5	0	908	1057	1	150	3.45e-64	250
NC_011593.1:c2598562-2597207	NB551033:88:H5VWJBGX7:3:21610:20388:19104#0/1	97.279	147	4	0	871	1017	147	1	3.45e-64	250
NC_011593.1:c2598562-2597207	NB551033:88:H5VWJBGX7:3:21602:13006:8393#0/1	96.667	150	5	0	977	1126	150	1	3.45e-64	250
NC_011593.1:c2598562-2597207	NB551033:88:H5VWJBGX7:3:11506:21600:14636#0/1	96.667	150	5	0	1009	1158	150	1	3.45e-64	250
NC_011593.1:c2598562-2597207	NB551033:88:H5VWJBGX7:2:23302:1491:7144#0/1	96.667	150	5	0	466	615	1	150	3.45e-64	250
NC_011593.1:c2598562-2597207	NB551033:88:H5VWJBGX7:2:22112:20188:17036#0/1	96.667	150	5	0	904	1053	150	1	3.45e-64	250
NC_011593.1:c2598562-2597207	NB551033:88:H5VWJBGX7:2:21101:13439:17151#0/1	96.667	150	5	0	1009	1158	150	1	3.45e-64	250
NC_011593.1:c2598562-2597207	NB551033:88:H5VWJBGX7:2:13109:16443:8152#0/1	96.667	150	5	0	888	1037	151	2	3.45e-64	250
NC_011593.1:c2598562-2597207	NB551033:88:H5VWJBGX7:1:23212:18201:14975#0/1	96.667	150	5	0	1009	1158	150	1	3.45e-64	250
NC_011593.1:c2598562-2597207	NB551033:88:H5VWJBGX7:1:23111:6380:16444#0/1	96.667	150	5	0	820	969	150	1	3.45e-64	250
NC_011593.1:c2598562-2597207	NB551033:88:H5VWJBGX7:1:12111:23707:5739#0/1	96.667	150	5	0	1011	1160	1	150	3.45e-64	250
NC_011593.1:c2598562-2597207	NB551033:88:H5VWJBGX7:1:12104:22927:11515#0/1	96.667	150	5	0	898	1047	1	150	3.45e-64	250
NC_011593.1:c2598562-2597207	NB551033:88:H5VWJBGX7:1:11108:16024:11749#0/1	96.667	150	5	0	819	968	150	1	3.45e-64	250
NC_011593.1:c2598562-2597207	NB551033:88:H5VWJBGX7:3:12506:20634:12691#0/2	96.644	149	5	0	820	968	149	1	1.24e-63	248
NC_011593.1:c2598562-2597207	NB551033:88:H5VWJBGX7:3:11503:20152:12358#0/2	96.644	149	5	0	820	968	149	1	1.24e-63	248
NC_011593.1:c2598562-2597207	NB551033:88:H5VWJBGX7:2:23306:2450:7992#0/2	96.644	149	5	0	898	1046	1	149	1.24e-63	248
NC_011593.1:c2598562-2597207	NB551033:88:H5VWJBGX7:2:11112:10510:18200#0/2	96.644	149	5	0	820	968	149	1	1.24e-63	248
NC_011593.1:c2598562-2597207	NB551033:88:H5VWJBGX7:4:21412:18477:9229#0/1	96.644	149	5	0	820	968	1	149	1.24e-63	248
NC_011593.1:c2598562-2597207	NB551033:88:H5VWJBGX7:4:21410:2965:4615#0/1	96.644	149	5	0	820	968	149	1	1.24e-63	248
NC_011593.1:c2598562-2597207	NB551033:88:H5VWJBGX7:4:11403:23741:7676#0/1	96.644	149	5	0	820	968	149	1	1.24e-63	248
NC_011593.1:c2598562-2597207	NB551033:88:H5VWJBGX7:3:12611:13496:1602#0/1	96.644	149	5	0	1039	1187	3	151	1.24e-63	248
NC_011593.1:c2598562-2597207	NB551033:88:H5VWJBGX7:2:22306:6949:11673#0/1	96.644	149	5	0	895	1043	149	1	1.24e-63	248
NC_011593.1:c2598562-2597207	NB551033:88:H5VWJBGX7:2:22102:21823:12021#0/1	96.644	149	5	0	901	1049	149	1	1.24e-63	248
NC_011593.1:c2598562-2597207	NB551033:88:H5VWJBGX7:2:11202:18224:19337#0/1	96.644	149	5	0	820	968	149	1	1.24e-63	248
NC_011593.1:c2598562-2597207	NB551033:88:H5VWJBGX7:3:23511:6291:7215#0/2	96.026	151	6	0	1034	1184	1	151	4.46e-63	246
NC_011593.1:c2598562-2597207	NB551033:88:H5VWJBGX7:3:22609:7789:11036#0/2	96.026	151	6	0	1072	1222	1	151	4.46e-63	246
NC_011593.1:c2598562-2597207	NB551033:88:H5VWJBGX7:3:11506:21600:14636#0/2	96.622	148	5	0	890	1037	1	148	4.46e-63	246
NC_011593.1:c2598562-2597207	NB551033:88:H5VWJBGX7:2:13305:2480:12065#0/2	96.026	151	6	0	1021	1171	1	151	4.46e-63	246
NC_011593.1:c2598562-2597207	NB551033:88:H5VWJBGX7:2:12309:2127:3142#0/2	96.622	148	5	0	831	978	1	148	4.46e-63	246
NC_011593.1:c2598562-2597207	NB551033:88:H5VWJBGX7:1:21309:17564:6181#0/2	96.026	151	6	0	1026	1176	151	1	4.46e-63	246
NC_011593.1:c2598562-2597207	NB551033:88:H5VWJBGX7:4:21604:5470:2894#0/1	96.026	151	6	0	452	602	1	151	4.46e-63	246
NC_011593.1:c2598562-2597207	NB551033:88:H5VWJBGX7:4:12609:15476:12983#0/1	96.026	151	6	0	462	612	1	151	4.46e-63	246
NC_011593.1:c2598562-2597207	NB551033:88:H5VWJBGX7:4:11601:4199:9659#0/1	96.026	151	6	0	994	1144	151	1	4.46e-63	246
NC_011593.1:c2598562-2597207	NB551033:88:H5VWJBGX7:4:11502:11487:8367#0/1	96.026	151	6	0	1034	1184	1	151	4.46e-63	246
NC_011593.1:c2598562-2597207	NB551033:88:H5VWJBGX7:3:12510:19089:4928#0/1	96.026	151	6	0	1026	1176	151	1	4.46e-63	246
NC_011593.1:c2598562-2597207	NB551033:88:H5VWJBGX7:2:21203:21090:17495#0/1	96.622	148	5	0	895	1042	148	1	4.46e-63	246
NC_011593.1:c2598562-2597207	NB551033:88:H5VWJBGX7:2:21109:11087:3482#0/1	97.241	145	4	0	485	629	148	4	4.46e-63	246
NC_011593.1:c2598562-2597207	NB551033:88:H5VWJBGX7:2:13108:10141:11387#0/1	96.026	151	6	0	452	602	1	151	4.46e-63	246
NC_011593.1:c2598562-2597207	NB551033:88:H5VWJBGX7:1:23211:12528:13800#0/1	96.026	151	6	0	857	1007	1	151	4.46e-63	246
NC_011593.1:c2598562-2597207	NB551033:88:H5VWJBGX7:1:21201:23824:6471#0/1	96.026	151	6	0	488	638	1	151	4.46e-63	246
NC_011593.1:c2598562-2597207	NB551033:88:H5VWJBGX7:1:21106:20246:1448#0/1	96.026	151	6	0	847	997	151	1	4.46e-63	246
NC_011593.1:c2598562-2597207	NB551033:88:H5VWJBGX7:1:13102:9020:17661#0/1	97.241	145	4	0	917	1061	145	1	4.46e-63	246
NC_011593.1:c2598562-2597207	NB551033:88:H5VWJBGX7:4:23606:15870:5521#0/2	96.599	147	5	0	1056	1202	2	148	1.60e-62	244
NC_011593.1:c2598562-2597207	NB551033:88:H5VWJBGX7:3:22606:23702:8630#0/2	96.000	150	6	0	819	968	150	1	1.60e-62	244
NC_011593.1:c2598562-2597207	NB551033:88:H5VWJBGX7:2:22303:24041:16363#0/2	96.000	150	6	0	862	1011	150	1	1.60e-62	244
NC_011593.1:c2598562-2597207	NB551033:88:H5VWJBGX7:2:22102:21823:12021#0/2	96.000	150	6	0	843	992	1	150	1.60e-62	244
NC_011593.1:c2598562-2597207	NB551033:88:H5VWJBGX7:2:12204:26490:8652#0/2	96.000	150	6	0	1019	1168	1	150	1.60e-62	244
NC_011593.1:c2598562-2597207	NB551033:88:H5VWJBGX7:4:23611:11349:9333#0/1	96.000	150	6	0	1035	1184	1	150	1.60e-62	244
NC_011593.1:c2598562-2597207	NB551033:88:H5VWJBGX7:4:13603:16765:4368#0/1	96.000	150	6	0	1074	1223	150	1	1.60e-62	244
NC_011593.1:c2598562-2597207	NB551033:88:H5VWJBGX7:4:12610:8071:17619#0/1	96.000	150	6	0	1029	1178	1	150	1.60e-62	244
NC_011593.1:c2598562-2597207	NB551033:88:H5VWJBGX7:3:23511:6291:7215#0/1	96.000	150	6	0	1074	1223	150	1	1.60e-62	244
NC_011593.1:c2598562-2597207	NB551033:88:H5VWJBGX7:2:21303:21014:9149#0/1	96.599	147	5	0	1003	1149	147	1	1.60e-62	244
NC_011593.1:c2598562-2597207	NB551033:88:H5VWJBGX7:2:13106:6882:18004#0/1	96.000	150	6	0	1069	1218	150	1	1.60e-62	244
NC_011593.1:c2598562-2597207	NB551033:88:H5VWJBGX7:2:12302:24372:8617#0/1	96.000	150	6	0	1074	1223	150	1	1.60e-62	244
NC_011593.1:c2598562-2597207	NB551033:88:H5VWJBGX7:1:22309:22093:6591#0/1	96.000	150	6	0	1069	1218	150	1	1.60e-62	244
NC_011593.1:c2598562-2597207	NB551033:88:H5VWJBGX7:1:21309:17564:6181#0/1	96.000	150	6	0	894	1043	1	150	1.60e-62	244
NC_011593.1:c2598562-2597207	NB551033:88:H5VWJBGX7:1:11108:13000:13044#0/1	96.000	150	6	0	860	1009	150	1	1.60e-62	244
NC_011593.1:c2598562-2597207	NB551033:88:H5VWJBGX7:1:11108:4572:1408#0/1	96.599	147	5	0	896	1042	147	1	1.60e-62	244
NC_011593.1:c2598562-2597207	NB551033:88:H5VWJBGX7:3:22604:9367:2406#0/2	95.973	149	6	0	1106	1254	1	149	5.77e-62	243
NC_011593.1:c2598562-2597207	NB551033:88:H5VWJBGX7:3:22508:20137:9136#0/2	97.203	143	4	0	901	1043	3	145	5.77e-62	243
NC_011593.1:c2598562-2597207	NB551033:88:H5VWJBGX7:2:12106:18155:10547#0/2	95.973	149	6	0	996	1144	149	1	5.77e-62	243
NC_011593.1:c2598562-2597207	NB551033:88:H5VWJBGX7:4:22605:14669:1927#0/1	95.973	149	6	0	1030	1178	1	149	5.77e-62	243
NC_011593.1:c2598562-2597207	NB551033:88:H5VWJBGX7:4:11505:26710:11033#0/1	96.575	146	5	0	873	1018	146	1	5.77e-62	243
NC_011593.1:c2598562-2597207	NB551033:88:H5VWJBGX7:3:22508:20137:9136#0/1	97.203	143	4	0	901	1043	143	1	5.77e-62	243
NC_011593.1:c2598562-2597207	NB551033:88:H5VWJBGX7:2:22210:6151:16584#0/1	95.973	149	6	0	1075	1223	149	1	5.77e-62	243
NC_011593.1:c2598562-2597207	NB551033:88:H5VWJBGX7:2:13211:23597:5763#0/1	95.973	149	6	0	1099	1247	149	1	5.77e-62	243
NC_011593.1:c2598562-2597207	NB551033:88:H5VWJBGX7:2:12106:18155:10547#0/1	95.973	149	6	0	996	1144	1	149	5.77e-62	243
NC_011593.1:c2598562-2597207	NB551033:88:H5VWJBGX7:1:21306:26736:8232#0/1	95.973	149	6	0	494	642	1	149	5.77e-62	243
NC_011593.1:c2598562-2597207	NB551033:88:H5VWJBGX7:1:21305:1167:8226#0/1	95.973	149	6	0	494	642	1	149	5.77e-62	243
NC_011593.1:c2598562-2597207	NB551033:88:H5VWJBGX7:4:22501:4556:19378#0/2	95.946	148	6	0	495	642	150	3	2.07e-61	241
NC_011593.1:c2598562-2597207	NB551033:88:H5VWJBGX7:4:12610:8071:17619#0/2	95.946	148	6	0	1035	1182	148	1	2.07e-61	241
NC_011593.1:c2598562-2597207	NB551033:88:H5VWJBGX7:3:23609:3173:18717#0/2	95.364	151	7	0	823	973	1	151	2.07e-61	241
NC_011593.1:c2598562-2597207	NB551033:88:H5VWJBGX7:3:21603:8854:15408#0/2	95.364	151	7	0	976	1126	151	1	2.07e-61	241
NC_011593.1:c2598562-2597207	NB551033:88:H5VWJBGX7:3:13505:15212:16561#0/2	95.364	151	7	0	1094	1244	1	151	2.07e-61	241
NC_011593.1:c2598562-2597207	NB551033:88:H5VWJBGX7:3:12605:24362:11925#0/2	98.529	136	2	0	960	1095	136	1	2.07e-61	241
NC_011593.1:c2598562-2597207	NB551033:88:H5VWJBGX7:2:21112:15518:1330#0/2	95.946	148	6	0	495	642	150	3	2.07e-61	241
NC_011593.1:c2598562-2597207	NB551033:88:H5VWJBGX7:2:13106:5471:11772#0/2	95.364	151	7	0	1090	1240	1	151	2.07e-61	241
NC_011593.1:c2598562-2597207	NB551033:88:H5VWJBGX7:4:22405:21821:5783#0/1	95.364	151	7	0	1089	1239	151	1	2.07e-61	241
NC_011593.1:c2598562-2597207	NB551033:88:H5VWJBGX7:3:21404:26724:4930#0/1	95.364	151	7	0	1084	1234	151	1	2.07e-61	241
NC_011593.1:c2598562-2597207	NB551033:88:H5VWJBGX7:3:13611:9052:14500#0/1	95.364	151	7	0	1076	1226	151	1	2.07e-61	241
NC_011593.1:c2598562-2597207	NB551033:88:H5VWJBGX7:3:12605:24362:11925#0/1	98.529	136	2	0	960	1095	1	136	2.07e-61	241
NC_011593.1:c2598562-2597207	NB551033:88:H5VWJBGX7:1:22302:5860:2726#0/1	98.529	136	2	0	962	1097	1	136	2.07e-61	241
NC_011593.1:c2598562-2597207	NB551033:88:H5VWJBGX7:4:22507:4547:15624#0/2	95.333	150	7	0	997	1146	150	1	7.46e-61	239
NC_011593.1:c2598562-2597207	NB551033:88:H5VWJBGX7:4:12602:26071:1722#0/2	95.333	150	7	0	862	1011	150	1	7.46e-61	239
NC_011593.1:c2598562-2597207	NB551033:88:H5VWJBGX7:4:12504:19511:16932#0/2	95.333	150	7	0	977	1126	150	1	7.46e-61	239
NC_011593.1:c2598562-2597207	NB551033:88:H5VWJBGX7:3:21602:19989:10637#0/2	96.528	144	5	0	1011	1154	1	144	7.46e-61	239
NC_011593.1:c2598562-2597207	NB551033:88:H5VWJBGX7:3:21401:23417:10020#0/2	95.333	150	7	0	1074	1223	150	1	7.46e-61	239
NC_011593.1:c2598562-2597207	NB551033:88:H5VWJBGX7:3:13611:9052:14500#0/2	95.333	150	7	0	898	1047	1	150	7.46e-61	239
NC_011593.1:c2598562-2597207	NB551033:88:H5VWJBGX7:3:12611:13496:1602#0/2	95.333	150	7	0	1074	1223	151	2	7.46e-61	239
NC_011593.1:c2598562-2597207	NB551033:88:H5VWJBGX7:2:22309:20026:2490#0/2	95.333	150	7	0	1123	1272	150	1	7.46e-61	239
NC_011593.1:c2598562-2597207	NB551033:88:H5VWJBGX7:2:11110:16050:13819#0/2	96.528	144	5	0	429	572	8	151	7.46e-61	239
NC_011593.1:c2598562-2597207	NB551033:88:H5VWJBGX7:1:13207:23091:3857#0/2	95.333	150	7	0	1103	1252	1	150	7.46e-61	239
NC_011593.1:c2598562-2597207	NB551033:88:H5VWJBGX7:4:23606:15870:5521#0/1	95.333	150	7	0	1091	1240	150	1	7.46e-61	239
NC_011593.1:c2598562-2597207	NB551033:88:H5VWJBGX7:4:12604:8205:3113#0/1	95.333	150	7	0	1129	1278	150	1	7.46e-61	239
NC_011593.1:c2598562-2597207	NB551033:88:H5VWJBGX7:3:21602:19989:10637#0/1	96.528	144	5	0	1011	1154	144	1	7.46e-61	239
NC_011593.1:c2598562-2597207	NB551033:88:H5VWJBGX7:3:21405:1282:4940#0/1	95.333	150	7	0	1085	1234	150	1	7.46e-61	239
NC_011593.1:c2598562-2597207	NB551033:88:H5VWJBGX7:2:13107:11020:9795#0/1	95.333	150	7	0	1131	1280	150	1	7.46e-61	239
NC_011593.1:c2598562-2597207	NB551033:88:H5VWJBGX7:2:13102:25011:9538#0/1	95.333	150	7	0	1123	1272	150	1	7.46e-61	239
NC_011593.1:c2598562-2597207	NB551033:88:H5VWJBGX7:2:12309:2127:3142#0/1	95.333	150	7	0	1074	1223	150	1	7.46e-61	239
NC_011593.1:c2598562-2597207	NB551033:88:H5VWJBGX7:2:22103:13619:7511#0/2	95.302	149	7	0	1123	1271	2	150	2.68e-60	237
NC_011593.1:c2598562-2597207	NB551033:88:H5VWJBGX7:1:11104:15605:17341#0/2	95.302	149	7	0	491	639	149	1	2.68e-60	237
NC_011593.1:c2598562-2597207	NB551033:88:H5VWJBGX7:4:23602:11815:8091#0/1	97.810	137	3	0	901	1037	137	1	2.68e-60	237
NC_011593.1:c2598562-2597207	NB551033:88:H5VWJBGX7:3:13408:23855:15336#0/1	95.302	149	7	0	1130	1278	149	1	2.68e-60	237
NC_011593.1:c2598562-2597207	NB551033:88:H5VWJBGX7:2:22310:23465:18731#0/1	95.302	149	7	0	1106	1254	1	149	2.68e-60	237
NC_011593.1:c2598562-2597207	NB551033:88:H5VWJBGX7:2:22307:4219:18777#0/2	97.122	139	4	0	889	1027	139	1	9.65e-60	235
NC_011593.1:c2598562-2597207	NB551033:88:H5VWJBGX7:3:23511:6373:5446#0/1	95.270	148	7	0	1081	1228	148	1	9.65e-60	235
NC_011593.1:c2598562-2597207	NB551033:88:H5VWJBGX7:2:22307:4219:18777#0/1	97.122	139	4	0	889	1027	1	139	9.65e-60	235
NC_011593.1:c2598562-2597207	NB551033:88:H5VWJBGX7:4:23407:8858:7376#0/2	97.101	138	4	0	489	626	138	1	3.47e-59	233
NC_011593.1:c2598562-2597207	NB551033:88:H5VWJBGX7:3:13501:23925:4789#0/2	95.833	144	6	0	1111	1254	1	144	3.47e-59	233
NC_011593.1:c2598562-2597207	NB551033:88:H5VWJBGX7:3:11407:2488:12834#0/2	95.238	147	7	0	1140	1286	148	2	3.47e-59	233
NC_011593.1:c2598562-2597207	NB551033:88:H5VWJBGX7:2:11202:18224:19337#0/2	95.833	144	6	0	429	572	7	150	3.47e-59	233
NC_011593.1:c2598562-2597207	NB551033:88:H5VWJBGX7:1:12111:23707:5739#0/2	95.238	147	7	0	1140	1286	147	1	3.47e-59	233
NC_011593.1:c2598562-2597207	NB551033:88:H5VWJBGX7:3:23412:18390:18143#0/1	96.454	141	5	0	1018	1158	141	1	3.47e-59	233
NC_011593.1:c2598562-2597207	NB551033:88:H5VWJBGX7:3:21504:6836:13570#0/1	96.454	141	5	0	1114	1254	2	142	3.47e-59	233
NC_011593.1:c2598562-2597207	NB551033:88:H5VWJBGX7:3:13501:23925:4789#0/1	95.238	147	7	0	1140	1286	147	1	3.47e-59	233
NC_011593.1:c2598562-2597207	NB551033:88:H5VWJBGX7:4:23408:1860:5454#0/2	97.080	137	4	0	808	944	14	150	1.25e-58	231
NC_011593.1:c2598562-2597207	NB551033:88:H5VWJBGX7:1:23309:9786:16440#0/2	97.059	136	4	0	814	949	136	1	4.49e-58	230
NC_011593.1:c2598562-2597207	NB551033:88:H5VWJBGX7:4:22507:2959:4168#0/2	97.037	135	4	0	908	1042	1	135	1.61e-57	228
NC_011593.1:c2598562-2597207	NB551033:88:H5VWJBGX7:3:22503:13168:2894#0/2	95.745	141	6	0	1140	1280	141	1	1.61e-57	228
NC_011593.1:c2598562-2597207	NB551033:88:H5VWJBGX7:4:22507:2959:4168#0/1	97.037	135	4	0	908	1042	135	1	1.61e-57	228
NC_011593.1:c2598562-2597207	NB551033:88:H5VWJBGX7:3:23503:11568:3390#0/1	96.377	138	5	0	429	566	13	150	1.61e-57	228
NC_011593.1:c2598562-2597207	NB551033:88:H5VWJBGX7:3:22503:13168:2894#0/1	95.745	141	6	0	1140	1280	3	143	1.61e-57	228
NC_011593.1:c2598562-2597207	NB551033:88:H5VWJBGX7:4:13411:17870:10935#0/2	95.714	140	6	0	1080	1219	1	140	5.81e-57	226
NC_011593.1:c2598562-2597207	NB551033:88:H5VWJBGX7:3:23504:5891:2622#0/2	95.714	140	6	0	1080	1219	1	140	5.81e-57	226
NC_011593.1:c2598562-2597207	NB551033:88:H5VWJBGX7:3:12404:5907:15015#0/2	97.710	131	3	0	931	1061	1	131	5.81e-57	226
NC_011593.1:c2598562-2597207	NB551033:88:H5VWJBGX7:4:13411:17870:10935#0/1	95.714	140	6	0	1080	1219	140	1	5.81e-57	226
NC_011593.1:c2598562-2597207	NB551033:88:H5VWJBGX7:3:23504:5891:2622#0/1	95.714	140	6	0	1080	1219	140	1	5.81e-57	226
NC_011593.1:c2598562-2597207	NB551033:88:H5VWJBGX7:3:12404:5907:15015#0/1	97.710	131	3	0	931	1061	131	1	5.81e-57	226
NC_011593.1:c2598562-2597207	NB551033:88:H5VWJBGX7:4:13612:18569:2921#0/2	97.692	130	3	0	908	1037	1	130	2.09e-56	224
NC_011593.1:c2598562-2597207	NB551033:88:H5VWJBGX7:4:13612:18569:2921#0/1	97.692	130	3	0	908	1037	130	1	2.09e-56	224
NC_011593.1:c2598562-2597207	NB551033:88:H5VWJBGX7:4:12503:22237:17106#0/1	97.692	130	3	0	901	1030	3	132	2.09e-56	224
NC_011593.1:c2598562-2597207	NB551033:88:H5VWJBGX7:3:21611:9849:5768#0/2	96.970	132	4	0	1123	1254	137	6	7.51e-56	222
NC_011593.1:c2598562-2597207	NB551033:88:H5VWJBGX7:2:13305:3717:10795#0/1	96.970	132	4	0	808	939	132	1	7.51e-56	222
NC_011593.1:c2598562-2597207	NB551033:88:H5VWJBGX7:1:22102:24559:14236#0/1	96.241	133	5	0	429	561	18	150	9.72e-55	219
NC_011593.1:c2598562-2597207	NB551033:88:H5VWJBGX7:4:11609:16449:5418#0/2	96.212	132	5	0	446	577	1	132	3.50e-54	217
NC_011593.1:c2598562-2597207	NB551033:88:H5VWJBGX7:4:11609:16449:5418#0/1	96.212	132	5	0	446	577	132	1	3.50e-54	217
NC_011593.1:c2598562-2597207	NB551033:88:H5VWJBGX7:2:22309:20026:2490#0/1	96.212	132	5	0	1020	1151	20	151	3.50e-54	217
NC_011593.1:c2598562-2597207	NB551033:88:H5VWJBGX7:2:12206:14556:4429#0/1	96.212	132	5	0	808	939	132	1	3.50e-54	217
NC_011593.1:c2598562-2597207	NB551033:88:H5VWJBGX7:2:21209:22609:9655#0/2	96.875	128	4	0	808	935	23	150	1.26e-53	215
NC_011593.1:c2598562-2597207	NB551033:88:H5VWJBGX7:2:21106:24343:14148#0/2	98.361	122	2	0	915	1036	1	122	1.26e-53	215
NC_011593.1:c2598562-2597207	NB551033:88:H5VWJBGX7:2:21106:24343:14148#0/1	98.361	122	2	0	915	1036	122	1	1.26e-53	215
NC_011593.1:c2598562-2597207	NB551033:88:H5VWJBGX7:1:22111:12885:10939#0/2	96.850	127	4	0	813	939	127	1	4.52e-53	213
NC_011593.1:c2598562-2597207	NB551033:88:H5VWJBGX7:1:11108:13000:13044#0/2	96.850	127	4	0	808	934	24	150	4.52e-53	213
NC_011593.1:c2598562-2597207	NB551033:88:H5VWJBGX7:1:22105:10626:12155#0/2	95.420	131	6	0	509	639	131	1	5.85e-52	209
NC_011593.1:c2598562-2597207	NB551033:88:H5VWJBGX7:1:22105:10626:12155#0/1	95.420	131	6	0	509	639	1	131	5.85e-52	209
NC_011593.1:c2598562-2597207	NB551033:88:H5VWJBGX7:2:13211:10154:6015#0/2	96.774	124	4	0	996	1119	1	124	2.10e-51	207
NC_011593.1:c2598562-2597207	NB551033:88:H5VWJBGX7:4:22606:14139:1376#0/2	96.748	123	4	0	982	1104	123	1	7.57e-51	206
NC_011593.1:c2598562-2597207	NB551033:88:H5VWJBGX7:2:23102:5427:11243#0/2	96.032	126	5	0	1072	1197	1	126	7.57e-51	206
NC_011593.1:c2598562-2597207	NB551033:88:H5VWJBGX7:3:11511:9164:2538#0/1	95.312	128	6	0	509	636	1	128	2.72e-50	204
NC_011593.1:c2598562-2597207	NB551033:88:H5VWJBGX7:2:11110:16050:13819#0/1	96.000	125	5	0	491	615	125	1	2.72e-50	204
NC_011593.1:c2598562-2597207	NB551033:88:H5VWJBGX7:2:13211:10154:6015#0/1	95.968	124	5	0	996	1119	124	1	9.79e-50	202
NC_011593.1:c2598562-2597207	NB551033:88:H5VWJBGX7:3:21506:16674:6180#0/2	96.667	120	4	0	489	608	120	1	3.52e-49	200
NC_011593.1:c2598562-2597207	NB551033:88:H5VWJBGX7:2:22212:8661:16922#0/2	95.935	123	5	0	1075	1197	1	123	3.52e-49	200
NC_011593.1:c2598562-2597207	NB551033:88:H5VWJBGX7:3:13505:23711:9618#0/1	95.935	123	5	0	808	930	29	151	3.52e-49	200
NC_011593.1:c2598562-2597207	NB551033:88:H5VWJBGX7:2:22212:8661:16922#0/1	95.935	123	5	0	1075	1197	123	1	3.52e-49	200
NC_011593.1:c2598562-2597207	NB551033:88:H5VWJBGX7:2:13305:9463:17003#0/2	95.122	123	6	0	1053	1175	1	123	1.64e-47	195
NC_011593.1:c2598562-2597207	NB551033:88:H5VWJBGX7:3:21612:13959:15248#0/2	95.000	120	6	0	1036	1155	1	120	7.62e-46	189
NC_011593.1:c2598562-2597207	NB551033:88:H5VWJBGX7:2:21212:22946:5697#0/2	97.297	111	3	0	908	1018	111	1	7.62e-46	189
NC_011593.1:c2598562-2597207	NB551033:88:H5VWJBGX7:1:11108:16024:11749#0/2	95.726	117	5	0	808	924	35	151	7.62e-46	189
NC_011593.1:c2598562-2597207	NB551033:88:H5VWJBGX7:3:11503:20152:12358#0/1	96.491	114	4	0	808	921	36	149	7.62e-46	189
NC_011593.1:c2598562-2597207	NB551033:88:H5VWJBGX7:2:21212:22946:5697#0/1	97.297	111	3	0	908	1018	1	111	7.62e-46	189
NC_011593.1:c2598562-2597207	NB551033:88:H5VWJBGX7:3:12608:20703:9641#0/1	95.690	116	5	0	429	544	36	151	2.74e-45	187
NC_011593.1:c2598562-2597207	NB551033:88:H5VWJBGX7:1:12301:26383:14143#0/1	95.690	116	5	0	429	544	36	151	2.74e-45	187
NC_011593.1:c2598562-2597207	NB551033:88:H5VWJBGX7:3:13411:12321:5283#0/2	96.429	112	4	0	461	572	1	112	9.86e-45	185
NC_011593.1:c2598562-2597207	NB551033:88:H5VWJBGX7:3:13411:12321:5283#0/1	96.429	112	4	0	461	572	112	1	9.86e-45	185
NC_011593.1:c2598562-2597207	NB551033:88:H5VWJBGX7:2:21304:22821:14147#0/1	97.248	109	3	0	429	537	39	147	9.86e-45	185
NC_011593.1:c2598562-2597207	NB551033:88:H5VWJBGX7:3:21411:5827:9677#0/2	96.396	111	4	0	498	608	111	1	3.55e-44	183
NC_011593.1:c2598562-2597207	NB551033:88:H5VWJBGX7:3:21401:11579:1945#0/1	96.396	111	4	0	498	608	111	1	3.55e-44	183
NC_011593.1:c2598562-2597207	NB551033:88:H5VWJBGX7:4:22405:21821:5783#0/2	96.364	110	4	0	808	917	41	150	1.28e-43	182
NC_011593.1:c2598562-2597207	NB551033:88:H5VWJBGX7:4:11611:11582:19350#0/2	95.575	113	5	0	1111	1223	1	113	1.28e-43	182
NC_011593.1:c2598562-2597207	NB551033:88:H5VWJBGX7:1:13307:11781:14958#0/2	96.364	110	4	0	1049	1158	1	110	1.28e-43	182
NC_011593.1:c2598562-2597207	NB551033:88:H5VWJBGX7:1:12205:24942:17986#0/2	98.077	104	2	0	915	1018	104	1	1.28e-43	182
NC_011593.1:c2598562-2597207	NB551033:88:H5VWJBGX7:4:11611:11582:19350#0/1	96.364	110	4	0	1114	1223	110	1	1.28e-43	182
NC_011593.1:c2598562-2597207	NB551033:88:H5VWJBGX7:1:13307:11781:14958#0/1	96.364	110	4	0	1049	1158	110	1	1.28e-43	182
NC_011593.1:c2598562-2597207	NB551033:88:H5VWJBGX7:1:12205:24942:17986#0/1	98.077	104	2	0	915	1018	1	104	1.28e-43	182
NC_011593.1:c2598562-2597207	NB551033:88:H5VWJBGX7:2:11303:18866:3099#0/2	96.330	109	4	0	808	916	109	1	4.59e-43	180
NC_011593.1:c2598562-2597207	NB551033:88:H5VWJBGX7:1:11106:12448:20219#0/2	96.330	109	4	0	1045	1153	1	109	4.59e-43	180
NC_011593.1:c2598562-2597207	NB551033:88:H5VWJBGX7:3:13404:7022:11949#0/1	95.536	112	5	0	497	608	112	1	4.59e-43	180
NC_011593.1:c2598562-2597207	NB551033:88:H5VWJBGX7:1:11106:12448:20219#0/1	96.330	109	4	0	1045	1153	109	1	4.59e-43	180
NC_011593.1:c2598562-2597207	NB551033:88:H5VWJBGX7:4:23505:4025:11250#0/2	96.296	108	4	0	808	915	108	1	1.65e-42	178
NC_011593.1:c2598562-2597207	NB551033:88:H5VWJBGX7:4:21604:5470:2894#0/2	96.296	108	4	0	808	915	108	1	1.65e-42	178
NC_011593.1:c2598562-2597207	NB551033:88:H5VWJBGX7:2:13108:10141:11387#0/2	96.296	108	4	0	808	915	108	1	1.65e-42	178
NC_011593.1:c2598562-2597207	NB551033:88:H5VWJBGX7:1:13103:10959:10611#0/2	96.296	108	4	0	808	915	24	131	1.65e-42	178
NC_011593.1:c2598562-2597207	NB551033:88:H5VWJBGX7:3:21508:25296:18957#0/1	98.039	102	2	0	960	1061	102	1	1.65e-42	178
NC_011593.1:c2598562-2597207	NB551033:88:H5VWJBGX7:3:21403:6269:3338#0/1	96.296	108	4	0	810	917	108	1	1.65e-42	178
NC_011593.1:c2598562-2597207	NB551033:88:H5VWJBGX7:2:22207:15419:18650#0/1	96.296	108	4	0	808	915	108	1	1.65e-42	178
NC_011593.1:c2598562-2597207	NB551033:88:H5VWJBGX7:1:23103:25268:10372#0/1	96.296	108	4	0	808	915	108	1	1.65e-42	178
NC_011593.1:c2598562-2597207	NB551033:88:H5VWJBGX7:1:21311:4171:19133#0/1	96.296	108	4	0	808	915	108	1	1.65e-42	178
NC_011593.1:c2598562-2597207	NB551033:88:H5VWJBGX7:1:23203:25931:7693#0/2	98.020	101	2	0	961	1061	101	1	5.93e-42	176
NC_011593.1:c2598562-2597207	NB551033:88:H5VWJBGX7:2:23103:26715:11272#0/1	95.455	110	5	0	1166	1275	1	110	5.93e-42	176
NC_011593.1:c2598562-2597207	NB551033:88:H5VWJBGX7:1:23203:25931:7693#0/1	98.020	101	2	0	961	1061	1	101	5.93e-42	176
NC_011593.1:c2598562-2597207	NB551033:88:H5VWJBGX7:1:23102:26528:3176#0/1	96.262	107	4	0	497	603	107	1	5.93e-42	176
NC_011593.1:c2598562-2597207	NB551033:88:H5VWJBGX7:3:23501:19606:10513#0/2	96.226	106	4	0	1114	1219	106	1	2.13e-41	174
NC_011593.1:c2598562-2597207	NB551033:88:H5VWJBGX7:3:21501:18496:1525#0/2	96.226	106	4	0	810	915	106	1	2.13e-41	174
NC_011593.1:c2598562-2597207	NB551033:88:H5VWJBGX7:3:11506:8863:1164#0/2	98.000	100	2	0	429	528	49	148	2.13e-41	174
NC_011593.1:c2598562-2597207	NB551033:88:H5VWJBGX7:3:23501:19606:10513#0/1	95.413	109	5	0	1111	1219	1	109	2.13e-41	174
NC_011593.1:c2598562-2597207	NB551033:88:H5VWJBGX7:3:22502:10623:12774#0/1	96.226	106	4	0	810	915	106	1	2.13e-41	174
NC_011593.1:c2598562-2597207	NB551033:88:H5VWJBGX7:4:11609:11057:19442#0/2	97.059	102	3	0	808	909	50	151	7.67e-41	172
NC_011593.1:c2598562-2597207	NB551033:88:H5VWJBGX7:3:22502:10623:12774#0/2	95.370	108	5	0	808	915	16	123	7.67e-41	172
NC_011593.1:c2598562-2597207	NB551033:88:H5VWJBGX7:1:12308:13747:20015#0/2	95.370	108	5	0	808	915	108	1	7.67e-41	172
NC_011593.1:c2598562-2597207	NB551033:88:H5VWJBGX7:4:23412:13964:15079#0/1	97.059	102	3	0	808	909	102	1	7.67e-41	172
NC_011593.1:c2598562-2597207	NB551033:88:H5VWJBGX7:1:22107:6899:1974#0/2	97.959	98	2	0	1011	1108	1	98	2.76e-40	171
# BLASTN 2.9.0+
# Query: NC_011593.1:2598858-2601929 Bifidobacterium longum subsp. infantis ATCC 15697, complete genome
# Database: db/blast_C0621-1F-2A_S91.faa
# Fields: query acc.ver, subject acc.ver, % identity, alignment length, mismatches, gap opens, q. start, q. end, s. start, s. end, evalue, bit score
# 94 hits found
NC_011593.1:2598858-2601929	NB551033:88:H5VWJBGX7:2:22202:25534:14455#0/2	96.053	76	3	0	1185	1260	147	72	4.95e-26	124
NC_011593.1:2598858-2601929	NB551033:88:H5VWJBGX7:3:22601:6367:2683#0/1	96.053	76	3	0	1185	1260	5	80	4.95e-26	124
NC_011593.1:2598858-2601929	NB551033:88:H5VWJBGX7:2:12204:14794:7390#0/1	96.053	76	3	0	1185	1260	4	79	4.95e-26	124
NC_011593.1:2598858-2601929	NB551033:88:H5VWJBGX7:4:22504:11412:13911#0/2	96.000	75	3	0	1186	1260	151	77	1.78e-25	122
NC_011593.1:2598858-2601929	NB551033:88:H5VWJBGX7:4:13501:10141:6311#0/2	96.000	75	3	0	1186	1260	150	76	1.78e-25	122
NC_011593.1:2598858-2601929	NB551033:88:H5VWJBGX7:3:21407:15875:15916#0/1	96.000	75	3	0	1186	1260	1	75	1.78e-25	122
NC_011593.1:2598858-2601929	NB551033:88:H5VWJBGX7:1:12208:11547:15898#0/1	96.000	75	3	0	1186	1260	150	76	1.78e-25	122
NC_011593.1:2598858-2601929	NB551033:88:H5VWJBGX7:1:21211:23836:11333#0/2	95.890	73	3	0	1188	1260	110	38	2.30e-24	119
NC_011593.1:2598858-2601929	NB551033:88:H5VWJBGX7:1:11304:19931:5969#0/2	95.890	73	3	0	1188	1260	150	78	2.30e-24	119
NC_011593.1:2598858-2601929	NB551033:88:H5VWJBGX7:4:22512:20321:14139#0/1	95.890	73	3	0	1188	1260	1	73	2.30e-24	119
NC_011593.1:2598858-2601929	NB551033:88:H5VWJBGX7:1:22207:11438:6453#0/1	95.890	73	3	0	1188	1260	1	73	2.30e-24	119
NC_011593.1:2598858-2601929	NB551033:88:H5VWJBGX7:1:21211:23836:11333#0/1	95.890	73	3	0	1188	1260	1	73	2.30e-24	119
NC_011593.1:2598858-2601929	NB551033:88:H5VWJBGX7:4:23403:9669:4462#0/2	95.775	71	3	0	1190	1260	131	61	2.98e-23	115
NC_011593.1:2598858-2601929	NB551033:88:H5VWJBGX7:4:13501:12017:1294#0/2	95.775	71	3	0	1190	1260	1	71	2.98e-23	115
NC_011593.1:2598858-2601929	NB551033:88:H5VWJBGX7:3:21612:4603:17071#0/2	95.775	71	3	0	1190	1260	1	71	2.98e-23	115
NC_011593.1:2598858-2601929	NB551033:88:H5VWJBGX7:3:11603:13739:14674#0/2	95.775	71	3	0	1190	1260	101	31	2.98e-23	115
NC_011593.1:2598858-2601929	NB551033:88:H5VWJBGX7:2:23301:7642:19210#0/2	95.775	71	3	0	1190	1260	1	71	2.98e-23	115
NC_011593.1:2598858-2601929	NB551033:88:H5VWJBGX7:1:22302:17565:17375#0/2	95.775	71	3	0	1190	1260	1	71	2.98e-23	115
NC_011593.1:2598858-2601929	NB551033:88:H5VWJBGX7:4:23403:9669:4462#0/1	95.775	71	3	0	1190	1260	1	71	2.98e-23	115
NC_011593.1:2598858-2601929	NB551033:88:H5VWJBGX7:4:21603:7915:14219#0/1	95.775	71	3	0	1190	1260	1	71	2.98e-23	115
NC_011593.1:2598858-2601929	NB551033:88:H5VWJBGX7:4:12412:9653:8042#0/1	95.775	71	3	0	1190	1260	1	71	2.98e-23	115
NC_011593.1:2598858-2601929	NB551033:88:H5VWJBGX7:4:11602:15926:9526#0/1	95.775	71	3	0	1190	1260	1	71	2.98e-23	115
NC_011593.1:2598858-2601929	NB551033:88:H5VWJBGX7:3:23407:15123:4846#0/1	95.775	71	3	0	1190	1260	1	71	2.98e-23	115
NC_011593.1:2598858-2601929	NB551033:88:H5VWJBGX7:3:11603:13739:14674#0/1	95.775	71	3	0	1190	1260	1	71	2.98e-23	115
NC_011593.1:2598858-2601929	NB551033:88:H5VWJBGX7:2:13301:6226:12622#0/1	95.775	71	3	0	1190	1260	1	71	2.98e-23	115
NC_011593.1:2598858-2601929	NB551033:88:H5VWJBGX7:2:11212:9024:16780#0/1	95.775	71	3	0	1190	1260	1	71	2.98e-23	115
NC_011593.1:2598858-2601929	NB551033:88:H5VWJBGX7:1:22206:3785:19106#0/1	95.775	71	3	0	1190	1260	1	71	2.98e-23	115
NC_011593.1:2598858-2601929	NB551033:88:H5VWJBGX7:1:11109:26637:3386#0/1	95.775	71	3	0	1190	1260	1	71	2.98e-23	115
NC_011593.1:2598858-2601929	NB551033:88:H5VWJBGX7:1:11108:1185:3378#0/1	95.775	71	3	0	1190	1260	1	71	2.98e-23	115
NC_011593.1:2598858-2601929	NB551033:88:H5VWJBGX7:3:23512:10378:10992#0/2	95.652	69	3	0	1192	1260	150	82	3.85e-22	111
NC_011593.1:2598858-2601929	NB551033:88:H5VWJBGX7:2:21301:23579:14490#0/1	95.522	67	3	0	1194	1260	151	85	4.98e-21	108
NC_011593.1:2598858-2601929	NB551033:88:H5VWJBGX7:4:22512:20321:14139#0/2	95.385	65	3	0	1196	1260	150	86	6.44e-20	104
NC_011593.1:2598858-2601929	NB551033:88:H5VWJBGX7:4:21603:7915:14219#0/2	95.385	65	3	0	1196	1260	150	86	6.44e-20	104
NC_011593.1:2598858-2601929	NB551033:88:H5VWJBGX7:3:23506:6344:18518#0/2	95.385	65	3	0	1196	1260	151	87	6.44e-20	104
NC_011593.1:2598858-2601929	NB551033:88:H5VWJBGX7:2:11210:19463:5772#0/1	95.385	65	3	0	1196	1260	151	87	6.44e-20	104
NC_011593.1:2598858-2601929	NB551033:88:H5VWJBGX7:4:22409:25635:1729#0/2	96.667	60	2	0	1186	1245	1	60	8.33e-19	100
NC_011593.1:2598858-2601929	NB551033:88:H5VWJBGX7:4:22409:25635:1729#0/1	96.667	60	2	0	1186	1245	62	3	8.33e-19	100
NC_011593.1:2598858-2601929	NB551033:88:H5VWJBGX7:1:23308:5571:15064#0/2	95.082	61	3	0	1200	1260	147	87	1.08e-17	97.1
NC_011593.1:2598858-2601929	NB551033:88:H5VWJBGX7:1:11208:25587:9198#0/2	95.082	61	3	0	1200	1260	1	61	1.08e-17	97.1
NC_011593.1:2598858-2601929	NB551033:88:H5VWJBGX7:2:13104:17226:2558#0/1	95.082	61	3	0	1200	1260	1	61	1.08e-17	97.1
NC_011593.1:2598858-2601929	NB551033:88:H5VWJBGX7:1:23308:5571:15064#0/1	95.082	61	3	0	1200	1260	1	61	1.08e-17	97.1
NC_011593.1:2598858-2601929	NB551033:88:H5VWJBGX7:4:12609:1618:8541#0/2	96.364	55	2	0	1191	1245	1	55	5.02e-16	91.6
NC_011593.1:2598858-2601929	NB551033:88:H5VWJBGX7:4:12609:1618:8541#0/1	96.364	55	2	0	1191	1245	56	2	5.02e-16	91.6
NC_011593.1:2598858-2601929	NB551033:88:H5VWJBGX7:2:21302:21818:19617#0/2	98.039	51	1	0	619	669	148	98	1.80e-15	89.8
NC_011593.1:2598858-2601929	NB551033:88:H5VWJBGX7:2:21209:17976:1466#0/2	98.039	51	1	0	619	669	147	97	1.80e-15	89.8
NC_011593.1:2598858-2601929	NB551033:88:H5VWJBGX7:2:13307:16275:6951#0/2	98.039	51	1	0	619	669	113	63	1.80e-15	89.8
NC_011593.1:2598858-2601929	NB551033:88:H5VWJBGX7:4:23606:15446:7666#0/1	98.039	51	1	0	619	669	150	100	1.80e-15	89.8
NC_011593.1:2598858-2601929	NB551033:88:H5VWJBGX7:4:13406:16647:12857#0/1	98.039	51	1	0	619	669	147	97	1.80e-15	89.8
NC_011593.1:2598858-2601929	NB551033:88:H5VWJBGX7:3:23405:4738:4392#0/1	98.039	51	1	0	619	669	6	56	1.80e-15	89.8
NC_011593.1:2598858-2601929	NB551033:88:H5VWJBGX7:3:13505:21298:17161#0/1	98.039	51	1	0	619	669	148	98	1.80e-15	89.8
NC_011593.1:2598858-2601929	NB551033:88:H5VWJBGX7:2:21304:9367:8472#0/1	98.039	51	1	0	619	669	6	56	1.80e-15	89.8
NC_011593.1:2598858-2601929	NB551033:88:H5VWJBGX7:2:13307:16275:6951#0/1	98.039	51	1	0	619	669	6	56	1.80e-15	89.8
NC_011593.1:2598858-2601929	NB551033:88:H5VWJBGX7:2:12210:14139:9220#0/1	98.039	51	1	0	619	669	5	55	1.80e-15	89.8
NC_011593.1:2598858-2601929	NB551033:88:H5VWJBGX7:2:12207:18039:8269#0/1	98.039	51	1	0	619	669	148	98	1.80e-15	89.8
NC_011593.1:2598858-2601929	NB551033:88:H5VWJBGX7:4:23503:13962:10304#0/2	97.959	49	1	0	621	669	1	49	2.33e-14	86.1
NC_011593.1:2598858-2601929	NB551033:88:H5VWJBGX7:3:11505:16530:5302#0/2	97.959	49	1	0	621	669	113	65	2.33e-14	86.1
NC_011593.1:2598858-2601929	NB551033:88:H5VWJBGX7:3:11505:16530:5302#0/1	97.959	49	1	0	621	669	1	49	2.33e-14	86.1
NC_011593.1:2598858-2601929	NB551033:88:H5VWJBGX7:3:13605:4577:7213#0/2	96.078	51	2	0	1210	1260	150	100	8.39e-14	84.2
NC_011593.1:2598858-2601929	NB551033:88:H5VWJBGX7:3:11610:23087:11221#0/2	97.917	48	1	0	622	669	126	79	8.39e-14	84.2
NC_011593.1:2598858-2601929	NB551033:88:H5VWJBGX7:2:21310:22227:2152#0/2	97.917	48	1	0	622	669	140	93	8.39e-14	84.2
NC_011593.1:2598858-2601929	NB551033:88:H5VWJBGX7:2:12311:16580:4237#0/2	97.917	48	1	0	622	669	1	48	8.39e-14	84.2
NC_011593.1:2598858-2601929	NB551033:88:H5VWJBGX7:1:21205:20142:18511#0/2	97.917	48	1	0	622	669	149	102	8.39e-14	84.2
NC_011593.1:2598858-2601929	NB551033:88:H5VWJBGX7:4:21412:19585:2859#0/1	97.917	48	1	0	622	669	149	102	8.39e-14	84.2
NC_011593.1:2598858-2601929	NB551033:88:H5VWJBGX7:4:13509:4063:2233#0/1	97.917	48	1	0	622	669	1	48	8.39e-14	84.2
NC_011593.1:2598858-2601929	NB551033:88:H5VWJBGX7:3:11610:23087:11221#0/1	97.917	48	1	0	622	669	1	48	8.39e-14	84.2
NC_011593.1:2598858-2601929	NB551033:88:H5VWJBGX7:2:21310:22227:2152#0/1	97.917	48	1	0	622	669	1	48	8.39e-14	84.2
NC_011593.1:2598858-2601929	NB551033:88:H5VWJBGX7:1:23304:12570:5484#0/1	97.917	48	1	0	622	669	1	48	8.39e-14	84.2
NC_011593.1:2598858-2601929	NB551033:88:H5VWJBGX7:1:21211:7053:3600#0/1	96.078	51	2	0	1210	1260	150	100	8.39e-14	84.2
NC_011593.1:2598858-2601929	NB551033:88:H5VWJBGX7:2:12209:24461:11221#0/2	95.918	49	2	0	1212	1260	151	103	1.09e-12	80.5
NC_011593.1:2598858-2601929	NB551033:88:H5VWJBGX7:4:23602:22725:10912#0/2	95.745	47	2	0	1214	1260	1	47	1.40e-11	76.8
NC_011593.1:2598858-2601929	NB551033:88:H5VWJBGX7:3:23404:2706:1500#0/1	95.745	47	2	0	1214	1260	1	47	1.40e-11	76.8
NC_011593.1:2598858-2601929	NB551033:88:H5VWJBGX7:4:13607:6614:2779#0/2	97.674	43	1	0	627	669	116	74	5.05e-11	75.0
NC_011593.1:2598858-2601929	NB551033:88:H5VWJBGX7:2:11212:7605:1531#0/2	97.674	43	1	0	627	669	108	66	5.05e-11	75.0
NC_011593.1:2598858-2601929	NB551033:88:H5VWJBGX7:1:11112:23391:15394#0/2	97.674	43	1	0	627	669	1	43	5.05e-11	75.0
NC_011593.1:2598858-2601929	NB551033:88:H5VWJBGX7:4:13607:6614:2779#0/1	97.674	43	1	0	627	669	1	43	5.05e-11	75.0
NC_011593.1:2598858-2601929	NB551033:88:H5VWJBGX7:4:23607:14377:17016#0/2	97.619	42	1	0	628	669	1	42	1.82e-10	73.1
NC_011593.1:2598858-2601929	NB551033:88:H5VWJBGX7:4:12501:23256:9136#0/2	97.619	42	1	0	628	669	1	42	1.82e-10	73.1
NC_011593.1:2598858-2601929	NB551033:88:H5VWJBGX7:4:13602:5713:18364#0/1	97.619	42	1	0	628	669	148	107	1.82e-10	73.1
NC_011593.1:2598858-2601929	NB551033:88:H5VWJBGX7:4:12411:13237:17559#0/1	97.561	41	1	0	629	669	150	110	6.53e-10	71.3
NC_011593.1:2598858-2601929	NB551033:88:H5VWJBGX7:3:13408:10622:1570#0/1	97.561	41	1	0	629	669	150	110	6.53e-10	71.3
NC_011593.1:2598858-2601929	NB551033:88:H5VWJBGX7:3:22403:11037:6150#0/2	97.500	40	1	0	630	669	1	40	2.35e-09	69.4
NC_011593.1:2598858-2601929	NB551033:88:H5VWJBGX7:4:23612:19045:17602#0/2	97.368	38	1	0	632	669	151	114	3.04e-08	65.8
NC_011593.1:2598858-2601929	NB551033:88:H5VWJBGX7:4:13504:10111:19070#0/1	97.368	38	1	0	632	669	1	38	3.04e-08	65.8
NC_011593.1:2598858-2601929	NB551033:88:H5VWJBGX7:3:23504:4018:8392#0/1	97.368	38	1	0	632	669	151	114	3.04e-08	65.8
NC_011593.1:2598858-2601929	NB551033:88:H5VWJBGX7:4:22609:12845:17574#0/2	97.297	37	1	0	633	669	91	55	1.09e-07	63.9
NC_011593.1:2598858-2601929	NB551033:88:H5VWJBGX7:1:11312:22997:12947#0/2	100.000	30	0	0	640	669	1	30	1.83e-05	56.5
NC_011593.1:2598858-2601929	NB551033:88:H5VWJBGX7:2:13212:23483:1306#0/1	100.000	30	0	0	640	669	1	30	1.83e-05	56.5
NC_011593.1:2598858-2601929	NB551033:88:H5VWJBGX7:1:13308:12722:2767#0/1	100.000	30	0	0	640	669	1	30	1.83e-05	56.5
NC_011593.1:2598858-2601929	NB551033:88:H5VWJBGX7:3:22602:14405:10985#0/2	100.000	28	0	0	642	669	150	123	2.37e-04	52.8
NC_011593.1:2598858-2601929	NB551033:88:H5VWJBGX7:1:22212:17720:17231#0/2	100.000	28	0	0	642	669	1	28	2.37e-04	52.8
NC_011593.1:2598858-2601929	NB551033:88:H5VWJBGX7:1:21203:24070:7469#0/2	100.000	28	0	0	642	669	1	28	2.37e-04	52.8
NC_011593.1:2598858-2601929	NB551033:88:H5VWJBGX7:1:13206:17064:15130#0/2	100.000	28	0	0	642	669	49	76	2.37e-04	52.8
NC_011593.1:2598858-2601929	NB551033:88:H5VWJBGX7:1:22212:17720:17231#0/1	100.000	28	0	0	642	669	82	55	2.37e-04	52.8
NC_011593.1:2598858-2601929	NB551033:88:H5VWJBGX7:1:21203:24070:7469#0/1	100.000	28	0	0	642	669	82	55	2.37e-04	52.8
# BLASTN 2.9.0+
# Query: NC_011593.1:c2604454-2602106 Bifidobacterium longum subsp. infantis ATCC 15697, complete genome
# Database: db/blast_C0621-1F-2A_S91.faa
# Fields: query acc.ver, subject acc.ver, % identity, alignment length, mismatches, gap opens, q. start, q. end, s. start, s. end, evalue, bit score
# 4 hits found
NC_011593.1:c2604454-2602106	NB551033:88:H5VWJBGX7:3:23605:20385:13039#0/2	95.918	49	2	0	1886	1934	50	2	8.37e-13	80.5
NC_011593.1:c2604454-2602106	NB551033:88:H5VWJBGX7:3:23605:20385:13039#0/1	95.918	49	2	0	1886	1934	1	49	8.37e-13	80.5
NC_011593.1:c2604454-2602106	NB551033:88:H5VWJBGX7:3:13509:11729:16599#0/2	97.143	35	1	0	1900	1934	1	35	1.09e-06	60.2
NC_011593.1:c2604454-2602106	NB551033:88:H5VWJBGX7:4:23505:8898:12134#0/2	97.059	34	1	0	1901	1934	1	34	3.92e-06	58.4
# BLASTN 2.9.0+
# Query: NC_011593.1:c2605922-2604486 Bifidobacterium longum subsp. infantis ATCC 15697, complete genome
# Database: db/blast_C0621-1F-2A_S91.faa
# 0 hits found
# BLASTN 2.9.0+
# Query: NC_011593.1:c2606381-2605944 Bifidobacterium longum subsp. infantis ATCC 15697, complete genome
# Database: db/blast_C0621-1F-2A_S91.faa
# 0 hits found
# BLASTN 2.9.0+
# Query: NC_011593.1:c2607314-2606418 Bifidobacterium longum subsp. infantis ATCC 15697, complete genome
# Database: db/blast_C0621-1F-2A_S91.faa
# Fields: query acc.ver, subject acc.ver, % identity, alignment length, mismatches, gap opens, q. start, q. end, s. start, s. end, evalue, bit score
# 4 hits found
NC_011593.1:c2607314-2606418	NB551033:88:H5VWJBGX7:3:12405:7325:11303#0/2	97.222	72	2	0	122	193	80	9	5.19e-26	122
NC_011593.1:c2607314-2606418	NB551033:88:H5VWJBGX7:3:12405:7325:11303#0/1	97.222	72	2	0	122	193	3	74	5.19e-26	122
NC_011593.1:c2607314-2606418	NB551033:88:H5VWJBGX7:3:11406:14060:5933#0/2	97.727	44	1	0	748	791	1	44	4.09e-12	76.8
NC_011593.1:c2607314-2606418	NB551033:88:H5VWJBGX7:3:11406:14060:5933#0/1	97.727	44	1	0	748	791	44	1	4.09e-12	76.8
# BLASTN 2.9.0+
# Query: NC_011593.1:c2608249-2607458 Bifidobacterium longum subsp. infantis ATCC 15697, complete genome
# Database: db/blast_C0621-1F-2A_S91.faa
# Fields: query acc.ver, subject acc.ver, % identity, alignment length, mismatches, gap opens, q. start, q. end, s. start, s. end, evalue, bit score
# 46 hits found
NC_011593.1:c2608249-2607458	NB551033:88:H5VWJBGX7:2:12105:26113:11749#0/2	96.000	150	6	0	315	464	1	150	9.33e-63	244
NC_011593.1:c2608249-2607458	NB551033:88:H5VWJBGX7:3:21610:14370:10598#0/1	96.000	150	6	0	318	467	150	1	9.33e-63	244
NC_011593.1:c2608249-2607458	NB551033:88:H5VWJBGX7:1:11212:11722:7233#0/2	95.973	149	6	0	319	467	149	1	3.35e-62	243
NC_011593.1:c2608249-2607458	NB551033:88:H5VWJBGX7:4:21408:2741:15391#0/2	95.918	147	6	0	321	467	1	147	4.34e-61	239
NC_011593.1:c2608249-2607458	NB551033:88:H5VWJBGX7:4:12607:2869:17661#0/2	95.333	150	7	0	342	491	151	2	4.34e-61	239
NC_011593.1:c2608249-2607458	NB551033:88:H5VWJBGX7:1:23304:7679:10983#0/2	95.333	150	7	0	335	484	2	151	4.34e-61	239
NC_011593.1:c2608249-2607458	NB551033:88:H5VWJBGX7:4:13601:23299:17318#0/1	95.333	150	7	0	342	491	151	2	4.34e-61	239
NC_011593.1:c2608249-2607458	NB551033:88:H5VWJBGX7:4:11401:1633:17874#0/1	95.333	150	7	0	335	484	2	151	4.34e-61	239
NC_011593.1:c2608249-2607458	NB551033:88:H5VWJBGX7:3:23404:24450:17908#0/1	95.918	147	6	0	321	467	1	147	4.34e-61	239
NC_011593.1:c2608249-2607458	NB551033:88:H5VWJBGX7:1:12209:13637:12792#0/1	95.333	150	7	0	342	491	151	2	4.34e-61	239
NC_011593.1:c2608249-2607458	NB551033:88:H5VWJBGX7:1:12206:16162:14016#0/1	95.333	150	7	0	335	484	2	151	4.34e-61	239
NC_011593.1:c2608249-2607458	NB551033:88:H5VWJBGX7:4:21408:25666:10567#0/2	95.302	149	7	0	343	491	151	3	1.56e-60	237
NC_011593.1:c2608249-2607458	NB551033:88:H5VWJBGX7:4:23403:8212:6967#0/1	95.302	149	7	0	343	491	150	2	1.56e-60	237
NC_011593.1:c2608249-2607458	NB551033:88:H5VWJBGX7:2:12309:19911:14043#0/1	95.302	149	7	0	310	458	2	150	1.56e-60	237
NC_011593.1:c2608249-2607458	NB551033:88:H5VWJBGX7:1:13310:1743:14153#0/1	95.302	149	7	0	343	491	150	2	1.56e-60	237
NC_011593.1:c2608249-2607458	NB551033:88:H5VWJBGX7:1:21102:3716:4440#0/2	95.270	148	7	0	339	486	1	148	5.61e-60	235
NC_011593.1:c2608249-2607458	NB551033:88:H5VWJBGX7:3:21407:21067:15546#0/2	95.238	147	7	0	335	481	4	150	2.02e-59	233
NC_011593.1:c2608249-2607458	NB551033:88:H5VWJBGX7:3:12403:12616:4684#0/1	95.238	147	7	0	335	481	4	150	2.02e-59	233
NC_011593.1:c2608249-2607458	NB551033:88:H5VWJBGX7:2:21112:20961:15115#0/1	95.205	146	7	0	335	480	5	150	7.26e-59	231
NC_011593.1:c2608249-2607458	NB551033:88:H5VWJBGX7:2:21305:24145:13810#0/2	96.241	133	5	0	335	467	133	1	5.65e-55	219
NC_011593.1:c2608249-2607458	NB551033:88:H5VWJBGX7:1:23105:7075:5445#0/2	95.522	134	6	0	358	491	3	136	7.31e-54	215
NC_011593.1:c2608249-2607458	NB551033:88:H5VWJBGX7:1:21301:25460:7712#0/1	95.726	117	5	0	335	451	117	1	4.43e-46	189
NC_011593.1:c2608249-2607458	NB551033:88:H5VWJBGX7:4:21608:12920:14888#0/2	96.154	104	4	0	347	450	1	104	1.61e-40	171
NC_011593.1:c2608249-2607458	NB551033:88:H5VWJBGX7:4:21608:12920:14888#0/1	96.154	104	4	0	347	450	104	1	1.61e-40	171
NC_011593.1:c2608249-2607458	NB551033:88:H5VWJBGX7:2:23209:7094:7907#0/2	96.078	102	4	0	335	436	102	1	2.08e-39	167
NC_011593.1:c2608249-2607458	NB551033:88:H5VWJBGX7:2:23209:7094:7907#0/1	96.078	102	4	0	335	436	4	105	2.08e-39	167
NC_011593.1:c2608249-2607458	NB551033:88:H5VWJBGX7:1:21201:16359:3903#0/2	96.040	101	4	0	351	451	101	1	7.47e-39	165
NC_011593.1:c2608249-2607458	NB551033:88:H5VWJBGX7:1:21201:16359:3903#0/1	96.040	101	4	0	351	451	1	101	7.47e-39	165
NC_011593.1:c2608249-2607458	NB551033:88:H5VWJBGX7:3:23501:5505:4821#0/2	96.000	100	4	0	352	451	1	100	2.69e-38	163
NC_011593.1:c2608249-2607458	NB551033:88:H5VWJBGX7:2:22310:19049:11286#0/2	95.960	99	4	0	353	451	1	99	9.66e-38	161
NC_011593.1:c2608249-2607458	NB551033:88:H5VWJBGX7:1:22108:15281:19115#0/2	95.960	99	4	0	353	451	1	99	9.66e-38	161
NC_011593.1:c2608249-2607458	NB551033:88:H5VWJBGX7:2:22310:19049:11286#0/1	95.960	99	4	0	353	451	99	1	9.66e-38	161
NC_011593.1:c2608249-2607458	NB551033:88:H5VWJBGX7:1:22108:15281:19115#0/1	95.960	99	4	0	353	451	99	1	9.66e-38	161
NC_011593.1:c2608249-2607458	NB551033:88:H5VWJBGX7:4:21411:14922:10650#0/2	95.745	94	4	0	398	491	95	2	5.81e-35	152
NC_011593.1:c2608249-2607458	NB551033:88:H5VWJBGX7:4:23404:24567:2625#0/2	96.429	84	3	0	358	441	3	86	4.53e-31	139
NC_011593.1:c2608249-2607458	NB551033:88:H5VWJBGX7:4:23404:24567:2625#0/1	96.429	84	3	0	358	441	84	1	4.53e-31	139
NC_011593.1:c2608249-2607458	NB551033:88:H5VWJBGX7:2:11105:16154:1709#0/1	95.238	84	4	0	709	792	148	65	2.11e-29	134
NC_011593.1:c2608249-2607458	NB551033:88:H5VWJBGX7:4:11609:22477:1969#0/2	95.122	82	4	0	711	792	1	82	2.72e-28	130
NC_011593.1:c2608249-2607458	NB551033:88:H5VWJBGX7:3:23407:5484:15987#0/1	95.122	82	4	0	711	792	1	82	2.72e-28	130
NC_011593.1:c2608249-2607458	NB551033:88:H5VWJBGX7:4:21605:13847:6771#0/2	96.154	78	3	0	715	792	2	79	9.80e-28	128
NC_011593.1:c2608249-2607458	NB551033:88:H5VWJBGX7:2:23112:13606:19647#0/2	97.333	75	2	0	371	445	75	1	9.80e-28	128
NC_011593.1:c2608249-2607458	NB551033:88:H5VWJBGX7:1:23309:12235:9239#0/2	96.154	78	3	0	715	792	1	78	9.80e-28	128
NC_011593.1:c2608249-2607458	NB551033:88:H5VWJBGX7:3:12606:21844:12016#0/1	96.154	78	3	0	715	792	1	78	9.80e-28	128
NC_011593.1:c2608249-2607458	NB551033:88:H5VWJBGX7:2:22111:7626:15765#0/1	95.946	74	3	0	719	792	1	74	1.64e-25	121
NC_011593.1:c2608249-2607458	NB551033:88:H5VWJBGX7:2:23207:1610:8133#0/1	95.890	73	3	0	720	792	148	76	5.90e-25	119
NC_011593.1:c2608249-2607458	NB551033:88:H5VWJBGX7:2:11311:22519:5018#0/1	95.890	73	3	0	720	792	148	76	5.90e-25	119
# BLASTN 2.9.0+
# Query: NC_011593.1:c2609546-2608269 Bifidobacterium longum subsp. infantis ATCC 15697, complete genome
# Database: db/blast_C0621-1F-2A_S91.faa
# Fields: query acc.ver, subject acc.ver, % identity, alignment length, mismatches, gap opens, q. start, q. end, s. start, s. end, evalue, bit score
# 195 hits found
NC_011593.1:c2609546-2608269	NB551033:88:H5VWJBGX7:4:21509:18065:3209#0/2	96.689	151	5	0	888	1038	1	151	9.02e-65	252
NC_011593.1:c2609546-2608269	NB551033:88:H5VWJBGX7:3:12404:25429:2986#0/2	96.689	151	5	0	888	1038	1	151	9.02e-65	252
NC_011593.1:c2609546-2608269	NB551033:88:H5VWJBGX7:2:21109:19508:17241#0/2	96.689	151	5	0	904	1054	1	151	9.02e-65	252
NC_011593.1:c2609546-2608269	NB551033:88:H5VWJBGX7:2:23309:25918:1806#0/1	96.689	151	5	0	904	1054	1	151	9.02e-65	252
NC_011593.1:c2609546-2608269	NB551033:88:H5VWJBGX7:1:22309:8668:4809#0/1	96.689	151	5	0	1119	1269	151	1	9.02e-65	252
NC_011593.1:c2609546-2608269	NB551033:88:H5VWJBGX7:1:22208:20726:4792#0/1	96.689	151	5	0	891	1041	151	1	9.02e-65	252
NC_011593.1:c2609546-2608269	NB551033:88:H5VWJBGX7:1:12309:17900:14448#0/1	96.689	151	5	0	903	1053	1	151	9.02e-65	252
NC_011593.1:c2609546-2608269	NB551033:88:H5VWJBGX7:4:13512:25706:13761#0/2	96.667	150	5	0	1123	1272	150	1	3.24e-64	250
NC_011593.1:c2609546-2608269	NB551033:88:H5VWJBGX7:3:13612:21087:11926#0/2	96.667	150	5	0	897	1046	150	1	3.24e-64	250
NC_011593.1:c2609546-2608269	NB551033:88:H5VWJBGX7:2:21204:23093:15435#0/2	96.667	150	5	0	1126	1275	150	1	3.24e-64	250
NC_011593.1:c2609546-2608269	NB551033:88:H5VWJBGX7:1:22205:5249:18452#0/2	96.667	150	5	0	895	1044	1	150	3.24e-64	250
NC_011593.1:c2609546-2608269	NB551033:88:H5VWJBGX7:4:23503:24177:10038#0/1	96.667	150	5	0	1117	1266	1	150	3.24e-64	250
NC_011593.1:c2609546-2608269	NB551033:88:H5VWJBGX7:4:13512:25706:13761#0/1	96.667	150	5	0	1123	1272	1	150	3.24e-64	250
NC_011593.1:c2609546-2608269	NB551033:88:H5VWJBGX7:3:22408:4750:5531#0/1	96.667	150	5	0	1117	1266	150	1	3.24e-64	250
NC_011593.1:c2609546-2608269	NB551033:88:H5VWJBGX7:3:13406:26813:6961#0/1	96.667	150	5	0	1126	1275	150	1	3.24e-64	250
NC_011593.1:c2609546-2608269	NB551033:88:H5VWJBGX7:1:13307:20991:13934#0/1	96.667	150	5	0	1126	1275	150	1	3.24e-64	250
NC_011593.1:c2609546-2608269	NB551033:88:H5VWJBGX7:3:21405:22663:6235#0/2	96.644	149	5	0	907	1055	150	2	1.17e-63	248
NC_011593.1:c2609546-2608269	NB551033:88:H5VWJBGX7:2:13208:14425:4092#0/2	96.644	149	5	0	880	1028	3	151	1.17e-63	248
NC_011593.1:c2609546-2608269	NB551033:88:H5VWJBGX7:1:13207:22805:13270#0/2	96.644	149	5	0	1130	1278	150	2	1.17e-63	248
NC_011593.1:c2609546-2608269	NB551033:88:H5VWJBGX7:1:13103:10849:14958#0/2	96.644	149	5	0	907	1055	150	2	1.17e-63	248
NC_011593.1:c2609546-2608269	NB551033:88:H5VWJBGX7:4:22509:18748:15407#0/1	96.644	149	5	0	904	1052	149	1	1.17e-63	248
NC_011593.1:c2609546-2608269	NB551033:88:H5VWJBGX7:3:21612:17990:2883#0/2	96.622	148	5	0	904	1051	148	1	4.20e-63	246
NC_011593.1:c2609546-2608269	NB551033:88:H5VWJBGX7:3:12609:6752:11899#0/2	96.026	151	6	0	1105	1255	1	151	4.20e-63	246
NC_011593.1:c2609546-2608269	NB551033:88:H5VWJBGX7:2:22304:19676:7590#0/2	96.026	151	6	0	1121	1271	1	151	4.20e-63	246
NC_011593.1:c2609546-2608269	NB551033:88:H5VWJBGX7:1:23102:1209:6727#0/2	96.026	151	6	0	880	1030	1	151	4.20e-63	246
NC_011593.1:c2609546-2608269	NB551033:88:H5VWJBGX7:2:23202:9535:6262#0/1	96.622	148	5	0	1131	1278	151	4	4.20e-63	246
NC_011593.1:c2609546-2608269	NB551033:88:H5VWJBGX7:2:21204:23093:15435#0/1	96.026	151	6	0	1112	1262	1	151	4.20e-63	246
NC_011593.1:c2609546-2608269	NB551033:88:H5VWJBGX7:1:11203:17904:5354#0/1	96.026	151	6	0	1110	1260	151	1	4.20e-63	246
NC_011593.1:c2609546-2608269	NB551033:88:H5VWJBGX7:4:12410:19595:7072#0/2	96.599	147	5	0	880	1026	147	1	1.51e-62	244
NC_011593.1:c2609546-2608269	NB551033:88:H5VWJBGX7:3:21510:10799:10575#0/2	96.000	150	6	0	1111	1260	150	1	1.51e-62	244
NC_011593.1:c2609546-2608269	NB551033:88:H5VWJBGX7:2:22107:20501:1395#0/2	96.000	150	6	0	1110	1259	150	1	1.51e-62	244
NC_011593.1:c2609546-2608269	NB551033:88:H5VWJBGX7:2:13111:16533:3617#0/1	96.599	147	5	0	909	1055	1	147	1.51e-62	244
NC_011593.1:c2609546-2608269	NB551033:88:H5VWJBGX7:1:11309:23691:9207#0/1	96.000	150	6	0	1112	1261	150	1	1.51e-62	244
NC_011593.1:c2609546-2608269	NB551033:88:H5VWJBGX7:4:21406:25992:9210#0/2	95.973	149	6	0	877	1025	3	151	5.43e-62	243
NC_011593.1:c2609546-2608269	NB551033:88:H5VWJBGX7:3:13503:11212:9595#0/1	96.575	146	5	0	880	1025	146	1	5.43e-62	243
NC_011593.1:c2609546-2608269	NB551033:88:H5VWJBGX7:2:12107:4374:18786#0/1	95.973	149	6	0	907	1055	150	2	5.43e-62	243
NC_011593.1:c2609546-2608269	NB551033:88:H5VWJBGX7:1:13103:10849:14958#0/1	95.973	149	6	0	877	1025	3	151	5.43e-62	243
NC_011593.1:c2609546-2608269	NB551033:88:H5VWJBGX7:4:22401:5418:17734#0/2	95.364	151	7	0	1090	1240	1	151	1.95e-61	241
NC_011593.1:c2609546-2608269	NB551033:88:H5VWJBGX7:4:21407:20140:11103#0/2	95.364	151	7	0	922	1072	151	1	1.95e-61	241
NC_011593.1:c2609546-2608269	NB551033:88:H5VWJBGX7:3:11504:9050:12234#0/2	95.364	151	7	0	1011	1161	1	151	1.95e-61	241
NC_011593.1:c2609546-2608269	NB551033:88:H5VWJBGX7:2:23309:10153:18603#0/2	95.364	151	7	0	920	1070	1	151	1.95e-61	241
NC_011593.1:c2609546-2608269	NB551033:88:H5VWJBGX7:2:21205:14021:11725#0/2	95.364	151	7	0	997	1147	1	151	1.95e-61	241
NC_011593.1:c2609546-2608269	NB551033:88:H5VWJBGX7:1:21208:14464:18530#0/2	95.364	151	7	0	1010	1160	151	1	1.95e-61	241
NC_011593.1:c2609546-2608269	NB551033:88:H5VWJBGX7:4:22403:22672:1712#0/1	95.364	151	7	0	1012	1162	151	1	1.95e-61	241
NC_011593.1:c2609546-2608269	NB551033:88:H5VWJBGX7:4:13606:17398:1220#0/1	95.364	151	7	0	920	1070	1	151	1.95e-61	241
NC_011593.1:c2609546-2608269	NB551033:88:H5VWJBGX7:3:21501:21646:8897#0/1	95.364	151	7	0	920	1070	1	151	1.95e-61	241
NC_011593.1:c2609546-2608269	NB551033:88:H5VWJBGX7:3:12409:4195:7991#0/1	95.364	151	7	0	920	1070	1	151	1.95e-61	241
NC_011593.1:c2609546-2608269	NB551033:88:H5VWJBGX7:1:23303:1758:5260#0/1	95.364	151	7	0	920	1070	1	151	1.95e-61	241
NC_011593.1:c2609546-2608269	NB551033:88:H5VWJBGX7:1:21312:9824:12543#0/1	96.552	145	5	0	1134	1278	150	6	1.95e-61	241
NC_011593.1:c2609546-2608269	NB551033:88:H5VWJBGX7:1:13206:19227:18726#0/1	96.552	145	5	0	911	1055	1	145	1.95e-61	241
NC_011593.1:c2609546-2608269	NB551033:88:H5VWJBGX7:4:21611:5768:11224#0/2	95.333	150	7	0	917	1066	150	1	7.02e-61	239
NC_011593.1:c2609546-2608269	NB551033:88:H5VWJBGX7:4:13411:5887:14819#0/2	95.333	150	7	0	917	1066	150	1	7.02e-61	239
NC_011593.1:c2609546-2608269	NB551033:88:H5VWJBGX7:4:11505:23559:18919#0/2	95.333	150	7	0	915	1064	1	150	7.02e-61	239
NC_011593.1:c2609546-2608269	NB551033:88:H5VWJBGX7:3:11412:5463:11175#0/2	95.333	150	7	0	917	1066	150	1	7.02e-61	239
NC_011593.1:c2609546-2608269	NB551033:88:H5VWJBGX7:2:21307:2765:17824#0/2	95.333	150	7	0	997	1146	150	1	7.02e-61	239
NC_011593.1:c2609546-2608269	NB551033:88:H5VWJBGX7:2:21112:5397:15025#0/2	95.333	150	7	0	917	1066	150	1	7.02e-61	239
NC_011593.1:c2609546-2608269	NB551033:88:H5VWJBGX7:2:21108:24619:18434#0/2	95.333	150	7	0	917	1066	150	1	7.02e-61	239
NC_011593.1:c2609546-2608269	NB551033:88:H5VWJBGX7:2:13111:14010:18033#0/2	95.333	150	7	0	917	1066	150	1	7.02e-61	239
NC_011593.1:c2609546-2608269	NB551033:88:H5VWJBGX7:1:23103:26748:6721#0/2	96.528	144	5	0	880	1023	1	144	7.02e-61	239
NC_011593.1:c2609546-2608269	NB551033:88:H5VWJBGX7:1:22206:19779:8571#0/2	95.333	150	7	0	1092	1241	150	1	7.02e-61	239
NC_011593.1:c2609546-2608269	NB551033:88:H5VWJBGX7:1:21312:9824:12543#0/2	95.333	150	7	0	928	1077	1	150	7.02e-61	239
NC_011593.1:c2609546-2608269	NB551033:88:H5VWJBGX7:1:21101:2491:19506#0/2	95.333	150	7	0	1093	1242	1	150	7.02e-61	239
NC_011593.1:c2609546-2608269	NB551033:88:H5VWJBGX7:1:12307:11775:17319#0/2	95.333	150	7	0	1093	1242	1	150	7.02e-61	239
NC_011593.1:c2609546-2608269	NB551033:88:H5VWJBGX7:1:11106:22187:11271#0/2	95.333	150	7	0	921	1070	1	150	7.02e-61	239
NC_011593.1:c2609546-2608269	NB551033:88:H5VWJBGX7:3:21611:6512:18665#0/1	95.333	150	7	0	917	1066	150	1	7.02e-61	239
NC_011593.1:c2609546-2608269	NB551033:88:H5VWJBGX7:3:21609:15808:4288#0/1	95.333	150	7	0	926	1075	1	150	7.02e-61	239
NC_011593.1:c2609546-2608269	NB551033:88:H5VWJBGX7:3:12604:22675:10496#0/1	95.333	150	7	0	917	1066	150	1	7.02e-61	239
NC_011593.1:c2609546-2608269	NB551033:88:H5VWJBGX7:2:22205:26313:6414#0/1	95.333	150	7	0	928	1077	150	1	7.02e-61	239
NC_011593.1:c2609546-2608269	NB551033:88:H5VWJBGX7:2:21106:15542:15877#0/1	95.333	150	7	0	921	1070	1	150	7.02e-61	239
NC_011593.1:c2609546-2608269	NB551033:88:H5VWJBGX7:2:13208:14425:4092#0/1	95.333	150	7	0	928	1077	150	1	7.02e-61	239
NC_011593.1:c2609546-2608269	NB551033:88:H5VWJBGX7:2:13204:24838:1910#0/1	95.333	150	7	0	917	1066	150	1	7.02e-61	239
NC_011593.1:c2609546-2608269	NB551033:88:H5VWJBGX7:2:11309:1428:13763#0/1	95.333	150	7	0	928	1077	1	150	7.02e-61	239
NC_011593.1:c2609546-2608269	NB551033:88:H5VWJBGX7:2:11101:18501:10612#0/1	95.333	150	7	0	1003	1152	1	150	7.02e-61	239
NC_011593.1:c2609546-2608269	NB551033:88:H5VWJBGX7:1:21208:14464:18530#0/1	95.333	150	7	0	1008	1157	1	150	7.02e-61	239
NC_011593.1:c2609546-2608269	NB551033:88:H5VWJBGX7:1:21103:16358:20310#0/1	95.333	150	7	0	1013	1162	150	1	7.02e-61	239
NC_011593.1:c2609546-2608269	NB551033:88:H5VWJBGX7:1:13312:22595:18109#0/1	95.333	150	7	0	917	1066	150	1	7.02e-61	239
NC_011593.1:c2609546-2608269	NB551033:88:H5VWJBGX7:3:23604:5978:2918#0/2	95.890	146	6	0	1060	1205	3	148	2.53e-60	237
NC_011593.1:c2609546-2608269	NB551033:88:H5VWJBGX7:3:21611:6512:18665#0/2	95.302	149	7	0	862	1010	2	150	2.53e-60	237
NC_011593.1:c2609546-2608269	NB551033:88:H5VWJBGX7:3:12409:4195:7991#0/2	95.302	149	7	0	928	1076	149	1	2.53e-60	237
NC_011593.1:c2609546-2608269	NB551033:88:H5VWJBGX7:2:11305:4254:12067#0/2	95.890	146	6	0	1060	1205	3	148	2.53e-60	237
NC_011593.1:c2609546-2608269	NB551033:88:H5VWJBGX7:1:23312:3717:6083#0/2	95.890	146	6	0	1060	1205	148	3	2.53e-60	237
NC_011593.1:c2609546-2608269	NB551033:88:H5VWJBGX7:1:13102:26367:2876#0/2	95.302	149	7	0	1094	1242	151	3	2.53e-60	237
NC_011593.1:c2609546-2608269	NB551033:88:H5VWJBGX7:4:23605:10465:8568#0/1	95.890	146	6	0	1060	1205	3	148	2.53e-60	237
NC_011593.1:c2609546-2608269	NB551033:88:H5VWJBGX7:4:23511:13455:15651#0/1	95.302	149	7	0	877	1025	3	151	2.53e-60	237
NC_011593.1:c2609546-2608269	NB551033:88:H5VWJBGX7:4:21508:17441:8984#0/1	95.302	149	7	0	1015	1163	150	2	2.53e-60	237
NC_011593.1:c2609546-2608269	NB551033:88:H5VWJBGX7:4:21402:2099:16320#0/1	95.890	146	6	0	1060	1205	3	148	2.53e-60	237
NC_011593.1:c2609546-2608269	NB551033:88:H5VWJBGX7:4:11612:16919:9214#0/1	95.890	146	6	0	1060	1205	3	148	2.53e-60	237
NC_011593.1:c2609546-2608269	NB551033:88:H5VWJBGX7:3:23604:5978:2918#0/1	95.890	146	6	0	1060	1205	146	1	2.53e-60	237
NC_011593.1:c2609546-2608269	NB551033:88:H5VWJBGX7:3:23509:13370:12498#0/1	95.890	146	6	0	1060	1205	3	148	2.53e-60	237
NC_011593.1:c2609546-2608269	NB551033:88:H5VWJBGX7:3:22405:9782:1759#0/1	95.890	146	6	0	1060	1205	3	148	2.53e-60	237
NC_011593.1:c2609546-2608269	NB551033:88:H5VWJBGX7:2:21308:20296:6762#0/1	95.890	146	6	0	1060	1205	3	148	2.53e-60	237
NC_011593.1:c2609546-2608269	NB551033:88:H5VWJBGX7:3:23509:13370:12498#0/2	95.270	148	7	0	1061	1208	150	3	9.08e-60	235
NC_011593.1:c2609546-2608269	NB551033:88:H5VWJBGX7:2:12106:21357:13962#0/2	95.270	148	7	0	929	1076	148	1	9.08e-60	235
NC_011593.1:c2609546-2608269	NB551033:88:H5VWJBGX7:1:23303:1758:5260#0/2	95.270	148	7	0	1090	1237	148	1	9.08e-60	235
NC_011593.1:c2609546-2608269	NB551033:88:H5VWJBGX7:1:11203:17904:5354#0/2	95.270	148	7	0	1095	1242	1	148	9.08e-60	235
NC_011593.1:c2609546-2608269	NB551033:88:H5VWJBGX7:4:23512:14716:8428#0/1	95.270	148	7	0	865	1012	148	1	9.08e-60	235
NC_011593.1:c2609546-2608269	NB551033:88:H5VWJBGX7:3:22605:9357:16224#0/1	95.270	148	7	0	862	1009	148	1	9.08e-60	235
NC_011593.1:c2609546-2608269	NB551033:88:H5VWJBGX7:3:13608:18048:15640#0/1	95.270	148	7	0	865	1012	148	1	9.08e-60	235
NC_011593.1:c2609546-2608269	NB551033:88:H5VWJBGX7:3:11511:5889:11282#0/1	95.270	148	7	0	865	1012	148	1	9.08e-60	235
NC_011593.1:c2609546-2608269	NB551033:88:H5VWJBGX7:2:13312:9397:16530#0/1	95.270	148	7	0	930	1077	1	148	9.08e-60	235
NC_011593.1:c2609546-2608269	NB551033:88:H5VWJBGX7:4:23408:18416:6488#0/2	96.454	141	5	0	1138	1278	1	141	3.27e-59	233
NC_011593.1:c2609546-2608269	NB551033:88:H5VWJBGX7:3:23407:3396:12688#0/2	95.238	147	7	0	1017	1163	1	147	3.27e-59	233
NC_011593.1:c2609546-2608269	NB551033:88:H5VWJBGX7:3:23406:22954:5744#0/2	95.833	144	6	0	1060	1203	144	1	3.27e-59	233
NC_011593.1:c2609546-2608269	NB551033:88:H5VWJBGX7:3:22606:10915:2014#0/2	95.238	147	7	0	919	1065	1	147	3.27e-59	233
NC_011593.1:c2609546-2608269	NB551033:88:H5VWJBGX7:3:21609:15808:4288#0/2	95.833	144	6	0	1060	1203	144	1	3.27e-59	233
NC_011593.1:c2609546-2608269	NB551033:88:H5VWJBGX7:3:12507:22686:8219#0/1	95.833	144	6	0	1062	1205	1	144	3.27e-59	233
NC_011593.1:c2609546-2608269	NB551033:88:H5VWJBGX7:2:11204:6904:17838#0/1	96.454	141	5	0	1138	1278	1	141	3.27e-59	233
NC_011593.1:c2609546-2608269	NB551033:88:H5VWJBGX7:1:21110:13716:2681#0/1	96.454	141	5	0	1138	1278	1	141	3.27e-59	233
NC_011593.1:c2609546-2608269	NB551033:88:H5VWJBGX7:1:12104:24201:2217#0/1	95.238	147	7	0	1017	1163	1	147	3.27e-59	233
NC_011593.1:c2609546-2608269	NB551033:88:H5VWJBGX7:4:11607:1541:13825#0/2	95.205	146	7	0	943	1088	1	146	1.17e-58	231
NC_011593.1:c2609546-2608269	NB551033:88:H5VWJBGX7:1:12311:23065:12885#0/2	96.429	140	5	0	916	1055	1	140	1.17e-58	231
NC_011593.1:c2609546-2608269	NB551033:88:H5VWJBGX7:1:12311:23065:12885#0/1	96.429	140	5	0	916	1055	141	2	1.17e-58	231
NC_011593.1:c2609546-2608269	NB551033:88:H5VWJBGX7:4:23605:10465:8568#0/2	95.172	145	7	0	1090	1234	145	1	4.23e-58	230
NC_011593.1:c2609546-2608269	NB551033:88:H5VWJBGX7:4:13610:12112:18679#0/2	95.172	145	7	0	997	1141	145	1	4.23e-58	230
NC_011593.1:c2609546-2608269	NB551033:88:H5VWJBGX7:3:13407:1369:6971#0/1	96.403	139	5	0	1137	1275	139	1	4.23e-58	230
NC_011593.1:c2609546-2608269	NB551033:88:H5VWJBGX7:2:13202:10054:16834#0/1	96.403	139	5	0	1140	1278	151	13	4.23e-58	230
NC_011593.1:c2609546-2608269	NB551033:88:H5VWJBGX7:3:22405:9782:1759#0/2	96.377	138	5	0	1141	1278	150	13	1.52e-57	228
NC_011593.1:c2609546-2608269	NB551033:88:H5VWJBGX7:4:13401:21783:3481#0/1	96.377	138	5	0	1141	1278	150	13	1.52e-57	228
NC_011593.1:c2609546-2608269	NB551033:88:H5VWJBGX7:2:21109:19508:17241#0/1	96.350	137	5	0	1142	1278	150	14	5.47e-57	226
NC_011593.1:c2609546-2608269	NB551033:88:H5VWJBGX7:2:23210:10030:13411#0/1	96.324	136	5	0	1140	1275	136	1	1.97e-56	224
NC_011593.1:c2609546-2608269	NB551033:88:H5VWJBGX7:4:22603:1678:13509#0/2	96.183	131	5	0	1148	1278	151	21	1.18e-53	215
NC_011593.1:c2609546-2608269	NB551033:88:H5VWJBGX7:1:12305:25195:16182#0/2	96.183	131	5	0	1148	1278	151	21	1.18e-53	215
NC_011593.1:c2609546-2608269	NB551033:88:H5VWJBGX7:3:11504:9050:12234#0/1	95.522	134	6	0	1060	1193	134	1	1.18e-53	215
NC_011593.1:c2609546-2608269	NB551033:88:H5VWJBGX7:2:21205:14021:11725#0/1	96.183	131	5	0	1148	1278	151	21	1.18e-53	215
NC_011593.1:c2609546-2608269	NB551033:88:H5VWJBGX7:3:23406:22954:5744#0/1	96.154	130	5	0	926	1055	1	130	4.26e-53	213
NC_011593.1:c2609546-2608269	NB551033:88:H5VWJBGX7:2:13107:15441:19738#0/1	96.154	130	5	0	1149	1278	150	21	4.26e-53	213
NC_011593.1:c2609546-2608269	NB551033:88:H5VWJBGX7:1:21206:14517:1612#0/2	95.455	132	6	0	1060	1191	132	1	1.53e-52	211
NC_011593.1:c2609546-2608269	NB551033:88:H5VWJBGX7:1:22205:5249:18452#0/1	95.455	132	6	0	1060	1191	132	1	1.53e-52	211
NC_011593.1:c2609546-2608269	NB551033:88:H5VWJBGX7:1:21206:14517:1612#0/1	95.455	132	6	0	1060	1191	3	134	1.53e-52	211
NC_011593.1:c2609546-2608269	NB551033:88:H5VWJBGX7:4:13412:3005:10225#0/2	96.094	128	5	0	1151	1278	150	23	5.51e-52	209
NC_011593.1:c2609546-2608269	NB551033:88:H5VWJBGX7:1:23104:23031:4262#0/2	96.094	128	5	0	928	1055	1	128	5.51e-52	209
NC_011593.1:c2609546-2608269	NB551033:88:H5VWJBGX7:1:23104:23031:4262#0/1	95.420	131	6	0	928	1058	133	3	5.51e-52	209
NC_011593.1:c2609546-2608269	NB551033:88:H5VWJBGX7:1:21112:22294:17326#0/1	96.094	128	5	0	1151	1278	150	23	5.51e-52	209
NC_011593.1:c2609546-2608269	NB551033:88:H5VWJBGX7:3:21501:21646:8897#0/2	96.063	127	5	0	1149	1275	127	1	1.98e-51	207
NC_011593.1:c2609546-2608269	NB551033:88:H5VWJBGX7:1:12206:3707:1350#0/1	95.385	130	6	0	1149	1278	150	21	1.98e-51	207
NC_011593.1:c2609546-2608269	NB551033:88:H5VWJBGX7:4:23607:23110:16270#0/2	96.032	126	5	0	1139	1264	1	126	7.12e-51	206
NC_011593.1:c2609546-2608269	NB551033:88:H5VWJBGX7:4:21402:2099:16320#0/2	96.032	126	5	0	1153	1278	151	26	7.12e-51	206
NC_011593.1:c2609546-2608269	NB551033:88:H5VWJBGX7:3:13407:1369:6971#0/2	96.032	126	5	0	1080	1205	1	126	7.12e-51	206
NC_011593.1:c2609546-2608269	NB551033:88:H5VWJBGX7:1:13305:1867:7023#0/2	96.032	126	5	0	1153	1278	151	26	7.12e-51	206
NC_011593.1:c2609546-2608269	NB551033:88:H5VWJBGX7:4:23607:23110:16270#0/1	96.032	126	5	0	1139	1264	126	1	7.12e-51	206
NC_011593.1:c2609546-2608269	NB551033:88:H5VWJBGX7:4:21509:18065:3209#0/1	96.000	125	5	0	1154	1278	151	27	2.56e-50	204
NC_011593.1:c2609546-2608269	NB551033:88:H5VWJBGX7:2:22311:7598:7925#0/1	96.000	125	5	0	1154	1278	1	125	2.56e-50	204
NC_011593.1:c2609546-2608269	NB551033:88:H5VWJBGX7:1:12108:16834:15255#0/2	95.935	123	5	0	1156	1278	1	123	3.31e-49	200
NC_011593.1:c2609546-2608269	NB551033:88:H5VWJBGX7:3:11501:11119:1548#0/2	95.902	122	5	0	1157	1278	1	122	1.19e-48	198
NC_011593.1:c2609546-2608269	NB551033:88:H5VWJBGX7:2:21308:2702:20270#0/1	95.200	125	6	0	679	803	1	125	1.19e-48	198
NC_011593.1:c2609546-2608269	NB551033:88:H5VWJBGX7:2:22202:2553:12377#0/2	95.868	121	5	0	921	1041	1	121	4.29e-48	196
NC_011593.1:c2609546-2608269	NB551033:88:H5VWJBGX7:2:23112:13606:19647#0/1	95.868	121	5	0	1158	1278	1	121	4.29e-48	196
NC_011593.1:c2609546-2608269	NB551033:88:H5VWJBGX7:2:22310:7152:11800#0/1	95.868	121	5	0	1158	1278	1	121	4.29e-48	196
NC_011593.1:c2609546-2608269	NB551033:88:H5VWJBGX7:2:21308:20296:6762#0/2	95.833	120	5	0	1159	1278	151	32	1.54e-47	195
NC_011593.1:c2609546-2608269	NB551033:88:H5VWJBGX7:2:13204:5914:8914#0/2	95.833	120	5	0	1159	1278	141	22	1.54e-47	195
NC_011593.1:c2609546-2608269	NB551033:88:H5VWJBGX7:1:12203:9299:15312#0/2	95.833	120	5	0	1159	1278	1	120	1.54e-47	195
NC_011593.1:c2609546-2608269	NB551033:88:H5VWJBGX7:4:11507:18094:13267#0/1	95.122	123	6	0	973	1095	123	1	1.54e-47	195
NC_011593.1:c2609546-2608269	NB551033:88:H5VWJBGX7:3:22501:21690:18935#0/1	95.833	120	5	0	1159	1278	151	32	1.54e-47	195
NC_011593.1:c2609546-2608269	NB551033:88:H5VWJBGX7:2:13204:5914:8914#0/1	95.833	120	5	0	1159	1278	1	120	1.54e-47	195
NC_011593.1:c2609546-2608269	NB551033:88:H5VWJBGX7:3:13405:10798:17180#0/2	95.798	119	5	0	1160	1278	151	33	5.54e-47	193
NC_011593.1:c2609546-2608269	NB551033:88:H5VWJBGX7:2:12301:25352:13877#0/2	95.798	119	5	0	847	965	1	119	5.54e-47	193
NC_011593.1:c2609546-2608269	NB551033:88:H5VWJBGX7:1:23103:26748:6721#0/1	95.798	119	5	0	1160	1278	151	33	5.54e-47	193
NC_011593.1:c2609546-2608269	NB551033:88:H5VWJBGX7:1:23102:1209:6727#0/1	95.798	119	5	0	1160	1278	151	33	5.54e-47	193
NC_011593.1:c2609546-2608269	NB551033:88:H5VWJBGX7:4:12404:15835:12077#0/2	95.763	118	5	0	1161	1278	138	21	1.99e-46	191
NC_011593.1:c2609546-2608269	NB551033:88:H5VWJBGX7:3:11511:14934:18933#0/2	95.763	118	5	0	1161	1278	1	118	1.99e-46	191
NC_011593.1:c2609546-2608269	NB551033:88:H5VWJBGX7:2:23103:21808:7670#0/2	95.763	118	5	0	1161	1278	151	34	1.99e-46	191
NC_011593.1:c2609546-2608269	NB551033:88:H5VWJBGX7:4:12404:15835:12077#0/1	95.763	118	5	0	1161	1278	1	118	1.99e-46	191
NC_011593.1:c2609546-2608269	NB551033:88:H5VWJBGX7:2:22202:2553:12377#0/1	95.041	121	6	0	921	1041	121	1	1.99e-46	191
NC_011593.1:c2609546-2608269	NB551033:88:H5VWJBGX7:4:13503:2661:5767#0/2	95.000	120	6	0	1159	1278	1	120	7.17e-46	189
NC_011593.1:c2609546-2608269	NB551033:88:H5VWJBGX7:1:22308:15443:18447#0/2	95.726	117	5	0	1162	1278	1	117	7.17e-46	189
NC_011593.1:c2609546-2608269	NB551033:88:H5VWJBGX7:1:21101:6862:17814#0/2	96.491	114	4	0	1165	1278	2	115	7.17e-46	189
NC_011593.1:c2609546-2608269	NB551033:88:H5VWJBGX7:1:11311:22198:12609#0/2	96.491	114	4	0	1165	1278	1	114	7.17e-46	189
NC_011593.1:c2609546-2608269	NB551033:88:H5VWJBGX7:4:13601:17098:12488#0/1	95.726	117	5	0	1162	1278	1	117	7.17e-46	189
NC_011593.1:c2609546-2608269	NB551033:88:H5VWJBGX7:3:21608:19669:15546#0/1	96.491	114	4	0	1165	1278	1	114	7.17e-46	189
NC_011593.1:c2609546-2608269	NB551033:88:H5VWJBGX7:1:21101:6862:17814#0/1	96.491	114	4	0	1165	1278	133	20	7.17e-46	189
NC_011593.1:c2609546-2608269	NB551033:88:H5VWJBGX7:1:11311:22198:12609#0/1	96.491	114	4	0	1165	1278	146	33	7.17e-46	189
NC_011593.1:c2609546-2608269	NB551033:88:H5VWJBGX7:3:11506:21835:18544#0/1	96.429	112	4	0	1167	1278	1	112	9.28e-45	185
NC_011593.1:c2609546-2608269	NB551033:88:H5VWJBGX7:2:13111:16533:3617#0/2	96.396	111	4	0	1168	1278	151	41	3.34e-44	183
NC_011593.1:c2609546-2608269	NB551033:88:H5VWJBGX7:1:12203:9299:15312#0/1	96.396	111	4	0	1168	1278	151	41	3.34e-44	183
NC_011593.1:c2609546-2608269	NB551033:88:H5VWJBGX7:3:13404:9455:11992#0/1	96.364	110	4	0	1169	1278	1	110	1.20e-43	182
NC_011593.1:c2609546-2608269	NB551033:88:H5VWJBGX7:2:22310:16415:16641#0/2	96.330	109	4	0	1170	1278	149	41	4.32e-43	180
NC_011593.1:c2609546-2608269	NB551033:88:H5VWJBGX7:4:21607:5005:8041#0/2	95.495	111	5	0	1159	1269	111	1	1.55e-42	178
NC_011593.1:c2609546-2608269	NB551033:88:H5VWJBGX7:4:21607:5005:8041#0/1	95.495	111	5	0	1159	1269	1	111	1.55e-42	178
NC_011593.1:c2609546-2608269	NB551033:88:H5VWJBGX7:2:12112:20838:16808#0/1	96.296	108	4	0	1171	1278	1	108	1.55e-42	178
NC_011593.1:c2609546-2608269	NB551033:88:H5VWJBGX7:2:12308:4602:12226#0/2	96.262	107	4	0	1169	1275	107	1	5.58e-42	176
NC_011593.1:c2609546-2608269	NB551033:88:H5VWJBGX7:2:12308:4602:12226#0/1	96.262	107	4	0	1169	1275	1	107	5.58e-42	176
NC_011593.1:c2609546-2608269	NB551033:88:H5VWJBGX7:4:11401:17370:3876#0/2	95.370	108	5	0	1161	1268	1	108	7.22e-41	172
NC_011593.1:c2609546-2608269	NB551033:88:H5VWJBGX7:2:21106:15542:15877#0/2	96.190	105	4	0	1174	1278	150	46	7.22e-41	172
NC_011593.1:c2609546-2608269	NB551033:88:H5VWJBGX7:2:13202:9965:16175#0/2	96.190	105	4	0	1138	1242	105	1	7.22e-41	172
NC_011593.1:c2609546-2608269	NB551033:88:H5VWJBGX7:2:13202:9965:16175#0/1	96.190	105	4	0	1138	1242	1	105	7.22e-41	172
NC_011593.1:c2609546-2608269	NB551033:88:H5VWJBGX7:4:22506:12833:4321#0/2	96.154	104	4	0	1175	1278	1	104	2.60e-40	171
NC_011593.1:c2609546-2608269	NB551033:88:H5VWJBGX7:4:11612:26398:14756#0/2	96.154	104	4	0	1095	1198	104	1	2.60e-40	171
NC_011593.1:c2609546-2608269	NB551033:88:H5VWJBGX7:4:11612:26398:14756#0/1	96.154	104	4	0	1095	1198	1	104	2.60e-40	171
NC_011593.1:c2609546-2608269	NB551033:88:H5VWJBGX7:1:21110:25140:6542#0/2	95.238	105	5	0	904	1008	105	1	3.36e-39	167
NC_011593.1:c2609546-2608269	NB551033:88:H5VWJBGX7:1:21110:25140:6542#0/1	95.238	105	5	0	904	1008	1	105	3.36e-39	167
NC_011593.1:c2609546-2608269	NB551033:88:H5VWJBGX7:2:12112:20838:16808#0/2	96.040	101	4	0	1178	1278	151	51	1.21e-38	165
NC_011593.1:c2609546-2608269	NB551033:88:H5VWJBGX7:1:13310:3123:1450#0/2	96.040	101	4	0	1178	1278	151	51	1.21e-38	165
NC_011593.1:c2609546-2608269	NB551033:88:H5VWJBGX7:2:11103:10928:5385#0/1	95.960	99	4	0	1180	1278	150	52	1.56e-37	161
NC_011593.1:c2609546-2608269	NB551033:88:H5VWJBGX7:4:12602:10077:2739#0/2	95.918	98	3	1	893	990	97	1	2.02e-36	158
NC_011593.1:c2609546-2608269	NB551033:88:H5VWJBGX7:4:12602:10077:2739#0/1	95.918	98	3	1	893	990	1	97	2.02e-36	158
# BLASTN 2.9.0+
# Query: NC_011593.1:c2610356-2609697 Bifidobacterium longum subsp. infantis ATCC 15697, complete genome
# Database: db/blast_C0621-1F-2A_S91.faa
# 0 hits found
# BLASTN 2.9.0+
# Query: NC_011593.1:c2611458-2610496 Bifidobacterium longum subsp. infantis ATCC 15697, complete genome
# Database: db/blast_C0621-1F-2A_S91.faa
# 0 hits found
# BLASTN 2.9.0+
# Query: NC_011593.1:c2612430-2611477 Bifidobacterium longum subsp. infantis ATCC 15697, complete genome
# Database: db/blast_C0621-1F-2A_S91.faa
# 0 hits found
# BLASTN 2.9.0+
# Query: NC_011593.1:c2614109-2612517 Bifidobacterium longum subsp. infantis ATCC 15697, complete genome
# Database: db/blast_C0621-1F-2A_S91.faa
# 0 hits found
# BLASTN 2.9.0+
# Query: NC_011593.1:c2615274-2614312 Bifidobacterium longum subsp. infantis ATCC 15697, complete genome
# Database: db/blast_C0621-1F-2A_S91.faa
# 0 hits found
# BLASTN 2.9.0+
# Query: NC_011593.1:c2616246-2615293 Bifidobacterium longum subsp. infantis ATCC 15697, complete genome
# Database: db/blast_C0621-1F-2A_S91.faa
# 0 hits found
# BLASTN 2.9.0+
# Query: NC_011593.1:c2617928-2616333 Bifidobacterium longum subsp. infantis ATCC 15697, complete genome
# Database: db/blast_C0621-1F-2A_S91.faa
# 0 hits found
# BLASTN 2.9.0+
# Query: NC_011593.1:c2619247-2618063 Bifidobacterium longum subsp. infantis ATCC 15697, complete genome
# Database: db/blast_C0621-1F-2A_S91.faa
# 0 hits found
# BLASTN 2.9.0+
# Query: NC_011593.1:c2620369-2619413 Bifidobacterium longum subsp. infantis ATCC 15697, complete genome
# Database: db/blast_C0621-1F-2A_S91.faa
# 0 hits found
# BLASTN 2.9.0+
# Query: NC_011593.1:c2622143-2620551 Bifidobacterium longum subsp. infantis ATCC 15697, complete genome
# Database: db/blast_C0621-1F-2A_S91.faa
# 0 hits found
# BLASTN 2.9.0+
# Query: NC_011593.1:c2624124-2622520 Bifidobacterium longum subsp. infantis ATCC 15697, complete genome
# Database: db/blast_C0621-1F-2A_S91.faa
# 0 hits found
# BLASTN 2.9.0+
# Query: NC_011593.1:c2626110-2624512 Bifidobacterium longum subsp. infantis ATCC 15697, complete genome
# Database: db/blast_C0621-1F-2A_S91.faa
# 0 hits found
# BLASTN 2.9.0+
# Query: NC_011593.1:c2626386-2626264 Bifidobacterium longum subsp. infantis ATCC 15697, complete genome
# Database: db/blast_C0621-1F-2A_S91.faa
# 0 hits found
# BLASTN 2.9.0+
# Query: NC_011593.1:c2628158-2626563 Bifidobacterium longum subsp. infantis ATCC 15697, complete genome
# Database: db/blast_C0621-1F-2A_S91.faa
# 0 hits found
# BLASTN 2.9.0+
# Query: NC_011593.1:c2630269-2628314 Bifidobacterium longum subsp. infantis ATCC 15697, complete genome
# Database: db/blast_C0621-1F-2A_S91.faa
# 0 hits found
# BLASTN 2.9.0+
# Query: NC_011593.1:c2631106-2630366 Bifidobacterium longum subsp. infantis ATCC 15697, complete genome
# Database: db/blast_C0621-1F-2A_S91.faa
# 0 hits found
# BLASTN 2.9.0+
# Query: NC_011593.1:c2632432-2631140 Bifidobacterium longum subsp. infantis ATCC 15697, complete genome
# Database: db/blast_C0621-1F-2A_S91.faa
# 0 hits found
# BLASTN 2.9.0+
# Query: NC_011593.1:c2633881-2632562 Bifidobacterium longum subsp. infantis ATCC 15697, complete genome
# Database: db/blast_C0621-1F-2A_S91.faa
# 0 hits found
# BLASTN 2.9.0+
# Query: NC_011593.1:c2634683-2633865 Bifidobacterium longum subsp. infantis ATCC 15697, complete genome
# Database: db/blast_C0621-1F-2A_S91.faa
# 0 hits found
# BLASTN 2.9.0+
# Query: NC_011593.1:c2635627-2634680 Bifidobacterium longum subsp. infantis ATCC 15697, complete genome
# Database: db/blast_C0621-1F-2A_S91.faa
# 0 hits found
# BLASTN 2.9.0+
# Query: NC_011593.1:c2636747-2635629 Bifidobacterium longum subsp. infantis ATCC 15697, complete genome
# Database: db/blast_C0621-1F-2A_S91.faa
# 0 hits found
# BLAST processed 31 queries
