# BLASTN 2.9.0+
# Query: NC_011593.1:c2595355-2593832 Bifidobacterium longum subsp. infantis ATCC 15697, complete genome
# Database: db/blast_C0621-1E-1A_S93.faa
# 0 hits found
# BLASTN 2.9.0+
# Query: NC_011593.1:c2597106-2595574 Bifidobacterium longum subsp. infantis ATCC 15697, complete genome
# Database: db/blast_C0621-1E-1A_S93.faa
# 0 hits found
# BLASTN 2.9.0+
# Query: NC_011593.1:c2598562-2597207 Bifidobacterium longum subsp. infantis ATCC 15697, complete genome
# Database: db/blast_C0621-1E-1A_S93.faa
# Fields: query acc.ver, subject acc.ver, % identity, alignment length, mismatches, gap opens, q. start, q. end, s. start, s. end, evalue, bit score
# 128 hits found
NC_011593.1:c2598562-2597207	NB551033:91:H5W5HBGX7:3:21604:25922:16476#0/1	98.013	151	3	0	960	1110	1	151	1.60e-68	263
NC_011593.1:c2598562-2597207	NB551033:91:H5W5HBGX7:2:11111:24610:18018#0/1	98.013	151	3	0	946	1096	1	151	1.60e-68	263
NC_011593.1:c2598562-2597207	NB551033:91:H5W5HBGX7:4:21502:24190:15730#0/1	97.987	149	3	0	915	1063	1	149	2.07e-67	259
NC_011593.1:c2598562-2597207	NB551033:91:H5W5HBGX7:2:23210:21616:3401#0/2	97.351	151	4	0	908	1058	1	151	7.43e-67	257
NC_011593.1:c2598562-2597207	NB551033:91:H5W5HBGX7:1:11312:11809:10517#0/2	97.351	151	4	0	884	1034	1	151	7.43e-67	257
NC_011593.1:c2598562-2597207	NB551033:91:H5W5HBGX7:4:13503:14731:1742#0/1	97.351	151	4	0	967	1117	1	151	7.43e-67	257
NC_011593.1:c2598562-2597207	NB551033:91:H5W5HBGX7:2:13208:10271:4192#0/1	97.351	151	4	0	908	1058	1	151	7.43e-67	257
NC_011593.1:c2598562-2597207	NB551033:91:H5W5HBGX7:2:11109:4212:20084#0/2	97.333	150	4	0	903	1052	1	150	2.67e-66	255
NC_011593.1:c2598562-2597207	NB551033:91:H5W5HBGX7:1:11312:11809:10517#0/1	97.333	150	4	0	888	1037	150	1	2.67e-66	255
NC_011593.1:c2598562-2597207	NB551033:91:H5W5HBGX7:1:21302:15912:2505#0/1	97.315	149	4	0	906	1054	1	149	9.61e-66	254
NC_011593.1:c2598562-2597207	NB551033:91:H5W5HBGX7:1:21207:7515:11502#0/1	97.315	149	4	0	870	1018	149	1	9.61e-66	254
NC_011593.1:c2598562-2597207	NB551033:91:H5W5HBGX7:4:13503:14731:1742#0/2	96.667	150	5	0	1042	1191	150	1	1.24e-64	250
NC_011593.1:c2598562-2597207	NB551033:91:H5W5HBGX7:4:12409:1608:3973#0/2	97.279	147	4	0	810	956	1	147	1.24e-64	250
NC_011593.1:c2598562-2597207	NB551033:91:H5W5HBGX7:4:11606:8793:4965#0/2	96.667	150	5	0	894	1043	150	1	1.24e-64	250
NC_011593.1:c2598562-2597207	NB551033:91:H5W5HBGX7:3:22512:20980:18881#0/2	96.667	150	5	0	463	612	1	150	1.24e-64	250
NC_011593.1:c2598562-2597207	NB551033:91:H5W5HBGX7:2:23307:18866:5184#0/2	97.279	147	4	0	871	1017	1	147	1.24e-64	250
NC_011593.1:c2598562-2597207	NB551033:91:H5W5HBGX7:2:22309:5961:10195#0/2	96.667	150	5	0	989	1138	1	150	1.24e-64	250
NC_011593.1:c2598562-2597207	NB551033:91:H5W5HBGX7:4:23511:8510:15277#0/1	96.667	150	5	0	888	1037	150	1	1.24e-64	250
NC_011593.1:c2598562-2597207	NB551033:91:H5W5HBGX7:4:11606:8793:4965#0/1	96.667	150	5	0	894	1043	1	150	1.24e-64	250
NC_011593.1:c2598562-2597207	NB551033:91:H5W5HBGX7:3:23412:9306:15572#0/1	96.667	150	5	0	1051	1200	1	150	1.24e-64	250
NC_011593.1:c2598562-2597207	NB551033:91:H5W5HBGX7:3:22602:23747:2501#0/1	96.667	150	5	0	895	1044	150	1	1.24e-64	250
NC_011593.1:c2598562-2597207	NB551033:91:H5W5HBGX7:2:23307:18866:5184#0/1	97.279	147	4	0	871	1017	147	1	1.24e-64	250
NC_011593.1:c2598562-2597207	NB551033:91:H5W5HBGX7:1:22212:15660:18221#0/1	96.667	150	5	0	819	968	150	1	1.24e-64	250
NC_011593.1:c2598562-2597207	NB551033:91:H5W5HBGX7:3:22602:23747:2501#0/2	96.644	149	5	0	820	968	1	149	4.47e-64	248
NC_011593.1:c2598562-2597207	NB551033:91:H5W5HBGX7:4:12409:1608:3973#0/1	96.644	149	5	0	820	968	149	1	4.47e-64	248
NC_011593.1:c2598562-2597207	NB551033:91:H5W5HBGX7:4:21502:24190:15730#0/2	96.026	151	6	0	994	1144	151	1	1.61e-63	246
NC_011593.1:c2598562-2597207	NB551033:91:H5W5HBGX7:3:21604:25922:16476#0/2	96.026	151	6	0	994	1144	151	1	1.61e-63	246
NC_011593.1:c2598562-2597207	NB551033:91:H5W5HBGX7:1:21302:15912:2505#0/2	96.026	151	6	0	986	1136	151	1	1.61e-63	246
NC_011593.1:c2598562-2597207	NB551033:91:H5W5HBGX7:3:22602:12128:2620#0/1	96.026	151	6	0	855	1005	151	1	1.61e-63	246
NC_011593.1:c2598562-2597207	NB551033:91:H5W5HBGX7:2:22309:5961:10195#0/1	96.026	151	6	0	1099	1249	151	1	1.61e-63	246
NC_011593.1:c2598562-2597207	NB551033:91:H5W5HBGX7:2:12203:26218:2549#0/1	96.026	151	6	0	452	602	1	151	1.61e-63	246
NC_011593.1:c2598562-2597207	NB551033:91:H5W5HBGX7:2:12111:15044:14271#0/1	97.241	145	4	0	808	952	145	1	1.61e-63	246
NC_011593.1:c2598562-2597207	NB551033:91:H5W5HBGX7:2:11109:4212:20084#0/1	96.026	151	6	0	1061	1211	151	1	1.61e-63	246
NC_011593.1:c2598562-2597207	NB551033:91:H5W5HBGX7:3:23412:9306:15572#0/2	96.000	150	6	0	1074	1223	150	1	5.78e-63	244
NC_011593.1:c2598562-2597207	NB551033:91:H5W5HBGX7:2:13208:10271:4192#0/2	96.000	150	6	0	997	1146	150	1	5.78e-63	244
NC_011593.1:c2598562-2597207	NB551033:91:H5W5HBGX7:1:23304:23123:9857#0/2	97.222	144	4	0	894	1037	1	144	5.78e-63	244
NC_011593.1:c2598562-2597207	NB551033:91:H5W5HBGX7:3:23411:8636:8307#0/1	96.000	150	6	0	1072	1221	1	150	5.78e-63	244
NC_011593.1:c2598562-2597207	NB551033:91:H5W5HBGX7:1:23304:23123:9857#0/1	96.599	147	5	0	894	1040	147	1	5.78e-63	244
NC_011593.1:c2598562-2597207	NB551033:91:H5W5HBGX7:1:21207:7515:11502#0/2	95.973	149	6	0	843	991	1	149	2.08e-62	243
NC_011593.1:c2598562-2597207	NB551033:91:H5W5HBGX7:2:21206:15820:13824#0/2	95.946	148	6	0	896	1043	148	1	7.48e-62	241
NC_011593.1:c2598562-2597207	NB551033:91:H5W5HBGX7:4:22412:25042:19808#0/1	97.183	142	4	0	808	949	9	150	7.48e-62	241
NC_011593.1:c2598562-2597207	NB551033:91:H5W5HBGX7:2:23210:21616:3401#0/1	95.364	151	7	0	1078	1228	151	1	7.48e-62	241
NC_011593.1:c2598562-2597207	NB551033:91:H5W5HBGX7:2:13206:5306:11187#0/1	95.364	151	7	0	1132	1282	151	1	7.48e-62	241
NC_011593.1:c2598562-2597207	NB551033:91:H5W5HBGX7:2:13206:5306:11187#0/2	95.918	147	6	0	1108	1254	1	147	2.69e-61	239
NC_011593.1:c2598562-2597207	NB551033:91:H5W5HBGX7:2:22310:4317:2582#0/1	95.333	150	7	0	1086	1235	1	150	2.69e-61	239
NC_011593.1:c2598562-2597207	NB551033:91:H5W5HBGX7:1:23310:19897:13697#0/1	96.528	144	5	0	909	1052	1	144	2.69e-61	239
NC_011593.1:c2598562-2597207	NB551033:91:H5W5HBGX7:1:23301:12795:3790#0/2	97.810	137	3	0	920	1056	1	137	9.68e-61	237
NC_011593.1:c2598562-2597207	NB551033:91:H5W5HBGX7:1:23301:12795:3790#0/1	97.810	137	3	0	920	1056	137	1	9.68e-61	237
NC_011593.1:c2598562-2597207	NB551033:91:H5W5HBGX7:4:22412:25042:19808#0/2	97.122	139	4	0	811	949	139	1	3.48e-60	235
NC_011593.1:c2598562-2597207	NB551033:91:H5W5HBGX7:1:23310:19897:13697#0/2	97.794	136	3	0	917	1052	136	1	3.48e-60	235
NC_011593.1:c2598562-2597207	NB551033:91:H5W5HBGX7:1:12308:18559:17091#0/2	97.059	136	4	0	883	1018	136	1	1.62e-58	230
NC_011593.1:c2598562-2597207	NB551033:91:H5W5HBGX7:1:12308:18559:17091#0/1	97.059	136	4	0	883	1018	1	136	1.62e-58	230
NC_011593.1:c2598562-2597207	NB551033:91:H5W5HBGX7:3:23412:8451:3762#0/1	97.037	135	4	0	908	1042	1	135	5.82e-58	228
NC_011593.1:c2598562-2597207	NB551033:91:H5W5HBGX7:2:13205:12372:19204#0/1	97.037	135	4	0	954	1088	1	135	5.82e-58	228
NC_011593.1:c2598562-2597207	NB551033:91:H5W5HBGX7:3:23412:8451:3762#0/2	97.015	134	4	0	909	1042	134	1	2.09e-57	226
NC_011593.1:c2598562-2597207	NB551033:91:H5W5HBGX7:1:13301:17743:15572#0/2	97.692	130	3	0	946	1075	1	130	7.53e-57	224
NC_011593.1:c2598562-2597207	NB551033:91:H5W5HBGX7:2:11202:2822:11235#0/1	96.324	136	5	0	974	1109	136	1	7.53e-57	224
NC_011593.1:c2598562-2597207	NB551033:91:H5W5HBGX7:4:22409:20566:2636#0/2	96.296	135	5	0	429	563	15	149	2.71e-56	222
NC_011593.1:c2598562-2597207	NB551033:91:H5W5HBGX7:4:21609:14896:12831#0/2	98.387	124	2	0	960	1083	124	1	3.51e-55	219
NC_011593.1:c2598562-2597207	NB551033:91:H5W5HBGX7:2:12111:15044:14271#0/2	96.923	130	4	0	808	937	21	150	3.51e-55	219
NC_011593.1:c2598562-2597207	NB551033:91:H5W5HBGX7:4:21609:14896:12831#0/1	98.387	124	2	0	960	1083	1	124	3.51e-55	219
NC_011593.1:c2598562-2597207	NB551033:91:H5W5HBGX7:2:22310:9832:12413#0/2	97.500	120	3	0	870	989	2	121	2.73e-51	206
NC_011593.1:c2598562-2597207	NB551033:91:H5W5HBGX7:2:22310:9832:12413#0/1	97.500	120	3	0	870	989	120	1	2.73e-51	206
NC_011593.1:c2598562-2597207	NB551033:91:H5W5HBGX7:2:22309:25240:10304#0/2	95.935	123	5	0	1118	1240	1	123	1.27e-49	200
NC_011593.1:c2598562-2597207	NB551033:91:H5W5HBGX7:4:23409:25070:1531#0/2	96.610	118	4	0	811	928	1	118	1.64e-48	196
NC_011593.1:c2598562-2597207	NB551033:91:H5W5HBGX7:4:23409:25070:1531#0/1	96.552	116	4	0	813	928	116	1	2.12e-47	193
NC_011593.1:c2598562-2597207	NB551033:91:H5W5HBGX7:4:22401:25150:4986#0/2	96.491	114	4	0	894	1007	1	114	2.75e-46	189
NC_011593.1:c2598562-2597207	NB551033:91:H5W5HBGX7:4:22409:20566:2636#0/1	96.491	114	4	0	459	572	114	1	2.75e-46	189
NC_011593.1:c2598562-2597207	NB551033:91:H5W5HBGX7:4:11507:5799:12799#0/2	97.273	110	3	0	908	1017	110	1	9.88e-46	187
NC_011593.1:c2598562-2597207	NB551033:91:H5W5HBGX7:2:11305:6374:8432#0/2	95.690	116	5	0	429	544	36	151	9.88e-46	187
NC_011593.1:c2598562-2597207	NB551033:91:H5W5HBGX7:4:11507:5799:12799#0/1	97.273	110	3	0	908	1017	1	110	9.88e-46	187
NC_011593.1:c2598562-2597207	NB551033:91:H5W5HBGX7:4:12512:10667:2446#0/2	97.248	109	3	0	429	537	4	112	3.55e-45	185
NC_011593.1:c2598562-2597207	NB551033:91:H5W5HBGX7:2:13311:25127:17414#0/2	95.652	115	5	0	1169	1283	1	115	3.55e-45	185
NC_011593.1:c2598562-2597207	NB551033:91:H5W5HBGX7:3:22509:13984:19314#0/1	97.248	109	3	0	429	537	7	115	3.55e-45	185
NC_011593.1:c2598562-2597207	NB551033:91:H5W5HBGX7:2:13311:25127:17414#0/1	95.652	115	5	0	1169	1283	116	2	3.55e-45	185
NC_011593.1:c2598562-2597207	NB551033:91:H5W5HBGX7:1:11106:3336:1399#0/2	96.396	111	4	0	813	923	111	1	1.28e-44	183
NC_011593.1:c2598562-2597207	NB551033:91:H5W5HBGX7:1:23306:5628:8241#0/1	95.614	114	5	0	469	582	116	3	1.28e-44	183
NC_011593.1:c2598562-2597207	NB551033:91:H5W5HBGX7:4:12512:10667:2446#0/1	96.330	109	4	0	429	537	110	2	1.65e-43	180
NC_011593.1:c2598562-2597207	NB551033:91:H5W5HBGX7:3:23403:10897:18498#0/1	98.058	103	2	0	935	1037	103	1	1.65e-43	180
NC_011593.1:c2598562-2597207	NB551033:91:H5W5HBGX7:2:12211:12213:14782#0/2	96.296	108	4	0	808	915	108	1	5.95e-43	178
NC_011593.1:c2598562-2597207	NB551033:91:H5W5HBGX7:1:13107:15103:8937#0/2	98.020	101	2	0	985	1085	101	1	2.14e-42	176
NC_011593.1:c2598562-2597207	NB551033:91:H5W5HBGX7:1:13107:15103:8937#0/1	98.020	101	2	0	985	1085	1	101	2.14e-42	176
NC_011593.1:c2598562-2597207	NB551033:91:H5W5HBGX7:1:13305:8113:5179#0/2	96.226	106	4	0	1039	1144	106	1	7.70e-42	174
NC_011593.1:c2598562-2597207	NB551033:91:H5W5HBGX7:1:13305:8113:5179#0/1	96.226	106	4	0	1039	1144	1	106	7.70e-42	174
NC_011593.1:c2598562-2597207	NB551033:91:H5W5HBGX7:2:12105:5557:16573#0/1	97.959	98	2	0	429	526	54	151	9.95e-41	171
NC_011593.1:c2598562-2597207	NB551033:91:H5W5HBGX7:2:21104:6602:16465#0/1	96.970	99	3	0	808	906	99	1	1.29e-39	167
NC_011593.1:c2598562-2597207	NB551033:91:H5W5HBGX7:3:21502:21060:12555#0/2	96.040	101	4	0	1028	1128	101	1	4.63e-39	165
NC_011593.1:c2598562-2597207	NB551033:91:H5W5HBGX7:3:21502:21060:12555#0/1	96.040	101	4	0	1028	1128	1	101	4.63e-39	165
NC_011593.1:c2598562-2597207	NB551033:91:H5W5HBGX7:1:22209:4635:4179#0/2	95.146	103	5	0	1094	1196	103	1	1.67e-38	163
NC_011593.1:c2598562-2597207	NB551033:91:H5W5HBGX7:1:22209:4635:4179#0/1	95.146	103	5	0	1094	1196	1	103	1.67e-38	163
NC_011593.1:c2598562-2597207	NB551033:91:H5W5HBGX7:2:11207:11434:4692#0/2	96.875	96	3	0	1040	1135	1	96	5.99e-38	161
NC_011593.1:c2598562-2597207	NB551033:91:H5W5HBGX7:2:23308:7772:14936#0/2	97.826	92	2	0	808	899	92	1	2.15e-37	159
NC_011593.1:c2598562-2597207	NB551033:91:H5W5HBGX7:3:23403:10897:18498#0/2	98.864	88	1	0	542	629	1	88	7.75e-37	158
NC_011593.1:c2598562-2597207	NB551033:91:H5W5HBGX7:2:11312:10660:11950#0/2	97.753	89	2	0	429	517	89	1	1.00e-35	154
NC_011593.1:c2598562-2597207	NB551033:91:H5W5HBGX7:2:11312:10660:11950#0/1	97.753	89	2	0	429	517	36	124	1.00e-35	154
NC_011593.1:c2598562-2597207	NB551033:91:H5W5HBGX7:4:11405:3836:20103#0/2	96.703	91	3	0	873	963	91	1	3.61e-35	152
NC_011593.1:c2598562-2597207	NB551033:91:H5W5HBGX7:4:11405:3836:20103#0/1	96.703	91	3	0	873	963	1	91	3.61e-35	152
NC_011593.1:c2598562-2597207	NB551033:91:H5W5HBGX7:3:13504:16467:7980#0/1	96.667	90	3	0	444	533	90	1	1.30e-34	150
NC_011593.1:c2598562-2597207	NB551033:91:H5W5HBGX7:2:13102:3257:10015#0/2	95.652	92	4	0	496	587	92	1	4.66e-34	148
NC_011593.1:c2598562-2597207	NB551033:91:H5W5HBGX7:1:22106:10655:6973#0/2	96.552	87	3	0	820	906	87	1	6.03e-33	145
NC_011593.1:c2598562-2597207	NB551033:91:H5W5HBGX7:1:22106:10655:6973#0/1	96.552	87	3	0	820	906	1	87	6.03e-33	145
NC_011593.1:c2598562-2597207	NB551033:91:H5W5HBGX7:4:22604:26021:6848#0/2	96.471	85	3	0	1118	1202	86	2	7.80e-32	141
NC_011593.1:c2598562-2597207	NB551033:91:H5W5HBGX7:3:11510:16394:5668#0/2	97.561	82	2	0	429	510	44	125	7.80e-32	141
NC_011593.1:c2598562-2597207	NB551033:91:H5W5HBGX7:1:11108:13212:16896#0/2	96.471	85	3	0	885	969	85	1	7.80e-32	141
NC_011593.1:c2598562-2597207	NB551033:91:H5W5HBGX7:4:22604:26021:6848#0/1	96.471	85	3	0	1118	1202	1	85	7.80e-32	141
NC_011593.1:c2598562-2597207	NB551033:91:H5W5HBGX7:3:11510:16394:5668#0/1	97.561	82	2	0	429	510	82	1	7.80e-32	141
NC_011593.1:c2598562-2597207	NB551033:91:H5W5HBGX7:2:11207:11434:4692#0/1	96.471	85	3	0	1052	1136	85	1	7.80e-32	141
NC_011593.1:c2598562-2597207	NB551033:91:H5W5HBGX7:3:22412:1376:20228#0/2	96.429	84	3	0	485	568	84	1	2.81e-31	139
NC_011593.1:c2598562-2597207	NB551033:91:H5W5HBGX7:2:21103:17561:15558#0/2	96.429	84	3	0	885	968	84	1	2.81e-31	139
NC_011593.1:c2598562-2597207	NB551033:91:H5W5HBGX7:3:22412:1376:20228#0/1	96.429	84	3	0	485	568	1	84	2.81e-31	139
NC_011593.1:c2598562-2597207	NB551033:91:H5W5HBGX7:3:22411:26841:20236#0/1	96.429	84	3	0	485	568	1	84	2.81e-31	139
NC_011593.1:c2598562-2597207	NB551033:91:H5W5HBGX7:2:21103:17561:15558#0/1	96.429	84	3	0	885	968	1	84	2.81e-31	139
NC_011593.1:c2598562-2597207	NB551033:91:H5W5HBGX7:1:11108:13212:16896#0/1	96.429	84	3	0	885	968	1	84	2.81e-31	139
NC_011593.1:c2598562-2597207	NB551033:91:H5W5HBGX7:3:22509:13984:19314#0/2	97.468	79	2	0	459	537	84	6	3.63e-30	135
NC_011593.1:c2598562-2597207	NB551033:91:H5W5HBGX7:3:22411:26841:20236#0/2	95.238	84	4	0	485	568	84	1	1.31e-29	134
NC_011593.1:c2598562-2597207	NB551033:91:H5W5HBGX7:2:23308:26212:2473#0/2	96.203	79	3	0	355	433	3	81	1.69e-28	130
NC_011593.1:c2598562-2597207	NB551033:91:H5W5HBGX7:2:22207:21365:10280#0/2	95.122	82	4	0	352	433	1	82	1.69e-28	130
NC_011593.1:c2598562-2597207	NB551033:91:H5W5HBGX7:2:22207:21365:10280#0/1	96.203	79	3	0	355	433	80	2	1.69e-28	130
NC_011593.1:c2598562-2597207	NB551033:91:H5W5HBGX7:2:11305:6374:8432#0/1	96.203	79	3	0	485	563	79	1	1.69e-28	130
NC_011593.1:c2598562-2597207	NB551033:91:H5W5HBGX7:2:12309:16481:6691#0/2	96.104	77	3	0	357	433	1	77	2.19e-27	126
NC_011593.1:c2598562-2597207	NB551033:91:H5W5HBGX7:2:12309:16481:6691#0/1	96.053	76	3	0	358	433	79	4	7.86e-27	124
NC_011593.1:c2598562-2597207	NB551033:91:H5W5HBGX7:2:22204:16083:12308#0/2	96.000	75	3	0	1259	1333	8	82	2.83e-26	122
NC_011593.1:c2598562-2597207	NB551033:91:H5W5HBGX7:3:13507:9882:15650#0/1	95.890	73	3	0	1261	1333	1	73	3.66e-25	119
NC_011593.1:c2598562-2597207	NB551033:91:H5W5HBGX7:2:12309:26494:14913#0/1	97.143	70	2	0	429	498	70	1	3.66e-25	119
NC_011593.1:c2598562-2597207	NB551033:91:H5W5HBGX7:1:11109:14589:7812#0/2	95.652	69	3	0	365	433	150	82	6.12e-23	111
NC_011593.1:c2598562-2597207	NB551033:91:H5W5HBGX7:1:22212:15660:18221#0/2	100.000	56	0	0	808	863	23	78	1.02e-20	104
NC_011593.1:c2598562-2597207	NB551033:91:H5W5HBGX7:2:12302:12168:2568#0/2	96.610	59	2	0	429	487	23	81	4.76e-19	99.0
NC_011593.1:c2598562-2597207	NB551033:91:H5W5HBGX7:2:12302:12168:2568#0/1	96.610	59	2	0	429	487	59	1	4.76e-19	99.0
# BLASTN 2.9.0+
# Query: NC_011593.1:2598858-2601929 Bifidobacterium longum subsp. infantis ATCC 15697, complete genome
# Database: db/blast_C0621-1E-1A_S93.faa
# Fields: query acc.ver, subject acc.ver, % identity, alignment length, mismatches, gap opens, q. start, q. end, s. start, s. end, evalue, bit score
# 23 hits found
NC_011593.1:2598858-2601929	NB551033:91:H5W5HBGX7:3:21609:4796:15130#0/2	96.000	75	3	0	1186	1260	1	75	6.41e-26	122
NC_011593.1:2598858-2601929	NB551033:91:H5W5HBGX7:3:13408:8581:4324#0/2	95.775	71	3	0	1190	1260	1	71	1.07e-23	115
NC_011593.1:2598858-2601929	NB551033:91:H5W5HBGX7:2:12212:10829:11260#0/2	95.775	71	3	0	1190	1260	119	49	1.07e-23	115
NC_011593.1:2598858-2601929	NB551033:91:H5W5HBGX7:1:11206:20379:19379#0/2	95.775	71	3	0	1190	1260	1	71	1.07e-23	115
NC_011593.1:2598858-2601929	NB551033:91:H5W5HBGX7:4:23608:3995:7342#0/1	95.775	71	3	0	1190	1260	1	71	1.07e-23	115
NC_011593.1:2598858-2601929	NB551033:91:H5W5HBGX7:3:21406:18249:9143#0/1	95.775	71	3	0	1190	1260	1	71	1.07e-23	115
NC_011593.1:2598858-2601929	NB551033:91:H5W5HBGX7:2:12212:10829:11260#0/1	95.775	71	3	0	1190	1260	1	71	1.07e-23	115
NC_011593.1:2598858-2601929	NB551033:91:H5W5HBGX7:2:12111:23959:7525#0/2	95.082	61	3	0	1200	1260	1	61	3.89e-18	97.1
NC_011593.1:2598858-2601929	NB551033:91:H5W5HBGX7:2:11306:10982:17677#0/2	95.082	61	3	0	1200	1260	1	61	3.89e-18	97.1
NC_011593.1:2598858-2601929	NB551033:91:H5W5HBGX7:2:22204:17911:2224#0/2	98.039	51	1	0	619	669	115	65	6.50e-16	89.8
NC_011593.1:2598858-2601929	NB551033:91:H5W5HBGX7:2:21212:20501:3739#0/2	98.039	51	1	0	619	669	147	97	6.50e-16	89.8
NC_011593.1:2598858-2601929	NB551033:91:H5W5HBGX7:2:22204:17911:2224#0/1	98.039	51	1	0	619	669	6	56	6.50e-16	89.8
NC_011593.1:2598858-2601929	NB551033:91:H5W5HBGX7:3:23402:16816:7053#0/2	96.078	51	2	0	1210	1260	150	100	3.03e-14	84.2
NC_011593.1:2598858-2601929	NB551033:91:H5W5HBGX7:2:12202:5477:3852#0/2	97.917	48	1	0	622	669	1	48	3.03e-14	84.2
NC_011593.1:2598858-2601929	NB551033:91:H5W5HBGX7:4:22603:13716:19549#0/1	96.078	51	2	0	1210	1260	150	100	3.03e-14	84.2
NC_011593.1:2598858-2601929	NB551033:91:H5W5HBGX7:2:22209:4554:17630#0/1	97.917	48	1	0	622	669	1	48	3.03e-14	84.2
NC_011593.1:2598858-2601929	NB551033:91:H5W5HBGX7:2:12202:5477:3852#0/1	97.917	48	1	0	622	669	108	61	3.03e-14	84.2
NC_011593.1:2598858-2601929	NB551033:91:H5W5HBGX7:1:13305:4845:4087#0/1	97.917	48	1	0	622	669	150	103	3.03e-14	84.2
NC_011593.1:2598858-2601929	NB551033:91:H5W5HBGX7:2:13303:22870:2803#0/2	95.918	49	2	0	1212	1260	149	101	3.91e-13	80.5
NC_011593.1:2598858-2601929	NB551033:91:H5W5HBGX7:1:23311:22480:16563#0/1	95.745	47	2	0	1214	1260	1	47	5.06e-12	76.8
NC_011593.1:2598858-2601929	NB551033:91:H5W5HBGX7:4:22409:9562:8533#0/1	97.619	42	1	0	628	669	148	107	6.55e-11	73.1
NC_011593.1:2598858-2601929	NB551033:91:H5W5HBGX7:4:13606:12171:14458#0/2	97.368	38	1	0	632	669	1	38	1.10e-08	65.8
NC_011593.1:2598858-2601929	NB551033:91:H5W5HBGX7:4:13606:12171:14458#0/1	97.368	38	1	0	632	669	92	55	1.10e-08	65.8
# BLASTN 2.9.0+
# Query: NC_011593.1:c2604454-2602106 Bifidobacterium longum subsp. infantis ATCC 15697, complete genome
# Database: db/blast_C0621-1E-1A_S93.faa
# 0 hits found
# BLASTN 2.9.0+
# Query: NC_011593.1:c2605922-2604486 Bifidobacterium longum subsp. infantis ATCC 15697, complete genome
# Database: db/blast_C0621-1E-1A_S93.faa
# 0 hits found
# BLASTN 2.9.0+
# Query: NC_011593.1:c2606381-2605944 Bifidobacterium longum subsp. infantis ATCC 15697, complete genome
# Database: db/blast_C0621-1E-1A_S93.faa
# 0 hits found
# BLASTN 2.9.0+
# Query: NC_011593.1:c2607314-2606418 Bifidobacterium longum subsp. infantis ATCC 15697, complete genome
# Database: db/blast_C0621-1E-1A_S93.faa
# Fields: query acc.ver, subject acc.ver, % identity, alignment length, mismatches, gap opens, q. start, q. end, s. start, s. end, evalue, bit score
# 2 hits found
NC_011593.1:c2607314-2606418	NB551033:91:H5W5HBGX7:1:23108:1721:9850#0/1	97.826	46	1	0	490	535	46	1	1.14e-13	80.5
NC_011593.1:c2607314-2606418	NB551033:91:H5W5HBGX7:1:23108:1721:9850#0/2	97.778	45	1	0	490	534	81	125	4.11e-13	78.7
# BLASTN 2.9.0+
# Query: NC_011593.1:c2608249-2607458 Bifidobacterium longum subsp. infantis ATCC 15697, complete genome
# Database: db/blast_C0621-1E-1A_S93.faa
# Fields: query acc.ver, subject acc.ver, % identity, alignment length, mismatches, gap opens, q. start, q. end, s. start, s. end, evalue, bit score
# 45 hits found
NC_011593.1:c2608249-2607458	NB551033:91:H5W5HBGX7:2:23302:8132:6263#0/1	95.302	149	7	0	335	483	2	150	5.63e-61	237
NC_011593.1:c2608249-2607458	NB551033:91:H5W5HBGX7:3:12407:8976:5495#0/2	95.270	148	7	0	386	533	149	2	2.03e-60	235
NC_011593.1:c2608249-2607458	NB551033:91:H5W5HBGX7:3:11412:24375:7913#0/2	95.270	148	7	0	386	533	1	148	2.03e-60	235
NC_011593.1:c2608249-2607458	NB551033:91:H5W5HBGX7:1:13106:11912:14462#0/2	95.270	148	7	0	344	491	1	148	2.03e-60	235
NC_011593.1:c2608249-2607458	NB551033:91:H5W5HBGX7:3:12512:24100:16625#0/1	95.270	148	7	0	310	457	3	150	2.03e-60	235
NC_011593.1:c2608249-2607458	NB551033:91:H5W5HBGX7:2:23104:11040:18843#0/1	95.270	148	7	0	386	533	149	2	2.03e-60	235
NC_011593.1:c2608249-2607458	NB551033:91:H5W5HBGX7:3:12407:8976:5495#0/1	95.238	147	7	0	335	481	4	150	7.28e-60	233
NC_011593.1:c2608249-2607458	NB551033:91:H5W5HBGX7:3:22603:22531:5688#0/2	95.035	141	7	0	387	527	141	1	1.58e-56	222
NC_011593.1:c2608249-2607458	NB551033:91:H5W5HBGX7:3:22603:22531:5688#0/1	95.035	141	7	0	387	527	1	141	1.58e-56	222
NC_011593.1:c2608249-2607458	NB551033:91:H5W5HBGX7:2:23102:4713:8005#0/2	95.522	134	6	0	313	446	134	1	2.64e-54	215
NC_011593.1:c2608249-2607458	NB551033:91:H5W5HBGX7:3:23508:16463:3091#0/2	95.122	123	6	0	351	473	123	1	3.44e-48	195
NC_011593.1:c2608249-2607458	NB551033:91:H5W5HBGX7:3:23508:16463:3091#0/1	96.581	117	4	0	351	467	1	117	3.44e-48	195
NC_011593.1:c2608249-2607458	NB551033:91:H5W5HBGX7:1:12302:3570:13027#0/2	96.262	107	4	0	335	441	107	1	1.24e-42	176
NC_011593.1:c2608249-2607458	NB551033:91:H5W5HBGX7:1:12302:3570:13027#0/1	95.283	106	5	0	335	440	2	107	2.08e-40	169
NC_011593.1:c2608249-2607458	NB551033:91:H5W5HBGX7:1:13211:14322:5797#0/2	97.802	91	2	0	370	460	91	1	4.51e-37	158
NC_011593.1:c2608249-2607458	NB551033:91:H5W5HBGX7:1:12103:20597:19519#0/2	95.876	97	4	0	335	431	97	1	4.51e-37	158
NC_011593.1:c2608249-2607458	NB551033:91:H5W5HBGX7:1:13211:14322:5797#0/1	96.809	94	3	0	367	460	1	94	4.51e-37	158
NC_011593.1:c2608249-2607458	NB551033:91:H5W5HBGX7:1:12103:20597:19519#0/1	95.876	97	4	0	335	431	2	98	4.51e-37	158
NC_011593.1:c2608249-2607458	NB551033:91:H5W5HBGX7:1:23211:14863:2174#0/2	96.629	89	3	0	358	446	3	91	2.71e-34	148
NC_011593.1:c2608249-2607458	NB551033:91:H5W5HBGX7:1:23106:14673:4711#0/2	96.629	89	3	0	367	455	1	89	2.71e-34	148
NC_011593.1:c2608249-2607458	NB551033:91:H5W5HBGX7:1:23211:14863:2174#0/1	96.629	89	3	0	358	446	89	1	2.71e-34	148
NC_011593.1:c2608249-2607458	NB551033:91:H5W5HBGX7:1:23106:14673:4711#0/1	97.674	86	2	0	370	455	86	1	2.71e-34	148
NC_011593.1:c2608249-2607458	NB551033:91:H5W5HBGX7:2:12310:21255:15809#0/2	96.591	88	3	0	358	445	88	1	9.76e-34	147
NC_011593.1:c2608249-2607458	NB551033:91:H5W5HBGX7:2:12310:21255:15809#0/1	96.591	88	3	0	358	445	3	90	9.76e-34	147
NC_011593.1:c2608249-2607458	NB551033:91:H5W5HBGX7:1:11210:8019:6937#0/2	95.122	82	4	0	711	792	84	3	9.83e-29	130
NC_011593.1:c2608249-2607458	NB551033:91:H5W5HBGX7:1:11210:8019:6937#0/1	95.122	82	4	0	711	792	1	82	9.83e-29	130
NC_011593.1:c2608249-2607458	NB551033:91:H5W5HBGX7:2:23105:1922:3464#0/2	96.154	78	3	0	715	792	148	71	3.54e-28	128
NC_011593.1:c2608249-2607458	NB551033:91:H5W5HBGX7:2:22206:7328:1212#0/2	96.154	78	3	0	715	792	128	51	3.54e-28	128
NC_011593.1:c2608249-2607458	NB551033:91:H5W5HBGX7:2:11108:15563:15270#0/2	96.825	63	2	0	730	792	150	88	1.66e-21	106
NC_011593.1:c2608249-2607458	NB551033:91:H5W5HBGX7:2:23109:16022:17629#0/1	95.455	66	3	0	1	66	82	147	1.66e-21	106
NC_011593.1:c2608249-2607458	NB551033:91:H5W5HBGX7:4:13612:24029:18251#0/2	96.774	62	2	0	731	792	1	62	5.96e-21	104
NC_011593.1:c2608249-2607458	NB551033:91:H5W5HBGX7:4:11501:7736:2773#0/2	95.385	65	3	0	1	65	65	1	5.96e-21	104
NC_011593.1:c2608249-2607458	NB551033:91:H5W5HBGX7:3:21504:20507:2274#0/2	96.774	62	2	0	731	792	1	62	5.96e-21	104
NC_011593.1:c2608249-2607458	NB551033:91:H5W5HBGX7:2:23103:13533:9431#0/2	96.774	62	2	0	731	792	151	90	5.96e-21	104
NC_011593.1:c2608249-2607458	NB551033:91:H5W5HBGX7:3:22409:16717:14042#0/1	95.385	65	3	0	1	65	65	1	5.96e-21	104
NC_011593.1:c2608249-2607458	NB551033:91:H5W5HBGX7:2:23103:13533:9431#0/1	96.774	62	2	0	731	792	1	62	5.96e-21	104
NC_011593.1:c2608249-2607458	NB551033:91:H5W5HBGX7:4:11501:7736:2773#0/1	95.312	64	3	0	1	64	41	104	2.14e-20	102
NC_011593.1:c2608249-2607458	NB551033:91:H5W5HBGX7:2:13303:9632:5286#0/2	96.667	60	2	0	733	792	1	60	7.71e-20	100
NC_011593.1:c2608249-2607458	NB551033:91:H5W5HBGX7:2:13203:8044:2692#0/2	96.667	60	2	0	733	792	1	60	7.71e-20	100
NC_011593.1:c2608249-2607458	NB551033:91:H5W5HBGX7:2:13203:8044:2692#0/1	96.667	60	2	0	733	792	90	31	7.71e-20	100
NC_011593.1:c2608249-2607458	NB551033:91:H5W5HBGX7:1:12309:8669:2094#0/1	95.238	63	3	0	1	63	89	151	7.71e-20	100
NC_011593.1:c2608249-2607458	NB551033:91:H5W5HBGX7:1:12307:12973:4071#0/1	95.238	63	3	0	1	63	82	144	7.71e-20	100
NC_011593.1:c2608249-2607458	NB551033:91:H5W5HBGX7:2:13303:9632:5286#0/1	96.610	59	2	0	734	792	89	31	2.77e-19	99.0
NC_011593.1:c2608249-2607458	NB551033:91:H5W5HBGX7:4:21501:24422:14244#0/2	96.296	54	2	0	739	792	1	54	1.67e-16	89.8
NC_011593.1:c2608249-2607458	NB551033:91:H5W5HBGX7:4:13612:24029:18251#0/1	96.078	51	2	0	742	792	151	101	7.76e-15	84.2
# BLASTN 2.9.0+
# Query: NC_011593.1:c2609546-2608269 Bifidobacterium longum subsp. infantis ATCC 15697, complete genome
# Database: db/blast_C0621-1E-1A_S93.faa
# Fields: query acc.ver, subject acc.ver, % identity, alignment length, mismatches, gap opens, q. start, q. end, s. start, s. end, evalue, bit score
# 153 hits found
NC_011593.1:c2609546-2608269	NB551033:91:H5W5HBGX7:4:21503:17263:5167#0/2	96.689	151	5	0	904	1054	1	151	3.29e-65	252
NC_011593.1:c2609546-2608269	NB551033:91:H5W5HBGX7:3:13503:19473:2452#0/2	96.689	151	5	0	1123	1273	1	151	3.29e-65	252
NC_011593.1:c2609546-2608269	NB551033:91:H5W5HBGX7:4:21405:16539:15787#0/1	96.689	151	5	0	891	1041	151	1	3.29e-65	252
NC_011593.1:c2609546-2608269	NB551033:91:H5W5HBGX7:2:12104:11282:17588#0/1	96.689	151	5	0	1123	1273	1	151	3.29e-65	252
NC_011593.1:c2609546-2608269	NB551033:91:H5W5HBGX7:3:22407:13481:5420#0/2	96.667	150	5	0	1126	1275	150	1	1.18e-64	250
NC_011593.1:c2609546-2608269	NB551033:91:H5W5HBGX7:1:21104:21709:11626#0/2	96.667	150	5	0	897	1046	150	1	1.18e-64	250
NC_011593.1:c2609546-2608269	NB551033:91:H5W5HBGX7:2:21105:7566:18826#0/1	96.667	150	5	0	1120	1269	150	1	1.18e-64	250
NC_011593.1:c2609546-2608269	NB551033:91:H5W5HBGX7:4:11506:20404:10572#0/2	96.644	149	5	0	1130	1278	150	2	4.25e-64	248
NC_011593.1:c2609546-2608269	NB551033:91:H5W5HBGX7:2:13112:20658:17675#0/2	96.644	149	5	0	1129	1277	1	149	4.25e-64	248
NC_011593.1:c2609546-2608269	NB551033:91:H5W5HBGX7:4:21503:17263:5167#0/1	96.644	149	5	0	1123	1271	149	1	4.25e-64	248
NC_011593.1:c2609546-2608269	NB551033:91:H5W5HBGX7:3:22407:13481:5420#0/1	96.026	151	6	0	1110	1260	1	151	1.53e-63	246
NC_011593.1:c2609546-2608269	NB551033:91:H5W5HBGX7:2:11208:11400:16974#0/1	96.026	151	6	0	904	1054	1	151	1.53e-63	246
NC_011593.1:c2609546-2608269	NB551033:91:H5W5HBGX7:1:21105:6057:6787#0/1	96.026	151	6	0	1113	1263	151	1	1.53e-63	246
NC_011593.1:c2609546-2608269	NB551033:91:H5W5HBGX7:4:12503:11612:16813#0/2	96.000	150	6	0	1111	1260	150	1	5.50e-63	244
NC_011593.1:c2609546-2608269	NB551033:91:H5W5HBGX7:3:22610:16777:3451#0/2	96.000	150	6	0	1111	1260	150	1	5.50e-63	244
NC_011593.1:c2609546-2608269	NB551033:91:H5W5HBGX7:3:12607:19386:1158#0/2	95.973	149	6	0	910	1058	151	3	1.98e-62	243
NC_011593.1:c2609546-2608269	NB551033:91:H5W5HBGX7:4:21412:11454:1613#0/2	95.364	151	7	0	1000	1150	1	151	7.12e-62	241
NC_011593.1:c2609546-2608269	NB551033:91:H5W5HBGX7:3:21611:23342:16788#0/2	95.364	151	7	0	922	1072	151	1	7.12e-62	241
NC_011593.1:c2609546-2608269	NB551033:91:H5W5HBGX7:2:21112:21723:2834#0/2	95.364	151	7	0	865	1015	151	1	7.12e-62	241
NC_011593.1:c2609546-2608269	NB551033:91:H5W5HBGX7:2:11203:18400:10694#0/2	95.364	151	7	0	920	1070	1	151	7.12e-62	241
NC_011593.1:c2609546-2608269	NB551033:91:H5W5HBGX7:1:12102:26820:5647#0/2	95.364	151	7	0	923	1073	1	151	7.12e-62	241
NC_011593.1:c2609546-2608269	NB551033:91:H5W5HBGX7:1:11310:9574:10874#0/2	95.364	151	7	0	1005	1155	151	1	7.12e-62	241
NC_011593.1:c2609546-2608269	NB551033:91:H5W5HBGX7:1:11105:23963:4772#0/2	96.552	145	5	0	911	1055	1	145	7.12e-62	241
NC_011593.1:c2609546-2608269	NB551033:91:H5W5HBGX7:4:22607:12766:11577#0/1	95.946	148	6	0	1117	1264	148	1	7.12e-62	241
NC_011593.1:c2609546-2608269	NB551033:91:H5W5HBGX7:2:22310:9145:10894#0/1	95.364	151	7	0	1107	1257	1	151	7.12e-62	241
NC_011593.1:c2609546-2608269	NB551033:91:H5W5HBGX7:1:22205:1534:9150#0/2	95.333	150	7	0	923	1072	1	150	2.56e-61	239
NC_011593.1:c2609546-2608269	NB551033:91:H5W5HBGX7:1:21212:21439:11538#0/2	95.333	150	7	0	1007	1156	150	1	2.56e-61	239
NC_011593.1:c2609546-2608269	NB551033:91:H5W5HBGX7:1:12101:1328:5643#0/2	95.333	150	7	0	923	1072	1	150	2.56e-61	239
NC_011593.1:c2609546-2608269	NB551033:91:H5W5HBGX7:4:12611:3714:1447#0/1	95.333	150	7	0	917	1066	150	1	2.56e-61	239
NC_011593.1:c2609546-2608269	NB551033:91:H5W5HBGX7:4:12502:13059:9744#0/1	95.333	150	7	0	862	1011	150	1	2.56e-61	239
NC_011593.1:c2609546-2608269	NB551033:91:H5W5HBGX7:1:21212:21439:11538#0/1	95.333	150	7	0	916	1065	1	150	2.56e-61	239
NC_011593.1:c2609546-2608269	NB551033:91:H5W5HBGX7:1:11105:23963:4772#0/1	95.333	150	7	0	917	1066	150	1	2.56e-61	239
NC_011593.1:c2609546-2608269	NB551033:91:H5W5HBGX7:4:22502:17289:8520#0/2	95.302	149	7	0	1015	1163	150	2	9.21e-61	237
NC_011593.1:c2609546-2608269	NB551033:91:H5W5HBGX7:1:22309:9329:9536#0/2	96.503	143	5	0	1136	1278	150	8	9.21e-61	237
NC_011593.1:c2609546-2608269	NB551033:91:H5W5HBGX7:2:22307:26829:2559#0/1	95.302	149	7	0	862	1010	2	150	9.21e-61	237
NC_011593.1:c2609546-2608269	NB551033:91:H5W5HBGX7:1:11310:9574:10874#0/1	95.302	149	7	0	1005	1153	1	149	9.21e-61	237
NC_011593.1:c2609546-2608269	NB551033:91:H5W5HBGX7:4:12611:3714:1447#0/2	95.862	145	6	0	911	1055	1	145	3.31e-60	235
NC_011593.1:c2609546-2608269	NB551033:91:H5W5HBGX7:3:12512:9067:14670#0/2	95.270	148	7	0	865	1012	148	1	3.31e-60	235
NC_011593.1:c2609546-2608269	NB551033:91:H5W5HBGX7:4:12503:11612:16813#0/1	95.270	148	7	0	1095	1242	1	148	3.31e-60	235
NC_011593.1:c2609546-2608269	NB551033:91:H5W5HBGX7:3:23610:15433:13991#0/2	95.833	144	6	0	1060	1203	144	1	1.19e-59	233
NC_011593.1:c2609546-2608269	NB551033:91:H5W5HBGX7:2:11112:15638:10827#0/2	95.238	147	7	0	920	1066	1	147	1.19e-59	233
NC_011593.1:c2609546-2608269	NB551033:91:H5W5HBGX7:3:13511:12985:11388#0/1	95.833	144	6	0	1062	1205	1	144	1.19e-59	233
NC_011593.1:c2609546-2608269	NB551033:91:H5W5HBGX7:2:11112:15638:10827#0/1	95.238	147	7	0	920	1066	147	1	1.19e-59	233
NC_011593.1:c2609546-2608269	NB551033:91:H5W5HBGX7:4:23412:10466:8505#0/2	95.205	146	7	0	1001	1146	1	146	4.28e-59	231
NC_011593.1:c2609546-2608269	NB551033:91:H5W5HBGX7:4:23412:10466:8505#0/1	95.205	146	7	0	1001	1146	146	1	4.28e-59	231
NC_011593.1:c2609546-2608269	NB551033:91:H5W5HBGX7:3:13508:17757:16982#0/2	96.403	139	5	0	1140	1278	151	13	1.54e-58	230
NC_011593.1:c2609546-2608269	NB551033:91:H5W5HBGX7:2:13112:20658:17675#0/1	96.403	139	5	0	1140	1278	151	13	1.54e-58	230
NC_011593.1:c2609546-2608269	NB551033:91:H5W5HBGX7:1:23306:5859:2226#0/2	96.377	138	5	0	911	1048	1	138	5.54e-58	228
NC_011593.1:c2609546-2608269	NB551033:91:H5W5HBGX7:2:11208:11400:16974#0/2	95.070	142	7	0	1021	1162	142	1	7.17e-57	224
NC_011593.1:c2609546-2608269	NB551033:91:H5W5HBGX7:2:11305:19505:5904#0/2	96.269	134	5	0	880	1013	134	1	9.27e-56	220
NC_011593.1:c2609546-2608269	NB551033:91:H5W5HBGX7:2:11305:19505:5904#0/1	95.620	137	6	0	877	1013	3	139	9.27e-56	220
NC_011593.1:c2609546-2608269	NB551033:91:H5W5HBGX7:1:22108:12049:19086#0/2	96.183	131	5	0	1148	1278	1	131	4.31e-54	215
NC_011593.1:c2609546-2608269	NB551033:91:H5W5HBGX7:3:13408:6834:18941#0/2	95.455	132	6	0	904	1035	1	132	5.58e-53	211
NC_011593.1:c2609546-2608269	NB551033:91:H5W5HBGX7:1:11303:11515:3399#0/2	96.124	129	5	0	1150	1278	1	129	5.58e-53	211
NC_011593.1:c2609546-2608269	NB551033:91:H5W5HBGX7:3:13503:19473:2452#0/1	96.124	129	5	0	1150	1278	150	22	5.58e-53	211
NC_011593.1:c2609546-2608269	NB551033:91:H5W5HBGX7:2:11109:7790:17210#0/1	95.455	132	6	0	1068	1199	132	1	5.58e-53	211
NC_011593.1:c2609546-2608269	NB551033:91:H5W5HBGX7:3:12410:6688:10557#0/2	96.094	128	5	0	899	1026	1	128	2.01e-52	209
NC_011593.1:c2609546-2608269	NB551033:91:H5W5HBGX7:3:12410:6688:10557#0/1	96.094	128	5	0	899	1026	128	1	2.01e-52	209
NC_011593.1:c2609546-2608269	NB551033:91:H5W5HBGX7:1:21304:12561:18326#0/1	95.385	130	6	0	1062	1191	130	1	7.22e-52	207
NC_011593.1:c2609546-2608269	NB551033:91:H5W5HBGX7:2:11311:16115:15527#0/2	96.032	126	5	0	916	1041	126	1	2.60e-51	206
NC_011593.1:c2609546-2608269	NB551033:91:H5W5HBGX7:2:11311:16115:15527#0/1	96.032	126	5	0	916	1041	1	126	2.60e-51	206
NC_011593.1:c2609546-2608269	NB551033:91:H5W5HBGX7:4:11401:8254:3729#0/2	96.000	125	5	0	1154	1278	1	125	9.34e-51	204
NC_011593.1:c2609546-2608269	NB551033:91:H5W5HBGX7:4:11401:8254:3729#0/1	96.000	125	5	0	1154	1278	127	3	9.34e-51	204
NC_011593.1:c2609546-2608269	NB551033:91:H5W5HBGX7:4:13612:7525:1888#0/2	95.968	124	5	0	1152	1275	1	124	3.36e-50	202
NC_011593.1:c2609546-2608269	NB551033:91:H5W5HBGX7:4:11509:25739:20264#0/2	95.968	124	5	0	932	1055	1	124	3.36e-50	202
NC_011593.1:c2609546-2608269	NB551033:91:H5W5HBGX7:2:12201:9553:5772#0/2	95.968	124	5	0	1152	1275	1	124	3.36e-50	202
NC_011593.1:c2609546-2608269	NB551033:91:H5W5HBGX7:4:13612:7525:1888#0/1	95.968	124	5	0	1152	1275	124	1	3.36e-50	202
NC_011593.1:c2609546-2608269	NB551033:91:H5W5HBGX7:4:11509:25739:20264#0/1	95.276	127	6	0	932	1058	127	1	3.36e-50	202
NC_011593.1:c2609546-2608269	NB551033:91:H5W5HBGX7:2:12201:9553:5772#0/1	95.968	124	5	0	1152	1275	124	1	3.36e-50	202
NC_011593.1:c2609546-2608269	NB551033:91:H5W5HBGX7:4:11505:8117:16488#0/2	95.902	122	5	0	926	1047	1	122	4.34e-49	198
NC_011593.1:c2609546-2608269	NB551033:91:H5W5HBGX7:4:11505:8117:16488#0/1	95.902	122	5	0	926	1047	122	1	4.34e-49	198
NC_011593.1:c2609546-2608269	NB551033:91:H5W5HBGX7:1:21202:16000:18667#0/2	95.833	120	5	0	1159	1278	1	120	5.62e-48	195
NC_011593.1:c2609546-2608269	NB551033:91:H5W5HBGX7:1:22205:1534:9150#0/1	95.122	123	6	0	1060	1182	123	1	5.62e-48	195
NC_011593.1:c2609546-2608269	NB551033:91:H5W5HBGX7:2:21304:23373:2789#0/1	95.082	122	6	0	920	1041	122	1	2.02e-47	193
NC_011593.1:c2609546-2608269	NB551033:91:H5W5HBGX7:1:22201:17375:14216#0/2	95.763	118	5	0	1112	1229	1	118	7.27e-47	191
NC_011593.1:c2609546-2608269	NB551033:91:H5W5HBGX7:1:12210:16991:11953#0/2	95.763	118	5	0	1158	1275	118	1	7.27e-47	191
NC_011593.1:c2609546-2608269	NB551033:91:H5W5HBGX7:3:22408:1223:10270#0/1	95.763	118	5	0	1161	1278	1	118	7.27e-47	191
NC_011593.1:c2609546-2608269	NB551033:91:H5W5HBGX7:3:22407:26735:10275#0/1	95.763	118	5	0	1161	1278	1	118	7.27e-47	191
NC_011593.1:c2609546-2608269	NB551033:91:H5W5HBGX7:1:22201:17375:14216#0/1	95.763	118	5	0	1112	1229	118	1	7.27e-47	191
NC_011593.1:c2609546-2608269	NB551033:91:H5W5HBGX7:1:12210:16991:11953#0/1	95.763	118	5	0	1158	1275	1	118	7.27e-47	191
NC_011593.1:c2609546-2608269	NB551033:91:H5W5HBGX7:2:11106:7149:4545#0/2	96.491	114	4	0	1165	1278	126	13	2.61e-46	189
NC_011593.1:c2609546-2608269	NB551033:91:H5W5HBGX7:2:22108:2325:5023#0/1	96.491	114	4	0	1165	1278	2	115	2.61e-46	189
NC_011593.1:c2609546-2608269	NB551033:91:H5W5HBGX7:2:11106:7149:4545#0/1	96.491	114	4	0	1165	1278	2	115	2.61e-46	189
NC_011593.1:c2609546-2608269	NB551033:91:H5W5HBGX7:2:23206:10211:7368#0/1	96.460	113	4	0	1166	1278	1	113	9.40e-46	187
NC_011593.1:c2609546-2608269	NB551033:91:H5W5HBGX7:3:13511:12985:11388#0/2	96.364	110	4	0	1169	1278	150	41	4.38e-44	182
NC_011593.1:c2609546-2608269	NB551033:91:H5W5HBGX7:3:11504:23486:2349#0/2	96.190	105	4	0	947	1051	1	105	2.63e-41	172
NC_011593.1:c2609546-2608269	NB551033:91:H5W5HBGX7:2:11301:21049:1619#0/2	96.190	105	4	0	947	1051	1	105	2.63e-41	172
NC_011593.1:c2609546-2608269	NB551033:91:H5W5HBGX7:3:11504:23486:2349#0/1	96.190	105	4	0	947	1051	105	1	2.63e-41	172
NC_011593.1:c2609546-2608269	NB551033:91:H5W5HBGX7:2:11301:21049:1619#0/1	96.190	105	4	0	947	1051	105	1	2.63e-41	172
NC_011593.1:c2609546-2608269	NB551033:91:H5W5HBGX7:3:13403:20514:5109#0/2	96.154	104	4	0	997	1100	3	106	9.47e-41	171
NC_011593.1:c2609546-2608269	NB551033:91:H5W5HBGX7:3:13403:20514:5109#0/1	95.327	107	5	0	997	1103	107	1	9.47e-41	171
NC_011593.1:c2609546-2608269	NB551033:91:H5W5HBGX7:2:22108:22752:12841#0/2	95.283	106	5	0	1161	1266	1	106	3.41e-40	169
NC_011593.1:c2609546-2608269	NB551033:91:H5W5HBGX7:2:22108:22752:12841#0/1	95.283	106	5	0	1161	1266	106	1	3.41e-40	169
NC_011593.1:c2609546-2608269	NB551033:91:H5W5HBGX7:2:21309:17873:19555#0/1	95.192	104	5	0	1060	1163	105	2	4.41e-39	165
NC_011593.1:c2609546-2608269	NB551033:91:H5W5HBGX7:1:11112:7023:14923#0/2	95.146	103	5	0	701	803	1	103	1.58e-38	163
NC_011593.1:c2609546-2608269	NB551033:91:H5W5HBGX7:1:11112:7023:14923#0/1	95.146	103	5	0	701	803	104	2	1.58e-38	163
NC_011593.1:c2609546-2608269	NB551033:91:H5W5HBGX7:2:12206:23717:6920#0/1	95.918	98	4	0	1181	1278	1	98	2.05e-37	159
NC_011593.1:c2609546-2608269	NB551033:91:H5W5HBGX7:2:23207:24066:9884#0/2	95.833	96	4	0	1147	1242	98	3	2.65e-36	156
NC_011593.1:c2609546-2608269	NB551033:91:H5W5HBGX7:4:11505:19643:1302#0/1	95.833	96	4	0	1183	1278	1	96	2.65e-36	156
NC_011593.1:c2609546-2608269	NB551033:91:H5W5HBGX7:2:23207:24066:9884#0/1	95.833	96	4	0	1147	1242	1	96	2.65e-36	156
NC_011593.1:c2609546-2608269	NB551033:91:H5W5HBGX7:1:22308:20698:12579#0/1	95.833	96	4	0	1183	1278	1	96	2.65e-36	156
NC_011593.1:c2609546-2608269	NB551033:91:H5W5HBGX7:4:13404:19402:9459#0/2	97.701	87	2	0	1105	1191	87	1	1.23e-34	150
NC_011593.1:c2609546-2608269	NB551033:91:H5W5HBGX7:1:13308:16407:10386#0/2	95.699	93	4	0	903	995	1	93	1.23e-34	150
NC_011593.1:c2609546-2608269	NB551033:91:H5W5HBGX7:1:13308:16407:10386#0/1	95.699	93	4	0	903	995	93	1	1.23e-34	150
NC_011593.1:c2609546-2608269	NB551033:91:H5W5HBGX7:3:13506:12703:14972#0/2	95.652	92	4	0	948	1039	92	1	4.44e-34	148
NC_011593.1:c2609546-2608269	NB551033:91:H5W5HBGX7:3:13510:11839:20146#0/1	95.652	92	4	0	997	1088	94	3	4.44e-34	148
NC_011593.1:c2609546-2608269	NB551033:91:H5W5HBGX7:3:13506:12703:14972#0/1	95.652	92	4	0	948	1039	1	92	4.44e-34	148
NC_011593.1:c2609546-2608269	NB551033:91:H5W5HBGX7:4:12506:13183:16670#0/2	97.619	84	2	0	1125	1208	86	3	5.74e-33	145
NC_011593.1:c2609546-2608269	NB551033:91:H5W5HBGX7:4:12506:13183:16670#0/1	98.765	81	1	0	1125	1205	1	81	5.74e-33	145
NC_011593.1:c2609546-2608269	NB551033:91:H5W5HBGX7:2:13110:24622:19682#0/1	95.506	89	4	0	1190	1278	1	89	2.06e-32	143
NC_011593.1:c2609546-2608269	NB551033:91:H5W5HBGX7:3:21605:8915:11490#0/2	95.402	87	4	0	955	1041	1	87	2.67e-31	139
NC_011593.1:c2609546-2608269	NB551033:91:H5W5HBGX7:1:13205:22232:19867#0/2	98.718	78	1	0	1122	1199	1	78	2.67e-31	139
NC_011593.1:c2609546-2608269	NB551033:91:H5W5HBGX7:3:21605:8915:11490#0/1	95.402	87	4	0	955	1041	87	1	2.67e-31	139
NC_011593.1:c2609546-2608269	NB551033:91:H5W5HBGX7:1:13205:22232:19867#0/1	98.718	78	1	0	1122	1199	78	1	2.67e-31	139
NC_011593.1:c2609546-2608269	NB551033:91:H5W5HBGX7:1:13204:3373:5823#0/1	95.402	87	4	0	1192	1278	151	65	2.67e-31	139
NC_011593.1:c2609546-2608269	NB551033:91:H5W5HBGX7:2:22306:1337:2559#0/1	97.403	77	2	0	862	938	2	78	4.47e-29	132
NC_011593.1:c2609546-2608269	NB551033:91:H5W5HBGX7:1:11303:23585:17006#0/1	95.122	82	4	0	1176	1257	1	82	1.61e-28	130
NC_011593.1:c2609546-2608269	NB551033:91:H5W5HBGX7:1:12309:8669:2094#0/1	97.101	69	2	0	1210	1278	1	69	1.25e-24	117
NC_011593.1:c2609546-2608269	NB551033:91:H5W5HBGX7:2:11203:6346:7627#0/2	97.059	68	2	0	1211	1278	1	68	4.50e-24	115
NC_011593.1:c2609546-2608269	NB551033:91:H5W5HBGX7:4:11505:19643:1302#0/2	96.970	66	2	0	1213	1278	106	41	5.82e-23	111
NC_011593.1:c2609546-2608269	NB551033:91:H5W5HBGX7:4:21410:14168:10362#0/2	98.387	62	1	0	1217	1278	1	62	2.09e-22	110
NC_011593.1:c2609546-2608269	NB551033:91:H5W5HBGX7:4:21410:14168:10362#0/1	98.387	62	1	0	1217	1278	112	51	2.09e-22	110
NC_011593.1:c2609546-2608269	NB551033:91:H5W5HBGX7:2:23109:16022:17629#0/1	98.387	62	1	0	1217	1278	1	62	2.09e-22	110
NC_011593.1:c2609546-2608269	NB551033:91:H5W5HBGX7:1:22311:2278:7691#0/1	98.387	62	1	0	1217	1278	1	62	2.09e-22	110
NC_011593.1:c2609546-2608269	NB551033:91:H5W5HBGX7:1:12307:12973:4071#0/1	98.387	62	1	0	1217	1278	1	62	2.09e-22	110
NC_011593.1:c2609546-2608269	NB551033:91:H5W5HBGX7:3:22408:1223:10270#0/2	98.305	59	1	0	1220	1278	151	93	9.74e-21	104
NC_011593.1:c2609546-2608269	NB551033:91:H5W5HBGX7:3:22407:26735:10275#0/2	98.305	59	1	0	1220	1278	151	93	9.74e-21	104
NC_011593.1:c2609546-2608269	NB551033:91:H5W5HBGX7:3:12607:8545:9319#0/2	98.276	58	1	0	1221	1278	89	32	3.50e-20	102
NC_011593.1:c2609546-2608269	NB551033:91:H5W5HBGX7:3:12607:8545:9319#0/1	98.276	58	1	0	1221	1278	1	58	3.50e-20	102
NC_011593.1:c2609546-2608269	NB551033:91:H5W5HBGX7:4:21508:22151:7232#0/1	98.246	57	1	0	1222	1278	1	57	1.26e-19	100
NC_011593.1:c2609546-2608269	NB551033:91:H5W5HBGX7:2:13209:2319:15601#0/2	96.610	59	2	0	286	344	1	59	4.53e-19	99.0
NC_011593.1:c2609546-2608269	NB551033:91:H5W5HBGX7:4:21407:14059:13065#0/2	98.182	55	1	0	1224	1278	81	27	1.63e-18	97.1
NC_011593.1:c2609546-2608269	NB551033:91:H5W5HBGX7:1:12103:16709:7167#0/2	98.182	55	1	0	1224	1278	81	27	1.63e-18	97.1
NC_011593.1:c2609546-2608269	NB551033:91:H5W5HBGX7:4:21407:14059:13065#0/1	98.182	55	1	0	1224	1278	1	55	1.63e-18	97.1
NC_011593.1:c2609546-2608269	NB551033:91:H5W5HBGX7:1:12103:16709:7167#0/1	98.182	55	1	0	1224	1278	1	55	1.63e-18	97.1
NC_011593.1:c2609546-2608269	NB551033:91:H5W5HBGX7:2:13304:21409:14084#0/2	96.429	56	2	0	289	344	151	96	2.11e-17	93.5
NC_011593.1:c2609546-2608269	NB551033:91:H5W5HBGX7:1:11104:24762:4271#0/2	96.296	54	2	0	291	344	1	54	2.73e-16	89.8
NC_011593.1:c2609546-2608269	NB551033:91:H5W5HBGX7:1:21308:24289:11999#0/2	98.000	50	1	0	1229	1278	1	50	9.81e-16	87.9
NC_011593.1:c2609546-2608269	NB551033:91:H5W5HBGX7:1:13210:3208:14330#0/2	98.000	50	1	0	1229	1278	90	41	9.81e-16	87.9
NC_011593.1:c2609546-2608269	NB551033:91:H5W5HBGX7:1:13210:3208:14330#0/1	98.000	50	1	0	1229	1278	1	50	9.81e-16	87.9
NC_011593.1:c2609546-2608269	NB551033:91:H5W5HBGX7:1:12105:19568:18817#0/2	95.918	49	2	0	296	344	1	49	1.64e-13	80.5
NC_011593.1:c2609546-2608269	NB551033:91:H5W5HBGX7:1:12105:19568:18817#0/1	95.918	49	2	0	296	344	144	96	1.64e-13	80.5
NC_011593.1:c2609546-2608269	NB551033:91:H5W5HBGX7:4:23405:10111:5852#0/2	97.778	45	1	0	1234	1278	1	45	5.91e-13	78.7
NC_011593.1:c2609546-2608269	NB551033:91:H5W5HBGX7:4:23405:10111:5852#0/1	97.778	45	1	0	1234	1278	85	41	5.91e-13	78.7
NC_011593.1:c2609546-2608269	NB551033:91:H5W5HBGX7:3:21406:22197:3811#0/1	97.674	43	1	0	1236	1278	1	43	7.64e-12	75.0
NC_011593.1:c2609546-2608269	NB551033:91:H5W5HBGX7:1:22311:17232:16239#0/1	97.674	43	1	0	1236	1278	1	43	7.64e-12	75.0
NC_011593.1:c2609546-2608269	NB551033:91:H5W5HBGX7:4:21412:11454:1613#0/1	97.619	42	1	0	1237	1278	151	110	2.75e-11	73.1
NC_011593.1:c2609546-2608269	NB551033:91:H5W5HBGX7:3:21608:9519:17206#0/1	97.619	42	1	0	1237	1278	151	110	2.75e-11	73.1
NC_011593.1:c2609546-2608269	NB551033:91:H5W5HBGX7:4:22408:20131:20339#0/2	95.349	43	2	0	302	344	110	68	3.55e-10	69.4
NC_011593.1:c2609546-2608269	NB551033:91:H5W5HBGX7:4:22408:20131:20339#0/1	95.349	43	2	0	302	344	1	43	3.55e-10	69.4
NC_011593.1:c2609546-2608269	NB551033:91:H5W5HBGX7:2:11102:20286:16841#0/1	97.368	38	1	0	307	344	2	39	4.60e-09	65.8
NC_011593.1:c2609546-2608269	NB551033:91:H5W5HBGX7:1:12108:21065:9536#0/1	97.368	38	1	0	307	344	2	39	4.60e-09	65.8
NC_011593.1:c2609546-2608269	NB551033:91:H5W5HBGX7:3:21406:22197:3811#0/2	100.000	32	0	0	1247	1278	151	120	2.14e-07	60.2
# BLASTN 2.9.0+
# Query: NC_011593.1:c2610356-2609697 Bifidobacterium longum subsp. infantis ATCC 15697, complete genome
# Database: db/blast_C0621-1E-1A_S93.faa
# 0 hits found
# BLASTN 2.9.0+
# Query: NC_011593.1:c2611458-2610496 Bifidobacterium longum subsp. infantis ATCC 15697, complete genome
# Database: db/blast_C0621-1E-1A_S93.faa
# 0 hits found
# BLASTN 2.9.0+
# Query: NC_011593.1:c2612430-2611477 Bifidobacterium longum subsp. infantis ATCC 15697, complete genome
# Database: db/blast_C0621-1E-1A_S93.faa
# 0 hits found
# BLASTN 2.9.0+
# Query: NC_011593.1:c2614109-2612517 Bifidobacterium longum subsp. infantis ATCC 15697, complete genome
# Database: db/blast_C0621-1E-1A_S93.faa
# 0 hits found
# BLASTN 2.9.0+
# Query: NC_011593.1:c2615274-2614312 Bifidobacterium longum subsp. infantis ATCC 15697, complete genome
# Database: db/blast_C0621-1E-1A_S93.faa
# 0 hits found
# BLASTN 2.9.0+
# Query: NC_011593.1:c2616246-2615293 Bifidobacterium longum subsp. infantis ATCC 15697, complete genome
# Database: db/blast_C0621-1E-1A_S93.faa
# 0 hits found
# BLASTN 2.9.0+
# Query: NC_011593.1:c2617928-2616333 Bifidobacterium longum subsp. infantis ATCC 15697, complete genome
# Database: db/blast_C0621-1E-1A_S93.faa
# 0 hits found
# BLASTN 2.9.0+
# Query: NC_011593.1:c2619247-2618063 Bifidobacterium longum subsp. infantis ATCC 15697, complete genome
# Database: db/blast_C0621-1E-1A_S93.faa
# 0 hits found
# BLASTN 2.9.0+
# Query: NC_011593.1:c2620369-2619413 Bifidobacterium longum subsp. infantis ATCC 15697, complete genome
# Database: db/blast_C0621-1E-1A_S93.faa
# 0 hits found
# BLASTN 2.9.0+
# Query: NC_011593.1:c2622143-2620551 Bifidobacterium longum subsp. infantis ATCC 15697, complete genome
# Database: db/blast_C0621-1E-1A_S93.faa
# 0 hits found
# BLASTN 2.9.0+
# Query: NC_011593.1:c2624124-2622520 Bifidobacterium longum subsp. infantis ATCC 15697, complete genome
# Database: db/blast_C0621-1E-1A_S93.faa
# 0 hits found
# BLASTN 2.9.0+
# Query: NC_011593.1:c2626110-2624512 Bifidobacterium longum subsp. infantis ATCC 15697, complete genome
# Database: db/blast_C0621-1E-1A_S93.faa
# 0 hits found
# BLASTN 2.9.0+
# Query: NC_011593.1:c2626386-2626264 Bifidobacterium longum subsp. infantis ATCC 15697, complete genome
# Database: db/blast_C0621-1E-1A_S93.faa
# 0 hits found
# BLASTN 2.9.0+
# Query: NC_011593.1:c2628158-2626563 Bifidobacterium longum subsp. infantis ATCC 15697, complete genome
# Database: db/blast_C0621-1E-1A_S93.faa
# 0 hits found
# BLASTN 2.9.0+
# Query: NC_011593.1:c2630269-2628314 Bifidobacterium longum subsp. infantis ATCC 15697, complete genome
# Database: db/blast_C0621-1E-1A_S93.faa
# 0 hits found
# BLASTN 2.9.0+
# Query: NC_011593.1:c2631106-2630366 Bifidobacterium longum subsp. infantis ATCC 15697, complete genome
# Database: db/blast_C0621-1E-1A_S93.faa
# 0 hits found
# BLASTN 2.9.0+
# Query: NC_011593.1:c2632432-2631140 Bifidobacterium longum subsp. infantis ATCC 15697, complete genome
# Database: db/blast_C0621-1E-1A_S93.faa
# 0 hits found
# BLASTN 2.9.0+
# Query: NC_011593.1:c2633881-2632562 Bifidobacterium longum subsp. infantis ATCC 15697, complete genome
# Database: db/blast_C0621-1E-1A_S93.faa
# 0 hits found
# BLASTN 2.9.0+
# Query: NC_011593.1:c2634683-2633865 Bifidobacterium longum subsp. infantis ATCC 15697, complete genome
# Database: db/blast_C0621-1E-1A_S93.faa
# 0 hits found
# BLASTN 2.9.0+
# Query: NC_011593.1:c2635627-2634680 Bifidobacterium longum subsp. infantis ATCC 15697, complete genome
# Database: db/blast_C0621-1E-1A_S93.faa
# 0 hits found
# BLASTN 2.9.0+
# Query: NC_011593.1:c2636747-2635629 Bifidobacterium longum subsp. infantis ATCC 15697, complete genome
# Database: db/blast_C0621-1E-1A_S93.faa
# 0 hits found
# BLAST processed 31 queries
