# BLASTN 2.9.0+
# Query: NC_011593.1:c2595355-2593832 Bifidobacterium longum subsp. infantis ATCC 15697, complete genome
# Database: db/blast_C0621-1F-1A_S79.faa
# 0 hits found
# BLASTN 2.9.0+
# Query: NC_011593.1:c2597106-2595574 Bifidobacterium longum subsp. infantis ATCC 15697, complete genome
# Database: db/blast_C0621-1F-1A_S79.faa
# 0 hits found
# BLASTN 2.9.0+
# Query: NC_011593.1:c2598562-2597207 Bifidobacterium longum subsp. infantis ATCC 15697, complete genome
# Database: db/blast_C0621-1F-1A_S79.faa
# Fields: query acc.ver, subject acc.ver, % identity, alignment length, mismatches, gap opens, q. start, q. end, s. start, s. end, evalue, bit score
# 310 hits found
NC_011593.1:c2598562-2597207	NB551033:88:H5VWJBGX7:4:23411:1084:19018#0/2	98.013	151	3	0	962	1112	1	151	4.37e-68	263
NC_011593.1:c2598562-2597207	NB551033:88:H5VWJBGX7:4:23410:26499:19013#0/2	98.013	151	3	0	962	1112	1	151	4.37e-68	263
NC_011593.1:c2598562-2597207	NB551033:88:H5VWJBGX7:4:13403:12719:3336#0/2	98.013	151	3	0	960	1110	1	151	4.37e-68	263
NC_011593.1:c2598562-2597207	NB551033:88:H5VWJBGX7:1:12108:20810:10712#0/2	98.013	151	3	0	960	1110	1	151	4.37e-68	263
NC_011593.1:c2598562-2597207	NB551033:88:H5VWJBGX7:2:22312:13304:7155#0/1	98.013	151	3	0	960	1110	1	151	4.37e-68	263
NC_011593.1:c2598562-2597207	NB551033:88:H5VWJBGX7:2:21209:21835:13792#0/1	98.013	151	3	0	960	1110	1	151	4.37e-68	263
NC_011593.1:c2598562-2597207	NB551033:88:H5VWJBGX7:2:13210:25620:7507#0/1	98.013	151	3	0	941	1091	1	151	4.37e-68	263
NC_011593.1:c2598562-2597207	NB551033:88:H5VWJBGX7:2:12207:5318:12567#0/1	98.013	151	3	0	961	1111	1	151	4.37e-68	263
NC_011593.1:c2598562-2597207	NB551033:88:H5VWJBGX7:2:11105:14583:16579#0/1	98.013	151	3	0	960	1110	1	151	4.37e-68	263
NC_011593.1:c2598562-2597207	NB551033:88:H5VWJBGX7:1:23111:7924:2534#0/1	98.013	151	3	0	943	1093	151	1	4.37e-68	263
NC_011593.1:c2598562-2597207	NB551033:88:H5VWJBGX7:1:22209:2335:13069#0/1	98.013	151	3	0	960	1110	1	151	4.37e-68	263
NC_011593.1:c2598562-2597207	NB551033:88:H5VWJBGX7:3:21507:2874:14434#0/2	98.000	150	3	0	946	1095	150	1	1.57e-67	261
NC_011593.1:c2598562-2597207	NB551033:88:H5VWJBGX7:2:23103:21176:9663#0/2	98.000	150	3	0	931	1080	150	1	1.57e-67	261
NC_011593.1:c2598562-2597207	NB551033:88:H5VWJBGX7:4:13507:22871:13569#0/1	98.000	150	3	0	932	1081	150	1	1.57e-67	261
NC_011593.1:c2598562-2597207	NB551033:88:H5VWJBGX7:2:21110:2860:5716#0/1	98.000	150	3	0	960	1109	150	1	1.57e-67	261
NC_011593.1:c2598562-2597207	NB551033:88:H5VWJBGX7:1:22304:14567:4109#0/1	98.000	150	3	0	932	1081	150	1	1.57e-67	261
NC_011593.1:c2598562-2597207	NB551033:88:H5VWJBGX7:4:11603:5851:12763#0/1	97.987	149	3	0	913	1061	149	1	5.66e-67	259
NC_011593.1:c2598562-2597207	NB551033:88:H5VWJBGX7:1:23111:6156:3318#0/1	97.987	149	3	0	913	1061	149	1	5.66e-67	259
NC_011593.1:c2598562-2597207	NB551033:88:H5VWJBGX7:4:21408:5800:4271#0/2	97.351	151	4	0	883	1033	1	151	2.03e-66	257
NC_011593.1:c2598562-2597207	NB551033:88:H5VWJBGX7:4:13507:22871:13569#0/2	97.351	151	4	0	885	1035	1	151	2.03e-66	257
NC_011593.1:c2598562-2597207	NB551033:88:H5VWJBGX7:4:11505:17108:13186#0/2	97.351	151	4	0	952	1102	151	1	2.03e-66	257
NC_011593.1:c2598562-2597207	NB551033:88:H5VWJBGX7:2:13204:13667:11851#0/2	97.351	151	4	0	908	1058	1	151	2.03e-66	257
NC_011593.1:c2598562-2597207	NB551033:88:H5VWJBGX7:2:12312:18835:3135#0/2	97.351	151	4	0	871	1021	1	151	2.03e-66	257
NC_011593.1:c2598562-2597207	NB551033:88:H5VWJBGX7:2:12112:5117:8123#0/2	97.351	151	4	0	908	1058	1	151	2.03e-66	257
NC_011593.1:c2598562-2597207	NB551033:88:H5VWJBGX7:1:22208:2969:6290#0/2	97.973	148	3	0	931	1078	148	1	2.03e-66	257
NC_011593.1:c2598562-2597207	NB551033:88:H5VWJBGX7:1:21101:12139:18028#0/2	97.351	151	4	0	960	1110	1	151	2.03e-66	257
NC_011593.1:c2598562-2597207	NB551033:88:H5VWJBGX7:1:13202:9998:9773#0/2	97.351	151	4	0	962	1112	1	151	2.03e-66	257
NC_011593.1:c2598562-2597207	NB551033:88:H5VWJBGX7:4:23401:23317:17503#0/1	97.351	151	4	0	971	1121	151	1	2.03e-66	257
NC_011593.1:c2598562-2597207	NB551033:88:H5VWJBGX7:4:21608:2651:3090#0/1	97.351	151	4	0	941	1091	1	151	2.03e-66	257
NC_011593.1:c2598562-2597207	NB551033:88:H5VWJBGX7:4:13506:21706:11632#0/1	97.351	151	4	0	883	1033	1	151	2.03e-66	257
NC_011593.1:c2598562-2597207	NB551033:88:H5VWJBGX7:4:12512:10824:15054#0/1	97.351	151	4	0	887	1037	151	1	2.03e-66	257
NC_011593.1:c2598562-2597207	NB551033:88:H5VWJBGX7:2:22210:21689:5668#0/1	97.973	148	3	0	950	1097	150	3	2.03e-66	257
NC_011593.1:c2598562-2597207	NB551033:88:H5VWJBGX7:1:22208:2969:6290#0/1	97.973	148	3	0	931	1078	1	148	2.03e-66	257
NC_011593.1:c2598562-2597207	NB551033:88:H5VWJBGX7:1:12205:4515:15139#0/1	97.351	151	4	0	884	1034	1	151	2.03e-66	257
NC_011593.1:c2598562-2597207	NB551033:88:H5VWJBGX7:1:11203:19044:16221#0/1	97.351	151	4	0	908	1058	1	151	2.03e-66	257
NC_011593.1:c2598562-2597207	NB551033:88:H5VWJBGX7:1:11108:5079:18583#0/1	97.351	151	4	0	909	1059	1	151	2.03e-66	257
NC_011593.1:c2598562-2597207	NB551033:88:H5VWJBGX7:4:23606:11965:8688#0/2	97.333	150	4	0	908	1057	150	1	7.32e-66	255
NC_011593.1:c2598562-2597207	NB551033:88:H5VWJBGX7:4:22411:4326:10522#0/2	97.333	150	4	0	972	1121	1	150	7.32e-66	255
NC_011593.1:c2598562-2597207	NB551033:88:H5VWJBGX7:4:21611:10021:12511#0/2	97.333	150	4	0	888	1037	150	1	7.32e-66	255
NC_011593.1:c2598562-2597207	NB551033:88:H5VWJBGX7:4:21601:24522:4187#0/2	97.333	150	4	0	909	1058	1	150	7.32e-66	255
NC_011593.1:c2598562-2597207	NB551033:88:H5VWJBGX7:1:22304:14567:4109#0/2	97.333	150	4	0	884	1033	1	150	7.32e-66	255
NC_011593.1:c2598562-2597207	NB551033:88:H5VWJBGX7:4:13511:13480:13621#0/1	97.333	150	4	0	888	1037	150	1	7.32e-66	255
NC_011593.1:c2598562-2597207	NB551033:88:H5VWJBGX7:3:23403:20797:6103#0/1	97.333	150	4	0	870	1019	150	1	7.32e-66	255
NC_011593.1:c2598562-2597207	NB551033:88:H5VWJBGX7:2:22310:6418:9147#0/1	97.333	150	4	0	908	1057	150	1	7.32e-66	255
NC_011593.1:c2598562-2597207	NB551033:88:H5VWJBGX7:2:21311:7155:14431#0/1	97.333	150	4	0	907	1056	1	150	7.32e-66	255
NC_011593.1:c2598562-2597207	NB551033:88:H5VWJBGX7:1:21303:3786:8582#0/1	97.333	150	4	0	887	1036	150	1	7.32e-66	255
NC_011593.1:c2598562-2597207	NB551033:88:H5VWJBGX7:3:12401:17195:3620#0/2	97.945	146	3	0	967	1112	147	2	2.63e-65	254
NC_011593.1:c2598562-2597207	NB551033:88:H5VWJBGX7:2:22307:12930:5559#0/2	97.315	149	4	0	913	1061	149	1	2.63e-65	254
NC_011593.1:c2598562-2597207	NB551033:88:H5VWJBGX7:2:22101:5971:6511#0/2	97.315	149	4	0	808	956	149	1	2.63e-65	254
NC_011593.1:c2598562-2597207	NB551033:88:H5VWJBGX7:3:12401:17195:3620#0/1	97.945	146	3	0	967	1112	1	146	2.63e-65	254
NC_011593.1:c2598562-2597207	NB551033:88:H5VWJBGX7:2:12109:11907:17221#0/1	97.315	149	4	0	889	1037	1	149	2.63e-65	254
NC_011593.1:c2598562-2597207	NB551033:88:H5VWJBGX7:1:22110:2492:15207#0/1	97.315	149	4	0	908	1056	1	149	2.63e-65	254
NC_011593.1:c2598562-2597207	NB551033:88:H5VWJBGX7:4:13603:12459:16406#0/2	96.689	151	5	0	978	1128	1	151	9.47e-65	252
NC_011593.1:c2598562-2597207	NB551033:88:H5VWJBGX7:4:13501:18358:2129#0/2	97.297	148	4	0	871	1018	1	148	9.47e-65	252
NC_011593.1:c2598562-2597207	NB551033:88:H5VWJBGX7:4:11602:4229:9857#0/2	97.297	148	4	0	901	1048	148	1	9.47e-65	252
NC_011593.1:c2598562-2597207	NB551033:88:H5VWJBGX7:3:23412:13381:13039#0/2	96.689	151	5	0	894	1044	1	151	9.47e-65	252
NC_011593.1:c2598562-2597207	NB551033:88:H5VWJBGX7:3:23407:2024:7668#0/2	96.689	151	5	0	894	1044	1	151	9.47e-65	252
NC_011593.1:c2598562-2597207	NB551033:88:H5VWJBGX7:3:13603:7612:10412#0/2	96.689	151	5	0	462	612	1	151	9.47e-65	252
NC_011593.1:c2598562-2597207	NB551033:88:H5VWJBGX7:3:13512:10004:14628#0/2	96.689	151	5	0	1045	1195	1	151	9.47e-65	252
NC_011593.1:c2598562-2597207	NB551033:88:H5VWJBGX7:2:21103:23422:3995#0/2	96.689	151	5	0	847	997	151	1	9.47e-65	252
NC_011593.1:c2598562-2597207	NB551033:88:H5VWJBGX7:2:13111:18106:2252#0/2	96.689	151	5	0	430	580	1	151	9.47e-65	252
NC_011593.1:c2598562-2597207	NB551033:88:H5VWJBGX7:2:13104:5141:10253#0/2	96.689	151	5	0	1046	1196	151	1	9.47e-65	252
NC_011593.1:c2598562-2597207	NB551033:88:H5VWJBGX7:2:12207:5318:12567#0/2	96.689	151	5	0	1013	1163	151	1	9.47e-65	252
NC_011593.1:c2598562-2597207	NB551033:88:H5VWJBGX7:2:11108:23521:7507#0/2	96.689	151	5	0	894	1044	1	151	9.47e-65	252
NC_011593.1:c2598562-2597207	NB551033:88:H5VWJBGX7:1:13108:17533:5938#0/2	96.689	151	5	0	1044	1194	1	151	9.47e-65	252
NC_011593.1:c2598562-2597207	NB551033:88:H5VWJBGX7:1:12201:17708:4573#0/2	97.297	148	4	0	901	1048	3	150	9.47e-65	252
NC_011593.1:c2598562-2597207	NB551033:88:H5VWJBGX7:4:23609:4466:4503#0/1	96.689	151	5	0	847	997	151	1	9.47e-65	252
NC_011593.1:c2598562-2597207	NB551033:88:H5VWJBGX7:4:22411:4326:10522#0/1	96.689	151	5	0	976	1126	151	1	9.47e-65	252
NC_011593.1:c2598562-2597207	NB551033:88:H5VWJBGX7:4:13501:18358:2129#0/1	97.297	148	4	0	871	1018	148	1	9.47e-65	252
NC_011593.1:c2598562-2597207	NB551033:88:H5VWJBGX7:3:21601:21328:11077#0/1	97.297	148	4	0	901	1048	148	1	9.47e-65	252
NC_011593.1:c2598562-2597207	NB551033:88:H5VWJBGX7:3:11409:21512:5554#0/1	96.689	151	5	0	834	984	151	1	9.47e-65	252
NC_011593.1:c2598562-2597207	NB551033:88:H5VWJBGX7:2:22208:24813:15037#0/1	96.689	151	5	0	1013	1163	151	1	9.47e-65	252
NC_011593.1:c2598562-2597207	NB551033:88:H5VWJBGX7:2:13309:3189:4889#0/1	97.297	148	4	0	901	1048	148	1	9.47e-65	252
NC_011593.1:c2598562-2597207	NB551033:88:H5VWJBGX7:2:13304:9161:2041#0/1	96.689	151	5	0	1046	1196	151	1	9.47e-65	252
NC_011593.1:c2598562-2597207	NB551033:88:H5VWJBGX7:2:12312:18835:3135#0/1	96.689	151	5	0	980	1130	151	1	9.47e-65	252
NC_011593.1:c2598562-2597207	NB551033:88:H5VWJBGX7:1:22204:25114:13395#0/1	96.689	151	5	0	827	977	151	1	9.47e-65	252
NC_011593.1:c2598562-2597207	NB551033:88:H5VWJBGX7:1:21107:18225:15559#0/1	97.297	148	4	0	870	1017	148	1	9.47e-65	252
NC_011593.1:c2598562-2597207	NB551033:88:H5VWJBGX7:1:21106:16057:3188#0/1	96.689	151	5	0	897	1047	151	1	9.47e-65	252
NC_011593.1:c2598562-2597207	NB551033:88:H5VWJBGX7:1:12109:22711:5792#0/1	97.297	148	4	0	901	1048	3	150	9.47e-65	252
NC_011593.1:c2598562-2597207	NB551033:88:H5VWJBGX7:1:11107:20210:1609#0/1	96.689	151	5	0	823	973	151	1	9.47e-65	252
NC_011593.1:c2598562-2597207	NB551033:88:H5VWJBGX7:1:11102:5862:18264#0/1	97.297	148	4	0	901	1048	148	1	9.47e-65	252
NC_011593.1:c2598562-2597207	NB551033:88:H5VWJBGX7:4:23609:4466:4503#0/2	96.667	150	5	0	840	989	1	150	3.40e-64	250
NC_011593.1:c2598562-2597207	NB551033:88:H5VWJBGX7:4:22611:13964:2626#0/2	96.667	150	5	0	976	1125	150	1	3.40e-64	250
NC_011593.1:c2598562-2597207	NB551033:88:H5VWJBGX7:4:22405:13774:5325#0/2	96.667	150	5	0	1053	1202	1	150	3.40e-64	250
NC_011593.1:c2598562-2597207	NB551033:88:H5VWJBGX7:4:21511:7740:11281#0/2	96.667	150	5	0	977	1126	150	1	3.40e-64	250
NC_011593.1:c2598562-2597207	NB551033:88:H5VWJBGX7:4:13506:21706:11632#0/2	96.667	150	5	0	895	1044	150	1	3.40e-64	250
NC_011593.1:c2598562-2597207	NB551033:88:H5VWJBGX7:4:13409:24336:12676#0/2	96.667	150	5	0	1011	1160	1	150	3.40e-64	250
NC_011593.1:c2598562-2597207	NB551033:88:H5VWJBGX7:4:12412:9544:15816#0/2	96.667	150	5	0	1053	1202	1	150	3.40e-64	250
NC_011593.1:c2598562-2597207	NB551033:88:H5VWJBGX7:4:12405:4273:5058#0/2	96.667	150	5	0	1044	1193	1	150	3.40e-64	250
NC_011593.1:c2598562-2597207	NB551033:88:H5VWJBGX7:3:23601:12030:9478#0/2	96.667	150	5	0	1011	1160	1	150	3.40e-64	250
NC_011593.1:c2598562-2597207	NB551033:88:H5VWJBGX7:3:22602:14530:8093#0/2	96.667	150	5	0	905	1054	150	1	3.40e-64	250
NC_011593.1:c2598562-2597207	NB551033:88:H5VWJBGX7:3:12609:8401:8881#0/2	97.279	147	4	0	907	1053	1	147	3.40e-64	250
NC_011593.1:c2598562-2597207	NB551033:88:H5VWJBGX7:3:11511:9666:1545#0/2	96.667	150	5	0	819	968	150	1	3.40e-64	250
NC_011593.1:c2598562-2597207	NB551033:88:H5VWJBGX7:2:22203:12012:7275#0/2	96.667	150	5	0	1009	1158	1	150	3.40e-64	250
NC_011593.1:c2598562-2597207	NB551033:88:H5VWJBGX7:2:13208:25563:9237#0/2	96.667	150	5	0	831	980	1	150	3.40e-64	250
NC_011593.1:c2598562-2597207	NB551033:88:H5VWJBGX7:2:13110:7771:6814#0/2	96.667	150	5	0	473	622	1	150	3.40e-64	250
NC_011593.1:c2598562-2597207	NB551033:88:H5VWJBGX7:2:12104:21864:11968#0/2	96.667	150	5	0	1053	1202	1	150	3.40e-64	250
NC_011593.1:c2598562-2597207	NB551033:88:H5VWJBGX7:1:21212:23351:9286#0/2	96.667	150	5	0	1009	1158	150	1	3.40e-64	250
NC_011593.1:c2598562-2597207	NB551033:88:H5VWJBGX7:1:13206:25276:18194#0/2	96.667	150	5	0	1011	1160	1	150	3.40e-64	250
NC_011593.1:c2598562-2597207	NB551033:88:H5VWJBGX7:1:11203:19044:16221#0/2	96.667	150	5	0	1009	1158	150	1	3.40e-64	250
NC_011593.1:c2598562-2597207	NB551033:88:H5VWJBGX7:1:11108:5079:18583#0/2	96.667	150	5	0	1004	1153	150	1	3.40e-64	250
NC_011593.1:c2598562-2597207	NB551033:88:H5VWJBGX7:4:23606:11654:6184#0/1	96.667	150	5	0	819	968	150	1	3.40e-64	250
NC_011593.1:c2598562-2597207	NB551033:88:H5VWJBGX7:4:22507:15850:18761#0/1	96.667	150	5	0	1039	1188	1	150	3.40e-64	250
NC_011593.1:c2598562-2597207	NB551033:88:H5VWJBGX7:4:21604:22505:1360#0/1	96.667	150	5	0	989	1138	1	150	3.40e-64	250
NC_011593.1:c2598562-2597207	NB551033:88:H5VWJBGX7:4:13403:8064:10272#0/1	96.667	150	5	0	820	969	150	1	3.40e-64	250
NC_011593.1:c2598562-2597207	NB551033:88:H5VWJBGX7:4:11412:6518:2523#0/1	96.667	150	5	0	894	1043	1	150	3.40e-64	250
NC_011593.1:c2598562-2597207	NB551033:88:H5VWJBGX7:3:23412:13381:13039#0/1	96.667	150	5	0	1009	1158	150	1	3.40e-64	250
NC_011593.1:c2598562-2597207	NB551033:88:H5VWJBGX7:3:22406:14301:9776#0/1	96.667	150	5	0	898	1047	1	150	3.40e-64	250
NC_011593.1:c2598562-2597207	NB551033:88:H5VWJBGX7:3:21510:9297:11397#0/1	96.667	150	5	0	1048	1197	150	1	3.40e-64	250
NC_011593.1:c2598562-2597207	NB551033:88:H5VWJBGX7:3:21508:21447:5592#0/1	97.279	147	4	0	901	1047	147	1	3.40e-64	250
NC_011593.1:c2598562-2597207	NB551033:88:H5VWJBGX7:3:12609:8401:8881#0/1	97.279	147	4	0	907	1053	147	1	3.40e-64	250
NC_011593.1:c2598562-2597207	NB551033:88:H5VWJBGX7:2:22208:23155:4585#0/1	96.667	150	5	0	1010	1159	150	1	3.40e-64	250
NC_011593.1:c2598562-2597207	NB551033:88:H5VWJBGX7:2:13104:5141:10253#0/1	96.667	150	5	0	838	987	1	150	3.40e-64	250
NC_011593.1:c2598562-2597207	NB551033:88:H5VWJBGX7:2:11109:4920:12931#0/1	96.667	150	5	0	832	981	1	150	3.40e-64	250
NC_011593.1:c2598562-2597207	NB551033:88:H5VWJBGX7:1:21110:11482:3087#0/1	96.667	150	5	0	820	969	150	1	3.40e-64	250
NC_011593.1:c2598562-2597207	NB551033:88:H5VWJBGX7:1:13307:21163:1778#0/1	96.667	150	5	0	824	973	2	151	3.40e-64	250
NC_011593.1:c2598562-2597207	NB551033:88:H5VWJBGX7:1:13106:16674:9586#0/1	96.667	150	5	0	898	1047	1	150	3.40e-64	250
NC_011593.1:c2598562-2597207	NB551033:88:H5VWJBGX7:1:12201:17708:4573#0/1	96.667	150	5	0	1048	1197	150	1	3.40e-64	250
NC_011593.1:c2598562-2597207	NB551033:88:H5VWJBGX7:1:12108:20810:10712#0/1	96.667	150	5	0	1009	1158	150	1	3.40e-64	250
NC_011593.1:c2598562-2597207	NB551033:88:H5VWJBGX7:4:23401:23317:17503#0/2	96.644	149	5	0	955	1103	1	149	1.22e-63	248
NC_011593.1:c2598562-2597207	NB551033:88:H5VWJBGX7:3:11606:6257:13717#0/2	97.260	146	4	0	484	629	149	4	1.22e-63	248
NC_011593.1:c2598562-2597207	NB551033:88:H5VWJBGX7:2:21310:15472:6640#0/2	96.644	149	5	0	820	968	149	1	1.22e-63	248
NC_011593.1:c2598562-2597207	NB551033:88:H5VWJBGX7:1:23303:21309:11785#0/2	97.260	146	4	0	479	624	1	146	1.22e-63	248
NC_011593.1:c2598562-2597207	NB551033:88:H5VWJBGX7:1:23205:3954:15090#0/2	96.644	149	5	0	1040	1188	1	149	1.22e-63	248
NC_011593.1:c2598562-2597207	NB551033:88:H5VWJBGX7:1:22212:3521:14672#0/2	96.644	149	5	0	820	968	149	1	1.22e-63	248
NC_011593.1:c2598562-2597207	NB551033:88:H5VWJBGX7:1:22108:7771:3107#0/2	97.260	146	4	0	484	629	149	4	1.22e-63	248
NC_011593.1:c2598562-2597207	NB551033:88:H5VWJBGX7:1:13304:19483:5079#0/2	96.644	149	5	0	838	986	1	149	1.22e-63	248
NC_011593.1:c2598562-2597207	NB551033:88:H5VWJBGX7:1:11205:25944:13569#0/2	96.644	149	5	0	1040	1188	1	149	1.22e-63	248
NC_011593.1:c2598562-2597207	NB551033:88:H5VWJBGX7:4:23601:10251:8631#0/1	96.644	149	5	0	820	968	149	1	1.22e-63	248
NC_011593.1:c2598562-2597207	NB551033:88:H5VWJBGX7:4:11606:9158:15626#0/1	96.644	149	5	0	820	968	149	1	1.22e-63	248
NC_011593.1:c2598562-2597207	NB551033:88:H5VWJBGX7:4:11408:8037:18073#0/1	96.644	149	5	0	1040	1188	1	149	1.22e-63	248
NC_011593.1:c2598562-2597207	NB551033:88:H5VWJBGX7:3:11602:25021:16640#0/1	96.644	149	5	0	1015	1163	1	149	1.22e-63	248
NC_011593.1:c2598562-2597207	NB551033:88:H5VWJBGX7:2:23307:11293:20330#0/1	97.902	143	3	0	960	1102	143	1	1.22e-63	248
NC_011593.1:c2598562-2597207	NB551033:88:H5VWJBGX7:1:23303:21309:11785#0/1	97.260	146	4	0	479	624	146	1	1.22e-63	248
NC_011593.1:c2598562-2597207	NB551033:88:H5VWJBGX7:1:13304:19483:5079#0/1	96.644	149	5	0	838	986	149	1	1.22e-63	248
NC_011593.1:c2598562-2597207	NB551033:88:H5VWJBGX7:1:12211:1420:9336#0/1	96.644	149	5	0	820	968	149	1	1.22e-63	248
NC_011593.1:c2598562-2597207	NB551033:88:H5VWJBGX7:4:23409:18073:19687#0/2	96.026	151	6	0	490	640	1	151	4.40e-63	246
NC_011593.1:c2598562-2597207	NB551033:88:H5VWJBGX7:4:22406:11053:18096#0/2	96.026	151	6	0	1034	1184	1	151	4.40e-63	246
NC_011593.1:c2598562-2597207	NB551033:88:H5VWJBGX7:4:11611:16745:14405#0/2	96.622	148	5	0	809	956	1	148	4.40e-63	246
NC_011593.1:c2598562-2597207	NB551033:88:H5VWJBGX7:3:23612:21922:5212#0/2	96.026	151	6	0	453	603	1	151	4.40e-63	246
NC_011593.1:c2598562-2597207	NB551033:88:H5VWJBGX7:3:13608:12416:16365#0/2	96.026	151	6	0	1026	1176	151	1	4.40e-63	246
NC_011593.1:c2598562-2597207	NB551033:88:H5VWJBGX7:3:13601:2849:6865#0/2	96.026	151	6	0	1026	1176	151	1	4.40e-63	246
NC_011593.1:c2598562-2597207	NB551033:88:H5VWJBGX7:3:12604:25343:18897#0/2	96.026	151	6	0	1021	1171	1	151	4.40e-63	246
NC_011593.1:c2598562-2597207	NB551033:88:H5VWJBGX7:2:23307:11293:20330#0/2	97.887	142	3	0	960	1101	1	142	4.40e-63	246
NC_011593.1:c2598562-2597207	NB551033:88:H5VWJBGX7:2:12303:13543:14208#0/2	96.026	151	6	0	492	642	1	151	4.40e-63	246
NC_011593.1:c2598562-2597207	NB551033:88:H5VWJBGX7:2:12303:22704:1521#0/2	96.622	148	5	0	1011	1158	148	1	4.40e-63	246
NC_011593.1:c2598562-2597207	NB551033:88:H5VWJBGX7:2:12206:18212:7969#0/2	96.026	151	6	0	1026	1176	151	1	4.40e-63	246
NC_011593.1:c2598562-2597207	NB551033:88:H5VWJBGX7:1:22102:14831:8878#0/2	96.026	151	6	0	462	612	1	151	4.40e-63	246
NC_011593.1:c2598562-2597207	NB551033:88:H5VWJBGX7:1:13307:21163:1778#0/2	96.622	148	5	0	895	1042	148	1	4.40e-63	246
NC_011593.1:c2598562-2597207	NB551033:88:H5VWJBGX7:1:12305:17844:7193#0/2	96.622	148	5	0	459	606	3	150	4.40e-63	246
NC_011593.1:c2598562-2597207	NB551033:88:H5VWJBGX7:1:12109:22711:5792#0/2	96.026	151	6	0	1062	1212	151	1	4.40e-63	246
NC_011593.1:c2598562-2597207	NB551033:88:H5VWJBGX7:4:23607:7845:18118#0/1	96.622	148	5	0	895	1042	148	1	4.40e-63	246
NC_011593.1:c2598562-2597207	NB551033:88:H5VWJBGX7:4:23411:1084:19018#0/1	96.026	151	6	0	1061	1211	151	1	4.40e-63	246
NC_011593.1:c2598562-2597207	NB551033:88:H5VWJBGX7:4:23410:26499:19013#0/1	96.026	151	6	0	1061	1211	151	1	4.40e-63	246
NC_011593.1:c2598562-2597207	NB551033:88:H5VWJBGX7:4:13506:24773:8497#0/1	96.026	151	6	0	1009	1159	1	151	4.40e-63	246
NC_011593.1:c2598562-2597207	NB551033:88:H5VWJBGX7:4:11611:16745:14405#0/1	96.622	148	5	0	821	968	148	1	4.40e-63	246
NC_011593.1:c2598562-2597207	NB551033:88:H5VWJBGX7:3:23612:21922:5212#0/1	96.622	148	5	0	854	1001	150	3	4.40e-63	246
NC_011593.1:c2598562-2597207	NB551033:88:H5VWJBGX7:2:23103:21176:9663#0/1	96.026	151	6	0	894	1044	1	151	4.40e-63	246
NC_011593.1:c2598562-2597207	NB551033:88:H5VWJBGX7:2:13208:25563:9237#0/1	96.026	151	6	0	862	1012	151	1	4.40e-63	246
NC_011593.1:c2598562-2597207	NB551033:88:H5VWJBGX7:2:12303:22704:1521#0/1	96.622	148	5	0	1011	1158	1	148	4.40e-63	246
NC_011593.1:c2598562-2597207	NB551033:88:H5VWJBGX7:2:12201:12031:5605#0/1	96.622	148	5	0	890	1037	150	3	4.40e-63	246
NC_011593.1:c2598562-2597207	NB551033:88:H5VWJBGX7:2:12104:21864:11968#0/1	96.026	151	6	0	1068	1218	151	1	4.40e-63	246
NC_011593.1:c2598562-2597207	NB551033:88:H5VWJBGX7:1:21101:3514:6010#0/1	96.026	151	6	0	1073	1223	1	151	4.40e-63	246
NC_011593.1:c2598562-2597207	NB551033:88:H5VWJBGX7:1:12101:13871:14601#0/1	96.026	151	6	0	1073	1223	1	151	4.40e-63	246
NC_011593.1:c2598562-2597207	NB551033:88:H5VWJBGX7:4:23508:1455:2223#0/2	96.000	150	6	0	862	1011	1	150	1.58e-62	244
NC_011593.1:c2598562-2597207	NB551033:88:H5VWJBGX7:4:21609:25908:14858#0/2	96.000	150	6	0	1068	1217	1	150	1.58e-62	244
NC_011593.1:c2598562-2597207	NB551033:88:H5VWJBGX7:4:13610:3004:5884#0/2	96.000	150	6	0	824	973	1	150	1.58e-62	244
NC_011593.1:c2598562-2597207	NB551033:88:H5VWJBGX7:4:12411:23850:4520#0/2	96.000	150	6	0	1025	1174	150	1	1.58e-62	244
NC_011593.1:c2598562-2597207	NB551033:88:H5VWJBGX7:3:23402:21531:11705#0/2	96.000	150	6	0	456	605	1	150	1.58e-62	244
NC_011593.1:c2598562-2597207	NB551033:88:H5VWJBGX7:3:22606:7115:8334#0/2	96.000	150	6	0	1029	1178	1	150	1.58e-62	244
NC_011593.1:c2598562-2597207	NB551033:88:H5VWJBGX7:3:22502:9839:12566#0/2	96.000	150	6	0	1074	1223	150	1	1.58e-62	244
NC_011593.1:c2598562-2597207	NB551033:88:H5VWJBGX7:3:13405:20322:1305#0/2	96.000	150	6	0	1017	1166	150	1	1.58e-62	244
NC_011593.1:c2598562-2597207	NB551033:88:H5VWJBGX7:3:12612:12608:4853#0/2	96.000	150	6	0	1074	1223	150	1	1.58e-62	244
NC_011593.1:c2598562-2597207	NB551033:88:H5VWJBGX7:2:11109:4920:12931#0/2	96.000	150	6	0	1074	1223	150	1	1.58e-62	244
NC_011593.1:c2598562-2597207	NB551033:88:H5VWJBGX7:1:23101:1837:7224#0/2	96.000	150	6	0	1101	1250	1	150	1.58e-62	244
NC_011593.1:c2598562-2597207	NB551033:88:H5VWJBGX7:1:22109:6441:7678#0/2	96.000	150	6	0	1029	1178	1	150	1.58e-62	244
NC_011593.1:c2598562-2597207	NB551033:88:H5VWJBGX7:1:13305:14099:6284#0/2	96.000	150	6	0	1029	1178	1	150	1.58e-62	244
NC_011593.1:c2598562-2597207	NB551033:88:H5VWJBGX7:1:13106:16674:9586#0/2	96.000	150	6	0	1074	1223	150	1	1.58e-62	244
NC_011593.1:c2598562-2597207	NB551033:88:H5VWJBGX7:1:12205:4515:15139#0/2	96.599	147	5	0	1039	1185	147	1	1.58e-62	244
NC_011593.1:c2598562-2597207	NB551033:88:H5VWJBGX7:1:12101:13871:14601#0/2	96.000	150	6	0	1074	1223	151	2	1.58e-62	244
NC_011593.1:c2598562-2597207	NB551033:88:H5VWJBGX7:4:21601:24522:4187#0/1	96.000	150	6	0	1070	1219	150	1	1.58e-62	244
NC_011593.1:c2598562-2597207	NB551033:88:H5VWJBGX7:4:21412:20238:7123#0/1	96.000	150	6	0	1063	1212	1	150	1.58e-62	244
NC_011593.1:c2598562-2597207	NB551033:88:H5VWJBGX7:4:21408:5800:4271#0/1	96.000	150	6	0	997	1146	150	1	1.58e-62	244
NC_011593.1:c2598562-2597207	NB551033:88:H5VWJBGX7:3:22502:9839:12566#0/1	97.222	144	4	0	808	951	8	151	1.58e-62	244
NC_011593.1:c2598562-2597207	NB551033:88:H5VWJBGX7:3:11606:6257:13717#0/1	96.000	150	6	0	447	596	1	150	1.58e-62	244
NC_011593.1:c2598562-2597207	NB551033:88:H5VWJBGX7:2:12111:24943:19259#0/1	96.000	150	6	0	1104	1253	1	150	1.58e-62	244
NC_011593.1:c2598562-2597207	NB551033:88:H5VWJBGX7:2:11108:23521:7507#0/1	96.000	150	6	0	995	1144	150	1	1.58e-62	244
NC_011593.1:c2598562-2597207	NB551033:88:H5VWJBGX7:1:23309:1915:9225#0/1	96.000	150	6	0	1036	1185	1	150	1.58e-62	244
NC_011593.1:c2598562-2597207	NB551033:88:H5VWJBGX7:1:23202:14312:2477#0/1	96.000	150	6	0	980	1129	1	150	1.58e-62	244
NC_011593.1:c2598562-2597207	NB551033:88:H5VWJBGX7:1:22108:7771:3107#0/1	96.000	150	6	0	447	596	1	150	1.58e-62	244
NC_011593.1:c2598562-2597207	NB551033:88:H5VWJBGX7:1:13308:12488:9620#0/1	96.026	151	5	1	471	621	1	150	1.58e-62	244
NC_011593.1:c2598562-2597207	NB551033:88:H5VWJBGX7:1:13205:2988:8112#0/1	97.222	144	4	0	808	951	144	1	1.58e-62	244
NC_011593.1:c2598562-2597207	NB551033:88:H5VWJBGX7:4:13612:8417:14257#0/2	95.973	149	6	0	1030	1178	1	149	5.70e-62	243
NC_011593.1:c2598562-2597207	NB551033:88:H5VWJBGX7:3:23504:6616:5012#0/2	95.973	149	6	0	1101	1249	1	149	5.70e-62	243
NC_011593.1:c2598562-2597207	NB551033:88:H5VWJBGX7:3:22406:11152:19447#0/2	95.973	149	6	0	1075	1223	1	149	5.70e-62	243
NC_011593.1:c2598562-2597207	NB551033:88:H5VWJBGX7:1:23106:22305:7669#0/2	95.973	149	6	0	894	1042	149	1	5.70e-62	243
NC_011593.1:c2598562-2597207	NB551033:88:H5VWJBGX7:1:21208:2545:13860#0/2	95.973	149	6	0	1106	1254	1	149	5.70e-62	243
NC_011593.1:c2598562-2597207	NB551033:88:H5VWJBGX7:1:21212:23351:9286#0/1	97.203	143	4	0	808	950	9	151	5.70e-62	243
NC_011593.1:c2598562-2597207	NB551033:88:H5VWJBGX7:4:21505:2120:17882#0/2	95.364	151	7	0	1092	1242	1	151	2.05e-61	241
NC_011593.1:c2598562-2597207	NB551033:88:H5VWJBGX7:4:12411:25554:4220#0/2	95.364	151	7	0	1132	1282	151	1	2.05e-61	241
NC_011593.1:c2598562-2597207	NB551033:88:H5VWJBGX7:1:11310:8208:2181#0/2	95.946	148	6	0	895	1042	148	1	2.05e-61	241
NC_011593.1:c2598562-2597207	NB551033:88:H5VWJBGX7:4:23611:15761:12459#0/1	95.364	151	7	0	1103	1253	1	151	2.05e-61	241
NC_011593.1:c2598562-2597207	NB551033:88:H5VWJBGX7:4:23402:19121:4390#0/1	96.552	145	5	0	485	629	1	145	2.05e-61	241
NC_011593.1:c2598562-2597207	NB551033:88:H5VWJBGX7:4:13603:12459:16406#0/1	95.364	151	7	0	1078	1228	151	1	2.05e-61	241
NC_011593.1:c2598562-2597207	NB551033:88:H5VWJBGX7:4:13407:2524:12780#0/1	95.364	151	7	0	1131	1281	1	151	2.05e-61	241
NC_011593.1:c2598562-2597207	NB551033:88:H5VWJBGX7:4:12406:8699:2521#0/1	95.364	151	7	0	1127	1277	1	151	2.05e-61	241
NC_011593.1:c2598562-2597207	NB551033:88:H5VWJBGX7:3:23612:10330:14588#0/1	95.364	151	7	0	1080	1230	1	151	2.05e-61	241
NC_011593.1:c2598562-2597207	NB551033:88:H5VWJBGX7:3:22606:7115:8334#0/1	95.364	151	7	0	1130	1280	151	1	2.05e-61	241
NC_011593.1:c2598562-2597207	NB551033:88:H5VWJBGX7:3:22512:15707:12594#0/1	95.364	151	7	0	1080	1230	1	151	2.05e-61	241
NC_011593.1:c2598562-2597207	NB551033:88:H5VWJBGX7:2:22307:12930:5559#0/1	95.364	151	7	0	847	997	1	151	2.05e-61	241
NC_011593.1:c2598562-2597207	NB551033:88:H5VWJBGX7:2:22203:12012:7275#0/1	95.364	151	7	0	1078	1228	151	1	2.05e-61	241
NC_011593.1:c2598562-2597207	NB551033:88:H5VWJBGX7:2:12212:23687:6918#0/1	95.364	151	7	0	1080	1230	1	151	2.05e-61	241
NC_011593.1:c2598562-2597207	NB551033:88:H5VWJBGX7:2:11210:21490:12594#0/1	95.946	148	6	0	1099	1246	3	150	2.05e-61	241
NC_011593.1:c2598562-2597207	NB551033:88:H5VWJBGX7:1:22106:25541:5534#0/1	96.552	145	5	0	429	573	6	150	2.05e-61	241
NC_011593.1:c2598562-2597207	NB551033:88:H5VWJBGX7:1:21101:12139:18028#0/1	95.364	151	7	0	1123	1273	151	1	2.05e-61	241
NC_011593.1:c2598562-2597207	NB551033:88:H5VWJBGX7:1:13202:9998:9773#0/1	95.364	151	7	0	1061	1211	151	1	2.05e-61	241
NC_011593.1:c2598562-2597207	NB551033:88:H5VWJBGX7:4:21412:20238:7123#0/2	95.333	150	7	0	1129	1278	150	1	7.37e-61	239
NC_011593.1:c2598562-2597207	NB551033:88:H5VWJBGX7:4:11408:8037:18073#0/2	95.333	150	7	0	1129	1278	150	1	7.37e-61	239
NC_011593.1:c2598562-2597207	NB551033:88:H5VWJBGX7:3:23411:7553:1096#0/2	97.163	141	4	0	485	625	142	2	7.37e-61	239
NC_011593.1:c2598562-2597207	NB551033:88:H5VWJBGX7:2:23205:8257:18891#0/2	95.918	147	6	0	1077	1223	1	147	7.37e-61	239
NC_011593.1:c2598562-2597207	NB551033:88:H5VWJBGX7:2:21311:7155:14431#0/2	95.333	150	7	0	1129	1278	150	1	7.37e-61	239
NC_011593.1:c2598562-2597207	NB551033:88:H5VWJBGX7:1:11209:16733:15768#0/2	95.333	150	7	0	1086	1235	1	150	7.37e-61	239
NC_011593.1:c2598562-2597207	NB551033:88:H5VWJBGX7:3:23411:7553:1096#0/1	97.163	141	4	0	485	625	1	141	7.37e-61	239
NC_011593.1:c2598562-2597207	NB551033:88:H5VWJBGX7:2:13204:13667:11851#0/1	95.333	150	7	0	1091	1240	150	1	7.37e-61	239
NC_011593.1:c2598562-2597207	NB551033:88:H5VWJBGX7:1:23205:3954:15090#0/1	95.333	150	7	0	1091	1240	150	1	7.37e-61	239
NC_011593.1:c2598562-2597207	NB551033:88:H5VWJBGX7:1:22202:3973:11993#0/1	95.333	150	7	0	453	602	1	150	7.37e-61	239
NC_011593.1:c2598562-2597207	NB551033:88:H5VWJBGX7:1:12309:5410:9024#0/1	95.333	150	7	0	1133	1282	150	1	7.37e-61	239
NC_011593.1:c2598562-2597207	NB551033:88:H5VWJBGX7:1:11205:25944:13569#0/1	95.333	150	7	0	1084	1233	150	1	7.37e-61	239
NC_011593.1:c2598562-2597207	NB551033:88:H5VWJBGX7:4:13406:3702:6081#0/2	95.302	149	7	0	1123	1271	2	150	2.65e-60	237
NC_011593.1:c2598562-2597207	NB551033:88:H5VWJBGX7:4:11510:23686:1991#0/2	96.503	143	5	0	808	950	143	1	2.65e-60	237
NC_011593.1:c2598562-2597207	NB551033:88:H5VWJBGX7:1:12211:11116:7511#0/2	97.810	137	3	0	901	1037	3	139	2.65e-60	237
NC_011593.1:c2598562-2597207	NB551033:88:H5VWJBGX7:4:11509:4680:8488#0/1	97.143	140	4	0	489	628	140	1	2.65e-60	237
NC_011593.1:c2598562-2597207	NB551033:88:H5VWJBGX7:3:22612:22799:15478#0/1	96.503	143	5	0	486	628	150	8	2.65e-60	237
NC_011593.1:c2598562-2597207	NB551033:88:H5VWJBGX7:1:12211:11116:7511#0/1	97.810	137	3	0	901	1037	139	3	2.65e-60	237
NC_011593.1:c2598562-2597207	NB551033:88:H5VWJBGX7:3:23411:10243:15958#0/2	95.270	148	7	0	1136	1283	1	148	9.53e-60	235
NC_011593.1:c2598562-2597207	NB551033:88:H5VWJBGX7:4:23508:1455:2223#0/1	97.122	139	4	0	873	1011	139	1	9.53e-60	235
NC_011593.1:c2598562-2597207	NB551033:88:H5VWJBGX7:4:13601:13812:2411#0/1	97.122	139	4	0	907	1045	1	139	9.53e-60	235
NC_011593.1:c2598562-2597207	NB551033:88:H5VWJBGX7:3:22410:18718:19624#0/2	96.454	141	5	0	1114	1254	2	142	3.43e-59	233
NC_011593.1:c2598562-2597207	NB551033:88:H5VWJBGX7:3:13607:9482:17941#0/2	97.778	135	3	0	920	1054	135	1	3.43e-59	233
NC_011593.1:c2598562-2597207	NB551033:88:H5VWJBGX7:2:11212:16409:2394#0/2	95.238	147	7	0	1140	1286	148	2	3.43e-59	233
NC_011593.1:c2598562-2597207	NB551033:88:H5VWJBGX7:1:21104:3974:12184#0/2	96.454	141	5	0	1114	1254	2	142	3.43e-59	233
NC_011593.1:c2598562-2597207	NB551033:88:H5VWJBGX7:3:23601:12030:9478#0/1	95.238	147	7	0	1140	1286	147	1	3.43e-59	233
NC_011593.1:c2598562-2597207	NB551033:88:H5VWJBGX7:3:22410:18718:19624#0/1	96.454	141	5	0	1114	1254	147	7	3.43e-59	233
NC_011593.1:c2598562-2597207	NB551033:88:H5VWJBGX7:3:13607:9482:17941#0/1	97.778	135	3	0	920	1054	1	135	3.43e-59	233
NC_011593.1:c2598562-2597207	NB551033:88:H5VWJBGX7:3:13512:10004:14628#0/1	96.454	141	5	0	1114	1254	146	6	3.43e-59	233
NC_011593.1:c2598562-2597207	NB551033:88:H5VWJBGX7:3:11503:25396:1609#0/1	95.238	147	7	0	1137	1283	1	147	3.43e-59	233
NC_011593.1:c2598562-2597207	NB551033:88:H5VWJBGX7:1:21208:2545:13860#0/1	95.238	147	7	0	1140	1286	147	1	3.43e-59	233
NC_011593.1:c2598562-2597207	NB551033:88:H5VWJBGX7:1:21112:21696:4262#0/1	95.833	144	6	0	1111	1254	1	144	3.43e-59	233
NC_011593.1:c2598562-2597207	NB551033:88:H5VWJBGX7:2:13111:18106:2252#0/1	95.804	143	6	0	500	642	150	8	1.23e-58	231
NC_011593.1:c2598562-2597207	NB551033:88:H5VWJBGX7:3:12612:12608:4853#0/1	96.403	139	5	0	852	990	1	139	4.44e-58	230
NC_011593.1:c2598562-2597207	NB551033:88:H5VWJBGX7:1:22112:12236:8306#0/1	95.139	144	7	0	499	642	146	3	1.60e-57	228
NC_011593.1:c2598562-2597207	NB551033:88:H5VWJBGX7:2:22311:5439:14573#0/2	95.714	140	6	0	1101	1240	1	140	5.74e-57	226
NC_011593.1:c2598562-2597207	NB551033:88:H5VWJBGX7:1:22102:23222:20087#0/2	97.015	134	4	0	808	941	134	1	5.74e-57	226
NC_011593.1:c2598562-2597207	NB551033:88:H5VWJBGX7:4:11510:23686:1991#0/1	96.350	137	5	0	429	565	12	148	5.74e-57	226
NC_011593.1:c2598562-2597207	NB551033:88:H5VWJBGX7:2:22311:5439:14573#0/1	95.714	140	6	0	1101	1240	140	1	5.74e-57	226
NC_011593.1:c2598562-2597207	NB551033:88:H5VWJBGX7:3:11410:25111:7731#0/2	97.692	130	3	0	908	1037	130	1	2.06e-56	224
NC_011593.1:c2598562-2597207	NB551033:88:H5VWJBGX7:3:11410:25111:7731#0/1	97.692	130	3	0	908	1037	1	130	2.06e-56	224
NC_011593.1:c2598562-2597207	NB551033:88:H5VWJBGX7:4:13606:15447:18304#0/2	97.656	128	3	0	915	1042	128	1	2.67e-55	220
NC_011593.1:c2598562-2597207	NB551033:88:H5VWJBGX7:4:13606:15447:18304#0/1	97.656	128	3	0	915	1042	1	128	2.67e-55	220
NC_011593.1:c2598562-2597207	NB551033:88:H5VWJBGX7:1:13208:15683:14796#0/1	96.947	131	4	0	809	939	131	1	2.67e-55	220
NC_011593.1:c2598562-2597207	NB551033:88:H5VWJBGX7:4:23501:11188:18271#0/2	97.638	127	3	0	931	1057	127	1	9.60e-55	219
NC_011593.1:c2598562-2597207	NB551033:88:H5VWJBGX7:3:13512:11121:11056#0/2	96.241	133	5	0	429	561	6	138	9.60e-55	219
NC_011593.1:c2598562-2597207	NB551033:88:H5VWJBGX7:2:22109:10169:19341#0/2	96.241	133	5	0	429	561	18	150	9.60e-55	219
NC_011593.1:c2598562-2597207	NB551033:88:H5VWJBGX7:2:11303:7383:3009#0/2	96.923	130	4	0	479	608	1	130	9.60e-55	219
NC_011593.1:c2598562-2597207	NB551033:88:H5VWJBGX7:4:23501:11188:18271#0/1	97.638	127	3	0	931	1057	1	127	9.60e-55	219
NC_011593.1:c2598562-2597207	NB551033:88:H5VWJBGX7:2:11303:7383:3009#0/1	96.923	130	4	0	479	608	130	1	9.60e-55	219
NC_011593.1:c2598562-2597207	NB551033:88:H5VWJBGX7:4:13611:3917:17808#0/2	97.600	125	3	0	958	1082	125	1	1.24e-53	215
NC_011593.1:c2598562-2597207	NB551033:88:H5VWJBGX7:4:11606:9158:15626#0/2	96.875	128	4	0	808	935	24	151	1.24e-53	215
NC_011593.1:c2598562-2597207	NB551033:88:H5VWJBGX7:2:11309:9407:14993#0/2	98.361	122	2	0	961	1082	1	122	1.24e-53	215
NC_011593.1:c2598562-2597207	NB551033:88:H5VWJBGX7:1:11102:5862:18264#0/2	96.875	128	4	0	808	935	24	151	1.24e-53	215
NC_011593.1:c2598562-2597207	NB551033:88:H5VWJBGX7:1:23106:22305:7669#0/1	96.875	128	4	0	894	1021	1	128	1.24e-53	215
NC_011593.1:c2598562-2597207	NB551033:88:H5VWJBGX7:1:11310:8208:2181#0/1	96.875	128	4	0	808	935	23	150	1.24e-53	215
NC_011593.1:c2598562-2597207	NB551033:88:H5VWJBGX7:4:23607:7845:18118#0/2	96.850	127	4	0	808	934	23	149	4.47e-53	213
NC_011593.1:c2598562-2597207	NB551033:88:H5VWJBGX7:4:13511:13480:13621#0/2	96.850	127	4	0	808	934	24	150	4.47e-53	213
NC_011593.1:c2598562-2597207	NB551033:88:H5VWJBGX7:2:23303:9157:18692#0/2	96.850	127	4	0	808	934	127	1	4.47e-53	213
NC_011593.1:c2598562-2597207	NB551033:88:H5VWJBGX7:2:22206:25865:2432#0/1	96.850	127	4	0	808	934	127	1	4.47e-53	213
NC_011593.1:c2598562-2597207	NB551033:88:H5VWJBGX7:1:12202:17094:3985#0/2	96.094	128	5	0	429	556	23	150	5.78e-52	209
NC_011593.1:c2598562-2597207	NB551033:88:H5VWJBGX7:4:12411:23850:4520#0/1	96.094	128	5	0	808	935	24	151	5.78e-52	209
NC_011593.1:c2598562-2597207	NB551033:88:H5VWJBGX7:2:22107:7760:7305#0/2	98.305	118	2	0	978	1095	118	1	2.08e-51	207
NC_011593.1:c2598562-2597207	NB551033:88:H5VWJBGX7:4:11406:15211:20209#0/1	96.774	124	4	0	485	608	124	1	2.08e-51	207
NC_011593.1:c2598562-2597207	NB551033:88:H5VWJBGX7:2:22107:7760:7305#0/1	98.305	118	2	0	978	1095	1	118	2.08e-51	207
NC_011593.1:c2598562-2597207	NB551033:88:H5VWJBGX7:1:21101:3380:4579#0/2	96.032	126	5	0	808	933	26	151	7.47e-51	206
NC_011593.1:c2598562-2597207	NB551033:88:H5VWJBGX7:3:22602:14530:8093#0/1	96.748	123	4	0	808	930	29	151	7.47e-51	206
NC_011593.1:c2598562-2597207	NB551033:88:H5VWJBGX7:3:11411:1496:2925#0/1	96.032	126	5	0	808	933	24	149	7.47e-51	206
NC_011593.1:c2598562-2597207	NB551033:88:H5VWJBGX7:1:11210:10978:15194#0/2	96.000	125	5	0	1034	1158	1	125	2.69e-50	204
NC_011593.1:c2598562-2597207	NB551033:88:H5VWJBGX7:1:11210:10978:15194#0/1	96.000	125	5	0	1034	1158	125	1	2.69e-50	204
NC_011593.1:c2598562-2597207	NB551033:88:H5VWJBGX7:3:11408:12151:7667#0/2	96.694	121	4	0	808	928	121	1	9.67e-50	202
NC_011593.1:c2598562-2597207	NB551033:88:H5VWJBGX7:2:22303:25469:12225#0/2	96.694	121	4	0	808	928	9	129	9.67e-50	202
NC_011593.1:c2598562-2597207	NB551033:88:H5VWJBGX7:2:22107:25870:3945#0/2	95.276	127	6	0	1154	1280	1	127	9.67e-50	202
NC_011593.1:c2598562-2597207	NB551033:88:H5VWJBGX7:2:22303:25469:12225#0/1	96.694	121	4	0	808	928	121	1	9.67e-50	202
NC_011593.1:c2598562-2597207	NB551033:88:H5VWJBGX7:2:22107:25870:3945#0/1	95.276	127	6	0	1154	1280	127	1	9.67e-50	202
NC_011593.1:c2598562-2597207	NB551033:88:H5VWJBGX7:4:23512:9380:15446#0/2	95.935	123	5	0	1029	1151	123	1	3.48e-49	200
NC_011593.1:c2598562-2597207	NB551033:88:H5VWJBGX7:1:22110:2492:15207#0/2	96.667	120	4	0	1039	1158	120	1	3.48e-49	200
NC_011593.1:c2598562-2597207	NB551033:88:H5VWJBGX7:4:23512:9380:15446#0/1	95.935	123	5	0	1029	1151	1	123	3.48e-49	200
NC_011593.1:c2598562-2597207	NB551033:88:H5VWJBGX7:4:12411:25554:4220#0/1	96.667	120	4	0	808	927	23	142	3.48e-49	200
NC_011593.1:c2598562-2597207	NB551033:88:H5VWJBGX7:3:13601:2849:6865#0/1	96.667	120	4	0	808	927	31	150	3.48e-49	200
NC_011593.1:c2598562-2597207	NB551033:88:H5VWJBGX7:2:12312:20777:19952#0/1	95.902	122	5	0	808	929	122	1	1.25e-48	198
NC_011593.1:c2598562-2597207	NB551033:88:H5VWJBGX7:4:12604:15793:3868#0/2	96.610	118	4	0	509	626	118	1	4.50e-48	196
NC_011593.1:c2598562-2597207	NB551033:88:H5VWJBGX7:4:12408:19110:19933#0/2	96.610	118	4	0	496	613	118	1	4.50e-48	196
NC_011593.1:c2598562-2597207	NB551033:88:H5VWJBGX7:4:11603:14134:10032#0/2	96.610	118	4	0	811	928	118	1	4.50e-48	196
NC_011593.1:c2598562-2597207	NB551033:88:H5VWJBGX7:4:12604:15793:3868#0/1	96.610	118	4	0	509	626	1	118	4.50e-48	196
NC_011593.1:c2598562-2597207	NB551033:88:H5VWJBGX7:2:21302:9610:1890#0/1	95.868	121	5	0	808	928	121	1	4.50e-48	196
NC_011593.1:c2598562-2597207	NB551033:88:H5VWJBGX7:1:22309:18529:5888#0/2	95.082	122	6	0	447	568	1	122	5.82e-47	193
NC_011593.1:c2598562-2597207	NB551033:88:H5VWJBGX7:1:22309:18529:5888#0/1	95.082	122	6	0	447	568	122	1	5.82e-47	193
NC_011593.1:c2598562-2597207	NB551033:88:H5VWJBGX7:1:22102:14831:8878#0/1	96.552	116	4	0	897	1012	116	1	5.82e-47	193
NC_011593.1:c2598562-2597207	NB551033:88:H5VWJBGX7:4:13602:24221:20047#0/2	97.321	112	3	0	901	1012	112	1	2.09e-46	191
NC_011593.1:c2598562-2597207	NB551033:88:H5VWJBGX7:4:12405:11653:13340#0/2	95.763	118	5	0	489	606	118	1	2.09e-46	191
NC_011593.1:c2598562-2597207	NB551033:88:H5VWJBGX7:1:12211:1420:9336#0/2	95.763	118	5	0	429	546	34	151	2.09e-46	191
NC_011593.1:c2598562-2597207	NB551033:88:H5VWJBGX7:4:11407:7290:12114#0/1	95.041	121	6	0	429	549	28	148	2.09e-46	191
NC_011593.1:c2598562-2597207	NB551033:88:H5VWJBGX7:1:23111:10620:17598#0/1	95.763	118	5	0	491	608	118	1	2.09e-46	191
# BLASTN 2.9.0+
# Query: NC_011593.1:2598858-2601929 Bifidobacterium longum subsp. infantis ATCC 15697, complete genome
# Database: db/blast_C0621-1F-1A_S79.faa
# Fields: query acc.ver, subject acc.ver, % identity, alignment length, mismatches, gap opens, q. start, q. end, s. start, s. end, evalue, bit score
# 67 hits found
NC_011593.1:2598858-2601929	NB551033:88:H5VWJBGX7:3:21512:4724:8921#0/2	96.053	76	3	0	1185	1260	151	76	4.89e-26	124
NC_011593.1:2598858-2601929	NB551033:88:H5VWJBGX7:1:13104:18357:1137#0/2	96.053	76	3	0	1185	1260	6	81	4.89e-26	124
NC_011593.1:2598858-2601929	NB551033:88:H5VWJBGX7:4:22405:12453:15333#0/1	96.053	76	3	0	1185	1260	147	72	4.89e-26	124
NC_011593.1:2598858-2601929	NB551033:88:H5VWJBGX7:3:21512:4724:8921#0/1	96.053	76	3	0	1185	1260	5	80	4.89e-26	124
NC_011593.1:2598858-2601929	NB551033:88:H5VWJBGX7:2:23308:5628:8188#0/1	96.053	76	3	0	1185	1260	5	80	4.89e-26	124
NC_011593.1:2598858-2601929	NB551033:88:H5VWJBGX7:2:22109:14574:7095#0/2	96.000	75	3	0	1186	1260	1	75	1.76e-25	122
NC_011593.1:2598858-2601929	NB551033:88:H5VWJBGX7:4:22604:17394:10588#0/2	95.775	71	3	0	1190	1260	91	21	2.94e-23	115
NC_011593.1:2598858-2601929	NB551033:88:H5VWJBGX7:4:21512:13140:8764#0/2	95.775	71	3	0	1190	1260	1	71	2.94e-23	115
NC_011593.1:2598858-2601929	NB551033:88:H5VWJBGX7:4:12510:21014:4014#0/2	95.775	71	3	0	1190	1260	1	71	2.94e-23	115
NC_011593.1:2598858-2601929	NB551033:88:H5VWJBGX7:3:22606:21952:14720#0/2	95.775	71	3	0	1190	1260	1	71	2.94e-23	115
NC_011593.1:2598858-2601929	NB551033:88:H5VWJBGX7:3:13402:19569:15987#0/2	95.775	71	3	0	1190	1260	1	71	2.94e-23	115
NC_011593.1:2598858-2601929	NB551033:88:H5VWJBGX7:2:12301:22103:12949#0/2	95.775	71	3	0	1190	1260	78	8	2.94e-23	115
NC_011593.1:2598858-2601929	NB551033:88:H5VWJBGX7:2:12203:13083:19929#0/2	95.775	71	3	0	1190	1260	1	71	2.94e-23	115
NC_011593.1:2598858-2601929	NB551033:88:H5VWJBGX7:2:11303:23247:12605#0/2	95.775	71	3	0	1190	1260	1	71	2.94e-23	115
NC_011593.1:2598858-2601929	NB551033:88:H5VWJBGX7:1:12303:6484:17250#0/2	95.775	71	3	0	1190	1260	1	71	2.94e-23	115
NC_011593.1:2598858-2601929	NB551033:88:H5VWJBGX7:4:22604:17394:10588#0/1	95.775	71	3	0	1190	1260	1	71	2.94e-23	115
NC_011593.1:2598858-2601929	NB551033:88:H5VWJBGX7:4:22412:3212:16116#0/1	95.775	71	3	0	1190	1260	1	71	2.94e-23	115
NC_011593.1:2598858-2601929	NB551033:88:H5VWJBGX7:4:21512:13140:8764#0/1	95.775	71	3	0	1190	1260	142	72	2.94e-23	115
NC_011593.1:2598858-2601929	NB551033:88:H5VWJBGX7:4:12510:21014:4014#0/1	95.775	71	3	0	1190	1260	142	72	2.94e-23	115
NC_011593.1:2598858-2601929	NB551033:88:H5VWJBGX7:3:22606:21952:14720#0/1	95.775	71	3	0	1190	1260	91	21	2.94e-23	115
NC_011593.1:2598858-2601929	NB551033:88:H5VWJBGX7:3:13402:19569:15987#0/1	95.775	71	3	0	1190	1260	91	21	2.94e-23	115
NC_011593.1:2598858-2601929	NB551033:88:H5VWJBGX7:3:12612:2464:13554#0/1	95.775	71	3	0	1190	1260	1	71	2.94e-23	115
NC_011593.1:2598858-2601929	NB551033:88:H5VWJBGX7:2:22209:16890:7464#0/1	95.775	71	3	0	1190	1260	1	71	2.94e-23	115
NC_011593.1:2598858-2601929	NB551033:88:H5VWJBGX7:2:21108:24409:2250#0/1	95.775	71	3	0	1190	1260	1	71	2.94e-23	115
NC_011593.1:2598858-2601929	NB551033:88:H5VWJBGX7:2:13202:11611:10723#0/1	95.775	71	3	0	1190	1260	1	71	2.94e-23	115
NC_011593.1:2598858-2601929	NB551033:88:H5VWJBGX7:2:12301:22103:12949#0/1	95.775	71	3	0	1190	1260	1	71	2.94e-23	115
NC_011593.1:2598858-2601929	NB551033:88:H5VWJBGX7:1:22211:7029:19694#0/1	95.775	71	3	0	1190	1260	1	71	2.94e-23	115
NC_011593.1:2598858-2601929	NB551033:88:H5VWJBGX7:1:13310:17302:11418#0/2	95.714	70	3	0	1191	1260	1	70	1.06e-22	113
NC_011593.1:2598858-2601929	NB551033:88:H5VWJBGX7:2:12204:4711:18742#0/1	95.714	70	3	0	1191	1260	1	70	1.06e-22	113
NC_011593.1:2598858-2601929	NB551033:88:H5VWJBGX7:1:13107:18954:7678#0/1	95.522	67	3	0	1194	1260	151	85	4.92e-21	108
NC_011593.1:2598858-2601929	NB551033:88:H5VWJBGX7:2:22101:3989:6152#0/2	95.385	65	3	0	1196	1260	151	87	6.37e-20	104
NC_011593.1:2598858-2601929	NB551033:88:H5VWJBGX7:2:21108:24409:2250#0/2	95.385	65	3	0	1196	1260	151	87	6.37e-20	104
NC_011593.1:2598858-2601929	NB551033:88:H5VWJBGX7:4:11402:13326:6186#0/2	95.238	63	3	0	1198	1260	1	63	8.24e-19	100
NC_011593.1:2598858-2601929	NB551033:88:H5VWJBGX7:4:13409:17052:18832#0/2	98.039	51	1	0	619	669	6	56	1.78e-15	89.8
NC_011593.1:2598858-2601929	NB551033:88:H5VWJBGX7:4:11512:8092:2235#0/2	98.039	51	1	0	619	669	5	55	1.78e-15	89.8
NC_011593.1:2598858-2601929	NB551033:88:H5VWJBGX7:3:23506:21961:2049#0/2	98.039	51	1	0	619	669	146	96	1.78e-15	89.8
NC_011593.1:2598858-2601929	NB551033:88:H5VWJBGX7:3:21405:17765:9938#0/2	98.039	51	1	0	619	669	144	94	1.78e-15	89.8
NC_011593.1:2598858-2601929	NB551033:88:H5VWJBGX7:3:12502:12119:7488#0/2	98.039	51	1	0	619	669	148	98	1.78e-15	89.8
NC_011593.1:2598858-2601929	NB551033:88:H5VWJBGX7:2:23107:17307:9222#0/2	98.039	51	1	0	619	669	6	56	1.78e-15	89.8
NC_011593.1:2598858-2601929	NB551033:88:H5VWJBGX7:4:11512:8092:2235#0/1	98.039	51	1	0	619	669	103	53	1.78e-15	89.8
NC_011593.1:2598858-2601929	NB551033:88:H5VWJBGX7:3:23604:17598:15951#0/1	98.039	51	1	0	619	669	150	100	1.78e-15	89.8
NC_011593.1:2598858-2601929	NB551033:88:H5VWJBGX7:2:23107:17307:9222#0/1	98.039	51	1	0	619	669	133	83	1.78e-15	89.8
NC_011593.1:2598858-2601929	NB551033:88:H5VWJBGX7:2:13104:23886:7144#0/1	98.039	51	1	0	619	669	6	56	1.78e-15	89.8
NC_011593.1:2598858-2601929	NB551033:88:H5VWJBGX7:4:23402:24521:14635#0/2	97.917	48	1	0	622	669	1	48	8.30e-14	84.2
NC_011593.1:2598858-2601929	NB551033:88:H5VWJBGX7:4:12507:14274:6244#0/2	96.078	51	2	0	1210	1260	149	99	8.30e-14	84.2
NC_011593.1:2598858-2601929	NB551033:88:H5VWJBGX7:2:22305:6616:11820#0/2	97.917	48	1	0	622	669	1	48	8.30e-14	84.2
NC_011593.1:2598858-2601929	NB551033:88:H5VWJBGX7:2:21110:25401:20294#0/2	97.917	48	1	0	622	669	1	48	8.30e-14	84.2
NC_011593.1:2598858-2601929	NB551033:88:H5VWJBGX7:2:13101:12104:18634#0/2	97.917	48	1	0	622	669	1	48	8.30e-14	84.2
NC_011593.1:2598858-2601929	NB551033:88:H5VWJBGX7:2:12209:19932:17790#0/2	97.917	48	1	0	622	669	138	91	8.30e-14	84.2
NC_011593.1:2598858-2601929	NB551033:88:H5VWJBGX7:1:22305:11181:3641#0/2	97.917	48	1	0	622	669	149	102	8.30e-14	84.2
NC_011593.1:2598858-2601929	NB551033:88:H5VWJBGX7:1:13111:17500:4124#0/2	96.078	51	2	0	1210	1260	122	72	8.30e-14	84.2
NC_011593.1:2598858-2601929	NB551033:88:H5VWJBGX7:4:23603:21586:13191#0/1	96.078	51	2	0	1210	1260	149	99	8.30e-14	84.2
NC_011593.1:2598858-2601929	NB551033:88:H5VWJBGX7:4:22508:1915:8776#0/1	96.078	51	2	0	1210	1260	149	99	8.30e-14	84.2
NC_011593.1:2598858-2601929	NB551033:88:H5VWJBGX7:2:21306:6400:5171#0/1	96.078	51	2	0	1210	1260	115	65	8.30e-14	84.2
NC_011593.1:2598858-2601929	NB551033:88:H5VWJBGX7:2:12209:19932:17790#0/1	97.917	48	1	0	622	669	1	48	8.30e-14	84.2
NC_011593.1:2598858-2601929	NB551033:88:H5VWJBGX7:1:21201:11249:19175#0/1	96.078	51	2	0	619	669	147	97	8.30e-14	84.2
NC_011593.1:2598858-2601929	NB551033:88:H5VWJBGX7:1:23106:4124:9019#0/2	95.745	47	2	0	1214	1260	1	47	1.39e-11	76.8
NC_011593.1:2598858-2601929	NB551033:88:H5VWJBGX7:3:23409:14920:14335#0/1	95.745	47	2	0	1214	1260	1	47	1.39e-11	76.8
NC_011593.1:2598858-2601929	NB551033:88:H5VWJBGX7:4:23409:1467:1771#0/1	97.674	43	1	0	627	669	1	43	4.99e-11	75.0
NC_011593.1:2598858-2601929	NB551033:88:H5VWJBGX7:1:21106:17342:20126#0/2	97.619	42	1	0	628	669	1	42	1.80e-10	73.1
NC_011593.1:2598858-2601929	NB551033:88:H5VWJBGX7:1:21111:9778:18917#0/1	97.619	42	1	0	628	669	148	107	1.80e-10	73.1
NC_011593.1:2598858-2601929	NB551033:88:H5VWJBGX7:4:11510:5847:7079#0/1	97.500	40	1	0	630	669	149	110	2.32e-09	69.4
NC_011593.1:2598858-2601929	NB551033:88:H5VWJBGX7:3:21511:19878:6673#0/2	97.368	38	1	0	632	669	1	38	3.01e-08	65.8
NC_011593.1:2598858-2601929	NB551033:88:H5VWJBGX7:2:13110:16597:20174#0/1	97.368	38	1	0	632	669	1	38	3.01e-08	65.8
NC_011593.1:2598858-2601929	NB551033:88:H5VWJBGX7:3:23402:15579:9379#0/1	100.000	30	0	0	640	669	151	122	1.81e-05	56.5
NC_011593.1:2598858-2601929	NB551033:88:H5VWJBGX7:3:11607:3179:2149#0/1	100.000	30	0	0	640	669	1	30	1.81e-05	56.5
NC_011593.1:2598858-2601929	NB551033:88:H5VWJBGX7:2:13106:6616:2774#0/1	100.000	29	0	0	641	669	1	29	6.51e-05	54.7
# BLASTN 2.9.0+
# Query: NC_011593.1:c2604454-2602106 Bifidobacterium longum subsp. infantis ATCC 15697, complete genome
# Database: db/blast_C0621-1F-1A_S79.faa
# 0 hits found
# BLASTN 2.9.0+
# Query: NC_011593.1:c2605922-2604486 Bifidobacterium longum subsp. infantis ATCC 15697, complete genome
# Database: db/blast_C0621-1F-1A_S79.faa
# 0 hits found
# BLASTN 2.9.0+
# Query: NC_011593.1:c2606381-2605944 Bifidobacterium longum subsp. infantis ATCC 15697, complete genome
# Database: db/blast_C0621-1F-1A_S79.faa
# 0 hits found
# BLASTN 2.9.0+
# Query: NC_011593.1:c2607314-2606418 Bifidobacterium longum subsp. infantis ATCC 15697, complete genome
# Database: db/blast_C0621-1F-1A_S79.faa
# 0 hits found
# BLASTN 2.9.0+
# Query: NC_011593.1:c2608249-2607458 Bifidobacterium longum subsp. infantis ATCC 15697, complete genome
# Database: db/blast_C0621-1F-1A_S79.faa
# Fields: query acc.ver, subject acc.ver, % identity, alignment length, mismatches, gap opens, q. start, q. end, s. start, s. end, evalue, bit score
# 75 hits found
NC_011593.1:c2608249-2607458	NB551033:88:H5VWJBGX7:3:11409:6674:7249#0/2	95.973	149	6	0	319	467	149	1	3.31e-62	243
NC_011593.1:c2608249-2607458	NB551033:88:H5VWJBGX7:3:22509:16099:18761#0/1	95.973	149	6	0	319	467	149	1	3.31e-62	243
NC_011593.1:c2608249-2607458	NB551033:88:H5VWJBGX7:1:22209:9414:9508#0/2	95.946	148	6	0	319	466	1	148	1.19e-61	241
NC_011593.1:c2608249-2607458	NB551033:88:H5VWJBGX7:3:11609:19704:13958#0/2	95.333	150	7	0	335	484	2	151	4.28e-61	239
NC_011593.1:c2608249-2607458	NB551033:88:H5VWJBGX7:2:13311:12776:10662#0/1	95.333	150	7	0	342	491	151	2	4.28e-61	239
NC_011593.1:c2608249-2607458	NB551033:88:H5VWJBGX7:1:12308:11218:4989#0/1	95.333	150	7	0	335	484	2	151	4.28e-61	239
NC_011593.1:c2608249-2607458	NB551033:88:H5VWJBGX7:3:23605:3775:10250#0/2	95.302	149	7	0	335	483	2	150	1.54e-60	237
NC_011593.1:c2608249-2607458	NB551033:88:H5VWJBGX7:3:21506:21838:13171#0/2	95.302	149	7	0	335	483	2	150	1.54e-60	237
NC_011593.1:c2608249-2607458	NB551033:88:H5VWJBGX7:1:13205:9089:20240#0/2	95.302	149	7	0	335	483	2	150	1.54e-60	237
NC_011593.1:c2608249-2607458	NB551033:88:H5VWJBGX7:3:22402:13053:10622#0/1	95.302	149	7	0	335	483	2	150	1.54e-60	237
NC_011593.1:c2608249-2607458	NB551033:88:H5VWJBGX7:2:12302:24019:10170#0/1	95.302	149	7	0	335	483	149	1	1.54e-60	237
NC_011593.1:c2608249-2607458	NB551033:88:H5VWJBGX7:2:11103:4538:17566#0/1	95.302	149	7	0	335	483	2	150	1.54e-60	237
NC_011593.1:c2608249-2607458	NB551033:88:H5VWJBGX7:1:11203:9463:15742#0/1	95.302	149	7	0	338	486	1	149	1.54e-60	237
NC_011593.1:c2608249-2607458	NB551033:88:H5VWJBGX7:3:12510:15824:5136#0/1	95.270	148	7	0	344	491	1	148	5.54e-60	235
NC_011593.1:c2608249-2607458	NB551033:88:H5VWJBGX7:2:12309:1504:15557#0/1	95.804	143	6	0	325	467	143	1	7.17e-59	231
NC_011593.1:c2608249-2607458	NB551033:88:H5VWJBGX7:1:22305:13350:16362#0/2	96.992	133	4	0	335	467	133	1	1.20e-56	224
NC_011593.1:c2608249-2607458	NB551033:88:H5VWJBGX7:3:21611:3820:14331#0/2	95.902	122	5	0	370	491	123	2	7.27e-49	198
NC_011593.1:c2608249-2607458	NB551033:88:H5VWJBGX7:3:21611:3820:14331#0/1	95.200	125	6	0	367	491	1	125	7.27e-49	198
NC_011593.1:c2608249-2607458	NB551033:88:H5VWJBGX7:2:12309:1504:15557#0/2	95.161	124	6	0	325	448	1	124	2.61e-48	196
NC_011593.1:c2608249-2607458	NB551033:88:H5VWJBGX7:3:13609:18618:16159#0/1	96.117	103	4	0	349	451	1	103	5.70e-40	169
NC_011593.1:c2608249-2607458	NB551033:88:H5VWJBGX7:4:23406:26328:14593#0/2	96.078	102	4	0	386	487	1	102	2.05e-39	167
NC_011593.1:c2608249-2607458	NB551033:88:H5VWJBGX7:4:23406:26328:14593#0/1	96.078	102	4	0	386	487	102	1	2.05e-39	167
NC_011593.1:c2608249-2607458	NB551033:88:H5VWJBGX7:3:21609:16370:1928#0/2	97.895	95	2	0	373	467	95	1	7.37e-39	165
NC_011593.1:c2608249-2607458	NB551033:88:H5VWJBGX7:3:13609:18618:16159#0/2	95.146	103	5	0	349	451	103	1	2.65e-38	163
NC_011593.1:c2608249-2607458	NB551033:88:H5VWJBGX7:4:12408:8423:4583#0/2	96.774	93	3	0	363	455	93	1	4.44e-36	156
NC_011593.1:c2608249-2607458	NB551033:88:H5VWJBGX7:2:22208:11251:12225#0/2	96.512	86	3	0	337	422	1	86	3.45e-32	143
NC_011593.1:c2608249-2607458	NB551033:88:H5VWJBGX7:2:22208:11251:12225#0/1	96.512	86	3	0	337	422	88	3	3.45e-32	143
NC_011593.1:c2608249-2607458	NB551033:88:H5VWJBGX7:1:21105:14727:5771#0/2	97.531	81	2	0	375	455	81	1	4.47e-31	139
NC_011593.1:c2608249-2607458	NB551033:88:H5VWJBGX7:1:21105:14727:5771#0/1	97.531	81	2	0	375	455	1	81	4.47e-31	139
NC_011593.1:c2608249-2607458	NB551033:88:H5VWJBGX7:4:11609:5764:7471#0/2	95.238	84	4	0	709	792	148	65	2.08e-29	134
NC_011593.1:c2608249-2607458	NB551033:88:H5VWJBGX7:3:13510:20777:7871#0/2	95.238	84	4	0	709	792	1	84	2.08e-29	134
NC_011593.1:c2608249-2607458	NB551033:88:H5VWJBGX7:2:23301:25235:10133#0/2	95.238	84	4	0	709	792	1	84	2.08e-29	134
NC_011593.1:c2608249-2607458	NB551033:88:H5VWJBGX7:2:21310:26214:12826#0/2	95.238	84	4	0	709	792	86	3	2.08e-29	134
NC_011593.1:c2608249-2607458	NB551033:88:H5VWJBGX7:3:21604:6552:11990#0/1	95.238	84	4	0	709	792	148	65	2.08e-29	134
NC_011593.1:c2608249-2607458	NB551033:88:H5VWJBGX7:3:13510:20777:7871#0/1	95.238	84	4	0	709	792	103	20	2.08e-29	134
NC_011593.1:c2608249-2607458	NB551033:88:H5VWJBGX7:2:21310:26214:12826#0/1	95.238	84	4	0	709	792	1	84	2.08e-29	134
NC_011593.1:c2608249-2607458	NB551033:88:H5VWJBGX7:1:11210:21900:11944#0/1	95.238	84	4	0	709	792	148	65	2.08e-29	134
NC_011593.1:c2608249-2607458	NB551033:88:H5VWJBGX7:3:23606:25793:14468#0/2	96.203	79	3	0	358	436	3	81	2.69e-28	130
NC_011593.1:c2608249-2607458	NB551033:88:H5VWJBGX7:3:22407:4006:10802#0/2	95.122	82	4	0	711	792	1	82	2.69e-28	130
NC_011593.1:c2608249-2607458	NB551033:88:H5VWJBGX7:4:12401:9284:18539#0/1	95.122	82	4	0	711	792	1	82	2.69e-28	130
NC_011593.1:c2608249-2607458	NB551033:88:H5VWJBGX7:3:23606:25793:14468#0/1	96.203	79	3	0	358	436	79	1	2.69e-28	130
NC_011593.1:c2608249-2607458	NB551033:88:H5VWJBGX7:3:21402:16230:13003#0/1	95.122	82	4	0	711	792	1	82	2.69e-28	130
NC_011593.1:c2608249-2607458	NB551033:88:H5VWJBGX7:2:22108:24301:12276#0/2	95.062	81	4	0	712	792	1	81	9.67e-28	128
NC_011593.1:c2608249-2607458	NB551033:88:H5VWJBGX7:3:22407:4006:10802#0/1	96.154	78	3	0	715	792	149	72	9.67e-28	128
NC_011593.1:c2608249-2607458	NB551033:88:H5VWJBGX7:2:22108:24301:12276#0/1	96.154	78	3	0	715	792	102	25	9.67e-28	128
NC_011593.1:c2608249-2607458	NB551033:88:H5VWJBGX7:4:21612:4060:1493#0/2	96.104	77	3	0	379	455	77	1	3.48e-27	126
NC_011593.1:c2608249-2607458	NB551033:88:H5VWJBGX7:4:21612:4060:1493#0/1	96.104	77	3	0	379	455	1	77	3.48e-27	126
NC_011593.1:c2608249-2607458	NB551033:88:H5VWJBGX7:4:13412:10458:8383#0/2	95.890	73	3	0	720	792	1	73	5.82e-25	119
NC_011593.1:c2608249-2607458	NB551033:88:H5VWJBGX7:4:13412:10458:8383#0/1	95.890	73	3	0	720	792	137	65	5.82e-25	119
NC_011593.1:c2608249-2607458	NB551033:88:H5VWJBGX7:3:13407:14741:5945#0/1	95.890	73	3	0	720	792	1	73	5.82e-25	119
NC_011593.1:c2608249-2607458	NB551033:88:H5VWJBGX7:2:21310:12366:10476#0/1	96.970	66	2	0	727	792	1	66	9.74e-23	111
NC_011593.1:c2608249-2607458	NB551033:88:H5VWJBGX7:3:21402:16230:13003#0/2	96.875	64	2	0	729	792	151	88	1.26e-21	108
NC_011593.1:c2608249-2607458	NB551033:88:H5VWJBGX7:4:12401:9284:18539#0/2	96.825	63	2	0	730	792	150	88	4.53e-21	106
NC_011593.1:c2608249-2607458	NB551033:88:H5VWJBGX7:3:21407:24801:13899#0/1	95.455	66	3	0	1	66	82	147	4.53e-21	106
NC_011593.1:c2608249-2607458	NB551033:88:H5VWJBGX7:4:23507:24987:8206#0/2	96.774	62	2	0	731	792	1	62	1.63e-20	104
NC_011593.1:c2608249-2607458	NB551033:88:H5VWJBGX7:3:13405:13490:6387#0/2	96.774	62	2	0	731	792	1	62	1.63e-20	104
NC_011593.1:c2608249-2607458	NB551033:88:H5VWJBGX7:3:12601:24507:3821#0/2	96.774	62	2	0	731	792	151	90	1.63e-20	104
NC_011593.1:c2608249-2607458	NB551033:88:H5VWJBGX7:2:21310:12366:10476#0/2	96.774	62	2	0	731	792	151	90	1.63e-20	104
NC_011593.1:c2608249-2607458	NB551033:88:H5VWJBGX7:4:13608:18315:12385#0/1	95.385	65	3	0	1	65	65	1	1.63e-20	104
NC_011593.1:c2608249-2607458	NB551033:88:H5VWJBGX7:4:11610:15693:15196#0/1	96.774	62	2	0	731	792	1	62	1.63e-20	104
NC_011593.1:c2608249-2607458	NB551033:88:H5VWJBGX7:3:23509:19338:2412#0/1	96.774	62	2	0	731	792	1	62	1.63e-20	104
NC_011593.1:c2608249-2607458	NB551033:88:H5VWJBGX7:3:23408:23246:18820#0/1	96.667	60	2	0	733	792	1	60	2.11e-19	100
NC_011593.1:c2608249-2607458	NB551033:88:H5VWJBGX7:3:13407:22929:1784#0/1	95.238	63	3	0	1	63	63	1	2.11e-19	100
NC_011593.1:c2608249-2607458	NB551033:88:H5VWJBGX7:1:22303:24215:12771#0/2	96.552	58	2	0	735	792	151	94	2.73e-18	97.1
NC_011593.1:c2608249-2607458	NB551033:88:H5VWJBGX7:3:23408:23246:18820#0/2	96.429	56	2	0	737	792	150	95	3.53e-17	93.5
NC_011593.1:c2608249-2607458	NB551033:88:H5VWJBGX7:1:22308:14206:13702#0/2	96.296	54	2	0	739	792	1	54	4.56e-16	89.8
NC_011593.1:c2608249-2607458	NB551033:88:H5VWJBGX7:1:22308:14206:13702#0/1	96.296	54	2	0	739	792	103	50	4.56e-16	89.8
NC_011593.1:c2608249-2607458	NB551033:88:H5VWJBGX7:2:23306:3666:13030#0/2	96.226	53	2	0	740	792	151	99	1.64e-15	87.9
NC_011593.1:c2608249-2607458	NB551033:88:H5VWJBGX7:2:22202:17122:19690#0/2	96.226	53	2	0	740	792	151	99	1.64e-15	87.9
NC_011593.1:c2608249-2607458	NB551033:88:H5VWJBGX7:2:22211:24439:11326#0/1	96.154	52	2	0	741	792	151	100	5.90e-15	86.1
NC_011593.1:c2608249-2607458	NB551033:88:H5VWJBGX7:3:11407:25941:15810#0/1	95.918	49	2	0	744	792	1	49	2.75e-13	80.5
NC_011593.1:c2608249-2607458	NB551033:88:H5VWJBGX7:3:23511:6629:9562#0/2	95.652	46	2	0	747	792	1	46	1.28e-11	75.0
NC_011593.1:c2608249-2607458	NB551033:88:H5VWJBGX7:2:13206:14804:3651#0/1	95.652	46	2	0	747	792	1	46	1.28e-11	75.0
NC_011593.1:c2608249-2607458	NB551033:88:H5VWJBGX7:1:12110:12499:11254#0/1	95.652	46	2	0	747	792	1	46	1.28e-11	75.0
NC_011593.1:c2608249-2607458	NB551033:88:H5VWJBGX7:4:11511:17250:18116#0/2	95.556	45	2	0	748	792	1	45	4.60e-11	73.1
# BLASTN 2.9.0+
# Query: NC_011593.1:c2609546-2608269 Bifidobacterium longum subsp. infantis ATCC 15697, complete genome
# Database: db/blast_C0621-1F-1A_S79.faa
# Fields: query acc.ver, subject acc.ver, % identity, alignment length, mismatches, gap opens, q. start, q. end, s. start, s. end, evalue, bit score
# 219 hits found
NC_011593.1:c2609546-2608269	NB551033:88:H5VWJBGX7:2:11111:3919:13017#0/2	96.689	151	5	0	904	1054	1	151	8.91e-65	252
NC_011593.1:c2609546-2608269	NB551033:88:H5VWJBGX7:1:22108:13505:9305#0/2	96.689	151	5	0	883	1033	1	151	8.91e-65	252
NC_011593.1:c2609546-2608269	NB551033:88:H5VWJBGX7:4:23405:12478:4288#0/1	96.689	151	5	0	897	1047	151	1	8.91e-65	252
NC_011593.1:c2609546-2608269	NB551033:88:H5VWJBGX7:4:13609:9439:12090#0/1	96.689	151	5	0	1124	1274	151	1	8.91e-65	252
NC_011593.1:c2609546-2608269	NB551033:88:H5VWJBGX7:4:13607:11909:15427#0/1	96.689	151	5	0	1123	1273	1	151	8.91e-65	252
NC_011593.1:c2609546-2608269	NB551033:88:H5VWJBGX7:2:21311:8005:3341#0/1	96.689	151	5	0	904	1054	1	151	8.91e-65	252
NC_011593.1:c2609546-2608269	NB551033:88:H5VWJBGX7:2:11101:11766:4687#0/1	96.689	151	5	0	1122	1272	1	151	8.91e-65	252
NC_011593.1:c2609546-2608269	NB551033:88:H5VWJBGX7:1:11210:6957:8158#0/1	96.689	151	5	0	1123	1273	1	151	8.91e-65	252
NC_011593.1:c2609546-2608269	NB551033:88:H5VWJBGX7:4:22609:18324:19677#0/2	96.667	150	5	0	900	1049	1	150	3.20e-64	250
NC_011593.1:c2609546-2608269	NB551033:88:H5VWJBGX7:3:12501:13616:7920#0/2	96.667	150	5	0	1128	1277	1	150	3.20e-64	250
NC_011593.1:c2609546-2608269	NB551033:88:H5VWJBGX7:1:11210:6957:8158#0/2	96.667	150	5	0	1126	1275	150	1	3.20e-64	250
NC_011593.1:c2609546-2608269	NB551033:88:H5VWJBGX7:4:23404:6258:14134#0/1	96.667	150	5	0	1126	1275	150	1	3.20e-64	250
NC_011593.1:c2609546-2608269	NB551033:88:H5VWJBGX7:4:13406:24122:7630#0/1	96.667	150	5	0	1119	1268	150	1	3.20e-64	250
NC_011593.1:c2609546-2608269	NB551033:88:H5VWJBGX7:4:12511:3487:1371#0/1	96.667	150	5	0	1126	1275	150	1	3.20e-64	250
NC_011593.1:c2609546-2608269	NB551033:88:H5VWJBGX7:4:12407:4970:3484#0/1	96.667	150	5	0	899	1048	1	150	3.20e-64	250
NC_011593.1:c2609546-2608269	NB551033:88:H5VWJBGX7:3:21502:11353:2862#0/1	96.667	150	5	0	1126	1275	150	1	3.20e-64	250
NC_011593.1:c2609546-2608269	NB551033:88:H5VWJBGX7:3:13410:1597:17236#0/1	96.667	150	5	0	1123	1272	150	1	3.20e-64	250
NC_011593.1:c2609546-2608269	NB551033:88:H5VWJBGX7:1:13303:1492:10539#0/1	96.667	150	5	0	1126	1275	150	1	3.20e-64	250
NC_011593.1:c2609546-2608269	NB551033:88:H5VWJBGX7:4:11503:23087:19258#0/2	96.644	149	5	0	1130	1278	150	2	1.15e-63	248
NC_011593.1:c2609546-2608269	NB551033:88:H5VWJBGX7:3:13502:17199:11529#0/1	96.644	149	5	0	1130	1278	150	2	1.15e-63	248
NC_011593.1:c2609546-2608269	NB551033:88:H5VWJBGX7:2:13204:21907:15530#0/1	96.644	149	5	0	1130	1278	150	2	1.15e-63	248
NC_011593.1:c2609546-2608269	NB551033:88:H5VWJBGX7:2:22106:13328:14320#0/2	96.026	151	6	0	1112	1262	1	151	4.15e-63	246
NC_011593.1:c2609546-2608269	NB551033:88:H5VWJBGX7:2:13204:21907:15530#0/2	96.026	151	6	0	1111	1261	1	151	4.15e-63	246
NC_011593.1:c2609546-2608269	NB551033:88:H5VWJBGX7:1:23111:23236:2050#0/2	96.622	148	5	0	1117	1264	148	1	4.15e-63	246
NC_011593.1:c2609546-2608269	NB551033:88:H5VWJBGX7:1:21206:15440:9496#0/2	96.026	151	6	0	1112	1262	1	151	4.15e-63	246
NC_011593.1:c2609546-2608269	NB551033:88:H5VWJBGX7:4:11411:12654:3283#0/1	96.026	151	6	0	1112	1262	1	151	4.15e-63	246
NC_011593.1:c2609546-2608269	NB551033:88:H5VWJBGX7:3:22504:15964:19945#0/1	96.026	151	6	0	1107	1257	1	151	4.15e-63	246
NC_011593.1:c2609546-2608269	NB551033:88:H5VWJBGX7:1:23105:11487:14449#0/1	96.599	147	5	0	909	1055	1	147	1.49e-62	244
NC_011593.1:c2609546-2608269	NB551033:88:H5VWJBGX7:1:13211:22514:1420#0/1	96.599	147	5	0	1117	1263	3	149	1.49e-62	244
NC_011593.1:c2609546-2608269	NB551033:88:H5VWJBGX7:4:13406:24122:7630#0/2	95.973	149	6	0	877	1025	3	151	5.36e-62	243
NC_011593.1:c2609546-2608269	NB551033:88:H5VWJBGX7:3:12506:25113:13618#0/1	95.973	149	6	0	910	1058	149	1	5.36e-62	243
NC_011593.1:c2609546-2608269	NB551033:88:H5VWJBGX7:4:12505:13168:7990#0/2	95.364	151	7	0	1008	1158	151	1	1.93e-61	241
NC_011593.1:c2609546-2608269	NB551033:88:H5VWJBGX7:3:22511:6832:11159#0/2	96.552	145	5	0	911	1055	1	145	1.93e-61	241
NC_011593.1:c2609546-2608269	NB551033:88:H5VWJBGX7:2:12104:11399:14042#0/2	95.364	151	7	0	1010	1160	151	1	1.93e-61	241
NC_011593.1:c2609546-2608269	NB551033:88:H5VWJBGX7:1:23105:11487:14449#0/2	95.364	151	7	0	913	1063	151	1	1.93e-61	241
NC_011593.1:c2609546-2608269	NB551033:88:H5VWJBGX7:1:22101:23475:1219#0/2	95.364	151	7	0	920	1070	1	151	1.93e-61	241
NC_011593.1:c2609546-2608269	NB551033:88:H5VWJBGX7:4:22502:13450:11759#0/1	95.364	151	7	0	997	1147	151	1	1.93e-61	241
NC_011593.1:c2609546-2608269	NB551033:88:H5VWJBGX7:4:12604:19687:6609#0/1	95.364	151	7	0	1012	1162	151	1	1.93e-61	241
NC_011593.1:c2609546-2608269	NB551033:88:H5VWJBGX7:3:11511:5408:2082#0/1	95.364	151	7	0	1000	1150	1	151	1.93e-61	241
NC_011593.1:c2609546-2608269	NB551033:88:H5VWJBGX7:2:21107:22566:14301#0/1	95.364	151	7	0	922	1072	1	151	1.93e-61	241
NC_011593.1:c2609546-2608269	NB551033:88:H5VWJBGX7:1:22307:14698:10799#0/1	95.364	151	7	0	914	1064	1	151	1.93e-61	241
NC_011593.1:c2609546-2608269	NB551033:88:H5VWJBGX7:4:12406:7015:16963#0/2	95.333	150	7	0	1093	1242	150	1	6.94e-61	239
NC_011593.1:c2609546-2608269	NB551033:88:H5VWJBGX7:3:22609:16065:15220#0/2	95.333	150	7	0	926	1075	1	150	6.94e-61	239
NC_011593.1:c2609546-2608269	NB551033:88:H5VWJBGX7:3:13606:7548:9293#0/2	95.333	150	7	0	862	1011	150	1	6.94e-61	239
NC_011593.1:c2609546-2608269	NB551033:88:H5VWJBGX7:3:13601:12930:15516#0/2	95.333	150	7	0	1004	1153	1	150	6.94e-61	239
NC_011593.1:c2609546-2608269	NB551033:88:H5VWJBGX7:3:13410:1597:17236#0/2	95.333	150	7	0	1093	1242	1	150	6.94e-61	239
NC_011593.1:c2609546-2608269	NB551033:88:H5VWJBGX7:3:12506:24092:16194#0/2	95.333	150	7	0	926	1075	1	150	6.94e-61	239
NC_011593.1:c2609546-2608269	NB551033:88:H5VWJBGX7:2:12309:20896:3811#0/2	95.333	150	7	0	1093	1242	150	1	6.94e-61	239
NC_011593.1:c2609546-2608269	NB551033:88:H5VWJBGX7:1:11205:24971:13475#0/2	95.333	150	7	0	997	1146	150	1	6.94e-61	239
NC_011593.1:c2609546-2608269	NB551033:88:H5VWJBGX7:4:13402:6064:3557#0/1	95.333	150	7	0	1003	1152	1	150	6.94e-61	239
NC_011593.1:c2609546-2608269	NB551033:88:H5VWJBGX7:4:12508:4417:19493#0/1	95.333	150	7	0	920	1069	1	150	6.94e-61	239
NC_011593.1:c2609546-2608269	NB551033:88:H5VWJBGX7:4:12505:13168:7990#0/1	95.333	150	7	0	926	1075	1	150	6.94e-61	239
NC_011593.1:c2609546-2608269	NB551033:88:H5VWJBGX7:4:11605:20492:8657#0/1	95.333	150	7	0	1007	1156	150	1	6.94e-61	239
NC_011593.1:c2609546-2608269	NB551033:88:H5VWJBGX7:3:22609:16065:15220#0/1	95.333	150	7	0	997	1146	150	1	6.94e-61	239
NC_011593.1:c2609546-2608269	NB551033:88:H5VWJBGX7:3:22511:6832:11159#0/1	95.333	150	7	0	917	1066	150	1	6.94e-61	239
NC_011593.1:c2609546-2608269	NB551033:88:H5VWJBGX7:3:22410:9314:9092#0/1	95.333	150	7	0	922	1071	1	150	6.94e-61	239
NC_011593.1:c2609546-2608269	NB551033:88:H5VWJBGX7:2:12104:11399:14042#0/1	95.333	150	7	0	1005	1154	1	150	6.94e-61	239
NC_011593.1:c2609546-2608269	NB551033:88:H5VWJBGX7:2:11111:3919:13017#0/1	95.333	150	7	0	917	1066	150	1	6.94e-61	239
NC_011593.1:c2609546-2608269	NB551033:88:H5VWJBGX7:1:22108:13505:9305#0/1	95.333	150	7	0	997	1146	150	1	6.94e-61	239
NC_011593.1:c2609546-2608269	NB551033:88:H5VWJBGX7:4:23404:6258:14134#0/2	95.890	146	6	0	1060	1205	3	148	2.49e-60	237
NC_011593.1:c2609546-2608269	NB551033:88:H5VWJBGX7:4:22605:22555:10903#0/2	95.890	146	6	0	1060	1205	3	148	2.49e-60	237
NC_011593.1:c2609546-2608269	NB551033:88:H5VWJBGX7:4:21407:9549:19413#0/2	95.890	146	6	0	1060	1205	3	148	2.49e-60	237
NC_011593.1:c2609546-2608269	NB551033:88:H5VWJBGX7:3:23403:11473:20317#0/2	95.302	149	7	0	929	1077	1	149	2.49e-60	237
NC_011593.1:c2609546-2608269	NB551033:88:H5VWJBGX7:3:13407:22929:1784#0/2	95.890	146	6	0	1060	1205	3	148	2.49e-60	237
NC_011593.1:c2609546-2608269	NB551033:88:H5VWJBGX7:3:11609:10958:17789#0/2	95.890	146	6	0	1060	1205	3	148	2.49e-60	237
NC_011593.1:c2609546-2608269	NB551033:88:H5VWJBGX7:2:12307:5478:3117#0/2	95.890	146	6	0	1060	1205	3	148	2.49e-60	237
NC_011593.1:c2609546-2608269	NB551033:88:H5VWJBGX7:2:11211:7468:1458#0/2	95.890	146	6	0	1060	1205	3	148	2.49e-60	237
NC_011593.1:c2609546-2608269	NB551033:88:H5VWJBGX7:4:12406:7015:16963#0/1	95.890	146	6	0	1060	1205	3	148	2.49e-60	237
NC_011593.1:c2609546-2608269	NB551033:88:H5VWJBGX7:4:11503:3904:14981#0/1	95.890	146	6	0	1060	1205	1	146	2.49e-60	237
NC_011593.1:c2609546-2608269	NB551033:88:H5VWJBGX7:3:21603:8249:3334#0/1	95.890	146	6	0	1060	1205	3	148	2.49e-60	237
NC_011593.1:c2609546-2608269	NB551033:88:H5VWJBGX7:3:12506:24092:16194#0/1	95.302	149	7	0	928	1076	149	1	2.49e-60	237
NC_011593.1:c2609546-2608269	NB551033:88:H5VWJBGX7:3:12401:19642:12424#0/1	95.890	146	6	0	1060	1205	146	1	2.49e-60	237
NC_011593.1:c2609546-2608269	NB551033:88:H5VWJBGX7:2:11305:25995:17625#0/1	95.890	146	6	0	1060	1205	3	148	2.49e-60	237
NC_011593.1:c2609546-2608269	NB551033:88:H5VWJBGX7:1:23201:4543:13384#0/1	95.890	146	6	0	1060	1205	3	148	2.49e-60	237
NC_011593.1:c2609546-2608269	NB551033:88:H5VWJBGX7:1:22310:22051:19354#0/1	95.890	146	6	0	1060	1205	3	148	2.49e-60	237
NC_011593.1:c2609546-2608269	NB551033:88:H5VWJBGX7:1:22302:5799:12227#0/1	95.890	146	6	0	1060	1205	3	148	2.49e-60	237
NC_011593.1:c2609546-2608269	NB551033:88:H5VWJBGX7:1:22102:9818:3724#0/1	95.302	149	7	0	918	1066	149	1	2.49e-60	237
NC_011593.1:c2609546-2608269	NB551033:88:H5VWJBGX7:1:12207:7982:8778#0/1	95.890	146	6	0	1060	1205	3	148	2.49e-60	237
NC_011593.1:c2609546-2608269	NB551033:88:H5VWJBGX7:1:11201:24144:9546#0/1	95.302	149	7	0	862	1010	2	150	2.49e-60	237
NC_011593.1:c2609546-2608269	NB551033:88:H5VWJBGX7:4:22409:10002:7046#0/2	95.270	148	7	0	915	1062	1	148	8.97e-60	235
NC_011593.1:c2609546-2608269	NB551033:88:H5VWJBGX7:4:11605:20492:8657#0/2	95.270	148	7	0	864	1011	1	148	8.97e-60	235
NC_011593.1:c2609546-2608269	NB551033:88:H5VWJBGX7:3:22410:9314:9092#0/2	96.479	142	5	0	1137	1278	149	8	8.97e-60	235
NC_011593.1:c2609546-2608269	NB551033:88:H5VWJBGX7:3:11608:18134:7756#0/2	95.862	145	6	0	1060	1204	145	1	8.97e-60	235
NC_011593.1:c2609546-2608269	NB551033:88:H5VWJBGX7:1:21210:17001:19562#0/2	95.270	148	7	0	1095	1242	1	148	8.97e-60	235
NC_011593.1:c2609546-2608269	NB551033:88:H5VWJBGX7:1:13303:1492:10539#0/2	95.270	148	7	0	930	1077	1	148	8.97e-60	235
NC_011593.1:c2609546-2608269	NB551033:88:H5VWJBGX7:3:23509:11897:4988#0/1	95.862	145	6	0	1060	1204	145	1	8.97e-60	235
NC_011593.1:c2609546-2608269	NB551033:88:H5VWJBGX7:3:23403:11473:20317#0/1	96.479	142	5	0	1137	1278	151	10	8.97e-60	235
NC_011593.1:c2609546-2608269	NB551033:88:H5VWJBGX7:3:22604:25253:16728#0/1	95.270	148	7	0	865	1012	148	1	8.97e-60	235
NC_011593.1:c2609546-2608269	NB551033:88:H5VWJBGX7:1:22103:23709:18828#0/1	95.270	148	7	0	997	1144	148	1	8.97e-60	235
NC_011593.1:c2609546-2608269	NB551033:88:H5VWJBGX7:3:12610:23149:19294#0/2	95.238	147	7	0	1017	1163	1	147	3.23e-59	233
NC_011593.1:c2609546-2608269	NB551033:88:H5VWJBGX7:2:21105:16584:13012#0/2	95.238	147	7	0	1017	1163	1	147	3.23e-59	233
NC_011593.1:c2609546-2608269	NB551033:88:H5VWJBGX7:1:12206:16541:8915#0/2	95.238	147	7	0	919	1065	1	147	3.23e-59	233
NC_011593.1:c2609546-2608269	NB551033:88:H5VWJBGX7:4:23601:18628:2283#0/1	96.454	141	5	0	1138	1278	1	141	3.23e-59	233
NC_011593.1:c2609546-2608269	NB551033:88:H5VWJBGX7:2:22309:5291:9545#0/2	96.403	139	5	0	1126	1264	139	1	4.17e-58	230
NC_011593.1:c2609546-2608269	NB551033:88:H5VWJBGX7:1:13211:22514:1420#0/2	96.403	139	5	0	1140	1278	151	13	4.17e-58	230
NC_011593.1:c2609546-2608269	NB551033:88:H5VWJBGX7:2:22309:5291:9545#0/1	96.403	139	5	0	1126	1264	1	139	4.17e-58	230
NC_011593.1:c2609546-2608269	NB551033:88:H5VWJBGX7:3:12503:18355:3226#0/2	95.139	144	7	0	928	1071	144	1	1.50e-57	228
NC_011593.1:c2609546-2608269	NB551033:88:H5VWJBGX7:3:12503:18355:3226#0/1	95.139	144	7	0	928	1071	1	144	1.50e-57	228
NC_011593.1:c2609546-2608269	NB551033:88:H5VWJBGX7:4:13510:9294:2774#0/2	96.324	136	5	0	1143	1278	151	16	1.94e-56	224
NC_011593.1:c2609546-2608269	NB551033:88:H5VWJBGX7:4:12501:1434:14409#0/1	96.296	135	5	0	1144	1278	1	135	6.99e-56	222
NC_011593.1:c2609546-2608269	NB551033:88:H5VWJBGX7:2:12104:6906:10453#0/1	96.296	135	5	0	1144	1278	1	135	6.99e-56	222
NC_011593.1:c2609546-2608269	NB551033:88:H5VWJBGX7:4:13607:11909:15427#0/2	96.183	131	5	0	1148	1278	151	21	1.17e-53	215
NC_011593.1:c2609546-2608269	NB551033:88:H5VWJBGX7:3:13609:18540:8899#0/1	96.183	131	5	0	1148	1278	151	21	1.17e-53	215
NC_011593.1:c2609546-2608269	NB551033:88:H5VWJBGX7:1:23304:13074:13724#0/2	96.154	130	5	0	1126	1255	130	1	4.20e-53	213
NC_011593.1:c2609546-2608269	NB551033:88:H5VWJBGX7:1:23304:13074:13724#0/1	96.154	130	5	0	1126	1255	1	130	4.20e-53	213
NC_011593.1:c2609546-2608269	NB551033:88:H5VWJBGX7:4:22603:2410:3402#0/1	96.124	129	5	0	1150	1278	150	22	1.51e-52	211
NC_011593.1:c2609546-2608269	NB551033:88:H5VWJBGX7:3:12606:17383:3541#0/1	96.124	129	5	0	1150	1278	1	129	1.51e-52	211
NC_011593.1:c2609546-2608269	NB551033:88:H5VWJBGX7:2:23312:16143:10740#0/1	96.094	128	5	0	1151	1278	150	23	5.44e-52	209
NC_011593.1:c2609546-2608269	NB551033:88:H5VWJBGX7:4:22502:22167:1400#0/2	95.935	123	5	0	1156	1278	1	123	3.27e-49	200
NC_011593.1:c2609546-2608269	NB551033:88:H5VWJBGX7:1:22111:4463:7302#0/2	95.935	123	5	0	1156	1278	1	123	3.27e-49	200
NC_011593.1:c2609546-2608269	NB551033:88:H5VWJBGX7:3:13502:17199:11529#0/2	95.200	125	6	0	948	1072	1	125	1.18e-48	198
NC_011593.1:c2609546-2608269	NB551033:88:H5VWJBGX7:2:11307:20281:14269#0/2	95.161	124	6	0	1068	1191	124	1	4.23e-48	196
NC_011593.1:c2609546-2608269	NB551033:88:H5VWJBGX7:4:23609:1249:10680#0/1	95.161	124	6	0	948	1071	1	124	4.23e-48	196
NC_011593.1:c2609546-2608269	NB551033:88:H5VWJBGX7:2:11307:20281:14269#0/1	95.161	124	6	0	1068	1191	1	124	4.23e-48	196
NC_011593.1:c2609546-2608269	NB551033:88:H5VWJBGX7:2:11205:6895:5544#0/1	95.868	121	5	0	1158	1278	1	121	4.23e-48	196
NC_011593.1:c2609546-2608269	NB551033:88:H5VWJBGX7:1:11309:10032:2667#0/1	95.868	121	5	0	1158	1278	1	121	4.23e-48	196
NC_011593.1:c2609546-2608269	NB551033:88:H5VWJBGX7:1:22307:14698:10799#0/2	95.833	120	5	0	1159	1278	149	30	1.52e-47	195
NC_011593.1:c2609546-2608269	NB551033:88:H5VWJBGX7:1:13306:26258:14247#0/2	95.833	120	5	0	1159	1278	122	3	1.52e-47	195
NC_011593.1:c2609546-2608269	NB551033:88:H5VWJBGX7:1:13306:26258:14247#0/1	95.833	120	5	0	1159	1278	1	120	1.52e-47	195
NC_011593.1:c2609546-2608269	NB551033:88:H5VWJBGX7:1:23307:8835:16883#0/2	95.798	119	5	0	847	965	119	1	5.48e-47	193
NC_011593.1:c2609546-2608269	NB551033:88:H5VWJBGX7:1:21112:24231:17193#0/2	95.763	118	5	0	1161	1278	119	2	1.97e-46	191
NC_011593.1:c2609546-2608269	NB551033:88:H5VWJBGX7:1:21112:24231:17193#0/1	95.763	118	5	0	1161	1278	1	118	1.97e-46	191
NC_011593.1:c2609546-2608269	NB551033:88:H5VWJBGX7:1:11202:11720:15843#0/1	95.763	118	5	0	1161	1278	1	118	1.97e-46	191
NC_011593.1:c2609546-2608269	NB551033:88:H5VWJBGX7:3:21512:2865:9759#0/2	96.491	114	4	0	1090	1203	114	1	7.09e-46	189
NC_011593.1:c2609546-2608269	NB551033:88:H5VWJBGX7:1:23307:2323:9738#0/2	96.491	114	4	0	1165	1278	2	115	7.09e-46	189
NC_011593.1:c2609546-2608269	NB551033:88:H5VWJBGX7:3:21512:2865:9759#0/1	96.491	114	4	0	1090	1203	1	114	7.09e-46	189
NC_011593.1:c2609546-2608269	NB551033:88:H5VWJBGX7:4:23409:22843:19172#0/1	95.652	115	5	0	1161	1275	115	1	9.17e-45	185
NC_011593.1:c2609546-2608269	NB551033:88:H5VWJBGX7:1:11208:10098:5931#0/2	96.396	111	4	0	1168	1278	151	41	3.30e-44	183
NC_011593.1:c2609546-2608269	NB551033:88:H5VWJBGX7:4:22605:22555:10903#0/1	96.396	111	4	0	1168	1278	151	41	3.30e-44	183
NC_011593.1:c2609546-2608269	NB551033:88:H5VWJBGX7:4:21407:9549:19413#0/1	96.396	111	4	0	1168	1278	151	41	3.30e-44	183
NC_011593.1:c2609546-2608269	NB551033:88:H5VWJBGX7:3:11506:15712:5441#0/1	96.396	111	4	0	1168	1278	136	26	3.30e-44	183
NC_011593.1:c2609546-2608269	NB551033:88:H5VWJBGX7:4:12503:17458:16429#0/2	95.455	110	5	0	694	803	1	110	5.52e-42	176
NC_011593.1:c2609546-2608269	NB551033:88:H5VWJBGX7:3:23404:7515:8191#0/2	95.455	110	5	0	930	1039	110	1	5.52e-42	176
NC_011593.1:c2609546-2608269	NB551033:88:H5VWJBGX7:4:12503:17458:16429#0/1	95.455	110	5	0	694	803	111	2	5.52e-42	176
NC_011593.1:c2609546-2608269	NB551033:88:H5VWJBGX7:3:23404:7515:8191#0/1	95.455	110	5	0	930	1039	1	110	5.52e-42	176
NC_011593.1:c2609546-2608269	NB551033:88:H5VWJBGX7:1:12202:23051:14893#0/2	96.190	105	4	0	1138	1242	106	2	7.14e-41	172
NC_011593.1:c2609546-2608269	NB551033:88:H5VWJBGX7:1:12202:23051:14893#0/1	96.190	105	4	0	1138	1242	1	105	7.14e-41	172
NC_011593.1:c2609546-2608269	NB551033:88:H5VWJBGX7:1:11201:24144:9546#0/2	96.078	102	4	0	1177	1278	150	49	3.32e-39	167
NC_011593.1:c2609546-2608269	NB551033:88:H5VWJBGX7:2:23101:14350:12562#0/2	95.192	104	5	0	1060	1163	105	2	1.19e-38	165
NC_011593.1:c2609546-2608269	NB551033:88:H5VWJBGX7:2:23101:14350:12562#0/1	95.192	104	5	0	1060	1163	3	106	1.19e-38	165
NC_011593.1:c2609546-2608269	NB551033:88:H5VWJBGX7:2:11211:7468:1458#0/1	96.040	101	4	0	1178	1278	151	51	1.19e-38	165
NC_011593.1:c2609546-2608269	NB551033:88:H5VWJBGX7:4:22605:6804:7705#0/2	96.000	100	4	0	1176	1275	1	100	4.29e-38	163
NC_011593.1:c2609546-2608269	NB551033:88:H5VWJBGX7:4:22605:6804:7705#0/1	96.000	100	4	0	1176	1275	100	1	4.29e-38	163
NC_011593.1:c2609546-2608269	NB551033:88:H5VWJBGX7:4:12405:16859:11364#0/2	95.098	102	5	0	1147	1248	1	102	1.54e-37	161
NC_011593.1:c2609546-2608269	NB551033:88:H5VWJBGX7:2:22302:26302:4184#0/2	95.960	99	4	0	1180	1278	151	53	1.54e-37	161
NC_011593.1:c2609546-2608269	NB551033:88:H5VWJBGX7:1:21107:11492:16170#0/2	95.960	99	4	0	1180	1278	151	53	1.54e-37	161
NC_011593.1:c2609546-2608269	NB551033:88:H5VWJBGX7:4:12405:16859:11364#0/1	95.098	102	5	0	1147	1248	102	1	1.54e-37	161
NC_011593.1:c2609546-2608269	NB551033:88:H5VWJBGX7:3:11609:10958:17789#0/1	95.960	99	4	0	1180	1278	150	52	1.54e-37	161
NC_011593.1:c2609546-2608269	NB551033:88:H5VWJBGX7:4:12604:19687:6609#0/2	95.050	101	5	0	701	801	1	101	5.56e-37	159
NC_011593.1:c2609546-2608269	NB551033:88:H5VWJBGX7:1:12105:4698:16606#0/2	96.842	95	3	0	862	956	2	96	5.56e-37	159
NC_011593.1:c2609546-2608269	NB551033:88:H5VWJBGX7:4:21606:10814:7161#0/1	95.050	101	5	0	1060	1160	101	1	5.56e-37	159
NC_011593.1:c2609546-2608269	NB551033:88:H5VWJBGX7:1:12105:4698:16606#0/1	96.842	95	3	0	862	956	95	1	5.56e-37	159
NC_011593.1:c2609546-2608269	NB551033:88:H5VWJBGX7:3:11503:20977:5287#0/2	95.833	96	4	0	1005	1100	1	96	7.19e-36	156
NC_011593.1:c2609546-2608269	NB551033:88:H5VWJBGX7:3:11503:20977:5287#0/1	95.833	96	4	0	1005	1100	97	2	7.19e-36	156
NC_011593.1:c2609546-2608269	NB551033:88:H5VWJBGX7:4:11504:20803:3404#0/2	95.745	94	4	0	1185	1278	1	94	9.30e-35	152
NC_011593.1:c2609546-2608269	NB551033:88:H5VWJBGX7:4:13503:7482:7904#0/2	96.667	90	3	0	988	1077	3	92	3.34e-34	150
NC_011593.1:c2609546-2608269	NB551033:88:H5VWJBGX7:4:13503:7482:7904#0/1	96.667	90	3	0	988	1077	90	1	3.34e-34	150
NC_011593.1:c2609546-2608269	NB551033:88:H5VWJBGX7:4:21503:15163:17722#0/2	95.349	86	4	0	1190	1275	86	1	2.60e-30	137
NC_011593.1:c2609546-2608269	NB551033:88:H5VWJBGX7:4:21503:15163:17722#0/1	95.349	86	4	0	1190	1275	1	86	2.60e-30	137
NC_011593.1:c2609546-2608269	NB551033:88:H5VWJBGX7:4:22611:15726:18925#0/2	95.181	83	4	0	1196	1278	1	83	1.21e-28	132
NC_011593.1:c2609546-2608269	NB551033:88:H5VWJBGX7:4:22405:25961:15402#0/1	95.181	83	4	0	1196	1278	1	83	1.21e-28	132
NC_011593.1:c2609546-2608269	NB551033:88:H5VWJBGX7:3:23512:2277:11920#0/1	95.181	83	4	0	1196	1278	1	83	1.21e-28	132
NC_011593.1:c2609546-2608269	NB551033:88:H5VWJBGX7:1:12311:26191:15946#0/1	95.181	83	4	0	1196	1278	1	83	1.21e-28	132
NC_011593.1:c2609546-2608269	NB551033:88:H5VWJBGX7:3:21604:21474:7142#0/2	95.122	82	4	0	1161	1242	82	1	4.36e-28	130
NC_011593.1:c2609546-2608269	NB551033:88:H5VWJBGX7:3:21604:21474:7142#0/1	95.122	82	4	0	1161	1242	1	82	4.36e-28	130
NC_011593.1:c2609546-2608269	NB551033:88:H5VWJBGX7:1:21206:15440:9496#0/1	95.122	82	4	0	1197	1278	150	69	4.36e-28	130
NC_011593.1:c2609546-2608269	NB551033:88:H5VWJBGX7:2:22106:25567:7006#0/2	95.062	81	4	0	1191	1271	1	81	1.57e-27	128
NC_011593.1:c2609546-2608269	NB551033:88:H5VWJBGX7:4:12606:4731:5543#0/1	95.062	81	4	0	1198	1278	1	81	1.57e-27	128
NC_011593.1:c2609546-2608269	NB551033:88:H5VWJBGX7:2:22106:25567:7006#0/1	95.062	81	4	0	1191	1271	81	1	1.57e-27	128
NC_011593.1:c2609546-2608269	NB551033:88:H5VWJBGX7:2:11205:6895:5544#0/2	97.101	69	2	0	1210	1278	148	80	3.39e-24	117
NC_011593.1:c2609546-2608269	NB551033:88:H5VWJBGX7:3:13407:22929:1784#0/1	97.101	69	2	0	1210	1278	151	83	3.39e-24	117
NC_011593.1:c2609546-2608269	NB551033:88:H5VWJBGX7:4:13608:18315:12385#0/1	96.970	66	2	0	1213	1278	150	85	1.58e-22	111
NC_011593.1:c2609546-2608269	NB551033:88:H5VWJBGX7:3:21407:24801:13899#0/1	98.387	62	1	0	1217	1278	1	62	5.67e-22	110
NC_011593.1:c2609546-2608269	NB551033:88:H5VWJBGX7:1:22302:5799:12227#0/2	98.333	60	1	0	1219	1278	150	91	7.34e-21	106
NC_011593.1:c2609546-2608269	NB551033:88:H5VWJBGX7:4:11503:3904:14981#0/2	98.305	59	1	0	1220	1278	151	93	2.64e-20	104
NC_011593.1:c2609546-2608269	NB551033:88:H5VWJBGX7:1:12311:26191:15946#0/2	98.305	59	1	0	1220	1278	151	93	2.64e-20	104
NC_011593.1:c2609546-2608269	NB551033:88:H5VWJBGX7:4:22502:22167:1400#0/1	98.305	59	1	0	1220	1278	151	93	2.64e-20	104
NC_011593.1:c2609546-2608269	NB551033:88:H5VWJBGX7:3:13607:7806:19461#0/2	95.161	62	3	0	283	344	3	64	1.23e-18	99.0
NC_011593.1:c2609546-2608269	NB551033:88:H5VWJBGX7:2:23306:3378:10695#0/2	95.161	62	3	0	283	344	3	64	1.23e-18	99.0
NC_011593.1:c2609546-2608269	NB551033:88:H5VWJBGX7:2:23301:10903:9321#0/2	95.161	62	3	0	283	344	1	62	1.23e-18	99.0
NC_011593.1:c2609546-2608269	NB551033:88:H5VWJBGX7:4:23402:3139:6036#0/1	95.161	62	3	0	283	344	3	64	1.23e-18	99.0
NC_011593.1:c2609546-2608269	NB551033:88:H5VWJBGX7:2:23301:10903:9321#0/1	96.610	59	2	0	286	344	140	82	1.23e-18	99.0
NC_011593.1:c2609546-2608269	NB551033:88:H5VWJBGX7:2:23104:5895:19593#0/1	95.161	62	3	0	283	344	3	64	1.23e-18	99.0
NC_011593.1:c2609546-2608269	NB551033:88:H5VWJBGX7:2:13312:26566:2370#0/1	96.610	59	2	0	286	344	134	76	1.23e-18	99.0
NC_011593.1:c2609546-2608269	NB551033:88:H5VWJBGX7:4:12603:16376:1037#0/2	98.148	54	1	0	1225	1278	2	55	1.59e-17	95.3
NC_011593.1:c2609546-2608269	NB551033:88:H5VWJBGX7:4:23505:11744:10304#0/1	96.429	56	2	0	289	344	151	96	5.71e-17	93.5
NC_011593.1:c2609546-2608269	NB551033:88:H5VWJBGX7:3:21608:11520:15689#0/1	96.429	56	2	0	289	344	151	96	5.71e-17	93.5
NC_011593.1:c2609546-2608269	NB551033:88:H5VWJBGX7:3:13402:22319:2260#0/1	96.429	56	2	0	289	344	151	96	5.71e-17	93.5
NC_011593.1:c2609546-2608269	NB551033:88:H5VWJBGX7:1:23110:2045:12585#0/1	96.429	56	2	0	289	344	150	95	5.71e-17	93.5
NC_011593.1:c2609546-2608269	NB551033:88:H5VWJBGX7:1:13206:7460:19851#0/1	96.429	56	2	0	289	344	150	95	5.71e-17	93.5
NC_011593.1:c2609546-2608269	NB551033:88:H5VWJBGX7:4:12512:9318:17746#0/2	98.000	50	1	0	1229	1278	83	34	2.66e-15	87.9
NC_011593.1:c2609546-2608269	NB551033:88:H5VWJBGX7:4:12512:9318:17746#0/1	98.000	50	1	0	1229	1278	1	50	2.66e-15	87.9
NC_011593.1:c2609546-2608269	NB551033:88:H5VWJBGX7:2:22307:5487:7848#0/1	97.872	47	1	0	1232	1278	1	47	1.24e-13	82.4
NC_011593.1:c2609546-2608269	NB551033:88:H5VWJBGX7:2:21303:3059:2926#0/2	95.918	49	2	0	296	344	1	49	4.45e-13	80.5
NC_011593.1:c2609546-2608269	NB551033:88:H5VWJBGX7:3:23510:7307:9695#0/2	97.778	45	1	0	1234	1278	137	93	1.60e-12	78.7
NC_011593.1:c2609546-2608269	NB551033:88:H5VWJBGX7:2:22106:13850:10207#0/2	97.778	45	1	0	1234	1278	1	45	1.60e-12	78.7
NC_011593.1:c2609546-2608269	NB551033:88:H5VWJBGX7:2:13206:8560:1418#0/2	97.778	45	1	0	1234	1278	1	45	1.60e-12	78.7
NC_011593.1:c2609546-2608269	NB551033:88:H5VWJBGX7:3:23510:7307:9695#0/1	97.778	45	1	0	1234	1278	1	45	1.60e-12	78.7
NC_011593.1:c2609546-2608269	NB551033:88:H5VWJBGX7:1:21203:24096:5932#0/1	95.833	48	2	0	297	344	150	103	1.60e-12	78.7
NC_011593.1:c2609546-2608269	NB551033:88:H5VWJBGX7:2:11104:19458:5355#0/2	95.556	45	2	0	300	344	150	106	7.44e-11	73.1
NC_011593.1:c2609546-2608269	NB551033:88:H5VWJBGX7:1:21301:5698:19731#0/2	97.619	42	1	0	1237	1278	150	109	7.44e-11	73.1
NC_011593.1:c2609546-2608269	NB551033:88:H5VWJBGX7:4:21603:26059:15969#0/1	97.619	42	1	0	1237	1278	151	110	7.44e-11	73.1
NC_011593.1:c2609546-2608269	NB551033:88:H5VWJBGX7:3:23604:5377:6965#0/1	95.556	45	2	0	300	344	9	53	7.44e-11	73.1
NC_011593.1:c2609546-2608269	NB551033:88:H5VWJBGX7:1:22111:4463:7302#0/1	97.619	42	1	0	1237	1278	150	109	7.44e-11	73.1
NC_011593.1:c2609546-2608269	NB551033:88:H5VWJBGX7:3:21511:15466:15071#0/2	95.349	43	2	0	302	344	1	43	9.63e-10	69.4
NC_011593.1:c2609546-2608269	NB551033:88:H5VWJBGX7:1:13109:10882:1613#0/2	95.349	43	2	0	302	344	1	43	9.63e-10	69.4
NC_011593.1:c2609546-2608269	NB551033:88:H5VWJBGX7:3:21511:15466:15071#0/1	95.349	43	2	0	302	344	137	95	9.63e-10	69.4
NC_011593.1:c2609546-2608269	NB551033:88:H5VWJBGX7:1:13109:10882:1613#0/1	95.349	43	2	0	302	344	119	77	9.63e-10	69.4
NC_011593.1:c2609546-2608269	NB551033:88:H5VWJBGX7:1:11311:15637:10657#0/2	97.368	38	1	0	307	344	143	106	1.25e-08	65.8
NC_011593.1:c2609546-2608269	NB551033:88:H5VWJBGX7:4:23511:13930:8071#0/1	97.368	38	1	0	307	344	1	38	1.25e-08	65.8
NC_011593.1:c2609546-2608269	NB551033:88:H5VWJBGX7:2:11108:24070:3694#0/1	97.368	38	1	0	307	344	1	38	1.25e-08	65.8
NC_011593.1:c2609546-2608269	NB551033:88:H5VWJBGX7:1:23305:17158:4146#0/1	97.368	38	1	0	307	344	1	38	1.25e-08	65.8
NC_011593.1:c2609546-2608269	NB551033:88:H5VWJBGX7:1:11311:15637:10657#0/1	97.368	38	1	0	307	344	1	38	1.25e-08	65.8
NC_011593.1:c2609546-2608269	NB551033:88:H5VWJBGX7:1:13206:15087:12113#0/1	100.000	34	0	0	311	344	3	36	4.48e-08	63.9
NC_011593.1:c2609546-2608269	NB551033:88:H5VWJBGX7:4:13405:7188:10231#0/2	100.000	32	0	0	1247	1278	151	120	5.80e-07	60.2
NC_011593.1:c2609546-2608269	NB551033:88:H5VWJBGX7:2:21105:16584:13012#0/1	100.000	32	0	0	1247	1278	151	120	5.80e-07	60.2
NC_011593.1:c2609546-2608269	NB551033:88:H5VWJBGX7:4:22402:19723:10117#0/2	100.000	29	0	0	316	344	109	81	2.70e-05	54.7
NC_011593.1:c2609546-2608269	NB551033:88:H5VWJBGX7:1:13201:9490:11406#0/2	100.000	29	0	0	316	344	1	29	2.70e-05	54.7
NC_011593.1:c2609546-2608269	NB551033:88:H5VWJBGX7:4:22402:19723:10117#0/1	100.000	29	0	0	316	344	1	29	2.70e-05	54.7
# BLASTN 2.9.0+
# Query: NC_011593.1:c2610356-2609697 Bifidobacterium longum subsp. infantis ATCC 15697, complete genome
# Database: db/blast_C0621-1F-1A_S79.faa
# 0 hits found
# BLASTN 2.9.0+
# Query: NC_011593.1:c2611458-2610496 Bifidobacterium longum subsp. infantis ATCC 15697, complete genome
# Database: db/blast_C0621-1F-1A_S79.faa
# 0 hits found
# BLASTN 2.9.0+
# Query: NC_011593.1:c2612430-2611477 Bifidobacterium longum subsp. infantis ATCC 15697, complete genome
# Database: db/blast_C0621-1F-1A_S79.faa
# 0 hits found
# BLASTN 2.9.0+
# Query: NC_011593.1:c2614109-2612517 Bifidobacterium longum subsp. infantis ATCC 15697, complete genome
# Database: db/blast_C0621-1F-1A_S79.faa
# 0 hits found
# BLASTN 2.9.0+
# Query: NC_011593.1:c2615274-2614312 Bifidobacterium longum subsp. infantis ATCC 15697, complete genome
# Database: db/blast_C0621-1F-1A_S79.faa
# 0 hits found
# BLASTN 2.9.0+
# Query: NC_011593.1:c2616246-2615293 Bifidobacterium longum subsp. infantis ATCC 15697, complete genome
# Database: db/blast_C0621-1F-1A_S79.faa
# 0 hits found
# BLASTN 2.9.0+
# Query: NC_011593.1:c2617928-2616333 Bifidobacterium longum subsp. infantis ATCC 15697, complete genome
# Database: db/blast_C0621-1F-1A_S79.faa
# 0 hits found
# BLASTN 2.9.0+
# Query: NC_011593.1:c2619247-2618063 Bifidobacterium longum subsp. infantis ATCC 15697, complete genome
# Database: db/blast_C0621-1F-1A_S79.faa
# 0 hits found
# BLASTN 2.9.0+
# Query: NC_011593.1:c2620369-2619413 Bifidobacterium longum subsp. infantis ATCC 15697, complete genome
# Database: db/blast_C0621-1F-1A_S79.faa
# 0 hits found
# BLASTN 2.9.0+
# Query: NC_011593.1:c2622143-2620551 Bifidobacterium longum subsp. infantis ATCC 15697, complete genome
# Database: db/blast_C0621-1F-1A_S79.faa
# 0 hits found
# BLASTN 2.9.0+
# Query: NC_011593.1:c2624124-2622520 Bifidobacterium longum subsp. infantis ATCC 15697, complete genome
# Database: db/blast_C0621-1F-1A_S79.faa
# 0 hits found
# BLASTN 2.9.0+
# Query: NC_011593.1:c2626110-2624512 Bifidobacterium longum subsp. infantis ATCC 15697, complete genome
# Database: db/blast_C0621-1F-1A_S79.faa
# 0 hits found
# BLASTN 2.9.0+
# Query: NC_011593.1:c2626386-2626264 Bifidobacterium longum subsp. infantis ATCC 15697, complete genome
# Database: db/blast_C0621-1F-1A_S79.faa
# 0 hits found
# BLASTN 2.9.0+
# Query: NC_011593.1:c2628158-2626563 Bifidobacterium longum subsp. infantis ATCC 15697, complete genome
# Database: db/blast_C0621-1F-1A_S79.faa
# 0 hits found
# BLASTN 2.9.0+
# Query: NC_011593.1:c2630269-2628314 Bifidobacterium longum subsp. infantis ATCC 15697, complete genome
# Database: db/blast_C0621-1F-1A_S79.faa
# 0 hits found
# BLASTN 2.9.0+
# Query: NC_011593.1:c2631106-2630366 Bifidobacterium longum subsp. infantis ATCC 15697, complete genome
# Database: db/blast_C0621-1F-1A_S79.faa
# 0 hits found
# BLASTN 2.9.0+
# Query: NC_011593.1:c2632432-2631140 Bifidobacterium longum subsp. infantis ATCC 15697, complete genome
# Database: db/blast_C0621-1F-1A_S79.faa
# 0 hits found
# BLASTN 2.9.0+
# Query: NC_011593.1:c2633881-2632562 Bifidobacterium longum subsp. infantis ATCC 15697, complete genome
# Database: db/blast_C0621-1F-1A_S79.faa
# 0 hits found
# BLASTN 2.9.0+
# Query: NC_011593.1:c2634683-2633865 Bifidobacterium longum subsp. infantis ATCC 15697, complete genome
# Database: db/blast_C0621-1F-1A_S79.faa
# 0 hits found
# BLASTN 2.9.0+
# Query: NC_011593.1:c2635627-2634680 Bifidobacterium longum subsp. infantis ATCC 15697, complete genome
# Database: db/blast_C0621-1F-1A_S79.faa
# 0 hits found
# BLASTN 2.9.0+
# Query: NC_011593.1:c2636747-2635629 Bifidobacterium longum subsp. infantis ATCC 15697, complete genome
# Database: db/blast_C0621-1F-1A_S79.faa
# 0 hits found
# BLAST processed 31 queries
