# BLASTN 2.9.0+
# Query: NC_011593.1:c2595355-2593832 Bifidobacterium longum subsp. infantis ATCC 15697, complete genome
# Database: db/blast_C0627-1F-2A_S21.faa
# Fields: query acc.ver, subject acc.ver, % identity, alignment length, mismatches, gap opens, q. start, q. end, s. start, s. end, evalue, bit score
# 234 hits found
NC_011593.1:c2595355-2593832	NB551033:88:H5VWJBGX7:4:13502:9304:20011#0/1	99.338	151	1	0	1007	1157	1	151	2.34e-71	274
NC_011593.1:c2595355-2593832	NB551033:88:H5VWJBGX7:4:11409:3707:6988#0/1	99.338	151	1	0	907	1057	1	151	2.34e-71	274
NC_011593.1:c2595355-2593832	NB551033:88:H5VWJBGX7:3:13406:17490:10777#0/1	99.338	151	1	0	356	506	1	151	2.34e-71	274
NC_011593.1:c2595355-2593832	NB551033:88:H5VWJBGX7:3:11607:24188:2204#0/1	99.338	151	1	0	945	1095	151	1	2.34e-71	274
NC_011593.1:c2595355-2593832	NB551033:88:H5VWJBGX7:2:11202:24418:14520#0/1	99.338	151	1	0	359	509	151	1	2.34e-71	274
NC_011593.1:c2595355-2593832	NB551033:88:H5VWJBGX7:1:21102:21982:3087#0/1	99.338	151	1	0	916	1066	151	1	2.34e-71	274
NC_011593.1:c2595355-2593832	NB551033:88:H5VWJBGX7:3:12611:25356:12041#0/2	99.333	150	1	0	356	505	1	150	8.42e-71	272
NC_011593.1:c2595355-2593832	NB551033:88:H5VWJBGX7:3:11410:14960:3212#0/1	99.333	150	1	0	358	507	150	1	8.42e-71	272
NC_011593.1:c2595355-2593832	NB551033:88:H5VWJBGX7:2:12308:25941:13063#0/1	99.333	150	1	0	948	1097	1	150	8.42e-71	272
NC_011593.1:c2595355-2593832	NB551033:88:H5VWJBGX7:4:13502:9304:20011#0/2	98.675	151	2	0	1049	1199	151	1	1.09e-69	268
NC_011593.1:c2595355-2593832	NB551033:88:H5VWJBGX7:4:11409:3707:6988#0/2	98.675	151	2	0	967	1117	151	1	1.09e-69	268
NC_011593.1:c2595355-2593832	NB551033:88:H5VWJBGX7:3:23603:3849:14004#0/2	98.675	151	2	0	1234	1384	1	151	1.09e-69	268
NC_011593.1:c2595355-2593832	NB551033:88:H5VWJBGX7:3:22606:24096:11339#0/2	98.675	151	2	0	1021	1171	1	151	1.09e-69	268
NC_011593.1:c2595355-2593832	NB551033:88:H5VWJBGX7:2:23103:13599:11836#0/2	98.675	151	2	0	408	558	151	1	1.09e-69	268
NC_011593.1:c2595355-2593832	NB551033:88:H5VWJBGX7:2:12308:25941:13063#0/2	99.324	148	1	0	965	1112	150	3	1.09e-69	268
NC_011593.1:c2595355-2593832	NB551033:88:H5VWJBGX7:1:22103:2275:17748#0/2	98.675	151	2	0	441	591	1	151	1.09e-69	268
NC_011593.1:c2595355-2593832	NB551033:88:H5VWJBGX7:1:21205:14844:5030#0/2	98.675	151	2	0	410	560	151	1	1.09e-69	268
NC_011593.1:c2595355-2593832	NB551033:88:H5VWJBGX7:1:11105:11837:9835#0/2	98.675	151	2	0	441	591	1	151	1.09e-69	268
NC_011593.1:c2595355-2593832	NB551033:88:H5VWJBGX7:4:13504:8786:10181#0/1	98.675	151	2	0	488	638	1	151	1.09e-69	268
NC_011593.1:c2595355-2593832	NB551033:88:H5VWJBGX7:4:12608:25761:18115#0/1	98.675	151	2	0	1011	1161	1	151	1.09e-69	268
NC_011593.1:c2595355-2593832	NB551033:88:H5VWJBGX7:3:23507:26072:5355#0/1	98.675	151	2	0	488	638	1	151	1.09e-69	268
NC_011593.1:c2595355-2593832	NB551033:88:H5VWJBGX7:3:12611:25356:12041#0/1	98.675	151	2	0	488	638	151	1	1.09e-69	268
NC_011593.1:c2595355-2593832	NB551033:88:H5VWJBGX7:3:12609:25293:18580#0/1	98.675	151	2	0	1025	1175	1	151	1.09e-69	268
NC_011593.1:c2595355-2593832	NB551033:88:H5VWJBGX7:4:21504:6129:3178#0/2	98.667	150	2	0	1030	1179	151	2	3.92e-69	267
NC_011593.1:c2595355-2593832	NB551033:88:H5VWJBGX7:4:12511:9432:7990#0/2	98.667	150	2	0	501	650	1	150	3.92e-69	267
NC_011593.1:c2595355-2593832	NB551033:88:H5VWJBGX7:3:12407:23070:10480#0/2	98.667	150	2	0	501	650	1	150	3.92e-69	267
NC_011593.1:c2595355-2593832	NB551033:88:H5VWJBGX7:2:23212:3861:5424#0/2	98.667	150	2	0	1021	1170	1	150	3.92e-69	267
NC_011593.1:c2595355-2593832	NB551033:88:H5VWJBGX7:1:21109:1804:2670#0/2	98.667	150	2	0	498	647	1	150	3.92e-69	267
NC_011593.1:c2595355-2593832	NB551033:88:H5VWJBGX7:1:13202:2191:10668#0/2	98.667	150	2	0	450	599	1	150	3.92e-69	267
NC_011593.1:c2595355-2593832	NB551033:88:H5VWJBGX7:4:23508:16407:18839#0/1	98.667	150	2	0	501	650	1	150	3.92e-69	267
NC_011593.1:c2595355-2593832	NB551033:88:H5VWJBGX7:4:13410:21703:15430#0/1	98.667	150	2	0	429	578	1	150	3.92e-69	267
NC_011593.1:c2595355-2593832	NB551033:88:H5VWJBGX7:4:12606:20571:4398#0/1	98.667	150	2	0	535	684	1	150	3.92e-69	267
NC_011593.1:c2595355-2593832	NB551033:88:H5VWJBGX7:3:12611:19835:15908#0/1	98.667	150	2	0	419	568	1	150	3.92e-69	267
NC_011593.1:c2595355-2593832	NB551033:88:H5VWJBGX7:3:12511:20369:17940#0/1	98.667	150	2	0	444	593	1	150	3.92e-69	267
NC_011593.1:c2595355-2593832	NB551033:88:H5VWJBGX7:2:23209:10770:17909#0/1	98.667	150	2	0	419	568	1	150	3.92e-69	267
NC_011593.1:c2595355-2593832	NB551033:88:H5VWJBGX7:2:13206:14374:11260#0/1	98.667	150	2	0	504	653	1	150	3.92e-69	267
NC_011593.1:c2595355-2593832	NB551033:88:H5VWJBGX7:1:21205:14844:5030#0/1	98.667	150	2	0	370	519	1	150	3.92e-69	267
NC_011593.1:c2595355-2593832	NB551033:88:H5VWJBGX7:1:21109:7550:15895#0/1	98.667	150	2	0	1019	1168	150	1	3.92e-69	267
NC_011593.1:c2595355-2593832	NB551033:88:H5VWJBGX7:4:23604:5489:8484#0/2	98.658	149	2	0	419	567	149	1	1.41e-68	265
NC_011593.1:c2595355-2593832	NB551033:88:H5VWJBGX7:3:11607:24188:2204#0/2	98.658	149	2	0	746	894	1	149	1.41e-68	265
NC_011593.1:c2595355-2593832	NB551033:88:H5VWJBGX7:1:12111:14006:2297#0/1	98.658	149	2	0	385	533	1	149	1.41e-68	265
NC_011593.1:c2595355-2593832	NB551033:88:H5VWJBGX7:3:13406:17490:10777#0/2	98.649	148	2	0	531	678	150	3	5.07e-68	263
NC_011593.1:c2595355-2593832	NB551033:88:H5VWJBGX7:3:13401:19957:4750#0/2	98.013	151	3	0	1046	1196	1	151	5.07e-68	263
NC_011593.1:c2595355-2593832	NB551033:88:H5VWJBGX7:3:12502:20033:8785#0/2	98.013	151	3	0	1219	1369	1	151	5.07e-68	263
NC_011593.1:c2595355-2593832	NB551033:88:H5VWJBGX7:2:21106:20982:15735#0/2	98.013	151	3	0	1058	1208	151	1	5.07e-68	263
NC_011593.1:c2595355-2593832	NB551033:88:H5VWJBGX7:2:12212:23330:9594#0/2	98.013	151	3	0	1214	1364	1	151	5.07e-68	263
NC_011593.1:c2595355-2593832	NB551033:88:H5VWJBGX7:1:22311:5244:2102#0/2	98.013	151	3	0	1069	1219	1	151	5.07e-68	263
NC_011593.1:c2595355-2593832	NB551033:88:H5VWJBGX7:1:22205:11308:9504#0/2	98.013	151	3	0	797	947	151	1	5.07e-68	263
NC_011593.1:c2595355-2593832	NB551033:88:H5VWJBGX7:4:21504:6129:3178#0/1	98.649	148	2	0	747	894	1	148	5.07e-68	263
NC_011593.1:c2595355-2593832	NB551033:88:H5VWJBGX7:3:12604:19620:14313#0/1	98.013	151	3	0	1246	1396	1	151	5.07e-68	263
NC_011593.1:c2595355-2593832	NB551033:88:H5VWJBGX7:2:23311:26135:7924#0/1	98.013	151	3	0	807	957	151	1	5.07e-68	263
NC_011593.1:c2595355-2593832	NB551033:88:H5VWJBGX7:2:23212:3861:5424#0/1	98.013	151	3	0	1058	1208	151	1	5.07e-68	263
NC_011593.1:c2595355-2593832	NB551033:88:H5VWJBGX7:1:22205:11308:9504#0/1	98.013	151	3	0	548	698	1	151	5.07e-68	263
NC_011593.1:c2595355-2593832	NB551033:88:H5VWJBGX7:4:22512:15890:2037#0/2	98.000	150	3	0	114	263	151	2	1.82e-67	261
NC_011593.1:c2595355-2593832	NB551033:88:H5VWJBGX7:4:13502:10477:18561#0/2	98.000	150	3	0	94	243	1	150	1.82e-67	261
NC_011593.1:c2595355-2593832	NB551033:88:H5VWJBGX7:4:12606:20571:4398#0/2	98.000	150	3	0	701	850	151	2	1.82e-67	261
NC_011593.1:c2595355-2593832	NB551033:88:H5VWJBGX7:4:11507:6264:1959#0/2	98.000	150	3	0	1136	1285	1	150	1.82e-67	261
NC_011593.1:c2595355-2593832	NB551033:88:H5VWJBGX7:2:12307:23962:2594#0/2	98.000	150	3	0	560	709	1	150	1.82e-67	261
NC_011593.1:c2595355-2593832	NB551033:88:H5VWJBGX7:1:23305:3333:10340#0/2	98.000	150	3	0	796	945	1	150	1.82e-67	261
NC_011593.1:c2595355-2593832	NB551033:88:H5VWJBGX7:1:22310:3195:13390#0/2	98.000	150	3	0	427	576	1	150	1.82e-67	261
NC_011593.1:c2595355-2593832	NB551033:88:H5VWJBGX7:4:12505:7586:18249#0/1	98.000	150	3	0	1197	1346	1	150	1.82e-67	261
NC_011593.1:c2595355-2593832	NB551033:88:H5VWJBGX7:2:21106:20982:15735#0/1	98.000	150	3	0	981	1130	1	150	1.82e-67	261
NC_011593.1:c2595355-2593832	NB551033:88:H5VWJBGX7:2:12312:12839:2402#0/1	98.000	150	3	0	1127	1276	1	150	1.82e-67	261
NC_011593.1:c2595355-2593832	NB551033:88:H5VWJBGX7:1:12303:19502:1174#0/1	98.000	150	3	0	1206	1355	1	150	1.82e-67	261
NC_011593.1:c2595355-2593832	NB551033:88:H5VWJBGX7:3:13407:6321:18138#0/2	97.987	149	3	0	803	951	1	149	6.56e-67	259
NC_011593.1:c2595355-2593832	NB551033:88:H5VWJBGX7:2:22308:5420:2902#0/1	97.987	149	3	0	700	848	149	1	6.56e-67	259
NC_011593.1:c2595355-2593832	NB551033:88:H5VWJBGX7:1:13202:2191:10668#0/1	98.630	146	2	0	474	619	146	1	6.56e-67	259
NC_011593.1:c2595355-2593832	NB551033:88:H5VWJBGX7:1:12109:5735:10753#0/1	97.987	149	3	0	691	839	149	1	6.56e-67	259
NC_011593.1:c2595355-2593832	NB551033:88:H5VWJBGX7:4:22509:26469:12752#0/2	97.351	151	4	0	122	272	151	1	2.36e-66	257
NC_011593.1:c2595355-2593832	NB551033:88:H5VWJBGX7:4:12610:2372:9210#0/2	97.351	151	4	0	839	989	151	1	2.36e-66	257
NC_011593.1:c2595355-2593832	NB551033:88:H5VWJBGX7:4:11404:5454:12444#0/2	99.296	142	1	0	537	678	1	142	2.36e-66	257
NC_011593.1:c2595355-2593832	NB551033:88:H5VWJBGX7:3:11404:12011:11992#0/2	97.351	151	4	0	102	252	151	1	2.36e-66	257
NC_011593.1:c2595355-2593832	NB551033:88:H5VWJBGX7:3:11402:20400:14421#0/2	97.973	148	3	0	691	838	3	150	2.36e-66	257
NC_011593.1:c2595355-2593832	NB551033:88:H5VWJBGX7:1:21109:7550:15895#0/2	97.351	151	4	0	854	1004	1	151	2.36e-66	257
NC_011593.1:c2595355-2593832	NB551033:88:H5VWJBGX7:1:11212:18643:7174#0/2	97.351	151	4	0	1262	1412	1	151	2.36e-66	257
NC_011593.1:c2595355-2593832	NB551033:88:H5VWJBGX7:1:11104:13315:14690#0/2	97.351	151	4	0	119	269	151	1	2.36e-66	257
NC_011593.1:c2595355-2593832	NB551033:88:H5VWJBGX7:4:23601:9497:12357#0/1	97.351	151	4	0	328	478	1	151	2.36e-66	257
NC_011593.1:c2595355-2593832	NB551033:88:H5VWJBGX7:4:13502:10477:18561#0/1	97.351	151	4	0	132	282	151	1	2.36e-66	257
NC_011593.1:c2595355-2593832	NB551033:88:H5VWJBGX7:4:12509:18811:14113#0/1	97.973	148	3	0	94	241	148	1	2.36e-66	257
NC_011593.1:c2595355-2593832	NB551033:88:H5VWJBGX7:4:12504:5919:16920#0/1	97.351	151	4	0	1311	1461	1	151	2.36e-66	257
NC_011593.1:c2595355-2593832	NB551033:88:H5VWJBGX7:4:12403:14798:5190#0/1	97.351	151	4	0	686	836	151	1	2.36e-66	257
NC_011593.1:c2595355-2593832	NB551033:88:H5VWJBGX7:4:11603:24357:10278#0/1	97.973	148	3	0	896	1043	148	1	2.36e-66	257
NC_011593.1:c2595355-2593832	NB551033:88:H5VWJBGX7:4:11404:5454:12444#0/1	99.296	142	1	0	537	678	144	3	2.36e-66	257
NC_011593.1:c2595355-2593832	NB551033:88:H5VWJBGX7:3:11402:20400:14421#0/1	97.351	151	4	0	760	910	151	1	2.36e-66	257
NC_011593.1:c2595355-2593832	NB551033:88:H5VWJBGX7:2:13102:23239:3347#0/1	97.351	151	4	0	136	286	151	1	2.36e-66	257
NC_011593.1:c2595355-2593832	NB551033:88:H5VWJBGX7:1:22111:2576:16459#0/1	97.351	151	4	0	125	275	151	1	2.36e-66	257
NC_011593.1:c2595355-2593832	NB551033:88:H5VWJBGX7:1:11105:11837:9835#0/1	97.351	151	4	0	795	945	151	1	2.36e-66	257
NC_011593.1:c2595355-2593832	NB551033:88:H5VWJBGX7:4:12505:16115:17751#0/2	97.333	150	4	0	1258	1407	1	150	8.48e-66	255
NC_011593.1:c2595355-2593832	NB551033:88:H5VWJBGX7:4:12403:14798:5190#0/2	97.333	150	4	0	686	835	1	150	8.48e-66	255
NC_011593.1:c2595355-2593832	NB551033:88:H5VWJBGX7:4:11603:24357:10278#0/2	97.333	150	4	0	891	1040	1	150	8.48e-66	255
NC_011593.1:c2595355-2593832	NB551033:88:H5VWJBGX7:4:11404:18269:6348#0/2	97.333	150	4	0	1092	1241	1	150	8.48e-66	255
NC_011593.1:c2595355-2593832	NB551033:88:H5VWJBGX7:3:11402:10180:12759#0/2	97.333	150	4	0	124	273	150	1	8.48e-66	255
NC_011593.1:c2595355-2593832	NB551033:88:H5VWJBGX7:1:21102:21982:3087#0/2	97.333	150	4	0	869	1018	1	150	8.48e-66	255
NC_011593.1:c2595355-2593832	NB551033:88:H5VWJBGX7:4:23604:5489:8484#0/1	97.333	150	4	0	333	482	1	150	8.48e-66	255
NC_011593.1:c2595355-2593832	NB551033:88:H5VWJBGX7:3:13407:6321:18138#0/1	97.333	150	4	0	850	999	150	1	8.48e-66	255
NC_011593.1:c2595355-2593832	NB551033:88:H5VWJBGX7:1:23305:3333:10340#0/1	97.959	147	3	0	883	1029	147	1	8.48e-66	255
NC_011593.1:c2595355-2593832	NB551033:88:H5VWJBGX7:1:22310:3195:13390#0/1	97.333	150	4	0	870	1019	150	1	8.48e-66	255
NC_011593.1:c2595355-2593832	NB551033:88:H5VWJBGX7:1:21106:2300:19445#0/1	97.333	150	4	0	1317	1466	1	150	8.48e-66	255
NC_011593.1:c2595355-2593832	NB551033:88:H5VWJBGX7:1:12303:11368:18421#0/1	97.333	150	4	0	371	520	1	150	8.48e-66	255
NC_011593.1:c2595355-2593832	NB551033:88:H5VWJBGX7:1:12109:5840:9949#0/1	97.333	150	4	0	80	229	1	150	8.48e-66	255
NC_011593.1:c2595355-2593832	NB551033:88:H5VWJBGX7:1:11212:18643:7174#0/1	97.333	150	4	0	1269	1418	150	1	8.48e-66	255
NC_011593.1:c2595355-2593832	NB551033:88:H5VWJBGX7:2:12310:15930:4249#0/2	98.601	143	2	0	404	546	3	145	3.05e-65	254
NC_011593.1:c2595355-2593832	NB551033:88:H5VWJBGX7:1:12207:2714:1163#0/2	97.315	149	4	0	1132	1280	1	149	3.05e-65	254
NC_011593.1:c2595355-2593832	NB551033:88:H5VWJBGX7:2:12310:15930:4249#0/1	98.601	143	2	0	404	546	143	1	3.05e-65	254
NC_011593.1:c2595355-2593832	NB551033:88:H5VWJBGX7:4:11501:21661:1591#0/2	96.689	151	5	0	153	303	1	151	1.10e-64	252
NC_011593.1:c2595355-2593832	NB551033:88:H5VWJBGX7:2:11202:24418:14520#0/2	96.689	151	5	0	328	478	1	151	1.10e-64	252
NC_011593.1:c2595355-2593832	NB551033:88:H5VWJBGX7:4:22509:26469:12752#0/1	97.297	148	4	0	62	209	1	148	1.10e-64	252
NC_011593.1:c2595355-2593832	NB551033:88:H5VWJBGX7:3:12407:23070:10480#0/1	96.689	151	5	0	584	734	151	1	1.10e-64	252
NC_011593.1:c2595355-2593832	NB551033:88:H5VWJBGX7:3:11402:10180:12759#0/1	97.931	145	3	0	99	243	1	145	1.10e-64	252
NC_011593.1:c2595355-2593832	NB551033:88:H5VWJBGX7:2:22305:15338:18814#0/1	96.689	151	5	0	64	214	1	151	1.10e-64	252
NC_011593.1:c2595355-2593832	NB551033:88:H5VWJBGX7:3:23507:26072:5355#0/2	96.667	150	5	0	574	723	150	1	3.95e-64	250
NC_011593.1:c2595355-2593832	NB551033:88:H5VWJBGX7:2:22308:5420:2902#0/2	96.667	150	5	0	605	754	1	150	3.95e-64	250
NC_011593.1:c2595355-2593832	NB551033:88:H5VWJBGX7:1:12303:19502:1174#0/2	96.667	150	5	0	1291	1440	150	1	3.95e-64	250
NC_011593.1:c2595355-2593832	NB551033:88:H5VWJBGX7:4:12511:9432:7990#0/1	96.667	150	5	0	585	734	150	1	3.95e-64	250
NC_011593.1:c2595355-2593832	NB551033:88:H5VWJBGX7:4:11402:17102:13988#0/1	97.279	147	4	0	1324	1470	1	147	3.95e-64	250
NC_011593.1:c2595355-2593832	NB551033:88:H5VWJBGX7:1:22103:2275:17748#0/1	96.667	150	5	0	586	735	150	1	3.95e-64	250
NC_011593.1:c2595355-2593832	NB551033:88:H5VWJBGX7:4:22504:6671:10341#0/2	97.260	146	4	0	94	239	146	1	1.42e-63	248
NC_011593.1:c2595355-2593832	NB551033:88:H5VWJBGX7:4:11402:17102:13988#0/2	97.260	146	4	0	1325	1470	150	5	1.42e-63	248
NC_011593.1:c2595355-2593832	NB551033:88:H5VWJBGX7:3:12511:20369:17940#0/2	96.644	149	5	0	579	727	149	1	1.42e-63	248
NC_011593.1:c2595355-2593832	NB551033:88:H5VWJBGX7:2:23101:13979:10343#0/2	96.644	149	5	0	849	997	1	149	1.42e-63	248
NC_011593.1:c2595355-2593832	NB551033:88:H5VWJBGX7:2:23103:13599:11836#0/1	96.644	149	5	0	175	323	1	149	1.42e-63	248
NC_011593.1:c2595355-2593832	NB551033:88:H5VWJBGX7:2:23101:13979:10343#0/1	96.644	149	5	0	849	997	149	1	1.42e-63	248
NC_011593.1:c2595355-2593832	NB551033:88:H5VWJBGX7:4:23601:9497:12357#0/2	96.026	151	6	0	585	735	151	1	5.11e-63	246
NC_011593.1:c2595355-2593832	NB551033:88:H5VWJBGX7:4:23508:16407:18839#0/2	96.026	151	6	0	637	787	151	1	5.11e-63	246
NC_011593.1:c2595355-2593832	NB551033:88:H5VWJBGX7:4:13410:21703:15430#0/2	96.026	151	6	0	644	794	151	1	5.11e-63	246
NC_011593.1:c2595355-2593832	NB551033:88:H5VWJBGX7:2:23311:26135:7924#0/2	96.026	151	6	0	625	775	1	151	5.11e-63	246
NC_011593.1:c2595355-2593832	NB551033:88:H5VWJBGX7:1:12111:14006:2297#0/2	96.026	151	6	0	663	813	151	1	5.11e-63	246
NC_011593.1:c2595355-2593832	NB551033:88:H5VWJBGX7:1:12109:5840:9949#0/2	96.026	151	6	0	285	435	151	1	5.11e-63	246
NC_011593.1:c2595355-2593832	NB551033:88:H5VWJBGX7:4:23612:6346:1216#0/1	96.026	151	6	0	252	402	151	1	5.11e-63	246
NC_011593.1:c2595355-2593832	NB551033:88:H5VWJBGX7:4:23502:6208:4137#0/1	96.026	151	6	0	214	364	151	1	5.11e-63	246
NC_011593.1:c2595355-2593832	NB551033:88:H5VWJBGX7:4:11501:21661:1591#0/1	96.622	148	5	0	316	463	148	1	5.11e-63	246
NC_011593.1:c2595355-2593832	NB551033:88:H5VWJBGX7:2:12307:23962:2594#0/1	96.026	151	6	0	642	792	151	1	5.11e-63	246
NC_011593.1:c2595355-2593832	NB551033:88:H5VWJBGX7:1:13303:10957:15638#0/1	96.026	151	6	0	306	456	151	1	5.11e-63	246
NC_011593.1:c2595355-2593832	NB551033:88:H5VWJBGX7:4:13504:8786:10181#0/2	96.000	150	6	0	655	804	150	1	1.84e-62	244
NC_011593.1:c2595355-2593832	NB551033:88:H5VWJBGX7:3:12611:19835:15908#0/2	96.000	150	6	0	627	776	150	1	1.84e-62	244
NC_011593.1:c2595355-2593832	NB551033:88:H5VWJBGX7:2:23209:10770:17909#0/2	96.000	150	6	0	627	776	150	1	1.84e-62	244
NC_011593.1:c2595355-2593832	NB551033:88:H5VWJBGX7:2:22305:15338:18814#0/2	96.000	150	6	0	224	373	150	1	1.84e-62	244
NC_011593.1:c2595355-2593832	NB551033:88:H5VWJBGX7:2:13206:14374:11260#0/2	96.000	150	6	0	645	794	150	1	1.84e-62	244
NC_011593.1:c2595355-2593832	NB551033:88:H5VWJBGX7:2:12309:17854:6952#0/2	96.000	150	6	0	267	416	1	150	1.84e-62	244
NC_011593.1:c2595355-2593832	NB551033:88:H5VWJBGX7:1:12303:11368:18421#0/2	96.599	147	5	0	609	755	147	1	1.84e-62	244
NC_011593.1:c2595355-2593832	NB551033:88:H5VWJBGX7:1:12109:5735:10753#0/2	96.000	150	6	0	267	416	1	150	1.84e-62	244
NC_011593.1:c2595355-2593832	NB551033:88:H5VWJBGX7:4:12610:2372:9210#0/1	96.000	150	6	0	634	783	1	150	1.84e-62	244
NC_011593.1:c2595355-2593832	NB551033:88:H5VWJBGX7:2:12309:17854:6952#0/1	96.000	150	6	0	288	437	150	1	1.84e-62	244
NC_011593.1:c2595355-2593832	NB551033:88:H5VWJBGX7:1:21109:1804:2670#0/1	96.000	150	6	0	625	774	150	1	1.84e-62	244
NC_011593.1:c2595355-2593832	NB551033:88:H5VWJBGX7:1:23106:10636:19116#0/2	97.857	140	3	0	556	695	1	140	6.60e-62	243
NC_011593.1:c2595355-2593832	NB551033:88:H5VWJBGX7:1:23106:10636:19116#0/1	97.842	139	3	0	557	695	139	1	2.38e-61	241
NC_011593.1:c2595355-2593832	NB551033:88:H5VWJBGX7:2:21306:18104:15228#0/2	95.333	150	7	0	231	380	150	1	8.54e-61	239
NC_011593.1:c2595355-2593832	NB551033:88:H5VWJBGX7:1:22202:2350:1266#0/2	96.528	144	5	0	1286	1429	1	144	8.54e-61	239
NC_011593.1:c2595355-2593832	NB551033:88:H5VWJBGX7:4:12505:16115:17751#0/1	97.163	141	4	0	1330	1470	151	11	8.54e-61	239
NC_011593.1:c2595355-2593832	NB551033:88:H5VWJBGX7:3:23603:3849:14004#0/1	97.810	137	3	0	1334	1470	147	11	3.07e-60	237
NC_011593.1:c2595355-2593832	NB551033:88:H5VWJBGX7:3:11404:12011:11992#0/1	95.302	149	7	0	24	172	3	151	3.07e-60	237
NC_011593.1:c2595355-2593832	NB551033:88:H5VWJBGX7:1:22311:5244:2102#0/1	97.810	137	3	0	1334	1470	149	13	3.07e-60	237
NC_011593.1:c2595355-2593832	NB551033:88:H5VWJBGX7:3:11410:17988:11329#0/2	97.794	136	3	0	94	229	136	1	1.11e-59	235
NC_011593.1:c2595355-2593832	NB551033:88:H5VWJBGX7:1:21106:2300:19445#0/2	97.794	136	3	0	1335	1470	151	16	1.11e-59	235
NC_011593.1:c2595355-2593832	NB551033:88:H5VWJBGX7:3:11410:17988:11329#0/1	97.794	136	3	0	94	229	1	136	1.11e-59	235
NC_011593.1:c2595355-2593832	NB551033:88:H5VWJBGX7:2:21302:24189:6323#0/2	96.454	141	5	0	328	468	141	1	3.97e-59	233
NC_011593.1:c2595355-2593832	NB551033:88:H5VWJBGX7:2:21302:24189:6323#0/1	96.454	141	5	0	328	468	1	141	3.97e-59	233
NC_011593.1:c2595355-2593832	NB551033:88:H5VWJBGX7:2:12212:23330:9594#0/1	97.059	136	4	0	1340	1475	151	16	5.14e-58	230
NC_011593.1:c2595355-2593832	NB551033:88:H5VWJBGX7:4:12505:7586:18249#0/2	97.710	131	3	0	1340	1470	151	21	6.65e-57	226
NC_011593.1:c2595355-2593832	NB551033:88:H5VWJBGX7:3:12604:19620:14313#0/2	97.692	130	3	0	1274	1403	130	1	2.39e-56	224
NC_011593.1:c2595355-2593832	NB551033:88:H5VWJBGX7:3:12502:20033:8785#0/1	97.692	130	3	0	1274	1403	130	1	2.39e-56	224
NC_011593.1:c2595355-2593832	NB551033:88:H5VWJBGX7:1:23305:23570:13091#0/2	96.923	130	4	0	707	836	1	130	1.11e-54	219
NC_011593.1:c2595355-2593832	NB551033:88:H5VWJBGX7:1:23305:23570:13091#0/1	96.923	130	4	0	707	836	130	1	1.11e-54	219
NC_011593.1:c2595355-2593832	NB551033:88:H5VWJBGX7:3:21404:10374:13311#0/2	97.581	124	3	0	1347	1470	1	124	5.18e-53	213
NC_011593.1:c2595355-2593832	NB551033:88:H5VWJBGX7:3:22605:21294:12678#0/2	97.561	123	3	0	1348	1470	1	123	1.86e-52	211
NC_011593.1:c2595355-2593832	NB551033:88:H5VWJBGX7:3:22606:24096:11339#0/1	98.305	118	2	0	1274	1391	120	3	2.41e-51	207
NC_011593.1:c2595355-2593832	NB551033:88:H5VWJBGX7:4:12402:6855:1056#0/2	97.458	118	3	0	1286	1403	118	1	1.12e-49	202
NC_011593.1:c2595355-2593832	NB551033:88:H5VWJBGX7:3:12608:12072:14020#0/2	95.968	124	5	0	246	369	1	124	1.12e-49	202
NC_011593.1:c2595355-2593832	NB551033:88:H5VWJBGX7:3:11503:9637:12527#0/2	99.107	112	1	0	356	467	1	112	1.12e-49	202
NC_011593.1:c2595355-2593832	NB551033:88:H5VWJBGX7:4:12402:6855:1056#0/1	97.458	118	3	0	1286	1403	1	118	1.12e-49	202
NC_011593.1:c2595355-2593832	NB551033:88:H5VWJBGX7:3:12608:12072:14020#0/1	95.968	124	5	0	246	369	124	1	1.12e-49	202
NC_011593.1:c2595355-2593832	NB551033:88:H5VWJBGX7:3:11503:9637:12527#0/1	99.107	112	1	0	356	467	112	1	1.12e-49	202
NC_011593.1:c2595355-2593832	NB551033:88:H5VWJBGX7:1:23307:5302:5599#0/2	99.091	110	1	0	1122	1231	1	110	1.45e-48	198
NC_011593.1:c2595355-2593832	NB551033:88:H5VWJBGX7:2:22105:4680:3989#0/2	97.273	110	3	0	1352	1461	110	1	3.14e-45	187
NC_011593.1:c2595355-2593832	NB551033:88:H5VWJBGX7:2:22105:4680:3989#0/1	97.273	110	3	0	1352	1461	1	110	3.14e-45	187
NC_011593.1:c2595355-2593832	NB551033:88:H5VWJBGX7:2:22112:7860:4544#0/2	99.029	103	1	0	372	474	103	1	1.13e-44	185
NC_011593.1:c2595355-2593832	NB551033:88:H5VWJBGX7:2:22112:7860:4544#0/1	99.029	103	1	0	372	474	1	103	1.13e-44	185
NC_011593.1:c2595355-2593832	NB551033:88:H5VWJBGX7:2:13102:9278:7769#0/2	100.000	99	0	0	768	866	1	99	4.06e-44	183
NC_011593.1:c2595355-2593832	NB551033:88:H5VWJBGX7:4:21401:9243:16481#0/1	97.222	108	3	0	1363	1470	1	108	4.06e-44	183
NC_011593.1:c2595355-2593832	NB551033:88:H5VWJBGX7:3:12605:2685:20263#0/1	97.222	108	3	0	1363	1470	1	108	4.06e-44	183
NC_011593.1:c2595355-2593832	NB551033:88:H5VWJBGX7:2:13102:9278:7769#0/1	100.000	99	0	0	768	866	99	1	4.06e-44	183
NC_011593.1:c2595355-2593832	NB551033:88:H5VWJBGX7:3:22607:16589:8863#0/2	99.010	101	1	0	356	456	101	1	1.46e-43	182
NC_011593.1:c2595355-2593832	NB551033:88:H5VWJBGX7:3:22607:16589:8863#0/1	99.010	101	1	0	356	456	1	101	1.46e-43	182
NC_011593.1:c2595355-2593832	NB551033:88:H5VWJBGX7:3:22605:21294:12678#0/1	97.196	107	3	0	1364	1470	150	44	1.46e-43	182
NC_011593.1:c2595355-2593832	NB551033:88:H5VWJBGX7:4:22606:7004:15821#0/2	97.170	106	3	0	1132	1237	1	106	5.25e-43	180
NC_011593.1:c2595355-2593832	NB551033:88:H5VWJBGX7:4:22606:7004:15821#0/1	97.170	106	3	0	1132	1237	106	1	5.25e-43	180
NC_011593.1:c2595355-2593832	NB551033:88:H5VWJBGX7:1:13305:1823:19021#0/2	98.990	99	1	0	907	1005	99	1	1.89e-42	178
NC_011593.1:c2595355-2593832	NB551033:88:H5VWJBGX7:1:23307:5302:5599#0/1	98.039	102	2	0	1273	1374	102	1	1.89e-42	178
NC_011593.1:c2595355-2593832	NB551033:88:H5VWJBGX7:1:13305:1823:19021#0/1	98.990	99	1	0	907	1005	1	99	1.89e-42	178
NC_011593.1:c2595355-2593832	NB551033:88:H5VWJBGX7:3:21404:10374:13311#0/1	97.087	103	3	0	1368	1470	150	48	2.44e-41	174
NC_011593.1:c2595355-2593832	NB551033:88:H5VWJBGX7:1:12304:18368:14331#0/2	97.980	99	2	0	711	809	99	1	8.79e-41	172
NC_011593.1:c2595355-2593832	NB551033:88:H5VWJBGX7:1:11311:8187:10288#0/2	100.000	93	0	0	1016	1108	1	93	8.79e-41	172
NC_011593.1:c2595355-2593832	NB551033:88:H5VWJBGX7:1:12304:18368:14331#0/1	97.980	99	2	0	711	809	3	101	8.79e-41	172
NC_011593.1:c2595355-2593832	NB551033:88:H5VWJBGX7:1:11311:8187:10288#0/1	100.000	93	0	0	1016	1108	93	1	8.79e-41	172
NC_011593.1:c2595355-2593832	NB551033:88:H5VWJBGX7:3:12609:25293:18580#0/2	97.959	98	2	0	1274	1371	98	1	3.16e-40	171
NC_011593.1:c2595355-2593832	NB551033:88:H5VWJBGX7:1:22302:2183:5766#0/2	97.959	98	2	0	451	548	98	1	3.16e-40	171
NC_011593.1:c2595355-2593832	NB551033:88:H5VWJBGX7:1:22110:3848:12054#0/2	97.030	101	3	0	64	164	1	101	3.16e-40	171
NC_011593.1:c2595355-2593832	NB551033:88:H5VWJBGX7:1:11104:20597:5121#0/2	96.154	104	4	0	42	145	104	1	3.16e-40	171
NC_011593.1:c2595355-2593832	NB551033:88:H5VWJBGX7:1:22302:2183:5766#0/1	97.959	98	2	0	451	548	1	98	3.16e-40	171
NC_011593.1:c2595355-2593832	NB551033:88:H5VWJBGX7:1:22110:3848:12054#0/1	97.030	101	3	0	64	164	101	1	3.16e-40	171
NC_011593.1:c2595355-2593832	NB551033:88:H5VWJBGX7:1:11104:20597:5121#0/1	96.154	104	4	0	42	145	1	104	3.16e-40	171
NC_011593.1:c2595355-2593832	NB551033:88:H5VWJBGX7:1:13306:21320:9297#0/2	96.117	103	4	0	1368	1470	1	103	1.14e-39	169
NC_011593.1:c2595355-2593832	NB551033:88:H5VWJBGX7:1:13306:21320:9297#0/1	96.117	103	4	0	1368	1470	137	35	1.14e-39	169
NC_011593.1:c2595355-2593832	NB551033:88:H5VWJBGX7:3:11410:14960:3212#0/2	97.872	94	2	0	52	145	6	99	5.29e-38	163
NC_011593.1:c2595355-2593832	NB551033:88:H5VWJBGX7:4:12608:25761:18115#0/2	97.778	90	2	0	1271	1360	90	1	8.85e-36	156
NC_011593.1:c2595355-2593832	NB551033:88:H5VWJBGX7:1:23304:18454:18427#0/2	100.000	84	0	0	581	664	84	1	8.85e-36	156
NC_011593.1:c2595355-2593832	NB551033:88:H5VWJBGX7:3:23405:13485:12342#0/1	98.851	87	1	0	1246	1332	1	87	8.85e-36	156
NC_011593.1:c2595355-2593832	NB551033:88:H5VWJBGX7:1:23304:18454:18427#0/1	100.000	84	0	0	581	664	1	84	8.85e-36	156
NC_011593.1:c2595355-2593832	NB551033:88:H5VWJBGX7:2:13112:1451:12757#0/2	100.000	82	0	0	429	510	1	82	1.14e-34	152
NC_011593.1:c2595355-2593832	NB551033:88:H5VWJBGX7:2:13112:1451:12757#0/1	100.000	82	0	0	429	510	82	1	1.14e-34	152
NC_011593.1:c2595355-2593832	NB551033:88:H5VWJBGX7:4:13404:23293:16435#0/2	100.000	81	0	0	429	509	81	1	4.12e-34	150
NC_011593.1:c2595355-2593832	NB551033:88:H5VWJBGX7:4:13404:23293:16435#0/1	100.000	81	0	0	429	509	1	81	4.12e-34	150
NC_011593.1:c2595355-2593832	NB551033:88:H5VWJBGX7:3:13401:19957:4750#0/1	97.701	87	2	0	1274	1360	87	1	4.12e-34	150
NC_011593.1:c2595355-2593832	NB551033:88:H5VWJBGX7:2:23109:4451:11873#0/1	98.795	83	1	0	1246	1328	1	83	1.48e-33	148
NC_011593.1:c2595355-2593832	NB551033:88:H5VWJBGX7:2:11203:6456:12907#0/2	98.765	81	1	0	453	533	81	1	1.92e-32	145
NC_011593.1:c2595355-2593832	NB551033:88:H5VWJBGX7:2:11203:6456:12907#0/1	98.765	81	1	0	453	533	1	81	1.92e-32	145
NC_011593.1:c2595355-2593832	NB551033:88:H5VWJBGX7:4:11404:18269:6348#0/1	96.471	85	3	0	1386	1470	97	13	2.48e-31	141
NC_011593.1:c2595355-2593832	NB551033:88:H5VWJBGX7:2:13306:3351:11129#0/2	96.341	82	3	0	194	275	82	1	1.15e-29	135
NC_011593.1:c2595355-2593832	NB551033:88:H5VWJBGX7:2:13306:3351:11129#0/1	96.341	82	3	0	194	275	1	82	1.15e-29	135
NC_011593.1:c2595355-2593832	NB551033:88:H5VWJBGX7:2:12312:12839:2402#0/2	97.436	78	2	0	1393	1470	148	71	4.15e-29	134
NC_011593.1:c2595355-2593832	NB551033:88:H5VWJBGX7:1:12207:2714:1163#0/1	97.403	77	2	0	1274	1350	77	1	1.49e-28	132
NC_011593.1:c2595355-2593832	NB551033:88:H5VWJBGX7:4:22511:7607:17410#0/2	95.122	82	4	0	194	275	82	1	5.36e-28	130
NC_011593.1:c2595355-2593832	NB551033:88:H5VWJBGX7:4:22511:7607:17410#0/1	95.122	82	4	0	194	275	1	82	5.36e-28	130
NC_011593.1:c2595355-2593832	NB551033:88:H5VWJBGX7:3:12404:19917:17321#0/1	97.368	76	2	0	1395	1470	1	76	5.36e-28	130
NC_011593.1:c2595355-2593832	NB551033:88:H5VWJBGX7:3:13408:23819:9348#0/2	98.485	66	1	0	1405	1470	2	67	4.18e-24	117
NC_011593.1:c2595355-2593832	NB551033:88:H5VWJBGX7:3:11508:17219:10228#0/2	98.305	59	1	0	1412	1470	101	43	3.25e-20	104
NC_011593.1:c2595355-2593832	NB551033:88:H5VWJBGX7:2:22308:26700:13760#0/2	98.305	59	1	0	1412	1470	1	59	3.25e-20	104
NC_011593.1:c2595355-2593832	NB551033:88:H5VWJBGX7:2:22307:1149:13759#0/2	98.305	59	1	0	1412	1470	1	59	3.25e-20	104
NC_011593.1:c2595355-2593832	NB551033:88:H5VWJBGX7:3:11508:17219:10228#0/1	98.305	59	1	0	1412	1470	1	59	3.25e-20	104
NC_011593.1:c2595355-2593832	NB551033:88:H5VWJBGX7:2:22308:26700:13760#0/1	98.305	59	1	0	1412	1470	139	81	3.25e-20	104
NC_011593.1:c2595355-2593832	NB551033:88:H5VWJBGX7:2:22307:1149:13759#0/1	98.276	58	1	0	1413	1470	138	81	1.17e-19	102
NC_011593.1:c2595355-2593832	NB551033:88:H5VWJBGX7:4:12504:5919:16920#0/2	98.214	56	1	0	1415	1470	150	95	1.51e-18	99.0
NC_011593.1:c2595355-2593832	NB551033:88:H5VWJBGX7:4:11502:22079:17422#0/2	96.364	55	2	0	1094	1148	56	2	2.53e-16	91.6
NC_011593.1:c2595355-2593832	NB551033:88:H5VWJBGX7:4:21401:9243:16481#0/2	100.000	31	0	0	1440	1470	150	120	2.57e-06	58.4
# BLASTN 2.9.0+
# Query: NC_011593.1:c2597106-2595574 Bifidobacterium longum subsp. infantis ATCC 15697, complete genome
# Database: db/blast_C0627-1F-2A_S21.faa
# Fields: query acc.ver, subject acc.ver, % identity, alignment length, mismatches, gap opens, q. start, q. end, s. start, s. end, evalue, bit score
# 49 hits found
NC_011593.1:c2597106-2595574	NB551033:88:H5VWJBGX7:1:12111:14006:2297#0/1	95.270	148	7	0	386	533	2	149	1.11e-59	235
NC_011593.1:c2597106-2595574	NB551033:88:H5VWJBGX7:2:12310:15930:4249#0/2	96.350	137	5	0	404	540	3	139	6.69e-57	226
NC_011593.1:c2597106-2595574	NB551033:88:H5VWJBGX7:2:12310:15930:4249#0/1	95.105	143	7	0	404	546	143	1	6.69e-57	226
NC_011593.1:c2597106-2595574	NB551033:88:H5VWJBGX7:2:23310:6184:12535#0/1	96.667	120	4	0	1	120	120	1	4.06e-49	200
NC_011593.1:c2597106-2595574	NB551033:88:H5VWJBGX7:2:13102:23239:3347#0/2	95.763	118	5	0	1	118	34	151	2.44e-46	191
NC_011593.1:c2597106-2595574	NB551033:88:H5VWJBGX7:2:22204:5452:20306#0/2	95.726	117	5	0	1	117	117	1	8.78e-46	189
NC_011593.1:c2597106-2595574	NB551033:88:H5VWJBGX7:2:12307:21484:2573#0/2	95.726	117	5	0	1	117	117	1	8.78e-46	189
NC_011593.1:c2597106-2595574	NB551033:88:H5VWJBGX7:4:23502:6208:4137#0/1	95.000	120	6	0	214	333	151	32	8.78e-46	189
NC_011593.1:c2597106-2595574	NB551033:88:H5VWJBGX7:2:12106:10228:5482#0/2	95.413	109	5	0	1	109	109	1	2.46e-41	174
NC_011593.1:c2597106-2595574	NB551033:88:H5VWJBGX7:1:23104:2599:11635#0/2	96.078	102	4	0	1	102	102	1	4.11e-39	167
NC_011593.1:c2597106-2595574	NB551033:88:H5VWJBGX7:1:23104:2599:11635#0/1	96.078	102	4	0	1	102	45	146	4.11e-39	167
NC_011593.1:c2597106-2595574	NB551033:88:H5VWJBGX7:4:22502:9651:6653#0/2	95.192	104	5	0	1	104	104	1	1.48e-38	165
NC_011593.1:c2597106-2595574	NB551033:88:H5VWJBGX7:3:13404:8900:3229#0/2	95.192	104	5	0	1	104	104	1	1.48e-38	165
NC_011593.1:c2597106-2595574	NB551033:88:H5VWJBGX7:2:22204:5452:20306#0/1	95.192	104	5	0	1	104	47	150	1.48e-38	165
NC_011593.1:c2597106-2595574	NB551033:88:H5VWJBGX7:2:12307:21484:2573#0/1	95.192	104	5	0	1	104	47	150	1.48e-38	165
NC_011593.1:c2597106-2595574	NB551033:88:H5VWJBGX7:3:23410:20823:10190#0/2	95.098	102	5	0	1	102	102	1	1.91e-37	161
NC_011593.1:c2597106-2595574	NB551033:88:H5VWJBGX7:1:22209:6218:3032#0/1	95.098	102	5	0	1	102	102	1	1.91e-37	161
NC_011593.1:c2597106-2595574	NB551033:88:H5VWJBGX7:4:13404:23293:16435#0/2	98.765	81	1	0	429	509	81	1	1.93e-32	145
NC_011593.1:c2597106-2595574	NB551033:88:H5VWJBGX7:2:13112:1451:12757#0/2	98.765	81	1	0	429	509	1	81	1.93e-32	145
NC_011593.1:c2597106-2595574	NB551033:88:H5VWJBGX7:1:22102:16957:4021#0/2	98.765	81	1	0	1	81	88	8	1.93e-32	145
NC_011593.1:c2597106-2595574	NB551033:88:H5VWJBGX7:4:13404:23293:16435#0/1	98.765	81	1	0	429	509	1	81	1.93e-32	145
NC_011593.1:c2597106-2595574	NB551033:88:H5VWJBGX7:2:13112:1451:12757#0/1	98.765	81	1	0	429	509	82	2	1.93e-32	145
NC_011593.1:c2597106-2595574	NB551033:88:H5VWJBGX7:1:22302:13419:10845#0/2	98.750	80	1	0	2	81	87	8	6.93e-32	143
NC_011593.1:c2597106-2595574	NB551033:88:H5VWJBGX7:1:22302:13419:10845#0/1	98.750	80	1	0	2	81	1	80	6.93e-32	143
NC_011593.1:c2597106-2595574	NB551033:88:H5VWJBGX7:1:22102:16957:4021#0/1	98.734	79	1	0	1	79	73	151	2.49e-31	141
NC_011593.1:c2597106-2595574	NB551033:88:H5VWJBGX7:4:22504:6671:10341#0/1	97.531	81	2	0	1	81	66	146	8.97e-31	139
NC_011593.1:c2597106-2595574	NB551033:88:H5VWJBGX7:4:22502:9651:6653#0/1	98.701	77	1	0	1	77	75	151	3.23e-30	137
NC_011593.1:c2597106-2595574	NB551033:88:H5VWJBGX7:3:12608:12072:14020#0/2	95.294	85	4	0	246	330	1	85	1.16e-29	135
NC_011593.1:c2597106-2595574	NB551033:88:H5VWJBGX7:2:12312:12839:2402#0/2	97.436	78	2	0	1393	1470	148	71	4.17e-29	134
NC_011593.1:c2597106-2595574	NB551033:88:H5VWJBGX7:4:11404:18269:6348#0/1	97.436	78	2	0	1393	1470	90	13	4.17e-29	134
NC_011593.1:c2597106-2595574	NB551033:88:H5VWJBGX7:2:22202:5254:20057#0/1	100.000	72	0	0	1	72	72	1	4.17e-29	134
NC_011593.1:c2597106-2595574	NB551033:88:H5VWJBGX7:3:12404:19917:17321#0/1	97.368	76	2	0	1395	1470	1	76	5.40e-28	130
NC_011593.1:c2597106-2595574	NB551033:88:H5VWJBGX7:2:11203:6456:12907#0/2	95.062	81	4	0	453	533	81	1	1.94e-27	128
NC_011593.1:c2597106-2595574	NB551033:88:H5VWJBGX7:2:11203:6456:12907#0/1	95.062	81	4	0	453	533	1	81	1.94e-27	128
NC_011593.1:c2597106-2595574	NB551033:88:H5VWJBGX7:3:13408:23819:9348#0/2	98.485	66	1	0	1405	1470	2	67	4.20e-24	117
NC_011593.1:c2597106-2595574	NB551033:88:H5VWJBGX7:2:21101:23881:9949#0/2	100.000	60	0	0	1	60	60	1	1.95e-22	111
NC_011593.1:c2597106-2595574	NB551033:88:H5VWJBGX7:3:11508:17219:10228#0/2	98.305	59	1	0	1412	1470	101	43	3.27e-20	104
NC_011593.1:c2597106-2595574	NB551033:88:H5VWJBGX7:2:22308:26700:13760#0/2	98.305	59	1	0	1412	1470	1	59	3.27e-20	104
NC_011593.1:c2597106-2595574	NB551033:88:H5VWJBGX7:2:22307:1149:13759#0/2	98.305	59	1	0	1412	1470	1	59	3.27e-20	104
NC_011593.1:c2597106-2595574	NB551033:88:H5VWJBGX7:3:11508:17219:10228#0/1	98.305	59	1	0	1412	1470	1	59	3.27e-20	104
NC_011593.1:c2597106-2595574	NB551033:88:H5VWJBGX7:2:22308:26700:13760#0/1	98.305	59	1	0	1412	1470	139	81	3.27e-20	104
NC_011593.1:c2597106-2595574	NB551033:88:H5VWJBGX7:3:21407:14324:5710#0/1	100.000	55	0	0	1	55	55	1	1.18e-19	102
NC_011593.1:c2597106-2595574	NB551033:88:H5VWJBGX7:2:22307:1149:13759#0/1	98.276	58	1	0	1413	1470	138	81	1.18e-19	102
NC_011593.1:c2597106-2595574	NB551033:88:H5VWJBGX7:4:12504:5919:16920#0/2	98.214	56	1	0	1415	1470	150	95	1.52e-18	99.0
NC_011593.1:c2597106-2595574	NB551033:88:H5VWJBGX7:4:13503:25328:6524#0/2	98.182	55	1	0	1	55	83	137	5.47e-18	97.1
NC_011593.1:c2597106-2595574	NB551033:88:H5VWJBGX7:4:13503:25328:6524#0/1	98.182	55	1	0	1	55	55	1	5.47e-18	97.1
NC_011593.1:c2597106-2595574	NB551033:88:H5VWJBGX7:3:21612:12599:10539#0/2	100.000	44	0	0	1	44	44	1	1.53e-13	82.4
NC_011593.1:c2597106-2595574	NB551033:88:H5VWJBGX7:3:13404:8900:3229#0/1	100.000	32	0	0	1	32	119	150	7.18e-07	60.2
NC_011593.1:c2597106-2595574	NB551033:88:H5VWJBGX7:4:21401:9243:16481#0/2	100.000	31	0	0	1440	1470	150	120	2.58e-06	58.4
# BLASTN 2.9.0+
# Query: NC_011593.1:c2598562-2597207 Bifidobacterium longum subsp. infantis ATCC 15697, complete genome
# Database: db/blast_C0627-1F-2A_S21.faa
# Fields: query acc.ver, subject acc.ver, % identity, alignment length, mismatches, gap opens, q. start, q. end, s. start, s. end, evalue, bit score
# 60 hits found
NC_011593.1:c2598562-2597207	NB551033:88:H5VWJBGX7:3:22610:20617:8816#0/2	100.000	151	0	0	641	791	1	151	4.47e-73	279
NC_011593.1:c2598562-2597207	NB551033:88:H5VWJBGX7:3:12612:5268:8074#0/2	100.000	151	0	0	778	928	151	1	4.47e-73	279
NC_011593.1:c2598562-2597207	NB551033:88:H5VWJBGX7:2:12209:3911:20208#0/2	100.000	151	0	0	678	828	151	1	4.47e-73	279
NC_011593.1:c2598562-2597207	NB551033:88:H5VWJBGX7:3:12612:5268:8074#0/1	100.000	151	0	0	743	893	1	151	4.47e-73	279
NC_011593.1:c2598562-2597207	NB551033:88:H5VWJBGX7:4:23504:7648:13921#0/2	100.000	150	0	0	873	1022	1	150	1.61e-72	278
NC_011593.1:c2598562-2597207	NB551033:88:H5VWJBGX7:4:23412:11188:9764#0/2	100.000	150	0	0	457	606	1	150	1.61e-72	278
NC_011593.1:c2598562-2597207	NB551033:88:H5VWJBGX7:4:13501:13016:2079#0/2	100.000	150	0	0	1136	1285	1	150	1.61e-72	278
NC_011593.1:c2598562-2597207	NB551033:88:H5VWJBGX7:2:13106:22733:1943#0/2	100.000	150	0	0	678	827	1	150	1.61e-72	278
NC_011593.1:c2598562-2597207	NB551033:88:H5VWJBGX7:2:12201:17061:12363#0/2	100.000	150	0	0	531	680	1	150	1.61e-72	278
NC_011593.1:c2598562-2597207	NB551033:88:H5VWJBGX7:1:12106:12792:4099#0/2	100.000	150	0	0	821	970	150	1	1.61e-72	278
NC_011593.1:c2598562-2597207	NB551033:88:H5VWJBGX7:2:21108:15921:15720#0/1	100.000	150	0	0	663	812	1	150	1.61e-72	278
NC_011593.1:c2598562-2597207	NB551033:88:H5VWJBGX7:2:13106:22733:1943#0/1	100.000	150	0	0	766	915	150	1	1.61e-72	278
NC_011593.1:c2598562-2597207	NB551033:88:H5VWJBGX7:2:12201:17061:12363#0/1	100.000	150	0	0	897	1046	150	1	1.61e-72	278
NC_011593.1:c2598562-2597207	NB551033:88:H5VWJBGX7:1:22204:3042:11359#0/1	100.000	150	0	0	645	794	1	150	1.61e-72	278
NC_011593.1:c2598562-2597207	NB551033:88:H5VWJBGX7:1:12106:12792:4099#0/1	100.000	150	0	0	645	794	1	150	1.61e-72	278
NC_011593.1:c2598562-2597207	NB551033:88:H5VWJBGX7:2:23304:14312:4096#0/2	100.000	149	0	0	649	797	1	149	5.78e-72	276
NC_011593.1:c2598562-2597207	NB551033:88:H5VWJBGX7:2:12110:3311:15196#0/2	100.000	149	0	0	1144	1292	149	1	5.78e-72	276
NC_011593.1:c2598562-2597207	NB551033:88:H5VWJBGX7:1:21203:22433:18470#0/2	100.000	149	0	0	820	968	149	1	5.78e-72	276
NC_011593.1:c2598562-2597207	NB551033:88:H5VWJBGX7:2:23304:14312:4096#0/1	100.000	149	0	0	820	968	149	1	5.78e-72	276
NC_011593.1:c2598562-2597207	NB551033:88:H5VWJBGX7:1:21203:22433:18470#0/1	99.338	151	1	0	727	877	1	151	2.08e-71	274
NC_011593.1:c2598562-2597207	NB551033:88:H5VWJBGX7:4:11402:12575:2210#0/2	99.333	150	1	0	184	333	150	1	7.48e-71	272
NC_011593.1:c2598562-2597207	NB551033:88:H5VWJBGX7:2:23301:20432:20123#0/2	100.000	147	0	0	636	782	147	1	7.48e-71	272
NC_011593.1:c2598562-2597207	NB551033:88:H5VWJBGX7:2:23207:7915:1926#0/2	99.333	150	1	0	256	405	1	150	7.48e-71	272
NC_011593.1:c2598562-2597207	NB551033:88:H5VWJBGX7:4:23412:11188:9764#0/1	100.000	147	0	0	507	653	147	1	7.48e-71	272
NC_011593.1:c2598562-2597207	NB551033:88:H5VWJBGX7:3:22610:20617:8816#0/1	99.333	150	1	0	713	862	150	1	7.48e-71	272
NC_011593.1:c2598562-2597207	NB551033:88:H5VWJBGX7:3:11608:15771:1118#0/1	99.333	150	1	0	256	405	1	150	7.48e-71	272
NC_011593.1:c2598562-2597207	NB551033:88:H5VWJBGX7:2:23301:20432:20123#0/1	100.000	147	0	0	636	782	1	147	7.48e-71	272
NC_011593.1:c2598562-2597207	NB551033:88:H5VWJBGX7:2:12103:13880:14420#0/1	99.333	150	1	0	255	404	150	1	7.48e-71	272
NC_011593.1:c2598562-2597207	NB551033:88:H5VWJBGX7:1:13108:8354:7524#0/2	100.000	139	0	0	533	671	1	139	2.09e-66	257
NC_011593.1:c2598562-2597207	NB551033:88:H5VWJBGX7:1:13108:8354:7524#0/1	100.000	139	0	0	533	671	139	1	2.09e-66	257
NC_011593.1:c2598562-2597207	NB551033:88:H5VWJBGX7:4:11412:4629:8078#0/1	100.000	124	0	0	1233	1356	1	124	4.56e-58	230
NC_011593.1:c2598562-2597207	NB551033:88:H5VWJBGX7:3:22507:21311:1441#0/1	100.000	121	0	0	142	262	121	1	2.12e-56	224
NC_011593.1:c2598562-2597207	NB551033:88:H5VWJBGX7:3:13604:19133:9973#0/2	95.522	134	6	0	1	134	135	2	1.28e-53	215
NC_011593.1:c2598562-2597207	NB551033:88:H5VWJBGX7:2:23303:25629:3742#0/2	100.000	110	0	0	908	1017	1	110	2.77e-50	204
NC_011593.1:c2598562-2597207	NB551033:88:H5VWJBGX7:2:23303:25629:3742#0/1	100.000	110	0	0	908	1017	110	1	2.77e-50	204
NC_011593.1:c2598562-2597207	NB551033:88:H5VWJBGX7:2:21108:15921:15720#0/2	100.000	108	0	0	957	1064	150	43	3.58e-49	200
NC_011593.1:c2598562-2597207	NB551033:88:H5VWJBGX7:2:23207:7915:1926#0/1	99.091	110	1	0	491	600	110	1	1.29e-48	198
NC_011593.1:c2598562-2597207	NB551033:88:H5VWJBGX7:4:13405:12502:10491#0/2	100.000	105	0	0	1215	1319	1	105	1.66e-47	195
NC_011593.1:c2598562-2597207	NB551033:88:H5VWJBGX7:3:22408:16471:11977#0/2	99.074	108	1	0	670	777	108	1	1.66e-47	195
NC_011593.1:c2598562-2597207	NB551033:88:H5VWJBGX7:4:13405:12502:10491#0/1	100.000	105	0	0	1215	1319	105	1	1.66e-47	195
NC_011593.1:c2598562-2597207	NB551033:88:H5VWJBGX7:3:22408:16471:11977#0/1	99.074	108	1	0	670	777	1	108	1.66e-47	195
NC_011593.1:c2598562-2597207	NB551033:88:H5VWJBGX7:2:11107:21394:19455#0/2	100.000	89	0	0	1225	1313	1	89	1.31e-38	165
NC_011593.1:c2598562-2597207	NB551033:88:H5VWJBGX7:1:23101:12821:12006#0/2	100.000	89	0	0	1225	1313	1	89	1.31e-38	165
NC_011593.1:c2598562-2597207	NB551033:88:H5VWJBGX7:2:11107:21394:19455#0/1	100.000	89	0	0	1225	1313	89	1	1.31e-38	165
NC_011593.1:c2598562-2597207	NB551033:88:H5VWJBGX7:1:23101:12821:12006#0/1	100.000	89	0	0	1225	1313	89	1	1.31e-38	165
NC_011593.1:c2598562-2597207	NB551033:88:H5VWJBGX7:3:11608:15771:1118#0/2	98.889	90	1	0	485	574	90	1	1.69e-37	161
NC_011593.1:c2598562-2597207	NB551033:88:H5VWJBGX7:3:13604:19133:9973#0/1	100.000	71	0	0	1	71	81	151	1.32e-28	132
NC_011593.1:c2598562-2597207	NB551033:88:H5VWJBGX7:3:21607:1761:19596#0/2	100.000	59	0	0	1298	1356	1	59	6.20e-22	110
NC_011593.1:c2598562-2597207	NB551033:88:H5VWJBGX7:1:22204:3042:11359#0/2	100.000	59	0	0	1006	1064	150	92	6.20e-22	110
NC_011593.1:c2598562-2597207	NB551033:88:H5VWJBGX7:3:22407:17745:11610#0/2	100.000	55	0	0	1	55	97	151	1.04e-19	102
NC_011593.1:c2598562-2597207	NB551033:88:H5VWJBGX7:1:13111:9508:11173#0/2	100.000	47	0	0	1063	1109	47	1	2.91e-15	87.9
NC_011593.1:c2598562-2597207	NB551033:88:H5VWJBGX7:3:13604:1530:14522#0/1	100.000	44	0	0	1	44	44	1	1.35e-13	82.4
NC_011593.1:c2598562-2597207	NB551033:88:H5VWJBGX7:1:12103:26161:15824#0/1	100.000	40	0	0	1025	1064	1	40	2.26e-11	75.0
NC_011593.1:c2598562-2597207	NB551033:88:H5VWJBGX7:4:12511:8497:1808#0/1	100.000	38	0	0	1319	1356	1	38	2.93e-10	71.3
NC_011593.1:c2598562-2597207	NB551033:88:H5VWJBGX7:2:12110:3311:15196#0/1	97.561	41	1	0	1060	1100	111	151	2.93e-10	71.3
NC_011593.1:c2598562-2597207	NB551033:88:H5VWJBGX7:4:11606:21221:15170#0/2	100.000	36	0	0	1321	1356	1	36	3.79e-09	67.6
NC_011593.1:c2598562-2597207	NB551033:88:H5VWJBGX7:3:22507:21311:1441#0/2	100.000	36	0	0	138	173	115	150	3.79e-09	67.6
NC_011593.1:c2598562-2597207	NB551033:88:H5VWJBGX7:4:11606:21221:15170#0/1	100.000	36	0	0	1321	1356	135	100	3.79e-09	67.6
NC_011593.1:c2598562-2597207	NB551033:88:H5VWJBGX7:3:21506:20035:15089#0/2	100.000	29	0	0	1	29	92	120	2.95e-05	54.7
NC_011593.1:c2598562-2597207	NB551033:88:H5VWJBGX7:3:21506:20035:15089#0/1	100.000	29	0	0	1	29	29	1	2.95e-05	54.7
# BLASTN 2.9.0+
# Query: NC_011593.1:2598858-2601929 Bifidobacterium longum subsp. infantis ATCC 15697, complete genome
# Database: db/blast_C0627-1F-2A_S21.faa
# Fields: query acc.ver, subject acc.ver, % identity, alignment length, mismatches, gap opens, q. start, q. end, s. start, s. end, evalue, bit score
# 437 hits found
NC_011593.1:2598858-2601929	NB551033:88:H5VWJBGX7:4:21409:8170:6746#0/2	100.000	151	0	0	1670	1820	151	1	1.01e-72	279
NC_011593.1:2598858-2601929	NB551033:88:H5VWJBGX7:4:12511:3942:8742#0/2	100.000	151	0	0	1629	1779	1	151	1.01e-72	279
NC_011593.1:2598858-2601929	NB551033:88:H5VWJBGX7:4:12403:10749:10187#0/2	100.000	151	0	0	1596	1746	1	151	1.01e-72	279
NC_011593.1:2598858-2601929	NB551033:88:H5VWJBGX7:3:21511:10821:12097#0/2	100.000	151	0	0	1645	1795	1	151	1.01e-72	279
NC_011593.1:2598858-2601929	NB551033:88:H5VWJBGX7:2:22306:13030:3357#0/2	100.000	151	0	0	919	1069	1	151	1.01e-72	279
NC_011593.1:2598858-2601929	NB551033:88:H5VWJBGX7:2:21204:4266:17732#0/2	100.000	151	0	0	1742	1892	1	151	1.01e-72	279
NC_011593.1:2598858-2601929	NB551033:88:H5VWJBGX7:2:11310:4199:17052#0/2	100.000	151	0	0	2427	2577	151	1	1.01e-72	279
NC_011593.1:2598858-2601929	NB551033:88:H5VWJBGX7:1:23302:22151:7894#0/2	100.000	151	0	0	1721	1871	1	151	1.01e-72	279
NC_011593.1:2598858-2601929	NB551033:88:H5VWJBGX7:1:23212:23973:13323#0/2	100.000	151	0	0	18	168	1	151	1.01e-72	279
NC_011593.1:2598858-2601929	NB551033:88:H5VWJBGX7:4:23611:8318:19969#0/1	100.000	151	0	0	1732	1882	1	151	1.01e-72	279
NC_011593.1:2598858-2601929	NB551033:88:H5VWJBGX7:4:21409:8170:6746#0/1	100.000	151	0	0	1640	1790	1	151	1.01e-72	279
NC_011593.1:2598858-2601929	NB551033:88:H5VWJBGX7:4:21404:20081:8802#0/1	100.000	151	0	0	1941	2091	151	1	1.01e-72	279
NC_011593.1:2598858-2601929	NB551033:88:H5VWJBGX7:4:12511:3942:8742#0/1	100.000	151	0	0	1921	2071	151	1	1.01e-72	279
NC_011593.1:2598858-2601929	NB551033:88:H5VWJBGX7:4:12403:10749:10187#0/1	100.000	151	0	0	1598	1748	151	1	1.01e-72	279
NC_011593.1:2598858-2601929	NB551033:88:H5VWJBGX7:4:12402:18070:7644#0/1	100.000	151	0	0	2387	2537	151	1	1.01e-72	279
NC_011593.1:2598858-2601929	NB551033:88:H5VWJBGX7:4:11603:7107:17352#0/1	100.000	151	0	0	965	1115	151	1	1.01e-72	279
NC_011593.1:2598858-2601929	NB551033:88:H5VWJBGX7:3:22510:25294:6228#0/1	100.000	151	0	0	965	1115	151	1	1.01e-72	279
NC_011593.1:2598858-2601929	NB551033:88:H5VWJBGX7:3:21609:19988:10161#0/1	100.000	151	0	0	2392	2542	151	1	1.01e-72	279
NC_011593.1:2598858-2601929	NB551033:88:H5VWJBGX7:3:21609:10258:1594#0/1	100.000	151	0	0	2418	2568	151	1	1.01e-72	279
NC_011593.1:2598858-2601929	NB551033:88:H5VWJBGX7:2:23106:14760:19448#0/1	100.000	151	0	0	1589	1739	1	151	1.01e-72	279
NC_011593.1:2598858-2601929	NB551033:88:H5VWJBGX7:2:22309:9299:7884#0/1	100.000	151	0	0	1589	1739	1	151	1.01e-72	279
NC_011593.1:2598858-2601929	NB551033:88:H5VWJBGX7:1:22310:17583:16532#0/1	100.000	151	0	0	1626	1776	151	1	1.01e-72	279
NC_011593.1:2598858-2601929	NB551033:88:H5VWJBGX7:1:13209:13145:6148#0/1	100.000	151	0	0	1693	1843	1	151	1.01e-72	279
NC_011593.1:2598858-2601929	NB551033:88:H5VWJBGX7:1:12111:14098:15244#0/1	100.000	151	0	0	1693	1843	1	151	1.01e-72	279
NC_011593.1:2598858-2601929	NB551033:88:H5VWJBGX7:4:21402:22148:3201#0/2	100.000	150	0	0	1917	2066	150	1	3.65e-72	278
NC_011593.1:2598858-2601929	NB551033:88:H5VWJBGX7:3:11601:20802:4432#0/2	100.000	150	0	0	926	1075	1	150	3.65e-72	278
NC_011593.1:2598858-2601929	NB551033:88:H5VWJBGX7:2:23106:14760:19448#0/2	100.000	150	0	0	1646	1795	150	1	3.65e-72	278
NC_011593.1:2598858-2601929	NB551033:88:H5VWJBGX7:2:22309:9299:7884#0/2	100.000	150	0	0	1646	1795	150	1	3.65e-72	278
NC_011593.1:2598858-2601929	NB551033:88:H5VWJBGX7:2:12105:4477:19578#0/2	100.000	150	0	0	1719	1868	150	1	3.65e-72	278
NC_011593.1:2598858-2601929	NB551033:88:H5VWJBGX7:1:12111:14098:15244#0/2	100.000	150	0	0	1732	1881	150	1	3.65e-72	278
NC_011593.1:2598858-2601929	NB551033:88:H5VWJBGX7:4:23507:7330:18111#0/1	100.000	150	0	0	2421	2570	1	150	3.65e-72	278
NC_011593.1:2598858-2601929	NB551033:88:H5VWJBGX7:4:11408:23238:7938#0/1	100.000	150	0	0	1649	1798	1	150	3.65e-72	278
NC_011593.1:2598858-2601929	NB551033:88:H5VWJBGX7:2:12105:4477:19578#0/1	100.000	150	0	0	1647	1796	1	150	3.65e-72	278
NC_011593.1:2598858-2601929	NB551033:88:H5VWJBGX7:2:11310:4199:17052#0/1	100.000	150	0	0	1640	1789	1	150	3.65e-72	278
NC_011593.1:2598858-2601929	NB551033:88:H5VWJBGX7:1:12309:3811:12883#0/1	100.000	150	0	0	2418	2567	1	150	3.65e-72	278
NC_011593.1:2598858-2601929	NB551033:88:H5VWJBGX7:1:12308:6611:2646#0/1	100.000	150	0	0	1649	1798	1	150	3.65e-72	278
NC_011593.1:2598858-2601929	NB551033:88:H5VWJBGX7:3:21406:21337:16136#0/2	100.000	149	0	0	175	323	149	1	1.31e-71	276
NC_011593.1:2598858-2601929	NB551033:88:H5VWJBGX7:1:23212:23973:13323#0/1	100.000	149	0	0	177	325	149	1	1.31e-71	276
NC_011593.1:2598858-2601929	NB551033:88:H5VWJBGX7:1:12209:9502:3722#0/1	100.000	149	0	0	178	326	1	149	1.31e-71	276
NC_011593.1:2598858-2601929	NB551033:88:H5VWJBGX7:4:23507:7330:18111#0/2	99.338	151	1	0	2434	2584	151	1	4.72e-71	274
NC_011593.1:2598858-2601929	NB551033:88:H5VWJBGX7:4:23504:21264:6046#0/2	99.338	151	1	0	2181	2331	151	1	4.72e-71	274
NC_011593.1:2598858-2601929	NB551033:88:H5VWJBGX7:4:11604:25425:11079#0/2	99.338	151	1	0	250	400	151	1	4.72e-71	274
NC_011593.1:2598858-2601929	NB551033:88:H5VWJBGX7:4:11408:23238:7938#0/2	100.000	148	0	0	1897	2044	148	1	4.72e-71	274
NC_011593.1:2598858-2601929	NB551033:88:H5VWJBGX7:3:22605:3311:15373#0/2	99.338	151	1	0	1221	1371	151	1	4.72e-71	274
NC_011593.1:2598858-2601929	NB551033:88:H5VWJBGX7:3:21608:8475:13711#0/2	99.338	151	1	0	972	1122	151	1	4.72e-71	274
NC_011593.1:2598858-2601929	NB551033:88:H5VWJBGX7:3:12504:21715:2657#0/2	99.338	151	1	0	976	1126	1	151	4.72e-71	274
NC_011593.1:2598858-2601929	NB551033:88:H5VWJBGX7:2:21302:23905:15069#0/2	100.000	148	0	0	1714	1861	148	1	4.72e-71	274
NC_011593.1:2598858-2601929	NB551033:88:H5VWJBGX7:2:13312:8723:3332#0/2	99.338	151	1	0	1145	1295	151	1	4.72e-71	274
NC_011593.1:2598858-2601929	NB551033:88:H5VWJBGX7:2:13107:10327:17997#0/2	99.338	151	1	0	8	158	151	1	4.72e-71	274
NC_011593.1:2598858-2601929	NB551033:88:H5VWJBGX7:2:11104:17815:5358#0/2	99.338	151	1	0	239	389	151	1	4.72e-71	274
NC_011593.1:2598858-2601929	NB551033:88:H5VWJBGX7:1:22305:14616:12372#0/2	99.338	151	1	0	1145	1295	151	1	4.72e-71	274
NC_011593.1:2598858-2601929	NB551033:88:H5VWJBGX7:1:13209:13145:6148#0/2	99.338	151	1	0	1797	1947	151	1	4.72e-71	274
NC_011593.1:2598858-2601929	NB551033:88:H5VWJBGX7:1:12203:23289:17744#0/2	99.338	151	1	0	2753	2903	151	1	4.72e-71	274
NC_011593.1:2598858-2601929	NB551033:88:H5VWJBGX7:1:11307:10293:13200#0/2	99.338	151	1	0	142	292	151	1	4.72e-71	274
NC_011593.1:2598858-2601929	NB551033:88:H5VWJBGX7:4:21506:3761:13863#0/1	99.338	151	1	0	2402	2552	1	151	4.72e-71	274
NC_011593.1:2598858-2601929	NB551033:88:H5VWJBGX7:4:21505:6571:1842#0/1	99.338	151	1	0	2433	2583	1	151	4.72e-71	274
NC_011593.1:2598858-2601929	NB551033:88:H5VWJBGX7:4:13603:1084:3908#0/1	99.338	151	1	0	311	461	1	151	4.72e-71	274
NC_011593.1:2598858-2601929	NB551033:88:H5VWJBGX7:4:13602:26596:3904#0/1	99.338	151	1	0	311	461	1	151	4.72e-71	274
NC_011593.1:2598858-2601929	NB551033:88:H5VWJBGX7:4:11604:25425:11079#0/1	99.338	151	1	0	218	368	1	151	4.72e-71	274
NC_011593.1:2598858-2601929	NB551033:88:H5VWJBGX7:3:23607:19743:15815#0/1	99.338	151	1	0	976	1126	1	151	4.72e-71	274
NC_011593.1:2598858-2601929	NB551033:88:H5VWJBGX7:3:21511:10821:12097#0/1	99.338	151	1	0	1891	2041	151	1	4.72e-71	274
NC_011593.1:2598858-2601929	NB551033:88:H5VWJBGX7:3:13506:14281:12522#0/1	100.000	148	0	0	982	1129	148	1	4.72e-71	274
NC_011593.1:2598858-2601929	NB551033:88:H5VWJBGX7:3:12604:17748:8521#0/1	99.338	151	1	0	974	1124	1	151	4.72e-71	274
NC_011593.1:2598858-2601929	NB551033:88:H5VWJBGX7:2:21205:24842:14079#0/1	99.338	151	1	0	1551	1701	151	1	4.72e-71	274
NC_011593.1:2598858-2601929	NB551033:88:H5VWJBGX7:2:13312:8723:3332#0/1	99.338	151	1	0	1031	1181	1	151	4.72e-71	274
NC_011593.1:2598858-2601929	NB551033:88:H5VWJBGX7:2:13304:24444:14501#0/1	99.338	151	1	0	309	459	151	1	4.72e-71	274
NC_011593.1:2598858-2601929	NB551033:88:H5VWJBGX7:2:13211:6234:12217#0/1	99.338	151	1	0	976	1126	1	151	4.72e-71	274
NC_011593.1:2598858-2601929	NB551033:88:H5VWJBGX7:2:11106:14227:6794#0/1	99.338	151	1	0	1870	2020	151	1	4.72e-71	274
NC_011593.1:2598858-2601929	NB551033:88:H5VWJBGX7:1:23302:22151:7894#0/1	99.338	151	1	0	1776	1926	151	1	4.72e-71	274
NC_011593.1:2598858-2601929	NB551033:88:H5VWJBGX7:1:23107:26097:14020#0/1	99.338	151	1	0	1875	2025	151	1	4.72e-71	274
NC_011593.1:2598858-2601929	NB551033:88:H5VWJBGX7:1:22305:14616:12372#0/1	99.338	151	1	0	928	1078	1	151	4.72e-71	274
NC_011593.1:2598858-2601929	NB551033:88:H5VWJBGX7:1:22212:3412:4894#0/1	99.338	151	1	0	1904	2054	151	1	4.72e-71	274
NC_011593.1:2598858-2601929	NB551033:88:H5VWJBGX7:1:21211:7271:11268#0/1	99.338	151	1	0	1096	1246	151	1	4.72e-71	274
NC_011593.1:2598858-2601929	NB551033:88:H5VWJBGX7:1:12103:20016:10459#0/1	99.338	151	1	0	8	158	151	1	4.72e-71	274
NC_011593.1:2598858-2601929	NB551033:88:H5VWJBGX7:4:12402:18070:7644#0/2	99.333	150	1	0	2216	2365	1	150	1.70e-70	272
NC_011593.1:2598858-2601929	NB551033:88:H5VWJBGX7:4:11603:7107:17352#0/2	99.333	150	1	0	919	1068	1	150	1.70e-70	272
NC_011593.1:2598858-2601929	NB551033:88:H5VWJBGX7:4:11402:17098:13967#0/2	99.333	150	1	0	1849	1998	1	150	1.70e-70	272
NC_011593.1:2598858-2601929	NB551033:88:H5VWJBGX7:3:23501:21304:15326#0/2	99.333	150	1	0	128	277	150	1	1.70e-70	272
NC_011593.1:2598858-2601929	NB551033:88:H5VWJBGX7:3:23405:11537:10474#0/2	99.333	150	1	0	145	294	150	1	1.70e-70	272
NC_011593.1:2598858-2601929	NB551033:88:H5VWJBGX7:3:22610:4592:6713#0/2	99.333	150	1	0	170	319	150	1	1.70e-70	272
NC_011593.1:2598858-2601929	NB551033:88:H5VWJBGX7:3:22510:25294:6228#0/2	99.333	150	1	0	950	1099	1	150	1.70e-70	272
NC_011593.1:2598858-2601929	NB551033:88:H5VWJBGX7:2:23210:24385:6626#0/2	99.333	150	1	0	964	1113	1	150	1.70e-70	272
NC_011593.1:2598858-2601929	NB551033:88:H5VWJBGX7:2:21206:13649:15852#0/2	99.333	150	1	0	81	230	1	150	1.70e-70	272
NC_011593.1:2598858-2601929	NB551033:88:H5VWJBGX7:2:21201:20636:9537#0/2	99.333	150	1	0	1796	1945	1	150	1.70e-70	272
NC_011593.1:2598858-2601929	NB551033:88:H5VWJBGX7:2:13211:6234:12217#0/2	99.333	150	1	0	999	1148	150	1	1.70e-70	272
NC_011593.1:2598858-2601929	NB551033:88:H5VWJBGX7:2:13101:9162:20082#0/2	99.333	150	1	0	2224	2373	150	1	1.70e-70	272
NC_011593.1:2598858-2601929	NB551033:88:H5VWJBGX7:2:12108:17333:19657#0/2	99.333	150	1	0	16	165	1	150	1.70e-70	272
NC_011593.1:2598858-2601929	NB551033:88:H5VWJBGX7:2:11201:10963:15325#0/2	99.333	150	1	0	220	369	150	1	1.70e-70	272
NC_011593.1:2598858-2601929	NB551033:88:H5VWJBGX7:2:11106:14227:6794#0/2	99.333	150	1	0	1815	1964	1	150	1.70e-70	272
NC_011593.1:2598858-2601929	NB551033:88:H5VWJBGX7:1:22208:25701:10359#0/2	99.333	150	1	0	2213	2362	1	150	1.70e-70	272
NC_011593.1:2598858-2601929	NB551033:88:H5VWJBGX7:1:21211:7271:11268#0/2	99.333	150	1	0	1065	1214	1	150	1.70e-70	272
NC_011593.1:2598858-2601929	NB551033:88:H5VWJBGX7:1:12308:6611:2646#0/2	99.333	150	1	0	1881	2030	150	1	1.70e-70	272
NC_011593.1:2598858-2601929	NB551033:88:H5VWJBGX7:4:23512:25923:4756#0/1	99.333	150	1	0	1611	1760	1	150	1.70e-70	272
NC_011593.1:2598858-2601929	NB551033:88:H5VWJBGX7:4:23504:21264:6046#0/1	99.333	150	1	0	1873	2022	1	150	1.70e-70	272
NC_011593.1:2598858-2601929	NB551033:88:H5VWJBGX7:4:13601:1668:5822#0/1	99.333	150	1	0	1218	1367	1	150	1.70e-70	272
NC_011593.1:2598858-2601929	NB551033:88:H5VWJBGX7:4:13503:4189:12083#0/1	99.333	150	1	0	312	461	150	1	1.70e-70	272
NC_011593.1:2598858-2601929	NB551033:88:H5VWJBGX7:4:13403:7138:12912#0/1	99.333	150	1	0	1107	1256	1	150	1.70e-70	272
NC_011593.1:2598858-2601929	NB551033:88:H5VWJBGX7:3:22605:3311:15373#0/1	99.333	150	1	0	1094	1243	1	150	1.70e-70	272
NC_011593.1:2598858-2601929	NB551033:88:H5VWJBGX7:3:22602:23632:7081#0/1	99.333	150	1	0	1761	1910	150	1	1.70e-70	272
NC_011593.1:2598858-2601929	NB551033:88:H5VWJBGX7:3:21412:18759:10190#0/1	99.333	150	1	0	971	1120	1	150	1.70e-70	272
NC_011593.1:2598858-2601929	NB551033:88:H5VWJBGX7:3:13502:14244:15386#0/1	99.333	150	1	0	1546	1695	150	1	1.70e-70	272
NC_011593.1:2598858-2601929	NB551033:88:H5VWJBGX7:3:11510:20412:4752#0/1	99.333	150	1	0	2214	2363	1	150	1.70e-70	272
NC_011593.1:2598858-2601929	NB551033:88:H5VWJBGX7:2:13310:16973:7484#0/1	99.333	150	1	0	2207	2356	1	150	1.70e-70	272
NC_011593.1:2598858-2601929	NB551033:88:H5VWJBGX7:1:23111:18006:4513#0/1	99.333	150	1	0	21	170	150	1	1.70e-70	272
NC_011593.1:2598858-2601929	NB551033:88:H5VWJBGX7:1:22208:25701:10359#0/1	99.333	150	1	0	2224	2373	150	1	1.70e-70	272
NC_011593.1:2598858-2601929	NB551033:88:H5VWJBGX7:1:13111:13899:10002#0/1	99.333	150	1	0	217	366	150	1	1.70e-70	272
NC_011593.1:2598858-2601929	NB551033:88:H5VWJBGX7:1:12103:17941:6709#0/1	99.333	150	1	0	1863	2012	1	150	1.70e-70	272
NC_011593.1:2598858-2601929	NB551033:88:H5VWJBGX7:4:21404:20081:8802#0/2	99.329	149	1	0	1767	1915	1	149	6.11e-70	270
NC_011593.1:2598858-2601929	NB551033:88:H5VWJBGX7:4:13503:4189:12083#0/2	99.329	149	1	0	122	270	1	149	6.11e-70	270
NC_011593.1:2598858-2601929	NB551033:88:H5VWJBGX7:3:22408:24587:16621#0/2	99.329	149	1	0	1050	1198	149	1	6.11e-70	270
NC_011593.1:2598858-2601929	NB551033:88:H5VWJBGX7:3:21501:13589:16948#0/2	99.329	149	1	0	8	156	149	1	6.11e-70	270
NC_011593.1:2598858-2601929	NB551033:88:H5VWJBGX7:3:11601:19262:13802#0/2	99.329	149	1	0	952	1100	149	1	6.11e-70	270
NC_011593.1:2598858-2601929	NB551033:88:H5VWJBGX7:2:13105:7971:9452#0/2	99.329	149	1	0	253	401	1	149	6.11e-70	270
NC_011593.1:2598858-2601929	NB551033:88:H5VWJBGX7:3:22408:24587:16621#0/1	99.329	149	1	0	1050	1198	1	149	6.11e-70	270
NC_011593.1:2598858-2601929	NB551033:88:H5VWJBGX7:3:11601:20802:4432#0/1	99.329	149	1	0	952	1100	149	1	6.11e-70	270
NC_011593.1:2598858-2601929	NB551033:88:H5VWJBGX7:2:12108:17333:19657#0/1	99.329	149	1	0	112	260	149	1	6.11e-70	270
NC_011593.1:2598858-2601929	NB551033:88:H5VWJBGX7:4:21508:7294:4633#0/2	98.675	151	2	0	2868	3018	151	1	2.20e-69	268
NC_011593.1:2598858-2601929	NB551033:88:H5VWJBGX7:4:21506:3761:13863#0/2	98.675	151	2	0	2491	2641	151	1	2.20e-69	268
NC_011593.1:2598858-2601929	NB551033:88:H5VWJBGX7:4:13603:1084:3908#0/2	98.675	151	2	0	395	545	151	1	2.20e-69	268
NC_011593.1:2598858-2601929	NB551033:88:H5VWJBGX7:4:13602:26596:3904#0/2	98.675	151	2	0	395	545	151	1	2.20e-69	268
NC_011593.1:2598858-2601929	NB551033:88:H5VWJBGX7:4:13601:1668:5822#0/2	98.675	151	2	0	1265	1415	151	1	2.20e-69	268
NC_011593.1:2598858-2601929	NB551033:88:H5VWJBGX7:4:13408:4547:16366#0/2	98.675	151	2	0	2529	2679	1	151	2.20e-69	268
NC_011593.1:2598858-2601929	NB551033:88:H5VWJBGX7:3:23511:21560:19230#0/2	98.675	151	2	0	1287	1437	1	151	2.20e-69	268
NC_011593.1:2598858-2601929	NB551033:88:H5VWJBGX7:3:22603:15395:18575#0/2	98.675	151	2	0	1266	1416	1	151	2.20e-69	268
NC_011593.1:2598858-2601929	NB551033:88:H5VWJBGX7:3:22509:3875:14702#0/2	98.675	151	2	0	2870	3020	1	151	2.20e-69	268
NC_011593.1:2598858-2601929	NB551033:88:H5VWJBGX7:3:21609:19988:10161#0/2	99.324	148	1	0	2211	2358	1	148	2.20e-69	268
NC_011593.1:2598858-2601929	NB551033:88:H5VWJBGX7:3:11512:1252:11424#0/2	99.324	148	1	0	2211	2358	1	148	2.20e-69	268
NC_011593.1:2598858-2601929	NB551033:88:H5VWJBGX7:3:11511:26723:11422#0/2	99.324	148	1	0	2211	2358	1	148	2.20e-69	268
NC_011593.1:2598858-2601929	NB551033:88:H5VWJBGX7:3:11510:20412:4752#0/2	98.675	151	2	0	2305	2455	151	1	2.20e-69	268
NC_011593.1:2598858-2601929	NB551033:88:H5VWJBGX7:2:22305:3440:4219#0/2	98.675	151	2	0	1035	1185	151	1	2.20e-69	268
NC_011593.1:2598858-2601929	NB551033:88:H5VWJBGX7:2:22210:5534:14425#0/2	98.675	151	2	0	660	810	151	1	2.20e-69	268
NC_011593.1:2598858-2601929	NB551033:88:H5VWJBGX7:2:22112:25155:15419#0/2	98.675	151	2	0	1364	1514	1	151	2.20e-69	268
NC_011593.1:2598858-2601929	NB551033:88:H5VWJBGX7:4:21402:22148:3201#0/1	98.675	151	2	0	1882	2032	1	151	2.20e-69	268
NC_011593.1:2598858-2601929	NB551033:88:H5VWJBGX7:4:13501:8526:2611#0/1	98.675	151	2	0	2305	2455	151	1	2.20e-69	268
NC_011593.1:2598858-2601929	NB551033:88:H5VWJBGX7:4:13408:4547:16366#0/1	98.675	151	2	0	2540	2690	151	1	2.20e-69	268
NC_011593.1:2598858-2601929	NB551033:88:H5VWJBGX7:4:12607:3718:5312#0/1	98.675	151	2	0	600	750	1	151	2.20e-69	268
NC_011593.1:2598858-2601929	NB551033:88:H5VWJBGX7:3:23601:14044:14797#0/1	98.675	151	2	0	615	765	1	151	2.20e-69	268
NC_011593.1:2598858-2601929	NB551033:88:H5VWJBGX7:3:23405:9067:2997#0/1	98.675	151	2	0	976	1126	1	151	2.20e-69	268
NC_011593.1:2598858-2601929	NB551033:88:H5VWJBGX7:2:22108:23420:12212#0/1	98.675	151	2	0	2815	2965	151	1	2.20e-69	268
NC_011593.1:2598858-2601929	NB551033:88:H5VWJBGX7:2:21206:22671:16697#0/1	99.324	148	1	0	1109	1256	1	148	2.20e-69	268
NC_011593.1:2598858-2601929	NB551033:88:H5VWJBGX7:2:13105:7971:9452#0/1	98.675	151	2	0	623	773	151	1	2.20e-69	268
NC_011593.1:2598858-2601929	NB551033:88:H5VWJBGX7:2:12105:24343:18185#0/1	98.675	151	2	0	1515	1665	151	1	2.20e-69	268
NC_011593.1:2598858-2601929	NB551033:88:H5VWJBGX7:2:11310:26661:4954#0/1	98.675	151	2	0	1503	1653	151	1	2.20e-69	268
NC_011593.1:2598858-2601929	NB551033:88:H5VWJBGX7:2:11104:17815:5358#0/1	98.675	151	2	0	58	208	1	151	2.20e-69	268
NC_011593.1:2598858-2601929	NB551033:88:H5VWJBGX7:1:13303:4955:19491#0/1	98.675	151	2	0	1048	1198	151	1	2.20e-69	268
NC_011593.1:2598858-2601929	NB551033:88:H5VWJBGX7:1:13106:22495:10201#0/1	98.675	151	2	0	1065	1215	151	1	2.20e-69	268
NC_011593.1:2598858-2601929	NB551033:88:H5VWJBGX7:4:21511:8722:9144#0/2	98.667	150	2	0	964	1113	1	150	7.90e-69	267
NC_011593.1:2598858-2601929	NB551033:88:H5VWJBGX7:4:21505:6571:1842#0/2	98.667	150	2	0	2556	2705	150	1	7.90e-69	267
NC_011593.1:2598858-2601929	NB551033:88:H5VWJBGX7:4:13407:18868:16942#0/2	98.667	150	2	0	2295	2444	1	150	7.90e-69	267
NC_011593.1:2598858-2601929	NB551033:88:H5VWJBGX7:4:12604:1138:10996#0/2	98.667	150	2	0	2802	2951	1	150	7.90e-69	267
NC_011593.1:2598858-2601929	NB551033:88:H5VWJBGX7:4:12603:26621:10993#0/2	98.667	150	2	0	2802	2951	1	150	7.90e-69	267
NC_011593.1:2598858-2601929	NB551033:88:H5VWJBGX7:4:11405:1777:14947#0/2	98.667	150	2	0	317	466	1	150	7.90e-69	267
NC_011593.1:2598858-2601929	NB551033:88:H5VWJBGX7:3:22608:16947:9535#0/2	98.667	150	2	0	647	796	1	150	7.90e-69	267
NC_011593.1:2598858-2601929	NB551033:88:H5VWJBGX7:3:12611:25271:11630#0/2	98.667	150	2	0	2509	2658	150	1	7.90e-69	267
NC_011593.1:2598858-2601929	NB551033:88:H5VWJBGX7:3:12605:17260:3027#0/2	98.667	150	2	0	31	180	1	150	7.90e-69	267
NC_011593.1:2598858-2601929	NB551033:88:H5VWJBGX7:2:22303:21851:19701#0/2	99.320	147	1	0	99	245	147	1	7.90e-69	267
NC_011593.1:2598858-2601929	NB551033:88:H5VWJBGX7:2:22302:3366:2659#0/2	98.667	150	2	0	1363	1512	2	151	7.90e-69	267
NC_011593.1:2598858-2601929	NB551033:88:H5VWJBGX7:2:22209:11181:4152#0/2	98.667	150	2	0	2325	2474	150	1	7.90e-69	267
NC_011593.1:2598858-2601929	NB551033:88:H5VWJBGX7:2:22203:18417:9121#0/2	98.667	150	2	0	2545	2694	1	150	7.90e-69	267
NC_011593.1:2598858-2601929	NB551033:88:H5VWJBGX7:1:23312:23051:19505#0/2	98.667	150	2	0	2777	2926	1	150	7.90e-69	267
NC_011593.1:2598858-2601929	NB551033:88:H5VWJBGX7:1:22310:17583:16532#0/2	98.667	150	2	0	1481	1630	1	150	7.90e-69	267
NC_011593.1:2598858-2601929	NB551033:88:H5VWJBGX7:1:22104:26387:19747#0/2	98.667	150	2	0	2796	2945	150	1	7.90e-69	267
NC_011593.1:2598858-2601929	NB551033:88:H5VWJBGX7:1:13303:4955:19491#0/2	98.667	150	2	0	1045	1194	1	150	7.90e-69	267
NC_011593.1:2598858-2601929	NB551033:88:H5VWJBGX7:1:13205:15358:7197#0/2	98.667	150	2	0	2813	2962	150	1	7.90e-69	267
NC_011593.1:2598858-2601929	NB551033:88:H5VWJBGX7:1:13106:22495:10201#0/2	98.667	150	2	0	597	746	1	150	7.90e-69	267
NC_011593.1:2598858-2601929	NB551033:88:H5VWJBGX7:1:12202:6909:5895#0/2	98.667	150	2	0	1381	1530	1	150	7.90e-69	267
NC_011593.1:2598858-2601929	NB551033:88:H5VWJBGX7:1:12109:18174:6409#0/2	98.667	150	2	0	2898	3047	1	150	7.90e-69	267
NC_011593.1:2598858-2601929	NB551033:88:H5VWJBGX7:4:21505:2581:7720#0/1	98.667	150	2	0	27	176	150	1	7.90e-69	267
NC_011593.1:2598858-2601929	NB551033:88:H5VWJBGX7:4:13409:23613:4139#0/1	98.667	150	2	0	34	183	150	1	7.90e-69	267
NC_011593.1:2598858-2601929	NB551033:88:H5VWJBGX7:4:11503:3919:13523#0/1	98.667	150	2	0	1018	1167	1	150	7.90e-69	267
NC_011593.1:2598858-2601929	NB551033:88:H5VWJBGX7:4:11405:1777:14947#0/1	98.667	150	2	0	324	473	150	1	7.90e-69	267
NC_011593.1:2598858-2601929	NB551033:88:H5VWJBGX7:3:23501:21304:15326#0/1	98.667	150	2	0	86	235	1	150	7.90e-69	267
NC_011593.1:2598858-2601929	NB551033:88:H5VWJBGX7:3:21406:21337:16136#0/1	98.667	150	2	0	60	209	1	150	7.90e-69	267
NC_011593.1:2598858-2601929	NB551033:88:H5VWJBGX7:3:11606:12612:19557#0/1	98.667	150	2	0	1005	1154	150	1	7.90e-69	267
NC_011593.1:2598858-2601929	NB551033:88:H5VWJBGX7:3:11512:1252:11424#0/1	98.667	150	2	0	2331	2480	150	1	7.90e-69	267
NC_011593.1:2598858-2601929	NB551033:88:H5VWJBGX7:3:11511:26723:11422#0/1	98.667	150	2	0	2331	2480	150	1	7.90e-69	267
NC_011593.1:2598858-2601929	NB551033:88:H5VWJBGX7:2:23312:10765:8609#0/1	98.667	150	2	0	1384	1533	150	1	7.90e-69	267
NC_011593.1:2598858-2601929	NB551033:88:H5VWJBGX7:2:22305:3440:4219#0/1	98.667	150	2	0	1025	1174	1	150	7.90e-69	267
NC_011593.1:2598858-2601929	NB551033:88:H5VWJBGX7:2:22210:5534:14425#0/1	98.667	150	2	0	381	530	1	150	7.90e-69	267
NC_011593.1:2598858-2601929	NB551033:88:H5VWJBGX7:2:22209:11181:4152#0/1	98.667	150	2	0	2319	2468	1	150	7.90e-69	267
NC_011593.1:2598858-2601929	NB551033:88:H5VWJBGX7:2:21311:15424:2603#0/1	98.667	150	2	0	1306	1455	150	1	7.90e-69	267
NC_011593.1:2598858-2601929	NB551033:88:H5VWJBGX7:2:21102:25134:9013#0/1	98.667	150	2	0	590	739	1	150	7.90e-69	267
NC_011593.1:2598858-2601929	NB551033:88:H5VWJBGX7:2:13108:14122:19511#0/1	98.667	150	2	0	1054	1203	150	1	7.90e-69	267
NC_011593.1:2598858-2601929	NB551033:88:H5VWJBGX7:2:13104:20161:11231#0/1	98.667	150	2	0	1488	1637	150	1	7.90e-69	267
NC_011593.1:2598858-2601929	NB551033:88:H5VWJBGX7:1:22309:26546:8836#0/1	98.667	150	2	0	42	191	150	1	7.90e-69	267
NC_011593.1:2598858-2601929	NB551033:88:H5VWJBGX7:1:21304:21305:20078#0/1	98.667	150	2	0	1328	1477	150	1	7.90e-69	267
NC_011593.1:2598858-2601929	NB551033:88:H5VWJBGX7:1:11307:10293:13200#0/1	98.667	150	2	0	31	180	1	150	7.90e-69	267
NC_011593.1:2598858-2601929	NB551033:88:H5VWJBGX7:4:13507:7017:16858#0/2	98.658	149	2	0	2219	2367	1	149	2.84e-68	265
NC_011593.1:2598858-2601929	NB551033:88:H5VWJBGX7:4:12607:22883:13352#0/2	99.315	146	1	0	1789	1934	1	146	2.84e-68	265
NC_011593.1:2598858-2601929	NB551033:88:H5VWJBGX7:2:22110:12533:2050#0/2	98.658	149	2	0	2803	2951	149	1	2.84e-68	265
NC_011593.1:2598858-2601929	NB551033:88:H5VWJBGX7:1:23202:24474:13816#0/2	98.658	149	2	0	148	296	149	1	2.84e-68	265
NC_011593.1:2598858-2601929	NB551033:88:H5VWJBGX7:1:21202:7340:3788#0/2	99.315	146	1	0	1087	1232	2	147	2.84e-68	265
NC_011593.1:2598858-2601929	NB551033:88:H5VWJBGX7:4:13507:7017:16858#0/1	98.658	149	2	0	2540	2688	149	1	2.84e-68	265
NC_011593.1:2598858-2601929	NB551033:88:H5VWJBGX7:4:12607:22883:13352#0/1	99.315	146	1	0	1789	1934	146	1	2.84e-68	265
NC_011593.1:2598858-2601929	NB551033:88:H5VWJBGX7:3:23602:17364:5952#0/1	98.658	149	2	0	2770	2918	149	1	2.84e-68	265
NC_011593.1:2598858-2601929	NB551033:88:H5VWJBGX7:2:22110:12533:2050#0/1	98.658	149	2	0	2790	2938	1	149	2.84e-68	265
NC_011593.1:2598858-2601929	NB551033:88:H5VWJBGX7:4:23512:17317:2824#0/2	98.013	151	3	0	1275	1425	1	151	1.02e-67	263
NC_011593.1:2598858-2601929	NB551033:88:H5VWJBGX7:4:21605:25289:4095#0/2	98.658	149	1	1	898	1046	148	1	1.02e-67	263
NC_011593.1:2598858-2601929	NB551033:88:H5VWJBGX7:3:23405:9067:2997#0/2	98.013	151	3	0	1257	1407	151	1	1.02e-67	263
NC_011593.1:2598858-2601929	NB551033:88:H5VWJBGX7:2:22108:23420:12212#0/2	98.013	151	3	0	2640	2790	1	151	1.02e-67	263
NC_011593.1:2598858-2601929	NB551033:88:H5VWJBGX7:2:21209:21830:14421#0/2	98.013	151	3	0	1035	1185	151	1	1.02e-67	263
NC_011593.1:2598858-2601929	NB551033:88:H5VWJBGX7:2:12105:24343:18185#0/2	98.013	151	3	0	1267	1417	1	151	1.02e-67	263
NC_011593.1:2598858-2601929	NB551033:88:H5VWJBGX7:2:11310:26661:4954#0/2	98.013	151	3	0	1437	1587	1	151	1.02e-67	263
NC_011593.1:2598858-2601929	NB551033:88:H5VWJBGX7:1:23301:24545:5863#0/2	98.013	151	3	0	1276	1426	1	151	1.02e-67	263
NC_011593.1:2598858-2601929	NB551033:88:H5VWJBGX7:1:23111:12476:18951#0/2	98.013	151	3	0	1332	1482	151	1	1.02e-67	263
NC_011593.1:2598858-2601929	NB551033:88:H5VWJBGX7:1:21304:21305:20078#0/2	98.013	151	3	0	1277	1427	1	151	1.02e-67	263
NC_011593.1:2598858-2601929	NB551033:88:H5VWJBGX7:1:13211:9036:9871#0/2	98.649	148	2	0	2501	2648	1	148	1.02e-67	263
NC_011593.1:2598858-2601929	NB551033:88:H5VWJBGX7:1:12309:3811:12883#0/2	98.649	148	2	0	2767	2914	148	1	1.02e-67	263
NC_011593.1:2598858-2601929	NB551033:88:H5VWJBGX7:4:23512:17317:2824#0/1	98.013	151	3	0	1350	1500	151	1	1.02e-67	263
NC_011593.1:2598858-2601929	NB551033:88:H5VWJBGX7:4:13407:18868:16942#0/1	98.013	151	3	0	2347	2497	151	1	1.02e-67	263
NC_011593.1:2598858-2601929	NB551033:88:H5VWJBGX7:4:12606:10069:1757#0/1	98.013	151	3	0	2830	2980	1	151	1.02e-67	263
NC_011593.1:2598858-2601929	NB551033:88:H5VWJBGX7:4:11611:23014:16401#0/1	98.013	151	3	0	1163	1313	1	151	1.02e-67	263
NC_011593.1:2598858-2601929	NB551033:88:H5VWJBGX7:3:22608:16947:9535#0/1	98.013	151	3	0	779	929	151	1	1.02e-67	263
NC_011593.1:2598858-2601929	NB551033:88:H5VWJBGX7:3:22603:15395:18575#0/1	98.013	151	3	0	1462	1612	151	1	1.02e-67	263
NC_011593.1:2598858-2601929	NB551033:88:H5VWJBGX7:3:13401:1114:13209#0/1	98.013	151	3	0	383	533	1	151	1.02e-67	263
NC_011593.1:2598858-2601929	NB551033:88:H5VWJBGX7:3:12604:8584:15060#0/1	98.649	148	2	0	1247	1394	150	3	1.02e-67	263
NC_011593.1:2598858-2601929	NB551033:88:H5VWJBGX7:2:23202:18960:17551#0/1	98.013	151	3	0	1184	1334	151	1	1.02e-67	263
NC_011593.1:2598858-2601929	NB551033:88:H5VWJBGX7:2:23103:22647:2477#0/1	98.013	151	3	0	1013	1163	151	1	1.02e-67	263
NC_011593.1:2598858-2601929	NB551033:88:H5VWJBGX7:2:22112:25155:15419#0/1	98.013	151	3	0	1475	1625	151	1	1.02e-67	263
NC_011593.1:2598858-2601929	NB551033:88:H5VWJBGX7:2:21101:23881:9949#0/1	99.310	145	1	0	1	145	145	1	1.02e-67	263
NC_011593.1:2598858-2601929	NB551033:88:H5VWJBGX7:2:12110:2985:6260#0/1	98.013	151	3	0	2634	2784	1	151	1.02e-67	263
NC_011593.1:2598858-2601929	NB551033:88:H5VWJBGX7:2:11311:11831:7816#0/1	98.649	148	2	0	1247	1394	150	3	1.02e-67	263
NC_011593.1:2598858-2601929	NB551033:88:H5VWJBGX7:2:11206:24546:5096#0/1	98.013	151	3	0	1190	1340	1	151	1.02e-67	263
NC_011593.1:2598858-2601929	NB551033:88:H5VWJBGX7:1:23301:24545:5863#0/1	98.013	151	3	0	1350	1500	151	1	1.02e-67	263
NC_011593.1:2598858-2601929	NB551033:88:H5VWJBGX7:1:22104:26387:19747#0/1	98.013	151	3	0	2635	2785	1	151	1.02e-67	263
NC_011593.1:2598858-2601929	NB551033:88:H5VWJBGX7:1:22103:10970:1557#0/1	98.013	151	3	0	1350	1500	151	1	1.02e-67	263
NC_011593.1:2598858-2601929	NB551033:88:H5VWJBGX7:1:21202:7340:3788#0/1	98.013	151	3	0	1427	1577	151	1	1.02e-67	263
NC_011593.1:2598858-2601929	NB551033:88:H5VWJBGX7:1:13211:9036:9871#0/1	98.649	148	2	0	2501	2648	148	1	1.02e-67	263
NC_011593.1:2598858-2601929	NB551033:88:H5VWJBGX7:1:13205:15358:7197#0/1	98.013	151	3	0	2645	2795	1	151	1.02e-67	263
NC_011593.1:2598858-2601929	NB551033:88:H5VWJBGX7:4:11503:3919:13523#0/2	98.000	150	3	0	1359	1508	150	1	3.68e-67	261
NC_011593.1:2598858-2601929	NB551033:88:H5VWJBGX7:3:23607:15390:7422#0/2	98.000	150	3	0	1277	1426	150	1	3.68e-67	261
NC_011593.1:2598858-2601929	NB551033:88:H5VWJBGX7:3:23602:17364:5952#0/2	98.000	150	3	0	2589	2738	1	150	3.68e-67	261
NC_011593.1:2598858-2601929	NB551033:88:H5VWJBGX7:3:23507:8782:13948#0/2	98.000	150	3	0	2598	2747	1	150	3.68e-67	261
NC_011593.1:2598858-2601929	NB551033:88:H5VWJBGX7:3:23504:13073:13103#0/2	98.000	150	3	0	1200	1349	1	150	3.68e-67	261
NC_011593.1:2598858-2601929	NB551033:88:H5VWJBGX7:3:22510:26386:6041#0/2	98.000	150	3	0	1190	1339	1	150	3.68e-67	261
NC_011593.1:2598858-2601929	NB551033:88:H5VWJBGX7:3:13502:14244:15386#0/2	98.000	150	3	0	1437	1586	1	150	3.68e-67	261
NC_011593.1:2598858-2601929	NB551033:88:H5VWJBGX7:3:12604:8584:15060#0/2	98.000	150	3	0	1190	1339	1	150	3.68e-67	261
NC_011593.1:2598858-2601929	NB551033:88:H5VWJBGX7:2:23202:18960:17551#0/2	98.000	150	3	0	1143	1292	1	150	3.68e-67	261
NC_011593.1:2598858-2601929	NB551033:88:H5VWJBGX7:2:21311:15424:2603#0/2	98.000	150	3	0	1200	1349	1	150	3.68e-67	261
NC_011593.1:2598858-2601929	NB551033:88:H5VWJBGX7:2:21206:22671:16697#0/2	98.000	150	3	0	1336	1485	150	1	3.68e-67	261
NC_011593.1:2598858-2601929	NB551033:88:H5VWJBGX7:2:21205:24842:14079#0/2	98.000	150	3	0	1420	1569	1	150	3.68e-67	261
NC_011593.1:2598858-2601929	NB551033:88:H5VWJBGX7:2:21102:25134:9013#0/2	98.000	150	3	0	877	1026	150	1	3.68e-67	261
NC_011593.1:2598858-2601929	NB551033:88:H5VWJBGX7:2:13310:16973:7484#0/2	98.000	150	3	0	2259	2408	150	1	3.68e-67	261
NC_011593.1:2598858-2601929	NB551033:88:H5VWJBGX7:2:13104:20161:11231#0/2	98.000	150	3	0	1190	1339	1	150	3.68e-67	261
NC_011593.1:2598858-2601929	NB551033:88:H5VWJBGX7:2:11206:24546:5096#0/2	98.000	150	3	0	1297	1446	150	1	3.68e-67	261
NC_011593.1:2598858-2601929	NB551033:88:H5VWJBGX7:1:22212:3412:4894#0/2	98.639	147	2	0	1792	1938	1	147	3.68e-67	261
NC_011593.1:2598858-2601929	NB551033:88:H5VWJBGX7:1:22106:17387:1682#0/2	98.000	150	3	0	2686	2835	1	150	3.68e-67	261
NC_011593.1:2598858-2601929	NB551033:88:H5VWJBGX7:1:22103:10970:1557#0/2	98.000	150	3	0	1271	1420	1	150	3.68e-67	261
NC_011593.1:2598858-2601929	NB551033:88:H5VWJBGX7:1:21203:20918:4002#0/2	98.000	150	3	0	2770	2919	1	150	3.68e-67	261
NC_011593.1:2598858-2601929	NB551033:88:H5VWJBGX7:4:23611:19419:4729#0/1	98.000	150	3	0	42	191	150	1	3.68e-67	261
NC_011593.1:2598858-2601929	NB551033:88:H5VWJBGX7:4:23512:23603:9947#0/1	98.000	150	3	0	877	1026	150	1	3.68e-67	261
NC_011593.1:2598858-2601929	NB551033:88:H5VWJBGX7:4:21511:8722:9144#0/1	98.000	150	3	0	1144	1293	150	1	3.68e-67	261
NC_011593.1:2598858-2601929	NB551033:88:H5VWJBGX7:3:23511:21560:19230#0/1	98.000	150	3	0	1425	1574	150	1	3.68e-67	261
NC_011593.1:2598858-2601929	NB551033:88:H5VWJBGX7:3:23504:13073:13103#0/1	98.000	150	3	0	1306	1455	150	1	3.68e-67	261
NC_011593.1:2598858-2601929	NB551033:88:H5VWJBGX7:3:21609:18758:3849#0/1	98.639	147	2	0	2433	2579	1	147	3.68e-67	261
NC_011593.1:2598858-2601929	NB551033:88:H5VWJBGX7:3:13511:7631:8340#0/1	98.000	150	3	0	2680	2829	1	150	3.68e-67	261
NC_011593.1:2598858-2601929	NB551033:88:H5VWJBGX7:3:12611:25271:11630#0/1	98.000	150	3	0	2277	2426	1	150	3.68e-67	261
NC_011593.1:2598858-2601929	NB551033:88:H5VWJBGX7:3:12504:21715:2657#0/1	98.000	150	3	0	1134	1283	150	1	3.68e-67	261
NC_011593.1:2598858-2601929	NB551033:88:H5VWJBGX7:2:22302:3366:2659#0/1	98.000	150	3	0	1504	1653	150	1	3.68e-67	261
NC_011593.1:2598858-2601929	NB551033:88:H5VWJBGX7:2:22203:18417:9121#0/1	98.000	150	3	0	2599	2748	150	1	3.68e-67	261
NC_011593.1:2598858-2601929	NB551033:88:H5VWJBGX7:2:21209:21830:14421#0/1	98.000	150	3	0	1025	1174	1	150	3.68e-67	261
NC_011593.1:2598858-2601929	NB551033:88:H5VWJBGX7:1:23111:12476:18951#0/1	98.000	150	3	0	1146	1295	1	150	3.68e-67	261
NC_011593.1:2598858-2601929	NB551033:88:H5VWJBGX7:1:12203:23289:17744#0/1	98.000	150	3	0	2680	2829	1	150	3.68e-67	261
NC_011593.1:2598858-2601929	NB551033:88:H5VWJBGX7:1:12202:6909:5895#0/1	98.000	150	3	0	1465	1614	150	1	3.68e-67	261
NC_011593.1:2598858-2601929	NB551033:88:H5VWJBGX7:4:22501:18566:18330#0/2	100.000	140	0	0	1721	1860	140	1	1.32e-66	259
NC_011593.1:2598858-2601929	NB551033:88:H5VWJBGX7:2:23312:10765:8609#0/2	97.987	149	3	0	1125	1273	1	149	1.32e-66	259
NC_011593.1:2598858-2601929	NB551033:88:H5VWJBGX7:1:13103:18136:16889#0/2	98.630	146	2	0	2010	2155	146	1	1.32e-66	259
NC_011593.1:2598858-2601929	NB551033:88:H5VWJBGX7:4:22501:18566:18330#0/1	100.000	140	0	0	1721	1860	1	140	1.32e-66	259
NC_011593.1:2598858-2601929	NB551033:88:H5VWJBGX7:3:12602:6978:4678#0/1	97.987	149	3	0	886	1034	149	1	1.32e-66	259
NC_011593.1:2598858-2601929	NB551033:88:H5VWJBGX7:1:21212:20995:3876#0/1	97.987	149	3	0	1387	1535	151	3	1.32e-66	259
NC_011593.1:2598858-2601929	NB551033:88:H5VWJBGX7:1:13103:18136:16889#0/1	98.630	146	2	0	2010	2155	1	146	1.32e-66	259
NC_011593.1:2598858-2601929	NB551033:88:H5VWJBGX7:4:12607:3718:5312#0/2	97.351	151	4	0	824	974	151	1	4.75e-66	257
NC_011593.1:2598858-2601929	NB551033:88:H5VWJBGX7:3:22602:23632:7081#0/2	97.351	151	4	0	1287	1437	1	151	4.75e-66	257
NC_011593.1:2598858-2601929	NB551033:88:H5VWJBGX7:3:21412:18759:10190#0/2	97.351	151	4	0	1220	1370	151	1	4.75e-66	257
NC_011593.1:2598858-2601929	NB551033:88:H5VWJBGX7:3:13506:14281:12522#0/2	97.351	151	4	0	830	980	1	151	4.75e-66	257
NC_011593.1:2598858-2601929	NB551033:88:H5VWJBGX7:2:13210:23710:12398#0/2	97.351	151	4	0	2136	2286	151	1	4.75e-66	257
NC_011593.1:2598858-2601929	NB551033:88:H5VWJBGX7:2:12110:2985:6260#0/2	97.351	151	4	0	2728	2878	151	1	4.75e-66	257
NC_011593.1:2598858-2601929	NB551033:88:H5VWJBGX7:1:21312:25638:1605#0/2	98.621	145	2	0	2877	3021	145	1	4.75e-66	257
NC_011593.1:2598858-2601929	NB551033:88:H5VWJBGX7:3:23607:15390:7422#0/1	97.351	151	4	0	1110	1260	1	151	4.75e-66	257
NC_011593.1:2598858-2601929	NB551033:88:H5VWJBGX7:3:23507:8782:13948#0/1	97.351	151	4	0	2717	2867	151	1	4.75e-66	257
NC_011593.1:2598858-2601929	NB551033:88:H5VWJBGX7:3:22510:26386:6041#0/1	97.351	151	4	0	1197	1347	151	1	4.75e-66	257
NC_011593.1:2598858-2601929	NB551033:88:H5VWJBGX7:2:23210:24385:6626#0/1	97.351	151	4	0	1221	1371	151	1	4.75e-66	257
NC_011593.1:2598858-2601929	NB551033:88:H5VWJBGX7:2:22306:13030:3357#0/1	97.351	151	4	0	1215	1365	151	1	4.75e-66	257
NC_011593.1:2598858-2601929	NB551033:88:H5VWJBGX7:2:13306:4133:9664#0/1	97.351	151	4	0	2651	2801	1	151	4.75e-66	257
NC_011593.1:2598858-2601929	NB551033:88:H5VWJBGX7:1:21312:25638:1605#0/1	98.621	145	2	0	2877	3021	1	145	4.75e-66	257
NC_011593.1:2598858-2601929	NB551033:88:H5VWJBGX7:1:13102:19876:9875#0/1	97.351	151	4	0	1221	1371	151	1	4.75e-66	257
NC_011593.1:2598858-2601929	NB551033:88:H5VWJBGX7:4:11405:11070:8727#0/2	98.611	144	2	0	1271	1414	1	144	1.71e-65	255
NC_011593.1:2598858-2601929	NB551033:88:H5VWJBGX7:3:13401:1114:13209#0/2	97.333	150	4	0	444	593	150	1	1.71e-65	255
NC_011593.1:2598858-2601929	NB551033:88:H5VWJBGX7:1:12103:17941:6709#0/2	97.333	150	4	0	2259	2408	150	1	1.71e-65	255
NC_011593.1:2598858-2601929	NB551033:88:H5VWJBGX7:4:21508:7294:4633#0/1	97.333	150	4	0	2694	2843	1	150	1.71e-65	255
NC_011593.1:2598858-2601929	NB551033:88:H5VWJBGX7:4:11405:11070:8727#0/1	98.611	144	2	0	1271	1414	144	1	1.71e-65	255
NC_011593.1:2598858-2601929	NB551033:88:H5VWJBGX7:3:21609:10258:1594#0/2	99.286	140	1	0	1883	2022	1	140	6.15e-65	254
NC_011593.1:2598858-2601929	NB551033:88:H5VWJBGX7:1:11110:14998:20061#0/2	97.945	146	3	0	2643	2788	146	1	6.15e-65	254
NC_011593.1:2598858-2601929	NB551033:88:H5VWJBGX7:1:11106:10146:18344#0/2	99.286	140	1	0	1713	1852	140	1	6.15e-65	254
NC_011593.1:2598858-2601929	NB551033:88:H5VWJBGX7:3:21608:8475:13711#0/1	97.945	146	3	0	553	698	6	151	6.15e-65	254
NC_011593.1:2598858-2601929	NB551033:88:H5VWJBGX7:1:11110:14998:20061#0/1	97.945	146	3	0	2643	2788	1	146	6.15e-65	254
NC_011593.1:2598858-2601929	NB551033:88:H5VWJBGX7:1:11106:10146:18344#0/1	99.286	140	1	0	1713	1852	1	140	6.15e-65	254
NC_011593.1:2598858-2601929	NB551033:88:H5VWJBGX7:4:23512:23603:9947#0/2	96.689	151	5	0	784	934	1	151	2.21e-64	252
NC_011593.1:2598858-2601929	NB551033:88:H5VWJBGX7:4:23512:25923:4756#0/2	96.689	151	5	0	2015	2165	151	1	2.21e-64	252
NC_011593.1:2598858-2601929	NB551033:88:H5VWJBGX7:3:23607:19743:15815#0/2	97.931	145	3	0	1396	1540	145	1	2.21e-64	252
NC_011593.1:2598858-2601929	NB551033:88:H5VWJBGX7:3:23408:10049:7098#0/2	97.931	145	3	0	1358	1502	1	145	2.21e-64	252
NC_011593.1:2598858-2601929	NB551033:88:H5VWJBGX7:3:21509:1530:17603#0/2	96.689	151	5	0	448	598	151	1	2.21e-64	252
NC_011593.1:2598858-2601929	NB551033:88:H5VWJBGX7:3:12602:6978:4678#0/2	96.689	151	5	0	784	934	1	151	2.21e-64	252
NC_011593.1:2598858-2601929	NB551033:88:H5VWJBGX7:3:11504:20140:17191#0/2	100.000	136	0	0	2402	2537	1	136	2.21e-64	252
NC_011593.1:2598858-2601929	NB551033:88:H5VWJBGX7:2:23103:22647:2477#0/2	96.689	151	5	0	784	934	1	151	2.21e-64	252
NC_011593.1:2598858-2601929	NB551033:88:H5VWJBGX7:4:21605:25289:4095#0/1	96.711	152	4	1	818	969	1	151	2.21e-64	252
NC_011593.1:2598858-2601929	NB551033:88:H5VWJBGX7:4:13609:15043:19428#0/1	96.689	151	5	0	448	598	1	151	2.21e-64	252
NC_011593.1:2598858-2601929	NB551033:88:H5VWJBGX7:3:23408:10049:7098#0/1	97.931	145	3	0	1358	1502	145	1	2.21e-64	252
NC_011593.1:2598858-2601929	NB551033:88:H5VWJBGX7:3:21509:1530:17603#0/1	96.689	151	5	0	448	598	1	151	2.21e-64	252
NC_011593.1:2598858-2601929	NB551033:88:H5VWJBGX7:3:12605:17260:3027#0/1	96.689	151	5	0	488	638	151	1	2.21e-64	252
NC_011593.1:2598858-2601929	NB551033:88:H5VWJBGX7:3:11504:20140:17191#0/1	100.000	136	0	0	2402	2537	136	1	2.21e-64	252
NC_011593.1:2598858-2601929	NB551033:88:H5VWJBGX7:3:11402:26621:3830#0/1	96.689	151	5	0	867	1017	151	1	2.21e-64	252
NC_011593.1:2598858-2601929	NB551033:88:H5VWJBGX7:2:21201:20636:9537#0/1	97.297	148	4	0	2116	2263	148	1	2.21e-64	252
NC_011593.1:2598858-2601929	NB551033:88:H5VWJBGX7:2:11105:23766:15436#0/1	96.689	151	5	0	859	1009	151	1	2.21e-64	252
NC_011593.1:2598858-2601929	NB551033:88:H5VWJBGX7:3:23601:14044:14797#0/2	97.279	147	4	0	866	1012	147	1	7.96e-64	250
NC_011593.1:2598858-2601929	NB551033:88:H5VWJBGX7:2:13108:14122:19511#0/2	96.667	150	5	0	863	1012	1	150	7.96e-64	250
NC_011593.1:2598858-2601929	NB551033:88:H5VWJBGX7:2:11311:11831:7816#0/2	96.667	150	5	0	828	977	1	150	7.96e-64	250
NC_011593.1:2598858-2601929	NB551033:88:H5VWJBGX7:2:11105:23766:15436#0/2	96.667	150	5	0	799	948	1	150	7.96e-64	250
NC_011593.1:2598858-2601929	NB551033:88:H5VWJBGX7:1:13102:19876:9875#0/2	96.667	150	5	0	475	624	1	150	7.96e-64	250
NC_011593.1:2598858-2601929	NB551033:88:H5VWJBGX7:4:12503:25800:15889#0/1	97.917	144	3	0	742	885	1	144	7.96e-64	250
NC_011593.1:2598858-2601929	NB551033:88:H5VWJBGX7:4:11402:17098:13967#0/1	96.667	150	5	0	2051	2200	150	1	7.96e-64	250
NC_011593.1:2598858-2601929	NB551033:88:H5VWJBGX7:3:21501:13589:16948#0/1	99.275	138	1	0	1	138	13	150	7.96e-64	250
NC_011593.1:2598858-2601929	NB551033:88:H5VWJBGX7:3:11403:1120:3818#0/1	96.667	150	5	0	868	1017	150	1	7.96e-64	250
NC_011593.1:2598858-2601929	NB551033:88:H5VWJBGX7:2:21206:13649:15852#0/1	96.667	150	5	0	461	610	150	1	7.96e-64	250
NC_011593.1:2598858-2601929	NB551033:88:H5VWJBGX7:2:21204:4266:17732#0/1	96.667	150	5	0	2046	2195	150	1	7.96e-64	250
NC_011593.1:2598858-2601929	NB551033:88:H5VWJBGX7:2:13210:23710:12398#0/1	96.667	150	5	0	2036	2185	1	150	7.96e-64	250
NC_011593.1:2598858-2601929	NB551033:88:H5VWJBGX7:2:13101:9162:20082#0/1	96.667	150	5	0	2046	2195	1	150	7.96e-64	250
NC_011593.1:2598858-2601929	NB551033:88:H5VWJBGX7:4:23611:8318:19969#0/2	99.270	137	1	0	1843	1979	137	1	2.86e-63	248
NC_011593.1:2598858-2601929	NB551033:88:H5VWJBGX7:4:12503:25800:15889#0/2	97.902	143	3	0	743	885	143	1	2.86e-63	248
NC_011593.1:2598858-2601929	NB551033:88:H5VWJBGX7:2:13305:2240:16262#0/2	99.270	137	1	0	286	422	1	137	2.86e-63	248
NC_011593.1:2598858-2601929	NB551033:88:H5VWJBGX7:4:13404:14713:1442#0/1	99.270	137	1	0	1	137	137	1	2.86e-63	248
NC_011593.1:2598858-2601929	NB551033:88:H5VWJBGX7:2:13305:2240:16262#0/1	99.270	137	1	0	286	422	137	1	2.86e-63	248
NC_011593.1:2598858-2601929	NB551033:88:H5VWJBGX7:4:13609:15043:19428#0/2	96.026	151	6	0	509	659	151	1	1.03e-62	246
NC_011593.1:2598858-2601929	NB551033:88:H5VWJBGX7:4:13607:5869:7001#0/2	96.026	151	6	0	506	656	1	151	1.03e-62	246
NC_011593.1:2598858-2601929	NB551033:88:H5VWJBGX7:3:11403:1120:3818#0/2	96.026	151	6	0	790	940	1	151	1.03e-62	246
NC_011593.1:2598858-2601929	NB551033:88:H5VWJBGX7:3:11402:26621:3830#0/2	96.026	151	6	0	790	940	1	151	1.03e-62	246
NC_011593.1:2598858-2601929	NB551033:88:H5VWJBGX7:3:13504:17192:18503#0/1	98.561	139	2	0	2880	3018	139	1	1.03e-62	246
NC_011593.1:2598858-2601929	NB551033:88:H5VWJBGX7:3:11601:19262:13802#0/1	96.026	151	6	0	759	909	1	151	1.03e-62	246
NC_011593.1:2598858-2601929	NB551033:88:H5VWJBGX7:4:13501:8526:2611#0/2	98.551	138	2	0	1693	1830	1	138	3.70e-62	244
NC_011593.1:2598858-2601929	NB551033:88:H5VWJBGX7:4:11506:10121:14996#0/2	100.000	131	0	0	1952	2082	131	1	1.33e-61	243
NC_011593.1:2598858-2601929	NB551033:88:H5VWJBGX7:3:21612:9509:14252#0/2	98.540	137	2	0	2576	2712	137	1	1.33e-61	243
NC_011593.1:2598858-2601929	NB551033:88:H5VWJBGX7:1:23104:20507:8557#0/2	99.254	134	1	0	1	134	134	1	1.33e-61	243
NC_011593.1:2598858-2601929	NB551033:88:H5VWJBGX7:1:21212:20995:3876#0/2	95.973	149	6	0	816	964	1	149	1.33e-61	243
NC_011593.1:2598858-2601929	NB551033:88:H5VWJBGX7:4:23512:8930:9843#0/1	98.540	137	2	0	1	137	137	1	1.33e-61	243
NC_011593.1:2598858-2601929	NB551033:88:H5VWJBGX7:4:11506:10121:14996#0/1	100.000	131	0	0	1952	2082	1	131	1.33e-61	243
NC_011593.1:2598858-2601929	NB551033:88:H5VWJBGX7:3:21612:9509:14252#0/1	98.540	137	2	0	2576	2712	1	137	1.33e-61	243
NC_011593.1:2598858-2601929	NB551033:88:H5VWJBGX7:4:12604:1138:10996#0/1	97.826	138	3	0	2935	3072	150	13	1.72e-60	239
NC_011593.1:2598858-2601929	NB551033:88:H5VWJBGX7:4:12603:26621:10993#0/1	97.826	138	3	0	2935	3072	150	13	1.72e-60	239
NC_011593.1:2598858-2601929	NB551033:88:H5VWJBGX7:1:22106:17387:1682#0/1	97.826	138	3	0	2935	3072	150	13	1.72e-60	239
NC_011593.1:2598858-2601929	NB551033:88:H5VWJBGX7:1:12209:9502:3722#0/2	95.890	146	6	0	500	645	146	1	6.19e-60	237
NC_011593.1:2598858-2601929	NB551033:88:H5VWJBGX7:3:13504:17192:18503#0/2	98.496	133	2	0	2880	3012	1	133	2.23e-59	235
NC_011593.1:2598858-2601929	NB551033:88:H5VWJBGX7:2:23109:8993:2814#0/1	97.794	136	3	0	2937	3072	1	136	2.23e-59	235
NC_011593.1:2598858-2601929	NB551033:88:H5VWJBGX7:4:13409:23613:4139#0/2	99.206	126	1	0	1	126	25	150	3.73e-57	228
NC_011593.1:2598858-2601929	NB551033:88:H5VWJBGX7:3:22405:25888:13020#0/2	99.206	126	1	0	2766	2891	126	1	3.73e-57	228
NC_011593.1:2598858-2601929	NB551033:88:H5VWJBGX7:3:22405:25888:13020#0/1	99.206	126	1	0	2766	2891	1	126	3.73e-57	228
NC_011593.1:2598858-2601929	NB551033:88:H5VWJBGX7:1:12109:18174:6409#0/1	97.674	129	3	0	2944	3072	150	22	1.73e-55	222
NC_011593.1:2598858-2601929	NB551033:88:H5VWJBGX7:3:11606:12612:19557#0/2	97.656	128	3	0	651	778	1	128	6.24e-55	220
NC_011593.1:2598858-2601929	NB551033:88:H5VWJBGX7:2:23109:8993:2814#0/2	97.656	128	3	0	2945	3072	151	24	6.24e-55	220
NC_011593.1:2598858-2601929	NB551033:88:H5VWJBGX7:1:22109:7009:4094#0/2	98.387	124	2	0	1266	1389	124	1	2.24e-54	219
NC_011593.1:2598858-2601929	NB551033:88:H5VWJBGX7:1:22109:7009:4094#0/1	98.387	124	2	0	1266	1389	1	124	2.24e-54	219
NC_011593.1:2598858-2601929	NB551033:88:H5VWJBGX7:1:22308:1083:8834#0/1	98.347	121	2	0	71	191	121	1	1.04e-52	213
NC_011593.1:2598858-2601929	NB551033:88:H5VWJBGX7:4:11411:11210:3090#0/1	99.145	117	1	0	1	117	117	1	3.75e-52	211
NC_011593.1:2598858-2601929	NB551033:88:H5VWJBGX7:3:11505:10270:15887#0/2	98.305	118	2	0	614	731	1	118	4.86e-51	207
NC_011593.1:2598858-2601929	NB551033:88:H5VWJBGX7:1:23312:14158:15551#0/2	99.130	115	1	0	2851	2965	3	117	4.86e-51	207
NC_011593.1:2598858-2601929	NB551033:88:H5VWJBGX7:3:11505:10270:15887#0/1	98.305	118	2	0	614	731	118	1	4.86e-51	207
NC_011593.1:2598858-2601929	NB551033:88:H5VWJBGX7:1:23312:14158:15551#0/1	99.130	115	1	0	2851	2965	115	1	4.86e-51	207
NC_011593.1:2598858-2601929	NB551033:88:H5VWJBGX7:4:13403:7138:12912#0/2	98.291	117	2	0	1427	1543	117	1	1.75e-50	206
NC_011593.1:2598858-2601929	NB551033:88:H5VWJBGX7:3:12509:5249:4758#0/1	99.123	114	1	0	1	114	114	1	1.75e-50	206
NC_011593.1:2598858-2601929	NB551033:88:H5VWJBGX7:4:12505:26393:4103#0/2	100.000	110	0	0	1045	1154	1	110	6.28e-50	204
NC_011593.1:2598858-2601929	NB551033:88:H5VWJBGX7:4:12505:26393:4103#0/1	100.000	110	0	0	1045	1154	110	1	6.28e-50	204
NC_011593.1:2598858-2601929	NB551033:88:H5VWJBGX7:1:13209:24638:11119#0/2	98.261	115	2	0	2905	3019	1	115	2.26e-49	202
NC_011593.1:2598858-2601929	NB551033:88:H5VWJBGX7:1:13209:24638:11119#0/1	99.107	112	1	0	2908	3019	112	1	2.26e-49	202
NC_011593.1:2598858-2601929	NB551033:88:H5VWJBGX7:3:23405:11537:10474#0/1	99.091	110	1	0	1	110	13	122	2.92e-48	198
NC_011593.1:2598858-2601929	NB551033:88:H5VWJBGX7:1:23301:2759:6207#0/2	99.083	109	1	0	2930	3038	109	1	1.05e-47	196
NC_011593.1:2598858-2601929	NB551033:88:H5VWJBGX7:1:23301:2759:6207#0/1	99.083	109	1	0	2930	3038	1	109	1.05e-47	196
NC_011593.1:2598858-2601929	NB551033:88:H5VWJBGX7:1:21303:26412:7108#0/1	98.214	112	2	0	2583	2694	112	1	1.05e-47	196
NC_011593.1:2598858-2601929	NB551033:88:H5VWJBGX7:4:23510:26277:3783#0/2	99.074	108	1	0	1115	1222	1	108	3.78e-47	195
NC_011593.1:2598858-2601929	NB551033:88:H5VWJBGX7:4:23510:26277:3783#0/1	99.074	108	1	0	1115	1222	108	1	3.78e-47	195
NC_011593.1:2598858-2601929	NB551033:88:H5VWJBGX7:4:13607:5869:7001#0/1	99.074	108	1	0	993	1100	108	1	3.78e-47	195
NC_011593.1:2598858-2601929	NB551033:88:H5VWJBGX7:4:13402:13921:3473#0/1	97.368	114	3	0	1469	1582	114	1	3.78e-47	195
NC_011593.1:2598858-2601929	NB551033:88:H5VWJBGX7:4:13404:14713:1442#0/2	100.000	104	0	0	1	104	47	150	1.36e-46	193
NC_011593.1:2598858-2601929	NB551033:88:H5VWJBGX7:3:11602:10927:11931#0/2	99.065	107	1	0	331	437	1	107	1.36e-46	193
NC_011593.1:2598858-2601929	NB551033:88:H5VWJBGX7:3:11602:10927:11931#0/1	99.065	107	1	0	331	437	107	1	1.36e-46	193
NC_011593.1:2598858-2601929	NB551033:88:H5VWJBGX7:2:21302:23905:15069#0/1	99.065	107	1	0	1537	1643	3	109	1.36e-46	193
NC_011593.1:2598858-2601929	NB551033:88:H5VWJBGX7:2:11201:10963:15325#0/1	100.000	104	0	0	1	104	48	151	1.36e-46	193
NC_011593.1:2598858-2601929	NB551033:88:H5VWJBGX7:4:23611:19419:4729#0/2	100.000	103	0	0	1	103	49	151	4.89e-46	191
NC_011593.1:2598858-2601929	NB551033:88:H5VWJBGX7:2:12301:2776:16866#0/2	99.057	106	1	0	2915	3020	106	1	4.89e-46	191
NC_011593.1:2598858-2601929	NB551033:88:H5VWJBGX7:2:12202:25699:16127#0/2	100.000	103	0	0	1713	1815	1	103	4.89e-46	191
NC_011593.1:2598858-2601929	NB551033:88:H5VWJBGX7:1:22309:26546:8836#0/2	100.000	103	0	0	1	103	49	151	4.89e-46	191
NC_011593.1:2598858-2601929	NB551033:88:H5VWJBGX7:1:22308:1083:8834#0/2	100.000	103	0	0	1	103	49	151	4.89e-46	191
NC_011593.1:2598858-2601929	NB551033:88:H5VWJBGX7:2:12301:2776:16866#0/1	99.057	106	1	0	2915	3020	1	106	4.89e-46	191
NC_011593.1:2598858-2601929	NB551033:88:H5VWJBGX7:2:12202:25699:16127#0/1	100.000	103	0	0	1713	1815	103	1	4.89e-46	191
NC_011593.1:2598858-2601929	NB551033:88:H5VWJBGX7:4:11611:23014:16401#0/2	99.048	105	1	0	1396	1500	105	1	1.76e-45	189
NC_011593.1:2598858-2601929	NB551033:88:H5VWJBGX7:3:12509:5249:4758#0/2	99.048	105	1	0	1	105	46	150	1.76e-45	189
NC_011593.1:2598858-2601929	NB551033:88:H5VWJBGX7:3:22402:22867:17275#0/2	98.095	105	2	0	1290	1394	107	3	8.19e-44	183
NC_011593.1:2598858-2601929	NB551033:88:H5VWJBGX7:1:23107:26097:14020#0/2	100.000	99	0	0	1617	1715	1	99	8.19e-44	183
NC_011593.1:2598858-2601929	NB551033:88:H5VWJBGX7:3:22402:22867:17275#0/1	98.095	105	2	0	1290	1394	1	105	8.19e-44	183
NC_011593.1:2598858-2601929	NB551033:88:H5VWJBGX7:3:23503:1171:9798#0/2	98.077	104	2	0	442	545	104	1	2.94e-43	182
NC_011593.1:2598858-2601929	NB551033:88:H5VWJBGX7:3:21503:6419:20197#0/2	97.196	107	3	0	2157	2263	1	107	2.94e-43	182
NC_011593.1:2598858-2601929	NB551033:88:H5VWJBGX7:3:23503:1171:9798#0/1	98.077	104	2	0	442	545	1	104	2.94e-43	182
NC_011593.1:2598858-2601929	NB551033:88:H5VWJBGX7:3:21503:6419:20197#0/1	97.196	107	3	0	2157	2263	107	1	2.94e-43	182
NC_011593.1:2598858-2601929	NB551033:88:H5VWJBGX7:4:21405:3472:16105#0/2	97.170	106	3	0	2677	2782	106	1	1.06e-42	180
NC_011593.1:2598858-2601929	NB551033:88:H5VWJBGX7:4:21405:3472:16105#0/1	97.170	106	3	0	2677	2782	1	106	1.06e-42	180
NC_011593.1:2598858-2601929	NB551033:88:H5VWJBGX7:1:12105:8675:3378#0/1	99.000	100	1	0	1045	1144	1	100	1.06e-42	180
NC_011593.1:2598858-2601929	NB551033:88:H5VWJBGX7:4:21505:2581:7720#0/2	100.000	93	0	0	1	93	58	150	1.77e-40	172
NC_011593.1:2598858-2601929	NB551033:88:H5VWJBGX7:1:21303:26412:7108#0/2	100.000	93	0	0	2458	2550	1	93	1.77e-40	172
NC_011593.1:2598858-2601929	NB551033:88:H5VWJBGX7:3:13501:13527:19036#0/1	97.059	102	3	0	2971	3072	1	102	1.77e-40	172
NC_011593.1:2598858-2601929	NB551033:88:H5VWJBGX7:2:22205:23880:10204#0/2	97.030	101	3	0	2686	2786	1	101	6.37e-40	171
NC_011593.1:2598858-2601929	NB551033:88:H5VWJBGX7:2:22205:23880:10204#0/1	97.030	101	3	0	2686	2786	101	1	6.37e-40	171
NC_011593.1:2598858-2601929	NB551033:88:H5VWJBGX7:3:13501:13527:19036#0/2	97.000	100	3	0	2973	3072	150	51	2.29e-39	169
NC_011593.1:2598858-2601929	NB551033:88:H5VWJBGX7:2:22301:18326:8632#0/2	100.000	87	0	0	1590	1676	1	87	3.84e-37	161
NC_011593.1:2598858-2601929	NB551033:88:H5VWJBGX7:1:22202:19872:5363#0/2	97.849	93	2	0	458	550	96	4	3.84e-37	161
NC_011593.1:2598858-2601929	NB551033:88:H5VWJBGX7:2:22301:18326:8632#0/1	100.000	87	0	0	1590	1676	87	1	3.84e-37	161
NC_011593.1:2598858-2601929	NB551033:88:H5VWJBGX7:1:22202:19872:5363#0/1	97.849	93	2	0	458	550	1	93	3.84e-37	161
NC_011593.1:2598858-2601929	NB551033:88:H5VWJBGX7:3:13502:19189:7326#0/2	100.000	86	0	0	2595	2680	1	86	1.38e-36	159
NC_011593.1:2598858-2601929	NB551033:88:H5VWJBGX7:2:23111:8280:6344#0/2	97.826	92	2	0	1316	1407	92	1	1.38e-36	159
NC_011593.1:2598858-2601929	NB551033:88:H5VWJBGX7:3:13502:19189:7326#0/1	100.000	86	0	0	2595	2680	86	1	1.38e-36	159
NC_011593.1:2598858-2601929	NB551033:88:H5VWJBGX7:2:23111:8280:6344#0/1	97.826	92	2	0	1316	1407	1	92	1.38e-36	159
NC_011593.1:2598858-2601929	NB551033:88:H5VWJBGX7:1:21211:12418:14535#0/1	97.826	92	2	0	2981	3072	1	92	1.38e-36	159
NC_011593.1:2598858-2601929	NB551033:88:H5VWJBGX7:2:21304:10352:16439#0/2	100.000	85	0	0	898	982	85	1	4.96e-36	158
NC_011593.1:2598858-2601929	NB551033:88:H5VWJBGX7:2:21304:10352:16439#0/1	98.864	88	1	0	895	982	4	91	4.96e-36	158
NC_011593.1:2598858-2601929	NB551033:88:H5VWJBGX7:4:13402:13921:3473#0/2	97.727	88	2	0	1469	1556	1	88	2.31e-34	152
NC_011593.1:2598858-2601929	NB551033:88:H5VWJBGX7:3:21609:18758:3849#0/2	95.789	95	3	1	2692	2786	94	1	2.31e-34	152
NC_011593.1:2598858-2601929	NB551033:88:H5VWJBGX7:3:21608:20623:10588#0/2	98.824	85	1	0	1863	1947	85	1	2.31e-34	152
NC_011593.1:2598858-2601929	NB551033:88:H5VWJBGX7:1:11308:10653:16409#0/2	97.727	88	2	0	1302	1389	88	1	2.31e-34	152
NC_011593.1:2598858-2601929	NB551033:88:H5VWJBGX7:3:21608:20623:10588#0/1	98.824	85	1	0	1863	1947	1	85	2.31e-34	152
NC_011593.1:2598858-2601929	NB551033:88:H5VWJBGX7:1:11308:10653:16409#0/1	97.727	88	2	0	1302	1389	1	88	2.31e-34	152
NC_011593.1:2598858-2601929	NB551033:88:H5VWJBGX7:3:13511:7631:8340#0/2	98.780	82	1	0	2822	2903	82	1	1.07e-32	147
NC_011593.1:2598858-2601929	NB551033:88:H5VWJBGX7:1:21211:12418:14535#0/2	97.647	85	2	0	2988	3072	151	67	1.07e-32	147
NC_011593.1:2598858-2601929	NB551033:88:H5VWJBGX7:3:21502:20033:12837#0/1	100.000	78	0	0	2645	2722	1	78	3.86e-32	145
NC_011593.1:2598858-2601929	NB551033:88:H5VWJBGX7:3:21502:20033:12837#0/2	100.000	77	0	0	2646	2722	79	3	1.39e-31	143
NC_011593.1:2598858-2601929	NB551033:88:H5VWJBGX7:3:11608:20040:14155#0/2	100.000	77	0	0	2471	2547	77	1	1.39e-31	143
NC_011593.1:2598858-2601929	NB551033:88:H5VWJBGX7:2:12306:12846:8296#0/2	100.000	77	0	0	1	77	77	1	1.39e-31	143
NC_011593.1:2598858-2601929	NB551033:88:H5VWJBGX7:1:12105:8675:3378#0/2	98.750	80	1	0	1547	1626	80	1	1.39e-31	143
NC_011593.1:2598858-2601929	NB551033:88:H5VWJBGX7:3:11608:20040:14155#0/1	100.000	77	0	0	2471	2547	1	77	1.39e-31	143
NC_011593.1:2598858-2601929	NB551033:88:H5VWJBGX7:2:12306:12846:8296#0/1	100.000	77	0	0	1	77	53	129	1.39e-31	143
NC_011593.1:2598858-2601929	NB551033:88:H5VWJBGX7:2:13107:10327:17997#0/1	100.000	70	0	0	1	70	82	151	1.08e-27	130
# BLASTN 2.9.0+
# Query: NC_011593.1:c2604454-2602106 Bifidobacterium longum subsp. infantis ATCC 15697, complete genome
# Database: db/blast_C0627-1F-2A_S21.faa
# 0 hits found
# BLASTN 2.9.0+
# Query: NC_011593.1:c2605922-2604486 Bifidobacterium longum subsp. infantis ATCC 15697, complete genome
# Database: db/blast_C0627-1F-2A_S21.faa
# 0 hits found
# BLASTN 2.9.0+
# Query: NC_011593.1:c2606381-2605944 Bifidobacterium longum subsp. infantis ATCC 15697, complete genome
# Database: db/blast_C0627-1F-2A_S21.faa
# 0 hits found
# BLASTN 2.9.0+
# Query: NC_011593.1:c2607314-2606418 Bifidobacterium longum subsp. infantis ATCC 15697, complete genome
# Database: db/blast_C0627-1F-2A_S21.faa
# 0 hits found
# BLASTN 2.9.0+
# Query: NC_011593.1:c2608249-2607458 Bifidobacterium longum subsp. infantis ATCC 15697, complete genome
# Database: db/blast_C0627-1F-2A_S21.faa
# 0 hits found
# BLASTN 2.9.0+
# Query: NC_011593.1:c2609546-2608269 Bifidobacterium longum subsp. infantis ATCC 15697, complete genome
# Database: db/blast_C0627-1F-2A_S21.faa
# Fields: query acc.ver, subject acc.ver, % identity, alignment length, mismatches, gap opens, q. start, q. end, s. start, s. end, evalue, bit score
# 8 hits found
NC_011593.1:c2609546-2608269	NB551033:88:H5VWJBGX7:4:11405:4978:3883#0/2	95.455	66	3	0	279	344	143	78	7.55e-21	106
NC_011593.1:c2609546-2608269	NB551033:88:H5VWJBGX7:2:22209:3711:14713#0/1	95.385	65	3	0	279	343	6	70	2.72e-20	104
NC_011593.1:c2609546-2608269	NB551033:88:H5VWJBGX7:1:13201:6269:6414#0/1	96.774	62	2	0	283	344	3	64	2.72e-20	104
NC_011593.1:c2609546-2608269	NB551033:88:H5VWJBGX7:2:11106:21107:1109#0/2	98.148	54	1	0	291	344	1	54	1.63e-17	95.3
NC_011593.1:c2609546-2608269	NB551033:88:H5VWJBGX7:2:23202:18950:13279#0/2	97.674	43	1	0	302	344	1	43	2.13e-11	75.0
NC_011593.1:c2609546-2608269	NB551033:88:H5VWJBGX7:1:22204:15798:14766#0/2	97.674	43	1	0	302	344	1	43	2.13e-11	75.0
NC_011593.1:c2609546-2608269	NB551033:88:H5VWJBGX7:3:21512:20465:8677#0/1	97.674	43	1	0	302	344	1	43	2.13e-11	75.0
NC_011593.1:c2609546-2608269	NB551033:88:H5VWJBGX7:1:22204:15798:14766#0/1	97.674	43	1	0	302	344	94	52	2.13e-11	75.0
# BLASTN 2.9.0+
# Query: NC_011593.1:c2610356-2609697 Bifidobacterium longum subsp. infantis ATCC 15697, complete genome
# Database: db/blast_C0627-1F-2A_S21.faa
# 0 hits found
# BLASTN 2.9.0+
# Query: NC_011593.1:c2611458-2610496 Bifidobacterium longum subsp. infantis ATCC 15697, complete genome
# Database: db/blast_C0627-1F-2A_S21.faa
# 0 hits found
# BLASTN 2.9.0+
# Query: NC_011593.1:c2612430-2611477 Bifidobacterium longum subsp. infantis ATCC 15697, complete genome
# Database: db/blast_C0627-1F-2A_S21.faa
# 0 hits found
# BLASTN 2.9.0+
# Query: NC_011593.1:c2614109-2612517 Bifidobacterium longum subsp. infantis ATCC 15697, complete genome
# Database: db/blast_C0627-1F-2A_S21.faa
# 0 hits found
# BLASTN 2.9.0+
# Query: NC_011593.1:c2615274-2614312 Bifidobacterium longum subsp. infantis ATCC 15697, complete genome
# Database: db/blast_C0627-1F-2A_S21.faa
# 0 hits found
# BLASTN 2.9.0+
# Query: NC_011593.1:c2616246-2615293 Bifidobacterium longum subsp. infantis ATCC 15697, complete genome
# Database: db/blast_C0627-1F-2A_S21.faa
# 0 hits found
# BLASTN 2.9.0+
# Query: NC_011593.1:c2617928-2616333 Bifidobacterium longum subsp. infantis ATCC 15697, complete genome
# Database: db/blast_C0627-1F-2A_S21.faa
# Fields: query acc.ver, subject acc.ver, % identity, alignment length, mismatches, gap opens, q. start, q. end, s. start, s. end, evalue, bit score
# 1 hits found
NC_011593.1:c2617928-2616333	NB551033:88:H5VWJBGX7:4:12406:16207:1885#0/2	95.122	41	2	0	493	533	46	6	1.61e-08	65.8
# BLASTN 2.9.0+
# Query: NC_011593.1:c2619247-2618063 Bifidobacterium longum subsp. infantis ATCC 15697, complete genome
# Database: db/blast_C0627-1F-2A_S21.faa
# 0 hits found
# BLASTN 2.9.0+
# Query: NC_011593.1:c2620369-2619413 Bifidobacterium longum subsp. infantis ATCC 15697, complete genome
# Database: db/blast_C0627-1F-2A_S21.faa
# 0 hits found
# BLASTN 2.9.0+
# Query: NC_011593.1:c2622143-2620551 Bifidobacterium longum subsp. infantis ATCC 15697, complete genome
# Database: db/blast_C0627-1F-2A_S21.faa
# 0 hits found
# BLASTN 2.9.0+
# Query: NC_011593.1:c2624124-2622520 Bifidobacterium longum subsp. infantis ATCC 15697, complete genome
# Database: db/blast_C0627-1F-2A_S21.faa
# 0 hits found
# BLASTN 2.9.0+
# Query: NC_011593.1:c2626110-2624512 Bifidobacterium longum subsp. infantis ATCC 15697, complete genome
# Database: db/blast_C0627-1F-2A_S21.faa
# Fields: query acc.ver, subject acc.ver, % identity, alignment length, mismatches, gap opens, q. start, q. end, s. start, s. end, evalue, bit score
# 2 hits found
NC_011593.1:c2626110-2624512	NB551033:88:H5VWJBGX7:3:22409:23953:15076#0/2	100.000	30	0	0	1555	1584	53	24	9.70e-06	56.5
NC_011593.1:c2626110-2624512	NB551033:88:H5VWJBGX7:1:11302:8637:18289#0/2	100.000	30	0	0	1555	1584	40	11	9.70e-06	56.5
# BLASTN 2.9.0+
# Query: NC_011593.1:c2626386-2626264 Bifidobacterium longum subsp. infantis ATCC 15697, complete genome
# Database: db/blast_C0627-1F-2A_S21.faa
# 0 hits found
# BLASTN 2.9.0+
# Query: NC_011593.1:c2628158-2626563 Bifidobacterium longum subsp. infantis ATCC 15697, complete genome
# Database: db/blast_C0627-1F-2A_S21.faa
# 0 hits found
# BLASTN 2.9.0+
# Query: NC_011593.1:c2630269-2628314 Bifidobacterium longum subsp. infantis ATCC 15697, complete genome
# Database: db/blast_C0627-1F-2A_S21.faa
# 0 hits found
# BLASTN 2.9.0+
# Query: NC_011593.1:c2631106-2630366 Bifidobacterium longum subsp. infantis ATCC 15697, complete genome
# Database: db/blast_C0627-1F-2A_S21.faa
# 0 hits found
# BLASTN 2.9.0+
# Query: NC_011593.1:c2632432-2631140 Bifidobacterium longum subsp. infantis ATCC 15697, complete genome
# Database: db/blast_C0627-1F-2A_S21.faa
# 0 hits found
# BLASTN 2.9.0+
# Query: NC_011593.1:c2633881-2632562 Bifidobacterium longum subsp. infantis ATCC 15697, complete genome
# Database: db/blast_C0627-1F-2A_S21.faa
# 0 hits found
# BLASTN 2.9.0+
# Query: NC_011593.1:c2634683-2633865 Bifidobacterium longum subsp. infantis ATCC 15697, complete genome
# Database: db/blast_C0627-1F-2A_S21.faa
# 0 hits found
# BLASTN 2.9.0+
# Query: NC_011593.1:c2635627-2634680 Bifidobacterium longum subsp. infantis ATCC 15697, complete genome
# Database: db/blast_C0627-1F-2A_S21.faa
# 0 hits found
# BLASTN 2.9.0+
# Query: NC_011593.1:c2636747-2635629 Bifidobacterium longum subsp. infantis ATCC 15697, complete genome
# Database: db/blast_C0627-1F-2A_S21.faa
# 0 hits found
# BLAST processed 31 queries
