# BLASTN 2.9.0+
# Query: NC_011593.1:c2595355-2593832 Bifidobacterium longum subsp. infantis ATCC 15697, complete genome
# Database: db/blast_C0633-1F-1A_S73.faa
# Fields: query acc.ver, subject acc.ver, % identity, alignment length, mismatches, gap opens, q. start, q. end, s. start, s. end, evalue, bit score
# 70 hits found
NC_011593.1:c2595355-2593832	NB551033:91:H5W5HBGX7:4:11612:10584:13800#0/1	100.000	149	0	0	357	505	1	149	8.73e-72	276
NC_011593.1:c2595355-2593832	NB551033:91:H5W5HBGX7:1:23206:12051:13410#0/1	99.338	151	1	0	727	877	1	151	3.14e-71	274
NC_011593.1:c2595355-2593832	NB551033:91:H5W5HBGX7:1:21102:8364:13044#0/1	99.338	151	1	0	382	532	151	1	3.14e-71	274
NC_011593.1:c2595355-2593832	NB551033:91:H5W5HBGX7:4:11612:10584:13800#0/2	98.675	151	2	0	437	587	151	1	1.46e-69	268
NC_011593.1:c2595355-2593832	NB551033:91:H5W5HBGX7:1:23111:25283:14487#0/1	98.675	151	2	0	939	1089	1	151	1.46e-69	268
NC_011593.1:c2595355-2593832	NB551033:91:H5W5HBGX7:4:23508:23998:15373#0/1	98.667	150	2	0	950	1099	150	1	5.25e-69	267
NC_011593.1:c2595355-2593832	NB551033:91:H5W5HBGX7:4:22507:4150:5693#0/1	98.667	150	2	0	1077	1226	1	150	5.25e-69	267
NC_011593.1:c2595355-2593832	NB551033:91:H5W5HBGX7:2:23305:5289:18106#0/1	98.667	150	2	0	715	864	150	1	5.25e-69	267
NC_011593.1:c2595355-2593832	NB551033:91:H5W5HBGX7:1:21104:18648:8331#0/1	98.667	150	2	0	519	668	151	2	5.25e-69	267
NC_011593.1:c2595355-2593832	NB551033:91:H5W5HBGX7:1:23208:11230:11307#0/2	98.013	151	3	0	1096	1246	1	151	6.80e-68	263
NC_011593.1:c2595355-2593832	NB551033:91:H5W5HBGX7:1:23206:12051:13410#0/2	98.013	151	3	0	800	950	151	1	6.80e-68	263
NC_011593.1:c2595355-2593832	NB551033:91:H5W5HBGX7:3:21608:18599:7152#0/1	98.013	151	3	0	1125	1275	151	1	6.80e-68	263
NC_011593.1:c2595355-2593832	NB551033:91:H5W5HBGX7:2:12209:19367:17848#0/1	98.013	151	3	0	326	476	1	151	6.80e-68	263
NC_011593.1:c2595355-2593832	NB551033:91:H5W5HBGX7:4:11411:3847:7397#0/2	98.000	150	3	0	1037	1186	150	1	2.44e-67	261
NC_011593.1:c2595355-2593832	NB551033:91:H5W5HBGX7:3:11606:19787:16387#0/2	98.000	150	3	0	560	709	151	2	2.44e-67	261
NC_011593.1:c2595355-2593832	NB551033:91:H5W5HBGX7:3:11511:6686:3576#0/2	98.000	150	3	0	1116	1265	1	150	2.44e-67	261
NC_011593.1:c2595355-2593832	NB551033:91:H5W5HBGX7:3:23506:13382:18954#0/1	98.000	150	3	0	932	1081	150	1	2.44e-67	261
NC_011593.1:c2595355-2593832	NB551033:91:H5W5HBGX7:3:11611:15912:11646#0/1	98.000	150	3	0	1144	1293	1	150	2.44e-67	261
NC_011593.1:c2595355-2593832	NB551033:91:H5W5HBGX7:1:22102:19908:5940#0/2	97.351	151	4	0	308	458	151	1	3.16e-66	257
NC_011593.1:c2595355-2593832	NB551033:91:H5W5HBGX7:3:23508:14307:16629#0/1	97.351	151	4	0	111	261	1	151	3.16e-66	257
NC_011593.1:c2595355-2593832	NB551033:91:H5W5HBGX7:3:13609:9690:6789#0/1	97.351	151	4	0	1311	1461	1	151	3.16e-66	257
NC_011593.1:c2595355-2593832	NB551033:91:H5W5HBGX7:2:21312:20174:15160#0/1	97.973	148	3	0	1118	1265	148	1	3.16e-66	257
NC_011593.1:c2595355-2593832	NB551033:91:H5W5HBGX7:3:23508:14307:16629#0/2	97.333	150	4	0	181	330	151	2	1.14e-65	255
NC_011593.1:c2595355-2593832	NB551033:91:H5W5HBGX7:1:21104:18648:8331#0/2	97.333	150	4	0	323	472	1	150	1.14e-65	255
NC_011593.1:c2595355-2593832	NB551033:91:H5W5HBGX7:2:22110:18396:4724#0/1	97.333	150	4	0	288	437	150	1	1.14e-65	255
NC_011593.1:c2595355-2593832	NB551033:91:H5W5HBGX7:1:23110:9907:18065#0/1	97.931	145	3	0	1258	1402	1	145	1.47e-64	252
NC_011593.1:c2595355-2593832	NB551033:91:H5W5HBGX7:1:22102:19908:5940#0/1	96.689	151	5	0	127	277	1	151	1.47e-64	252
NC_011593.1:c2595355-2593832	NB551033:91:H5W5HBGX7:4:12508:25592:7558#0/2	96.667	150	5	0	131	280	150	1	5.29e-64	250
NC_011593.1:c2595355-2593832	NB551033:91:H5W5HBGX7:4:23505:17806:17630#0/1	96.667	150	5	0	187	336	150	1	5.29e-64	250
NC_011593.1:c2595355-2593832	NB551033:91:H5W5HBGX7:2:21307:9747:7635#0/2	96.644	149	5	0	99	247	1	149	1.90e-63	248
NC_011593.1:c2595355-2593832	NB551033:91:H5W5HBGX7:2:21307:9747:7635#0/1	96.644	149	5	0	99	247	149	1	1.90e-63	248
NC_011593.1:c2595355-2593832	NB551033:91:H5W5HBGX7:3:23506:13382:18954#0/2	96.026	151	6	0	671	821	1	151	6.84e-63	246
NC_011593.1:c2595355-2593832	NB551033:91:H5W5HBGX7:3:22610:13133:12838#0/2	96.000	150	6	0	87	236	150	1	2.46e-62	244
NC_011593.1:c2595355-2593832	NB551033:91:H5W5HBGX7:2:22110:18396:4724#0/2	95.973	149	6	0	211	359	3	151	8.85e-62	243
NC_011593.1:c2595355-2593832	NB551033:91:H5W5HBGX7:4:23505:17806:17630#0/2	96.552	145	5	0	52	196	6	150	3.18e-61	241
NC_011593.1:c2595355-2593832	NB551033:91:H5W5HBGX7:3:21606:8453:2951#0/2	100.000	128	0	0	382	509	1	128	4.12e-60	237
NC_011593.1:c2595355-2593832	NB551033:91:H5W5HBGX7:2:13109:10992:12120#0/2	99.237	131	1	0	548	678	133	3	4.12e-60	237
NC_011593.1:c2595355-2593832	NB551033:91:H5W5HBGX7:4:22510:26396:3194#0/1	98.507	134	2	0	1258	1391	1	134	4.12e-60	237
NC_011593.1:c2595355-2593832	NB551033:91:H5W5HBGX7:3:21606:8453:2951#0/1	100.000	128	0	0	382	509	128	1	4.12e-60	237
NC_011593.1:c2595355-2593832	NB551033:91:H5W5HBGX7:2:23303:5428:14826#0/1	97.122	139	4	0	1206	1344	1	139	1.48e-59	235
NC_011593.1:c2595355-2593832	NB551033:91:H5W5HBGX7:1:21211:3235:17781#0/2	96.454	141	5	0	245	385	2	142	5.33e-59	233
NC_011593.1:c2595355-2593832	NB551033:91:H5W5HBGX7:1:21211:3235:17781#0/1	96.454	141	5	0	245	385	141	1	5.33e-59	233
NC_011593.1:c2595355-2593832	NB551033:91:H5W5HBGX7:4:22507:4150:5693#0/2	97.080	137	4	0	1110	1246	137	1	1.92e-58	231
NC_011593.1:c2595355-2593832	NB551033:91:H5W5HBGX7:3:21608:18599:7152#0/2	99.213	127	1	0	768	894	1	127	6.89e-58	230
NC_011593.1:c2595355-2593832	NB551033:91:H5W5HBGX7:2:23108:16668:10656#0/2	98.462	130	2	0	1069	1198	1	130	6.89e-58	230
NC_011593.1:c2595355-2593832	NB551033:91:H5W5HBGX7:2:23108:16668:10656#0/1	98.462	130	2	0	1069	1198	130	1	6.89e-58	230
NC_011593.1:c2595355-2593832	NB551033:91:H5W5HBGX7:4:22510:26396:3194#0/2	97.710	131	3	0	1273	1403	131	1	8.92e-57	226
NC_011593.1:c2595355-2593832	NB551033:91:H5W5HBGX7:4:23508:23998:15373#0/2	97.692	130	3	0	811	940	1	130	3.21e-56	224
NC_011593.1:c2595355-2593832	NB551033:91:H5W5HBGX7:1:23110:9907:18065#0/2	97.692	130	3	0	1274	1403	130	1	3.21e-56	224
NC_011593.1:c2595355-2593832	NB551033:91:H5W5HBGX7:2:12310:13744:17687#0/1	97.619	126	3	0	511	636	1	126	5.37e-54	217
NC_011593.1:c2595355-2593832	NB551033:91:H5W5HBGX7:2:23305:5289:18106#0/2	98.333	120	2	0	568	687	1	120	2.50e-52	211
NC_011593.1:c2595355-2593832	NB551033:91:H5W5HBGX7:1:23208:11230:11307#0/1	96.800	125	4	0	1221	1345	125	1	8.98e-52	209
NC_011593.1:c2595355-2593832	NB551033:91:H5W5HBGX7:2:12209:19367:17848#0/2	100.000	111	0	0	399	509	111	1	1.16e-50	206
NC_011593.1:c2595355-2593832	NB551033:91:H5W5HBGX7:1:23111:25283:14487#0/2	98.261	115	2	0	1274	1388	115	1	1.50e-49	202
NC_011593.1:c2595355-2593832	NB551033:91:H5W5HBGX7:2:12310:13744:17687#0/2	99.083	109	1	0	756	864	109	1	6.99e-48	196
NC_011593.1:c2595355-2593832	NB551033:91:H5W5HBGX7:1:13208:21953:14986#0/2	99.038	104	1	0	1037	1140	1	104	4.21e-45	187
NC_011593.1:c2595355-2593832	NB551033:91:H5W5HBGX7:1:13208:21953:14986#0/1	99.038	104	1	0	1037	1140	104	1	4.21e-45	187
NC_011593.1:c2595355-2593832	NB551033:91:H5W5HBGX7:3:22612:23461:15112#0/2	98.000	100	2	0	803	902	1	100	3.28e-41	174
NC_011593.1:c2595355-2593832	NB551033:91:H5W5HBGX7:3:22612:23461:15112#0/1	97.087	103	3	0	803	905	103	1	3.28e-41	174
NC_011593.1:c2595355-2593832	NB551033:91:H5W5HBGX7:3:11606:19787:16387#0/1	100.000	94	0	0	372	465	1	94	3.28e-41	174
NC_011593.1:c2595355-2593832	NB551033:91:H5W5HBGX7:2:11303:15779:13763#0/1	97.849	93	2	0	211	303	3	95	2.55e-37	161
NC_011593.1:c2595355-2593832	NB551033:91:H5W5HBGX7:4:11411:3847:7397#0/1	95.876	97	4	0	81	177	2	98	3.30e-36	158
NC_011593.1:c2595355-2593832	NB551033:91:H5W5HBGX7:1:11312:21490:1967#0/2	100.000	82	0	0	356	437	82	1	1.53e-34	152
NC_011593.1:c2595355-2593832	NB551033:91:H5W5HBGX7:2:13109:10992:12120#0/1	96.703	91	3	0	474	564	1	91	1.53e-34	152
NC_011593.1:c2595355-2593832	NB551033:91:H5W5HBGX7:1:11312:21490:1967#0/1	100.000	82	0	0	356	437	1	82	1.53e-34	152
NC_011593.1:c2595355-2593832	NB551033:91:H5W5HBGX7:2:11303:15779:13763#0/2	100.000	79	0	0	540	618	79	1	7.14e-33	147
NC_011593.1:c2595355-2593832	NB551033:91:H5W5HBGX7:2:23201:22081:5551#0/2	96.429	84	3	0	842	925	84	1	1.19e-30	139
NC_011593.1:c2595355-2593832	NB551033:91:H5W5HBGX7:2:23201:22081:5551#0/1	96.429	84	3	0	842	925	1	84	1.19e-30	139
NC_011593.1:c2595355-2593832	NB551033:91:H5W5HBGX7:2:21312:20174:15160#0/2	95.349	86	4	0	869	954	1	86	4.30e-30	137
NC_011593.1:c2595355-2593832	NB551033:91:H5W5HBGX7:2:23303:5428:14826#0/2	97.333	75	2	0	1271	1345	75	1	2.59e-27	128
# BLASTN 2.9.0+
# Query: NC_011593.1:c2597106-2595574 Bifidobacterium longum subsp. infantis ATCC 15697, complete genome
# Database: db/blast_C0633-1F-1A_S73.faa
# Fields: query acc.ver, subject acc.ver, % identity, alignment length, mismatches, gap opens, q. start, q. end, s. start, s. end, evalue, bit score
# 18 hits found
NC_011593.1:c2597106-2595574	NB551033:91:H5W5HBGX7:1:21102:8364:13044#0/1	95.918	147	6	0	386	532	147	1	1.15e-60	239
NC_011593.1:c2597106-2595574	NB551033:91:H5W5HBGX7:3:21606:8453:2951#0/2	97.581	124	3	0	386	509	5	128	6.98e-53	213
NC_011593.1:c2597106-2595574	NB551033:91:H5W5HBGX7:3:21606:8453:2951#0/1	97.581	124	3	0	386	509	124	1	6.98e-53	213
NC_011593.1:c2597106-2595574	NB551033:91:H5W5HBGX7:2:12209:19367:17848#0/2	99.099	111	1	0	399	509	111	1	5.44e-49	200
NC_011593.1:c2597106-2595574	NB551033:91:H5W5HBGX7:2:12204:1919:13680#0/1	95.935	123	5	0	1	123	7	129	5.44e-49	200
NC_011593.1:c2597106-2595574	NB551033:91:H5W5HBGX7:2:22110:18396:4724#0/2	95.726	117	5	0	214	330	6	122	1.18e-45	189
NC_011593.1:c2597106-2595574	NB551033:91:H5W5HBGX7:4:22502:9365:15396#0/2	95.575	113	5	0	1	113	34	146	1.97e-43	182
NC_011593.1:c2597106-2595574	NB551033:91:H5W5HBGX7:4:22502:9365:15396#0/1	95.575	113	5	0	1	113	113	1	1.97e-43	182
NC_011593.1:c2597106-2595574	NB551033:91:H5W5HBGX7:3:22610:13133:12838#0/1	95.413	109	5	0	1	109	43	151	3.30e-41	174
NC_011593.1:c2597106-2595574	NB551033:91:H5W5HBGX7:4:12508:25592:7558#0/1	95.238	105	5	0	1	105	45	149	5.51e-39	167
NC_011593.1:c2597106-2595574	NB551033:91:H5W5HBGX7:2:13112:14847:1949#0/2	95.652	92	4	0	1	92	57	148	2.00e-33	148
NC_011593.1:c2597106-2595574	NB551033:91:H5W5HBGX7:2:11303:15779:13763#0/1	95.556	90	4	0	214	303	6	95	2.58e-32	145
NC_011593.1:c2597106-2595574	NB551033:91:H5W5HBGX7:4:13606:12717:4289#0/2	100.000	72	0	0	1	72	72	1	5.59e-29	134
NC_011593.1:c2597106-2595574	NB551033:91:H5W5HBGX7:2:23312:3355:7131#0/2	98.485	66	1	0	1	66	66	1	5.63e-24	117
NC_011593.1:c2597106-2595574	NB551033:91:H5W5HBGX7:4:13503:2206:14188#0/2	100.000	55	0	0	1	55	45	99	1.58e-19	102
NC_011593.1:c2597106-2595574	NB551033:91:H5W5HBGX7:4:13503:2206:14188#0/1	100.000	55	0	0	1	55	55	1	1.58e-19	102
NC_011593.1:c2597106-2595574	NB551033:91:H5W5HBGX7:1:21102:8364:13044#0/2	100.000	47	0	0	1	47	105	151	4.42e-15	87.9
NC_011593.1:c2597106-2595574	NB551033:91:H5W5HBGX7:2:23312:3355:7131#0/1	100.000	32	0	0	1	32	120	151	9.63e-07	60.2
# BLASTN 2.9.0+
# Query: NC_011593.1:c2598562-2597207 Bifidobacterium longum subsp. infantis ATCC 15697, complete genome
# Database: db/blast_C0633-1F-1A_S73.faa
# Fields: query acc.ver, subject acc.ver, % identity, alignment length, mismatches, gap opens, q. start, q. end, s. start, s. end, evalue, bit score
# 102 hits found
NC_011593.1:c2598562-2597207	NB551033:91:H5W5HBGX7:3:11606:23558:18033#0/2	100.000	151	0	0	892	1042	1	151	5.99e-73	279
NC_011593.1:c2598562-2597207	NB551033:91:H5W5HBGX7:2:21308:15448:7295#0/2	100.000	151	0	0	156	306	1	151	5.99e-73	279
NC_011593.1:c2598562-2597207	NB551033:91:H5W5HBGX7:2:13310:5638:6630#0/2	100.000	151	0	0	264	414	1	151	5.99e-73	279
NC_011593.1:c2598562-2597207	NB551033:91:H5W5HBGX7:1:13306:20673:5016#0/2	100.000	151	0	0	289	439	1	151	5.99e-73	279
NC_011593.1:c2598562-2597207	NB551033:91:H5W5HBGX7:4:23506:18663:9442#0/1	100.000	151	0	0	1195	1345	151	1	5.99e-73	279
NC_011593.1:c2598562-2597207	NB551033:91:H5W5HBGX7:3:23609:4463:11881#0/1	100.000	151	0	0	287	437	1	151	5.99e-73	279
NC_011593.1:c2598562-2597207	NB551033:91:H5W5HBGX7:1:13306:20673:5016#0/1	100.000	151	0	0	344	494	151	1	5.99e-73	279
NC_011593.1:c2598562-2597207	NB551033:91:H5W5HBGX7:3:23511:12343:17563#0/2	100.000	150	0	0	272	421	150	1	2.15e-72	278
NC_011593.1:c2598562-2597207	NB551033:91:H5W5HBGX7:2:11212:9142:15546#0/2	100.000	150	0	0	868	1017	1	150	2.15e-72	278
NC_011593.1:c2598562-2597207	NB551033:91:H5W5HBGX7:1:12210:22605:8762#0/2	100.000	150	0	0	201	350	1	150	2.15e-72	278
NC_011593.1:c2598562-2597207	NB551033:91:H5W5HBGX7:4:13503:15483:18194#0/1	100.000	150	0	0	301	450	1	150	2.15e-72	278
NC_011593.1:c2598562-2597207	NB551033:91:H5W5HBGX7:3:11606:23558:18033#0/1	100.000	150	0	0	1009	1158	150	1	2.15e-72	278
NC_011593.1:c2598562-2597207	NB551033:91:H5W5HBGX7:2:23207:9511:10538#0/1	100.000	150	0	0	888	1037	150	1	2.15e-72	278
NC_011593.1:c2598562-2597207	NB551033:91:H5W5HBGX7:2:13209:6385:10291#0/1	100.000	150	0	0	1203	1352	1	150	2.15e-72	278
NC_011593.1:c2598562-2597207	NB551033:91:H5W5HBGX7:1:23305:16737:1900#0/1	100.000	150	0	0	188	337	150	1	2.15e-72	278
NC_011593.1:c2598562-2597207	NB551033:91:H5W5HBGX7:2:11210:11488:5665#0/2	100.000	149	0	0	161	309	149	1	7.75e-72	276
NC_011593.1:c2598562-2597207	NB551033:91:H5W5HBGX7:4:23412:25449:13844#0/2	99.342	152	0	1	663	814	1	151	2.79e-71	274
NC_011593.1:c2598562-2597207	NB551033:91:H5W5HBGX7:2:12312:10751:10200#0/2	99.342	152	0	1	658	809	1	151	2.79e-71	274
NC_011593.1:c2598562-2597207	NB551033:91:H5W5HBGX7:3:22602:2421:3132#0/1	99.342	152	0	1	663	814	1	151	2.79e-71	274
NC_011593.1:c2598562-2597207	NB551033:91:H5W5HBGX7:2:22112:26637:5030#0/1	99.342	152	0	1	639	790	1	151	2.79e-71	274
NC_011593.1:c2598562-2597207	NB551033:91:H5W5HBGX7:2:22111:1129:5024#0/1	99.342	152	0	1	639	790	1	151	2.79e-71	274
NC_011593.1:c2598562-2597207	NB551033:91:H5W5HBGX7:1:23207:14553:3332#0/1	99.342	152	0	1	663	814	1	151	2.79e-71	274
NC_011593.1:c2598562-2597207	NB551033:91:H5W5HBGX7:1:11112:11117:9262#0/2	99.333	150	1	0	868	1017	1	150	1.00e-70	272
NC_011593.1:c2598562-2597207	NB551033:91:H5W5HBGX7:3:23511:12343:17563#0/1	100.000	147	0	0	153	299	1	147	1.00e-70	272
NC_011593.1:c2598562-2597207	NB551033:91:H5W5HBGX7:2:13103:3203:4525#0/1	99.329	149	1	0	1030	1178	1	149	3.60e-70	270
NC_011593.1:c2598562-2597207	NB551033:91:H5W5HBGX7:4:13503:15483:18194#0/2	98.675	151	2	0	564	714	151	1	1.30e-69	268
NC_011593.1:c2598562-2597207	NB551033:91:H5W5HBGX7:3:13502:2815:14725#0/2	98.684	152	1	1	607	758	1	151	1.30e-69	268
NC_011593.1:c2598562-2597207	NB551033:91:H5W5HBGX7:3:13502:2815:14725#0/1	98.684	152	1	1	621	772	151	1	1.30e-69	268
NC_011593.1:c2598562-2597207	NB551033:91:H5W5HBGX7:2:23207:9511:10538#0/2	98.667	150	2	0	786	935	1	150	4.66e-69	267
NC_011593.1:c2598562-2597207	NB551033:91:H5W5HBGX7:2:11201:24206:17275#0/2	100.000	144	0	0	966	1109	144	1	4.66e-69	267
NC_011593.1:c2598562-2597207	NB551033:91:H5W5HBGX7:1:23207:14553:3332#0/2	98.658	149	2	0	791	939	149	1	1.68e-68	265
NC_011593.1:c2598562-2597207	NB551033:91:H5W5HBGX7:1:21306:16506:15469#0/1	98.658	149	2	0	753	901	149	1	1.68e-68	265
NC_011593.1:c2598562-2597207	NB551033:91:H5W5HBGX7:4:22501:9978:11719#0/2	100.000	142	0	0	1215	1356	1	142	6.03e-68	263
NC_011593.1:c2598562-2597207	NB551033:91:H5W5HBGX7:2:22112:26637:5030#0/2	98.026	152	2	1	695	846	151	1	6.03e-68	263
NC_011593.1:c2598562-2597207	NB551033:91:H5W5HBGX7:1:21207:16282:11811#0/2	98.026	152	2	1	745	896	1	151	6.03e-68	263
NC_011593.1:c2598562-2597207	NB551033:91:H5W5HBGX7:4:23412:25449:13844#0/1	100.000	142	0	0	876	1017	142	1	6.03e-68	263
NC_011593.1:c2598562-2597207	NB551033:91:H5W5HBGX7:4:22511:10858:18329#0/1	98.026	152	2	1	741	892	151	1	6.03e-68	263
NC_011593.1:c2598562-2597207	NB551033:91:H5W5HBGX7:1:21306:16506:15469#0/2	98.000	150	3	0	479	628	1	150	2.17e-67	261
NC_011593.1:c2598562-2597207	NB551033:91:H5W5HBGX7:2:12312:10751:10200#0/1	99.296	142	1	0	896	1037	142	1	2.81e-66	257
NC_011593.1:c2598562-2597207	NB551033:91:H5W5HBGX7:4:22511:10858:18329#0/2	98.611	144	2	0	423	566	1	144	1.01e-65	255
NC_011593.1:c2598562-2597207	NB551033:91:H5W5HBGX7:2:22111:1129:5024#0/2	97.351	151	3	1	696	846	150	1	1.01e-65	255
NC_011593.1:c2598562-2597207	NB551033:91:H5W5HBGX7:1:13209:24656:19192#0/1	100.000	138	0	0	831	968	138	1	1.01e-65	255
NC_011593.1:c2598562-2597207	NB551033:91:H5W5HBGX7:3:22602:2421:3132#0/2	97.959	147	2	1	731	877	146	1	3.63e-65	254
NC_011593.1:c2598562-2597207	NB551033:91:H5W5HBGX7:2:11201:24206:17275#0/1	99.281	139	1	0	600	738	1	139	1.31e-64	252
NC_011593.1:c2598562-2597207	NB551033:91:H5W5HBGX7:1:22101:15355:4749#0/1	96.667	150	5	0	522	671	150	1	4.70e-64	250
NC_011593.1:c2598562-2597207	NB551033:91:H5W5HBGX7:1:13205:13029:7675#0/1	100.000	135	0	0	834	968	135	1	4.70e-64	250
NC_011593.1:c2598562-2597207	NB551033:91:H5W5HBGX7:2:13209:6385:10291#0/2	100.000	134	0	0	1223	1356	149	16	1.69e-63	248
NC_011593.1:c2598562-2597207	NB551033:91:H5W5HBGX7:2:11212:9142:15546#0/1	100.000	134	0	0	1050	1183	151	18	1.69e-63	248
NC_011593.1:c2598562-2597207	NB551033:91:H5W5HBGX7:1:23212:25009:11366#0/2	97.241	145	4	0	509	653	1	145	6.07e-63	246
NC_011593.1:c2598562-2597207	NB551033:91:H5W5HBGX7:1:23212:25009:11366#0/1	97.241	145	4	0	509	653	145	1	6.07e-63	246
NC_011593.1:c2598562-2597207	NB551033:91:H5W5HBGX7:1:11112:11117:9262#0/1	100.000	133	0	0	1051	1183	150	18	6.07e-63	246
NC_011593.1:c2598562-2597207	NB551033:91:H5W5HBGX7:3:23609:4463:11881#0/2	96.026	151	5	1	690	840	150	1	2.18e-62	244
NC_011593.1:c2598562-2597207	NB551033:91:H5W5HBGX7:3:12410:3402:10596#0/1	98.519	135	2	0	789	923	135	1	1.02e-60	239
NC_011593.1:c2598562-2597207	NB551033:91:H5W5HBGX7:1:21207:16282:11811#0/1	100.000	129	0	0	958	1086	129	1	1.02e-60	239
NC_011593.1:c2598562-2597207	NB551033:91:H5W5HBGX7:3:12410:3402:10596#0/2	98.507	134	2	0	789	922	1	134	3.66e-60	237
NC_011593.1:c2598562-2597207	NB551033:91:H5W5HBGX7:4:12406:19796:19971#0/2	100.000	127	0	0	1203	1329	127	1	1.31e-59	235
NC_011593.1:c2598562-2597207	NB551033:91:H5W5HBGX7:4:12406:19796:19971#0/1	100.000	127	0	0	1203	1329	1	127	1.31e-59	235
NC_011593.1:c2598562-2597207	NB551033:91:H5W5HBGX7:2:13103:3203:4525#0/2	100.000	126	0	0	1194	1319	126	1	4.73e-59	233
NC_011593.1:c2598562-2597207	NB551033:91:H5W5HBGX7:1:22310:21224:13423#0/2	97.778	135	3	0	440	574	135	1	4.73e-59	233
NC_011593.1:c2598562-2597207	NB551033:91:H5W5HBGX7:2:11310:10827:1804#0/2	100.000	124	0	0	138	261	27	150	6.12e-58	230
NC_011593.1:c2598562-2597207	NB551033:91:H5W5HBGX7:2:11310:10827:1804#0/1	100.000	124	0	0	138	261	124	1	6.12e-58	230
NC_011593.1:c2598562-2597207	NB551033:91:H5W5HBGX7:1:22310:21224:13423#0/1	100.000	124	0	0	138	261	27	150	6.12e-58	230
NC_011593.1:c2598562-2597207	NB551033:91:H5W5HBGX7:1:13205:13029:7675#0/2	100.000	118	0	0	301	418	1	118	1.32e-54	219
NC_011593.1:c2598562-2597207	NB551033:91:H5W5HBGX7:3:12605:20504:9580#0/1	96.241	133	5	0	511	643	133	1	1.32e-54	219
NC_011593.1:c2598562-2597207	NB551033:91:H5W5HBGX7:3:21602:16742:14837#0/2	96.850	127	4	0	533	659	1	127	6.16e-53	213
NC_011593.1:c2598562-2597207	NB551033:91:H5W5HBGX7:3:21602:16742:14837#0/2	100.000	32	0	0	717	748	151	120	8.49e-07	60.2
NC_011593.1:c2598562-2597207	NB551033:91:H5W5HBGX7:3:13612:17372:8885#0/2	99.145	117	1	0	608	724	117	1	2.22e-52	211
NC_011593.1:c2598562-2597207	NB551033:91:H5W5HBGX7:3:12505:26359:11866#0/1	100.000	114	0	0	199	312	114	1	2.22e-52	211
NC_011593.1:c2598562-2597207	NB551033:91:H5W5HBGX7:3:13612:17372:8885#0/1	99.138	116	1	0	608	723	1	116	7.97e-52	209
NC_011593.1:c2598562-2597207	NB551033:91:H5W5HBGX7:3:13504:7960:6894#0/2	99.138	116	0	1	645	760	1	115	2.87e-51	207
NC_011593.1:c2598562-2597207	NB551033:91:H5W5HBGX7:3:13504:7960:6894#0/1	99.138	116	0	1	645	760	115	1	2.87e-51	207
NC_011593.1:c2598562-2597207	NB551033:91:H5W5HBGX7:4:12404:12549:6782#0/2	100.000	111	0	0	1009	1119	111	1	1.03e-50	206
NC_011593.1:c2598562-2597207	NB551033:91:H5W5HBGX7:1:22101:15355:4749#0/2	100.000	111	0	0	138	248	40	150	1.03e-50	206
NC_011593.1:c2598562-2597207	NB551033:91:H5W5HBGX7:4:12404:12549:6782#0/1	100.000	111	0	0	1009	1119	1	111	1.03e-50	206
NC_011593.1:c2598562-2597207	NB551033:91:H5W5HBGX7:4:11601:7444:13433#0/2	97.414	116	2	1	716	831	115	1	6.21e-48	196
NC_011593.1:c2598562-2597207	NB551033:91:H5W5HBGX7:1:13209:24656:19192#0/2	96.610	118	4	0	547	664	1	118	6.21e-48	196
NC_011593.1:c2598562-2597207	NB551033:91:H5W5HBGX7:4:11601:7444:13433#0/1	97.414	116	2	1	716	831	1	115	6.21e-48	196
NC_011593.1:c2598562-2597207	NB551033:91:H5W5HBGX7:3:21602:16742:14837#0/1	96.610	118	4	0	542	659	151	34	6.21e-48	196
NC_011593.1:c2598562-2597207	NB551033:91:H5W5HBGX7:3:21602:16742:14837#0/1	100.000	41	0	0	708	748	1	41	8.43e-12	76.8
NC_011593.1:c2598562-2597207	NB551033:91:H5W5HBGX7:4:21506:14731:5050#0/1	100.000	105	0	0	138	242	105	1	2.23e-47	195
NC_011593.1:c2598562-2597207	NB551033:91:H5W5HBGX7:1:12210:22605:8762#0/1	99.083	109	0	1	693	801	108	1	2.23e-47	195
NC_011593.1:c2598562-2597207	NB551033:91:H5W5HBGX7:3:13612:6170:12132#0/1	99.057	106	1	0	316	421	106	1	2.89e-46	191
NC_011593.1:c2598562-2597207	NB551033:91:H5W5HBGX7:2:13310:5638:6630#0/1	97.087	103	3	0	472	574	103	1	2.91e-41	174
NC_011593.1:c2598562-2597207	NB551033:91:H5W5HBGX7:4:21506:14731:5050#0/2	100.000	90	0	0	138	227	60	149	4.87e-39	167
NC_011593.1:c2598562-2597207	NB551033:91:H5W5HBGX7:2:22201:10634:15172#0/2	100.000	87	0	0	1270	1356	1	87	2.26e-37	161
NC_011593.1:c2598562-2597207	NB551033:91:H5W5HBGX7:2:22201:10634:15172#0/1	100.000	87	0	0	1270	1356	138	52	2.26e-37	161
NC_011593.1:c2598562-2597207	NB551033:91:H5W5HBGX7:2:21308:15448:7295#0/1	96.875	96	3	0	477	572	96	1	2.26e-37	161
NC_011593.1:c2598562-2597207	NB551033:91:H5W5HBGX7:2:22303:17840:19029#0/2	98.876	89	1	0	597	685	89	1	8.14e-37	159
NC_011593.1:c2598562-2597207	NB551033:91:H5W5HBGX7:2:22303:17840:19029#0/1	98.876	89	1	0	597	685	1	89	8.14e-37	159
NC_011593.1:c2598562-2597207	NB551033:91:H5W5HBGX7:2:21202:7803:18706#0/1	100.000	85	0	0	960	1044	85	1	2.93e-36	158
NC_011593.1:c2598562-2597207	NB551033:91:H5W5HBGX7:2:21202:7803:18706#0/2	100.000	83	0	0	960	1042	1	83	3.79e-35	154
NC_011593.1:c2598562-2597207	NB551033:91:H5W5HBGX7:2:11201:14887:9484#0/1	100.000	82	0	0	1275	1356	1	82	1.36e-34	152
NC_011593.1:c2598562-2597207	NB551033:91:H5W5HBGX7:3:13612:6170:12132#0/2	98.684	76	1	0	216	291	1	76	1.37e-29	135
NC_011593.1:c2598562-2597207	NB551033:91:H5W5HBGX7:3:12611:8878:11593#0/2	100.000	70	0	0	138	207	70	1	6.38e-28	130
NC_011593.1:c2598562-2597207	NB551033:91:H5W5HBGX7:2:22204:11290:12672#0/2	98.592	71	0	1	387	456	1	71	2.97e-26	124
NC_011593.1:c2598562-2597207	NB551033:91:H5W5HBGX7:2:22204:11290:12672#0/2	100.000	39	0	0	461	499	93	55	1.09e-10	73.1
NC_011593.1:c2598562-2597207	NB551033:91:H5W5HBGX7:2:22204:11290:12672#0/1	98.592	71	0	1	387	456	93	23	2.97e-26	124
NC_011593.1:c2598562-2597207	NB551033:91:H5W5HBGX7:2:22204:11290:12672#0/1	100.000	39	0	0	461	499	1	39	1.09e-10	73.1
NC_011593.1:c2598562-2597207	NB551033:91:H5W5HBGX7:2:11210:11488:5665#0/1	100.000	65	0	0	138	202	87	151	3.84e-25	121
NC_011593.1:c2598562-2597207	NB551033:91:H5W5HBGX7:4:22407:4773:4718#0/1	100.000	61	0	0	1296	1356	1	61	6.43e-23	113
NC_011593.1:c2598562-2597207	NB551033:91:H5W5HBGX7:2:11201:14887:9484#0/2	100.000	56	0	0	1301	1356	150	95	3.87e-20	104
NC_011593.1:c2598562-2597207	NB551033:91:H5W5HBGX7:4:22601:15232:6348#0/2	100.000	47	0	0	138	184	47	1	3.90e-15	87.9
# BLASTN 2.9.0+
# Query: NC_011593.1:2598858-2601929 Bifidobacterium longum subsp. infantis ATCC 15697, complete genome
# Database: db/blast_C0633-1F-1A_S73.faa
# Fields: query acc.ver, subject acc.ver, % identity, alignment length, mismatches, gap opens, q. start, q. end, s. start, s. end, evalue, bit score
# 207 hits found
NC_011593.1:2598858-2601929	NB551033:91:H5W5HBGX7:3:13405:21346:16474#0/2	100.000	151	0	0	1716	1866	151	1	1.36e-72	279
NC_011593.1:2598858-2601929	NB551033:91:H5W5HBGX7:3:22510:24203:15645#0/1	100.000	151	0	0	973	1123	151	1	1.36e-72	279
NC_011593.1:2598858-2601929	NB551033:91:H5W5HBGX7:3:13605:8098:16960#0/1	100.000	151	0	0	1172	1322	1	151	1.36e-72	279
NC_011593.1:2598858-2601929	NB551033:91:H5W5HBGX7:2:21104:5946:10892#0/1	100.000	151	0	0	1617	1767	151	1	1.36e-72	279
NC_011593.1:2598858-2601929	NB551033:91:H5W5HBGX7:4:23402:21925:5398#0/2	100.000	150	0	0	1623	1772	1	150	4.89e-72	278
NC_011593.1:2598858-2601929	NB551033:91:H5W5HBGX7:4:13501:4226:12886#0/2	100.000	150	0	0	1190	1339	1	150	4.89e-72	278
NC_011593.1:2598858-2601929	NB551033:91:H5W5HBGX7:3:12407:21254:4771#0/2	100.000	150	0	0	1629	1778	1	150	4.89e-72	278
NC_011593.1:2598858-2601929	NB551033:91:H5W5HBGX7:1:13111:8093:11435#0/2	100.000	150	0	0	966	1115	150	1	4.89e-72	278
NC_011593.1:2598858-2601929	NB551033:91:H5W5HBGX7:4:23601:7420:18949#0/1	100.000	150	0	0	1572	1721	150	1	4.89e-72	278
NC_011593.1:2598858-2601929	NB551033:91:H5W5HBGX7:4:12607:6932:17266#0/1	100.000	150	0	0	1965	2114	150	1	4.89e-72	278
NC_011593.1:2598858-2601929	NB551033:91:H5W5HBGX7:3:11602:16480:15412#0/1	100.000	150	0	0	1649	1798	1	150	4.89e-72	278
NC_011593.1:2598858-2601929	NB551033:91:H5W5HBGX7:2:23112:16956:15393#0/1	100.000	150	0	0	974	1123	150	1	4.89e-72	278
NC_011593.1:2598858-2601929	NB551033:91:H5W5HBGX7:2:21311:8265:10327#0/1	100.000	150	0	0	1585	1734	150	1	4.89e-72	278
NC_011593.1:2598858-2601929	NB551033:91:H5W5HBGX7:4:23409:7872:13565#0/2	100.000	149	0	0	1920	2068	1	149	1.76e-71	276
NC_011593.1:2598858-2601929	NB551033:91:H5W5HBGX7:3:13405:21346:16474#0/1	100.000	149	0	0	1617	1765	1	149	1.76e-71	276
NC_011593.1:2598858-2601929	NB551033:91:H5W5HBGX7:4:23601:7420:18949#0/2	99.338	151	1	0	1537	1687	1	151	6.33e-71	274
NC_011593.1:2598858-2601929	NB551033:91:H5W5HBGX7:4:22409:2140:8170#0/2	99.338	151	1	0	2219	2369	151	1	6.33e-71	274
NC_011593.1:2598858-2601929	NB551033:91:H5W5HBGX7:4:13506:22293:1302#0/2	99.338	151	1	0	1102	1252	1	151	6.33e-71	274
NC_011593.1:2598858-2601929	NB551033:91:H5W5HBGX7:3:23608:23473:5462#0/2	99.338	151	1	0	614	764	1	151	6.33e-71	274
NC_011593.1:2598858-2601929	NB551033:91:H5W5HBGX7:2:23112:16956:15393#0/2	99.338	151	1	0	691	841	1	151	6.33e-71	274
NC_011593.1:2598858-2601929	NB551033:91:H5W5HBGX7:2:22110:8431:3824#0/2	99.338	151	1	0	349	499	1	151	6.33e-71	274
NC_011593.1:2598858-2601929	NB551033:91:H5W5HBGX7:2:11109:20948:13502#0/2	99.338	151	1	0	657	807	151	1	6.33e-71	274
NC_011593.1:2598858-2601929	NB551033:91:H5W5HBGX7:1:22304:11513:13876#0/2	99.338	151	1	0	1102	1252	1	151	6.33e-71	274
NC_011593.1:2598858-2601929	NB551033:91:H5W5HBGX7:4:22410:11640:1789#0/1	99.338	151	1	0	973	1123	151	1	6.33e-71	274
NC_011593.1:2598858-2601929	NB551033:91:H5W5HBGX7:3:23608:23473:5462#0/1	99.338	151	1	0	674	824	151	1	6.33e-71	274
NC_011593.1:2598858-2601929	NB551033:91:H5W5HBGX7:3:23607:12960:11420#0/1	99.338	151	1	0	252	402	151	1	6.33e-71	274
NC_011593.1:2598858-2601929	NB551033:91:H5W5HBGX7:3:12409:5325:19875#0/1	99.338	151	1	0	1047	1197	1	151	6.33e-71	274
NC_011593.1:2598858-2601929	NB551033:91:H5W5HBGX7:3:11607:16864:1400#0/1	99.338	151	1	0	114	264	1	151	6.33e-71	274
NC_011593.1:2598858-2601929	NB551033:91:H5W5HBGX7:2:23312:15290:4926#0/1	99.338	151	1	0	330	480	151	1	6.33e-71	274
NC_011593.1:2598858-2601929	NB551033:91:H5W5HBGX7:1:22304:11513:13876#0/1	99.338	151	1	0	1220	1370	151	1	6.33e-71	274
NC_011593.1:2598858-2601929	NB551033:91:H5W5HBGX7:1:22104:24169:1878#0/1	99.338	151	1	0	657	807	151	1	6.33e-71	274
NC_011593.1:2598858-2601929	NB551033:91:H5W5HBGX7:4:22410:11640:1789#0/2	99.333	150	1	0	926	1075	1	150	2.28e-70	272
NC_011593.1:2598858-2601929	NB551033:91:H5W5HBGX7:3:23606:11099:15713#0/2	99.333	150	1	0	1035	1184	150	1	2.28e-70	272
NC_011593.1:2598858-2601929	NB551033:91:H5W5HBGX7:3:23509:11385:10054#0/2	99.333	150	1	0	1719	1868	150	1	2.28e-70	272
NC_011593.1:2598858-2601929	NB551033:91:H5W5HBGX7:3:22506:9389:15169#0/2	99.333	150	1	0	1887	2036	150	1	2.28e-70	272
NC_011593.1:2598858-2601929	NB551033:91:H5W5HBGX7:3:22503:16937:9314#0/2	99.333	150	1	0	1108	1257	150	1	2.28e-70	272
NC_011593.1:2598858-2601929	NB551033:91:H5W5HBGX7:3:13606:6873:17949#0/2	99.333	150	1	0	580	729	150	1	2.28e-70	272
NC_011593.1:2598858-2601929	NB551033:91:H5W5HBGX7:4:23409:7872:13565#0/1	99.333	150	1	0	2222	2371	150	1	2.28e-70	272
NC_011593.1:2598858-2601929	NB551033:91:H5W5HBGX7:4:22409:2140:8170#0/1	99.333	150	1	0	1872	2021	1	150	2.28e-70	272
NC_011593.1:2598858-2601929	NB551033:91:H5W5HBGX7:4:12504:4235:11069#0/1	100.000	147	0	0	1640	1786	1	147	2.28e-70	272
NC_011593.1:2598858-2601929	NB551033:91:H5W5HBGX7:3:23510:23481:7226#0/1	99.333	150	1	0	661	810	150	1	2.28e-70	272
NC_011593.1:2598858-2601929	NB551033:91:H5W5HBGX7:3:12407:21254:4771#0/1	99.333	150	1	0	1773	1922	150	1	2.28e-70	272
NC_011593.1:2598858-2601929	NB551033:91:H5W5HBGX7:2:11111:5903:17159#0/1	99.333	150	1	0	1092	1241	1	150	2.28e-70	272
NC_011593.1:2598858-2601929	NB551033:91:H5W5HBGX7:4:21601:15236:17055#0/2	99.329	149	1	0	1047	1195	1	149	8.18e-70	270
NC_011593.1:2598858-2601929	NB551033:91:H5W5HBGX7:4:12607:6932:17266#0/2	99.329	149	1	0	1807	1955	1	149	8.18e-70	270
NC_011593.1:2598858-2601929	NB551033:91:H5W5HBGX7:3:23503:10700:3207#0/2	99.329	149	1	0	171	319	149	1	8.18e-70	270
NC_011593.1:2598858-2601929	NB551033:91:H5W5HBGX7:2:23312:15290:4926#0/2	99.329	149	1	0	137	285	1	149	8.18e-70	270
NC_011593.1:2598858-2601929	NB551033:91:H5W5HBGX7:3:23503:10700:3207#0/1	99.329	149	1	0	137	285	1	149	8.18e-70	270
NC_011593.1:2598858-2601929	NB551033:91:H5W5HBGX7:3:12510:9014:6305#0/1	100.000	146	0	0	1708	1853	1	146	8.18e-70	270
NC_011593.1:2598858-2601929	NB551033:91:H5W5HBGX7:1:21211:7269:18394#0/1	100.000	146	0	0	1580	1725	146	1	8.18e-70	270
NC_011593.1:2598858-2601929	NB551033:91:H5W5HBGX7:4:21405:15545:3923#0/2	98.675	151	2	0	128	278	151	1	2.94e-69	268
NC_011593.1:2598858-2601929	NB551033:91:H5W5HBGX7:3:13605:8098:16960#0/2	98.675	151	2	0	1376	1526	151	1	2.94e-69	268
NC_011593.1:2598858-2601929	NB551033:91:H5W5HBGX7:1:21211:7269:18394#0/2	100.000	145	0	0	1580	1724	1	145	2.94e-69	268
NC_011593.1:2598858-2601929	NB551033:91:H5W5HBGX7:4:13506:22293:1302#0/1	98.675	151	2	0	1283	1433	151	1	2.94e-69	268
NC_011593.1:2598858-2601929	NB551033:91:H5W5HBGX7:4:12512:12699:13196#0/1	98.675	151	2	0	2868	3018	151	1	2.94e-69	268
NC_011593.1:2598858-2601929	NB551033:91:H5W5HBGX7:4:12512:12699:13196#0/2	98.667	150	2	0	2539	2688	1	150	1.06e-68	267
NC_011593.1:2598858-2601929	NB551033:91:H5W5HBGX7:3:23607:12960:11420#0/2	98.667	150	2	0	77	226	1	150	1.06e-68	267
NC_011593.1:2598858-2601929	NB551033:91:H5W5HBGX7:3:13601:7490:4299#0/2	98.667	150	2	0	2278	2427	1	150	1.06e-68	267
NC_011593.1:2598858-2601929	NB551033:91:H5W5HBGX7:4:21601:15236:17055#0/1	98.667	150	2	0	1328	1477	150	1	1.06e-68	267
NC_011593.1:2598858-2601929	NB551033:91:H5W5HBGX7:3:22503:16937:9314#0/1	98.667	150	2	0	917	1066	1	150	1.06e-68	267
NC_011593.1:2598858-2601929	NB551033:91:H5W5HBGX7:3:12503:9314:20289#0/1	98.667	150	2	0	2788	2937	1	150	1.06e-68	267
NC_011593.1:2598858-2601929	NB551033:91:H5W5HBGX7:2:11208:25567:14939#0/1	98.667	150	2	0	1480	1629	150	1	1.06e-68	267
NC_011593.1:2598858-2601929	NB551033:91:H5W5HBGX7:1:22105:13768:13920#0/1	98.667	150	2	0	2006	2155	150	1	1.06e-68	267
NC_011593.1:2598858-2601929	NB551033:91:H5W5HBGX7:1:21208:22151:13955#0/1	98.667	150	2	0	1824	1973	1	150	1.06e-68	267
NC_011593.1:2598858-2601929	NB551033:91:H5W5HBGX7:1:13111:8093:11435#0/1	98.667	150	2	0	742	891	1	150	1.06e-68	267
NC_011593.1:2598858-2601929	NB551033:91:H5W5HBGX7:3:12409:5325:19875#0/2	99.315	146	1	0	1128	1273	146	1	3.81e-68	265
NC_011593.1:2598858-2601929	NB551033:91:H5W5HBGX7:2:21311:8265:10327#0/2	98.658	149	2	0	1503	1651	1	149	3.81e-68	265
NC_011593.1:2598858-2601929	NB551033:91:H5W5HBGX7:2:12310:8134:2009#0/2	98.658	149	2	0	1537	1685	149	1	3.81e-68	265
NC_011593.1:2598858-2601929	NB551033:91:H5W5HBGX7:4:12510:16995:3980#0/1	98.658	149	2	0	1767	1915	1	149	3.81e-68	265
NC_011593.1:2598858-2601929	NB551033:91:H5W5HBGX7:3:11511:19934:16312#0/1	98.658	149	2	0	2790	2938	1	149	3.81e-68	265
NC_011593.1:2598858-2601929	NB551033:91:H5W5HBGX7:4:12608:6847:13559#0/2	98.013	151	3	0	311	461	1	151	1.37e-67	263
NC_011593.1:2598858-2601929	NB551033:91:H5W5HBGX7:2:23311:14606:15579#0/2	98.013	151	3	0	2427	2577	151	1	1.37e-67	263
NC_011593.1:2598858-2601929	NB551033:91:H5W5HBGX7:1:11207:1438:3414#0/2	98.013	151	3	0	2305	2455	151	1	1.37e-67	263
NC_011593.1:2598858-2601929	NB551033:91:H5W5HBGX7:4:13501:4226:12886#0/1	98.013	151	3	0	1357	1507	151	1	1.37e-67	263
NC_011593.1:2598858-2601929	NB551033:91:H5W5HBGX7:3:22506:9389:15169#0/1	99.310	145	1	0	1767	1911	1	145	1.37e-67	263
NC_011593.1:2598858-2601929	NB551033:91:H5W5HBGX7:3:13601:7490:4299#0/1	98.013	151	3	0	2387	2537	151	1	1.37e-67	263
NC_011593.1:2598858-2601929	NB551033:91:H5W5HBGX7:3:13512:16977:16022#0/1	98.013	151	3	0	1251	1401	151	1	1.37e-67	263
NC_011593.1:2598858-2601929	NB551033:91:H5W5HBGX7:2:23311:14606:15579#0/1	98.649	148	2	0	1873	2020	1	148	1.37e-67	263
NC_011593.1:2598858-2601929	NB551033:91:H5W5HBGX7:2:11309:2240:10181#0/1	98.013	151	3	0	2312	2462	1	151	1.37e-67	263
NC_011593.1:2598858-2601929	NB551033:91:H5W5HBGX7:2:11205:22476:13689#0/1	98.649	148	2	0	1388	1535	1	148	1.37e-67	263
NC_011593.1:2598858-2601929	NB551033:91:H5W5HBGX7:3:11602:16480:15412#0/2	98.000	150	3	0	2331	2480	150	1	4.93e-67	261
NC_011593.1:2598858-2601929	NB551033:91:H5W5HBGX7:2:11205:22476:13689#0/2	98.000	150	3	0	1426	1575	150	1	4.93e-67	261
NC_011593.1:2598858-2601929	NB551033:91:H5W5HBGX7:4:22604:5847:2577#0/1	98.000	150	3	0	2386	2535	150	1	4.93e-67	261
NC_011593.1:2598858-2601929	NB551033:91:H5W5HBGX7:4:22502:6390:10625#0/1	98.639	147	2	0	2829	2975	1	147	4.93e-67	261
NC_011593.1:2598858-2601929	NB551033:91:H5W5HBGX7:2:12310:8134:2009#0/1	98.000	150	3	0	1532	1681	1	150	4.93e-67	261
NC_011593.1:2598858-2601929	NB551033:91:H5W5HBGX7:4:23411:25982:3221#0/2	99.301	143	1	0	697	839	143	1	1.77e-66	259
NC_011593.1:2598858-2601929	NB551033:91:H5W5HBGX7:3:12503:9314:20289#0/2	98.630	146	2	0	2911	3056	148	3	1.77e-66	259
NC_011593.1:2598858-2601929	NB551033:91:H5W5HBGX7:3:12510:3209:10729#0/1	97.987	149	3	0	2295	2443	149	1	1.77e-66	259
NC_011593.1:2598858-2601929	NB551033:91:H5W5HBGX7:4:22604:5847:2577#0/2	97.973	148	3	0	2030	2177	1	148	6.37e-66	257
NC_011593.1:2598858-2601929	NB551033:91:H5W5HBGX7:4:11504:24439:12745#0/1	97.351	151	4	0	2346	2496	151	1	6.37e-66	257
NC_011593.1:2598858-2601929	NB551033:91:H5W5HBGX7:4:11504:24439:12745#0/2	97.333	150	4	0	2157	2306	1	150	2.29e-65	255
NC_011593.1:2598858-2601929	NB551033:91:H5W5HBGX7:3:23510:23481:7226#0/2	97.959	147	3	0	553	699	4	150	2.29e-65	255
NC_011593.1:2598858-2601929	NB551033:91:H5W5HBGX7:3:12508:24924:14919#0/2	97.333	150	4	0	2677	2826	1	150	2.29e-65	255
NC_011593.1:2598858-2601929	NB551033:91:H5W5HBGX7:2:22309:9755:13868#0/2	99.291	141	1	0	1	141	141	1	2.29e-65	255
NC_011593.1:2598858-2601929	NB551033:91:H5W5HBGX7:2:12202:9076:5059#0/2	97.959	147	3	0	2341	2487	147	1	2.29e-65	255
NC_011593.1:2598858-2601929	NB551033:91:H5W5HBGX7:2:21304:9485:4533#0/1	97.959	147	3	0	2829	2975	1	147	2.29e-65	255
NC_011593.1:2598858-2601929	NB551033:91:H5W5HBGX7:2:12202:9076:5059#0/1	97.959	147	3	0	2341	2487	1	147	2.29e-65	255
NC_011593.1:2598858-2601929	NB551033:91:H5W5HBGX7:1:11303:2282:3794#0/1	99.291	141	1	0	288	428	141	1	2.29e-65	255
NC_011593.1:2598858-2601929	NB551033:91:H5W5HBGX7:2:11309:2240:10181#0/2	97.315	149	4	0	2551	2699	150	2	8.24e-65	254
NC_011593.1:2598858-2601929	NB551033:91:H5W5HBGX7:4:21402:19974:2824#0/1	97.315	149	4	0	866	1014	2	150	8.24e-65	254
NC_011593.1:2598858-2601929	NB551033:91:H5W5HBGX7:1:11312:6057:3162#0/1	97.315	149	4	0	393	541	1	149	8.24e-65	254
NC_011593.1:2598858-2601929	NB551033:91:H5W5HBGX7:3:12510:3209:10729#0/2	97.297	148	4	0	2295	2442	1	148	2.96e-64	252
NC_011593.1:2598858-2601929	NB551033:91:H5W5HBGX7:2:21307:23889:18028#0/2	96.689	151	5	0	477	627	1	151	2.96e-64	252
NC_011593.1:2598858-2601929	NB551033:91:H5W5HBGX7:4:12608:6847:13559#0/1	96.689	151	5	0	835	985	151	1	2.96e-64	252
NC_011593.1:2598858-2601929	NB551033:91:H5W5HBGX7:3:23606:11099:15713#0/1	96.689	151	5	0	845	995	1	151	2.96e-64	252
NC_011593.1:2598858-2601929	NB551033:91:H5W5HBGX7:3:13606:6873:17949#0/1	96.689	151	5	0	477	627	1	151	2.96e-64	252
NC_011593.1:2598858-2601929	NB551033:91:H5W5HBGX7:4:22603:7133:7162#0/2	96.667	150	5	0	453	602	1	150	1.07e-63	250
NC_011593.1:2598858-2601929	NB551033:91:H5W5HBGX7:1:22104:24169:1878#0/2	96.667	150	5	0	475	624	1	150	1.07e-63	250
NC_011593.1:2598858-2601929	NB551033:91:H5W5HBGX7:4:23411:25982:3221#0/1	96.667	150	5	0	521	670	1	150	1.07e-63	250
NC_011593.1:2598858-2601929	NB551033:91:H5W5HBGX7:4:13506:2544:4749#0/1	98.582	141	2	0	2883	3023	141	1	1.07e-63	250
NC_011593.1:2598858-2601929	NB551033:91:H5W5HBGX7:3:12510:19164:19517#0/1	96.667	150	5	0	882	1031	150	1	1.07e-63	250
NC_011593.1:2598858-2601929	NB551033:91:H5W5HBGX7:2:11109:20948:13502#0/1	96.667	150	5	0	475	624	1	150	1.07e-63	250
NC_011593.1:2598858-2601929	NB551033:91:H5W5HBGX7:1:13103:9093:10786#0/1	96.667	150	5	0	466	615	150	1	1.07e-63	250
NC_011593.1:2598858-2601929	NB551033:91:H5W5HBGX7:4:13506:2544:4749#0/2	98.571	140	2	0	2883	3022	1	140	3.83e-63	248
NC_011593.1:2598858-2601929	NB551033:91:H5W5HBGX7:1:13103:9093:10786#0/2	96.644	149	5	0	460	608	1	149	3.83e-63	248
NC_011593.1:2598858-2601929	NB551033:91:H5W5HBGX7:4:23402:21925:5398#0/1	100.000	134	0	0	1687	1820	134	1	3.83e-63	248
NC_011593.1:2598858-2601929	NB551033:91:H5W5HBGX7:1:13108:2637:7650#0/2	98.561	139	2	0	2268	2406	1	139	1.38e-62	246
NC_011593.1:2598858-2601929	NB551033:91:H5W5HBGX7:1:11312:6057:3162#0/2	96.026	151	6	0	495	645	151	1	1.38e-62	246
NC_011593.1:2598858-2601929	NB551033:91:H5W5HBGX7:2:12307:24379:1291#0/1	96.026	151	6	0	2112	2262	1	151	1.38e-62	246
NC_011593.1:2598858-2601929	NB551033:91:H5W5HBGX7:1:13108:2637:7650#0/1	98.561	139	2	0	2268	2406	139	1	1.38e-62	246
NC_011593.1:2598858-2601929	NB551033:91:H5W5HBGX7:1:11207:1438:3414#0/1	97.241	145	4	0	2283	2427	1	145	1.38e-62	246
NC_011593.1:2598858-2601929	NB551033:91:H5W5HBGX7:4:13411:20968:14282#0/2	96.000	150	6	0	765	914	1	150	4.96e-62	244
NC_011593.1:2598858-2601929	NB551033:91:H5W5HBGX7:3:22510:24203:15645#0/2	96.000	150	6	0	511	660	1	150	4.96e-62	244
NC_011593.1:2598858-2601929	NB551033:91:H5W5HBGX7:3:12510:19164:19517#0/2	96.000	150	6	0	816	965	1	150	4.96e-62	244
NC_011593.1:2598858-2601929	NB551033:91:H5W5HBGX7:4:22603:7133:7162#0/1	96.000	150	6	0	505	654	150	1	4.96e-62	244
NC_011593.1:2598858-2601929	NB551033:91:H5W5HBGX7:1:21105:10372:2803#0/2	97.183	142	4	0	885	1026	1	142	6.42e-61	241
NC_011593.1:2598858-2601929	NB551033:91:H5W5HBGX7:1:21105:10372:2803#0/1	97.183	142	4	0	885	1026	142	1	6.42e-61	241
NC_011593.1:2598858-2601929	NB551033:91:H5W5HBGX7:3:22511:20210:3363#0/2	97.826	138	3	0	1437	1574	138	1	2.31e-60	239
NC_011593.1:2598858-2601929	NB551033:91:H5W5HBGX7:3:11511:19934:16312#0/2	97.826	138	3	0	2935	3072	150	13	2.31e-60	239
NC_011593.1:2598858-2601929	NB551033:91:H5W5HBGX7:3:22511:20210:3363#0/1	97.826	138	3	0	1437	1574	1	138	2.31e-60	239
NC_011593.1:2598858-2601929	NB551033:91:H5W5HBGX7:2:21307:23889:18028#0/1	99.242	132	1	0	693	824	132	1	2.31e-60	239
NC_011593.1:2598858-2601929	NB551033:91:H5W5HBGX7:3:11607:16864:1400#0/2	99.237	131	1	0	280	410	131	1	8.30e-60	237
NC_011593.1:2598858-2601929	NB551033:91:H5W5HBGX7:2:22110:8431:3824#0/1	96.503	143	5	0	456	598	143	1	8.30e-60	237
NC_011593.1:2598858-2601929	NB551033:91:H5W5HBGX7:4:12504:4235:11069#0/2	97.778	135	3	0	2034	2168	135	1	1.07e-58	233
NC_011593.1:2598858-2601929	NB551033:91:H5W5HBGX7:4:13411:20968:14282#0/1	98.485	132	2	0	931	1062	132	1	1.07e-58	233
NC_011593.1:2598858-2601929	NB551033:91:H5W5HBGX7:4:21412:24539:1563#0/2	95.804	143	6	0	480	622	143	1	3.86e-58	231
NC_011593.1:2598858-2601929	NB551033:91:H5W5HBGX7:3:13512:16977:16022#0/2	99.213	127	1	0	1107	1233	1	127	1.39e-57	230
NC_011593.1:2598858-2601929	NB551033:91:H5W5HBGX7:3:23509:11385:10054#0/1	100.000	124	0	0	1613	1736	1	124	1.39e-57	230
NC_011593.1:2598858-2601929	NB551033:91:H5W5HBGX7:3:13501:8861:9850#0/2	98.450	129	2	0	1520	1648	129	1	5.00e-57	228
NC_011593.1:2598858-2601929	NB551033:91:H5W5HBGX7:2:12307:24379:1291#0/2	97.710	131	3	0	2815	2945	131	1	1.80e-56	226
NC_011593.1:2598858-2601929	NB551033:91:H5W5HBGX7:4:21502:5525:10768#0/1	99.187	123	1	0	25	147	123	1	2.32e-55	222
NC_011593.1:2598858-2601929	NB551033:91:H5W5HBGX7:3:13501:8861:9850#0/1	97.674	129	3	0	1477	1605	1	129	2.32e-55	222
NC_011593.1:2598858-2601929	NB551033:91:H5W5HBGX7:2:11111:5903:17159#0/2	98.400	125	2	0	1376	1500	125	1	8.36e-55	220
NC_011593.1:2598858-2601929	NB551033:91:H5W5HBGX7:4:12408:5573:7666#0/1	100.000	119	0	0	966	1084	1	119	8.36e-55	220
NC_011593.1:2598858-2601929	NB551033:91:H5W5HBGX7:3:22405:22444:20243#0/2	97.619	126	3	0	2402	2527	126	1	1.08e-53	217
NC_011593.1:2598858-2601929	NB551033:91:H5W5HBGX7:3:22405:22444:20243#0/1	97.619	126	3	0	2402	2527	1	126	1.08e-53	217
NC_011593.1:2598858-2601929	NB551033:91:H5W5HBGX7:2:22107:1455:15299#0/1	99.167	120	1	0	302	421	1	120	1.08e-53	217
NC_011593.1:2598858-2601929	NB551033:91:H5W5HBGX7:1:11303:2282:3794#0/2	96.183	131	5	0	100	230	1	131	3.89e-53	215
NC_011593.1:2598858-2601929	NB551033:91:H5W5HBGX7:4:12401:16590:1888#0/2	96.063	127	5	0	529	655	127	1	6.51e-51	207
NC_011593.1:2598858-2601929	NB551033:91:H5W5HBGX7:2:11208:25567:14939#0/2	99.130	115	1	0	1280	1394	1	115	6.51e-51	207
NC_011593.1:2598858-2601929	NB551033:91:H5W5HBGX7:1:21208:22151:13955#0/2	97.521	121	3	0	2322	2442	121	1	6.51e-51	207
NC_011593.1:2598858-2601929	NB551033:91:H5W5HBGX7:4:12401:16590:1888#0/1	96.063	127	5	0	529	655	1	127	6.51e-51	207
NC_011593.1:2598858-2601929	NB551033:91:H5W5HBGX7:1:22208:13026:4332#0/1	98.305	118	2	0	1633	1750	118	1	6.51e-51	207
NC_011593.1:2598858-2601929	NB551033:91:H5W5HBGX7:1:22105:13768:13920#0/2	100.000	111	0	0	1584	1694	1	111	2.34e-50	206
NC_011593.1:2598858-2601929	NB551033:91:H5W5HBGX7:4:21411:7931:15803#0/2	100.000	110	0	0	1989	2098	110	1	8.42e-50	204
NC_011593.1:2598858-2601929	NB551033:91:H5W5HBGX7:4:21411:7931:15803#0/1	100.000	110	0	0	1989	2098	1	110	8.42e-50	204
NC_011593.1:2598858-2601929	NB551033:91:H5W5HBGX7:4:12411:16416:19941#0/1	99.107	112	1	0	38	149	112	1	3.03e-49	202
NC_011593.1:2598858-2601929	NB551033:91:H5W5HBGX7:4:22502:6390:10625#0/2	97.436	117	3	0	2956	3072	151	35	1.09e-48	200
NC_011593.1:2598858-2601929	NB551033:91:H5W5HBGX7:2:21304:9485:4533#0/2	97.436	117	3	0	2956	3072	151	35	1.09e-48	200
NC_011593.1:2598858-2601929	NB551033:91:H5W5HBGX7:2:21104:5946:10892#0/2	99.083	109	1	0	1172	1280	1	109	1.41e-47	196
NC_011593.1:2598858-2601929	NB551033:91:H5W5HBGX7:4:21402:19974:2824#0/2	99.074	108	1	0	1047	1154	108	1	5.07e-47	195
NC_011593.1:2598858-2601929	NB551033:91:H5W5HBGX7:3:22510:21530:14134#0/2	100.000	105	0	0	1	105	105	1	5.07e-47	195
NC_011593.1:2598858-2601929	NB551033:91:H5W5HBGX7:4:12408:5573:7666#0/2	97.368	114	2	1	1387	1500	113	1	1.82e-46	193
NC_011593.1:2598858-2601929	NB551033:91:H5W5HBGX7:4:12409:5753:4813#0/2	100.000	102	0	0	1794	1895	1	102	2.36e-45	189
NC_011593.1:2598858-2601929	NB551033:91:H5W5HBGX7:4:12409:5753:4813#0/1	100.000	102	0	0	1794	1895	103	2	2.36e-45	189
NC_011593.1:2598858-2601929	NB551033:91:H5W5HBGX7:4:21610:7400:11536#0/2	95.614	114	5	0	474	587	1	114	1.10e-43	183
NC_011593.1:2598858-2601929	NB551033:91:H5W5HBGX7:2:12301:13819:17290#0/1	100.000	99	0	0	1	99	99	1	1.10e-43	183
NC_011593.1:2598858-2601929	NB551033:91:H5W5HBGX7:4:12608:20473:3426#0/2	99.000	100	1	0	765	864	1	100	1.42e-42	180
NC_011593.1:2598858-2601929	NB551033:91:H5W5HBGX7:1:13110:14136:9390#0/2	97.170	106	3	0	2967	3072	129	24	1.42e-42	180
NC_011593.1:2598858-2601929	NB551033:91:H5W5HBGX7:1:13110:14136:9390#0/1	97.170	106	3	0	2967	3072	1	106	1.42e-42	180
NC_011593.1:2598858-2601929	NB551033:91:H5W5HBGX7:4:12608:20473:3426#0/1	98.990	99	1	0	766	864	101	3	5.10e-42	178
NC_011593.1:2598858-2601929	NB551033:91:H5W5HBGX7:1:21310:20874:8150#0/2	98.969	97	1	0	2263	2359	97	1	6.60e-41	174
NC_011593.1:2598858-2601929	NB551033:91:H5W5HBGX7:1:21310:20874:8150#0/1	98.969	97	1	0	2263	2359	1	97	6.60e-41	174
NC_011593.1:2598858-2601929	NB551033:91:H5W5HBGX7:2:13304:1512:13758#0/2	98.958	96	1	0	252	347	1	96	2.37e-40	172
NC_011593.1:2598858-2601929	NB551033:91:H5W5HBGX7:1:22208:13026:4332#0/2	97.030	101	3	0	1378	1478	1	101	8.54e-40	171
NC_011593.1:2598858-2601929	NB551033:91:H5W5HBGX7:4:12510:16995:3980#0/2	100.000	90	0	0	1947	2036	90	1	1.10e-38	167
NC_011593.1:2598858-2601929	NB551033:91:H5W5HBGX7:1:13102:4514:18104#0/2	100.000	90	0	0	1	90	90	1	1.10e-38	167
NC_011593.1:2598858-2601929	NB551033:91:H5W5HBGX7:4:23506:20315:13628#0/1	98.925	93	1	0	2775	2867	1	93	1.10e-38	167
NC_011593.1:2598858-2601929	NB551033:91:H5W5HBGX7:4:11407:10719:12833#0/2	100.000	89	0	0	1	89	89	1	3.97e-38	165
NC_011593.1:2598858-2601929	NB551033:91:H5W5HBGX7:3:22510:21530:14134#0/1	100.000	89	0	0	1	89	62	150	3.97e-38	165
NC_011593.1:2598858-2601929	NB551033:91:H5W5HBGX7:3:22606:22419:3692#0/2	98.901	91	1	0	2457	2547	1	91	1.43e-37	163
NC_011593.1:2598858-2601929	NB551033:91:H5W5HBGX7:4:21412:24539:1563#0/1	100.000	88	0	0	1	88	46	133	1.43e-37	163
NC_011593.1:2598858-2601929	NB551033:91:H5W5HBGX7:4:12501:17917:10710#0/1	100.000	88	0	0	2272	2359	88	1	1.43e-37	163
NC_011593.1:2598858-2601929	NB551033:91:H5W5HBGX7:3:22606:22419:3692#0/1	98.901	91	1	0	2457	2547	91	1	1.43e-37	163
NC_011593.1:2598858-2601929	NB551033:91:H5W5HBGX7:4:22603:17403:4735#0/2	98.876	89	1	0	1	89	89	1	1.85e-36	159
NC_011593.1:2598858-2601929	NB551033:91:H5W5HBGX7:3:12510:9014:6305#0/2	98.864	88	1	0	2200	2287	88	1	6.65e-36	158
NC_011593.1:2598858-2601929	NB551033:91:H5W5HBGX7:3:11405:24469:14144#0/2	100.000	85	0	0	1	85	85	1	6.65e-36	158
NC_011593.1:2598858-2601929	NB551033:91:H5W5HBGX7:4:21502:5525:10768#0/2	100.000	83	0	0	1	83	68	150	8.60e-35	154
NC_011593.1:2598858-2601929	NB551033:91:H5W5HBGX7:3:23509:8744:3990#0/2	100.000	83	0	0	1018	1100	1	83	8.60e-35	154
NC_011593.1:2598858-2601929	NB551033:91:H5W5HBGX7:3:23509:8744:3990#0/1	100.000	83	0	0	1018	1100	83	1	8.60e-35	154
NC_011593.1:2598858-2601929	NB551033:91:H5W5HBGX7:4:21509:21900:2833#0/2	98.795	83	1	0	2883	2965	83	1	4.00e-33	148
NC_011593.1:2598858-2601929	NB551033:91:H5W5HBGX7:4:21509:21900:2833#0/1	98.795	83	1	0	2883	2965	1	83	4.00e-33	148
NC_011593.1:2598858-2601929	NB551033:91:H5W5HBGX7:4:12501:17917:10710#0/2	97.619	84	2	0	1824	1907	1	84	5.18e-32	145
NC_011593.1:2598858-2601929	NB551033:91:H5W5HBGX7:4:23506:20315:13628#0/2	98.734	79	1	0	2789	2867	79	1	6.69e-31	141
NC_011593.1:2598858-2601929	NB551033:91:H5W5HBGX7:2:22107:1455:15299#0/2	98.718	78	1	0	553	630	78	1	2.41e-30	139
NC_011593.1:2598858-2601929	NB551033:91:H5W5HBGX7:2:13307:1431:14688#0/2	97.468	79	2	0	1330	1408	1	79	3.11e-29	135
NC_011593.1:2598858-2601929	NB551033:91:H5W5HBGX7:2:13307:1431:14688#0/1	97.468	79	2	0	1330	1408	79	1	3.11e-29	135
NC_011593.1:2598858-2601929	NB551033:91:H5W5HBGX7:2:23303:21948:8381#0/1	100.000	67	0	0	1	67	67	1	6.74e-26	124
NC_011593.1:2598858-2601929	NB551033:91:H5W5HBGX7:3:13506:13517:3333#0/1	100.000	63	0	0	1	63	63	1	1.13e-23	117
NC_011593.1:2598858-2601929	NB551033:91:H5W5HBGX7:4:23605:17599:3215#0/1	95.775	71	3	0	1190	1260	1	71	4.06e-23	115
NC_011593.1:2598858-2601929	NB551033:91:H5W5HBGX7:3:11611:19888:2951#0/1	96.875	64	2	0	3009	3072	1	64	6.79e-21	108
NC_011593.1:2598858-2601929	NB551033:91:H5W5HBGX7:2:12301:13819:17290#0/2	98.276	58	1	0	1	58	93	150	3.16e-19	102
NC_011593.1:2598858-2601929	NB551033:91:H5W5HBGX7:2:13211:26203:3960#0/2	96.667	60	2	0	3013	3072	81	22	1.14e-18	100
NC_011593.1:2598858-2601929	NB551033:91:H5W5HBGX7:2:13211:26203:3960#0/1	96.667	60	2	0	3013	3072	1	60	1.14e-18	100
NC_011593.1:2598858-2601929	NB551033:91:H5W5HBGX7:1:23111:26165:16537#0/1	96.552	58	2	0	3015	3072	1	58	1.47e-17	97.1
NC_011593.1:2598858-2601929	NB551033:91:H5W5HBGX7:4:11412:6201:4094#0/2	95.918	49	2	0	621	669	114	66	1.48e-12	80.5
NC_011593.1:2598858-2601929	NB551033:91:H5W5HBGX7:2:22101:7915:8529#0/1	97.500	40	1	0	630	669	151	112	3.20e-09	69.4
# BLASTN 2.9.0+
# Query: NC_011593.1:c2604454-2602106 Bifidobacterium longum subsp. infantis ATCC 15697, complete genome
# Database: db/blast_C0633-1F-1A_S73.faa
# 0 hits found
# BLASTN 2.9.0+
# Query: NC_011593.1:c2605922-2604486 Bifidobacterium longum subsp. infantis ATCC 15697, complete genome
# Database: db/blast_C0633-1F-1A_S73.faa
# 0 hits found
# BLASTN 2.9.0+
# Query: NC_011593.1:c2606381-2605944 Bifidobacterium longum subsp. infantis ATCC 15697, complete genome
# Database: db/blast_C0633-1F-1A_S73.faa
# 0 hits found
# BLASTN 2.9.0+
# Query: NC_011593.1:c2607314-2606418 Bifidobacterium longum subsp. infantis ATCC 15697, complete genome
# Database: db/blast_C0633-1F-1A_S73.faa
# 0 hits found
# BLASTN 2.9.0+
# Query: NC_011593.1:c2608249-2607458 Bifidobacterium longum subsp. infantis ATCC 15697, complete genome
# Database: db/blast_C0633-1F-1A_S73.faa
# 0 hits found
# BLASTN 2.9.0+
# Query: NC_011593.1:c2609546-2608269 Bifidobacterium longum subsp. infantis ATCC 15697, complete genome
# Database: db/blast_C0633-1F-1A_S73.faa
# 0 hits found
# BLASTN 2.9.0+
# Query: NC_011593.1:c2610356-2609697 Bifidobacterium longum subsp. infantis ATCC 15697, complete genome
# Database: db/blast_C0633-1F-1A_S73.faa
# 0 hits found
# BLASTN 2.9.0+
# Query: NC_011593.1:c2611458-2610496 Bifidobacterium longum subsp. infantis ATCC 15697, complete genome
# Database: db/blast_C0633-1F-1A_S73.faa
# 0 hits found
# BLASTN 2.9.0+
# Query: NC_011593.1:c2612430-2611477 Bifidobacterium longum subsp. infantis ATCC 15697, complete genome
# Database: db/blast_C0633-1F-1A_S73.faa
# 0 hits found
# BLASTN 2.9.0+
# Query: NC_011593.1:c2614109-2612517 Bifidobacterium longum subsp. infantis ATCC 15697, complete genome
# Database: db/blast_C0633-1F-1A_S73.faa
# 0 hits found
# BLASTN 2.9.0+
# Query: NC_011593.1:c2615274-2614312 Bifidobacterium longum subsp. infantis ATCC 15697, complete genome
# Database: db/blast_C0633-1F-1A_S73.faa
# 0 hits found
# BLASTN 2.9.0+
# Query: NC_011593.1:c2616246-2615293 Bifidobacterium longum subsp. infantis ATCC 15697, complete genome
# Database: db/blast_C0633-1F-1A_S73.faa
# 0 hits found
# BLASTN 2.9.0+
# Query: NC_011593.1:c2617928-2616333 Bifidobacterium longum subsp. infantis ATCC 15697, complete genome
# Database: db/blast_C0633-1F-1A_S73.faa
# 0 hits found
# BLASTN 2.9.0+
# Query: NC_011593.1:c2619247-2618063 Bifidobacterium longum subsp. infantis ATCC 15697, complete genome
# Database: db/blast_C0633-1F-1A_S73.faa
# 0 hits found
# BLASTN 2.9.0+
# Query: NC_011593.1:c2620369-2619413 Bifidobacterium longum subsp. infantis ATCC 15697, complete genome
# Database: db/blast_C0633-1F-1A_S73.faa
# 0 hits found
# BLASTN 2.9.0+
# Query: NC_011593.1:c2622143-2620551 Bifidobacterium longum subsp. infantis ATCC 15697, complete genome
# Database: db/blast_C0633-1F-1A_S73.faa
# 0 hits found
# BLASTN 2.9.0+
# Query: NC_011593.1:c2624124-2622520 Bifidobacterium longum subsp. infantis ATCC 15697, complete genome
# Database: db/blast_C0633-1F-1A_S73.faa
# 0 hits found
# BLASTN 2.9.0+
# Query: NC_011593.1:c2626110-2624512 Bifidobacterium longum subsp. infantis ATCC 15697, complete genome
# Database: db/blast_C0633-1F-1A_S73.faa
# 0 hits found
# BLASTN 2.9.0+
# Query: NC_011593.1:c2626386-2626264 Bifidobacterium longum subsp. infantis ATCC 15697, complete genome
# Database: db/blast_C0633-1F-1A_S73.faa
# 0 hits found
# BLASTN 2.9.0+
# Query: NC_011593.1:c2628158-2626563 Bifidobacterium longum subsp. infantis ATCC 15697, complete genome
# Database: db/blast_C0633-1F-1A_S73.faa
# 0 hits found
# BLASTN 2.9.0+
# Query: NC_011593.1:c2630269-2628314 Bifidobacterium longum subsp. infantis ATCC 15697, complete genome
# Database: db/blast_C0633-1F-1A_S73.faa
# 0 hits found
# BLASTN 2.9.0+
# Query: NC_011593.1:c2631106-2630366 Bifidobacterium longum subsp. infantis ATCC 15697, complete genome
# Database: db/blast_C0633-1F-1A_S73.faa
# 0 hits found
# BLASTN 2.9.0+
# Query: NC_011593.1:c2632432-2631140 Bifidobacterium longum subsp. infantis ATCC 15697, complete genome
# Database: db/blast_C0633-1F-1A_S73.faa
# 0 hits found
# BLASTN 2.9.0+
# Query: NC_011593.1:c2633881-2632562 Bifidobacterium longum subsp. infantis ATCC 15697, complete genome
# Database: db/blast_C0633-1F-1A_S73.faa
# 0 hits found
# BLASTN 2.9.0+
# Query: NC_011593.1:c2634683-2633865 Bifidobacterium longum subsp. infantis ATCC 15697, complete genome
# Database: db/blast_C0633-1F-1A_S73.faa
# 0 hits found
# BLASTN 2.9.0+
# Query: NC_011593.1:c2635627-2634680 Bifidobacterium longum subsp. infantis ATCC 15697, complete genome
# Database: db/blast_C0633-1F-1A_S73.faa
# 0 hits found
# BLASTN 2.9.0+
# Query: NC_011593.1:c2636747-2635629 Bifidobacterium longum subsp. infantis ATCC 15697, complete genome
# Database: db/blast_C0633-1F-1A_S73.faa
# 0 hits found
# BLAST processed 31 queries
