# BLASTN 2.9.0+
# Query: NC_011593.1:c2595355-2593832 Bifidobacterium longum subsp. infantis ATCC 15697, complete genome
# Database: db/blast_C0634-1E-1A_S19.faa
# 0 hits found
# BLASTN 2.9.0+
# Query: NC_011593.1:c2597106-2595574 Bifidobacterium longum subsp. infantis ATCC 15697, complete genome
# Database: db/blast_C0634-1E-1A_S19.faa
# 0 hits found
# BLASTN 2.9.0+
# Query: NC_011593.1:c2598562-2597207 Bifidobacterium longum subsp. infantis ATCC 15697, complete genome
# Database: db/blast_C0634-1E-1A_S19.faa
# Fields: query acc.ver, subject acc.ver, % identity, alignment length, mismatches, gap opens, q. start, q. end, s. start, s. end, evalue, bit score
# 51 hits found
NC_011593.1:c2598562-2597207	NB551033:107:HTJKNBGX7:4:22507:19985:14787#0/2	96.154	52	2	0	21	72	57	6	1.01e-14	86.1
NC_011593.1:c2598562-2597207	NB551033:107:HTJKNBGX7:3:11606:17729:11261#0/2	97.959	49	1	0	206	254	1	49	1.01e-14	86.1
NC_011593.1:c2598562-2597207	NB551033:107:HTJKNBGX7:2:23307:4480:6326#0/2	96.154	52	2	0	21	72	9	60	1.01e-14	86.1
NC_011593.1:c2598562-2597207	NB551033:107:HTJKNBGX7:2:13308:9887:6880#0/2	96.154	52	2	0	21	72	56	107	1.01e-14	86.1
NC_011593.1:c2598562-2597207	NB551033:107:HTJKNBGX7:1:23304:21811:2050#0/2	96.154	52	2	0	21	72	53	2	1.01e-14	86.1
NC_011593.1:c2598562-2597207	NB551033:107:HTJKNBGX7:4:22507:19985:14787#0/1	96.154	52	2	0	21	72	9	60	1.01e-14	86.1
NC_011593.1:c2598562-2597207	NB551033:107:HTJKNBGX7:4:11501:7055:16894#0/1	96.154	52	2	0	21	72	57	6	1.01e-14	86.1
NC_011593.1:c2598562-2597207	NB551033:107:HTJKNBGX7:2:13304:19545:16338#0/1	96.154	52	2	0	21	72	56	107	1.01e-14	86.1
NC_011593.1:c2598562-2597207	NB551033:107:HTJKNBGX7:4:23412:8896:7420#0/2	96.078	51	2	0	21	71	56	106	3.64e-14	84.2
NC_011593.1:c2598562-2597207	NB551033:107:HTJKNBGX7:3:22402:12236:10611#0/2	96.078	51	2	0	21	71	51	1	3.64e-14	84.2
NC_011593.1:c2598562-2597207	NB551033:107:HTJKNBGX7:3:13605:14891:14553#0/2	96.078	51	2	0	21	71	89	139	3.64e-14	84.2
NC_011593.1:c2598562-2597207	NB551033:107:HTJKNBGX7:1:11201:3640:4432#0/2	96.078	51	2	0	21	71	62	112	3.64e-14	84.2
NC_011593.1:c2598562-2597207	NB551033:107:HTJKNBGX7:4:23412:8896:7420#0/1	96.078	51	2	0	21	71	51	1	3.64e-14	84.2
NC_011593.1:c2598562-2597207	NB551033:107:HTJKNBGX7:3:22407:14529:6197#0/1	96.078	51	2	0	21	71	51	1	3.64e-14	84.2
NC_011593.1:c2598562-2597207	NB551033:107:HTJKNBGX7:3:22402:12236:10611#0/1	96.078	51	2	0	21	71	62	112	3.64e-14	84.2
NC_011593.1:c2598562-2597207	NB551033:107:HTJKNBGX7:3:13605:14891:14553#0/1	96.078	51	2	0	21	71	51	1	3.64e-14	84.2
NC_011593.1:c2598562-2597207	NB551033:107:HTJKNBGX7:3:11506:2541:5349#0/1	96.078	51	2	0	21	71	51	1	3.64e-14	84.2
NC_011593.1:c2598562-2597207	NB551033:107:HTJKNBGX7:1:11201:3640:4432#0/1	96.078	51	2	0	21	71	51	1	3.64e-14	84.2
NC_011593.1:c2598562-2597207	NB551033:107:HTJKNBGX7:1:11309:1179:9000#0/2	96.000	50	2	0	21	70	50	1	1.31e-13	82.4
NC_011593.1:c2598562-2597207	NB551033:107:HTJKNBGX7:1:11309:1179:9000#0/1	96.000	50	2	0	21	70	52	101	1.31e-13	82.4
NC_011593.1:c2598562-2597207	NB551033:107:HTJKNBGX7:4:23509:17363:20286#0/2	100.000	43	0	0	214	256	91	49	4.71e-13	80.5
NC_011593.1:c2598562-2597207	NB551033:107:HTJKNBGX7:4:22606:17319:16963#0/2	97.826	46	1	0	211	256	1	46	4.71e-13	80.5
NC_011593.1:c2598562-2597207	NB551033:107:HTJKNBGX7:4:21512:5536:10267#0/2	97.826	46	1	0	211	256	1	46	4.71e-13	80.5
NC_011593.1:c2598562-2597207	NB551033:107:HTJKNBGX7:4:11409:1780:7231#0/2	97.826	46	1	0	211	256	1	46	4.71e-13	80.5
NC_011593.1:c2598562-2597207	NB551033:107:HTJKNBGX7:3:11507:2650:11968#0/2	97.826	46	1	0	211	256	1	46	4.71e-13	80.5
NC_011593.1:c2598562-2597207	NB551033:107:HTJKNBGX7:2:23107:10457:2034#0/2	97.826	46	1	0	211	256	1	46	4.71e-13	80.5
NC_011593.1:c2598562-2597207	NB551033:107:HTJKNBGX7:2:21205:7047:9368#0/2	97.826	46	1	0	211	256	1	46	4.71e-13	80.5
NC_011593.1:c2598562-2597207	NB551033:107:HTJKNBGX7:1:21303:19058:4929#0/2	100.000	43	0	0	214	256	112	70	4.71e-13	80.5
NC_011593.1:c2598562-2597207	NB551033:107:HTJKNBGX7:4:23509:17363:20286#0/1	97.826	46	1	0	211	256	1	46	4.71e-13	80.5
NC_011593.1:c2598562-2597207	NB551033:107:HTJKNBGX7:4:13407:21771:12912#0/1	97.826	46	1	0	211	256	1	46	4.71e-13	80.5
NC_011593.1:c2598562-2597207	NB551033:107:HTJKNBGX7:3:22411:9059:6812#0/1	97.826	46	1	0	211	256	1	46	4.71e-13	80.5
NC_011593.1:c2598562-2597207	NB551033:107:HTJKNBGX7:3:11504:14649:3582#0/1	97.826	46	1	0	211	256	1	46	4.71e-13	80.5
NC_011593.1:c2598562-2597207	NB551033:107:HTJKNBGX7:2:23107:10457:2034#0/1	100.000	43	0	0	214	256	70	28	4.71e-13	80.5
NC_011593.1:c2598562-2597207	NB551033:107:HTJKNBGX7:2:21106:9155:9421#0/1	97.826	46	1	0	211	256	1	46	4.71e-13	80.5
NC_011593.1:c2598562-2597207	NB551033:107:HTJKNBGX7:1:21303:19058:4929#0/1	97.826	46	1	0	211	256	1	46	4.71e-13	80.5
NC_011593.1:c2598562-2597207	NB551033:107:HTJKNBGX7:1:23306:9286:18263#0/1	95.833	48	2	0	21	68	48	1	1.70e-12	78.7
NC_011593.1:c2598562-2597207	NB551033:107:HTJKNBGX7:2:12208:9541:16815#0/1	100.000	41	0	0	216	256	1	41	6.10e-12	76.8
NC_011593.1:c2598562-2597207	NB551033:107:HTJKNBGX7:1:21310:21877:4899#0/1	95.745	47	2	0	21	67	47	1	6.10e-12	76.8
NC_011593.1:c2598562-2597207	NB551033:107:HTJKNBGX7:1:11103:26517:11351#0/1	95.745	47	2	0	21	67	47	1	6.10e-12	76.8
NC_011593.1:c2598562-2597207	NB551033:107:HTJKNBGX7:3:12412:22635:4466#0/2	95.652	46	2	0	21	66	46	1	2.19e-11	75.0
NC_011593.1:c2598562-2597207	NB551033:107:HTJKNBGX7:2:12202:23355:19101#0/1	95.652	46	2	0	211	256	1	46	2.19e-11	75.0
NC_011593.1:c2598562-2597207	NB551033:107:HTJKNBGX7:1:13107:13360:19288#0/2	100.000	39	0	0	218	256	1	39	7.89e-11	73.1
NC_011593.1:c2598562-2597207	NB551033:107:HTJKNBGX7:3:22411:9059:6812#0/2	97.436	39	1	0	218	256	103	65	3.67e-09	67.6
NC_011593.1:c2598562-2597207	NB551033:107:HTJKNBGX7:1:21309:25683:17776#0/2	97.297	37	1	0	220	256	1	37	4.75e-08	63.9
NC_011593.1:c2598562-2597207	NB551033:107:HTJKNBGX7:2:11302:22754:17848#0/2	97.222	36	1	0	221	256	123	88	1.71e-07	62.1
NC_011593.1:c2598562-2597207	NB551033:107:HTJKNBGX7:2:23312:25363:19379#0/2	100.000	32	0	0	225	256	101	70	6.14e-07	60.2
NC_011593.1:c2598562-2597207	NB551033:107:HTJKNBGX7:2:21207:9331:3055#0/2	100.000	32	0	0	225	256	73	42	6.14e-07	60.2
NC_011593.1:c2598562-2597207	NB551033:107:HTJKNBGX7:4:21512:5536:10267#0/1	100.000	32	0	0	225	256	85	54	6.14e-07	60.2
NC_011593.1:c2598562-2597207	NB551033:107:HTJKNBGX7:4:23404:24554:10795#0/2	100.000	29	0	0	228	256	73	45	2.86e-05	54.7
NC_011593.1:c2598562-2597207	NB551033:107:HTJKNBGX7:2:12208:9541:16815#0/2	100.000	28	0	0	229	256	126	99	1.03e-04	52.8
NC_011593.1:c2598562-2597207	NB551033:107:HTJKNBGX7:4:13510:19024:14160#0/1	100.000	28	0	0	229	256	86	59	1.03e-04	52.8
# BLASTN 2.9.0+
# Query: NC_011593.1:2598858-2601929 Bifidobacterium longum subsp. infantis ATCC 15697, complete genome
# Database: db/blast_C0634-1E-1A_S19.faa
# Fields: query acc.ver, subject acc.ver, % identity, alignment length, mismatches, gap opens, q. start, q. end, s. start, s. end, evalue, bit score
# 104 hits found
NC_011593.1:2598858-2601929	NB551033:107:HTJKNBGX7:4:22409:22717:10406#0/2	96.053	76	3	0	1185	1260	147	72	4.86e-26	124
NC_011593.1:2598858-2601929	NB551033:107:HTJKNBGX7:1:22207:6330:14523#0/2	96.000	75	3	0	1186	1260	1	75	1.75e-25	122
NC_011593.1:2598858-2601929	NB551033:107:HTJKNBGX7:2:23206:13876:9806#0/1	96.000	75	3	0	1186	1260	1	75	1.75e-25	122
NC_011593.1:2598858-2601929	NB551033:107:HTJKNBGX7:1:22207:6330:14523#0/1	96.000	75	3	0	1186	1260	88	14	1.75e-25	122
NC_011593.1:2598858-2601929	NB551033:107:HTJKNBGX7:2:23206:13876:9806#0/2	95.946	74	3	0	1187	1260	142	69	6.29e-25	121
NC_011593.1:2598858-2601929	NB551033:107:HTJKNBGX7:4:21408:2729:1124#0/2	95.775	71	3	0	1190	1260	135	65	2.93e-23	115
NC_011593.1:2598858-2601929	NB551033:107:HTJKNBGX7:2:23211:15720:16273#0/2	95.775	71	3	0	1190	1260	1	71	2.93e-23	115
NC_011593.1:2598858-2601929	NB551033:107:HTJKNBGX7:2:21302:14928:3835#0/2	95.775	71	3	0	1190	1260	1	71	2.93e-23	115
NC_011593.1:2598858-2601929	NB551033:107:HTJKNBGX7:1:13202:22430:9768#0/2	95.775	71	3	0	1190	1260	1	71	2.93e-23	115
NC_011593.1:2598858-2601929	NB551033:107:HTJKNBGX7:4:23603:16889:2603#0/1	95.775	71	3	0	1190	1260	1	71	2.93e-23	115
NC_011593.1:2598858-2601929	NB551033:107:HTJKNBGX7:4:21408:2729:1124#0/1	95.775	71	3	0	1190	1260	1	71	2.93e-23	115
NC_011593.1:2598858-2601929	NB551033:107:HTJKNBGX7:4:12505:6009:2800#0/1	95.775	71	3	0	1190	1260	1	71	2.93e-23	115
NC_011593.1:2598858-2601929	NB551033:107:HTJKNBGX7:4:12410:2656:3296#0/1	95.775	71	3	0	1190	1260	1	71	2.93e-23	115
NC_011593.1:2598858-2601929	NB551033:107:HTJKNBGX7:3:23612:25306:10343#0/1	95.775	71	3	0	1190	1260	1	71	2.93e-23	115
NC_011593.1:2598858-2601929	NB551033:107:HTJKNBGX7:3:21406:23636:1973#0/1	95.775	71	3	0	1190	1260	1	71	2.93e-23	115
NC_011593.1:2598858-2601929	NB551033:107:HTJKNBGX7:3:11608:13553:12411#0/1	95.775	71	3	0	1190	1260	1	71	2.93e-23	115
NC_011593.1:2598858-2601929	NB551033:107:HTJKNBGX7:2:23211:15720:16273#0/1	95.775	71	3	0	1190	1260	84	14	2.93e-23	115
NC_011593.1:2598858-2601929	NB551033:107:HTJKNBGX7:1:23207:21620:18077#0/1	95.775	71	3	0	1190	1260	1	71	2.93e-23	115
NC_011593.1:2598858-2601929	NB551033:107:HTJKNBGX7:1:12104:15411:6332#0/1	95.775	71	3	0	1190	1260	1	71	2.93e-23	115
NC_011593.1:2598858-2601929	NB551033:107:HTJKNBGX7:4:23603:16889:2603#0/2	95.652	69	3	0	1192	1260	111	43	3.79e-22	111
NC_011593.1:2598858-2601929	NB551033:107:HTJKNBGX7:3:12612:5235:3579#0/2	95.522	67	3	0	1174	1240	67	1	4.90e-21	108
NC_011593.1:2598858-2601929	NB551033:107:HTJKNBGX7:3:12612:5235:3579#0/1	95.522	67	3	0	1174	1240	3	69	4.90e-21	108
NC_011593.1:2598858-2601929	NB551033:107:HTJKNBGX7:1:23207:21620:18077#0/2	95.455	66	3	0	1195	1260	74	9	1.76e-20	106
NC_011593.1:2598858-2601929	NB551033:107:HTJKNBGX7:4:21609:9967:5307#0/2	95.385	65	3	0	1190	1254	1	65	6.34e-20	104
NC_011593.1:2598858-2601929	NB551033:107:HTJKNBGX7:3:11402:25987:8844#0/2	95.385	65	3	0	1174	1238	3	67	6.34e-20	104
NC_011593.1:2598858-2601929	NB551033:107:HTJKNBGX7:4:21609:9967:5307#0/1	95.385	65	3	0	1190	1254	65	1	6.34e-20	104
NC_011593.1:2598858-2601929	NB551033:107:HTJKNBGX7:1:13202:22430:9768#0/1	95.385	65	3	0	1196	1260	151	87	6.34e-20	104
NC_011593.1:2598858-2601929	NB551033:107:HTJKNBGX7:3:12401:5954:10879#0/2	95.312	64	3	0	1197	1260	150	87	2.28e-19	102
NC_011593.1:2598858-2601929	NB551033:107:HTJKNBGX7:4:22603:2400:7678#0/1	95.238	63	3	0	1198	1260	1	63	8.20e-19	100
NC_011593.1:2598858-2601929	NB551033:107:HTJKNBGX7:4:23502:3926:3921#0/2	95.161	62	3	0	1199	1260	75	14	2.95e-18	99.0
NC_011593.1:2598858-2601929	NB551033:107:HTJKNBGX7:4:12512:22382:1755#0/2	95.082	61	3	0	1200	1260	1	61	1.06e-17	97.1
NC_011593.1:2598858-2601929	NB551033:107:HTJKNBGX7:4:21403:21979:3845#0/2	98.039	51	1	0	619	669	139	89	1.77e-15	89.8
NC_011593.1:2598858-2601929	NB551033:107:HTJKNBGX7:4:13409:10075:19940#0/2	98.039	51	1	0	619	669	69	19	1.77e-15	89.8
NC_011593.1:2598858-2601929	NB551033:107:HTJKNBGX7:3:12506:12323:5475#0/2	98.039	51	1	0	619	669	5	55	1.77e-15	89.8
NC_011593.1:2598858-2601929	NB551033:107:HTJKNBGX7:2:13107:13216:9069#0/2	98.039	51	1	0	619	669	150	100	1.77e-15	89.8
NC_011593.1:2598858-2601929	NB551033:107:HTJKNBGX7:2:11111:8014:19982#0/2	98.039	51	1	0	619	669	6	56	1.77e-15	89.8
NC_011593.1:2598858-2601929	NB551033:107:HTJKNBGX7:1:21209:26730:1954#0/2	98.039	51	1	0	619	669	6	56	1.77e-15	89.8
NC_011593.1:2598858-2601929	NB551033:107:HTJKNBGX7:1:21102:5256:7592#0/2	98.039	51	1	0	619	669	6	56	1.77e-15	89.8
NC_011593.1:2598858-2601929	NB551033:107:HTJKNBGX7:4:23610:4854:1933#0/1	98.039	51	1	0	619	669	6	56	1.77e-15	89.8
NC_011593.1:2598858-2601929	NB551033:107:HTJKNBGX7:4:13507:3560:6104#0/1	98.039	51	1	0	619	669	145	95	1.77e-15	89.8
NC_011593.1:2598858-2601929	NB551033:107:HTJKNBGX7:4:13409:10075:19940#0/1	98.039	51	1	0	619	669	6	56	1.77e-15	89.8
NC_011593.1:2598858-2601929	NB551033:107:HTJKNBGX7:3:23608:6816:10385#0/1	98.039	51	1	0	619	669	6	56	1.77e-15	89.8
NC_011593.1:2598858-2601929	NB551033:107:HTJKNBGX7:3:23508:8539:18422#0/1	98.039	51	1	0	619	669	89	39	1.77e-15	89.8
NC_011593.1:2598858-2601929	NB551033:107:HTJKNBGX7:3:22504:7059:19439#0/1	98.039	51	1	0	619	669	105	55	1.77e-15	89.8
NC_011593.1:2598858-2601929	NB551033:107:HTJKNBGX7:3:12506:12323:5475#0/1	98.039	51	1	0	619	669	76	26	1.77e-15	89.8
NC_011593.1:2598858-2601929	NB551033:107:HTJKNBGX7:2:23209:16660:3662#0/1	98.039	51	1	0	619	669	6	56	1.77e-15	89.8
NC_011593.1:2598858-2601929	NB551033:107:HTJKNBGX7:2:22312:20389:6059#0/1	98.039	51	1	0	619	669	143	93	1.77e-15	89.8
NC_011593.1:2598858-2601929	NB551033:107:HTJKNBGX7:2:21209:1634:13621#0/1	98.039	51	1	0	619	669	137	87	1.77e-15	89.8
NC_011593.1:2598858-2601929	NB551033:107:HTJKNBGX7:1:22308:10604:4834#0/1	98.039	51	1	0	619	669	6	56	1.77e-15	89.8
NC_011593.1:2598858-2601929	NB551033:107:HTJKNBGX7:1:12105:21587:5155#0/1	98.039	51	1	0	619	669	148	98	1.77e-15	89.8
NC_011593.1:2598858-2601929	NB551033:107:HTJKNBGX7:1:11307:18863:8473#0/1	98.039	51	1	0	619	669	147	97	1.77e-15	89.8
NC_011593.1:2598858-2601929	NB551033:107:HTJKNBGX7:3:12504:1193:19601#0/2	98.000	50	1	0	620	669	94	45	6.38e-15	87.9
NC_011593.1:2598858-2601929	NB551033:107:HTJKNBGX7:2:21204:24849:9975#0/2	97.959	49	1	0	621	669	1	49	2.30e-14	86.1
NC_011593.1:2598858-2601929	NB551033:107:HTJKNBGX7:1:22308:10604:4834#0/2	97.959	49	1	0	621	669	150	102	2.30e-14	86.1
NC_011593.1:2598858-2601929	NB551033:107:HTJKNBGX7:4:12604:17870:18832#0/2	96.078	51	2	0	1210	1260	71	21	8.26e-14	84.2
NC_011593.1:2598858-2601929	NB551033:107:HTJKNBGX7:3:11610:6927:10601#0/2	97.917	48	1	0	622	669	92	45	8.26e-14	84.2
NC_011593.1:2598858-2601929	NB551033:107:HTJKNBGX7:2:23209:16660:3662#0/2	96.078	51	2	0	619	669	129	79	8.26e-14	84.2
NC_011593.1:2598858-2601929	NB551033:107:HTJKNBGX7:1:23312:22842:1828#0/2	97.917	48	1	0	622	669	1	48	8.26e-14	84.2
NC_011593.1:2598858-2601929	NB551033:107:HTJKNBGX7:1:21204:10432:18552#0/2	97.917	48	1	0	622	669	86	39	8.26e-14	84.2
NC_011593.1:2598858-2601929	NB551033:107:HTJKNBGX7:1:13309:8005:8510#0/2	97.917	48	1	0	622	669	136	89	8.26e-14	84.2
NC_011593.1:2598858-2601929	NB551033:107:HTJKNBGX7:1:13108:22787:6435#0/2	96.078	51	2	0	1210	1260	64	14	8.26e-14	84.2
NC_011593.1:2598858-2601929	NB551033:107:HTJKNBGX7:1:11203:11455:3654#0/2	97.917	48	1	0	622	669	66	19	8.26e-14	84.2
NC_011593.1:2598858-2601929	NB551033:107:HTJKNBGX7:2:22202:17033:7492#0/1	97.917	48	1	0	622	669	1	48	8.26e-14	84.2
NC_011593.1:2598858-2601929	NB551033:107:HTJKNBGX7:2:21204:24849:9975#0/1	97.917	48	1	0	622	669	85	38	8.26e-14	84.2
NC_011593.1:2598858-2601929	NB551033:107:HTJKNBGX7:1:23312:22842:1828#0/1	97.917	48	1	0	622	669	102	55	8.26e-14	84.2
NC_011593.1:2598858-2601929	NB551033:107:HTJKNBGX7:1:21204:10432:18552#0/1	97.917	48	1	0	622	669	1	48	8.26e-14	84.2
NC_011593.1:2598858-2601929	NB551033:107:HTJKNBGX7:1:21204:3187:9356#0/1	96.078	51	2	0	1210	1260	2	52	8.26e-14	84.2
NC_011593.1:2598858-2601929	NB551033:107:HTJKNBGX7:1:13309:8005:8510#0/1	97.917	48	1	0	622	669	1	48	8.26e-14	84.2
NC_011593.1:2598858-2601929	NB551033:107:HTJKNBGX7:1:11203:11455:3654#0/1	97.917	48	1	0	622	669	1	48	8.26e-14	84.2
NC_011593.1:2598858-2601929	NB551033:107:HTJKNBGX7:2:22206:1331:18833#0/2	96.000	50	2	0	1211	1260	80	31	2.97e-13	82.4
NC_011593.1:2598858-2601929	NB551033:107:HTJKNBGX7:4:13410:15741:6476#0/1	97.872	47	1	0	623	669	111	65	2.97e-13	82.4
NC_011593.1:2598858-2601929	NB551033:107:HTJKNBGX7:4:13412:12487:18447#0/2	95.833	48	2	0	1213	1260	1	48	3.84e-12	78.7
NC_011593.1:2598858-2601929	NB551033:107:HTJKNBGX7:3:11605:11839:7832#0/2	95.745	47	2	0	1214	1260	138	92	1.38e-11	76.8
NC_011593.1:2598858-2601929	NB551033:107:HTJKNBGX7:2:21101:22299:18956#0/2	95.745	47	2	0	1214	1260	1	47	1.38e-11	76.8
NC_011593.1:2598858-2601929	NB551033:107:HTJKNBGX7:3:21511:7392:10198#0/1	97.727	44	1	0	626	669	98	55	1.38e-11	76.8
NC_011593.1:2598858-2601929	NB551033:107:HTJKNBGX7:3:13512:6270:1896#0/1	95.745	47	2	0	1214	1260	1	47	1.38e-11	76.8
NC_011593.1:2598858-2601929	NB551033:107:HTJKNBGX7:3:13405:10365:10117#0/1	95.745	47	2	0	1214	1260	1	47	1.38e-11	76.8
NC_011593.1:2598858-2601929	NB551033:107:HTJKNBGX7:3:12403:9763:12500#0/1	95.745	47	2	0	1214	1260	1	47	1.38e-11	76.8
NC_011593.1:2598858-2601929	NB551033:107:HTJKNBGX7:3:11605:11839:7832#0/1	95.745	47	2	0	1214	1260	1	47	1.38e-11	76.8
NC_011593.1:2598858-2601929	NB551033:107:HTJKNBGX7:1:12209:2700:4821#0/1	95.745	47	2	0	1214	1260	1	47	1.38e-11	76.8
NC_011593.1:2598858-2601929	NB551033:107:HTJKNBGX7:4:22507:17213:17128#0/2	97.674	43	1	0	627	669	1	43	4.97e-11	75.0
NC_011593.1:2598858-2601929	NB551033:107:HTJKNBGX7:4:23503:21148:6774#0/2	97.619	42	1	0	628	669	106	65	1.79e-10	73.1
NC_011593.1:2598858-2601929	NB551033:107:HTJKNBGX7:4:21504:24027:2393#0/2	97.619	42	1	0	628	669	148	107	1.79e-10	73.1
NC_011593.1:2598858-2601929	NB551033:107:HTJKNBGX7:4:11408:10922:1625#0/2	97.619	42	1	0	628	669	1	42	1.79e-10	73.1
NC_011593.1:2598858-2601929	NB551033:107:HTJKNBGX7:4:23503:21148:6774#0/1	97.619	42	1	0	628	669	1	42	1.79e-10	73.1
NC_011593.1:2598858-2601929	NB551033:107:HTJKNBGX7:4:11408:10922:1625#0/1	97.619	42	1	0	628	669	134	93	1.79e-10	73.1
NC_011593.1:2598858-2601929	NB551033:107:HTJKNBGX7:4:13605:7209:5249#0/2	97.500	40	1	0	630	669	133	94	2.31e-09	69.4
NC_011593.1:2598858-2601929	NB551033:107:HTJKNBGX7:3:13501:22347:9358#0/2	97.500	40	1	0	630	669	151	112	2.31e-09	69.4
NC_011593.1:2598858-2601929	NB551033:107:HTJKNBGX7:4:13605:7209:5249#0/1	97.500	40	1	0	630	669	1	40	2.31e-09	69.4
NC_011593.1:2598858-2601929	NB551033:107:HTJKNBGX7:1:13302:17479:7944#0/2	97.368	38	1	0	632	669	102	65	2.99e-08	65.8
NC_011593.1:2598858-2601929	NB551033:107:HTJKNBGX7:1:13302:17479:7944#0/1	97.368	38	1	0	632	669	1	38	2.99e-08	65.8
NC_011593.1:2598858-2601929	NB551033:107:HTJKNBGX7:1:11106:4521:19001#0/1	97.368	38	1	0	632	669	1	38	2.99e-08	65.8
NC_011593.1:2598858-2601929	NB551033:107:HTJKNBGX7:1:21303:2741:9636#0/1	97.222	36	1	0	634	669	100	65	3.87e-07	62.1
NC_011593.1:2598858-2601929	NB551033:107:HTJKNBGX7:4:12402:3573:15454#0/2	97.059	34	1	0	636	669	88	55	5.00e-06	58.4
NC_011593.1:2598858-2601929	NB551033:107:HTJKNBGX7:2:13202:17432:1935#0/2	100.000	30	0	0	640	669	122	93	1.80e-05	56.5
NC_011593.1:2598858-2601929	NB551033:107:HTJKNBGX7:2:13104:23051:6616#0/2	100.000	30	0	0	640	669	74	45	1.80e-05	56.5
NC_011593.1:2598858-2601929	NB551033:107:HTJKNBGX7:2:22111:16012:12025#0/1	96.970	33	1	0	637	669	1	33	1.80e-05	56.5
NC_011593.1:2598858-2601929	NB551033:107:HTJKNBGX7:2:13202:17432:1935#0/1	96.970	33	1	0	637	669	1	33	1.80e-05	56.5
NC_011593.1:2598858-2601929	NB551033:107:HTJKNBGX7:3:11404:21491:3338#0/1	100.000	29	0	0	641	669	1	29	6.47e-05	54.7
NC_011593.1:2598858-2601929	NB551033:107:HTJKNBGX7:4:21503:9993:1249#0/1	100.000	28	0	0	642	669	1	28	2.33e-04	52.8
NC_011593.1:2598858-2601929	NB551033:107:HTJKNBGX7:3:21505:18223:15711#0/1	100.000	28	0	0	642	669	82	55	2.33e-04	52.8
NC_011593.1:2598858-2601929	NB551033:107:HTJKNBGX7:3:13603:13196:3934#0/1	100.000	28	0	0	642	669	1	28	2.33e-04	52.8
NC_011593.1:2598858-2601929	NB551033:107:HTJKNBGX7:2:13103:24160:17459#0/1	100.000	28	0	0	642	669	1	28	2.33e-04	52.8
NC_011593.1:2598858-2601929	NB551033:107:HTJKNBGX7:1:21209:26730:1954#0/1	100.000	28	0	0	642	669	116	89	2.33e-04	52.8
# BLASTN 2.9.0+
# Query: NC_011593.1:c2604454-2602106 Bifidobacterium longum subsp. infantis ATCC 15697, complete genome
# Database: db/blast_C0634-1E-1A_S19.faa
# Fields: query acc.ver, subject acc.ver, % identity, alignment length, mismatches, gap opens, q. start, q. end, s. start, s. end, evalue, bit score
# 2 hits found
NC_011593.1:c2604454-2602106	NB551033:107:HTJKNBGX7:1:13202:1662:17224#0/2	95.890	73	3	0	1862	1934	74	2	1.75e-24	119
NC_011593.1:c2604454-2602106	NB551033:107:HTJKNBGX7:1:13202:1662:17224#0/1	95.890	73	3	0	1862	1934	1	73	1.75e-24	119
# BLASTN 2.9.0+
# Query: NC_011593.1:c2605922-2604486 Bifidobacterium longum subsp. infantis ATCC 15697, complete genome
# Database: db/blast_C0634-1E-1A_S19.faa
# 0 hits found
# BLASTN 2.9.0+
# Query: NC_011593.1:c2606381-2605944 Bifidobacterium longum subsp. infantis ATCC 15697, complete genome
# Database: db/blast_C0634-1E-1A_S19.faa
# 0 hits found
# BLASTN 2.9.0+
# Query: NC_011593.1:c2607314-2606418 Bifidobacterium longum subsp. infantis ATCC 15697, complete genome
# Database: db/blast_C0634-1E-1A_S19.faa
# Fields: query acc.ver, subject acc.ver, % identity, alignment length, mismatches, gap opens, q. start, q. end, s. start, s. end, evalue, bit score
# 10 hits found
NC_011593.1:c2607314-2606418	NB551033:107:HTJKNBGX7:3:11506:8435:5121#0/1	95.238	84	4	0	750	833	1	84	2.36e-29	134
NC_011593.1:c2607314-2606418	NB551033:107:HTJKNBGX7:4:21401:7921:3745#0/2	96.104	77	3	0	727	803	78	2	3.95e-27	126
NC_011593.1:c2607314-2606418	NB551033:107:HTJKNBGX7:2:21104:9524:13251#0/2	96.104	77	3	0	727	803	78	2	3.95e-27	126
NC_011593.1:c2607314-2606418	NB551033:107:HTJKNBGX7:4:12502:6902:17246#0/1	96.104	77	3	0	727	803	78	2	3.95e-27	126
NC_011593.1:c2607314-2606418	NB551033:107:HTJKNBGX7:2:23210:11671:14355#0/2	97.143	70	2	0	122	191	3	72	6.62e-25	119
NC_011593.1:c2607314-2606418	NB551033:107:HTJKNBGX7:4:11609:4751:8207#0/1	97.059	68	2	0	124	191	68	1	8.56e-24	115
NC_011593.1:c2607314-2606418	NB551033:107:HTJKNBGX7:1:11207:24469:8627#0/2	95.385	65	3	0	727	791	65	1	1.85e-20	104
NC_011593.1:c2607314-2606418	NB551033:107:HTJKNBGX7:2:21210:24865:8199#0/1	95.385	65	3	0	727	791	65	1	1.85e-20	104
NC_011593.1:c2607314-2606418	NB551033:107:HTJKNBGX7:3:22601:10109:13839#0/2	95.312	64	3	0	122	185	64	1	6.66e-20	102
NC_011593.1:c2607314-2606418	NB551033:107:HTJKNBGX7:4:23405:11759:13509#0/2	95.161	62	3	0	729	790	1	62	8.62e-19	99.0
# BLASTN 2.9.0+
# Query: NC_011593.1:c2608249-2607458 Bifidobacterium longum subsp. infantis ATCC 15697, complete genome
# Database: db/blast_C0634-1E-1A_S19.faa
# Fields: query acc.ver, subject acc.ver, % identity, alignment length, mismatches, gap opens, q. start, q. end, s. start, s. end, evalue, bit score
# 138 hits found
NC_011593.1:c2608249-2607458	NB551033:107:HTJKNBGX7:3:23407:12096:7300#0/2	95.489	133	6	0	335	467	2	134	2.59e-53	213
NC_011593.1:c2608249-2607458	NB551033:107:HTJKNBGX7:2:12307:18984:10013#0/2	95.489	133	6	0	335	467	5	137	2.59e-53	213
NC_011593.1:c2608249-2607458	NB551033:107:HTJKNBGX7:2:21312:22327:5085#0/1	95.489	133	6	0	335	467	133	1	2.59e-53	213
NC_011593.1:c2608249-2607458	NB551033:107:HTJKNBGX7:3:12504:16905:9005#0/2	95.041	121	6	0	335	455	121	1	1.22e-46	191
NC_011593.1:c2608249-2607458	NB551033:107:HTJKNBGX7:3:23404:17474:2502#0/2	95.455	110	5	0	346	455	110	1	3.40e-42	176
NC_011593.1:c2608249-2607458	NB551033:107:HTJKNBGX7:4:21503:24997:11529#0/1	95.370	108	5	0	348	455	1	108	4.40e-41	172
NC_011593.1:c2608249-2607458	NB551033:107:HTJKNBGX7:4:22609:12120:6465#0/2	95.283	106	5	0	335	440	106	1	5.69e-40	169
NC_011593.1:c2608249-2607458	NB551033:107:HTJKNBGX7:4:21401:13340:8864#0/2	95.283	106	5	0	335	440	106	1	5.69e-40	169
NC_011593.1:c2608249-2607458	NB551033:107:HTJKNBGX7:2:21112:23557:14950#0/2	95.283	106	5	0	335	440	2	107	5.69e-40	169
NC_011593.1:c2608249-2607458	NB551033:107:HTJKNBGX7:4:22609:12120:6465#0/1	95.283	106	5	0	335	440	2	107	5.69e-40	169
NC_011593.1:c2608249-2607458	NB551033:107:HTJKNBGX7:4:21401:13340:8864#0/1	95.283	106	5	0	335	440	2	107	5.69e-40	169
NC_011593.1:c2608249-2607458	NB551033:107:HTJKNBGX7:3:22402:21748:14745#0/2	96.000	100	4	0	362	461	1	100	2.65e-38	163
NC_011593.1:c2608249-2607458	NB551033:107:HTJKNBGX7:1:22109:13378:20280#0/2	96.000	100	4	0	693	792	1	100	2.65e-38	163
NC_011593.1:c2608249-2607458	NB551033:107:HTJKNBGX7:4:11410:9165:19078#0/1	96.875	96	3	0	697	792	3	98	9.53e-38	161
NC_011593.1:c2608249-2607458	NB551033:107:HTJKNBGX7:3:22608:4949:19072#0/1	96.875	96	3	0	697	792	133	38	9.53e-38	161
NC_011593.1:c2608249-2607458	NB551033:107:HTJKNBGX7:2:23204:17582:18716#0/1	96.875	96	3	0	697	792	148	53	9.53e-38	161
NC_011593.1:c2608249-2607458	NB551033:107:HTJKNBGX7:2:12111:25908:6741#0/1	96.875	96	3	0	697	792	148	53	9.53e-38	161
NC_011593.1:c2608249-2607458	NB551033:107:HTJKNBGX7:3:21401:11873:15917#0/1	96.809	94	3	0	699	792	3	96	1.23e-36	158
NC_011593.1:c2608249-2607458	NB551033:107:HTJKNBGX7:3:13509:15471:4603#0/1	95.000	100	5	0	346	445	100	1	1.23e-36	158
NC_011593.1:c2608249-2607458	NB551033:107:HTJKNBGX7:2:11202:3170:5204#0/1	96.809	94	3	0	699	792	1	94	1.23e-36	158
NC_011593.1:c2608249-2607458	NB551033:107:HTJKNBGX7:3:22608:4949:19072#0/2	95.833	96	4	0	697	792	3	98	4.43e-36	156
NC_011593.1:c2608249-2607458	NB551033:107:HTJKNBGX7:3:21608:21933:13760#0/2	96.774	93	3	0	375	467	1	93	4.43e-36	156
NC_011593.1:c2608249-2607458	NB551033:107:HTJKNBGX7:3:21608:21933:13760#0/1	96.774	93	3	0	375	467	93	1	4.43e-36	156
NC_011593.1:c2608249-2607458	NB551033:107:HTJKNBGX7:2:22312:3820:19192#0/1	95.833	96	4	0	697	792	116	21	4.43e-36	156
NC_011593.1:c2608249-2607458	NB551033:107:HTJKNBGX7:2:12107:5689:4515#0/1	97.778	90	2	0	703	792	150	61	4.43e-36	156
NC_011593.1:c2608249-2607458	NB551033:107:HTJKNBGX7:2:22212:6329:12213#0/2	95.699	93	4	0	358	450	93	1	2.06e-34	150
NC_011593.1:c2608249-2607458	NB551033:107:HTJKNBGX7:2:22212:6329:12213#0/1	95.699	93	4	0	358	450	3	95	2.06e-34	150
NC_011593.1:c2608249-2607458	NB551033:107:HTJKNBGX7:2:13112:21672:6034#0/2	98.780	82	1	0	711	792	1	82	2.67e-33	147
NC_011593.1:c2608249-2607458	NB551033:107:HTJKNBGX7:2:11306:11714:5458#0/2	98.780	82	1	0	711	792	1	82	2.67e-33	147
NC_011593.1:c2608249-2607458	NB551033:107:HTJKNBGX7:4:22609:18900:10324#0/2	95.556	90	4	0	366	455	90	1	9.60e-33	145
NC_011593.1:c2608249-2607458	NB551033:107:HTJKNBGX7:3:21611:13483:2768#0/2	98.750	80	1	0	388	467	80	1	3.45e-32	143
NC_011593.1:c2608249-2607458	NB551033:107:HTJKNBGX7:2:21106:6949:15122#0/2	98.750	80	1	0	713	792	102	23	3.45e-32	143
NC_011593.1:c2608249-2607458	NB551033:107:HTJKNBGX7:2:12309:18240:11001#0/2	96.512	86	3	0	370	455	86	1	3.45e-32	143
NC_011593.1:c2608249-2607458	NB551033:107:HTJKNBGX7:3:21611:13483:2768#0/1	98.750	80	1	0	388	467	1	80	3.45e-32	143
NC_011593.1:c2608249-2607458	NB551033:107:HTJKNBGX7:2:12309:18240:11001#0/1	96.512	86	3	0	370	455	1	86	3.45e-32	143
NC_011593.1:c2608249-2607458	NB551033:107:HTJKNBGX7:1:22304:21604:17562#0/2	98.734	79	1	0	714	792	1	79	1.24e-31	141
NC_011593.1:c2608249-2607458	NB551033:107:HTJKNBGX7:4:22508:10727:10160#0/1	98.734	79	1	0	714	792	1	79	1.24e-31	141
NC_011593.1:c2608249-2607458	NB551033:107:HTJKNBGX7:2:13112:21672:6034#0/1	97.561	82	2	0	711	792	97	16	1.24e-31	141
NC_011593.1:c2608249-2607458	NB551033:107:HTJKNBGX7:4:21407:1637:18779#0/2	95.349	86	4	0	351	436	86	1	1.61e-30	137
NC_011593.1:c2608249-2607458	NB551033:107:HTJKNBGX7:2:23212:20972:18783#0/2	96.341	82	3	0	375	456	82	1	5.78e-30	135
NC_011593.1:c2608249-2607458	NB551033:107:HTJKNBGX7:4:23512:9494:9434#0/1	97.468	79	2	0	705	783	1	79	5.78e-30	135
NC_011593.1:c2608249-2607458	NB551033:107:HTJKNBGX7:3:21606:18129:9030#0/2	98.667	75	1	0	387	461	75	1	2.08e-29	134
NC_011593.1:c2608249-2607458	NB551033:107:HTJKNBGX7:2:21111:11464:12759#0/2	96.296	81	3	0	375	455	81	1	2.08e-29	134
NC_011593.1:c2608249-2607458	NB551033:107:HTJKNBGX7:4:21407:1637:18779#0/1	95.238	84	4	0	351	434	1	84	2.08e-29	134
NC_011593.1:c2608249-2607458	NB551033:107:HTJKNBGX7:3:21606:18129:9030#0/1	98.667	75	1	0	387	461	1	75	2.08e-29	134
NC_011593.1:c2608249-2607458	NB551033:107:HTJKNBGX7:2:21111:11464:12759#0/1	96.296	81	3	0	375	455	1	81	2.08e-29	134
NC_011593.1:c2608249-2607458	NB551033:107:HTJKNBGX7:4:21506:1784:13881#0/1	98.649	74	1	0	719	792	1	74	7.47e-29	132
NC_011593.1:c2608249-2607458	NB551033:107:HTJKNBGX7:4:22501:19245:15278#0/2	98.630	73	1	0	720	792	148	76	2.69e-28	130
NC_011593.1:c2608249-2607458	NB551033:107:HTJKNBGX7:2:21307:5893:3101#0/2	96.203	79	3	0	377	455	79	1	2.69e-28	130
NC_011593.1:c2608249-2607458	NB551033:107:HTJKNBGX7:1:22210:20124:18333#0/2	98.630	73	1	0	720	792	1	73	2.69e-28	130
NC_011593.1:c2608249-2607458	NB551033:107:HTJKNBGX7:4:13409:3234:11050#0/1	98.630	73	1	0	720	792	1	73	2.69e-28	130
NC_011593.1:c2608249-2607458	NB551033:107:HTJKNBGX7:4:12409:23427:9180#0/1	98.630	73	1	0	720	792	148	76	2.69e-28	130
NC_011593.1:c2608249-2607458	NB551033:107:HTJKNBGX7:3:21402:10538:16439#0/1	98.630	73	1	0	720	792	148	76	2.69e-28	130
NC_011593.1:c2608249-2607458	NB551033:107:HTJKNBGX7:3:12601:4453:11630#0/1	98.630	73	1	0	720	792	148	76	2.69e-28	130
NC_011593.1:c2608249-2607458	NB551033:107:HTJKNBGX7:2:11306:11714:5458#0/1	98.630	73	1	0	720	792	148	76	2.69e-28	130
NC_011593.1:c2608249-2607458	NB551033:107:HTJKNBGX7:1:12201:8368:3302#0/1	98.630	73	1	0	720	792	148	76	2.69e-28	130
NC_011593.1:c2608249-2607458	NB551033:107:HTJKNBGX7:3:22403:8552:9782#0/1	100.000	69	0	0	724	792	144	76	9.67e-28	128
NC_011593.1:c2608249-2607458	NB551033:107:HTJKNBGX7:1:22210:20124:18333#0/1	100.000	69	0	0	724	792	117	49	9.67e-28	128
NC_011593.1:c2608249-2607458	NB551033:107:HTJKNBGX7:4:13409:3234:11050#0/2	100.000	68	0	0	725	792	151	84	3.48e-27	126
NC_011593.1:c2608249-2607458	NB551033:107:HTJKNBGX7:1:11112:12337:18308#0/2	100.000	68	0	0	725	792	151	84	3.48e-27	126
NC_011593.1:c2608249-2607458	NB551033:107:HTJKNBGX7:1:13312:17472:20298#0/1	97.297	74	2	0	719	792	1	74	3.48e-27	126
NC_011593.1:c2608249-2607458	NB551033:107:HTJKNBGX7:3:22606:3064:14492#0/1	100.000	67	0	0	726	792	1	67	1.25e-26	124
NC_011593.1:c2608249-2607458	NB551033:107:HTJKNBGX7:4:12411:15012:11844#0/2	100.000	65	0	0	728	792	149	85	1.62e-25	121
NC_011593.1:c2608249-2607458	NB551033:107:HTJKNBGX7:3:23501:25071:4677#0/2	95.946	74	3	0	377	450	74	1	1.62e-25	121
NC_011593.1:c2608249-2607458	NB551033:107:HTJKNBGX7:1:21111:20140:1587#0/2	95.946	74	3	0	377	450	74	1	1.62e-25	121
NC_011593.1:c2608249-2607458	NB551033:107:HTJKNBGX7:2:21311:23409:15456#0/2	98.485	66	1	0	401	466	66	1	2.09e-24	117
NC_011593.1:c2608249-2607458	NB551033:107:HTJKNBGX7:4:22605:12802:9368#0/2	100.000	62	0	0	731	792	1	62	7.52e-24	115
NC_011593.1:c2608249-2607458	NB551033:107:HTJKNBGX7:4:21503:11076:14979#0/2	100.000	62	0	0	731	792	1	62	7.52e-24	115
NC_011593.1:c2608249-2607458	NB551033:107:HTJKNBGX7:4:12510:16643:12856#0/2	100.000	62	0	0	731	792	1	62	7.52e-24	115
NC_011593.1:c2608249-2607458	NB551033:107:HTJKNBGX7:4:12501:13919:12834#0/2	100.000	62	0	0	731	792	1	62	7.52e-24	115
NC_011593.1:c2608249-2607458	NB551033:107:HTJKNBGX7:3:12403:23444:5465#0/2	100.000	62	0	0	731	792	137	76	7.52e-24	115
NC_011593.1:c2608249-2607458	NB551033:107:HTJKNBGX7:2:22212:20290:10717#0/2	100.000	62	0	0	731	792	85	24	7.52e-24	115
NC_011593.1:c2608249-2607458	NB551033:107:HTJKNBGX7:1:21210:13127:5962#0/2	100.000	62	0	0	731	792	1	62	7.52e-24	115
NC_011593.1:c2608249-2607458	NB551033:107:HTJKNBGX7:1:11301:16857:14454#0/2	100.000	62	0	0	731	792	1	62	7.52e-24	115
NC_011593.1:c2608249-2607458	NB551033:107:HTJKNBGX7:4:12510:16643:12856#0/1	100.000	62	0	0	731	792	69	8	7.52e-24	115
NC_011593.1:c2608249-2607458	NB551033:107:HTJKNBGX7:4:11504:17615:8346#0/1	100.000	62	0	0	731	792	84	23	7.52e-24	115
NC_011593.1:c2608249-2607458	NB551033:107:HTJKNBGX7:3:21604:26101:3280#0/1	95.775	71	3	0	370	440	71	1	7.52e-24	115
NC_011593.1:c2608249-2607458	NB551033:107:HTJKNBGX7:3:21409:11893:13584#0/1	100.000	62	0	0	731	792	1	62	7.52e-24	115
NC_011593.1:c2608249-2607458	NB551033:107:HTJKNBGX7:3:12403:23444:5465#0/1	100.000	62	0	0	731	792	1	62	7.52e-24	115
NC_011593.1:c2608249-2607458	NB551033:107:HTJKNBGX7:3:11610:8551:19472#0/1	100.000	62	0	0	731	792	1	62	7.52e-24	115
NC_011593.1:c2608249-2607458	NB551033:107:HTJKNBGX7:2:22212:20290:10717#0/1	100.000	62	0	0	731	792	1	62	7.52e-24	115
NC_011593.1:c2608249-2607458	NB551033:107:HTJKNBGX7:2:11103:22444:14961#0/1	100.000	62	0	0	731	792	1	62	7.52e-24	115
NC_011593.1:c2608249-2607458	NB551033:107:HTJKNBGX7:1:21210:13127:5962#0/1	100.000	62	0	0	731	792	86	25	7.52e-24	115
NC_011593.1:c2608249-2607458	NB551033:107:HTJKNBGX7:1:21104:10846:17371#0/1	100.000	62	0	0	731	792	1	62	7.52e-24	115
NC_011593.1:c2608249-2607458	NB551033:107:HTJKNBGX7:1:11301:16857:14454#0/1	100.000	62	0	0	731	792	65	4	7.52e-24	115
NC_011593.1:c2608249-2607458	NB551033:107:HTJKNBGX7:3:13509:21290:5553#0/1	100.000	60	0	0	733	792	151	92	9.73e-23	111
NC_011593.1:c2608249-2607458	NB551033:107:HTJKNBGX7:4:11504:17615:8346#0/2	98.387	62	1	0	731	792	1	62	3.50e-22	110
NC_011593.1:c2608249-2607458	NB551033:107:HTJKNBGX7:4:13410:18778:1243#0/2	95.455	66	3	0	366	431	66	1	4.53e-21	106
NC_011593.1:c2608249-2607458	NB551033:107:HTJKNBGX7:4:13410:18778:1243#0/1	95.455	66	3	0	366	431	1	66	4.53e-21	106
NC_011593.1:c2608249-2607458	NB551033:107:HTJKNBGX7:4:21503:21561:2193#0/2	100.000	56	0	0	737	792	1	56	1.63e-20	104
NC_011593.1:c2608249-2607458	NB551033:107:HTJKNBGX7:4:13508:13438:16480#0/2	100.000	56	0	0	737	792	1	56	1.63e-20	104
NC_011593.1:c2608249-2607458	NB551033:107:HTJKNBGX7:4:12605:16784:7497#0/2	100.000	56	0	0	737	792	1	56	1.63e-20	104
NC_011593.1:c2608249-2607458	NB551033:107:HTJKNBGX7:4:13508:13438:16480#0/1	100.000	56	0	0	737	792	108	53	1.63e-20	104
NC_011593.1:c2608249-2607458	NB551033:107:HTJKNBGX7:4:12605:16784:7497#0/1	100.000	56	0	0	737	792	139	84	1.63e-20	104
NC_011593.1:c2608249-2607458	NB551033:107:HTJKNBGX7:2:23306:9546:10373#0/2	100.000	54	0	0	739	792	1	54	2.11e-19	100
NC_011593.1:c2608249-2607458	NB551033:107:HTJKNBGX7:2:12309:7818:19864#0/2	100.000	54	0	0	739	792	1	54	2.11e-19	100
NC_011593.1:c2608249-2607458	NB551033:107:HTJKNBGX7:4:22501:8302:18478#0/1	100.000	54	0	0	739	792	1	54	2.11e-19	100
NC_011593.1:c2608249-2607458	NB551033:107:HTJKNBGX7:2:22208:23939:11164#0/1	100.000	54	0	0	739	792	1	54	2.11e-19	100
NC_011593.1:c2608249-2607458	NB551033:107:HTJKNBGX7:2:12309:7818:19864#0/1	100.000	54	0	0	739	792	114	61	2.11e-19	100
NC_011593.1:c2608249-2607458	NB551033:107:HTJKNBGX7:1:21111:20140:1587#0/1	95.238	63	3	0	367	429	1	63	2.11e-19	100
NC_011593.1:c2608249-2607458	NB551033:107:HTJKNBGX7:4:22501:8302:18478#0/2	100.000	53	0	0	740	792	128	76	7.58e-19	99.0
NC_011593.1:c2608249-2607458	NB551033:107:HTJKNBGX7:2:22206:12165:8098#0/2	100.000	53	0	0	740	792	150	98	7.58e-19	99.0
NC_011593.1:c2608249-2607458	NB551033:107:HTJKNBGX7:4:13607:14401:1147#0/1	100.000	53	0	0	740	792	150	98	7.58e-19	99.0
NC_011593.1:c2608249-2607458	NB551033:107:HTJKNBGX7:4:21503:21561:2193#0/1	100.000	51	0	0	742	792	150	100	9.80e-18	95.3
NC_011593.1:c2608249-2607458	NB551033:107:HTJKNBGX7:3:13406:17507:14753#0/2	100.000	50	0	0	743	792	125	76	3.53e-17	93.5
NC_011593.1:c2608249-2607458	NB551033:107:HTJKNBGX7:3:13406:17507:14753#0/1	100.000	50	0	0	743	792	1	50	3.53e-17	93.5
NC_011593.1:c2608249-2607458	NB551033:107:HTJKNBGX7:4:11604:14436:16153#0/2	100.000	49	0	0	744	792	124	76	1.27e-16	91.6
NC_011593.1:c2608249-2607458	NB551033:107:HTJKNBGX7:3:12501:6734:12763#0/2	100.000	49	0	0	744	792	96	48	1.27e-16	91.6
NC_011593.1:c2608249-2607458	NB551033:107:HTJKNBGX7:4:11604:14436:16153#0/1	100.000	49	0	0	744	792	1	49	1.27e-16	91.6
NC_011593.1:c2608249-2607458	NB551033:107:HTJKNBGX7:3:12501:6734:12763#0/1	100.000	49	0	0	744	792	1	49	1.27e-16	91.6
NC_011593.1:c2608249-2607458	NB551033:107:HTJKNBGX7:1:21309:23977:18534#0/2	100.000	48	0	0	745	792	1	48	4.56e-16	89.8
NC_011593.1:c2608249-2607458	NB551033:107:HTJKNBGX7:1:21309:23977:18534#0/1	100.000	48	0	0	745	792	63	16	4.56e-16	89.8
NC_011593.1:c2608249-2607458	NB551033:107:HTJKNBGX7:4:11410:9165:19078#0/2	100.000	47	0	0	746	792	149	103	1.64e-15	87.9
NC_011593.1:c2608249-2607458	NB551033:107:HTJKNBGX7:1:22304:21604:17562#0/1	100.000	45	0	0	748	792	145	101	2.12e-14	84.2
NC_011593.1:c2608249-2607458	NB551033:107:HTJKNBGX7:4:21503:11076:14979#0/1	100.000	44	0	0	749	792	119	76	7.63e-14	82.4
NC_011593.1:c2608249-2607458	NB551033:107:HTJKNBGX7:4:12501:13919:12834#0/1	100.000	42	0	0	751	792	137	96	9.87e-13	78.7
NC_011593.1:c2608249-2607458	NB551033:107:HTJKNBGX7:2:11103:22444:14961#0/2	100.000	41	0	0	752	792	151	111	3.55e-12	76.8
NC_011593.1:c2608249-2607458	NB551033:107:HTJKNBGX7:4:21506:1784:13881#0/2	100.000	40	0	0	753	792	115	76	1.28e-11	75.0
NC_011593.1:c2608249-2607458	NB551033:107:HTJKNBGX7:3:21409:11893:13584#0/2	100.000	37	0	0	756	792	112	76	5.94e-10	69.4
NC_011593.1:c2608249-2607458	NB551033:107:HTJKNBGX7:3:12502:14058:6336#0/2	100.000	37	0	0	756	792	1	37	5.94e-10	69.4
NC_011593.1:c2608249-2607458	NB551033:107:HTJKNBGX7:3:12502:14058:6336#0/1	100.000	37	0	0	756	792	112	76	5.94e-10	69.4
NC_011593.1:c2608249-2607458	NB551033:107:HTJKNBGX7:3:23407:1983:17145#0/2	100.000	35	0	0	758	792	1	35	7.69e-09	65.8
NC_011593.1:c2608249-2607458	NB551033:107:HTJKNBGX7:3:13404:3786:5180#0/2	100.000	33	0	0	760	792	1	33	9.94e-08	62.1
NC_011593.1:c2608249-2607458	NB551033:107:HTJKNBGX7:2:11312:22050:7294#0/2	100.000	33	0	0	760	792	1	33	9.94e-08	62.1
NC_011593.1:c2608249-2607458	NB551033:107:HTJKNBGX7:3:13404:3786:5180#0/1	100.000	33	0	0	760	792	83	51	9.94e-08	62.1
NC_011593.1:c2608249-2607458	NB551033:107:HTJKNBGX7:3:21501:2978:11981#0/2	100.000	32	0	0	761	792	1	32	3.58e-07	60.2
NC_011593.1:c2608249-2607458	NB551033:107:HTJKNBGX7:3:21501:2978:11981#0/1	100.000	32	0	0	761	792	107	76	3.58e-07	60.2
NC_011593.1:c2608249-2607458	NB551033:107:HTJKNBGX7:1:13109:6865:14540#0/2	100.000	29	0	0	764	792	1	29	1.66e-05	54.7
NC_011593.1:c2608249-2607458	NB551033:107:HTJKNBGX7:1:13109:6865:14540#0/1	100.000	29	0	0	764	792	104	76	1.66e-05	54.7
NC_011593.1:c2608249-2607458	NB551033:107:HTJKNBGX7:4:12602:3272:13660#0/2	100.000	28	0	0	765	792	1	28	5.98e-05	52.8
NC_011593.1:c2608249-2607458	NB551033:107:HTJKNBGX7:3:13511:4159:7780#0/2	100.000	28	0	0	765	792	103	76	5.98e-05	52.8
NC_011593.1:c2608249-2607458	NB551033:107:HTJKNBGX7:3:12606:3098:16151#0/2	100.000	28	0	0	765	792	1	28	5.98e-05	52.8
NC_011593.1:c2608249-2607458	NB551033:107:HTJKNBGX7:1:13301:9854:18104#0/2	100.000	28	0	0	765	792	112	85	5.98e-05	52.8
NC_011593.1:c2608249-2607458	NB551033:107:HTJKNBGX7:4:21511:26401:14578#0/1	100.000	28	0	0	765	792	1	28	5.98e-05	52.8
NC_011593.1:c2608249-2607458	NB551033:107:HTJKNBGX7:3:13511:4159:7780#0/1	100.000	28	0	0	765	792	1	28	5.98e-05	52.8
NC_011593.1:c2608249-2607458	NB551033:107:HTJKNBGX7:3:12606:3098:16151#0/1	100.000	28	0	0	765	792	103	76	5.98e-05	52.8
NC_011593.1:c2608249-2607458	NB551033:107:HTJKNBGX7:1:23212:6830:14920#0/1	100.000	28	0	0	765	792	1	28	5.98e-05	52.8
NC_011593.1:c2608249-2607458	NB551033:107:HTJKNBGX7:1:13301:9854:18104#0/1	100.000	28	0	0	765	792	1	28	5.98e-05	52.8
# BLASTN 2.9.0+
# Query: NC_011593.1:c2609546-2608269 Bifidobacterium longum subsp. infantis ATCC 15697, complete genome
# Database: db/blast_C0634-1E-1A_S19.faa
# Fields: query acc.ver, subject acc.ver, % identity, alignment length, mismatches, gap opens, q. start, q. end, s. start, s. end, evalue, bit score
# 241 hits found
NC_011593.1:c2609546-2608269	NB551033:107:HTJKNBGX7:4:23407:3809:14728#0/2	96.689	151	5	0	904	1054	1	151	8.88e-65	252
NC_011593.1:c2609546-2608269	NB551033:107:HTJKNBGX7:3:22405:12032:16059#0/2	96.689	151	5	0	904	1054	1	151	8.88e-65	252
NC_011593.1:c2609546-2608269	NB551033:107:HTJKNBGX7:1:22106:6513:4982#0/2	96.667	150	5	0	904	1053	1	150	3.20e-64	250
NC_011593.1:c2609546-2608269	NB551033:107:HTJKNBGX7:4:22404:15153:15583#0/2	96.026	151	6	0	1123	1273	1	151	4.13e-63	246
NC_011593.1:c2609546-2608269	NB551033:107:HTJKNBGX7:4:21401:4761:6742#0/2	96.026	151	6	0	1010	1160	151	1	4.13e-63	246
NC_011593.1:c2609546-2608269	NB551033:107:HTJKNBGX7:3:23403:21972:17288#0/2	96.622	148	5	0	269	416	148	1	4.13e-63	246
NC_011593.1:c2609546-2608269	NB551033:107:HTJKNBGX7:3:22606:18421:16118#0/2	96.026	151	6	0	1123	1273	1	151	4.13e-63	246
NC_011593.1:c2609546-2608269	NB551033:107:HTJKNBGX7:3:13406:7141:10736#0/2	96.026	151	6	0	250	400	151	1	4.13e-63	246
NC_011593.1:c2609546-2608269	NB551033:107:HTJKNBGX7:3:11602:20309:13358#0/2	96.026	151	6	0	264	414	1	151	4.13e-63	246
NC_011593.1:c2609546-2608269	NB551033:107:HTJKNBGX7:3:11408:13890:19836#0/2	96.026	151	6	0	264	414	1	151	4.13e-63	246
NC_011593.1:c2609546-2608269	NB551033:107:HTJKNBGX7:2:12310:6805:14883#0/2	96.026	151	6	0	264	414	1	151	4.13e-63	246
NC_011593.1:c2609546-2608269	NB551033:107:HTJKNBGX7:1:22203:15261:17877#0/2	96.026	151	6	0	1123	1273	1	151	4.13e-63	246
NC_011593.1:c2609546-2608269	NB551033:107:HTJKNBGX7:1:11204:14148:18569#0/2	96.622	148	5	0	269	416	148	1	4.13e-63	246
NC_011593.1:c2609546-2608269	NB551033:107:HTJKNBGX7:4:22611:21147:7399#0/1	96.026	151	6	0	264	414	1	151	4.13e-63	246
NC_011593.1:c2609546-2608269	NB551033:107:HTJKNBGX7:4:22411:18459:17717#0/1	96.622	148	5	0	269	416	148	1	4.13e-63	246
NC_011593.1:c2609546-2608269	NB551033:107:HTJKNBGX7:3:11601:14913:19893#0/1	96.622	148	5	0	893	1040	1	148	4.13e-63	246
NC_011593.1:c2609546-2608269	NB551033:107:HTJKNBGX7:1:23102:10984:6222#0/1	96.026	151	6	0	1002	1152	151	1	4.13e-63	246
NC_011593.1:c2609546-2608269	NB551033:107:HTJKNBGX7:1:12104:18314:5410#0/1	96.026	151	6	0	264	414	1	151	4.13e-63	246
NC_011593.1:c2609546-2608269	NB551033:107:HTJKNBGX7:4:13601:9429:6377#0/2	96.000	150	6	0	1123	1272	1	150	1.49e-62	244
NC_011593.1:c2609546-2608269	NB551033:107:HTJKNBGX7:3:23503:21526:5772#0/2	96.000	150	6	0	1120	1269	150	1	1.49e-62	244
NC_011593.1:c2609546-2608269	NB551033:107:HTJKNBGX7:3:11404:8153:2762#0/2	96.000	150	6	0	264	413	1	150	1.49e-62	244
NC_011593.1:c2609546-2608269	NB551033:107:HTJKNBGX7:2:21206:11303:16499#0/2	96.000	150	6	0	257	406	1	150	1.49e-62	244
NC_011593.1:c2609546-2608269	NB551033:107:HTJKNBGX7:2:21203:22317:14456#0/2	96.000	150	6	0	904	1053	1	150	1.49e-62	244
NC_011593.1:c2609546-2608269	NB551033:107:HTJKNBGX7:2:21110:22772:11247#0/2	96.000	150	6	0	241	390	150	1	1.49e-62	244
NC_011593.1:c2609546-2608269	NB551033:107:HTJKNBGX7:1:22202:24051:8255#0/2	96.000	150	6	0	255	404	1	150	1.49e-62	244
NC_011593.1:c2609546-2608269	NB551033:107:HTJKNBGX7:4:23411:15784:9443#0/1	96.000	150	6	0	1125	1274	150	1	1.49e-62	244
NC_011593.1:c2609546-2608269	NB551033:107:HTJKNBGX7:4:13504:3371:3845#0/1	96.000	150	6	0	1120	1269	150	1	1.49e-62	244
NC_011593.1:c2609546-2608269	NB551033:107:HTJKNBGX7:3:23403:21972:17288#0/1	96.000	150	6	0	230	379	1	150	1.49e-62	244
NC_011593.1:c2609546-2608269	NB551033:107:HTJKNBGX7:2:13109:26201:9992#0/1	96.000	150	6	0	258	407	1	150	1.49e-62	244
NC_011593.1:c2609546-2608269	NB551033:107:HTJKNBGX7:2:13101:17742:2862#0/1	96.599	147	5	0	909	1055	1	147	1.49e-62	244
NC_011593.1:c2609546-2608269	NB551033:107:HTJKNBGX7:2:11311:20088:17159#0/1	96.000	150	6	0	258	407	1	150	1.49e-62	244
NC_011593.1:c2609546-2608269	NB551033:107:HTJKNBGX7:1:11305:6472:12219#0/1	96.000	150	6	0	1007	1156	150	1	1.49e-62	244
NC_011593.1:c2609546-2608269	NB551033:107:HTJKNBGX7:1:23307:11247:18482#0/2	95.973	149	6	0	1015	1163	150	2	5.35e-62	243
NC_011593.1:c2609546-2608269	NB551033:107:HTJKNBGX7:1:13210:25540:17199#0/2	95.973	149	6	0	1130	1278	151	3	5.35e-62	243
NC_011593.1:c2609546-2608269	NB551033:107:HTJKNBGX7:1:23307:11247:18482#0/1	95.973	149	6	0	997	1145	3	151	5.35e-62	243
NC_011593.1:c2609546-2608269	NB551033:107:HTJKNBGX7:1:13302:5556:4259#0/1	95.973	149	6	0	877	1025	3	151	5.35e-62	243
NC_011593.1:c2609546-2608269	NB551033:107:HTJKNBGX7:4:22508:6086:10756#0/2	95.364	151	7	0	178	328	1	151	1.92e-61	241
NC_011593.1:c2609546-2608269	NB551033:107:HTJKNBGX7:4:22406:11472:19575#0/2	95.364	151	7	0	1123	1273	1	151	1.92e-61	241
NC_011593.1:c2609546-2608269	NB551033:107:HTJKNBGX7:3:12510:12490:7477#0/2	95.364	151	7	0	193	343	151	1	1.92e-61	241
NC_011593.1:c2609546-2608269	NB551033:107:HTJKNBGX7:3:11504:20629:13922#0/2	95.364	151	7	0	914	1064	1	151	1.92e-61	241
NC_011593.1:c2609546-2608269	NB551033:107:HTJKNBGX7:1:23308:17011:1435#0/2	95.946	148	6	0	175	322	3	150	1.92e-61	241
NC_011593.1:c2609546-2608269	NB551033:107:HTJKNBGX7:1:23102:10984:6222#0/2	95.364	151	7	0	920	1070	1	151	1.92e-61	241
NC_011593.1:c2609546-2608269	NB551033:107:HTJKNBGX7:1:11101:25298:14236#0/2	95.364	151	7	0	193	343	151	1	1.92e-61	241
NC_011593.1:c2609546-2608269	NB551033:107:HTJKNBGX7:4:21404:5903:16705#0/1	95.946	148	6	0	1123	1270	1	148	1.92e-61	241
NC_011593.1:c2609546-2608269	NB551033:107:HTJKNBGX7:3:23503:21526:5772#0/1	95.364	151	7	0	1112	1262	1	151	1.92e-61	241
NC_011593.1:c2609546-2608269	NB551033:107:HTJKNBGX7:1:11204:14148:18569#0/1	95.364	151	7	0	198	348	1	151	1.92e-61	241
NC_011593.1:c2609546-2608269	NB551033:107:HTJKNBGX7:4:13504:3371:3845#0/2	95.333	150	7	0	1093	1242	1	150	6.92e-61	239
NC_011593.1:c2609546-2608269	NB551033:107:HTJKNBGX7:3:23409:7993:6804#0/2	95.333	150	7	0	186	335	150	1	6.92e-61	239
NC_011593.1:c2609546-2608269	NB551033:107:HTJKNBGX7:3:11411:1104:17663#0/2	95.918	147	6	0	877	1023	3	149	6.92e-61	239
NC_011593.1:c2609546-2608269	NB551033:107:HTJKNBGX7:2:21212:6282:8096#0/2	95.918	147	6	0	175	321	147	1	6.92e-61	239
NC_011593.1:c2609546-2608269	NB551033:107:HTJKNBGX7:2:21104:14660:14179#0/2	95.333	150	7	0	214	363	1	150	6.92e-61	239
NC_011593.1:c2609546-2608269	NB551033:107:HTJKNBGX7:2:12203:14344:13274#0/2	95.333	150	7	0	1107	1256	1	150	6.92e-61	239
NC_011593.1:c2609546-2608269	NB551033:107:HTJKNBGX7:1:13110:5866:19905#0/2	95.333	150	7	0	994	1143	1	150	6.92e-61	239
NC_011593.1:c2609546-2608269	NB551033:107:HTJKNBGX7:1:12102:13341:6432#0/2	95.918	147	6	0	263	409	147	1	6.92e-61	239
NC_011593.1:c2609546-2608269	NB551033:107:HTJKNBGX7:4:22606:20768:15920#0/1	95.333	150	7	0	264	413	1	150	6.92e-61	239
NC_011593.1:c2609546-2608269	NB551033:107:HTJKNBGX7:4:22406:11472:19575#0/1	95.333	150	7	0	1126	1275	150	1	6.92e-61	239
NC_011593.1:c2609546-2608269	NB551033:107:HTJKNBGX7:4:13508:23226:2167#0/1	95.333	150	7	0	170	319	1	150	6.92e-61	239
NC_011593.1:c2609546-2608269	NB551033:107:HTJKNBGX7:3:21412:22400:13433#0/1	95.333	150	7	0	180	329	150	1	6.92e-61	239
NC_011593.1:c2609546-2608269	NB551033:107:HTJKNBGX7:2:22204:14776:11765#0/1	95.333	150	7	0	1093	1242	1	150	6.92e-61	239
NC_011593.1:c2609546-2608269	NB551033:107:HTJKNBGX7:2:21310:2304:6961#0/1	95.918	147	6	0	909	1055	1	147	6.92e-61	239
NC_011593.1:c2609546-2608269	NB551033:107:HTJKNBGX7:2:11110:21653:6848#0/1	95.333	150	7	0	198	347	1	150	6.92e-61	239
NC_011593.1:c2609546-2608269	NB551033:107:HTJKNBGX7:1:21101:10427:9314#0/1	95.333	150	7	0	1093	1242	150	1	6.92e-61	239
NC_011593.1:c2609546-2608269	NB551033:107:HTJKNBGX7:1:11304:20675:9501#0/1	95.333	150	7	0	170	319	1	150	6.92e-61	239
NC_011593.1:c2609546-2608269	NB551033:107:HTJKNBGX7:4:22411:18459:17717#0/2	95.302	149	7	0	169	317	2	150	2.49e-60	237
NC_011593.1:c2609546-2608269	NB551033:107:HTJKNBGX7:4:21606:23480:2064#0/2	95.890	146	6	0	1060	1205	3	148	2.49e-60	237
NC_011593.1:c2609546-2608269	NB551033:107:HTJKNBGX7:4:11405:17595:5425#0/2	95.302	149	7	0	862	1010	2	150	2.49e-60	237
NC_011593.1:c2609546-2608269	NB551033:107:HTJKNBGX7:3:21412:22400:13433#0/2	95.302	149	7	0	170	318	1	149	2.49e-60	237
NC_011593.1:c2609546-2608269	NB551033:107:HTJKNBGX7:2:22302:6688:1846#0/2	95.890	146	6	0	223	368	146	1	2.49e-60	237
NC_011593.1:c2609546-2608269	NB551033:107:HTJKNBGX7:1:21101:10427:9314#0/2	95.890	146	6	0	1060	1205	3	148	2.49e-60	237
NC_011593.1:c2609546-2608269	NB551033:107:HTJKNBGX7:4:23403:11536:18696#0/1	95.890	146	6	0	1060	1205	3	148	2.49e-60	237
NC_011593.1:c2609546-2608269	NB551033:107:HTJKNBGX7:1:13312:3780:11503#0/1	95.302	149	7	0	170	318	1	149	2.49e-60	237
NC_011593.1:c2609546-2608269	NB551033:107:HTJKNBGX7:1:12102:13341:6432#0/1	95.890	146	6	0	264	409	1	146	2.49e-60	237
NC_011593.1:c2609546-2608269	NB551033:107:HTJKNBGX7:4:23507:11384:6994#0/2	95.270	148	7	0	1095	1242	1	148	8.95e-60	235
NC_011593.1:c2609546-2608269	NB551033:107:HTJKNBGX7:4:23403:11536:18696#0/2	95.270	148	7	0	1095	1242	148	1	8.95e-60	235
NC_011593.1:c2609546-2608269	NB551033:107:HTJKNBGX7:3:13604:19994:16315#0/2	95.862	145	6	0	909	1053	1	145	8.95e-60	235
NC_011593.1:c2609546-2608269	NB551033:107:HTJKNBGX7:1:11305:6472:12219#0/2	95.862	145	6	0	904	1048	1	145	8.95e-60	235
NC_011593.1:c2609546-2608269	NB551033:107:HTJKNBGX7:3:13603:22434:9733#0/1	96.479	142	5	0	909	1050	1	142	8.95e-60	235
NC_011593.1:c2609546-2608269	NB551033:107:HTJKNBGX7:3:11508:15006:9517#0/1	95.270	148	7	0	862	1009	2	149	8.95e-60	235
NC_011593.1:c2609546-2608269	NB551033:107:HTJKNBGX7:4:11411:2541:13974#0/2	95.238	147	7	0	175	321	147	1	3.22e-59	233
NC_011593.1:c2609546-2608269	NB551033:107:HTJKNBGX7:3:23509:1861:8467#0/2	95.833	144	6	0	1060	1203	144	1	3.22e-59	233
NC_011593.1:c2609546-2608269	NB551033:107:HTJKNBGX7:4:13511:21458:13041#0/1	95.833	144	6	0	1060	1203	144	1	3.22e-59	233
NC_011593.1:c2609546-2608269	NB551033:107:HTJKNBGX7:1:11301:13730:19634#0/1	95.238	147	7	0	169	315	147	1	3.22e-59	233
NC_011593.1:c2609546-2608269	NB551033:107:HTJKNBGX7:2:12302:8962:6924#0/2	95.205	146	7	0	1060	1205	3	148	1.16e-58	231
NC_011593.1:c2609546-2608269	NB551033:107:HTJKNBGX7:1:12211:6271:11917#0/2	95.205	146	7	0	198	343	1	146	1.16e-58	231
NC_011593.1:c2609546-2608269	NB551033:107:HTJKNBGX7:4:11407:10716:8894#0/1	95.205	146	7	0	1060	1205	3	148	1.16e-58	231
NC_011593.1:c2609546-2608269	NB551033:107:HTJKNBGX7:2:22302:6688:1846#0/1	95.804	143	6	0	223	365	3	145	1.16e-58	231
NC_011593.1:c2609546-2608269	NB551033:107:HTJKNBGX7:1:22305:17241:1772#0/1	95.205	146	7	0	1090	1235	146	1	1.16e-58	231
NC_011593.1:c2609546-2608269	NB551033:107:HTJKNBGX7:1:21305:5144:10848#0/1	96.429	140	5	0	916	1055	1	140	1.16e-58	231
NC_011593.1:c2609546-2608269	NB551033:107:HTJKNBGX7:1:12211:6271:11917#0/1	95.205	146	7	0	198	343	146	1	1.16e-58	231
NC_011593.1:c2609546-2608269	NB551033:107:HTJKNBGX7:3:21410:10470:11791#0/2	95.775	142	6	0	1060	1201	1	142	4.16e-58	230
NC_011593.1:c2609546-2608269	NB551033:107:HTJKNBGX7:1:22102:24560:13526#0/2	95.172	145	7	0	1093	1237	1	145	4.16e-58	230
NC_011593.1:c2609546-2608269	NB551033:107:HTJKNBGX7:4:22503:8693:7429#0/1	95.775	142	6	0	1014	1155	142	1	4.16e-58	230
NC_011593.1:c2609546-2608269	NB551033:107:HTJKNBGX7:3:23607:2591:9265#0/2	95.139	144	7	0	291	434	1	144	1.50e-57	228
NC_011593.1:c2609546-2608269	NB551033:107:HTJKNBGX7:2:13211:10308:19463#0/2	95.745	141	6	0	1138	1278	1	141	1.50e-57	228
NC_011593.1:c2609546-2608269	NB551033:107:HTJKNBGX7:2:13211:10308:19463#0/1	95.745	141	6	0	1138	1278	142	2	1.50e-57	228
NC_011593.1:c2609546-2608269	NB551033:107:HTJKNBGX7:2:12106:26334:11678#0/1	95.139	144	7	0	291	434	1	144	1.50e-57	228
NC_011593.1:c2609546-2608269	NB551033:107:HTJKNBGX7:3:11603:19478:15756#0/2	95.714	140	6	0	178	317	140	1	5.38e-57	226
NC_011593.1:c2609546-2608269	NB551033:107:HTJKNBGX7:4:12411:6828:7567#0/2	95.683	139	6	0	1140	1278	151	13	1.94e-56	224
NC_011593.1:c2609546-2608269	NB551033:107:HTJKNBGX7:4:11406:23790:9052#0/2	96.324	136	5	0	920	1055	1	136	1.94e-56	224
NC_011593.1:c2609546-2608269	NB551033:107:HTJKNBGX7:1:12212:18608:13289#0/1	95.070	142	7	0	988	1129	142	1	1.94e-56	224
NC_011593.1:c2609546-2608269	NB551033:107:HTJKNBGX7:1:12107:22976:19564#0/2	95.035	141	7	0	1068	1208	143	3	6.97e-56	222
NC_011593.1:c2609546-2608269	NB551033:107:HTJKNBGX7:3:23410:13299:16197#0/1	95.652	138	6	0	291	428	1	138	6.97e-56	222
NC_011593.1:c2609546-2608269	NB551033:107:HTJKNBGX7:3:12611:4210:2481#0/1	96.241	133	5	0	920	1052	1	133	9.01e-55	219
NC_011593.1:c2609546-2608269	NB551033:107:HTJKNBGX7:2:22307:17427:12577#0/1	95.588	136	6	0	1107	1242	136	1	9.01e-55	219
NC_011593.1:c2609546-2608269	NB551033:107:HTJKNBGX7:1:13309:11515:10505#0/1	95.588	136	6	0	175	310	136	1	9.01e-55	219
NC_011593.1:c2609546-2608269	NB551033:107:HTJKNBGX7:2:13306:15321:7678#0/1	95.556	135	6	0	1060	1194	135	1	3.24e-54	217
NC_011593.1:c2609546-2608269	NB551033:107:HTJKNBGX7:3:23602:11578:19920#0/2	96.183	131	5	0	920	1050	1	131	1.17e-53	215
NC_011593.1:c2609546-2608269	NB551033:107:HTJKNBGX7:2:23111:11968:11449#0/2	95.522	134	6	0	258	391	1	134	1.17e-53	215
NC_011593.1:c2609546-2608269	NB551033:107:HTJKNBGX7:2:23111:11968:11449#0/1	95.522	134	6	0	258	391	134	1	1.17e-53	215
NC_011593.1:c2609546-2608269	NB551033:107:HTJKNBGX7:2:22307:17427:12577#0/2	95.489	133	6	0	1107	1239	1	133	4.19e-53	213
NC_011593.1:c2609546-2608269	NB551033:107:HTJKNBGX7:4:21403:14913:14902#0/2	96.124	129	5	0	909	1037	1	129	1.51e-52	211
NC_011593.1:c2609546-2608269	NB551033:107:HTJKNBGX7:3:23605:20956:6771#0/2	95.455	132	6	0	1060	1191	132	1	1.51e-52	211
NC_011593.1:c2609546-2608269	NB551033:107:HTJKNBGX7:1:22312:25934:14539#0/2	95.455	132	6	0	184	315	132	1	1.51e-52	211
NC_011593.1:c2609546-2608269	NB551033:107:HTJKNBGX7:1:11103:12842:13095#0/2	95.455	132	6	0	1147	1278	1	132	1.51e-52	211
NC_011593.1:c2609546-2608269	NB551033:107:HTJKNBGX7:1:22312:25934:14539#0/1	95.455	132	6	0	184	315	1	132	1.51e-52	211
NC_011593.1:c2609546-2608269	NB551033:107:HTJKNBGX7:3:21602:17451:13990#0/2	95.420	131	6	0	291	421	1	131	5.42e-52	209
NC_011593.1:c2609546-2608269	NB551033:107:HTJKNBGX7:3:11601:7779:14390#0/2	95.420	131	6	0	180	310	131	1	5.42e-52	209
NC_011593.1:c2609546-2608269	NB551033:107:HTJKNBGX7:3:23408:15015:8817#0/1	95.420	131	6	0	1148	1278	1	131	5.42e-52	209
NC_011593.1:c2609546-2608269	NB551033:107:HTJKNBGX7:3:23404:9343:18110#0/1	95.420	131	6	0	1112	1242	1	131	5.42e-52	209
NC_011593.1:c2609546-2608269	NB551033:107:HTJKNBGX7:4:22501:25233:8733#0/2	95.385	130	6	0	947	1076	1	130	1.95e-51	207
NC_011593.1:c2609546-2608269	NB551033:107:HTJKNBGX7:1:22207:15483:15594#0/2	95.385	130	6	0	295	424	130	1	1.95e-51	207
NC_011593.1:c2609546-2608269	NB551033:107:HTJKNBGX7:3:23411:6296:11663#0/1	95.385	130	6	0	178	307	1	130	1.95e-51	207
NC_011593.1:c2609546-2608269	NB551033:107:HTJKNBGX7:1:23105:20834:4546#0/1	96.063	127	5	0	302	428	1	127	1.95e-51	207
NC_011593.1:c2609546-2608269	NB551033:107:HTJKNBGX7:4:23508:9715:6802#0/2	95.349	129	6	0	229	357	129	1	7.01e-51	206
NC_011593.1:c2609546-2608269	NB551033:107:HTJKNBGX7:4:23408:25945:5588#0/2	95.349	129	6	0	1150	1278	149	21	7.01e-51	206
NC_011593.1:c2609546-2608269	NB551033:107:HTJKNBGX7:3:22611:23159:17403#0/2	96.032	126	5	0	235	360	126	1	7.01e-51	206
NC_011593.1:c2609546-2608269	NB551033:107:HTJKNBGX7:1:22212:19971:13370#0/2	95.349	129	6	0	1003	1131	129	1	7.01e-51	206
NC_011593.1:c2609546-2608269	NB551033:107:HTJKNBGX7:1:13107:5543:14057#0/2	95.349	129	6	0	948	1076	1	129	7.01e-51	206
NC_011593.1:c2609546-2608269	NB551033:107:HTJKNBGX7:4:23508:9715:6802#0/1	95.349	129	6	0	229	357	1	129	7.01e-51	206
NC_011593.1:c2609546-2608269	NB551033:107:HTJKNBGX7:4:22608:23651:18702#0/1	96.032	126	5	0	237	362	126	1	7.01e-51	206
NC_011593.1:c2609546-2608269	NB551033:107:HTJKNBGX7:3:22611:23159:17403#0/1	96.032	126	5	0	235	360	1	126	7.01e-51	206
NC_011593.1:c2609546-2608269	NB551033:107:HTJKNBGX7:3:11603:19478:15756#0/1	95.349	129	6	0	178	306	1	129	7.01e-51	206
NC_011593.1:c2609546-2608269	NB551033:107:HTJKNBGX7:1:22212:19971:13370#0/1	95.349	129	6	0	1003	1131	1	129	7.01e-51	206
NC_011593.1:c2609546-2608269	NB551033:107:HTJKNBGX7:1:12109:20756:5612#0/2	95.312	128	6	0	1151	1278	150	23	2.52e-50	204
NC_011593.1:c2609546-2608269	NB551033:107:HTJKNBGX7:2:22103:25174:10070#0/1	96.721	122	4	0	223	344	3	124	2.52e-50	204
NC_011593.1:c2609546-2608269	NB551033:107:HTJKNBGX7:1:21301:12599:15916#0/1	96.000	125	5	0	931	1055	1	125	2.52e-50	204
NC_011593.1:c2609546-2608269	NB551033:107:HTJKNBGX7:1:12107:22976:19564#0/1	95.312	128	6	0	1068	1195	1	128	2.52e-50	204
NC_011593.1:c2609546-2608269	NB551033:107:HTJKNBGX7:1:11311:17392:3639#0/1	95.312	128	6	0	988	1115	1	128	2.52e-50	204
NC_011593.1:c2609546-2608269	NB551033:107:HTJKNBGX7:4:12606:18523:6200#0/2	95.276	127	6	0	184	310	1	127	9.07e-50	202
NC_011593.1:c2609546-2608269	NB551033:107:HTJKNBGX7:4:11509:13158:2840#0/2	95.276	127	6	0	295	421	127	1	9.07e-50	202
NC_011593.1:c2609546-2608269	NB551033:107:HTJKNBGX7:3:13406:13977:11001#0/2	95.276	127	6	0	1152	1278	147	21	9.07e-50	202
NC_011593.1:c2609546-2608269	NB551033:107:HTJKNBGX7:2:22105:25136:14930#0/2	95.276	127	6	0	184	310	127	1	9.07e-50	202
NC_011593.1:c2609546-2608269	NB551033:107:HTJKNBGX7:4:12606:18523:6200#0/1	95.276	127	6	0	184	310	127	1	9.07e-50	202
NC_011593.1:c2609546-2608269	NB551033:107:HTJKNBGX7:3:13406:13977:11001#0/1	95.276	127	6	0	1152	1278	1	127	9.07e-50	202
NC_011593.1:c2609546-2608269	NB551033:107:HTJKNBGX7:1:11107:7912:16368#0/1	95.276	127	6	0	1152	1278	1	127	9.07e-50	202
NC_011593.1:c2609546-2608269	NB551033:107:HTJKNBGX7:2:21210:12339:7754#0/2	95.238	126	6	0	204	329	126	1	3.26e-49	200
NC_011593.1:c2609546-2608269	NB551033:107:HTJKNBGX7:2:12312:18496:7726#0/2	95.238	126	6	0	1006	1131	1	126	3.26e-49	200
NC_011593.1:c2609546-2608269	NB551033:107:HTJKNBGX7:2:22310:23426:20002#0/1	95.238	126	6	0	1153	1278	151	26	3.26e-49	200
NC_011593.1:c2609546-2608269	NB551033:107:HTJKNBGX7:2:22105:25136:14930#0/1	95.238	126	6	0	184	309	1	126	3.26e-49	200
NC_011593.1:c2609546-2608269	NB551033:107:HTJKNBGX7:2:21210:12339:7754#0/1	95.238	126	6	0	204	329	1	126	3.26e-49	200
NC_011593.1:c2609546-2608269	NB551033:107:HTJKNBGX7:2:12312:18496:7726#0/1	95.238	126	6	0	1006	1131	126	1	3.26e-49	200
NC_011593.1:c2609546-2608269	NB551033:107:HTJKNBGX7:1:21206:2024:17444#0/1	95.238	126	6	0	303	428	2	127	3.26e-49	200
NC_011593.1:c2609546-2608269	NB551033:107:HTJKNBGX7:1:11103:12842:13095#0/1	95.238	126	6	0	1153	1278	151	26	3.26e-49	200
NC_011593.1:c2609546-2608269	NB551033:107:HTJKNBGX7:2:22207:6856:16724#0/2	95.200	125	6	0	1154	1278	1	125	1.17e-48	198
NC_011593.1:c2609546-2608269	NB551033:107:HTJKNBGX7:4:12411:7827:6774#0/1	95.200	125	6	0	1154	1278	1	125	1.17e-48	198
NC_011593.1:c2609546-2608269	NB551033:107:HTJKNBGX7:2:22207:6856:16724#0/1	95.200	125	6	0	1154	1278	132	8	1.17e-48	198
NC_011593.1:c2609546-2608269	NB551033:107:HTJKNBGX7:1:22110:19579:11785#0/1	95.200	125	6	0	1154	1278	150	26	1.17e-48	198
NC_011593.1:c2609546-2608269	NB551033:107:HTJKNBGX7:4:11405:4195:17634#0/2	95.161	124	6	0	988	1111	124	1	4.22e-48	196
NC_011593.1:c2609546-2608269	NB551033:107:HTJKNBGX7:3:22410:13362:13119#0/2	95.161	124	6	0	1152	1275	124	1	4.22e-48	196
NC_011593.1:c2609546-2608269	NB551033:107:HTJKNBGX7:1:21205:23913:2442#0/2	95.161	124	6	0	1152	1275	124	1	4.22e-48	196
NC_011593.1:c2609546-2608269	NB551033:107:HTJKNBGX7:1:21205:23913:2442#0/1	95.161	124	6	0	1152	1275	1	124	4.22e-48	196
NC_011593.1:c2609546-2608269	NB551033:107:HTJKNBGX7:3:11611:6776:19068#0/2	95.122	123	6	0	1038	1160	123	1	1.52e-47	195
NC_011593.1:c2609546-2608269	NB551033:107:HTJKNBGX7:2:11303:13799:7988#0/2	95.833	120	5	0	1123	1242	122	3	1.52e-47	195
NC_011593.1:c2609546-2608269	NB551033:107:HTJKNBGX7:1:23110:9891:1788#0/2	95.833	120	5	0	1123	1242	1	120	1.52e-47	195
NC_011593.1:c2609546-2608269	NB551033:107:HTJKNBGX7:3:21404:11118:13282#0/1	95.122	123	6	0	1147	1269	123	1	1.52e-47	195
NC_011593.1:c2609546-2608269	NB551033:107:HTJKNBGX7:3:11611:6776:19068#0/1	95.122	123	6	0	1038	1160	1	123	1.52e-47	195
NC_011593.1:c2609546-2608269	NB551033:107:HTJKNBGX7:1:23110:9891:1788#0/1	95.833	120	5	0	1123	1242	120	1	1.52e-47	195
NC_011593.1:c2609546-2608269	NB551033:107:HTJKNBGX7:3:23404:9343:18110#0/2	95.082	122	6	0	1148	1269	122	1	5.46e-47	193
NC_011593.1:c2609546-2608269	NB551033:107:HTJKNBGX7:3:13410:3722:2496#0/2	95.082	122	6	0	1157	1278	1	122	5.46e-47	193
NC_011593.1:c2609546-2608269	NB551033:107:HTJKNBGX7:1:12212:3450:13434#0/2	95.082	122	6	0	1154	1275	122	1	5.46e-47	193
NC_011593.1:c2609546-2608269	NB551033:107:HTJKNBGX7:4:12605:7693:4294#0/1	95.082	122	6	0	1041	1162	122	1	5.46e-47	193
NC_011593.1:c2609546-2608269	NB551033:107:HTJKNBGX7:3:11604:2214:16615#0/1	95.798	119	5	0	933	1051	1	119	5.46e-47	193
NC_011593.1:c2609546-2608269	NB551033:107:HTJKNBGX7:1:12212:3450:13434#0/1	95.082	122	6	0	1154	1275	1	122	5.46e-47	193
NC_011593.1:c2609546-2608269	NB551033:107:HTJKNBGX7:4:23406:23784:4933#0/2	95.041	121	6	0	169	289	121	1	1.96e-46	191
NC_011593.1:c2609546-2608269	NB551033:107:HTJKNBGX7:4:22408:25091:14207#0/2	95.763	118	5	0	920	1037	1	118	1.96e-46	191
NC_011593.1:c2609546-2608269	NB551033:107:HTJKNBGX7:4:21601:19332:6519#0/2	95.041	121	6	0	1158	1278	1	121	1.96e-46	191
NC_011593.1:c2609546-2608269	NB551033:107:HTJKNBGX7:3:12505:24535:3461#0/2	96.522	115	4	0	229	343	1	115	1.96e-46	191
NC_011593.1:c2609546-2608269	NB551033:107:HTJKNBGX7:3:11410:26539:17654#0/2	95.763	118	5	0	877	994	3	120	1.96e-46	191
NC_011593.1:c2609546-2608269	NB551033:107:HTJKNBGX7:2:12207:17344:8967#0/2	95.041	121	6	0	926	1046	121	1	1.96e-46	191
NC_011593.1:c2609546-2608269	NB551033:107:HTJKNBGX7:3:12505:24535:3461#0/1	96.522	115	4	0	229	343	115	1	1.96e-46	191
NC_011593.1:c2609546-2608269	NB551033:107:HTJKNBGX7:3:11609:2366:13289#0/1	95.763	118	5	0	206	323	119	2	1.96e-46	191
NC_011593.1:c2609546-2608269	NB551033:107:HTJKNBGX7:2:12207:17344:8967#0/1	95.041	121	6	0	926	1046	1	121	1.96e-46	191
NC_011593.1:c2609546-2608269	NB551033:107:HTJKNBGX7:1:13107:18091:2908#0/2	95.000	120	6	0	1159	1278	140	21	7.06e-46	189
NC_011593.1:c2609546-2608269	NB551033:107:HTJKNBGX7:4:23508:1965:8478#0/1	95.726	117	5	0	305	421	117	1	7.06e-46	189
NC_011593.1:c2609546-2608269	NB551033:107:HTJKNBGX7:3:11504:20629:13922#0/1	95.000	120	6	0	969	1088	122	3	7.06e-46	189
NC_011593.1:c2609546-2608269	NB551033:107:HTJKNBGX7:2:12104:21504:11000#0/1	95.000	120	6	0	184	303	1	120	7.06e-46	189
NC_011593.1:c2609546-2608269	NB551033:107:HTJKNBGX7:1:23103:1602:13274#0/1	95.000	120	6	0	1159	1278	150	31	7.06e-46	189
NC_011593.1:c2609546-2608269	NB551033:107:HTJKNBGX7:1:13107:18091:2908#0/1	95.000	120	6	0	1159	1278	1	120	7.06e-46	189
NC_011593.1:c2609546-2608269	NB551033:107:HTJKNBGX7:3:22412:19170:6966#0/2	95.652	115	5	0	862	976	2	116	9.14e-45	185
NC_011593.1:c2609546-2608269	NB551033:107:HTJKNBGX7:4:21609:8295:10204#0/1	95.652	115	5	0	1123	1237	115	1	9.14e-45	185
NC_011593.1:c2609546-2608269	NB551033:107:HTJKNBGX7:4:22402:15431:15993#0/2	95.614	114	5	0	1165	1278	116	3	3.29e-44	183
NC_011593.1:c2609546-2608269	NB551033:107:HTJKNBGX7:4:21609:8295:10204#0/2	95.614	114	5	0	1123	1236	1	114	3.29e-44	183
NC_011593.1:c2609546-2608269	NB551033:107:HTJKNBGX7:2:11101:13947:18528#0/2	95.614	114	5	0	1165	1278	2	115	3.29e-44	183
NC_011593.1:c2609546-2608269	NB551033:107:HTJKNBGX7:1:13304:23433:5632#0/2	95.614	114	5	0	933	1046	1	114	3.29e-44	183
NC_011593.1:c2609546-2608269	NB551033:107:HTJKNBGX7:2:13211:1850:2550#0/1	95.614	114	5	0	1165	1278	121	8	3.29e-44	183
NC_011593.1:c2609546-2608269	NB551033:107:HTJKNBGX7:2:12203:14344:13274#0/1	95.614	114	5	0	1165	1278	151	38	3.29e-44	183
NC_011593.1:c2609546-2608269	NB551033:107:HTJKNBGX7:2:13204:6026:11714#0/2	95.575	113	5	0	198	310	1	113	1.18e-43	182
NC_011593.1:c2609546-2608269	NB551033:107:HTJKNBGX7:1:22206:22335:8890#0/2	95.575	113	5	0	1060	1172	3	115	1.18e-43	182
NC_011593.1:c2609546-2608269	NB551033:107:HTJKNBGX7:1:13303:18539:11207#0/2	95.575	113	5	0	1003	1115	1	113	1.18e-43	182
NC_011593.1:c2609546-2608269	NB551033:107:HTJKNBGX7:4:21609:2684:8382#0/1	95.575	113	5	0	1060	1172	115	3	1.18e-43	182
NC_011593.1:c2609546-2608269	NB551033:107:HTJKNBGX7:3:12512:8399:13197#0/1	95.575	113	5	0	1166	1278	1	113	1.18e-43	182
NC_011593.1:c2609546-2608269	NB551033:107:HTJKNBGX7:2:21306:12175:10424#0/1	95.575	113	5	0	1166	1278	1	113	1.18e-43	182
NC_011593.1:c2609546-2608269	NB551033:107:HTJKNBGX7:2:13204:6026:11714#0/1	95.575	113	5	0	198	310	113	1	1.18e-43	182
NC_011593.1:c2609546-2608269	NB551033:107:HTJKNBGX7:1:22206:22335:8890#0/1	95.575	113	5	0	1060	1172	115	3	1.18e-43	182
NC_011593.1:c2609546-2608269	NB551033:107:HTJKNBGX7:4:11411:5495:3023#0/2	97.170	106	3	0	230	335	1	106	4.25e-43	180
NC_011593.1:c2609546-2608269	NB551033:107:HTJKNBGX7:3:23411:6296:11663#0/2	97.170	106	3	0	224	329	106	1	4.25e-43	180
NC_011593.1:c2609546-2608269	NB551033:107:HTJKNBGX7:2:23304:15250:17102#0/2	95.536	112	5	0	854	965	112	1	4.25e-43	180
NC_011593.1:c2609546-2608269	NB551033:107:HTJKNBGX7:2:23304:15250:17102#0/1	95.536	112	5	0	854	965	1	112	4.25e-43	180
NC_011593.1:c2609546-2608269	NB551033:107:HTJKNBGX7:1:11205:18485:5847#0/1	95.536	112	5	0	193	304	112	1	4.25e-43	180
NC_011593.1:c2609546-2608269	NB551033:107:HTJKNBGX7:3:22606:18623:1510#0/2	95.495	111	5	0	1168	1278	151	41	1.53e-42	178
NC_011593.1:c2609546-2608269	NB551033:107:HTJKNBGX7:3:11508:15006:9517#0/2	95.495	111	5	0	1062	1172	111	1	1.53e-42	178
NC_011593.1:c2609546-2608269	NB551033:107:HTJKNBGX7:4:21411:22140:14977#0/1	95.495	111	5	0	1079	1189	111	1	1.53e-42	178
NC_011593.1:c2609546-2608269	NB551033:107:HTJKNBGX7:4:11411:5495:3023#0/1	97.143	105	3	0	231	335	105	1	1.53e-42	178
NC_011593.1:c2609546-2608269	NB551033:107:HTJKNBGX7:4:23505:11388:14100#0/2	95.455	110	5	0	1060	1169	110	1	5.50e-42	176
NC_011593.1:c2609546-2608269	NB551033:107:HTJKNBGX7:4:23408:22868:13067#0/2	95.455	110	5	0	201	310	110	1	5.50e-42	176
NC_011593.1:c2609546-2608269	NB551033:107:HTJKNBGX7:3:21411:10160:10253#0/2	95.455	110	5	0	1169	1278	1	110	5.50e-42	176
NC_011593.1:c2609546-2608269	NB551033:107:HTJKNBGX7:2:23112:15341:18622#0/2	95.455	110	5	0	1063	1172	110	1	5.50e-42	176
NC_011593.1:c2609546-2608269	NB551033:107:HTJKNBGX7:2:22105:24651:16258#0/2	95.455	110	5	0	1169	1278	1	110	5.50e-42	176
NC_011593.1:c2609546-2608269	NB551033:107:HTJKNBGX7:1:22212:16622:10043#0/2	98.020	101	2	0	223	323	102	2	5.50e-42	176
NC_011593.1:c2609546-2608269	NB551033:107:HTJKNBGX7:1:11305:13112:5666#0/2	95.455	110	5	0	1169	1278	1	110	5.50e-42	176
NC_011593.1:c2609546-2608269	NB551033:107:HTJKNBGX7:4:23505:11388:14100#0/1	95.455	110	5	0	1060	1169	3	112	5.50e-42	176
NC_011593.1:c2609546-2608269	NB551033:107:HTJKNBGX7:1:22212:16622:10043#0/1	97.115	104	3	0	220	323	1	104	5.50e-42	176
NC_011593.1:c2609546-2608269	NB551033:107:HTJKNBGX7:1:22106:6513:4982#0/1	95.455	110	5	0	967	1076	110	1	5.50e-42	176
NC_011593.1:c2609546-2608269	NB551033:107:HTJKNBGX7:1:11305:13112:5666#0/1	95.455	110	5	0	1169	1278	131	22	5.50e-42	176
NC_011593.1:c2609546-2608269	NB551033:107:HTJKNBGX7:3:21411:10160:10253#0/1	95.413	109	5	0	1170	1278	135	27	1.98e-41	174
NC_011593.1:c2609546-2608269	NB551033:107:HTJKNBGX7:4:11602:21430:19252#0/2	95.370	108	5	0	296	403	1	108	7.11e-41	172
NC_011593.1:c2609546-2608269	NB551033:107:HTJKNBGX7:2:12101:8773:19856#0/2	95.370	108	5	0	969	1076	108	1	7.11e-41	172
NC_011593.1:c2609546-2608269	NB551033:107:HTJKNBGX7:4:22501:25233:8733#0/1	95.370	108	5	0	969	1076	108	1	7.11e-41	172
NC_011593.1:c2609546-2608269	NB551033:107:HTJKNBGX7:3:22405:12032:16059#0/1	95.370	108	5	0	969	1076	108	1	7.11e-41	172
NC_011593.1:c2609546-2608269	NB551033:107:HTJKNBGX7:3:12405:17712:1803#0/1	95.370	108	5	0	1060	1167	108	1	7.11e-41	172
NC_011593.1:c2609546-2608269	NB551033:107:HTJKNBGX7:2:22106:5720:9993#0/1	95.370	108	5	0	993	1100	1	108	7.11e-41	172
NC_011593.1:c2609546-2608269	NB551033:107:HTJKNBGX7:2:22105:24651:16258#0/1	96.190	105	4	0	1174	1278	136	32	7.11e-41	172
NC_011593.1:c2609546-2608269	NB551033:107:HTJKNBGX7:1:21204:8109:15445#0/1	95.370	108	5	0	327	434	1	108	7.11e-41	172
NC_011593.1:c2609546-2608269	NB551033:107:HTJKNBGX7:4:13511:21458:13041#0/2	96.154	104	4	0	1060	1163	3	106	2.56e-40	171
NC_011593.1:c2609546-2608269	NB551033:107:HTJKNBGX7:3:23511:20351:3896#0/2	95.327	107	5	0	1	107	44	150	2.56e-40	171
NC_011593.1:c2609546-2608269	NB551033:107:HTJKNBGX7:3:22608:24282:2133#0/2	95.327	107	5	0	1	107	44	150	2.56e-40	171
NC_011593.1:c2609546-2608269	NB551033:107:HTJKNBGX7:3:22601:12310:17369#0/2	96.154	104	4	0	247	350	104	1	2.56e-40	171
NC_011593.1:c2609546-2608269	NB551033:107:HTJKNBGX7:2:12303:4183:15038#0/2	95.327	107	5	0	1	107	109	3	2.56e-40	171
NC_011593.1:c2609546-2608269	NB551033:107:HTJKNBGX7:1:11201:10096:13842#0/2	95.327	107	5	0	896	1002	1	107	2.56e-40	171
NC_011593.1:c2609546-2608269	NB551033:107:HTJKNBGX7:4:23412:19518:12965#0/1	95.327	107	5	0	204	310	1	107	2.56e-40	171
NC_011593.1:c2609546-2608269	NB551033:107:HTJKNBGX7:3:13609:23062:9006#0/1	95.327	107	5	0	1	107	5	111	2.56e-40	171
# BLASTN 2.9.0+
# Query: NC_011593.1:c2610356-2609697 Bifidobacterium longum subsp. infantis ATCC 15697, complete genome
# Database: db/blast_C0634-1E-1A_S19.faa
# 0 hits found
# BLASTN 2.9.0+
# Query: NC_011593.1:c2611458-2610496 Bifidobacterium longum subsp. infantis ATCC 15697, complete genome
# Database: db/blast_C0634-1E-1A_S19.faa
# 0 hits found
# BLASTN 2.9.0+
# Query: NC_011593.1:c2612430-2611477 Bifidobacterium longum subsp. infantis ATCC 15697, complete genome
# Database: db/blast_C0634-1E-1A_S19.faa
# 0 hits found
# BLASTN 2.9.0+
# Query: NC_011593.1:c2614109-2612517 Bifidobacterium longum subsp. infantis ATCC 15697, complete genome
# Database: db/blast_C0634-1E-1A_S19.faa
# 0 hits found
# BLASTN 2.9.0+
# Query: NC_011593.1:c2615274-2614312 Bifidobacterium longum subsp. infantis ATCC 15697, complete genome
# Database: db/blast_C0634-1E-1A_S19.faa
# 0 hits found
# BLASTN 2.9.0+
# Query: NC_011593.1:c2616246-2615293 Bifidobacterium longum subsp. infantis ATCC 15697, complete genome
# Database: db/blast_C0634-1E-1A_S19.faa
# 0 hits found
# BLASTN 2.9.0+
# Query: NC_011593.1:c2617928-2616333 Bifidobacterium longum subsp. infantis ATCC 15697, complete genome
# Database: db/blast_C0634-1E-1A_S19.faa
# 0 hits found
# BLASTN 2.9.0+
# Query: NC_011593.1:c2619247-2618063 Bifidobacterium longum subsp. infantis ATCC 15697, complete genome
# Database: db/blast_C0634-1E-1A_S19.faa
# 0 hits found
# BLASTN 2.9.0+
# Query: NC_011593.1:c2620369-2619413 Bifidobacterium longum subsp. infantis ATCC 15697, complete genome
# Database: db/blast_C0634-1E-1A_S19.faa
# 0 hits found
# BLASTN 2.9.0+
# Query: NC_011593.1:c2622143-2620551 Bifidobacterium longum subsp. infantis ATCC 15697, complete genome
# Database: db/blast_C0634-1E-1A_S19.faa
# 0 hits found
# BLASTN 2.9.0+
# Query: NC_011593.1:c2624124-2622520 Bifidobacterium longum subsp. infantis ATCC 15697, complete genome
# Database: db/blast_C0634-1E-1A_S19.faa
# 0 hits found
# BLASTN 2.9.0+
# Query: NC_011593.1:c2626110-2624512 Bifidobacterium longum subsp. infantis ATCC 15697, complete genome
# Database: db/blast_C0634-1E-1A_S19.faa
# 0 hits found
# BLASTN 2.9.0+
# Query: NC_011593.1:c2626386-2626264 Bifidobacterium longum subsp. infantis ATCC 15697, complete genome
# Database: db/blast_C0634-1E-1A_S19.faa
# 0 hits found
# BLASTN 2.9.0+
# Query: NC_011593.1:c2628158-2626563 Bifidobacterium longum subsp. infantis ATCC 15697, complete genome
# Database: db/blast_C0634-1E-1A_S19.faa
# 0 hits found
# BLASTN 2.9.0+
# Query: NC_011593.1:c2630269-2628314 Bifidobacterium longum subsp. infantis ATCC 15697, complete genome
# Database: db/blast_C0634-1E-1A_S19.faa
# 0 hits found
# BLASTN 2.9.0+
# Query: NC_011593.1:c2631106-2630366 Bifidobacterium longum subsp. infantis ATCC 15697, complete genome
# Database: db/blast_C0634-1E-1A_S19.faa
# 0 hits found
# BLASTN 2.9.0+
# Query: NC_011593.1:c2632432-2631140 Bifidobacterium longum subsp. infantis ATCC 15697, complete genome
# Database: db/blast_C0634-1E-1A_S19.faa
# 0 hits found
# BLASTN 2.9.0+
# Query: NC_011593.1:c2633881-2632562 Bifidobacterium longum subsp. infantis ATCC 15697, complete genome
# Database: db/blast_C0634-1E-1A_S19.faa
# 0 hits found
# BLASTN 2.9.0+
# Query: NC_011593.1:c2634683-2633865 Bifidobacterium longum subsp. infantis ATCC 15697, complete genome
# Database: db/blast_C0634-1E-1A_S19.faa
# 0 hits found
# BLASTN 2.9.0+
# Query: NC_011593.1:c2635627-2634680 Bifidobacterium longum subsp. infantis ATCC 15697, complete genome
# Database: db/blast_C0634-1E-1A_S19.faa
# 0 hits found
# BLASTN 2.9.0+
# Query: NC_011593.1:c2636747-2635629 Bifidobacterium longum subsp. infantis ATCC 15697, complete genome
# Database: db/blast_C0634-1E-1A_S19.faa
# 0 hits found
# BLAST processed 31 queries
