# BLASTN 2.9.0+
# Query: NC_011593.1:c2595355-2593832 Bifidobacterium longum subsp. infantis ATCC 15697, complete genome
# Database: db/blast_C0633-2F-1A_S14.faa
# Fields: query acc.ver, subject acc.ver, % identity, alignment length, mismatches, gap opens, q. start, q. end, s. start, s. end, evalue, bit score
# 55 hits found
NC_011593.1:c2595355-2593832	NB551033:151:HCYCWBGXB:2:23104:21602:14751#0/1	100.000	151	0	0	359	509	151	1	1.03e-72	279
NC_011593.1:c2595355-2593832	NB551033:151:HCYCWBGXB:1:13308:4518:4814#0/2	98.675	151	2	0	940	1090	151	1	2.22e-69	268
NC_011593.1:c2595355-2593832	NB551033:151:HCYCWBGXB:3:21503:12023:20247#0/1	98.675	151	2	0	1181	1331	1	151	2.22e-69	268
NC_011593.1:c2595355-2593832	NB551033:151:HCYCWBGXB:1:21203:24398:1405#0/1	98.675	151	2	0	1077	1227	151	1	2.22e-69	268
NC_011593.1:c2595355-2593832	NB551033:151:HCYCWBGXB:1:21203:24398:1405#0/2	98.667	150	2	0	1006	1155	1	150	7.99e-69	267
NC_011593.1:c2595355-2593832	NB551033:151:HCYCWBGXB:3:23512:22221:14497#0/2	98.013	151	3	0	1096	1246	151	1	1.03e-67	263
NC_011593.1:c2595355-2593832	NB551033:151:HCYCWBGXB:2:21306:25238:6100#0/2	98.013	151	3	0	962	1112	1	151	1.03e-67	263
NC_011593.1:c2595355-2593832	NB551033:151:HCYCWBGXB:1:13308:4518:4814#0/1	98.013	151	3	0	801	951	1	151	1.03e-67	263
NC_011593.1:c2595355-2593832	NB551033:151:HCYCWBGXB:4:21407:25737:9945#0/1	98.000	150	3	0	1106	1255	1	150	3.72e-67	261
NC_011593.1:c2595355-2593832	NB551033:151:HCYCWBGXB:1:11109:17495:15688#0/1	97.987	149	3	0	811	959	1	149	1.34e-66	259
NC_011593.1:c2595355-2593832	NB551033:151:HCYCWBGXB:1:11302:10940:4226#0/2	97.351	151	4	0	306	456	151	1	4.81e-66	257
NC_011593.1:c2595355-2593832	NB551033:151:HCYCWBGXB:1:11109:17495:15688#0/2	97.351	151	4	0	850	1000	151	1	4.81e-66	257
NC_011593.1:c2595355-2593832	NB551033:151:HCYCWBGXB:2:23104:21602:14751#0/2	97.333	150	4	0	318	467	1	150	1.73e-65	255
NC_011593.1:c2595355-2593832	NB551033:151:HCYCWBGXB:2:22305:1721:13332#0/2	97.333	150	4	0	288	437	150	1	1.73e-65	255
NC_011593.1:c2595355-2593832	NB551033:151:HCYCWBGXB:2:13112:10106:4824#0/1	97.333	150	4	0	312	461	150	1	1.73e-65	255
NC_011593.1:c2595355-2593832	NB551033:151:HCYCWBGXB:2:21201:21950:12042#0/2	97.297	148	4	0	62	209	1	148	2.24e-64	252
NC_011593.1:c2595355-2593832	NB551033:151:HCYCWBGXB:1:23309:11142:7090#0/2	96.689	151	5	0	671	821	151	1	2.24e-64	252
NC_011593.1:c2595355-2593832	NB551033:151:HCYCWBGXB:2:21201:21950:12042#0/1	96.689	151	5	0	67	217	151	1	2.24e-64	252
NC_011593.1:c2595355-2593832	NB551033:151:HCYCWBGXB:1:22212:8032:11374#0/1	96.689	151	5	0	130	280	151	1	2.24e-64	252
NC_011593.1:c2595355-2593832	NB551033:151:HCYCWBGXB:2:13112:10106:4824#0/2	96.667	150	5	0	145	294	1	150	8.05e-64	250
NC_011593.1:c2595355-2593832	NB551033:151:HCYCWBGXB:1:22103:13657:12484#0/2	96.667	150	5	0	581	730	1	150	8.05e-64	250
NC_011593.1:c2595355-2593832	NB551033:151:HCYCWBGXB:2:22305:1721:13332#0/1	96.667	150	5	0	200	349	1	150	8.05e-64	250
NC_011593.1:c2595355-2593832	NB551033:151:HCYCWBGXB:1:11302:10940:4226#0/1	96.667	150	5	0	81	230	1	150	8.05e-64	250
NC_011593.1:c2595355-2593832	NB551033:151:HCYCWBGXB:3:21511:7275:4902#0/1	96.026	151	6	0	214	364	151	1	1.04e-62	246
NC_011593.1:c2595355-2593832	NB551033:151:HCYCWBGXB:4:13408:24568:2730#0/1	98.551	138	2	0	546	683	1	138	3.74e-62	244
NC_011593.1:c2595355-2593832	NB551033:151:HCYCWBGXB:2:21311:6030:12455#0/2	95.973	149	6	0	661	809	149	1	1.35e-61	243
NC_011593.1:c2595355-2593832	NB551033:151:HCYCWBGXB:4:12605:2869:16808#0/2	99.248	133	1	0	546	678	135	3	4.84e-61	241
NC_011593.1:c2595355-2593832	NB551033:151:HCYCWBGXB:4:12605:2869:16808#0/1	99.248	133	1	0	546	678	1	133	4.84e-61	241
NC_011593.1:c2595355-2593832	NB551033:151:HCYCWBGXB:1:22103:13657:12484#0/1	96.552	145	5	0	1274	1418	147	3	4.84e-61	241
NC_011593.1:c2595355-2593832	NB551033:151:HCYCWBGXB:4:21407:25737:9945#0/2	97.122	139	4	0	1274	1412	139	1	2.25e-59	235
NC_011593.1:c2595355-2593832	NB551033:151:HCYCWBGXB:3:12601:21341:17566#0/1	97.794	136	3	0	1335	1470	151	16	2.25e-59	235
NC_011593.1:c2595355-2593832	NB551033:151:HCYCWBGXB:2:21306:25238:6100#0/1	95.862	145	6	0	1274	1418	147	3	2.25e-59	235
NC_011593.1:c2595355-2593832	NB551033:151:HCYCWBGXB:3:23512:22221:14497#0/1	97.561	123	3	0	1006	1128	1	123	3.80e-52	211
NC_011593.1:c2595355-2593832	NB551033:151:HCYCWBGXB:3:21503:12023:20247#0/2	98.261	115	2	0	1274	1388	115	1	2.29e-49	202
NC_011593.1:c2595355-2593832	NB551033:151:HCYCWBGXB:3:12601:21341:17566#0/2	98.230	113	2	0	1234	1346	1	113	2.96e-48	198
NC_011593.1:c2595355-2593832	NB551033:151:HCYCWBGXB:2:21311:6030:12455#0/1	99.038	104	1	0	560	663	1	104	6.40e-45	187
NC_011593.1:c2595355-2593832	NB551033:151:HCYCWBGXB:2:23204:20255:3682#0/2	97.222	108	3	0	1311	1418	1	108	8.28e-44	183
NC_011593.1:c2595355-2593832	NB551033:151:HCYCWBGXB:2:23204:20255:3682#0/1	97.222	108	3	0	1311	1418	110	3	8.28e-44	183
NC_011593.1:c2595355-2593832	NB551033:151:HCYCWBGXB:3:21503:8250:18129#0/2	98.958	96	1	0	957	1052	96	1	1.79e-40	172
NC_011593.1:c2595355-2593832	NB551033:151:HCYCWBGXB:3:21503:8250:18129#0/1	98.958	96	1	0	957	1052	1	96	1.79e-40	172
NC_011593.1:c2595355-2593832	NB551033:151:HCYCWBGXB:1:23309:11142:7090#0/1	96.939	98	3	0	455	552	1	98	3.00e-38	165
NC_011593.1:c2595355-2593832	NB551033:151:HCYCWBGXB:4:13501:11022:13147#0/2	97.753	89	2	0	1141	1229	89	1	6.49e-35	154
NC_011593.1:c2595355-2593832	NB551033:151:HCYCWBGXB:4:13501:11022:13147#0/1	97.753	89	2	0	1141	1229	1	89	6.49e-35	154
NC_011593.1:c2595355-2593832	NB551033:151:HCYCWBGXB:1:21303:15200:8929#0/2	96.552	87	3	0	609	695	1	87	3.91e-32	145
NC_011593.1:c2595355-2593832	NB551033:151:HCYCWBGXB:1:21303:15200:8929#0/1	96.552	87	3	0	609	695	87	1	3.91e-32	145
NC_011593.1:c2595355-2593832	NB551033:151:HCYCWBGXB:4:13408:24568:2730#0/2	98.718	78	1	0	722	799	78	1	1.82e-30	139
NC_011593.1:c2595355-2593832	NB551033:151:HCYCWBGXB:4:22603:13303:3010#0/2	97.368	76	2	0	1395	1470	1	76	1.09e-27	130
NC_011593.1:c2595355-2593832	NB551033:151:HCYCWBGXB:3:13605:7309:14855#0/2	97.368	76	2	0	1395	1470	1	76	1.09e-27	130
NC_011593.1:c2595355-2593832	NB551033:151:HCYCWBGXB:4:22603:13303:3010#0/1	97.368	76	2	0	1395	1470	110	35	1.09e-27	130
NC_011593.1:c2595355-2593832	NB551033:151:HCYCWBGXB:3:13605:7309:14855#0/1	97.368	76	2	0	1395	1470	118	43	1.09e-27	130
NC_011593.1:c2595355-2593832	NB551033:151:HCYCWBGXB:2:12301:14199:12940#0/2	97.333	75	2	0	267	341	1	75	3.93e-27	128
NC_011593.1:c2595355-2593832	NB551033:151:HCYCWBGXB:2:12301:14199:12940#0/1	97.333	75	2	0	267	341	75	1	3.93e-27	128
NC_011593.1:c2595355-2593832	NB551033:151:HCYCWBGXB:1:11309:14276:13377#0/2	98.305	59	1	0	1412	1470	1	59	6.63e-20	104
NC_011593.1:c2595355-2593832	NB551033:151:HCYCWBGXB:1:12101:7787:18862#0/2	98.246	57	1	0	1414	1470	1	57	8.58e-19	100
NC_011593.1:c2595355-2593832	NB551033:151:HCYCWBGXB:4:11502:9904:4542#0/1	100.000	32	0	0	1439	1470	1	32	1.46e-06	60.2
# BLASTN 2.9.0+
# Query: NC_011593.1:c2597106-2595574 Bifidobacterium longum subsp. infantis ATCC 15697, complete genome
# Database: db/blast_C0633-2F-1A_S14.faa
# Fields: query acc.ver, subject acc.ver, % identity, alignment length, mismatches, gap opens, q. start, q. end, s. start, s. end, evalue, bit score
# 14 hits found
NC_011593.1:c2597106-2595574	NB551033:151:HCYCWBGXB:1:22212:8032:11374#0/2	95.763	118	5	0	1	118	34	151	4.98e-46	191
NC_011593.1:c2597106-2595574	NB551033:151:HCYCWBGXB:3:21511:7275:4902#0/2	95.726	117	5	0	1	117	34	150	1.79e-45	189
NC_011593.1:c2597106-2595574	NB551033:151:HCYCWBGXB:3:21511:7275:4902#0/1	95.000	120	6	0	214	333	151	32	1.79e-45	189
NC_011593.1:c2597106-2595574	NB551033:151:HCYCWBGXB:2:22305:1721:13332#0/1	95.726	117	5	0	214	330	15	131	1.79e-45	189
NC_011593.1:c2597106-2595574	NB551033:151:HCYCWBGXB:4:22603:13303:3010#0/2	97.368	76	2	0	1395	1470	1	76	1.10e-27	130
NC_011593.1:c2597106-2595574	NB551033:151:HCYCWBGXB:3:13605:7309:14855#0/2	97.368	76	2	0	1395	1470	1	76	1.10e-27	130
NC_011593.1:c2597106-2595574	NB551033:151:HCYCWBGXB:4:22603:13303:3010#0/1	97.368	76	2	0	1395	1470	110	35	1.10e-27	130
NC_011593.1:c2597106-2595574	NB551033:151:HCYCWBGXB:3:13605:7309:14855#0/1	97.368	76	2	0	1395	1470	118	43	1.10e-27	130
NC_011593.1:c2597106-2595574	NB551033:151:HCYCWBGXB:2:13301:6527:17681#0/1	100.000	60	0	0	1	60	60	1	3.99e-22	111
NC_011593.1:c2597106-2595574	NB551033:151:HCYCWBGXB:2:12301:14199:12940#0/2	96.875	64	2	0	267	330	1	64	5.16e-21	108
NC_011593.1:c2597106-2595574	NB551033:151:HCYCWBGXB:2:12301:14199:12940#0/1	95.522	67	3	0	267	333	75	9	5.16e-21	108
NC_011593.1:c2597106-2595574	NB551033:151:HCYCWBGXB:1:11309:14276:13377#0/2	98.305	59	1	0	1412	1470	1	59	6.67e-20	104
NC_011593.1:c2597106-2595574	NB551033:151:HCYCWBGXB:1:12101:7787:18862#0/2	98.246	57	1	0	1414	1470	1	57	8.63e-19	100
NC_011593.1:c2597106-2595574	NB551033:151:HCYCWBGXB:4:11502:9904:4542#0/1	100.000	32	0	0	1439	1470	1	32	1.46e-06	60.2
# BLASTN 2.9.0+
# Query: NC_011593.1:c2598562-2597207 Bifidobacterium longum subsp. infantis ATCC 15697, complete genome
# Database: db/blast_C0633-2F-1A_S14.faa
# Fields: query acc.ver, subject acc.ver, % identity, alignment length, mismatches, gap opens, q. start, q. end, s. start, s. end, evalue, bit score
# 93 hits found
NC_011593.1:c2598562-2597207	NB551033:151:HCYCWBGXB:2:13306:6630:15809#0/1	100.000	151	0	0	158	308	1	151	9.11e-73	279
NC_011593.1:c2598562-2597207	NB551033:151:HCYCWBGXB:1:22104:16075:3354#0/1	100.000	151	0	0	362	512	1	151	9.11e-73	279
NC_011593.1:c2598562-2597207	NB551033:151:HCYCWBGXB:1:11102:7058:11950#0/1	100.000	151	0	0	976	1126	151	1	9.11e-73	279
NC_011593.1:c2598562-2597207	NB551033:151:HCYCWBGXB:4:22503:15698:6857#0/2	100.000	150	0	0	142	291	1	150	3.28e-72	278
NC_011593.1:c2598562-2597207	NB551033:151:HCYCWBGXB:3:23410:25332:6934#0/2	100.000	150	0	0	920	1069	1	150	3.28e-72	278
NC_011593.1:c2598562-2597207	NB551033:151:HCYCWBGXB:2:13306:6630:15809#0/2	100.000	150	0	0	253	402	150	1	3.28e-72	278
NC_011593.1:c2598562-2597207	NB551033:151:HCYCWBGXB:1:12110:16568:4360#0/2	100.000	150	0	0	242	391	150	1	3.28e-72	278
NC_011593.1:c2598562-2597207	NB551033:151:HCYCWBGXB:4:13609:5282:19823#0/1	100.000	150	0	0	767	916	150	1	3.28e-72	278
NC_011593.1:c2598562-2597207	NB551033:151:HCYCWBGXB:1:22303:10993:9951#0/1	100.000	150	0	0	301	450	1	150	3.28e-72	278
NC_011593.1:c2598562-2597207	NB551033:151:HCYCWBGXB:1:11305:1325:7970#0/1	100.000	150	0	0	870	1019	1	150	3.28e-72	278
NC_011593.1:c2598562-2597207	NB551033:151:HCYCWBGXB:1:13104:19243:9888#0/1	100.000	149	0	0	309	457	1	149	1.18e-71	276
NC_011593.1:c2598562-2597207	NB551033:151:HCYCWBGXB:4:13609:5282:19823#0/2	99.333	150	1	0	610	759	1	150	1.52e-70	272
NC_011593.1:c2598562-2597207	NB551033:151:HCYCWBGXB:4:13509:10239:13761#0/2	99.338	151	0	1	658	808	1	150	1.52e-70	272
NC_011593.1:c2598562-2597207	NB551033:151:HCYCWBGXB:1:21304:1366:10058#0/2	100.000	146	0	0	1211	1356	1	146	5.48e-70	270
NC_011593.1:c2598562-2597207	NB551033:151:HCYCWBGXB:2:12305:17536:17565#0/1	100.000	146	0	0	287	432	146	1	5.48e-70	270
NC_011593.1:c2598562-2597207	NB551033:151:HCYCWBGXB:1:21303:24249:19162#0/1	99.333	150	0	1	643	792	1	149	5.48e-70	270
NC_011593.1:c2598562-2597207	NB551033:151:HCYCWBGXB:2:23203:19104:10641#0/1	99.324	148	1	0	568	715	3	150	1.97e-69	268
NC_011593.1:c2598562-2597207	NB551033:151:HCYCWBGXB:4:23605:2620:5143#0/2	98.667	150	2	0	767	916	150	1	7.09e-69	267
NC_011593.1:c2598562-2597207	NB551033:151:HCYCWBGXB:3:23608:26170:19226#0/2	98.667	150	2	0	751	900	150	1	7.09e-69	267
NC_011593.1:c2598562-2597207	NB551033:151:HCYCWBGXB:1:21303:24249:19162#0/2	98.667	150	2	0	808	957	150	1	7.09e-69	267
NC_011593.1:c2598562-2597207	NB551033:151:HCYCWBGXB:4:23602:16578:2023#0/1	98.667	150	2	0	786	935	1	150	7.09e-69	267
NC_011593.1:c2598562-2597207	NB551033:151:HCYCWBGXB:4:23402:3531:10227#0/1	98.667	150	2	0	417	566	1	150	7.09e-69	267
NC_011593.1:c2598562-2597207	NB551033:151:HCYCWBGXB:4:13509:10239:13761#0/1	99.324	148	0	1	822	969	147	1	7.09e-69	267
NC_011593.1:c2598562-2597207	NB551033:151:HCYCWBGXB:3:13401:20236:20059#0/1	98.667	150	2	0	790	939	150	1	7.09e-69	267
NC_011593.1:c2598562-2597207	NB551033:151:HCYCWBGXB:2:23301:1979:15474#0/1	98.667	150	2	0	810	959	1	150	7.09e-69	267
NC_011593.1:c2598562-2597207	NB551033:151:HCYCWBGXB:4:23602:16578:2023#0/2	98.658	149	2	0	810	958	149	1	2.55e-68	265
NC_011593.1:c2598562-2597207	NB551033:151:HCYCWBGXB:2:23203:19104:10641#0/2	99.320	147	0	1	822	968	146	1	2.55e-68	265
NC_011593.1:c2598562-2597207	NB551033:151:HCYCWBGXB:3:12609:11796:14957#0/2	98.026	152	2	1	744	895	1	151	9.17e-68	263
NC_011593.1:c2598562-2597207	NB551033:151:HCYCWBGXB:1:23103:9016:9892#0/2	100.000	142	0	0	1215	1356	1	142	9.17e-68	263
NC_011593.1:c2598562-2597207	NB551033:151:HCYCWBGXB:4:12607:8687:1874#0/1	98.026	152	2	1	657	808	151	1	9.17e-68	263
NC_011593.1:c2598562-2597207	NB551033:151:HCYCWBGXB:3:13605:7675:9495#0/2	100.000	141	0	0	1216	1356	1	141	3.30e-67	261
NC_011593.1:c2598562-2597207	NB551033:151:HCYCWBGXB:3:13401:20236:20059#0/2	98.013	151	2	1	738	888	1	150	3.30e-67	261
NC_011593.1:c2598562-2597207	NB551033:151:HCYCWBGXB:2:23301:1979:15474#0/2	98.000	150	3	0	819	968	150	1	3.30e-67	261
NC_011593.1:c2598562-2597207	NB551033:151:HCYCWBGXB:1:11305:3244:17009#0/2	98.000	150	3	0	479	628	1	150	3.30e-67	261
NC_011593.1:c2598562-2597207	NB551033:151:HCYCWBGXB:1:11305:1325:7970#0/2	100.000	141	0	0	958	1098	141	1	3.30e-67	261
NC_011593.1:c2598562-2597207	NB551033:151:HCYCWBGXB:3:12609:11796:14957#0/1	98.013	151	2	1	747	897	150	1	3.30e-67	261
NC_011593.1:c2598562-2597207	NB551033:151:HCYCWBGXB:2:11305:17053:19985#0/1	98.013	151	2	1	747	897	150	1	3.30e-67	261
NC_011593.1:c2598562-2597207	NB551033:151:HCYCWBGXB:3:22603:1721:9660#0/1	100.000	140	0	0	359	498	1	140	1.19e-66	259
NC_011593.1:c2598562-2597207	NB551033:151:HCYCWBGXB:1:22101:6030:8801#0/1	98.000	150	2	1	727	876	149	1	1.19e-66	259
NC_011593.1:c2598562-2597207	NB551033:151:HCYCWBGXB:1:22101:6030:8801#0/2	97.351	151	4	0	547	697	1	151	4.27e-66	257
NC_011593.1:c2598562-2597207	NB551033:151:HCYCWBGXB:3:13401:17565:1545#0/1	97.351	151	3	1	681	831	150	1	1.53e-65	255
NC_011593.1:c2598562-2597207	NB551033:151:HCYCWBGXB:4:23402:3531:10227#0/2	99.291	141	0	1	637	777	140	1	5.52e-65	254
NC_011593.1:c2598562-2597207	NB551033:151:HCYCWBGXB:3:13401:17565:1545#0/2	97.315	149	4	0	542	690	1	149	5.52e-65	254
NC_011593.1:c2598562-2597207	NB551033:151:HCYCWBGXB:1:22104:16075:3354#0/2	98.611	144	1	1	625	768	143	1	5.52e-65	254
NC_011593.1:c2598562-2597207	NB551033:151:HCYCWBGXB:2:12304:26333:6635#0/2	96.711	152	4	1	745	896	1	151	1.99e-64	252
NC_011593.1:c2598562-2597207	NB551033:151:HCYCWBGXB:1:13104:19243:9888#0/2	98.571	140	2	0	768	907	140	1	2.57e-63	248
NC_011593.1:c2598562-2597207	NB551033:151:HCYCWBGXB:4:22605:6605:7918#0/2	100.000	132	0	0	258	389	1	132	3.32e-62	244
NC_011593.1:c2598562-2597207	NB551033:151:HCYCWBGXB:1:11102:7058:11950#0/2	97.842	139	3	0	600	738	1	139	4.30e-61	241
NC_011593.1:c2598562-2597207	NB551033:151:HCYCWBGXB:4:22503:11762:16318#0/2	100.000	125	0	0	1232	1356	1	125	2.59e-58	231
NC_011593.1:c2598562-2597207	NB551033:151:HCYCWBGXB:2:21308:17207:9231#0/2	100.000	125	0	0	1194	1318	125	1	2.59e-58	231
NC_011593.1:c2598562-2597207	NB551033:151:HCYCWBGXB:1:12308:16948:8309#0/1	100.000	125	0	0	1194	1318	26	150	2.59e-58	231
NC_011593.1:c2598562-2597207	NB551033:151:HCYCWBGXB:4:23605:2620:5143#0/1	97.744	133	3	0	492	624	1	133	9.30e-58	230
NC_011593.1:c2598562-2597207	NB551033:151:HCYCWBGXB:4:13605:20100:15768#0/2	100.000	122	0	0	1198	1319	122	1	1.20e-56	226
NC_011593.1:c2598562-2597207	NB551033:151:HCYCWBGXB:1:12308:16948:8309#0/2	100.000	122	0	0	1235	1356	150	29	1.20e-56	226
NC_011593.1:c2598562-2597207	NB551033:151:HCYCWBGXB:4:13605:20100:15768#0/1	100.000	122	0	0	1198	1319	1	122	1.20e-56	226
NC_011593.1:c2598562-2597207	NB551033:151:HCYCWBGXB:4:13509:16765:7816#0/2	100.000	120	0	0	1194	1313	11	130	1.56e-55	222
NC_011593.1:c2598562-2597207	NB551033:151:HCYCWBGXB:4:13509:16765:7816#0/1	100.000	120	0	0	1194	1313	120	1	1.56e-55	222
NC_011593.1:c2598562-2597207	NB551033:151:HCYCWBGXB:2:12212:1993:19145#0/1	99.187	123	1	0	1054	1176	1	123	1.56e-55	222
NC_011593.1:c2598562-2597207	NB551033:151:HCYCWBGXB:3:23608:26170:19226#0/1	99.167	120	0	1	660	779	1	119	2.61e-53	215
NC_011593.1:c2598562-2597207	NB551033:151:HCYCWBGXB:1:13210:6057:19402#0/2	100.000	115	0	0	1218	1332	115	1	9.37e-53	213
NC_011593.1:c2598562-2597207	NB551033:151:HCYCWBGXB:4:22503:15698:6857#0/1	100.000	115	0	0	311	425	115	1	9.37e-53	213
NC_011593.1:c2598562-2597207	NB551033:151:HCYCWBGXB:1:13210:6057:19402#0/1	100.000	115	0	0	1218	1332	1	115	9.37e-53	213
NC_011593.1:c2598562-2597207	NB551033:151:HCYCWBGXB:3:22403:12197:18079#0/2	100.000	112	0	0	931	1042	1	112	4.36e-51	207
NC_011593.1:c2598562-2597207	NB551033:151:HCYCWBGXB:1:12112:23595:8274#0/1	99.138	116	0	1	645	760	115	1	4.36e-51	207
NC_011593.1:c2598562-2597207	NB551033:151:HCYCWBGXB:1:12112:23595:8274#0/2	99.130	115	0	1	645	759	1	114	1.57e-50	206
NC_011593.1:c2598562-2597207	NB551033:151:HCYCWBGXB:2:12304:26333:6635#0/1	100.000	109	0	0	867	975	109	1	2.03e-49	202
NC_011593.1:c2598562-2597207	NB551033:151:HCYCWBGXB:1:21304:1366:10058#0/1	100.000	107	0	0	1250	1356	150	44	2.62e-48	198
NC_011593.1:c2598562-2597207	NB551033:151:HCYCWBGXB:4:13407:7231:7614#0/1	99.091	110	0	1	693	802	109	1	9.44e-48	196
NC_011593.1:c2598562-2597207	NB551033:151:HCYCWBGXB:4:21611:9241:8782#0/2	100.000	104	0	0	447	550	1	104	1.22e-46	193
NC_011593.1:c2598562-2597207	NB551033:151:HCYCWBGXB:1:22303:10993:9951#0/2	97.345	113	3	0	496	608	113	1	1.22e-46	193
NC_011593.1:c2598562-2597207	NB551033:151:HCYCWBGXB:3:22403:12197:18079#0/1	100.000	104	0	0	1242	1345	104	1	1.22e-46	193
NC_011593.1:c2598562-2597207	NB551033:151:HCYCWBGXB:3:13604:17409:16682#0/2	99.057	106	0	1	689	794	105	1	1.58e-45	189
NC_011593.1:c2598562-2597207	NB551033:151:HCYCWBGXB:3:13604:17409:16682#0/1	99.057	106	0	1	689	794	1	105	1.58e-45	189
NC_011593.1:c2598562-2597207	NB551033:151:HCYCWBGXB:4:12607:8687:1874#0/2	98.131	107	2	0	396	502	1	107	5.68e-45	187
NC_011593.1:c2598562-2597207	NB551033:151:HCYCWBGXB:3:22603:1721:9660#0/2	100.000	93	0	0	406	498	93	1	1.59e-40	172
NC_011593.1:c2598562-2597207	NB551033:151:HCYCWBGXB:4:13510:22322:5551#0/2	100.000	92	0	0	1265	1356	1	92	5.72e-40	171
NC_011593.1:c2598562-2597207	NB551033:151:HCYCWBGXB:4:22605:6605:7918#0/1	100.000	88	0	0	302	389	88	1	9.57e-38	163
NC_011593.1:c2598562-2597207	NB551033:151:HCYCWBGXB:4:21604:13829:7376#0/1	100.000	87	0	0	138	224	87	1	3.44e-37	161
NC_011593.1:c2598562-2597207	NB551033:151:HCYCWBGXB:4:21502:4890:14353#0/2	100.000	85	0	0	1194	1278	26	110	4.45e-36	158
NC_011593.1:c2598562-2597207	NB551033:151:HCYCWBGXB:4:21502:4890:14353#0/1	100.000	85	0	0	1194	1278	85	1	4.45e-36	158
NC_011593.1:c2598562-2597207	NB551033:151:HCYCWBGXB:1:11305:3244:17009#0/1	100.000	84	0	0	926	1009	84	1	1.60e-35	156
NC_011593.1:c2598562-2597207	NB551033:151:HCYCWBGXB:1:11312:21255:6064#0/1	100.000	83	0	0	960	1042	1	83	5.76e-35	154
NC_011593.1:c2598562-2597207	NB551033:151:HCYCWBGXB:2:23102:26288:10134#0/2	100.000	81	0	0	309	389	1	81	7.45e-34	150
NC_011593.1:c2598562-2597207	NB551033:151:HCYCWBGXB:4:21611:9241:8782#0/1	100.000	78	0	0	473	550	78	1	3.47e-32	145
NC_011593.1:c2598562-2597207	NB551033:151:HCYCWBGXB:1:23310:19126:13148#0/2	100.000	77	0	0	899	975	1	77	1.25e-31	143
NC_011593.1:c2598562-2597207	NB551033:151:HCYCWBGXB:1:13209:11773:14281#0/2	100.000	77	0	0	320	396	77	1	1.25e-31	143
NC_011593.1:c2598562-2597207	NB551033:151:HCYCWBGXB:2:23102:26288:10134#0/1	100.000	77	0	0	313	389	77	1	1.25e-31	143
NC_011593.1:c2598562-2597207	NB551033:151:HCYCWBGXB:1:23310:19126:13148#0/1	100.000	77	0	0	899	975	77	1	1.25e-31	143
NC_011593.1:c2598562-2597207	NB551033:151:HCYCWBGXB:1:12110:16568:4360#0/1	100.000	76	0	0	138	213	75	150	4.48e-31	141
NC_011593.1:c2598562-2597207	NB551033:151:HCYCWBGXB:4:13407:7231:7614#0/2	95.402	87	4	0	547	633	1	87	1.61e-30	139
NC_011593.1:c2598562-2597207	NB551033:151:HCYCWBGXB:2:11305:17053:19985#0/2	97.333	75	2	0	595	669	1	75	3.49e-27	128
NC_011593.1:c2598562-2597207	NB551033:151:HCYCWBGXB:2:11209:11950:6050#0/1	100.000	47	0	0	1310	1356	1	47	5.93e-15	87.9
NC_011593.1:c2598562-2597207	NB551033:151:HCYCWBGXB:1:23103:9016:9892#0/1	100.000	29	0	0	1328	1356	151	123	6.01e-05	54.7
# BLASTN 2.9.0+
# Query: NC_011593.1:2598858-2601929 Bifidobacterium longum subsp. infantis ATCC 15697, complete genome
# Database: db/blast_C0633-2F-1A_S14.faa
# Fields: query acc.ver, subject acc.ver, % identity, alignment length, mismatches, gap opens, q. start, q. end, s. start, s. end, evalue, bit score
# 169 hits found
NC_011593.1:2598858-2601929	NB551033:151:HCYCWBGXB:4:23609:20509:2198#0/2	100.000	151	0	0	1209	1359	1	151	2.07e-72	279
NC_011593.1:2598858-2601929	NB551033:151:HCYCWBGXB:1:11309:15090:10273#0/2	100.000	151	0	0	1721	1871	1	151	2.07e-72	279
NC_011593.1:2598858-2601929	NB551033:151:HCYCWBGXB:2:21205:12178:11097#0/1	100.000	151	0	0	1945	2095	1	151	2.07e-72	279
NC_011593.1:2598858-2601929	NB551033:151:HCYCWBGXB:4:12505:9121:16108#0/2	100.000	150	0	0	1567	1716	150	1	7.44e-72	278
NC_011593.1:2598858-2601929	NB551033:151:HCYCWBGXB:1:11204:11727:11291#0/2	100.000	150	0	0	1623	1772	1	150	7.44e-72	278
NC_011593.1:2598858-2601929	NB551033:151:HCYCWBGXB:4:22504:4730:11025#0/1	100.000	150	0	0	1726	1875	1	150	7.44e-72	278
NC_011593.1:2598858-2601929	NB551033:151:HCYCWBGXB:3:12502:14085:20017#0/1	100.000	150	0	0	1623	1772	1	150	7.44e-72	278
NC_011593.1:2598858-2601929	NB551033:151:HCYCWBGXB:1:11204:11727:11291#0/1	100.000	150	0	0	1719	1868	150	1	7.44e-72	278
NC_011593.1:2598858-2601929	NB551033:151:HCYCWBGXB:4:22504:4730:11025#0/2	100.000	149	0	0	1732	1880	149	1	2.68e-71	276
NC_011593.1:2598858-2601929	NB551033:151:HCYCWBGXB:3:11407:23485:18111#0/1	100.000	149	0	0	364	512	2	150	2.68e-71	276
NC_011593.1:2598858-2601929	NB551033:151:HCYCWBGXB:3:22608:9169:20165#0/2	99.338	151	1	0	337	487	151	1	9.63e-71	274
NC_011593.1:2598858-2601929	NB551033:151:HCYCWBGXB:3:12605:4022:11643#0/2	99.338	151	1	0	1239	1389	151	1	9.63e-71	274
NC_011593.1:2598858-2601929	NB551033:151:HCYCWBGXB:2:22205:1578:13619#0/2	99.338	151	1	0	674	824	151	1	9.63e-71	274
NC_011593.1:2598858-2601929	NB551033:151:HCYCWBGXB:2:13306:13652:7700#0/2	99.338	151	1	0	612	762	151	1	9.63e-71	274
NC_011593.1:2598858-2601929	NB551033:151:HCYCWBGXB:3:22608:9169:20165#0/1	99.338	151	1	0	168	318	1	151	9.63e-71	274
NC_011593.1:2598858-2601929	NB551033:151:HCYCWBGXB:2:22311:20286:7808#0/1	100.000	148	0	0	1214	1361	1	148	9.63e-71	274
NC_011593.1:2598858-2601929	NB551033:151:HCYCWBGXB:1:22212:1489:7192#0/1	99.338	151	1	0	1030	1180	151	1	9.63e-71	274
NC_011593.1:2598858-2601929	NB551033:151:HCYCWBGXB:1:22203:4631:15643#0/1	99.338	151	1	0	360	510	1	151	9.63e-71	274
NC_011593.1:2598858-2601929	NB551033:151:HCYCWBGXB:1:21108:15679:7528#0/1	99.338	151	1	0	1030	1180	151	1	9.63e-71	274
NC_011593.1:2598858-2601929	NB551033:151:HCYCWBGXB:1:11309:15090:10273#0/1	99.338	151	1	0	1875	2025	151	1	9.63e-71	274
NC_011593.1:2598858-2601929	NB551033:151:HCYCWBGXB:1:11104:3566:9353#0/1	99.338	151	1	0	1971	2121	1	151	9.63e-71	274
NC_011593.1:2598858-2601929	NB551033:151:HCYCWBGXB:4:23511:9111:20020#0/2	99.333	150	1	0	953	1102	150	1	3.46e-70	272
NC_011593.1:2598858-2601929	NB551033:151:HCYCWBGXB:4:13604:12187:2831#0/2	99.333	150	1	0	1772	1921	150	1	3.46e-70	272
NC_011593.1:2598858-2601929	NB551033:151:HCYCWBGXB:3:12502:14085:20017#0/2	99.333	150	1	0	1809	1958	150	1	3.46e-70	272
NC_011593.1:2598858-2601929	NB551033:151:HCYCWBGXB:2:13101:3219:17618#0/2	100.000	147	0	0	1749	1895	1	147	3.46e-70	272
NC_011593.1:2598858-2601929	NB551033:151:HCYCWBGXB:1:22203:4631:15643#0/2	99.333	150	1	0	623	772	150	1	3.46e-70	272
NC_011593.1:2598858-2601929	NB551033:151:HCYCWBGXB:1:21110:13876:19231#0/2	99.333	150	1	0	1037	1186	1	150	3.46e-70	272
NC_011593.1:2598858-2601929	NB551033:151:HCYCWBGXB:4:13604:12187:2831#0/1	99.333	150	1	0	1755	1904	1	150	3.46e-70	272
NC_011593.1:2598858-2601929	NB551033:151:HCYCWBGXB:2:22205:1578:13619#0/1	99.333	150	1	0	669	818	1	150	3.46e-70	272
NC_011593.1:2598858-2601929	NB551033:151:HCYCWBGXB:2:13206:11423:17435#0/1	99.333	150	1	0	1980	2129	1	150	3.46e-70	272
NC_011593.1:2598858-2601929	NB551033:151:HCYCWBGXB:1:21306:23499:7449#0/1	99.333	150	1	0	1118	1267	1	150	3.46e-70	272
NC_011593.1:2598858-2601929	NB551033:151:HCYCWBGXB:1:21209:9846:7373#0/1	99.333	150	1	0	1863	2012	1	150	3.46e-70	272
NC_011593.1:2598858-2601929	NB551033:151:HCYCWBGXB:1:21202:5872:18371#0/1	99.333	150	1	0	346	495	1	150	3.46e-70	272
NC_011593.1:2598858-2601929	NB551033:151:HCYCWBGXB:4:21403:2555:18083#0/2	99.329	149	1	0	358	506	1	149	1.25e-69	270
NC_011593.1:2598858-2601929	NB551033:151:HCYCWBGXB:1:13103:17737:15100#0/2	99.329	149	1	0	2209	2357	1	149	1.25e-69	270
NC_011593.1:2598858-2601929	NB551033:151:HCYCWBGXB:3:13501:7851:7841#0/2	99.324	148	1	0	706	853	148	1	4.48e-69	268
NC_011593.1:2598858-2601929	NB551033:151:HCYCWBGXB:1:22201:4169:5209#0/2	98.675	151	2	0	2820	2970	151	1	4.48e-69	268
NC_011593.1:2598858-2601929	NB551033:151:HCYCWBGXB:1:22106:22278:2461#0/2	98.675	151	2	0	2544	2694	151	1	4.48e-69	268
NC_011593.1:2598858-2601929	NB551033:151:HCYCWBGXB:1:13209:20598:9351#0/2	98.675	151	2	0	1121	1271	1	151	4.48e-69	268
NC_011593.1:2598858-2601929	NB551033:151:HCYCWBGXB:2:22302:12344:4588#0/1	98.675	151	2	0	1533	1683	151	1	4.48e-69	268
NC_011593.1:2598858-2601929	NB551033:151:HCYCWBGXB:2:22207:6710:8720#0/1	98.675	151	2	0	553	703	151	1	4.48e-69	268
NC_011593.1:2598858-2601929	NB551033:151:HCYCWBGXB:2:11112:11279:2751#0/1	98.675	151	2	0	2257	2407	1	151	4.48e-69	268
NC_011593.1:2598858-2601929	NB551033:151:HCYCWBGXB:1:22201:19490:19368#0/1	98.675	151	2	0	2434	2584	1	151	4.48e-69	268
NC_011593.1:2598858-2601929	NB551033:151:HCYCWBGXB:1:22106:22278:2461#0/1	98.675	151	2	0	2529	2679	1	151	4.48e-69	268
NC_011593.1:2598858-2601929	NB551033:151:HCYCWBGXB:1:13209:20598:9351#0/1	98.675	151	2	0	1293	1443	151	1	4.48e-69	268
NC_011593.1:2598858-2601929	NB551033:151:HCYCWBGXB:4:21501:20964:10104#0/2	99.320	147	1	0	132	278	1	147	1.61e-68	267
NC_011593.1:2598858-2601929	NB551033:151:HCYCWBGXB:4:11502:25420:14843#0/2	98.667	150	2	0	1528	1677	150	1	1.61e-68	267
NC_011593.1:2598858-2601929	NB551033:151:HCYCWBGXB:3:12602:12950:20105#0/2	98.667	150	2	0	2242	2391	150	1	1.61e-68	267
NC_011593.1:2598858-2601929	NB551033:151:HCYCWBGXB:3:12403:9489:10273#0/2	98.667	150	2	0	1280	1429	1	150	1.61e-68	267
NC_011593.1:2598858-2601929	NB551033:151:HCYCWBGXB:2:11211:21318:12312#0/2	98.667	150	2	0	96	245	150	1	1.61e-68	267
NC_011593.1:2598858-2601929	NB551033:151:HCYCWBGXB:1:13311:6649:13247#0/2	98.667	150	2	0	2778	2927	1	150	1.61e-68	267
NC_011593.1:2598858-2601929	NB551033:151:HCYCWBGXB:1:11104:3566:9353#0/2	98.667	150	2	0	2242	2391	150	1	1.61e-68	267
NC_011593.1:2598858-2601929	NB551033:151:HCYCWBGXB:4:23609:20509:2198#0/1	98.667	150	2	0	1296	1445	150	1	1.61e-68	267
NC_011593.1:2598858-2601929	NB551033:151:HCYCWBGXB:4:21501:20964:10104#0/1	99.320	147	1	0	132	278	147	1	1.61e-68	267
NC_011593.1:2598858-2601929	NB551033:151:HCYCWBGXB:2:13306:13652:7700#0/1	98.667	150	2	0	553	702	1	150	1.61e-68	267
NC_011593.1:2598858-2601929	NB551033:151:HCYCWBGXB:1:21209:7302:13445#0/1	98.667	150	2	0	1371	1520	1	150	1.61e-68	267
NC_011593.1:2598858-2601929	NB551033:151:HCYCWBGXB:1:13103:17737:15100#0/1	98.667	150	2	0	2435	2584	150	1	1.61e-68	267
NC_011593.1:2598858-2601929	NB551033:151:HCYCWBGXB:4:23511:11242:9440#0/2	98.658	149	2	0	2770	2918	149	1	5.79e-68	265
NC_011593.1:2598858-2601929	NB551033:151:HCYCWBGXB:3:12608:21757:13456#0/2	98.013	151	3	0	2566	2716	151	1	2.08e-67	263
NC_011593.1:2598858-2601929	NB551033:151:HCYCWBGXB:2:22311:20286:7808#0/2	98.013	151	3	0	1344	1494	151	1	2.08e-67	263
NC_011593.1:2598858-2601929	NB551033:151:HCYCWBGXB:2:11112:11279:2751#0/2	98.013	151	3	0	2339	2489	151	1	2.08e-67	263
NC_011593.1:2598858-2601929	NB551033:151:HCYCWBGXB:1:13205:4875:13555#0/2	98.013	151	3	0	2316	2466	151	1	2.08e-67	263
NC_011593.1:2598858-2601929	NB551033:151:HCYCWBGXB:1:11102:14824:17646#0/2	98.013	151	3	0	2387	2537	151	1	2.08e-67	263
NC_011593.1:2598858-2601929	NB551033:151:HCYCWBGXB:4:11502:25420:14843#0/1	98.013	151	3	0	1474	1624	1	151	2.08e-67	263
NC_011593.1:2598858-2601929	NB551033:151:HCYCWBGXB:3:12506:25584:6806#0/1	98.013	151	3	0	2297	2447	1	151	2.08e-67	263
NC_011593.1:2598858-2601929	NB551033:151:HCYCWBGXB:3:12403:9489:10273#0/1	98.013	151	3	0	1350	1500	151	1	2.08e-67	263
NC_011593.1:2598858-2601929	NB551033:151:HCYCWBGXB:3:12506:25584:6806#0/2	98.000	150	3	0	2398	2547	150	1	7.49e-67	261
NC_011593.1:2598858-2601929	NB551033:151:HCYCWBGXB:3:11603:17803:1610#0/2	98.000	150	3	0	2539	2688	1	150	7.49e-67	261
NC_011593.1:2598858-2601929	NB551033:151:HCYCWBGXB:2:21205:12178:11097#0/2	98.000	150	3	0	2017	2166	150	1	7.49e-67	261
NC_011593.1:2598858-2601929	NB551033:151:HCYCWBGXB:1:22103:3248:1460#0/2	98.639	147	2	0	2910	3056	1	147	7.49e-67	261
NC_011593.1:2598858-2601929	NB551033:151:HCYCWBGXB:1:21306:23499:7449#0/2	98.000	150	3	0	1338	1487	150	1	7.49e-67	261
NC_011593.1:2598858-2601929	NB551033:151:HCYCWBGXB:4:22509:16976:3542#0/1	98.000	150	3	0	2764	2913	150	1	7.49e-67	261
NC_011593.1:2598858-2601929	NB551033:151:HCYCWBGXB:3:22511:6580:2178#0/1	98.000	150	3	0	2560	2709	1	150	7.49e-67	261
NC_011593.1:2598858-2601929	NB551033:151:HCYCWBGXB:1:11102:14824:17646#0/1	98.000	150	3	0	2337	2486	1	150	7.49e-67	261
NC_011593.1:2598858-2601929	NB551033:151:HCYCWBGXB:2:22310:6007:18431#0/2	99.301	143	1	0	1155	1297	1	143	2.70e-66	259
NC_011593.1:2598858-2601929	NB551033:151:HCYCWBGXB:2:22310:6007:18431#0/1	99.301	143	1	0	1155	1297	143	1	2.70e-66	259
NC_011593.1:2598858-2601929	NB551033:151:HCYCWBGXB:3:23403:24218:12946#0/2	97.351	151	4	0	2576	2726	151	1	9.69e-66	257
NC_011593.1:2598858-2601929	NB551033:151:HCYCWBGXB:3:21508:15964:2884#0/2	97.973	148	3	0	2494	2641	148	1	9.69e-66	257
NC_011593.1:2598858-2601929	NB551033:151:HCYCWBGXB:4:12505:9121:16108#0/1	97.973	148	3	0	1454	1601	1	148	9.69e-66	257
NC_011593.1:2598858-2601929	NB551033:151:HCYCWBGXB:3:13501:7851:7841#0/1	97.351	151	4	0	545	695	1	151	9.69e-66	257
NC_011593.1:2598858-2601929	NB551033:151:HCYCWBGXB:1:21110:13876:19231#0/1	97.351	151	4	0	1350	1500	151	1	9.69e-66	257
NC_011593.1:2598858-2601929	NB551033:151:HCYCWBGXB:3:22511:6580:2178#0/2	97.333	150	4	0	2649	2798	150	1	3.49e-65	255
NC_011593.1:2598858-2601929	NB551033:151:HCYCWBGXB:2:13206:11423:17435#0/2	97.333	150	4	0	2147	2296	150	1	3.49e-65	255
NC_011593.1:2598858-2601929	NB551033:151:HCYCWBGXB:1:21108:15679:7528#0/2	97.333	150	4	0	866	1015	2	151	3.49e-65	255
NC_011593.1:2598858-2601929	NB551033:151:HCYCWBGXB:1:12212:25252:17680#0/2	97.333	150	4	0	784	933	1	150	3.49e-65	255
NC_011593.1:2598858-2601929	NB551033:151:HCYCWBGXB:3:12605:4022:11643#0/1	97.333	150	4	0	799	948	1	150	3.49e-65	255
NC_011593.1:2598858-2601929	NB551033:151:HCYCWBGXB:1:22201:4169:5209#0/1	97.333	150	4	0	2645	2794	1	150	3.49e-65	255
NC_011593.1:2598858-2601929	NB551033:151:HCYCWBGXB:1:13205:4875:13555#0/1	97.333	150	4	0	2147	2296	1	150	3.49e-65	255
NC_011593.1:2598858-2601929	NB551033:151:HCYCWBGXB:2:22302:12344:4588#0/2	97.315	149	4	0	1349	1497	1	149	1.25e-64	254
NC_011593.1:2598858-2601929	NB551033:151:HCYCWBGXB:3:12602:12950:20105#0/1	96.689	151	5	0	2072	2222	1	151	4.51e-64	252
NC_011593.1:2598858-2601929	NB551033:151:HCYCWBGXB:4:11508:2096:16222#0/2	96.667	150	5	0	2053	2202	1	150	1.62e-63	250
NC_011593.1:2598858-2601929	NB551033:151:HCYCWBGXB:1:22212:1489:7192#0/2	96.667	150	5	0	852	1001	1	150	1.62e-63	250
NC_011593.1:2598858-2601929	NB551033:151:HCYCWBGXB:2:13101:3219:17618#0/1	96.667	150	5	0	2116	2265	150	1	1.62e-63	250
NC_011593.1:2598858-2601929	NB551033:151:HCYCWBGXB:3:12504:8474:11900#0/1	99.270	137	1	0	1889	2025	137	1	5.83e-63	248
NC_011593.1:2598858-2601929	NB551033:151:HCYCWBGXB:3:11407:23485:18111#0/2	96.026	151	6	0	509	659	151	1	2.10e-62	246
NC_011593.1:2598858-2601929	NB551033:151:HCYCWBGXB:1:12212:25252:17680#0/1	96.622	148	5	0	835	982	148	1	2.10e-62	246
NC_011593.1:2598858-2601929	NB551033:151:HCYCWBGXB:4:12601:4628:16390#0/2	99.259	135	1	0	122	256	135	1	7.55e-62	244
NC_011593.1:2598858-2601929	NB551033:151:HCYCWBGXB:2:22207:6710:8720#0/2	96.000	150	6	0	499	648	1	150	7.55e-62	244
NC_011593.1:2598858-2601929	NB551033:151:HCYCWBGXB:1:23306:7428:16325#0/2	100.000	132	0	0	1216	1347	1	132	7.55e-62	244
NC_011593.1:2598858-2601929	NB551033:151:HCYCWBGXB:1:21202:5872:18371#0/2	96.000	150	6	0	505	654	150	1	7.55e-62	244
NC_011593.1:2598858-2601929	NB551033:151:HCYCWBGXB:4:23511:9111:20020#0/1	96.000	150	6	0	845	994	1	150	7.55e-62	244
NC_011593.1:2598858-2601929	NB551033:151:HCYCWBGXB:3:11603:17803:1610#0/1	98.551	138	2	0	2796	2933	138	1	7.55e-62	244
NC_011593.1:2598858-2601929	NB551033:151:HCYCWBGXB:1:23306:7428:16325#0/1	100.000	132	0	0	1216	1347	132	1	7.55e-62	244
NC_011593.1:2598858-2601929	NB551033:151:HCYCWBGXB:3:12608:21757:13456#0/1	98.540	137	2	0	2529	2665	1	137	2.71e-61	243
NC_011593.1:2598858-2601929	NB551033:151:HCYCWBGXB:1:21201:2945:15189#0/1	99.254	134	1	0	2207	2340	1	134	2.71e-61	243
NC_011593.1:2598858-2601929	NB551033:151:HCYCWBGXB:3:12504:8474:11900#0/2	100.000	130	0	0	1742	1871	1	130	9.76e-61	241
NC_011593.1:2598858-2601929	NB551033:151:HCYCWBGXB:4:11508:2096:16222#0/1	96.528	144	5	0	2078	2221	144	1	3.51e-60	239
NC_011593.1:2598858-2601929	NB551033:151:HCYCWBGXB:1:13311:6649:13247#0/1	97.826	138	3	0	2935	3072	150	13	3.51e-60	239
NC_011593.1:2598858-2601929	NB551033:151:HCYCWBGXB:3:13507:12708:11832#0/2	99.231	130	1	0	16	145	130	1	4.54e-59	235
NC_011593.1:2598858-2601929	NB551033:151:HCYCWBGXB:3:13507:12708:11832#0/1	99.231	130	1	0	16	145	1	130	4.54e-59	235
NC_011593.1:2598858-2601929	NB551033:151:HCYCWBGXB:3:22610:5526:10851#0/2	100.000	126	0	0	1623	1748	126	1	1.63e-58	233
NC_011593.1:2598858-2601929	NB551033:151:HCYCWBGXB:1:12311:8040:4828#0/2	99.225	129	1	0	2213	2341	129	1	1.63e-58	233
NC_011593.1:2598858-2601929	NB551033:151:HCYCWBGXB:1:12311:8040:4828#0/1	99.225	129	1	0	2213	2341	1	129	1.63e-58	233
NC_011593.1:2598858-2601929	NB551033:151:HCYCWBGXB:3:22610:5526:10851#0/1	99.206	126	1	0	1623	1748	1	126	7.60e-57	228
NC_011593.1:2598858-2601929	NB551033:151:HCYCWBGXB:1:12201:17810:1474#0/2	99.194	124	1	0	1140	1263	124	1	9.83e-56	224
NC_011593.1:2598858-2601929	NB551033:151:HCYCWBGXB:3:12511:3524:7995#0/1	96.324	136	5	0	2412	2547	136	1	9.83e-56	224
NC_011593.1:2598858-2601929	NB551033:151:HCYCWBGXB:1:12201:17810:1474#0/1	99.194	124	1	0	1140	1263	1	124	9.83e-56	224
NC_011593.1:2598858-2601929	NB551033:151:HCYCWBGXB:3:23407:20520:10658#0/2	99.187	123	1	0	685	807	123	1	3.54e-55	222
NC_011593.1:2598858-2601929	NB551033:151:HCYCWBGXB:3:12511:3524:7995#0/2	96.970	132	4	0	2046	2177	1	132	3.54e-55	222
NC_011593.1:2598858-2601929	NB551033:151:HCYCWBGXB:2:11302:22599:9050#0/2	97.674	129	3	0	2342	2470	129	1	3.54e-55	222
NC_011593.1:2598858-2601929	NB551033:151:HCYCWBGXB:3:23407:20520:10658#0/1	98.413	126	2	0	682	807	1	126	3.54e-55	222
NC_011593.1:2598858-2601929	NB551033:151:HCYCWBGXB:2:11302:22599:9050#0/1	97.674	129	3	0	2342	2470	1	129	3.54e-55	222
NC_011593.1:2598858-2601929	NB551033:151:HCYCWBGXB:1:22103:3248:1460#0/1	97.656	128	3	0	2945	3072	151	24	1.27e-54	220
NC_011593.1:2598858-2601929	NB551033:151:HCYCWBGXB:3:23605:17029:7197#0/2	99.160	119	1	0	1842	1960	1	119	5.92e-53	215
NC_011593.1:2598858-2601929	NB551033:151:HCYCWBGXB:3:23605:17029:7197#0/1	99.160	119	1	0	1842	1960	119	1	5.92e-53	215
NC_011593.1:2598858-2601929	NB551033:151:HCYCWBGXB:1:21209:7302:13445#0/2	98.319	119	2	0	1513	1631	119	1	2.75e-51	209
NC_011593.1:2598858-2601929	NB551033:151:HCYCWBGXB:2:11205:4935:13849#0/2	98.305	118	2	0	2576	2693	1	118	9.90e-51	207
NC_011593.1:2598858-2601929	NB551033:151:HCYCWBGXB:4:21403:2555:18083#0/1	96.639	119	4	0	866	984	119	1	5.96e-48	198
NC_011593.1:2598858-2601929	NB551033:151:HCYCWBGXB:2:12208:9868:15269#0/2	100.000	105	0	0	383	487	1	105	7.71e-47	195
NC_011593.1:2598858-2601929	NB551033:151:HCYCWBGXB:2:12208:9868:15269#0/1	100.000	105	0	0	383	487	105	1	7.71e-47	195
NC_011593.1:2598858-2601929	NB551033:151:HCYCWBGXB:2:13203:16168:3060#0/2	99.057	106	1	0	2785	2890	1	106	9.97e-46	191
NC_011593.1:2598858-2601929	NB551033:151:HCYCWBGXB:4:23511:11242:9440#0/1	96.491	114	4	0	2661	2774	1	114	3.59e-45	189
NC_011593.1:2598858-2601929	NB551033:151:HCYCWBGXB:2:13203:16168:3060#0/1	99.048	105	1	0	2787	2891	105	1	3.59e-45	189
NC_011593.1:2598858-2601929	NB551033:151:HCYCWBGXB:1:21201:2945:15189#0/2	100.000	101	0	0	2278	2378	101	1	1.29e-44	187
NC_011593.1:2598858-2601929	NB551033:151:HCYCWBGXB:4:12601:4628:16390#0/1	100.000	101	0	0	1	101	51	151	1.29e-44	187
NC_011593.1:2598858-2601929	NB551033:151:HCYCWBGXB:1:22109:16473:6676#0/2	100.000	100	0	0	1016	1115	1	100	4.64e-44	185
NC_011593.1:2598858-2601929	NB551033:151:HCYCWBGXB:1:13208:14667:2588#0/2	99.029	103	1	0	705	807	103	1	4.64e-44	185
NC_011593.1:2598858-2601929	NB551033:151:HCYCWBGXB:1:22109:16473:6676#0/1	100.000	100	0	0	1016	1115	100	1	4.64e-44	185
NC_011593.1:2598858-2601929	NB551033:151:HCYCWBGXB:1:13208:14667:2588#0/1	99.029	103	1	0	705	807	1	103	4.64e-44	185
NC_011593.1:2598858-2601929	NB551033:151:HCYCWBGXB:1:23303:14950:17254#0/2	95.575	113	5	0	511	623	113	1	6.00e-43	182
NC_011593.1:2598858-2601929	NB551033:151:HCYCWBGXB:1:23303:14950:17254#0/1	95.575	113	5	0	511	623	1	113	6.00e-43	182
NC_011593.1:2598858-2601929	NB551033:151:HCYCWBGXB:3:23403:24218:12946#0/1	98.990	99	1	0	2293	2391	1	99	7.76e-42	178
NC_011593.1:2598858-2601929	NB551033:151:HCYCWBGXB:2:11110:20161:12630#0/1	98.039	102	2	0	442	543	102	1	7.76e-42	178
NC_011593.1:2598858-2601929	NB551033:151:HCYCWBGXB:2:23312:14363:11267#0/2	97.115	104	3	0	2377	2480	104	1	2.79e-41	176
NC_011593.1:2598858-2601929	NB551033:151:HCYCWBGXB:2:23312:14363:11267#0/1	97.115	104	3	0	2377	2480	1	104	2.79e-41	176
NC_011593.1:2598858-2601929	NB551033:151:HCYCWBGXB:4:11610:17357:7056#0/2	95.370	108	5	0	2106	2213	108	1	3.61e-40	172
NC_011593.1:2598858-2601929	NB551033:151:HCYCWBGXB:3:12504:4050:9991#0/2	97.980	99	2	0	1499	1597	1	99	3.61e-40	172
NC_011593.1:2598858-2601929	NB551033:151:HCYCWBGXB:2:11110:20161:12630#0/2	97.980	99	2	0	442	540	1	99	3.61e-40	172
NC_011593.1:2598858-2601929	NB551033:151:HCYCWBGXB:1:21209:9846:7373#0/2	96.190	105	4	0	2122	2226	105	1	3.61e-40	172
NC_011593.1:2598858-2601929	NB551033:151:HCYCWBGXB:3:12504:4050:9991#0/1	97.980	99	2	0	1499	1597	99	1	3.61e-40	172
NC_011593.1:2598858-2601929	NB551033:151:HCYCWBGXB:3:12404:9199:12456#0/2	98.947	95	1	0	2628	2722	97	3	1.30e-39	171
NC_011593.1:2598858-2601929	NB551033:151:HCYCWBGXB:4:11610:17357:7056#0/1	98.947	95	1	0	1843	1937	1	95	1.30e-39	171
NC_011593.1:2598858-2601929	NB551033:151:HCYCWBGXB:3:12404:9199:12456#0/1	98.947	95	1	0	2628	2722	1	95	1.30e-39	171
NC_011593.1:2598858-2601929	NB551033:151:HCYCWBGXB:4:11408:18356:18785#0/2	95.238	105	5	0	459	563	105	1	1.68e-38	167
NC_011593.1:2598858-2601929	NB551033:151:HCYCWBGXB:4:11408:18356:18785#0/1	95.238	105	5	0	459	563	1	105	1.68e-38	167
NC_011593.1:2598858-2601929	NB551033:151:HCYCWBGXB:4:23403:21014:18578#0/2	100.000	87	0	0	258	344	87	1	7.82e-37	161
NC_011593.1:2598858-2601929	NB551033:151:HCYCWBGXB:4:22509:16976:3542#0/2	97.849	93	2	0	2638	2730	1	93	7.82e-37	161
NC_011593.1:2598858-2601929	NB551033:151:HCYCWBGXB:1:22201:19490:19368#0/2	98.889	90	1	0	2736	2825	90	1	7.82e-37	161
NC_011593.1:2598858-2601929	NB551033:151:HCYCWBGXB:4:23403:21014:18578#0/1	100.000	87	0	0	258	344	1	87	7.82e-37	161
NC_011593.1:2598858-2601929	NB551033:151:HCYCWBGXB:4:11509:19428:12920#0/2	100.000	77	0	0	1	77	77	1	2.83e-31	143
NC_011593.1:2598858-2601929	NB551033:151:HCYCWBGXB:4:11509:19428:12920#0/1	100.000	77	0	0	1	77	68	144	2.83e-31	143
NC_011593.1:2598858-2601929	NB551033:151:HCYCWBGXB:2:11205:4935:13849#0/1	100.000	75	0	0	2620	2694	75	1	3.66e-30	139
NC_011593.1:2598858-2601929	NB551033:151:HCYCWBGXB:4:21504:18709:16878#0/2	100.000	68	0	0	1	68	68	1	2.85e-26	126
NC_011593.1:2598858-2601929	NB551033:151:HCYCWBGXB:4:13504:11657:3245#0/1	100.000	68	0	0	1	68	68	1	2.85e-26	126
NC_011593.1:2598858-2601929	NB551033:151:HCYCWBGXB:1:23103:14702:16261#0/2	97.143	70	2	0	3003	3072	1	70	4.77e-24	119
NC_011593.1:2598858-2601929	NB551033:151:HCYCWBGXB:4:22408:2166:4095#0/2	100.000	58	0	0	1	58	84	141	1.03e-20	108
NC_011593.1:2598858-2601929	NB551033:151:HCYCWBGXB:4:22408:2166:4095#0/1	100.000	58	0	0	1	58	58	1	1.03e-20	108
NC_011593.1:2598858-2601929	NB551033:151:HCYCWBGXB:3:22511:9987:18196#0/2	100.000	39	0	0	1	39	93	131	3.77e-10	73.1
NC_011593.1:2598858-2601929	NB551033:151:HCYCWBGXB:3:22511:9987:18196#0/1	100.000	39	0	0	1	39	39	1	3.77e-10	73.1
# BLASTN 2.9.0+
# Query: NC_011593.1:c2604454-2602106 Bifidobacterium longum subsp. infantis ATCC 15697, complete genome
# Database: db/blast_C0633-2F-1A_S14.faa
# 0 hits found
# BLASTN 2.9.0+
# Query: NC_011593.1:c2605922-2604486 Bifidobacterium longum subsp. infantis ATCC 15697, complete genome
# Database: db/blast_C0633-2F-1A_S14.faa
# 0 hits found
# BLASTN 2.9.0+
# Query: NC_011593.1:c2606381-2605944 Bifidobacterium longum subsp. infantis ATCC 15697, complete genome
# Database: db/blast_C0633-2F-1A_S14.faa
# 0 hits found
# BLASTN 2.9.0+
# Query: NC_011593.1:c2607314-2606418 Bifidobacterium longum subsp. infantis ATCC 15697, complete genome
# Database: db/blast_C0633-2F-1A_S14.faa
# 0 hits found
# BLASTN 2.9.0+
# Query: NC_011593.1:c2608249-2607458 Bifidobacterium longum subsp. infantis ATCC 15697, complete genome
# Database: db/blast_C0633-2F-1A_S14.faa
# 0 hits found
# BLASTN 2.9.0+
# Query: NC_011593.1:c2609546-2608269 Bifidobacterium longum subsp. infantis ATCC 15697, complete genome
# Database: db/blast_C0633-2F-1A_S14.faa
# 0 hits found
# BLASTN 2.9.0+
# Query: NC_011593.1:c2610356-2609697 Bifidobacterium longum subsp. infantis ATCC 15697, complete genome
# Database: db/blast_C0633-2F-1A_S14.faa
# 0 hits found
# BLASTN 2.9.0+
# Query: NC_011593.1:c2611458-2610496 Bifidobacterium longum subsp. infantis ATCC 15697, complete genome
# Database: db/blast_C0633-2F-1A_S14.faa
# 0 hits found
# BLASTN 2.9.0+
# Query: NC_011593.1:c2612430-2611477 Bifidobacterium longum subsp. infantis ATCC 15697, complete genome
# Database: db/blast_C0633-2F-1A_S14.faa
# 0 hits found
# BLASTN 2.9.0+
# Query: NC_011593.1:c2614109-2612517 Bifidobacterium longum subsp. infantis ATCC 15697, complete genome
# Database: db/blast_C0633-2F-1A_S14.faa
# 0 hits found
# BLASTN 2.9.0+
# Query: NC_011593.1:c2615274-2614312 Bifidobacterium longum subsp. infantis ATCC 15697, complete genome
# Database: db/blast_C0633-2F-1A_S14.faa
# 0 hits found
# BLASTN 2.9.0+
# Query: NC_011593.1:c2616246-2615293 Bifidobacterium longum subsp. infantis ATCC 15697, complete genome
# Database: db/blast_C0633-2F-1A_S14.faa
# 0 hits found
# BLASTN 2.9.0+
# Query: NC_011593.1:c2617928-2616333 Bifidobacterium longum subsp. infantis ATCC 15697, complete genome
# Database: db/blast_C0633-2F-1A_S14.faa
# 0 hits found
# BLASTN 2.9.0+
# Query: NC_011593.1:c2619247-2618063 Bifidobacterium longum subsp. infantis ATCC 15697, complete genome
# Database: db/blast_C0633-2F-1A_S14.faa
# 0 hits found
# BLASTN 2.9.0+
# Query: NC_011593.1:c2620369-2619413 Bifidobacterium longum subsp. infantis ATCC 15697, complete genome
# Database: db/blast_C0633-2F-1A_S14.faa
# 0 hits found
# BLASTN 2.9.0+
# Query: NC_011593.1:c2622143-2620551 Bifidobacterium longum subsp. infantis ATCC 15697, complete genome
# Database: db/blast_C0633-2F-1A_S14.faa
# 0 hits found
# BLASTN 2.9.0+
# Query: NC_011593.1:c2624124-2622520 Bifidobacterium longum subsp. infantis ATCC 15697, complete genome
# Database: db/blast_C0633-2F-1A_S14.faa
# 0 hits found
# BLASTN 2.9.0+
# Query: NC_011593.1:c2626110-2624512 Bifidobacterium longum subsp. infantis ATCC 15697, complete genome
# Database: db/blast_C0633-2F-1A_S14.faa
# 0 hits found
# BLASTN 2.9.0+
# Query: NC_011593.1:c2626386-2626264 Bifidobacterium longum subsp. infantis ATCC 15697, complete genome
# Database: db/blast_C0633-2F-1A_S14.faa
# 0 hits found
# BLASTN 2.9.0+
# Query: NC_011593.1:c2628158-2626563 Bifidobacterium longum subsp. infantis ATCC 15697, complete genome
# Database: db/blast_C0633-2F-1A_S14.faa
# 0 hits found
# BLASTN 2.9.0+
# Query: NC_011593.1:c2630269-2628314 Bifidobacterium longum subsp. infantis ATCC 15697, complete genome
# Database: db/blast_C0633-2F-1A_S14.faa
# 0 hits found
# BLASTN 2.9.0+
# Query: NC_011593.1:c2631106-2630366 Bifidobacterium longum subsp. infantis ATCC 15697, complete genome
# Database: db/blast_C0633-2F-1A_S14.faa
# 0 hits found
# BLASTN 2.9.0+
# Query: NC_011593.1:c2632432-2631140 Bifidobacterium longum subsp. infantis ATCC 15697, complete genome
# Database: db/blast_C0633-2F-1A_S14.faa
# 0 hits found
# BLASTN 2.9.0+
# Query: NC_011593.1:c2633881-2632562 Bifidobacterium longum subsp. infantis ATCC 15697, complete genome
# Database: db/blast_C0633-2F-1A_S14.faa
# 0 hits found
# BLASTN 2.9.0+
# Query: NC_011593.1:c2634683-2633865 Bifidobacterium longum subsp. infantis ATCC 15697, complete genome
# Database: db/blast_C0633-2F-1A_S14.faa
# 0 hits found
# BLASTN 2.9.0+
# Query: NC_011593.1:c2635627-2634680 Bifidobacterium longum subsp. infantis ATCC 15697, complete genome
# Database: db/blast_C0633-2F-1A_S14.faa
# 0 hits found
# BLASTN 2.9.0+
# Query: NC_011593.1:c2636747-2635629 Bifidobacterium longum subsp. infantis ATCC 15697, complete genome
# Database: db/blast_C0633-2F-1A_S14.faa
# 0 hits found
# BLAST processed 31 queries
