# BLASTN 2.9.0+
# Query: NC_011593.1:c2595355-2593832 Bifidobacterium longum subsp. infantis ATCC 15697, complete genome
# Database: db/blast_C0648-1F-2A_S12.faa
# Fields: query acc.ver, subject acc.ver, % identity, alignment length, mismatches, gap opens, q. start, q. end, s. start, s. end, evalue, bit score
# 117 hits found
NC_011593.1:c2595355-2593832	NB551033:88:H5VWJBGX7:4:12607:3429:11874#0/2	98.675	151	2	0	460	610	1	151	1.19e-69	268
NC_011593.1:c2595355-2593832	NB551033:88:H5VWJBGX7:4:11601:8937:7553#0/2	98.675	151	2	0	438	588	151	1	1.19e-69	268
NC_011593.1:c2595355-2593832	NB551033:88:H5VWJBGX7:2:11310:11631:17204#0/2	98.675	151	2	0	994	1144	151	1	1.19e-69	268
NC_011593.1:c2595355-2593832	NB551033:88:H5VWJBGX7:2:21207:18725:8783#0/1	98.675	151	2	0	909	1059	151	1	1.19e-69	268
NC_011593.1:c2595355-2593832	NB551033:88:H5VWJBGX7:2:13308:2181:4322#0/2	98.667	150	2	0	1082	1231	1	150	4.30e-69	267
NC_011593.1:c2595355-2593832	NB551033:88:H5VWJBGX7:1:23207:22952:5941#0/2	98.667	150	2	0	713	862	150	1	4.30e-69	267
NC_011593.1:c2595355-2593832	NB551033:88:H5VWJBGX7:4:11601:8937:7553#0/1	98.667	150	2	0	419	568	1	150	4.30e-69	267
NC_011593.1:c2595355-2593832	NB551033:88:H5VWJBGX7:4:11409:4176:9580#0/1	98.667	150	2	0	375	524	1	150	4.30e-69	267
NC_011593.1:c2595355-2593832	NB551033:88:H5VWJBGX7:1:23306:19511:14472#0/1	98.667	150	2	0	360	509	150	1	4.30e-69	267
NC_011593.1:c2595355-2593832	NB551033:88:H5VWJBGX7:1:23207:22952:5941#0/1	98.667	150	2	0	501	650	1	150	4.30e-69	267
NC_011593.1:c2595355-2593832	NB551033:88:H5VWJBGX7:4:21502:3237:12992#0/2	98.658	149	2	0	746	894	1	149	1.54e-68	265
NC_011593.1:c2595355-2593832	NB551033:88:H5VWJBGX7:4:21502:3237:12992#0/1	98.658	149	2	0	746	894	149	1	1.54e-68	265
NC_011593.1:c2595355-2593832	NB551033:88:H5VWJBGX7:1:21203:14686:7438#0/1	98.658	149	2	0	538	686	1	149	1.54e-68	265
NC_011593.1:c2595355-2593832	NB551033:88:H5VWJBGX7:4:21502:6411:12393#0/2	98.649	148	2	0	531	678	150	3	5.56e-68	263
NC_011593.1:c2595355-2593832	NB551033:88:H5VWJBGX7:3:22507:24313:19635#0/2	98.013	151	3	0	424	574	1	151	5.56e-68	263
NC_011593.1:c2595355-2593832	NB551033:88:H5VWJBGX7:3:21610:10586:17458#0/2	98.013	151	3	0	111	261	1	151	5.56e-68	263
NC_011593.1:c2595355-2593832	NB551033:88:H5VWJBGX7:3:22507:24313:19635#0/1	98.013	151	3	0	544	694	151	1	5.56e-68	263
NC_011593.1:c2595355-2593832	NB551033:88:H5VWJBGX7:3:21610:10586:17458#0/1	98.649	148	2	0	404	551	148	1	5.56e-68	263
NC_011593.1:c2595355-2593832	NB551033:88:H5VWJBGX7:3:21409:25663:11469#0/1	98.649	148	2	0	1114	1261	148	1	5.56e-68	263
NC_011593.1:c2595355-2593832	NB551033:88:H5VWJBGX7:2:21212:4842:13969#0/1	98.013	151	3	0	347	497	1	151	5.56e-68	263
NC_011593.1:c2595355-2593832	NB551033:88:H5VWJBGX7:2:12110:14709:4144#0/1	98.649	148	2	0	1032	1179	1	148	5.56e-68	263
NC_011593.1:c2595355-2593832	NB551033:88:H5VWJBGX7:2:11310:11631:17204#0/1	98.013	151	3	0	783	933	1	151	5.56e-68	263
NC_011593.1:c2595355-2593832	NB551033:88:H5VWJBGX7:1:13303:4519:6253#0/1	98.013	151	3	0	389	539	151	1	5.56e-68	263
NC_011593.1:c2595355-2593832	NB551033:88:H5VWJBGX7:4:21503:17809:4993#0/2	98.000	150	3	0	1098	1247	1	150	2.00e-67	261
NC_011593.1:c2595355-2593832	NB551033:88:H5VWJBGX7:2:21212:4842:13969#0/2	98.000	150	3	0	394	543	150	1	2.00e-67	261
NC_011593.1:c2595355-2593832	NB551033:88:H5VWJBGX7:1:23107:8118:17130#0/2	98.000	150	3	0	94	243	1	150	2.00e-67	261
NC_011593.1:c2595355-2593832	NB551033:88:H5VWJBGX7:1:21203:14686:7438#0/2	98.000	150	3	0	554	703	150	1	2.00e-67	261
NC_011593.1:c2595355-2593832	NB551033:88:H5VWJBGX7:4:22511:19137:2580#0/1	98.000	150	3	0	1130	1279	1	150	2.00e-67	261
NC_011593.1:c2595355-2593832	NB551033:88:H5VWJBGX7:3:12507:11012:2742#0/1	98.000	150	3	0	94	243	1	150	2.00e-67	261
NC_011593.1:c2595355-2593832	NB551033:88:H5VWJBGX7:2:22310:3886:15658#0/1	98.000	150	3	0	94	243	1	150	2.00e-67	261
NC_011593.1:c2595355-2593832	NB551033:88:H5VWJBGX7:2:22310:3886:15658#0/2	97.987	149	3	0	114	262	149	1	7.19e-67	259
NC_011593.1:c2595355-2593832	NB551033:88:H5VWJBGX7:2:13307:14265:3804#0/2	97.987	149	3	0	109	257	149	1	7.19e-67	259
NC_011593.1:c2595355-2593832	NB551033:88:H5VWJBGX7:2:13108:13947:13718#0/2	97.987	149	3	0	338	486	149	1	7.19e-67	259
NC_011593.1:c2595355-2593832	NB551033:88:H5VWJBGX7:3:22508:14041:4664#0/2	97.973	148	3	0	339	486	148	1	2.59e-66	257
NC_011593.1:c2595355-2593832	NB551033:88:H5VWJBGX7:4:12607:3429:11874#0/1	97.351	151	4	0	563	713	151	1	2.59e-66	257
NC_011593.1:c2595355-2593832	NB551033:88:H5VWJBGX7:3:12404:22548:18044#0/1	97.973	148	3	0	338	485	148	1	2.59e-66	257
NC_011593.1:c2595355-2593832	NB551033:88:H5VWJBGX7:1:12107:5687:11346#0/1	97.351	151	4	0	130	280	151	1	2.59e-66	257
NC_011593.1:c2595355-2593832	NB551033:88:H5VWJBGX7:3:12510:3680:12292#0/2	97.333	150	4	0	125	274	1	150	9.30e-66	255
NC_011593.1:c2595355-2593832	NB551033:88:H5VWJBGX7:3:11405:9094:19895#0/2	97.333	150	4	0	875	1024	150	1	9.30e-66	255
NC_011593.1:c2595355-2593832	NB551033:88:H5VWJBGX7:2:21207:18725:8783#0/2	97.333	150	4	0	768	917	1	150	9.30e-66	255
NC_011593.1:c2595355-2593832	NB551033:88:H5VWJBGX7:4:21502:6411:12393#0/1	97.333	150	4	0	333	482	1	150	9.30e-66	255
NC_011593.1:c2595355-2593832	NB551033:88:H5VWJBGX7:3:22508:14041:4664#0/1	97.333	150	4	0	136	285	1	150	9.30e-66	255
NC_011593.1:c2595355-2593832	NB551033:88:H5VWJBGX7:3:11405:9094:19895#0/1	97.333	150	4	0	849	998	1	150	9.30e-66	255
NC_011593.1:c2595355-2593832	NB551033:88:H5VWJBGX7:2:23108:15684:14128#0/1	97.333	150	4	0	147	296	150	1	9.30e-66	255
NC_011593.1:c2595355-2593832	NB551033:88:H5VWJBGX7:2:13108:13947:13718#0/1	97.333	150	4	0	136	285	1	150	9.30e-66	255
NC_011593.1:c2595355-2593832	NB551033:88:H5VWJBGX7:4:11409:4176:9580#0/2	97.945	146	3	0	691	836	146	1	3.34e-65	254
NC_011593.1:c2595355-2593832	NB551033:88:H5VWJBGX7:3:12507:11012:2742#0/2	96.689	151	5	0	185	335	151	1	1.20e-64	252
NC_011593.1:c2595355-2593832	NB551033:88:H5VWJBGX7:4:13404:9443:16056#0/1	96.689	151	5	0	174	324	151	1	1.20e-64	252
NC_011593.1:c2595355-2593832	NB551033:88:H5VWJBGX7:3:12510:3680:12292#0/1	96.689	151	5	0	176	326	151	1	1.20e-64	252
NC_011593.1:c2595355-2593832	NB551033:88:H5VWJBGX7:1:13303:4519:6253#0/2	96.667	150	5	0	123	272	1	150	4.33e-64	250
NC_011593.1:c2595355-2593832	NB551033:88:H5VWJBGX7:1:23306:19511:14472#0/2	96.644	149	5	0	175	323	1	149	1.56e-63	248
NC_011593.1:c2595355-2593832	NB551033:88:H5VWJBGX7:4:13604:3920:6647#0/2	96.026	151	6	0	194	344	1	151	5.60e-63	246
NC_011593.1:c2595355-2593832	NB551033:88:H5VWJBGX7:4:12509:6031:9118#0/1	96.026	151	6	0	66	216	151	1	5.60e-63	246
NC_011593.1:c2595355-2593832	NB551033:88:H5VWJBGX7:4:11608:2914:3305#0/1	96.026	151	6	0	427	577	1	151	5.60e-63	246
NC_011593.1:c2595355-2593832	NB551033:88:H5VWJBGX7:3:21510:15114:17454#0/2	96.000	150	6	0	660	809	150	1	2.01e-62	244
NC_011593.1:c2595355-2593832	NB551033:88:H5VWJBGX7:4:13604:3920:6647#0/1	96.000	150	6	0	640	789	150	1	2.01e-62	244
NC_011593.1:c2595355-2593832	NB551033:88:H5VWJBGX7:2:22111:1873:10676#0/1	96.000	150	6	0	429	578	1	150	2.01e-62	244
NC_011593.1:c2595355-2593832	NB551033:88:H5VWJBGX7:3:21510:15114:17454#0/1	95.973	149	6	0	635	783	1	149	7.24e-62	243
NC_011593.1:c2595355-2593832	NB551033:88:H5VWJBGX7:1:23107:8118:17130#0/1	95.973	149	6	0	304	452	149	1	7.24e-62	243
NC_011593.1:c2595355-2593832	NB551033:88:H5VWJBGX7:3:12404:22548:18044#0/2	95.946	148	6	0	39	186	2	149	2.60e-61	241
NC_011593.1:c2595355-2593832	NB551033:88:H5VWJBGX7:1:12107:5687:11346#0/2	95.946	148	6	0	28	175	3	150	2.60e-61	241
NC_011593.1:c2595355-2593832	NB551033:88:H5VWJBGX7:3:21409:25663:11469#0/2	99.237	131	1	0	1032	1162	1	131	3.37e-60	237
NC_011593.1:c2595355-2593832	NB551033:88:H5VWJBGX7:4:21503:17809:4993#0/1	97.794	136	3	0	1335	1470	151	16	1.21e-59	235
NC_011593.1:c2595355-2593832	NB551033:88:H5VWJBGX7:2:22111:9490:2794#0/2	96.454	141	5	0	811	951	1	141	4.36e-59	233
NC_011593.1:c2595355-2593832	NB551033:88:H5VWJBGX7:1:12304:26585:11680#0/1	97.761	134	3	0	1227	1360	1	134	1.57e-58	231
NC_011593.1:c2595355-2593832	NB551033:88:H5VWJBGX7:2:23102:3229:16492#0/2	97.059	136	4	0	127	262	136	1	5.64e-58	230
NC_011593.1:c2595355-2593832	NB551033:88:H5VWJBGX7:1:22101:14517:4706#0/2	98.438	128	2	0	486	613	128	1	7.29e-57	226
NC_011593.1:c2595355-2593832	NB551033:88:H5VWJBGX7:1:22101:14517:4706#0/1	98.438	128	2	0	486	613	1	128	7.29e-57	226
NC_011593.1:c2595355-2593832	NB551033:88:H5VWJBGX7:4:13502:14034:18562#0/2	98.333	120	2	0	356	475	1	120	2.04e-52	211
NC_011593.1:c2595355-2593832	NB551033:88:H5VWJBGX7:4:13502:14034:18562#0/1	98.333	120	2	0	356	475	120	1	2.04e-52	211
NC_011593.1:c2595355-2593832	NB551033:88:H5VWJBGX7:2:13105:26652:7717#0/2	95.312	128	6	0	382	509	128	1	3.42e-50	204
NC_011593.1:c2595355-2593832	NB551033:88:H5VWJBGX7:2:13104:1125:7719#0/2	95.312	128	6	0	382	509	128	1	3.42e-50	204
NC_011593.1:c2595355-2593832	NB551033:88:H5VWJBGX7:2:13105:26652:7717#0/1	95.312	128	6	0	382	509	1	128	3.42e-50	204
NC_011593.1:c2595355-2593832	NB551033:88:H5VWJBGX7:2:13104:1125:7719#0/1	95.312	128	6	0	382	509	1	128	3.42e-50	204
NC_011593.1:c2595355-2593832	NB551033:88:H5VWJBGX7:1:13203:22988:19974#0/1	97.414	116	3	0	211	326	116	1	1.59e-48	198
NC_011593.1:c2595355-2593832	NB551033:88:H5VWJBGX7:1:13203:22988:19974#0/2	97.391	115	3	0	211	325	1	115	5.72e-48	196
NC_011593.1:c2595355-2593832	NB551033:88:H5VWJBGX7:2:13204:25580:2756#0/1	98.214	112	2	0	1156	1267	1	112	5.72e-48	196
NC_011593.1:c2595355-2593832	NB551033:88:H5VWJBGX7:3:21504:11610:1835#0/2	99.065	107	1	0	1032	1138	107	1	7.39e-47	193
NC_011593.1:c2595355-2593832	NB551033:88:H5VWJBGX7:3:21504:11610:1835#0/1	99.065	107	1	0	1032	1138	1	107	7.39e-47	193
NC_011593.1:c2595355-2593832	NB551033:88:H5VWJBGX7:3:23403:3130:7405#0/2	100.000	100	0	0	999	1098	100	1	1.24e-44	185
NC_011593.1:c2595355-2593832	NB551033:88:H5VWJBGX7:3:23403:3130:7405#0/1	100.000	100	0	0	999	1098	1	100	1.24e-44	185
NC_011593.1:c2595355-2593832	NB551033:88:H5VWJBGX7:2:12308:23760:19315#0/2	98.095	105	2	0	981	1085	1	105	4.45e-44	183
NC_011593.1:c2595355-2593832	NB551033:88:H5VWJBGX7:2:12308:23760:19315#0/1	98.095	105	2	0	981	1085	105	1	4.45e-44	183
NC_011593.1:c2595355-2593832	NB551033:88:H5VWJBGX7:2:12110:14709:4144#0/2	97.170	106	3	0	1365	1470	126	21	5.76e-43	180
NC_011593.1:c2595355-2593832	NB551033:88:H5VWJBGX7:3:21501:6196:10820#0/2	96.296	108	4	0	439	546	108	1	2.07e-42	178
NC_011593.1:c2595355-2593832	NB551033:88:H5VWJBGX7:1:13105:26144:19873#0/2	95.495	111	5	0	377	487	1	111	2.07e-42	178
NC_011593.1:c2595355-2593832	NB551033:88:H5VWJBGX7:3:21501:6196:10820#0/1	96.296	108	4	0	439	546	1	108	2.07e-42	178
NC_011593.1:c2595355-2593832	NB551033:88:H5VWJBGX7:1:13105:26144:19873#0/1	95.495	111	5	0	377	487	111	1	2.07e-42	178
NC_011593.1:c2595355-2593832	NB551033:88:H5VWJBGX7:4:21602:17801:11774#0/2	100.000	95	0	0	768	862	95	1	7.45e-42	176
NC_011593.1:c2595355-2593832	NB551033:88:H5VWJBGX7:4:21602:17801:11774#0/1	100.000	95	0	0	768	862	1	95	7.45e-42	176
NC_011593.1:c2595355-2593832	NB551033:88:H5VWJBGX7:2:13204:25580:2756#0/2	97.980	99	2	0	1177	1275	99	1	9.63e-41	172
NC_011593.1:c2595355-2593832	NB551033:88:H5VWJBGX7:1:21103:5232:5678#0/2	96.154	104	4	0	727	830	1	104	3.46e-40	171
NC_011593.1:c2595355-2593832	NB551033:88:H5VWJBGX7:2:21104:15201:2517#0/2	97.000	100	3	0	204	303	100	1	1.25e-39	169
NC_011593.1:c2595355-2593832	NB551033:88:H5VWJBGX7:2:21104:15201:2517#0/1	97.000	100	3	0	204	303	1	100	1.25e-39	169
NC_011593.1:c2595355-2593832	NB551033:88:H5VWJBGX7:4:13610:3789:12422#0/2	96.939	98	3	0	190	287	1	98	1.61e-38	165
NC_011593.1:c2595355-2593832	NB551033:88:H5VWJBGX7:4:13610:3789:12422#0/1	96.939	98	3	0	190	287	98	1	1.61e-38	165
NC_011593.1:c2595355-2593832	NB551033:88:H5VWJBGX7:3:23602:10276:15760#0/2	97.778	90	2	0	891	980	90	1	9.70e-36	156
NC_011593.1:c2595355-2593832	NB551033:88:H5VWJBGX7:3:23602:10276:15760#0/1	97.778	90	2	0	891	980	1	90	9.70e-36	156
NC_011593.1:c2595355-2593832	NB551033:88:H5VWJBGX7:1:21207:24793:16235#0/2	96.703	91	3	0	1380	1470	1	91	1.25e-34	152
NC_011593.1:c2595355-2593832	NB551033:88:H5VWJBGX7:1:12304:26585:11680#0/2	97.727	88	2	0	1274	1361	88	1	1.25e-34	152
NC_011593.1:c2595355-2593832	NB551033:88:H5VWJBGX7:4:13601:10669:1574#0/1	98.824	85	1	0	1041	1125	85	1	1.25e-34	152
NC_011593.1:c2595355-2593832	NB551033:88:H5VWJBGX7:4:12403:18076:13243#0/2	97.531	81	2	0	979	1059	81	1	9.77e-31	139
NC_011593.1:c2595355-2593832	NB551033:88:H5VWJBGX7:4:12403:18076:13243#0/1	97.531	81	2	0	979	1059	1	81	9.77e-31	139
NC_011593.1:c2595355-2593832	NB551033:88:H5VWJBGX7:3:21601:10382:9299#0/1	96.341	82	3	0	1389	1470	1	82	1.26e-29	135
NC_011593.1:c2595355-2593832	NB551033:88:H5VWJBGX7:3:11406:19089:7423#0/2	98.630	73	1	0	366	438	1	73	5.88e-28	130
NC_011593.1:c2595355-2593832	NB551033:88:H5VWJBGX7:3:11406:19089:7423#0/1	98.630	73	1	0	366	438	73	1	5.88e-28	130
NC_011593.1:c2595355-2593832	NB551033:88:H5VWJBGX7:4:23502:18762:13644#0/2	100.000	66	0	0	801	866	1	66	9.84e-26	122
NC_011593.1:c2595355-2593832	NB551033:88:H5VWJBGX7:2:12302:20999:2689#0/2	96.000	75	3	0	692	766	1	75	9.84e-26	122
NC_011593.1:c2595355-2593832	NB551033:88:H5VWJBGX7:4:23502:18762:13644#0/1	100.000	66	0	0	801	866	66	1	9.84e-26	122
NC_011593.1:c2595355-2593832	NB551033:88:H5VWJBGX7:2:12302:20999:2689#0/1	96.000	75	3	0	692	766	75	1	9.84e-26	122
NC_011593.1:c2595355-2593832	NB551033:88:H5VWJBGX7:2:23110:9266:5324#0/2	96.825	63	2	0	768	830	1	63	9.91e-21	106
NC_011593.1:c2595355-2593832	NB551033:88:H5VWJBGX7:4:13601:10669:1574#0/2	96.774	62	2	0	952	1013	1	62	3.56e-20	104
NC_011593.1:c2595355-2593832	NB551033:88:H5VWJBGX7:2:21111:21311:19509#0/2	100.000	56	0	0	803	858	56	1	3.56e-20	104
NC_011593.1:c2595355-2593832	NB551033:88:H5VWJBGX7:2:21111:21311:19509#0/1	100.000	56	0	0	803	858	1	56	3.56e-20	104
NC_011593.1:c2595355-2593832	NB551033:88:H5VWJBGX7:2:22111:9490:2794#0/1	96.552	58	2	0	1114	1171	58	1	5.96e-18	97.1
NC_011593.1:c2595355-2593832	NB551033:88:H5VWJBGX7:4:21602:19575:17114#0/2	100.000	34	0	0	1437	1470	1	34	6.05e-08	63.9
NC_011593.1:c2595355-2593832	NB551033:88:H5VWJBGX7:4:22511:19137:2580#0/2	100.000	32	0	0	1439	1470	151	120	7.82e-07	60.2
# BLASTN 2.9.0+
# Query: NC_011593.1:c2597106-2595574 Bifidobacterium longum subsp. infantis ATCC 15697, complete genome
# Database: db/blast_C0648-1F-2A_S12.faa
# Fields: query acc.ver, subject acc.ver, % identity, alignment length, mismatches, gap opens, q. start, q. end, s. start, s. end, evalue, bit score
# 28 hits found
NC_011593.1:c2597106-2595574	NB551033:88:H5VWJBGX7:2:21212:4842:13969#0/2	95.804	143	6	0	398	540	146	4	1.58e-58	231
NC_011593.1:c2597106-2595574	NB551033:88:H5VWJBGX7:1:13305:13948:7889#0/1	95.935	123	5	0	1	123	27	149	4.45e-49	200
NC_011593.1:c2597106-2595574	NB551033:88:H5VWJBGX7:3:22408:16028:2761#0/2	95.833	120	5	0	1	120	120	1	2.07e-47	195
NC_011593.1:c2597106-2595574	NB551033:88:H5VWJBGX7:4:13604:3920:6647#0/2	95.726	117	5	0	214	330	21	137	9.62e-46	189
NC_011593.1:c2597106-2595574	NB551033:88:H5VWJBGX7:1:13203:22988:19974#0/1	95.575	113	5	0	214	326	113	1	1.61e-43	182
NC_011593.1:c2597106-2595574	NB551033:88:H5VWJBGX7:1:13203:22988:19974#0/2	95.536	112	5	0	214	325	4	115	5.79e-43	180
NC_011593.1:c2597106-2595574	NB551033:88:H5VWJBGX7:3:21501:6196:10820#0/2	95.370	108	5	0	439	546	108	1	9.69e-41	172
NC_011593.1:c2597106-2595574	NB551033:88:H5VWJBGX7:3:21501:6196:10820#0/1	97.059	102	3	0	439	540	1	102	9.69e-41	172
NC_011593.1:c2597106-2595574	NB551033:88:H5VWJBGX7:3:12611:1769:16817#0/2	95.192	104	5	0	1	104	104	1	1.62e-38	165
NC_011593.1:c2597106-2595574	NB551033:88:H5VWJBGX7:1:13202:26774:3741#0/2	95.192	104	5	0	1	104	27	130	1.62e-38	165
NC_011593.1:c2597106-2595574	NB551033:88:H5VWJBGX7:1:13201:1300:3755#0/2	95.192	104	5	0	1	104	27	130	1.62e-38	165
NC_011593.1:c2597106-2595574	NB551033:88:H5VWJBGX7:3:12611:1769:16817#0/1	95.192	104	5	0	1	104	32	135	1.62e-38	165
NC_011593.1:c2597106-2595574	NB551033:88:H5VWJBGX7:1:13202:26774:3741#0/1	95.192	104	5	0	1	104	104	1	1.62e-38	165
NC_011593.1:c2597106-2595574	NB551033:88:H5VWJBGX7:1:13201:1300:3755#0/1	95.192	104	5	0	1	104	104	1	1.62e-38	165
NC_011593.1:c2597106-2595574	NB551033:88:H5VWJBGX7:2:21104:15201:2517#0/2	95.556	90	4	0	214	303	90	1	2.11e-32	145
NC_011593.1:c2597106-2595574	NB551033:88:H5VWJBGX7:2:21104:15201:2517#0/1	95.556	90	4	0	214	303	11	100	2.11e-32	145
NC_011593.1:c2597106-2595574	NB551033:88:H5VWJBGX7:3:21601:10382:9299#0/1	97.436	78	2	0	1393	1470	5	82	4.57e-29	134
NC_011593.1:c2597106-2595574	NB551033:88:H5VWJBGX7:2:23110:9266:5324#0/2	96.000	75	3	0	768	842	1	75	9.90e-26	122
NC_011593.1:c2597106-2595574	NB551033:88:H5VWJBGX7:3:21501:15242:6822#0/2	100.000	55	0	0	1	55	55	1	1.29e-19	102
NC_011593.1:c2597106-2595574	NB551033:88:H5VWJBGX7:3:12608:15941:3115#0/2	96.721	61	2	0	273	333	92	32	1.29e-19	102
NC_011593.1:c2597106-2595574	NB551033:88:H5VWJBGX7:3:21501:15242:6822#0/1	100.000	55	0	0	1	55	22	76	1.29e-19	102
NC_011593.1:c2597106-2595574	NB551033:88:H5VWJBGX7:3:12608:15941:3115#0/1	98.276	58	1	0	273	330	2	59	1.29e-19	102
NC_011593.1:c2597106-2595574	NB551033:88:H5VWJBGX7:2:13307:14265:3804#0/1	100.000	55	0	0	1	55	96	150	1.29e-19	102
NC_011593.1:c2597106-2595574	NB551033:88:H5VWJBGX7:2:22110:21805:1084#0/2	98.077	52	1	0	30	81	1	52	2.79e-16	91.6
NC_011593.1:c2597106-2595574	NB551033:88:H5VWJBGX7:2:22111:9490:2794#0/1	98.077	52	1	0	1120	1171	52	1	2.79e-16	91.6
NC_011593.1:c2597106-2595574	NB551033:88:H5VWJBGX7:2:23102:3229:16492#0/1	100.000	38	0	0	1	38	114	151	3.64e-10	71.3
NC_011593.1:c2597106-2595574	NB551033:88:H5VWJBGX7:4:21602:19575:17114#0/2	100.000	34	0	0	1437	1470	1	34	6.09e-08	63.9
NC_011593.1:c2597106-2595574	NB551033:88:H5VWJBGX7:4:22511:19137:2580#0/2	100.000	32	0	0	1439	1470	151	120	7.87e-07	60.2
# BLASTN 2.9.0+
# Query: NC_011593.1:c2598562-2597207 Bifidobacterium longum subsp. infantis ATCC 15697, complete genome
# Database: db/blast_C0648-1F-2A_S12.faa
# Fields: query acc.ver, subject acc.ver, % identity, alignment length, mismatches, gap opens, q. start, q. end, s. start, s. end, evalue, bit score
# 95 hits found
NC_011593.1:c2598562-2597207	NB551033:88:H5VWJBGX7:4:21511:4697:18069#0/2	100.000	151	0	0	462	612	1	151	4.90e-73	279
NC_011593.1:c2598562-2597207	NB551033:88:H5VWJBGX7:4:13506:7806:19246#0/2	100.000	151	0	0	336	486	1	151	4.90e-73	279
NC_011593.1:c2598562-2597207	NB551033:88:H5VWJBGX7:4:12412:13522:3098#0/2	100.000	151	0	0	689	839	1	151	4.90e-73	279
NC_011593.1:c2598562-2597207	NB551033:88:H5VWJBGX7:3:23608:7617:2920#0/2	100.000	151	0	0	764	914	1	151	4.90e-73	279
NC_011593.1:c2598562-2597207	NB551033:88:H5VWJBGX7:2:13205:17290:11165#0/2	100.000	151	0	0	1058	1208	1	151	4.90e-73	279
NC_011593.1:c2598562-2597207	NB551033:88:H5VWJBGX7:2:12202:7732:3845#0/2	100.000	151	0	0	394	544	1	151	4.90e-73	279
NC_011593.1:c2598562-2597207	NB551033:88:H5VWJBGX7:1:13104:21269:4211#0/2	100.000	151	0	0	343	493	151	1	4.90e-73	279
NC_011593.1:c2598562-2597207	NB551033:88:H5VWJBGX7:4:12412:13522:3098#0/1	100.000	151	0	0	868	1018	151	1	4.90e-73	279
NC_011593.1:c2598562-2597207	NB551033:88:H5VWJBGX7:3:12506:25776:9267#0/1	100.000	151	0	0	1058	1208	151	1	4.90e-73	279
NC_011593.1:c2598562-2597207	NB551033:88:H5VWJBGX7:2:22206:22315:10943#0/1	100.000	151	0	0	751	901	1	151	4.90e-73	279
NC_011593.1:c2598562-2597207	NB551033:88:H5VWJBGX7:2:21210:8902:9098#0/1	100.000	151	0	0	669	819	1	151	4.90e-73	279
NC_011593.1:c2598562-2597207	NB551033:88:H5VWJBGX7:2:13307:3350:18100#0/1	100.000	151	0	0	337	487	151	1	4.90e-73	279
NC_011593.1:c2598562-2597207	NB551033:88:H5VWJBGX7:2:13305:10839:10696#0/1	100.000	151	0	0	1169	1319	151	1	4.90e-73	279
NC_011593.1:c2598562-2597207	NB551033:88:H5VWJBGX7:2:12202:7732:3845#0/1	100.000	151	0	0	773	923	151	1	4.90e-73	279
NC_011593.1:c2598562-2597207	NB551033:88:H5VWJBGX7:4:23608:21443:18816#0/2	100.000	150	0	0	663	812	1	150	1.76e-72	278
NC_011593.1:c2598562-2597207	NB551033:88:H5VWJBGX7:4:23603:23503:18791#0/2	100.000	150	0	0	673	822	1	150	1.76e-72	278
NC_011593.1:c2598562-2597207	NB551033:88:H5VWJBGX7:4:23603:7439:11521#0/2	100.000	150	0	0	479	628	1	150	1.76e-72	278
NC_011593.1:c2598562-2597207	NB551033:88:H5VWJBGX7:4:23505:14613:15688#0/2	100.000	150	0	0	1170	1319	150	1	1.76e-72	278
NC_011593.1:c2598562-2597207	NB551033:88:H5VWJBGX7:4:11611:9684:18653#0/2	100.000	150	0	0	779	928	150	1	1.76e-72	278
NC_011593.1:c2598562-2597207	NB551033:88:H5VWJBGX7:3:22612:24344:18242#0/2	100.000	150	0	0	840	989	1	150	1.76e-72	278
NC_011593.1:c2598562-2597207	NB551033:88:H5VWJBGX7:3:11405:8698:2721#0/2	100.000	150	0	0	1136	1285	1	150	1.76e-72	278
NC_011593.1:c2598562-2597207	NB551033:88:H5VWJBGX7:2:13307:3350:18100#0/2	100.000	150	0	0	240	389	1	150	1.76e-72	278
NC_011593.1:c2598562-2597207	NB551033:88:H5VWJBGX7:1:23312:20128:1474#0/2	100.000	150	0	0	329	478	1	150	1.76e-72	278
NC_011593.1:c2598562-2597207	NB551033:88:H5VWJBGX7:1:12103:19289:1161#0/2	100.000	150	0	0	411	560	1	150	1.76e-72	278
NC_011593.1:c2598562-2597207	NB551033:88:H5VWJBGX7:4:23603:7439:11521#0/1	100.000	150	0	0	729	878	150	1	1.76e-72	278
NC_011593.1:c2598562-2597207	NB551033:88:H5VWJBGX7:4:23505:14613:15688#0/1	100.000	150	0	0	1113	1262	1	150	1.76e-72	278
NC_011593.1:c2598562-2597207	NB551033:88:H5VWJBGX7:4:21511:4697:18069#0/1	100.000	150	0	0	628	777	150	1	1.76e-72	278
NC_011593.1:c2598562-2597207	NB551033:88:H5VWJBGX7:4:21405:26499:9237#0/1	100.000	150	0	0	575	724	1	150	1.76e-72	278
NC_011593.1:c2598562-2597207	NB551033:88:H5VWJBGX7:4:11611:9684:18653#0/1	100.000	150	0	0	613	762	1	150	1.76e-72	278
NC_011593.1:c2598562-2597207	NB551033:88:H5VWJBGX7:3:23611:24473:15665#0/1	100.000	150	0	0	567	716	1	150	1.76e-72	278
NC_011593.1:c2598562-2597207	NB551033:88:H5VWJBGX7:3:22612:24344:18242#0/1	100.000	150	0	0	908	1057	150	1	1.76e-72	278
NC_011593.1:c2598562-2597207	NB551033:88:H5VWJBGX7:3:22607:4554:1282#0/1	100.000	150	0	0	170	319	150	1	1.76e-72	278
NC_011593.1:c2598562-2597207	NB551033:88:H5VWJBGX7:3:11605:18292:15123#0/1	100.000	150	0	0	690	839	150	1	1.76e-72	278
NC_011593.1:c2598562-2597207	NB551033:88:H5VWJBGX7:1:22202:22399:5362#0/1	100.000	150	0	0	888	1037	150	1	1.76e-72	278
NC_011593.1:c2598562-2597207	NB551033:88:H5VWJBGX7:1:12103:19289:1161#0/1	100.000	150	0	0	753	902	150	1	1.76e-72	278
NC_011593.1:c2598562-2597207	NB551033:88:H5VWJBGX7:3:11605:18292:15123#0/2	100.000	149	0	0	301	449	1	149	6.34e-72	276
NC_011593.1:c2598562-2597207	NB551033:88:H5VWJBGX7:2:22206:22315:10943#0/2	100.000	149	0	0	820	968	149	1	6.34e-72	276
NC_011593.1:c2598562-2597207	NB551033:88:H5VWJBGX7:2:12205:2355:15016#0/2	100.000	149	0	0	320	468	1	149	6.34e-72	276
NC_011593.1:c2598562-2597207	NB551033:88:H5VWJBGX7:2:23109:5247:8789#0/1	100.000	149	0	0	895	1043	149	1	6.34e-72	276
NC_011593.1:c2598562-2597207	NB551033:88:H5VWJBGX7:2:13205:17290:11165#0/1	100.000	149	0	0	1144	1292	149	1	6.34e-72	276
NC_011593.1:c2598562-2597207	NB551033:88:H5VWJBGX7:4:23608:21443:18816#0/1	100.000	148	0	0	842	989	148	1	2.28e-71	274
NC_011593.1:c2598562-2597207	NB551033:88:H5VWJBGX7:4:23603:23503:18791#0/1	99.338	151	1	0	845	995	151	1	2.28e-71	274
NC_011593.1:c2598562-2597207	NB551033:88:H5VWJBGX7:3:23505:17885:3348#0/1	99.338	151	1	0	258	408	1	151	2.28e-71	274
NC_011593.1:c2598562-2597207	NB551033:88:H5VWJBGX7:1:13104:21269:4211#0/1	99.338	151	1	0	253	403	1	151	2.28e-71	274
NC_011593.1:c2598562-2597207	NB551033:88:H5VWJBGX7:1:22202:22399:5362#0/2	99.333	150	1	0	253	402	1	150	8.20e-71	272
NC_011593.1:c2598562-2597207	NB551033:88:H5VWJBGX7:3:23608:7617:2920#0/1	99.333	150	1	0	768	917	150	1	8.20e-71	272
NC_011593.1:c2598562-2597207	NB551033:88:H5VWJBGX7:2:13110:8570:10310#0/1	99.329	149	1	0	149	297	149	1	2.95e-70	270
NC_011593.1:c2598562-2597207	NB551033:88:H5VWJBGX7:4:21502:5776:1245#0/2	99.320	147	1	0	1118	1264	1	147	3.81e-69	267
NC_011593.1:c2598562-2597207	NB551033:88:H5VWJBGX7:3:23505:17885:3348#0/2	98.667	150	2	0	713	862	150	1	3.81e-69	267
NC_011593.1:c2598562-2597207	NB551033:88:H5VWJBGX7:1:23312:20128:1474#0/1	99.310	145	1	0	520	664	145	1	4.93e-68	263
NC_011593.1:c2598562-2597207	NB551033:88:H5VWJBGX7:1:23104:2356:1313#0/1	100.000	128	0	0	1118	1245	1	128	2.99e-60	237
NC_011593.1:c2598562-2597207	NB551033:88:H5VWJBGX7:3:21402:26342:9784#0/1	100.000	125	0	0	1232	1356	1	125	1.39e-58	231
NC_011593.1:c2598562-2597207	NB551033:88:H5VWJBGX7:4:23407:4251:1632#0/2	100.000	119	0	0	278	396	119	1	3.01e-55	220
NC_011593.1:c2598562-2597207	NB551033:88:H5VWJBGX7:4:23407:4251:1632#0/1	100.000	119	0	0	278	396	1	119	3.01e-55	220
NC_011593.1:c2598562-2597207	NB551033:88:H5VWJBGX7:2:11211:12090:19165#0/1	99.130	115	1	0	950	1064	1	115	2.34e-51	207
NC_011593.1:c2598562-2597207	NB551033:88:H5VWJBGX7:3:13512:22321:11110#0/2	100.000	104	0	0	961	1064	1	104	6.56e-47	193
NC_011593.1:c2598562-2597207	NB551033:88:H5VWJBGX7:4:22502:15690:14090#0/2	99.048	105	1	0	1092	1196	1	105	8.49e-46	189
NC_011593.1:c2598562-2597207	NB551033:88:H5VWJBGX7:4:22502:15690:14090#0/1	99.048	105	1	0	1092	1196	105	1	8.49e-46	189
NC_011593.1:c2598562-2597207	NB551033:88:H5VWJBGX7:2:23109:5247:8789#0/2	99.029	103	1	0	533	635	1	103	1.10e-44	185
NC_011593.1:c2598562-2597207	NB551033:88:H5VWJBGX7:4:13506:7806:19246#0/1	99.010	101	1	0	489	589	101	1	1.42e-43	182
NC_011593.1:c2598562-2597207	NB551033:88:H5VWJBGX7:4:21405:26499:9237#0/2	100.000	93	0	0	972	1064	129	37	8.55e-41	172
NC_011593.1:c2598562-2597207	NB551033:88:H5VWJBGX7:3:12503:20582:19257#0/1	98.864	88	1	0	1136	1223	88	1	2.39e-36	158
NC_011593.1:c2598562-2597207	NB551033:88:H5VWJBGX7:3:21408:12504:18864#0/2	100.000	82	0	0	1275	1356	1	82	1.11e-34	152
NC_011593.1:c2598562-2597207	NB551033:88:H5VWJBGX7:2:22306:13996:19834#0/1	98.810	84	1	0	489	572	84	1	4.01e-34	150
NC_011593.1:c2598562-2597207	NB551033:88:H5VWJBGX7:4:23504:18114:1288#0/2	100.000	79	0	0	1075	1153	1	79	5.18e-33	147
NC_011593.1:c2598562-2597207	NB551033:88:H5VWJBGX7:4:23504:18114:1288#0/1	100.000	79	0	0	1075	1153	79	1	5.18e-33	147
NC_011593.1:c2598562-2597207	NB551033:88:H5VWJBGX7:4:12508:5142:12923#0/1	100.000	76	0	0	989	1064	1	76	2.41e-31	141
NC_011593.1:c2598562-2597207	NB551033:88:H5VWJBGX7:2:12205:2355:15016#0/1	100.000	72	0	0	485	556	72	1	4.03e-29	134
NC_011593.1:c2598562-2597207	NB551033:88:H5VWJBGX7:3:12508:8879:12539#0/2	100.000	69	0	0	1058	1126	56	124	1.88e-27	128
NC_011593.1:c2598562-2597207	NB551033:88:H5VWJBGX7:1:21208:12834:3766#0/2	100.000	68	0	0	567	634	68	1	6.75e-27	126
NC_011593.1:c2598562-2597207	NB551033:88:H5VWJBGX7:1:21208:12834:3766#0/1	100.000	68	0	0	567	634	1	68	6.75e-27	126
NC_011593.1:c2598562-2597207	NB551033:88:H5VWJBGX7:4:12508:2331:11826#0/2	100.000	67	0	0	218	284	1	67	2.43e-26	124
NC_011593.1:c2598562-2597207	NB551033:88:H5VWJBGX7:4:12508:2331:11826#0/1	100.000	67	0	0	218	284	67	1	2.43e-26	124
NC_011593.1:c2598562-2597207	NB551033:88:H5VWJBGX7:3:12508:8879:12539#0/1	98.551	69	1	0	1058	1126	69	1	8.73e-26	122
NC_011593.1:c2598562-2597207	NB551033:88:H5VWJBGX7:4:13603:5161:20001#0/2	100.000	63	0	0	1058	1120	63	1	4.06e-24	117
NC_011593.1:c2598562-2597207	NB551033:88:H5VWJBGX7:4:11401:7505:2489#0/1	100.000	62	0	0	1058	1119	87	148	1.46e-23	115
NC_011593.1:c2598562-2597207	NB551033:88:H5VWJBGX7:4:11604:21918:7709#0/2	100.000	60	0	0	496	555	60	1	1.89e-22	111
NC_011593.1:c2598562-2597207	NB551033:88:H5VWJBGX7:3:12506:25776:9267#0/2	100.000	57	0	0	1058	1114	94	150	8.80e-21	106
NC_011593.1:c2598562-2597207	NB551033:88:H5VWJBGX7:4:11511:13877:5076#0/1	100.000	57	0	0	1300	1356	1	57	8.80e-21	106
NC_011593.1:c2598562-2597207	NB551033:88:H5VWJBGX7:4:21605:3200:3047#0/2	100.000	52	0	0	1305	1356	1	52	5.29e-18	97.1
NC_011593.1:c2598562-2597207	NB551033:88:H5VWJBGX7:3:23603:24361:6386#0/2	100.000	52	0	0	1305	1356	1	52	5.29e-18	97.1
NC_011593.1:c2598562-2597207	NB551033:88:H5VWJBGX7:4:21605:3200:3047#0/1	100.000	52	0	0	1305	1356	95	44	5.29e-18	97.1
NC_011593.1:c2598562-2597207	NB551033:88:H5VWJBGX7:1:23104:2356:1313#0/2	100.000	49	0	0	1197	1245	49	1	2.46e-16	91.6
NC_011593.1:c2598562-2597207	NB551033:88:H5VWJBGX7:3:13512:22321:11110#0/1	100.000	49	0	0	1016	1064	150	102	2.46e-16	91.6
NC_011593.1:c2598562-2597207	NB551033:88:H5VWJBGX7:4:21602:16519:2350#0/2	100.000	48	0	0	907	954	48	1	8.86e-16	89.8
NC_011593.1:c2598562-2597207	NB551033:88:H5VWJBGX7:4:21602:16519:2350#0/1	100.000	48	0	0	907	954	1	48	8.86e-16	89.8
NC_011593.1:c2598562-2597207	NB551033:88:H5VWJBGX7:4:21609:2887:1999#0/2	100.000	47	0	0	1310	1356	1	47	3.19e-15	87.9
NC_011593.1:c2598562-2597207	NB551033:88:H5VWJBGX7:1:22310:11643:18412#0/2	100.000	47	0	0	1310	1356	1	47	3.19e-15	87.9
NC_011593.1:c2598562-2597207	NB551033:88:H5VWJBGX7:4:22609:2090:3271#0/2	100.000	46	0	0	1311	1356	1	46	1.15e-14	86.1
NC_011593.1:c2598562-2597207	NB551033:88:H5VWJBGX7:3:21512:10142:12917#0/2	100.000	41	0	0	1316	1356	1	41	6.90e-12	76.8
NC_011593.1:c2598562-2597207	NB551033:88:H5VWJBGX7:2:11311:14853:14240#0/1	100.000	36	0	0	1321	1356	1	36	4.15e-09	67.6
NC_011593.1:c2598562-2597207	NB551033:88:H5VWJBGX7:4:13408:11683:18630#0/2	100.000	30	0	0	1058	1087	30	1	8.98e-06	56.5
NC_011593.1:c2598562-2597207	NB551033:88:H5VWJBGX7:4:22609:2090:3271#0/1	100.000	30	0	0	1327	1356	151	122	8.98e-06	56.5
NC_011593.1:c2598562-2597207	NB551033:88:H5VWJBGX7:4:13408:11683:18630#0/1	100.000	30	0	0	1058	1087	99	128	8.98e-06	56.5
NC_011593.1:c2598562-2597207	NB551033:88:H5VWJBGX7:4:11511:13877:5076#0/2	100.000	29	0	0	1328	1356	151	123	3.23e-05	54.7
# BLASTN 2.9.0+
# Query: NC_011593.1:2598858-2601929 Bifidobacterium longum subsp. infantis ATCC 15697, complete genome
# Database: db/blast_C0648-1F-2A_S12.faa
# Fields: query acc.ver, subject acc.ver, % identity, alignment length, mismatches, gap opens, q. start, q. end, s. start, s. end, evalue, bit score
# 205 hits found
NC_011593.1:2598858-2601929	NB551033:88:H5VWJBGX7:4:13502:23862:18038#0/2	100.000	151	0	0	1163	1313	1	151	1.11e-72	279
NC_011593.1:2598858-2601929	NB551033:88:H5VWJBGX7:4:11602:12779:7103#0/2	100.000	151	0	0	1721	1871	151	1	1.11e-72	279
NC_011593.1:2598858-2601929	NB551033:88:H5VWJBGX7:3:12602:12245:19928#0/2	100.000	151	0	0	1941	2091	1	151	1.11e-72	279
NC_011593.1:2598858-2601929	NB551033:88:H5VWJBGX7:4:22607:3292:3745#0/1	100.000	151	0	0	1698	1848	1	151	1.11e-72	279
NC_011593.1:2598858-2601929	NB551033:88:H5VWJBGX7:4:11602:12779:7103#0/1	100.000	151	0	0	1721	1871	1	151	1.11e-72	279
NC_011593.1:2598858-2601929	NB551033:88:H5VWJBGX7:3:23402:10674:7341#0/1	100.000	151	0	0	1943	2093	151	1	1.11e-72	279
NC_011593.1:2598858-2601929	NB551033:88:H5VWJBGX7:3:21612:20931:7800#0/1	100.000	151	0	0	1626	1776	151	1	1.11e-72	279
NC_011593.1:2598858-2601929	NB551033:88:H5VWJBGX7:1:22310:12092:3941#0/1	100.000	151	0	0	1721	1871	151	1	1.11e-72	279
NC_011593.1:2598858-2601929	NB551033:88:H5VWJBGX7:1:22111:12755:17073#0/1	100.000	151	0	0	1728	1878	151	1	1.11e-72	279
NC_011593.1:2598858-2601929	NB551033:88:H5VWJBGX7:1:11102:2989:13767#0/1	100.000	151	0	0	1172	1322	1	151	1.11e-72	279
NC_011593.1:2598858-2601929	NB551033:88:H5VWJBGX7:4:12509:9234:16521#0/2	100.000	150	0	0	2398	2547	150	1	4.00e-72	278
NC_011593.1:2598858-2601929	NB551033:88:H5VWJBGX7:3:23402:10674:7341#0/2	100.000	150	0	0	1923	2072	1	150	4.00e-72	278
NC_011593.1:2598858-2601929	NB551033:88:H5VWJBGX7:3:21612:20931:7800#0/2	100.000	150	0	0	1623	1772	1	150	4.00e-72	278
NC_011593.1:2598858-2601929	NB551033:88:H5VWJBGX7:3:13509:22211:12512#0/2	100.000	150	0	0	1183	1332	150	1	4.00e-72	278
NC_011593.1:2598858-2601929	NB551033:88:H5VWJBGX7:1:23107:17873:18729#0/2	100.000	150	0	0	911	1060	1	150	4.00e-72	278
NC_011593.1:2598858-2601929	NB551033:88:H5VWJBGX7:1:22306:7183:8139#0/2	100.000	150	0	0	1921	2070	1	150	4.00e-72	278
NC_011593.1:2598858-2601929	NB551033:88:H5VWJBGX7:2:21109:25306:14529#0/1	100.000	150	0	0	1190	1339	1	150	4.00e-72	278
NC_011593.1:2598858-2601929	NB551033:88:H5VWJBGX7:1:22306:7183:8139#0/1	100.000	150	0	0	2161	2310	150	1	4.00e-72	278
NC_011593.1:2598858-2601929	NB551033:88:H5VWJBGX7:4:22609:10333:9430#0/2	99.338	151	1	0	944	1094	151	1	5.17e-71	274
NC_011593.1:2598858-2601929	NB551033:88:H5VWJBGX7:3:13507:3408:11673#0/2	99.338	151	1	0	1786	1936	1	151	5.17e-71	274
NC_011593.1:2598858-2601929	NB551033:88:H5VWJBGX7:1:21312:3856:11298#0/2	99.338	151	1	0	152	302	151	1	5.17e-71	274
NC_011593.1:2598858-2601929	NB551033:88:H5VWJBGX7:1:13206:9551:13893#0/2	99.338	151	1	0	1006	1156	1	151	5.17e-71	274
NC_011593.1:2598858-2601929	NB551033:88:H5VWJBGX7:1:12208:13819:7340#0/2	99.338	151	1	0	1006	1156	1	151	5.17e-71	274
NC_011593.1:2598858-2601929	NB551033:88:H5VWJBGX7:4:23502:12950:8252#0/1	99.338	151	1	0	965	1115	151	1	5.17e-71	274
NC_011593.1:2598858-2601929	NB551033:88:H5VWJBGX7:4:23501:10888:3551#0/1	99.338	151	1	0	2754	2904	1	151	5.17e-71	274
NC_011593.1:2598858-2601929	NB551033:88:H5VWJBGX7:4:22602:9575:3659#0/1	99.338	151	1	0	1694	1844	151	1	5.17e-71	274
NC_011593.1:2598858-2601929	NB551033:88:H5VWJBGX7:2:12205:14484:6746#0/1	99.338	151	1	0	1870	2020	1	151	5.17e-71	274
NC_011593.1:2598858-2601929	NB551033:88:H5VWJBGX7:2:11210:16776:7918#0/1	99.338	151	1	0	1893	2043	1	151	5.17e-71	274
NC_011593.1:2598858-2601929	NB551033:88:H5VWJBGX7:2:11110:2009:13452#0/1	99.338	151	1	0	2418	2568	151	1	5.17e-71	274
NC_011593.1:2598858-2601929	NB551033:88:H5VWJBGX7:1:23301:7783:9155#0/1	99.338	151	1	0	1147	1297	151	1	5.17e-71	274
NC_011593.1:2598858-2601929	NB551033:88:H5VWJBGX7:1:11209:16012:16033#0/1	99.338	151	1	0	18	168	1	151	5.17e-71	274
NC_011593.1:2598858-2601929	NB551033:88:H5VWJBGX7:4:22607:3292:3745#0/2	99.333	150	1	0	1858	2007	150	1	1.86e-70	272
NC_011593.1:2598858-2601929	NB551033:88:H5VWJBGX7:4:13610:24460:18588#0/2	99.333	150	1	0	242	391	150	1	1.86e-70	272
NC_011593.1:2598858-2601929	NB551033:88:H5VWJBGX7:3:23606:23233:6233#0/2	99.333	150	1	0	1134	1283	150	1	1.86e-70	272
NC_011593.1:2598858-2601929	NB551033:88:H5VWJBGX7:2:13303:19763:1573#0/2	99.333	150	1	0	991	1140	1	150	1.86e-70	272
NC_011593.1:2598858-2601929	NB551033:88:H5VWJBGX7:2:12205:14484:6746#0/2	99.333	150	1	0	2006	2155	150	1	1.86e-70	272
NC_011593.1:2598858-2601929	NB551033:88:H5VWJBGX7:2:11210:16776:7918#0/2	99.333	150	1	0	2006	2155	150	1	1.86e-70	272
NC_011593.1:2598858-2601929	NB551033:88:H5VWJBGX7:4:22607:21244:3682#0/1	99.333	150	1	0	252	401	1	150	1.86e-70	272
NC_011593.1:2598858-2601929	NB551033:88:H5VWJBGX7:4:12509:9234:16521#0/1	99.333	150	1	0	1842	1991	1	150	1.86e-70	272
NC_011593.1:2598858-2601929	NB551033:88:H5VWJBGX7:3:23603:2234:6129#0/1	99.333	150	1	0	254	403	1	150	1.86e-70	272
NC_011593.1:2598858-2601929	NB551033:88:H5VWJBGX7:3:13509:22211:12512#0/1	99.333	150	1	0	909	1058	1	150	1.86e-70	272
NC_011593.1:2598858-2601929	NB551033:88:H5VWJBGX7:3:11506:13347:13315#0/1	99.333	150	1	0	300	449	1	150	1.86e-70	272
NC_011593.1:2598858-2601929	NB551033:88:H5VWJBGX7:2:12203:15512:16354#0/1	99.333	150	1	0	1114	1263	1	150	1.86e-70	272
NC_011593.1:2598858-2601929	NB551033:88:H5VWJBGX7:1:12301:21527:16905#0/1	99.333	150	1	0	1863	2012	1	150	1.86e-70	272
NC_011593.1:2598858-2601929	NB551033:88:H5VWJBGX7:2:22209:19427:4530#0/2	100.000	146	0	0	2392	2537	146	1	6.69e-70	270
NC_011593.1:2598858-2601929	NB551033:88:H5VWJBGX7:3:13507:3408:11673#0/1	99.329	149	1	0	1812	1960	149	1	6.69e-70	270
NC_011593.1:2598858-2601929	NB551033:88:H5VWJBGX7:1:23107:17873:18729#0/1	99.329	149	1	0	1012	1160	149	1	6.69e-70	270
NC_011593.1:2598858-2601929	NB551033:88:H5VWJBGX7:4:22610:14973:4634#0/2	98.675	151	2	0	1013	1163	151	1	2.40e-69	268
NC_011593.1:2598858-2601929	NB551033:88:H5VWJBGX7:4:22607:21244:3682#0/2	98.675	151	2	0	333	483	151	1	2.40e-69	268
NC_011593.1:2598858-2601929	NB551033:88:H5VWJBGX7:4:13408:14973:8762#0/2	98.675	151	2	0	337	487	151	1	2.40e-69	268
NC_011593.1:2598858-2601929	NB551033:88:H5VWJBGX7:4:11512:24067:6623#0/2	98.675	151	2	0	294	444	1	151	2.40e-69	268
NC_011593.1:2598858-2601929	NB551033:88:H5VWJBGX7:4:11411:3805:14033#0/2	98.675	151	2	0	1244	1394	151	1	2.40e-69	268
NC_011593.1:2598858-2601929	NB551033:88:H5VWJBGX7:3:23603:2234:6129#0/2	98.675	151	2	0	337	487	151	1	2.40e-69	268
NC_011593.1:2598858-2601929	NB551033:88:H5VWJBGX7:3:21405:25610:7040#0/2	98.675	151	2	0	1481	1631	151	1	2.40e-69	268
NC_011593.1:2598858-2601929	NB551033:88:H5VWJBGX7:3:12508:10634:15419#0/2	98.675	151	2	0	2868	3018	151	1	2.40e-69	268
NC_011593.1:2598858-2601929	NB551033:88:H5VWJBGX7:3:11506:13347:13315#0/2	98.675	151	2	0	344	494	151	1	2.40e-69	268
NC_011593.1:2598858-2601929	NB551033:88:H5VWJBGX7:2:12203:15512:16354#0/2	98.675	151	2	0	1269	1419	151	1	2.40e-69	268
NC_011593.1:2598858-2601929	NB551033:88:H5VWJBGX7:1:11209:16012:16033#0/2	98.675	151	2	0	95	245	151	1	2.40e-69	268
NC_011593.1:2598858-2601929	NB551033:88:H5VWJBGX7:1:11102:2989:13767#0/2	98.675	151	2	0	1293	1443	151	1	2.40e-69	268
NC_011593.1:2598858-2601929	NB551033:88:H5VWJBGX7:3:23611:17743:7106#0/1	98.675	151	2	0	2875	3025	151	1	2.40e-69	268
NC_011593.1:2598858-2601929	NB551033:88:H5VWJBGX7:3:12602:12245:19928#0/1	99.324	148	1	0	2010	2157	150	3	2.40e-69	268
NC_011593.1:2598858-2601929	NB551033:88:H5VWJBGX7:3:12408:26022:18000#0/1	98.675	151	2	0	2434	2584	151	1	2.40e-69	268
NC_011593.1:2598858-2601929	NB551033:88:H5VWJBGX7:2:21211:16437:18610#0/1	98.675	151	2	0	1486	1636	1	151	2.40e-69	268
NC_011593.1:2598858-2601929	NB551033:88:H5VWJBGX7:2:13303:19763:1573#0/1	98.675	151	2	0	1268	1418	151	1	2.40e-69	268
NC_011593.1:2598858-2601929	NB551033:88:H5VWJBGX7:2:13105:22836:7961#0/1	98.675	151	2	0	1021	1171	151	1	2.40e-69	268
NC_011593.1:2598858-2601929	NB551033:88:H5VWJBGX7:2:11210:5109:19844#0/1	98.675	151	2	0	2501	2651	151	1	2.40e-69	268
NC_011593.1:2598858-2601929	NB551033:88:H5VWJBGX7:1:22206:6292:10462#0/1	98.675	151	2	0	2471	2621	1	151	2.40e-69	268
NC_011593.1:2598858-2601929	NB551033:88:H5VWJBGX7:1:12208:13819:7340#0/1	98.675	151	2	0	1048	1198	151	1	2.40e-69	268
NC_011593.1:2598858-2601929	NB551033:88:H5VWJBGX7:3:23611:17743:7106#0/2	98.667	150	2	0	2761	2910	1	150	8.65e-69	267
NC_011593.1:2598858-2601929	NB551033:88:H5VWJBGX7:3:12408:26022:18000#0/2	98.667	150	2	0	2151	2300	1	150	8.65e-69	267
NC_011593.1:2598858-2601929	NB551033:88:H5VWJBGX7:2:22305:11124:3513#0/2	98.667	150	2	0	1368	1517	1	150	8.65e-69	267
NC_011593.1:2598858-2601929	NB551033:88:H5VWJBGX7:2:21109:25306:14529#0/2	98.667	150	2	0	1289	1438	150	1	8.65e-69	267
NC_011593.1:2598858-2601929	NB551033:88:H5VWJBGX7:1:23301:7783:9155#0/2	98.667	150	2	0	1038	1187	1	150	8.65e-69	267
NC_011593.1:2598858-2601929	NB551033:88:H5VWJBGX7:1:22308:18335:2389#0/2	99.320	147	1	0	1537	1683	3	149	8.65e-69	267
NC_011593.1:2598858-2601929	NB551033:88:H5VWJBGX7:4:13610:24460:18588#0/1	98.667	150	2	0	98	247	1	150	8.65e-69	267
NC_011593.1:2598858-2601929	NB551033:88:H5VWJBGX7:4:13408:14973:8762#0/1	98.667	150	2	0	254	403	1	150	8.65e-69	267
NC_011593.1:2598858-2601929	NB551033:88:H5VWJBGX7:2:23208:9235:1308#0/1	98.667	150	2	0	307	456	150	1	8.65e-69	267
NC_011593.1:2598858-2601929	NB551033:88:H5VWJBGX7:2:11212:10865:3403#0/1	100.000	144	0	0	898	1041	144	1	8.65e-69	267
NC_011593.1:2598858-2601929	NB551033:88:H5VWJBGX7:1:22308:18335:2389#0/1	99.320	147	1	0	1537	1683	147	1	8.65e-69	267
NC_011593.1:2598858-2601929	NB551033:88:H5VWJBGX7:1:13206:9551:13893#0/1	98.667	150	2	0	1049	1198	150	1	8.65e-69	267
NC_011593.1:2598858-2601929	NB551033:88:H5VWJBGX7:4:23501:10888:3551#0/2	98.658	149	2	0	2770	2918	149	1	3.11e-68	265
NC_011593.1:2598858-2601929	NB551033:88:H5VWJBGX7:3:12409:26175:14541#0/2	98.658	149	2	0	565	713	149	1	3.11e-68	265
NC_011593.1:2598858-2601929	NB551033:88:H5VWJBGX7:4:21410:8764:17192#0/1	98.658	149	2	0	2770	2918	149	1	3.11e-68	265
NC_011593.1:2598858-2601929	NB551033:88:H5VWJBGX7:3:23404:11382:13382#0/1	98.658	149	2	0	8	156	149	1	3.11e-68	265
NC_011593.1:2598858-2601929	NB551033:88:H5VWJBGX7:3:21405:25610:7040#0/1	98.658	149	2	0	1480	1628	2	150	3.11e-68	265
NC_011593.1:2598858-2601929	NB551033:88:H5VWJBGX7:4:22602:9575:3659#0/2	98.013	151	3	0	1435	1585	1	151	1.12e-67	263
NC_011593.1:2598858-2601929	NB551033:88:H5VWJBGX7:2:13209:7780:9108#0/2	98.013	151	3	0	2343	2493	1	151	1.12e-67	263
NC_011593.1:2598858-2601929	NB551033:88:H5VWJBGX7:2:12106:26756:11164#0/2	98.013	151	3	0	2349	2499	151	1	1.12e-67	263
NC_011593.1:2598858-2601929	NB551033:88:H5VWJBGX7:2:12105:1224:11174#0/2	98.013	151	3	0	2349	2499	151	1	1.12e-67	263
NC_011593.1:2598858-2601929	NB551033:88:H5VWJBGX7:1:22206:6292:10462#0/2	98.013	151	3	0	2571	2721	151	1	1.12e-67	263
NC_011593.1:2598858-2601929	NB551033:88:H5VWJBGX7:1:12102:24164:4803#0/2	98.013	151	3	0	1266	1416	1	151	1.12e-67	263
NC_011593.1:2598858-2601929	NB551033:88:H5VWJBGX7:4:13502:23862:18038#0/1	98.013	151	3	0	1350	1500	151	1	1.12e-67	263
NC_011593.1:2598858-2601929	NB551033:88:H5VWJBGX7:3:21601:4237:5098#0/1	98.013	151	3	0	2263	2413	1	151	1.12e-67	263
NC_011593.1:2598858-2601929	NB551033:88:H5VWJBGX7:3:13512:15940:10012#0/1	98.013	151	3	0	2919	3069	151	1	1.12e-67	263
NC_011593.1:2598858-2601929	NB551033:88:H5VWJBGX7:2:22209:19427:4530#0/1	98.013	151	3	0	2252	2402	1	151	1.12e-67	263
NC_011593.1:2598858-2601929	NB551033:88:H5VWJBGX7:2:13209:7780:9108#0/1	98.013	151	3	0	2347	2497	151	1	1.12e-67	263
NC_011593.1:2598858-2601929	NB551033:88:H5VWJBGX7:1:12102:24164:4803#0/1	98.013	151	3	0	1295	1445	151	1	1.12e-67	263
NC_011593.1:2598858-2601929	NB551033:88:H5VWJBGX7:4:21410:8764:17192#0/2	98.000	150	3	0	2293	2442	1	150	4.02e-67	261
NC_011593.1:2598858-2601929	NB551033:88:H5VWJBGX7:3:21601:4237:5098#0/2	98.000	150	3	0	2343	2492	150	1	4.02e-67	261
NC_011593.1:2598858-2601929	NB551033:88:H5VWJBGX7:2:11210:5109:19844#0/2	98.000	150	3	0	2351	2500	1	150	4.02e-67	261
NC_011593.1:2598858-2601929	NB551033:88:H5VWJBGX7:2:11110:2009:13452#0/2	98.000	150	3	0	2104	2253	1	150	4.02e-67	261
NC_011593.1:2598858-2601929	NB551033:88:H5VWJBGX7:1:22310:12092:3941#0/2	98.000	150	3	0	1344	1493	1	150	4.02e-67	261
NC_011593.1:2598858-2601929	NB551033:88:H5VWJBGX7:1:12301:21527:16905#0/2	98.000	150	3	0	2348	2497	150	1	4.02e-67	261
NC_011593.1:2598858-2601929	NB551033:88:H5VWJBGX7:4:23509:20552:19106#0/1	98.000	150	3	0	643	792	150	1	4.02e-67	261
NC_011593.1:2598858-2601929	NB551033:88:H5VWJBGX7:4:11411:3805:14033#0/1	98.000	150	3	0	1092	1241	1	150	4.02e-67	261
NC_011593.1:2598858-2601929	NB551033:88:H5VWJBGX7:2:22305:11124:3513#0/1	98.000	150	3	0	1426	1575	150	1	4.02e-67	261
NC_011593.1:2598858-2601929	NB551033:88:H5VWJBGX7:2:12105:1224:11174#0/1	98.000	150	3	0	2266	2415	1	150	4.02e-67	261
NC_011593.1:2598858-2601929	NB551033:88:H5VWJBGX7:3:12409:26175:14541#0/1	97.987	149	3	0	402	550	1	149	1.45e-66	259
NC_011593.1:2598858-2601929	NB551033:88:H5VWJBGX7:3:13512:15940:10012#0/2	97.351	151	4	0	2830	2980	1	151	5.21e-66	257
NC_011593.1:2598858-2601929	NB551033:88:H5VWJBGX7:3:13611:25471:4022#0/2	97.959	147	3	0	2351	2497	1	147	1.87e-65	255
NC_011593.1:2598858-2601929	NB551033:88:H5VWJBGX7:3:11404:5018:19459#0/2	97.333	150	4	0	2607	2756	1	150	1.87e-65	255
NC_011593.1:2598858-2601929	NB551033:88:H5VWJBGX7:2:21211:16437:18610#0/2	97.333	150	4	0	2293	2442	150	1	1.87e-65	255
NC_011593.1:2598858-2601929	NB551033:88:H5VWJBGX7:4:11510:12920:13202#0/1	97.333	150	4	0	1092	1241	1	150	1.87e-65	255
NC_011593.1:2598858-2601929	NB551033:88:H5VWJBGX7:3:13611:25471:4022#0/1	97.959	147	3	0	2351	2497	147	1	1.87e-65	255
NC_011593.1:2598858-2601929	NB551033:88:H5VWJBGX7:3:12508:10634:15419#0/1	97.333	150	4	0	2638	2787	1	150	1.87e-65	255
NC_011593.1:2598858-2601929	NB551033:88:H5VWJBGX7:3:11404:5018:19459#0/1	97.333	150	4	0	2718	2867	150	1	1.87e-65	255
NC_011593.1:2598858-2601929	NB551033:88:H5VWJBGX7:1:23207:18198:10846#0/1	100.000	138	0	0	2442	2579	1	138	1.87e-65	255
NC_011593.1:2598858-2601929	NB551033:88:H5VWJBGX7:1:22208:22277:18784#0/2	97.315	149	4	0	2628	2776	1	149	6.73e-65	254
NC_011593.1:2598858-2601929	NB551033:88:H5VWJBGX7:1:22208:22277:18784#0/1	97.315	149	4	0	2638	2786	149	1	6.73e-65	254
NC_011593.1:2598858-2601929	NB551033:88:H5VWJBGX7:1:12106:5302:1616#0/1	96.689	151	5	0	779	929	151	1	2.42e-64	252
NC_011593.1:2598858-2601929	NB551033:88:H5VWJBGX7:4:23502:12950:8252#0/2	96.667	150	5	0	858	1007	1	150	8.71e-64	250
NC_011593.1:2598858-2601929	NB551033:88:H5VWJBGX7:2:11212:10865:3403#0/2	96.667	150	5	0	853	1002	1	150	8.71e-64	250
NC_011593.1:2598858-2601929	NB551033:88:H5VWJBGX7:1:22111:12755:17073#0/2	97.279	147	4	0	1454	1600	1	147	8.71e-64	250
NC_011593.1:2598858-2601929	NB551033:88:H5VWJBGX7:1:12106:5302:1616#0/2	96.667	150	5	0	421	570	1	150	8.71e-64	250
NC_011593.1:2598858-2601929	NB551033:88:H5VWJBGX7:4:22610:14973:4634#0/1	96.667	150	5	0	531	680	1	150	8.71e-64	250
NC_011593.1:2598858-2601929	NB551033:88:H5VWJBGX7:4:22609:10333:9430#0/1	96.667	150	5	0	799	948	1	150	8.71e-64	250
NC_011593.1:2598858-2601929	NB551033:88:H5VWJBGX7:4:23509:20552:19106#0/2	96.026	151	6	0	448	598	1	151	1.13e-62	246
NC_011593.1:2598858-2601929	NB551033:88:H5VWJBGX7:4:23505:20371:1568#0/2	96.026	151	6	0	846	996	151	1	1.13e-62	246
NC_011593.1:2598858-2601929	NB551033:88:H5VWJBGX7:4:23505:20371:1568#0/1	96.026	151	6	0	826	976	1	151	1.13e-62	246
NC_011593.1:2598858-2601929	NB551033:88:H5VWJBGX7:3:23606:23233:6233#0/1	96.026	151	6	0	831	981	1	151	1.13e-62	246
NC_011593.1:2598858-2601929	NB551033:88:H5VWJBGX7:3:21607:13547:8588#0/2	97.872	141	3	0	1437	1577	1	141	4.05e-62	244
NC_011593.1:2598858-2601929	NB551033:88:H5VWJBGX7:2:13105:22836:7961#0/2	96.000	150	6	0	799	948	1	150	4.05e-62	244
NC_011593.1:2598858-2601929	NB551033:88:H5VWJBGX7:3:21607:13547:8588#0/1	97.872	141	3	0	1437	1577	141	1	4.05e-62	244
NC_011593.1:2598858-2601929	NB551033:88:H5VWJBGX7:2:11306:13593:6037#0/1	97.872	141	3	0	1437	1577	141	1	4.05e-62	244
NC_011593.1:2598858-2601929	NB551033:88:H5VWJBGX7:1:22306:16390:11711#0/2	97.857	140	3	0	1437	1576	1	140	1.46e-61	243
NC_011593.1:2598858-2601929	NB551033:88:H5VWJBGX7:1:22306:16390:11711#0/1	97.857	140	3	0	1437	1576	140	1	1.46e-61	243
NC_011593.1:2598858-2601929	NB551033:88:H5VWJBGX7:4:21606:22294:2589#0/1	98.529	136	2	0	1486	1621	1	136	5.24e-61	241
NC_011593.1:2598858-2601929	NB551033:88:H5VWJBGX7:4:21508:6673:19937#0/2	99.242	132	1	0	1	132	132	1	1.89e-60	239
NC_011593.1:2598858-2601929	NB551033:88:H5VWJBGX7:2:11306:13593:6037#0/2	97.163	141	4	0	1437	1577	1	141	1.89e-60	239
NC_011593.1:2598858-2601929	NB551033:88:H5VWJBGX7:4:21404:21477:13536#0/1	97.826	138	3	0	2935	3072	1	138	1.89e-60	239
NC_011593.1:2598858-2601929	NB551033:88:H5VWJBGX7:4:21606:22294:2589#0/2	98.496	133	2	0	1489	1621	133	1	2.44e-59	235
NC_011593.1:2598858-2601929	NB551033:88:H5VWJBGX7:1:13302:5005:16809#0/2	99.225	129	1	0	379	507	1	129	8.77e-59	233
NC_011593.1:2598858-2601929	NB551033:88:H5VWJBGX7:1:13302:5005:16809#0/1	99.225	129	1	0	379	507	129	1	8.77e-59	233
NC_011593.1:2598858-2601929	NB551033:88:H5VWJBGX7:2:13201:7642:2904#0/2	99.213	127	1	0	1776	1902	127	1	1.13e-57	230
NC_011593.1:2598858-2601929	NB551033:88:H5VWJBGX7:2:13201:7642:2904#0/1	99.213	127	1	0	1776	1902	1	127	1.13e-57	230
NC_011593.1:2598858-2601929	NB551033:88:H5VWJBGX7:4:21407:15149:10315#0/2	99.206	126	1	0	131	256	1	126	4.08e-57	228
NC_011593.1:2598858-2601929	NB551033:88:H5VWJBGX7:4:21407:15149:10315#0/1	99.206	126	1	0	131	256	126	1	4.08e-57	228
NC_011593.1:2598858-2601929	NB551033:88:H5VWJBGX7:2:12106:26756:11164#0/1	97.727	132	3	0	2266	2397	1	132	4.08e-57	228
NC_011593.1:2598858-2601929	NB551033:88:H5VWJBGX7:2:23203:9508:3945#0/2	97.674	129	3	0	2650	2778	1	129	1.90e-55	222
NC_011593.1:2598858-2601929	NB551033:88:H5VWJBGX7:2:23203:9508:3945#0/1	97.674	129	3	0	2650	2778	129	1	1.90e-55	222
NC_011593.1:2598858-2601929	NB551033:88:H5VWJBGX7:4:11510:12920:13202#0/2	96.899	129	4	0	1272	1400	129	1	8.84e-54	217
NC_011593.1:2598858-2601929	NB551033:88:H5VWJBGX7:2:23208:9235:1308#0/2	99.167	120	1	0	1	120	31	150	8.84e-54	217
NC_011593.1:2598858-2601929	NB551033:88:H5VWJBGX7:3:13407:16041:6058#0/2	97.561	123	3	0	2344	2466	1	123	4.11e-52	211
NC_011593.1:2598858-2601929	NB551033:88:H5VWJBGX7:3:13407:16041:6058#0/1	97.561	123	3	0	2344	2466	123	1	4.11e-52	211
NC_011593.1:2598858-2601929	NB551033:88:H5VWJBGX7:1:21103:13776:6746#0/2	99.091	110	1	0	147	256	110	1	3.20e-48	198
NC_011593.1:2598858-2601929	NB551033:88:H5VWJBGX7:1:21103:13776:6746#0/1	99.091	110	1	0	147	256	1	110	3.20e-48	198
NC_011593.1:2598858-2601929	NB551033:88:H5VWJBGX7:2:11206:22513:14349#0/2	97.345	113	3	0	2960	3072	136	24	1.49e-46	193
NC_011593.1:2598858-2601929	NB551033:88:H5VWJBGX7:2:11206:22513:14349#0/1	97.345	113	3	0	2960	3072	1	113	1.49e-46	193
NC_011593.1:2598858-2601929	NB551033:88:H5VWJBGX7:4:22412:2988:17876#0/1	98.165	109	2	0	632	740	1	109	5.36e-46	191
NC_011593.1:2598858-2601929	NB551033:88:H5VWJBGX7:4:12606:1618:16256#0/2	95.652	115	5	0	2650	2764	1	115	2.49e-44	185
NC_011593.1:2598858-2601929	NB551033:88:H5VWJBGX7:2:21106:26016:1798#0/2	98.113	106	2	0	1437	1542	106	1	2.49e-44	185
NC_011593.1:2598858-2601929	NB551033:88:H5VWJBGX7:2:21106:26016:1798#0/1	98.113	106	2	0	1437	1542	1	106	2.49e-44	185
NC_011593.1:2598858-2601929	NB551033:88:H5VWJBGX7:4:23402:21416:3446#0/1	97.170	106	3	0	2967	3072	1	106	1.16e-42	180
NC_011593.1:2598858-2601929	NB551033:88:H5VWJBGX7:1:12201:3009:7916#0/1	97.170	106	3	0	2967	3072	1	106	1.16e-42	180
NC_011593.1:2598858-2601929	NB551033:88:H5VWJBGX7:3:22610:12851:16462#0/2	98.039	102	2	0	1381	1482	102	1	4.17e-42	178
NC_011593.1:2598858-2601929	NB551033:88:H5VWJBGX7:3:22610:12851:16462#0/1	98.039	102	2	0	1381	1482	1	102	4.17e-42	178
NC_011593.1:2598858-2601929	NB551033:88:H5VWJBGX7:2:21207:19517:13983#0/2	97.059	102	3	0	2971	3072	1	102	1.94e-40	172
NC_011593.1:2598858-2601929	NB551033:88:H5VWJBGX7:1:11310:19586:15875#0/2	98.958	96	1	0	315	410	96	1	1.94e-40	172
NC_011593.1:2598858-2601929	NB551033:88:H5VWJBGX7:1:11310:19586:15875#0/1	98.958	96	1	0	315	410	1	96	1.94e-40	172
NC_011593.1:2598858-2601929	NB551033:88:H5VWJBGX7:4:13608:11083:17452#0/2	98.947	95	1	0	355	449	1	95	6.98e-40	171
NC_011593.1:2598858-2601929	NB551033:88:H5VWJBGX7:4:13608:11083:17452#0/1	98.947	95	1	0	355	449	95	1	6.98e-40	171
NC_011593.1:2598858-2601929	NB551033:88:H5VWJBGX7:2:23210:13986:11286#0/2	98.925	93	1	0	742	834	1	93	9.02e-39	167
NC_011593.1:2598858-2601929	NB551033:88:H5VWJBGX7:2:12212:26185:18145#0/2	100.000	90	0	0	1190	1279	1	90	9.02e-39	167
NC_011593.1:2598858-2601929	NB551033:88:H5VWJBGX7:2:23210:13986:11286#0/1	98.925	93	1	0	742	834	93	1	9.02e-39	167
NC_011593.1:2598858-2601929	NB551033:88:H5VWJBGX7:2:12212:26185:18145#0/1	100.000	90	0	0	1190	1279	90	1	9.02e-39	167
NC_011593.1:2598858-2601929	NB551033:88:H5VWJBGX7:1:11206:3228:13799#0/2	100.000	87	0	0	2451	2537	1	87	4.20e-37	161
NC_011593.1:2598858-2601929	NB551033:88:H5VWJBGX7:1:11206:3228:13799#0/1	100.000	87	0	0	2451	2537	87	1	4.20e-37	161
NC_011593.1:2598858-2601929	NB551033:88:H5VWJBGX7:1:23112:9163:6865#0/2	97.674	86	2	0	465	550	89	4	3.27e-33	148
NC_011593.1:2598858-2601929	NB551033:88:H5VWJBGX7:1:23112:9163:6865#0/1	97.674	86	2	0	465	550	1	86	3.27e-33	148
NC_011593.1:2598858-2601929	NB551033:88:H5VWJBGX7:2:21104:17366:10509#0/2	97.647	85	2	0	2988	3072	1	85	1.18e-32	147
NC_011593.1:2598858-2601929	NB551033:88:H5VWJBGX7:2:21104:17366:10509#0/1	97.647	85	2	0	2988	3072	108	24	1.18e-32	147
NC_011593.1:2598858-2601929	NB551033:88:H5VWJBGX7:2:11208:18539:2659#0/1	98.718	78	1	0	1837	1914	1	78	1.97e-30	139
NC_011593.1:2598858-2601929	NB551033:88:H5VWJBGX7:3:23406:21950:16251#0/2	95.238	84	4	0	2989	3072	2	85	9.15e-29	134
NC_011593.1:2598858-2601929	NB551033:88:H5VWJBGX7:2:11208:18539:2659#0/2	97.297	74	2	0	2533	2606	74	1	1.53e-26	126
NC_011593.1:2598858-2601929	NB551033:88:H5VWJBGX7:2:21206:9050:5895#0/1	97.297	74	2	0	2999	3072	1	74	1.53e-26	126
NC_011593.1:2598858-2601929	NB551033:88:H5VWJBGX7:2:12109:19098:10579#0/1	95.000	80	4	0	2993	3072	1	80	1.53e-26	126
NC_011593.1:2598858-2601929	NB551033:88:H5VWJBGX7:3:23501:24695:15990#0/2	100.000	64	0	0	921	984	64	1	2.56e-24	119
NC_011593.1:2598858-2601929	NB551033:88:H5VWJBGX7:3:21511:17914:20306#0/2	100.000	64	0	0	999	1062	1	64	2.56e-24	119
NC_011593.1:2598858-2601929	NB551033:88:H5VWJBGX7:1:13109:22549:15865#0/2	98.507	67	1	0	421	487	1	67	2.56e-24	119
NC_011593.1:2598858-2601929	NB551033:88:H5VWJBGX7:3:23501:24695:15990#0/1	100.000	64	0	0	921	984	1	64	2.56e-24	119
NC_011593.1:2598858-2601929	NB551033:88:H5VWJBGX7:3:21511:17914:20306#0/1	100.000	64	0	0	999	1062	64	1	2.56e-24	119
NC_011593.1:2598858-2601929	NB551033:88:H5VWJBGX7:1:13109:22549:15865#0/1	98.507	67	1	0	421	487	67	1	2.56e-24	119
NC_011593.1:2598858-2601929	NB551033:88:H5VWJBGX7:4:21508:6673:19937#0/1	100.000	59	0	0	1	59	93	151	1.54e-21	110
NC_011593.1:2598858-2601929	NB551033:88:H5VWJBGX7:4:11606:10306:5050#0/2	98.361	61	1	0	1138	1198	1	61	5.55e-21	108
NC_011593.1:2598858-2601929	NB551033:88:H5VWJBGX7:4:11606:10306:5050#0/1	98.361	61	1	0	1138	1198	61	1	5.55e-21	108
NC_011593.1:2598858-2601929	NB551033:88:H5VWJBGX7:4:12407:17340:3876#0/1	100.000	56	0	0	2666	2721	1	56	7.18e-20	104
NC_011593.1:2598858-2601929	NB551033:88:H5VWJBGX7:4:12407:17340:3876#0/2	100.000	55	0	0	2667	2721	55	1	2.58e-19	102
NC_011593.1:2598858-2601929	NB551033:88:H5VWJBGX7:1:23207:18198:10846#0/2	100.000	54	0	0	2526	2579	54	1	9.28e-19	100
NC_011593.1:2598858-2601929	NB551033:88:H5VWJBGX7:1:13101:25072:9875#0/2	96.667	60	2	0	3013	3072	1	60	9.28e-19	100
NC_011593.1:2598858-2601929	NB551033:88:H5VWJBGX7:2:11108:25621:15614#0/2	100.000	46	0	0	292	337	1	46	2.60e-14	86.1
NC_011593.1:2598858-2601929	NB551033:88:H5VWJBGX7:4:23508:9745:1354#0/2	95.918	49	2	0	3024	3072	151	103	1.21e-12	80.5
NC_011593.1:2598858-2601929	NB551033:88:H5VWJBGX7:4:22412:2988:17876#0/2	100.000	42	0	0	699	740	42	1	4.35e-12	78.7
NC_011593.1:2598858-2601929	NB551033:88:H5VWJBGX7:2:11108:25621:15614#0/1	97.778	45	1	0	610	654	45	1	4.35e-12	78.7
NC_011593.1:2598858-2601929	NB551033:88:H5VWJBGX7:3:21409:18148:10706#0/1	100.000	39	0	0	1	39	39	1	2.02e-10	73.1
NC_011593.1:2598858-2601929	NB551033:88:H5VWJBGX7:1:21312:3856:11298#0/1	100.000	37	0	0	1	37	113	149	2.62e-09	69.4
# BLASTN 2.9.0+
# Query: NC_011593.1:c2604454-2602106 Bifidobacterium longum subsp. infantis ATCC 15697, complete genome
# Database: db/blast_C0648-1F-2A_S12.faa
# 0 hits found
# BLASTN 2.9.0+
# Query: NC_011593.1:c2605922-2604486 Bifidobacterium longum subsp. infantis ATCC 15697, complete genome
# Database: db/blast_C0648-1F-2A_S12.faa
# 0 hits found
# BLASTN 2.9.0+
# Query: NC_011593.1:c2606381-2605944 Bifidobacterium longum subsp. infantis ATCC 15697, complete genome
# Database: db/blast_C0648-1F-2A_S12.faa
# 0 hits found
# BLASTN 2.9.0+
# Query: NC_011593.1:c2607314-2606418 Bifidobacterium longum subsp. infantis ATCC 15697, complete genome
# Database: db/blast_C0648-1F-2A_S12.faa
# 0 hits found
# BLASTN 2.9.0+
# Query: NC_011593.1:c2608249-2607458 Bifidobacterium longum subsp. infantis ATCC 15697, complete genome
# Database: db/blast_C0648-1F-2A_S12.faa
# 0 hits found
# BLASTN 2.9.0+
# Query: NC_011593.1:c2609546-2608269 Bifidobacterium longum subsp. infantis ATCC 15697, complete genome
# Database: db/blast_C0648-1F-2A_S12.faa
# Fields: query acc.ver, subject acc.ver, % identity, alignment length, mismatches, gap opens, q. start, q. end, s. start, s. end, evalue, bit score
# 1 hits found
NC_011593.1:c2609546-2608269	NB551033:88:H5VWJBGX7:1:11203:23429:16491#0/2	96.429	112	4	0	1165	1276	136	25	1.03e-44	185
# BLASTN 2.9.0+
# Query: NC_011593.1:c2610356-2609697 Bifidobacterium longum subsp. infantis ATCC 15697, complete genome
# Database: db/blast_C0648-1F-2A_S12.faa
# 0 hits found
# BLASTN 2.9.0+
# Query: NC_011593.1:c2611458-2610496 Bifidobacterium longum subsp. infantis ATCC 15697, complete genome
# Database: db/blast_C0648-1F-2A_S12.faa
# 0 hits found
# BLASTN 2.9.0+
# Query: NC_011593.1:c2612430-2611477 Bifidobacterium longum subsp. infantis ATCC 15697, complete genome
# Database: db/blast_C0648-1F-2A_S12.faa
# 0 hits found
# BLASTN 2.9.0+
# Query: NC_011593.1:c2614109-2612517 Bifidobacterium longum subsp. infantis ATCC 15697, complete genome
# Database: db/blast_C0648-1F-2A_S12.faa
# 0 hits found
# BLASTN 2.9.0+
# Query: NC_011593.1:c2615274-2614312 Bifidobacterium longum subsp. infantis ATCC 15697, complete genome
# Database: db/blast_C0648-1F-2A_S12.faa
# 0 hits found
# BLASTN 2.9.0+
# Query: NC_011593.1:c2616246-2615293 Bifidobacterium longum subsp. infantis ATCC 15697, complete genome
# Database: db/blast_C0648-1F-2A_S12.faa
# 0 hits found
# BLASTN 2.9.0+
# Query: NC_011593.1:c2617928-2616333 Bifidobacterium longum subsp. infantis ATCC 15697, complete genome
# Database: db/blast_C0648-1F-2A_S12.faa
# 0 hits found
# BLASTN 2.9.0+
# Query: NC_011593.1:c2619247-2618063 Bifidobacterium longum subsp. infantis ATCC 15697, complete genome
# Database: db/blast_C0648-1F-2A_S12.faa
# 0 hits found
# BLASTN 2.9.0+
# Query: NC_011593.1:c2620369-2619413 Bifidobacterium longum subsp. infantis ATCC 15697, complete genome
# Database: db/blast_C0648-1F-2A_S12.faa
# 0 hits found
# BLASTN 2.9.0+
# Query: NC_011593.1:c2622143-2620551 Bifidobacterium longum subsp. infantis ATCC 15697, complete genome
# Database: db/blast_C0648-1F-2A_S12.faa
# 0 hits found
# BLASTN 2.9.0+
# Query: NC_011593.1:c2624124-2622520 Bifidobacterium longum subsp. infantis ATCC 15697, complete genome
# Database: db/blast_C0648-1F-2A_S12.faa
# 0 hits found
# BLASTN 2.9.0+
# Query: NC_011593.1:c2626110-2624512 Bifidobacterium longum subsp. infantis ATCC 15697, complete genome
# Database: db/blast_C0648-1F-2A_S12.faa
# 0 hits found
# BLASTN 2.9.0+
# Query: NC_011593.1:c2626386-2626264 Bifidobacterium longum subsp. infantis ATCC 15697, complete genome
# Database: db/blast_C0648-1F-2A_S12.faa
# 0 hits found
# BLASTN 2.9.0+
# Query: NC_011593.1:c2628158-2626563 Bifidobacterium longum subsp. infantis ATCC 15697, complete genome
# Database: db/blast_C0648-1F-2A_S12.faa
# 0 hits found
# BLASTN 2.9.0+
# Query: NC_011593.1:c2630269-2628314 Bifidobacterium longum subsp. infantis ATCC 15697, complete genome
# Database: db/blast_C0648-1F-2A_S12.faa
# 0 hits found
# BLASTN 2.9.0+
# Query: NC_011593.1:c2631106-2630366 Bifidobacterium longum subsp. infantis ATCC 15697, complete genome
# Database: db/blast_C0648-1F-2A_S12.faa
# 0 hits found
# BLASTN 2.9.0+
# Query: NC_011593.1:c2632432-2631140 Bifidobacterium longum subsp. infantis ATCC 15697, complete genome
# Database: db/blast_C0648-1F-2A_S12.faa
# 0 hits found
# BLASTN 2.9.0+
# Query: NC_011593.1:c2633881-2632562 Bifidobacterium longum subsp. infantis ATCC 15697, complete genome
# Database: db/blast_C0648-1F-2A_S12.faa
# 0 hits found
# BLASTN 2.9.0+
# Query: NC_011593.1:c2634683-2633865 Bifidobacterium longum subsp. infantis ATCC 15697, complete genome
# Database: db/blast_C0648-1F-2A_S12.faa
# 0 hits found
# BLASTN 2.9.0+
# Query: NC_011593.1:c2635627-2634680 Bifidobacterium longum subsp. infantis ATCC 15697, complete genome
# Database: db/blast_C0648-1F-2A_S12.faa
# 0 hits found
# BLASTN 2.9.0+
# Query: NC_011593.1:c2636747-2635629 Bifidobacterium longum subsp. infantis ATCC 15697, complete genome
# Database: db/blast_C0648-1F-2A_S12.faa
# 0 hits found
# BLAST processed 31 queries
