# BLASTN 2.9.0+
# Query: NC_011593.1:c2595355-2593832 Bifidobacterium longum subsp. infantis ATCC 15697, complete genome
# Database: db/blast_C0682-3F-1A_S82.faa
# Fields: query acc.ver, subject acc.ver, % identity, alignment length, mismatches, gap opens, q. start, q. end, s. start, s. end, evalue, bit score
# 130 hits found
NC_011593.1:c2595355-2593832	NB551033:137:HK33LBGX9:3:23501:18627:17727#0/2	99.338	151	1	0	727	877	1	151	3.58e-71	274
NC_011593.1:c2595355-2593832	NB551033:137:HK33LBGX9:4:11409:13018:12763#0/2	98.675	151	2	0	945	1095	151	1	1.67e-69	268
NC_011593.1:c2595355-2593832	NB551033:137:HK33LBGX9:3:23405:10890:4697#0/2	98.675	151	2	0	1019	1169	151	1	1.67e-69	268
NC_011593.1:c2595355-2593832	NB551033:137:HK33LBGX9:3:11508:15653:6567#0/2	98.675	151	2	0	460	610	1	151	1.67e-69	268
NC_011593.1:c2595355-2593832	NB551033:137:HK33LBGX9:2:12210:4747:10023#0/2	98.675	151	2	0	1029	1179	151	1	1.67e-69	268
NC_011593.1:c2595355-2593832	NB551033:137:HK33LBGX9:4:13406:16367:17093#0/1	98.675	151	2	0	945	1095	151	1	1.67e-69	268
NC_011593.1:c2595355-2593832	NB551033:137:HK33LBGX9:3:23603:11883:9012#0/1	98.675	151	2	0	468	618	151	1	1.67e-69	268
NC_011593.1:c2595355-2593832	NB551033:137:HK33LBGX9:3:22404:14708:13853#0/1	98.675	151	2	0	512	662	1	151	1.67e-69	268
NC_011593.1:c2595355-2593832	NB551033:137:HK33LBGX9:3:13401:12585:7056#0/1	98.675	151	2	0	951	1101	151	1	1.67e-69	268
NC_011593.1:c2595355-2593832	NB551033:137:HK33LBGX9:1:22109:8716:11110#0/1	98.675	151	2	0	427	577	1	151	1.67e-69	268
NC_011593.1:c2595355-2593832	NB551033:137:HK33LBGX9:4:22603:6791:16463#0/2	98.667	150	2	0	429	578	1	150	5.99e-69	267
NC_011593.1:c2595355-2593832	NB551033:137:HK33LBGX9:3:13408:24881:13709#0/2	98.667	150	2	0	1021	1170	1	150	5.99e-69	267
NC_011593.1:c2595355-2593832	NB551033:137:HK33LBGX9:2:13112:21949:4558#0/2	98.667	150	2	0	939	1088	1	150	5.99e-69	267
NC_011593.1:c2595355-2593832	NB551033:137:HK33LBGX9:1:23304:25035:15545#0/2	98.667	150	2	0	444	593	150	1	5.99e-69	267
NC_011593.1:c2595355-2593832	NB551033:137:HK33LBGX9:1:22301:4845:18582#0/2	98.667	150	2	0	1005	1154	150	1	5.99e-69	267
NC_011593.1:c2595355-2593832	NB551033:137:HK33LBGX9:4:22511:21644:8753#0/1	98.667	150	2	0	450	599	1	150	5.99e-69	267
NC_011593.1:c2595355-2593832	NB551033:137:HK33LBGX9:3:21508:9083:8369#0/1	98.667	150	2	0	459	608	1	150	5.99e-69	267
NC_011593.1:c2595355-2593832	NB551033:137:HK33LBGX9:3:13401:10205:17781#0/1	98.667	150	2	0	997	1146	1	150	5.99e-69	267
NC_011593.1:c2595355-2593832	NB551033:137:HK33LBGX9:2:13305:11261:8259#0/1	98.667	150	2	0	711	860	150	1	5.99e-69	267
NC_011593.1:c2595355-2593832	NB551033:137:HK33LBGX9:4:12606:2866:14184#0/2	98.658	149	2	0	964	1112	151	3	2.16e-68	265
NC_011593.1:c2595355-2593832	NB551033:137:HK33LBGX9:4:13505:3967:13671#0/2	98.649	148	2	0	1032	1179	1	148	7.75e-68	263
NC_011593.1:c2595355-2593832	NB551033:137:HK33LBGX9:4:11604:12557:13651#0/2	98.013	151	3	0	698	848	1	151	7.75e-68	263
NC_011593.1:c2595355-2593832	NB551033:137:HK33LBGX9:3:13401:10205:17781#0/2	98.013	151	3	0	1125	1275	151	1	7.75e-68	263
NC_011593.1:c2595355-2593832	NB551033:137:HK33LBGX9:2:13301:9597:4211#0/2	98.649	148	2	0	1032	1179	1	148	7.75e-68	263
NC_011593.1:c2595355-2593832	NB551033:137:HK33LBGX9:4:23608:1428:12889#0/1	98.013	151	3	0	1178	1328	1	151	7.75e-68	263
NC_011593.1:c2595355-2593832	NB551033:137:HK33LBGX9:4:22603:6791:16463#0/1	98.649	148	2	0	531	678	150	3	7.75e-68	263
NC_011593.1:c2595355-2593832	NB551033:137:HK33LBGX9:4:12411:21271:1046#0/1	98.649	148	2	0	531	678	1	148	7.75e-68	263
NC_011593.1:c2595355-2593832	NB551033:137:HK33LBGX9:3:21405:19501:3158#0/1	98.649	148	2	0	999	1146	1	148	7.75e-68	263
NC_011593.1:c2595355-2593832	NB551033:137:HK33LBGX9:3:11508:15653:6567#0/1	98.013	151	3	0	705	855	151	1	7.75e-68	263
NC_011593.1:c2595355-2593832	NB551033:137:HK33LBGX9:2:21310:24691:3190#0/1	98.013	151	3	0	1081	1231	1	151	7.75e-68	263
NC_011593.1:c2595355-2593832	NB551033:137:HK33LBGX9:4:12507:9064:7531#0/2	98.000	150	3	0	957	1106	1	150	2.79e-67	261
NC_011593.1:c2595355-2593832	NB551033:137:HK33LBGX9:3:21405:19501:3158#0/2	98.000	150	3	0	1117	1266	150	1	2.79e-67	261
NC_011593.1:c2595355-2593832	NB551033:137:HK33LBGX9:3:13602:7751:7368#0/2	98.000	150	3	0	1135	1284	1	150	2.79e-67	261
NC_011593.1:c2595355-2593832	NB551033:137:HK33LBGX9:4:13505:3967:13671#0/1	98.000	150	3	0	1037	1186	150	1	2.79e-67	261
NC_011593.1:c2595355-2593832	NB551033:137:HK33LBGX9:3:13408:24881:13709#0/1	98.000	150	3	0	1037	1186	150	1	2.79e-67	261
NC_011593.1:c2595355-2593832	NB551033:137:HK33LBGX9:4:12411:21271:1046#0/2	97.987	149	3	0	702	850	151	3	1.00e-66	259
NC_011593.1:c2595355-2593832	NB551033:137:HK33LBGX9:3:23412:17189:11798#0/2	97.351	151	4	0	801	951	1	151	3.61e-66	257
NC_011593.1:c2595355-2593832	NB551033:137:HK33LBGX9:3:11605:13429:4531#0/2	97.351	151	4	0	1311	1461	1	151	3.61e-66	257
NC_011593.1:c2595355-2593832	NB551033:137:HK33LBGX9:2:12209:19741:5228#0/2	97.351	151	4	0	1094	1244	1	151	3.61e-66	257
NC_011593.1:c2595355-2593832	NB551033:137:HK33LBGX9:1:22305:13435:2396#0/2	97.351	151	4	0	388	538	151	1	3.61e-66	257
NC_011593.1:c2595355-2593832	NB551033:137:HK33LBGX9:1:22206:2073:12354#0/2	98.621	145	2	0	429	573	1	145	3.61e-66	257
NC_011593.1:c2595355-2593832	NB551033:137:HK33LBGX9:4:12612:13233:3116#0/1	97.351	151	4	0	800	950	151	1	3.61e-66	257
NC_011593.1:c2595355-2593832	NB551033:137:HK33LBGX9:4:11602:26608:17419#0/1	97.351	151	4	0	1311	1461	1	151	3.61e-66	257
NC_011593.1:c2595355-2593832	NB551033:137:HK33LBGX9:3:23501:18627:17727#0/1	97.351	151	4	0	798	948	151	1	3.61e-66	257
NC_011593.1:c2595355-2593832	NB551033:137:HK33LBGX9:3:23508:9193:10297#0/2	97.333	150	4	0	768	917	1	150	1.30e-65	255
NC_011593.1:c2595355-2593832	NB551033:137:HK33LBGX9:2:22308:17894:4948#0/2	97.333	150	4	0	563	712	150	1	1.30e-65	255
NC_011593.1:c2595355-2593832	NB551033:137:HK33LBGX9:4:11409:13018:12763#0/1	97.333	150	4	0	796	945	1	150	1.30e-65	255
NC_011593.1:c2595355-2593832	NB551033:137:HK33LBGX9:2:22203:12669:5049#0/1	97.333	150	4	0	1258	1407	1	150	1.30e-65	255
NC_011593.1:c2595355-2593832	NB551033:137:HK33LBGX9:1:22301:4845:18582#0/1	97.333	150	4	0	828	977	1	150	1.30e-65	255
NC_011593.1:c2595355-2593832	NB551033:137:HK33LBGX9:1:11107:17452:6577#0/1	97.959	147	3	0	477	623	147	1	1.30e-65	255
NC_011593.1:c2595355-2593832	NB551033:137:HK33LBGX9:4:23608:1428:12889#0/2	97.315	149	4	0	1322	1470	151	3	4.67e-65	254
NC_011593.1:c2595355-2593832	NB551033:137:HK33LBGX9:3:13412:15342:8757#0/1	97.945	146	3	0	398	543	146	1	4.67e-65	254
NC_011593.1:c2595355-2593832	NB551033:137:HK33LBGX9:4:23402:1831:12891#0/2	96.689	151	5	0	1284	1434	1	151	1.68e-64	252
NC_011593.1:c2595355-2593832	NB551033:137:HK33LBGX9:4:13406:16367:17093#0/2	96.689	151	5	0	801	951	1	151	1.68e-64	252
NC_011593.1:c2595355-2593832	NB551033:137:HK33LBGX9:3:22404:14708:13853#0/2	96.689	151	5	0	855	1005	151	1	1.68e-64	252
NC_011593.1:c2595355-2593832	NB551033:137:HK33LBGX9:3:12502:8675:11010#0/2	96.689	151	5	0	391	541	151	1	1.68e-64	252
NC_011593.1:c2595355-2593832	NB551033:137:HK33LBGX9:2:21208:4149:10864#0/2	97.297	148	4	0	1323	1470	150	3	1.68e-64	252
NC_011593.1:c2595355-2593832	NB551033:137:HK33LBGX9:4:22412:26089:3160#0/1	96.689	151	5	0	610	760	1	151	1.68e-64	252
NC_011593.1:c2595355-2593832	NB551033:137:HK33LBGX9:4:13506:24282:5286#0/1	96.689	151	5	0	807	957	151	1	1.68e-64	252
NC_011593.1:c2595355-2593832	NB551033:137:HK33LBGX9:3:23508:9193:10297#0/1	96.689	151	5	0	807	957	151	1	1.68e-64	252
NC_011593.1:c2595355-2593832	NB551033:137:HK33LBGX9:3:23412:17189:11798#0/1	96.689	151	5	0	855	1005	151	1	1.68e-64	252
NC_011593.1:c2595355-2593832	NB551033:137:HK33LBGX9:3:23405:10890:4697#0/1	96.689	151	5	0	847	997	1	151	1.68e-64	252
NC_011593.1:c2595355-2593832	NB551033:137:HK33LBGX9:3:21402:20888:9809#0/1	96.689	151	5	0	1295	1445	1	151	1.68e-64	252
NC_011593.1:c2595355-2593832	NB551033:137:HK33LBGX9:4:12612:13233:3116#0/2	96.667	150	5	0	672	821	1	150	6.04e-64	250
NC_011593.1:c2595355-2593832	NB551033:137:HK33LBGX9:3:11602:12040:4781#0/2	96.667	150	5	0	1328	1477	151	2	6.04e-64	250
NC_011593.1:c2595355-2593832	NB551033:137:HK33LBGX9:2:13305:11261:8259#0/2	96.667	150	5	0	615	764	1	150	6.04e-64	250
NC_011593.1:c2595355-2593832	NB551033:137:HK33LBGX9:1:22109:8716:11110#0/2	96.667	150	5	0	591	740	150	1	6.04e-64	250
NC_011593.1:c2595355-2593832	NB551033:137:HK33LBGX9:4:12606:2866:14184#0/1	96.667	150	5	0	852	1001	1	150	6.04e-64	250
NC_011593.1:c2595355-2593832	NB551033:137:HK33LBGX9:3:11602:12040:4781#0/1	96.667	150	5	0	1328	1477	1	150	6.04e-64	250
NC_011593.1:c2595355-2593832	NB551033:137:HK33LBGX9:4:13506:24282:5286#0/2	96.644	149	5	0	791	939	1	149	2.17e-63	248
NC_011593.1:c2595355-2593832	NB551033:137:HK33LBGX9:3:13401:12585:7056#0/2	96.644	149	5	0	811	959	1	149	2.17e-63	248
NC_011593.1:c2595355-2593832	NB551033:137:HK33LBGX9:4:22511:21644:8753#0/2	96.026	151	6	0	644	794	151	1	7.81e-63	246
NC_011593.1:c2595355-2593832	NB551033:137:HK33LBGX9:4:22412:26089:3160#0/2	96.026	151	6	0	644	794	151	1	7.81e-63	246
NC_011593.1:c2595355-2593832	NB551033:137:HK33LBGX9:2:21310:24691:3190#0/2	97.241	145	4	0	1274	1418	147	3	7.81e-63	246
NC_011593.1:c2595355-2593832	NB551033:137:HK33LBGX9:4:11604:12557:13651#0/1	96.026	151	6	0	839	989	151	1	7.81e-63	246
NC_011593.1:c2595355-2593832	NB551033:137:HK33LBGX9:3:13602:7751:7368#0/1	96.622	148	5	0	1283	1430	148	1	7.81e-63	246
NC_011593.1:c2595355-2593832	NB551033:137:HK33LBGX9:3:21508:9083:8369#0/2	96.000	150	6	0	660	809	150	1	2.81e-62	244
NC_011593.1:c2595355-2593832	NB551033:137:HK33LBGX9:3:11509:24918:16892#0/2	96.599	147	5	0	883	1029	1	147	2.81e-62	244
NC_011593.1:c2595355-2593832	NB551033:137:HK33LBGX9:2:12210:4747:10023#0/1	96.000	150	6	0	878	1027	1	150	2.81e-62	244
NC_011593.1:c2595355-2593832	NB551033:137:HK33LBGX9:1:21204:22932:19666#0/1	95.364	151	7	0	364	514	151	1	3.63e-61	241
NC_011593.1:c2595355-2593832	NB551033:137:HK33LBGX9:2:21303:8176:20247#0/2	95.333	150	7	0	370	519	150	1	1.31e-60	239
NC_011593.1:c2595355-2593832	NB551033:137:HK33LBGX9:1:12111:15368:17675#0/1	95.333	150	7	0	1342	1491	1	150	1.31e-60	239
NC_011593.1:c2595355-2593832	NB551033:137:HK33LBGX9:3:23410:6274:17406#0/1	95.833	144	6	0	864	1007	146	3	6.08e-59	233
NC_011593.1:c2595355-2593832	NB551033:137:HK33LBGX9:2:11103:4010:2378#0/2	99.219	128	1	0	551	678	1	128	2.19e-58	231
NC_011593.1:c2595355-2593832	NB551033:137:HK33LBGX9:4:23401:17965:17843#0/2	95.172	145	7	0	1347	1491	1	145	7.86e-58	230
NC_011593.1:c2595355-2593832	NB551033:137:HK33LBGX9:3:23410:6274:17406#0/2	96.403	139	5	0	502	640	1	139	7.86e-58	230
NC_011593.1:c2595355-2593832	NB551033:137:HK33LBGX9:2:11103:4010:2378#0/1	99.213	127	1	0	552	678	129	3	7.86e-58	230
NC_011593.1:c2595355-2593832	NB551033:137:HK33LBGX9:2:13301:9597:4211#0/1	97.692	130	3	0	1274	1403	130	1	3.66e-56	224
NC_011593.1:c2595355-2593832	NB551033:137:HK33LBGX9:1:13302:17344:7299#0/1	97.674	129	3	0	1168	1296	1	129	1.32e-55	222
NC_011593.1:c2595355-2593832	NB551033:137:HK33LBGX9:2:22208:7470:16352#0/2	99.180	122	1	0	557	678	124	3	4.73e-55	220
NC_011593.1:c2595355-2593832	NB551033:137:HK33LBGX9:2:22208:7470:16352#0/1	99.180	122	1	0	557	678	1	122	4.73e-55	220
NC_011593.1:c2595355-2593832	NB551033:137:HK33LBGX9:1:11311:12187:17817#0/1	98.400	125	2	0	1178	1302	1	125	4.73e-55	220
NC_011593.1:c2595355-2593832	NB551033:137:HK33LBGX9:3:21505:17845:16920#0/2	99.167	120	1	0	1021	1140	1	120	6.12e-54	217
NC_011593.1:c2595355-2593832	NB551033:137:HK33LBGX9:3:21505:17845:16920#0/1	99.167	120	1	0	1021	1140	120	1	6.12e-54	217
NC_011593.1:c2595355-2593832	NB551033:137:HK33LBGX9:3:21510:14521:16400#0/2	97.541	122	3	0	697	818	1	122	1.02e-51	209
NC_011593.1:c2595355-2593832	NB551033:137:HK33LBGX9:3:21510:14521:16400#0/1	97.541	122	3	0	697	818	122	1	1.02e-51	209
NC_011593.1:c2595355-2593832	NB551033:137:HK33LBGX9:4:11603:1093:17415#0/1	96.774	124	4	0	1311	1434	1	124	3.68e-51	207
NC_011593.1:c2595355-2593832	NB551033:137:HK33LBGX9:2:22305:23682:19508#0/1	97.458	118	3	0	1146	1263	1	118	1.71e-49	202
NC_011593.1:c2595355-2593832	NB551033:137:HK33LBGX9:2:22105:12885:19475#0/2	96.667	120	4	0	214	333	10	129	6.16e-49	200
NC_011593.1:c2595355-2593832	NB551033:137:HK33LBGX9:1:11206:15257:6846#0/1	96.667	120	4	0	214	333	11	130	6.16e-49	200
NC_011593.1:c2595355-2593832	NB551033:137:HK33LBGX9:1:23104:12323:13064#0/2	96.639	119	4	0	215	333	151	33	2.22e-48	198
NC_011593.1:c2595355-2593832	NB551033:137:HK33LBGX9:1:11105:6668:17500#0/1	97.368	114	3	0	1146	1259	1	114	2.87e-47	195
NC_011593.1:c2595355-2593832	NB551033:137:HK33LBGX9:2:21208:4149:10864#0/1	96.491	114	4	0	1296	1409	1	114	1.33e-45	189
NC_011593.1:c2595355-2593832	NB551033:137:HK33LBGX9:2:12209:19741:5228#0/1	98.148	108	2	0	1274	1381	108	1	1.33e-45	189
NC_011593.1:c2595355-2593832	NB551033:137:HK33LBGX9:2:12205:19072:12074#0/1	96.491	114	4	0	220	333	150	37	1.33e-45	189
NC_011593.1:c2595355-2593832	NB551033:137:HK33LBGX9:1:22206:2073:12354#0/1	95.614	114	5	0	627	740	114	1	6.21e-44	183
NC_011593.1:c2595355-2593832	NB551033:137:HK33LBGX9:3:13401:19576:11580#0/1	99.010	101	1	0	578	678	103	3	2.23e-43	182
NC_011593.1:c2595355-2593832	NB551033:137:HK33LBGX9:2:22111:1469:18749#0/1	98.020	101	2	0	992	1092	101	1	1.04e-41	176
NC_011593.1:c2595355-2593832	NB551033:137:HK33LBGX9:1:23307:23048:6969#0/2	96.226	106	4	0	1325	1430	1	106	3.74e-41	174
NC_011593.1:c2595355-2593832	NB551033:137:HK33LBGX9:1:23307:23048:6969#0/1	96.226	106	4	0	1325	1430	106	1	3.74e-41	174
NC_011593.1:c2595355-2593832	NB551033:137:HK33LBGX9:4:12507:9064:7531#0/1	97.959	98	2	0	1274	1371	98	1	4.83e-40	171
NC_011593.1:c2595355-2593832	NB551033:137:HK33LBGX9:1:22210:10571:15625#0/2	98.936	94	1	0	429	522	1	94	1.74e-39	169
NC_011593.1:c2595355-2593832	NB551033:137:HK33LBGX9:1:22210:10571:15625#0/1	98.936	94	1	0	429	522	94	1	1.74e-39	169
NC_011593.1:c2595355-2593832	NB551033:137:HK33LBGX9:1:21112:19982:1661#0/2	96.970	99	3	0	942	1040	1	99	6.25e-39	167
NC_011593.1:c2595355-2593832	NB551033:137:HK33LBGX9:1:21112:19982:1661#0/1	96.970	99	3	0	942	1040	99	1	6.25e-39	167
NC_011593.1:c2595355-2593832	NB551033:137:HK33LBGX9:2:22111:1469:18749#0/2	95.098	102	5	0	791	892	1	102	2.91e-37	161
NC_011593.1:c2595355-2593832	NB551033:137:HK33LBGX9:3:11606:19299:18062#0/2	95.918	98	4	0	236	333	150	53	1.05e-36	159
NC_011593.1:c2595355-2593832	NB551033:137:HK33LBGX9:1:22303:9740:14097#0/2	95.833	96	4	0	231	326	96	1	1.35e-35	156
NC_011593.1:c2595355-2593832	NB551033:137:HK33LBGX9:2:13112:21949:4558#0/1	97.674	86	2	0	1274	1359	86	1	2.26e-33	148
NC_011593.1:c2595355-2593832	NB551033:137:HK33LBGX9:1:13212:8165:17493#0/2	97.647	85	2	0	504	588	1	85	8.15e-33	147
NC_011593.1:c2595355-2593832	NB551033:137:HK33LBGX9:1:13212:8165:17493#0/1	97.647	85	2	0	504	588	85	1	8.15e-33	147
NC_011593.1:c2595355-2593832	NB551033:137:HK33LBGX9:4:12401:9759:8925#0/2	96.471	85	3	0	1393	1477	1	85	3.79e-31	141
NC_011593.1:c2595355-2593832	NB551033:137:HK33LBGX9:4:12401:9759:8925#0/1	96.471	85	3	0	1393	1477	86	2	3.79e-31	141
NC_011593.1:c2595355-2593832	NB551033:137:HK33LBGX9:1:11208:19208:12825#0/2	100.000	75	0	0	781	855	1	75	1.36e-30	139
NC_011593.1:c2595355-2593832	NB551033:137:HK33LBGX9:1:11208:19208:12825#0/1	100.000	75	0	0	781	855	75	1	1.36e-30	139
NC_011593.1:c2595355-2593832	NB551033:137:HK33LBGX9:1:21104:26356:15900#0/2	97.500	80	2	0	254	333	1	80	4.90e-30	137
NC_011593.1:c2595355-2593832	NB551033:137:HK33LBGX9:1:21104:26356:15900#0/1	97.500	80	2	0	254	333	121	42	4.90e-30	137
NC_011593.1:c2595355-2593832	NB551033:137:HK33LBGX9:3:11509:24918:16892#0/1	97.436	78	2	0	1273	1350	78	1	6.34e-29	134
NC_011593.1:c2595355-2593832	NB551033:137:HK33LBGX9:1:13208:23347:19292#0/2	97.368	76	2	0	256	331	1	76	8.20e-28	130
NC_011593.1:c2595355-2593832	NB551033:137:HK33LBGX9:1:13208:23347:19292#0/1	97.368	76	2	0	256	331	76	1	8.20e-28	130
# BLASTN 2.9.0+
# Query: NC_011593.1:c2597106-2595574 Bifidobacterium longum subsp. infantis ATCC 15697, complete genome
# Database: db/blast_C0682-3F-1A_S82.faa
# Fields: query acc.ver, subject acc.ver, % identity, alignment length, mismatches, gap opens, q. start, q. end, s. start, s. end, evalue, bit score
# 75 hits found
NC_011593.1:c2597106-2595574	NB551033:137:HK33LBGX9:2:12311:20044:2585#0/2	100.000	151	0	0	306	456	151	1	7.74e-73	279
NC_011593.1:c2597106-2595574	NB551033:137:HK33LBGX9:1:21107:9789:14521#0/2	100.000	150	0	0	325	474	150	1	2.79e-72	278
NC_011593.1:c2597106-2595574	NB551033:137:HK33LBGX9:1:12208:13216:5505#0/2	100.000	150	0	0	288	437	150	1	2.79e-72	278
NC_011593.1:c2597106-2595574	NB551033:137:HK33LBGX9:2:22105:12885:19475#0/1	100.000	150	0	0	288	437	150	1	2.79e-72	278
NC_011593.1:c2597106-2595574	NB551033:137:HK33LBGX9:1:22305:13435:2396#0/1	100.000	150	0	0	318	467	1	150	2.79e-72	278
NC_011593.1:c2597106-2595574	NB551033:137:HK33LBGX9:1:11206:15257:6846#0/2	100.000	149	0	0	289	437	149	1	1.00e-71	276
NC_011593.1:c2597106-2595574	NB551033:137:HK33LBGX9:2:12205:19072:12074#0/2	99.333	150	1	0	46	195	1	150	1.30e-70	272
NC_011593.1:c2597106-2595574	NB551033:137:HK33LBGX9:3:12502:8675:11010#0/1	99.333	150	1	0	318	467	1	150	1.30e-70	272
NC_011593.1:c2597106-2595574	NB551033:137:HK33LBGX9:2:22308:17894:4948#0/1	99.333	150	1	0	267	416	1	150	1.30e-70	272
NC_011593.1:c2597106-2595574	NB551033:137:HK33LBGX9:1:22303:9740:14097#0/1	99.333	150	1	0	84	233	1	150	1.30e-70	272
NC_011593.1:c2597106-2595574	NB551033:137:HK33LBGX9:3:11406:26198:5629#0/1	99.329	149	1	0	47	195	1	149	4.66e-70	270
NC_011593.1:c2597106-2595574	NB551033:137:HK33LBGX9:3:11406:26198:5629#0/2	98.675	151	2	0	176	326	151	1	1.68e-69	268
NC_011593.1:c2597106-2595574	NB551033:137:HK33LBGX9:1:23209:16839:6951#0/2	98.675	151	2	0	176	326	151	1	1.68e-69	268
NC_011593.1:c2597106-2595574	NB551033:137:HK33LBGX9:1:23104:12323:13064#0/2	98.675	151	2	0	215	365	151	1	1.68e-69	268
NC_011593.1:c2597106-2595574	NB551033:137:HK33LBGX9:3:12601:18206:3837#0/1	99.324	148	1	0	99	246	1	148	1.68e-69	268
NC_011593.1:c2597106-2595574	NB551033:137:HK33LBGX9:3:11606:19299:18062#0/1	98.675	151	2	0	139	289	1	151	1.68e-69	268
NC_011593.1:c2597106-2595574	NB551033:137:HK33LBGX9:2:21303:8176:20247#0/1	98.675	151	2	0	244	394	1	151	1.68e-69	268
NC_011593.1:c2597106-2595574	NB551033:137:HK33LBGX9:2:21210:22807:4685#0/1	98.675	151	2	0	119	269	151	1	1.68e-69	268
NC_011593.1:c2597106-2595574	NB551033:137:HK33LBGX9:1:23209:16839:6951#0/1	98.675	151	2	0	155	305	1	151	1.68e-69	268
NC_011593.1:c2597106-2595574	NB551033:137:HK33LBGX9:1:21204:22932:19666#0/1	98.675	151	2	0	364	514	151	1	1.68e-69	268
NC_011593.1:c2597106-2595574	NB551033:137:HK33LBGX9:1:12208:13216:5505#0/1	98.675	151	2	0	256	406	1	151	1.68e-69	268
NC_011593.1:c2597106-2595574	NB551033:137:HK33LBGX9:3:21404:14859:10912#0/2	98.667	150	2	0	52	201	1	150	6.03e-69	267
NC_011593.1:c2597106-2595574	NB551033:137:HK33LBGX9:2:22105:12885:19475#0/2	98.667	150	2	0	205	354	1	150	6.03e-69	267
NC_011593.1:c2597106-2595574	NB551033:137:HK33LBGX9:2:12205:19072:12074#0/1	98.667	150	2	0	220	369	150	1	6.03e-69	267
NC_011593.1:c2597106-2595574	NB551033:137:HK33LBGX9:1:23104:12323:13064#0/1	98.667	150	2	0	189	338	1	150	6.03e-69	267
NC_011593.1:c2597106-2595574	NB551033:137:HK33LBGX9:1:13309:18323:5113#0/1	98.667	150	2	0	116	265	1	150	6.03e-69	267
NC_011593.1:c2597106-2595574	NB551033:137:HK33LBGX9:1:11206:15257:6846#0/1	98.667	150	2	0	204	353	1	150	6.03e-69	267
NC_011593.1:c2597106-2595574	NB551033:137:HK33LBGX9:3:12601:18206:3837#0/2	98.013	151	3	0	125	275	151	1	7.80e-68	263
NC_011593.1:c2597106-2595574	NB551033:137:HK33LBGX9:2:21305:13665:16234#0/2	99.310	145	1	0	64	208	1	145	7.80e-68	263
NC_011593.1:c2597106-2595574	NB551033:137:HK33LBGX9:1:11107:17452:6577#0/2	98.649	148	2	0	115	262	1	148	7.80e-68	263
NC_011593.1:c2597106-2595574	NB551033:137:HK33LBGX9:2:21305:13665:16234#0/1	99.310	145	1	0	64	208	145	1	7.80e-68	263
NC_011593.1:c2597106-2595574	NB551033:137:HK33LBGX9:2:12112:15288:3131#0/1	98.013	151	3	0	38	188	1	151	7.80e-68	263
NC_011593.1:c2597106-2595574	NB551033:137:HK33LBGX9:1:21107:9789:14521#0/1	98.013	151	3	0	147	297	1	151	7.80e-68	263
NC_011593.1:c2597106-2595574	NB551033:137:HK33LBGX9:3:11606:19299:18062#0/2	98.000	150	3	0	236	385	150	1	2.80e-67	261
NC_011593.1:c2597106-2595574	NB551033:137:HK33LBGX9:2:21303:8176:20247#0/2	98.000	150	3	0	370	519	150	1	2.80e-67	261
NC_011593.1:c2597106-2595574	NB551033:137:HK33LBGX9:1:13309:18323:5113#0/2	98.000	150	3	0	128	277	150	1	2.80e-67	261
NC_011593.1:c2597106-2595574	NB551033:137:HK33LBGX9:3:13401:19576:11580#0/2	97.987	149	3	0	254	402	1	149	1.01e-66	259
NC_011593.1:c2597106-2595574	NB551033:137:HK33LBGX9:2:12112:15288:3131#0/2	97.973	148	3	0	133	280	148	1	3.63e-66	257
NC_011593.1:c2597106-2595574	NB551033:137:HK33LBGX9:3:21404:14859:10912#0/1	97.351	151	4	0	125	275	151	1	3.63e-66	257
NC_011593.1:c2597106-2595574	NB551033:137:HK33LBGX9:1:21207:19027:3915#0/1	97.351	151	4	0	7	157	151	1	3.63e-66	257
NC_011593.1:c2597106-2595574	NB551033:137:HK33LBGX9:1:22305:13435:2396#0/2	96.689	151	5	0	388	538	151	1	1.69e-64	252
NC_011593.1:c2597106-2595574	NB551033:137:HK33LBGX9:3:12502:8675:11010#0/2	96.000	150	6	0	391	540	151	2	2.82e-62	244
NC_011593.1:c2597106-2595574	NB551033:137:HK33LBGX9:3:13505:24441:2262#0/2	98.529	136	2	0	129	264	136	1	3.65e-61	241
NC_011593.1:c2597106-2595574	NB551033:137:HK33LBGX9:3:13505:24441:2262#0/1	98.529	136	2	0	129	264	1	136	3.65e-61	241
NC_011593.1:c2597106-2595574	NB551033:137:HK33LBGX9:3:13412:15342:8757#0/1	95.918	147	6	0	394	540	150	4	1.31e-60	239
NC_011593.1:c2597106-2595574	NB551033:137:HK33LBGX9:3:12602:12402:15012#0/2	97.101	138	4	0	1	138	138	1	6.11e-59	233
NC_011593.1:c2597106-2595574	NB551033:137:HK33LBGX9:4:22505:23598:9748#0/2	100.000	125	0	0	323	447	125	1	2.20e-58	231
NC_011593.1:c2597106-2595574	NB551033:137:HK33LBGX9:2:23210:9956:4378#0/2	98.425	127	2	0	154	280	1	127	3.68e-56	224
NC_011593.1:c2597106-2595574	NB551033:137:HK33LBGX9:2:23210:9956:4378#0/1	98.425	127	2	0	154	280	127	1	3.68e-56	224
NC_011593.1:c2597106-2595574	NB551033:137:HK33LBGX9:1:21104:26356:15900#0/2	98.347	121	2	0	254	374	1	121	7.97e-53	213
NC_011593.1:c2597106-2595574	NB551033:137:HK33LBGX9:1:13304:24864:8501#0/2	100.000	115	0	0	323	437	115	1	7.97e-53	213
NC_011593.1:c2597106-2595574	NB551033:137:HK33LBGX9:1:21104:26356:15900#0/1	98.347	121	2	0	254	374	121	1	7.97e-53	213
NC_011593.1:c2597106-2595574	NB551033:137:HK33LBGX9:3:12509:23258:13587#0/2	100.000	110	0	0	318	427	110	1	4.79e-50	204
NC_011593.1:c2597106-2595574	NB551033:137:HK33LBGX9:3:12509:23258:13587#0/1	100.000	109	0	0	318	426	1	109	1.72e-49	202
NC_011593.1:c2597106-2595574	NB551033:137:HK33LBGX9:3:23603:11883:9012#0/2	100.000	97	0	0	318	414	1	97	8.08e-43	180
NC_011593.1:c2597106-2595574	NB551033:137:HK33LBGX9:3:13412:15342:8757#0/2	100.000	94	0	0	323	416	1	94	3.76e-41	174
NC_011593.1:c2597106-2595574	NB551033:137:HK33LBGX9:1:11106:22652:5666#0/2	98.958	96	1	0	106	201	96	1	1.35e-40	172
NC_011593.1:c2597106-2595574	NB551033:137:HK33LBGX9:3:13406:18651:15133#0/1	97.059	102	3	0	1	102	102	1	1.35e-40	172
NC_011593.1:c2597106-2595574	NB551033:137:HK33LBGX9:2:13110:3692:6647#0/1	97.059	102	3	0	1	102	102	1	1.35e-40	172
NC_011593.1:c2597106-2595574	NB551033:137:HK33LBGX9:1:11106:22652:5666#0/1	98.958	96	1	0	106	201	1	96	1.35e-40	172
NC_011593.1:c2597106-2595574	NB551033:137:HK33LBGX9:1:13304:24864:8501#0/1	100.000	91	0	0	323	413	1	91	1.75e-39	169
NC_011593.1:c2597106-2595574	NB551033:137:HK33LBGX9:1:22303:9740:14097#0/2	97.917	96	2	0	231	326	96	1	6.29e-39	167
NC_011593.1:c2597106-2595574	NB551033:137:HK33LBGX9:1:21204:22932:19666#0/2	100.000	89	0	0	318	406	1	89	2.26e-38	165
NC_011593.1:c2597106-2595574	NB551033:137:HK33LBGX9:4:22505:23598:9748#0/1	100.000	83	0	0	323	405	1	83	4.90e-35	154
NC_011593.1:c2597106-2595574	NB551033:137:HK33LBGX9:2:21108:24912:17344#0/1	96.739	92	3	0	1	92	92	1	4.90e-35	154
NC_011593.1:c2597106-2595574	NB551033:137:HK33LBGX9:1:22210:10571:15625#0/2	96.703	91	3	0	429	519	1	91	1.76e-34	152
NC_011593.1:c2597106-2595574	NB551033:137:HK33LBGX9:1:22211:18586:14534#0/1	100.000	82	0	0	356	437	82	1	1.76e-34	152
NC_011593.1:c2597106-2595574	NB551033:137:HK33LBGX9:1:22210:10571:15625#0/1	95.745	94	4	0	429	522	94	1	1.76e-34	152
NC_011593.1:c2597106-2595574	NB551033:137:HK33LBGX9:1:22211:18586:14534#0/2	100.000	81	0	0	356	436	1	81	6.33e-34	150
NC_011593.1:c2597106-2595574	NB551033:137:HK33LBGX9:1:23304:25035:15545#0/1	100.000	81	0	0	343	423	1	81	6.33e-34	150
NC_011593.1:c2597106-2595574	NB551033:137:HK33LBGX9:4:12401:9759:8925#0/2	97.647	85	2	0	1393	1477	1	85	8.19e-33	147
NC_011593.1:c2597106-2595574	NB551033:137:HK33LBGX9:4:12401:9759:8925#0/1	97.647	85	2	0	1393	1477	86	2	8.19e-33	147
NC_011593.1:c2597106-2595574	NB551033:137:HK33LBGX9:1:21207:19027:3915#0/2	96.203	79	3	0	1	79	73	151	8.25e-28	130
NC_011593.1:c2597106-2595574	NB551033:137:HK33LBGX9:1:13208:23347:19292#0/2	97.368	76	2	0	256	331	1	76	8.25e-28	130
NC_011593.1:c2597106-2595574	NB551033:137:HK33LBGX9:1:13208:23347:19292#0/1	98.630	73	1	0	259	331	73	1	8.25e-28	130
# BLASTN 2.9.0+
# Query: NC_011593.1:c2598562-2597207 Bifidobacterium longum subsp. infantis ATCC 15697, complete genome
# Database: db/blast_C0682-3F-1A_S82.faa
# 0 hits found
# BLASTN 2.9.0+
# Query: NC_011593.1:2598858-2601929 Bifidobacterium longum subsp. infantis ATCC 15697, complete genome
# Database: db/blast_C0682-3F-1A_S82.faa
# Fields: query acc.ver, subject acc.ver, % identity, alignment length, mismatches, gap opens, q. start, q. end, s. start, s. end, evalue, bit score
# 391 hits found
NC_011593.1:2598858-2601929	NB551033:137:HK33LBGX9:4:12612:25399:13605#0/2	100.000	151	0	0	965	1115	151	1	1.55e-72	279
NC_011593.1:2598858-2601929	NB551033:137:HK33LBGX9:3:23601:3575:13876#0/1	100.000	151	0	0	176	326	151	1	1.55e-72	279
NC_011593.1:2598858-2601929	NB551033:137:HK33LBGX9:3:12501:11533:13195#0/1	100.000	151	0	0	192	342	1	151	1.55e-72	279
NC_011593.1:2598858-2601929	NB551033:137:HK33LBGX9:2:22305:23355:4343#0/1	100.000	151	0	0	2204	2354	151	1	1.55e-72	279
NC_011593.1:2598858-2601929	NB551033:137:HK33LBGX9:4:22505:21000:8616#0/2	100.000	150	0	0	1576	1725	150	1	5.58e-72	278
NC_011593.1:2598858-2601929	NB551033:137:HK33LBGX9:2:12309:21895:5834#0/2	100.000	150	0	0	190	339	1	150	5.58e-72	278
NC_011593.1:2598858-2601929	NB551033:137:HK33LBGX9:4:11610:12819:17853#0/1	100.000	150	0	0	2388	2537	150	1	5.58e-72	278
NC_011593.1:2598858-2601929	NB551033:137:HK33LBGX9:4:11506:20270:19345#0/1	100.000	150	0	0	961	1110	150	1	5.58e-72	278
NC_011593.1:2598858-2601929	NB551033:137:HK33LBGX9:3:23604:23519:8060#0/1	100.000	150	0	0	2398	2547	150	1	5.58e-72	278
NC_011593.1:2598858-2601929	NB551033:137:HK33LBGX9:3:11605:5597:17816#0/1	100.000	150	0	0	1009	1158	1	150	5.58e-72	278
NC_011593.1:2598858-2601929	NB551033:137:HK33LBGX9:4:23407:6005:13429#0/2	99.338	151	1	0	905	1055	1	151	7.22e-71	274
NC_011593.1:2598858-2601929	NB551033:137:HK33LBGX9:4:23402:15579:7723#0/2	99.338	151	1	0	142	292	1	151	7.22e-71	274
NC_011593.1:2598858-2601929	NB551033:137:HK33LBGX9:4:12409:9879:18919#0/2	99.338	151	1	0	1047	1197	1	151	7.22e-71	274
NC_011593.1:2598858-2601929	NB551033:137:HK33LBGX9:3:13602:19217:5732#0/2	99.338	151	1	0	18	168	1	151	7.22e-71	274
NC_011593.1:2598858-2601929	NB551033:137:HK33LBGX9:3:12501:11533:13195#0/2	99.338	151	1	0	239	389	151	1	7.22e-71	274
NC_011593.1:2598858-2601929	NB551033:137:HK33LBGX9:2:22305:23355:4343#0/2	99.338	151	1	0	1981	2131	1	151	7.22e-71	274
NC_011593.1:2598858-2601929	NB551033:137:HK33LBGX9:2:21205:22603:17535#0/2	99.338	151	1	0	1550	1700	151	1	7.22e-71	274
NC_011593.1:2598858-2601929	NB551033:137:HK33LBGX9:2:11311:7769:11144#0/2	99.338	151	1	0	8	158	1	151	7.22e-71	274
NC_011593.1:2598858-2601929	NB551033:137:HK33LBGX9:2:11303:22319:16346#0/2	99.338	151	1	0	1013	1163	151	1	7.22e-71	274
NC_011593.1:2598858-2601929	NB551033:137:HK33LBGX9:1:11101:10364:10152#0/2	99.338	151	1	0	364	514	151	1	7.22e-71	274
NC_011593.1:2598858-2601929	NB551033:137:HK33LBGX9:4:23407:6005:13429#0/1	100.000	148	0	0	982	1129	148	1	7.22e-71	274
NC_011593.1:2598858-2601929	NB551033:137:HK33LBGX9:4:12409:10567:20139#0/1	99.338	151	1	0	1048	1198	151	1	7.22e-71	274
NC_011593.1:2598858-2601929	NB551033:137:HK33LBGX9:4:11610:13831:11463#0/1	99.338	151	1	0	905	1055	151	1	7.22e-71	274
NC_011593.1:2598858-2601929	NB551033:137:HK33LBGX9:4:11608:20422:1593#0/1	99.338	151	1	0	1030	1180	151	1	7.22e-71	274
NC_011593.1:2598858-2601929	NB551033:137:HK33LBGX9:4:11509:19699:12500#0/1	100.000	148	0	0	1580	1727	150	3	7.22e-71	274
NC_011593.1:2598858-2601929	NB551033:137:HK33LBGX9:4:11501:5663:3268#0/1	99.338	151	1	0	8	158	1	151	7.22e-71	274
NC_011593.1:2598858-2601929	NB551033:137:HK33LBGX9:3:22508:19602:12665#0/1	99.338	151	1	0	128	278	151	1	7.22e-71	274
NC_011593.1:2598858-2601929	NB551033:137:HK33LBGX9:3:21603:2759:5167#0/1	99.338	151	1	0	115	265	1	151	7.22e-71	274
NC_011593.1:2598858-2601929	NB551033:137:HK33LBGX9:3:13506:3453:10724#0/1	99.338	151	1	0	1993	2143	151	1	7.22e-71	274
NC_011593.1:2598858-2601929	NB551033:137:HK33LBGX9:2:23106:14466:19631#0/1	99.338	151	1	0	1970	2120	151	1	7.22e-71	274
NC_011593.1:2598858-2601929	NB551033:137:HK33LBGX9:2:22106:11668:7103#0/1	99.338	151	1	0	1048	1198	151	1	7.22e-71	274
NC_011593.1:2598858-2601929	NB551033:137:HK33LBGX9:2:21310:25418:7124#0/1	99.338	151	1	0	2741	2891	1	151	7.22e-71	274
NC_011593.1:2598858-2601929	NB551033:137:HK33LBGX9:2:12111:13885:17716#0/1	100.000	148	0	0	1580	1727	1	148	7.22e-71	274
NC_011593.1:2598858-2601929	NB551033:137:HK33LBGX9:1:21208:25910:16802#0/1	99.338	151	1	0	1518	1668	151	1	7.22e-71	274
NC_011593.1:2598858-2601929	NB551033:137:HK33LBGX9:1:13302:7242:13858#0/1	99.338	151	1	0	1492	1642	1	151	7.22e-71	274
NC_011593.1:2598858-2601929	NB551033:137:HK33LBGX9:1:11101:15242:20257#0/1	100.000	148	0	0	982	1129	148	1	7.22e-71	274
NC_011593.1:2598858-2601929	NB551033:137:HK33LBGX9:4:23410:14176:10219#0/2	99.333	150	1	0	940	1089	1	150	2.60e-70	272
NC_011593.1:2598858-2601929	NB551033:137:HK33LBGX9:4:22504:4937:11765#0/2	99.333	150	1	0	1583	1732	1	150	2.60e-70	272
NC_011593.1:2598858-2601929	NB551033:137:HK33LBGX9:4:21601:9864:3346#0/2	99.333	150	1	0	1542	1691	1	150	2.60e-70	272
NC_011593.1:2598858-2601929	NB551033:137:HK33LBGX9:4:21402:17017:1440#0/2	99.333	150	1	0	131	280	1	150	2.60e-70	272
NC_011593.1:2598858-2601929	NB551033:137:HK33LBGX9:4:12605:12873:7902#0/2	99.333	150	1	0	2019	2168	150	1	2.60e-70	272
NC_011593.1:2598858-2601929	NB551033:137:HK33LBGX9:4:12602:19733:12041#0/2	99.333	150	1	0	252	401	1	150	2.60e-70	272
NC_011593.1:2598858-2601929	NB551033:137:HK33LBGX9:2:22106:11668:7103#0/2	99.333	150	1	0	911	1060	1	150	2.60e-70	272
NC_011593.1:2598858-2601929	NB551033:137:HK33LBGX9:1:22203:13521:6048#0/2	99.333	150	1	0	1520	1669	1	150	2.60e-70	272
NC_011593.1:2598858-2601929	NB551033:137:HK33LBGX9:1:21108:16313:9138#0/2	99.333	150	1	0	2015	2164	150	1	2.60e-70	272
NC_011593.1:2598858-2601929	NB551033:137:HK33LBGX9:1:21104:3938:7281#0/2	99.333	150	1	0	1	150	150	1	2.60e-70	272
NC_011593.1:2598858-2601929	NB551033:137:HK33LBGX9:4:23402:15579:7723#0/1	99.333	150	1	0	170	319	150	1	2.60e-70	272
NC_011593.1:2598858-2601929	NB551033:137:HK33LBGX9:4:22505:21000:8616#0/1	99.333	150	1	0	1481	1630	1	150	2.60e-70	272
NC_011593.1:2598858-2601929	NB551033:137:HK33LBGX9:4:21610:8216:7758#0/1	99.333	150	1	0	131	280	1	150	2.60e-70	272
NC_011593.1:2598858-2601929	NB551033:137:HK33LBGX9:4:13408:3533:4124#0/1	99.333	150	1	0	237	386	1	150	2.60e-70	272
NC_011593.1:2598858-2601929	NB551033:137:HK33LBGX9:4:13407:4273:2467#0/1	99.333	150	1	0	2203	2352	150	1	2.60e-70	272
NC_011593.1:2598858-2601929	NB551033:137:HK33LBGX9:4:12605:12873:7902#0/1	99.333	150	1	0	1956	2105	1	150	2.60e-70	272
NC_011593.1:2598858-2601929	NB551033:137:HK33LBGX9:4:12504:20428:4101#0/1	99.333	150	1	0	131	280	1	150	2.60e-70	272
NC_011593.1:2598858-2601929	NB551033:137:HK33LBGX9:3:23407:15395:8844#0/1	99.333	150	1	0	1536	1685	150	1	2.60e-70	272
NC_011593.1:2598858-2601929	NB551033:137:HK33LBGX9:3:11612:23282:3188#0/1	99.333	150	1	0	158	307	150	1	2.60e-70	272
NC_011593.1:2598858-2601929	NB551033:137:HK33LBGX9:3:11405:7279:17183#0/1	99.333	150	1	0	2182	2331	150	1	2.60e-70	272
NC_011593.1:2598858-2601929	NB551033:137:HK33LBGX9:2:13207:10483:16516#0/1	99.333	150	1	0	237	386	1	150	2.60e-70	272
NC_011593.1:2598858-2601929	NB551033:137:HK33LBGX9:2:12306:16717:8831#0/1	99.333	150	1	0	1508	1657	150	1	2.60e-70	272
NC_011593.1:2598858-2601929	NB551033:137:HK33LBGX9:2:12105:7982:2229#0/1	99.333	150	1	0	132	281	150	1	2.60e-70	272
NC_011593.1:2598858-2601929	NB551033:137:HK33LBGX9:1:22110:14765:13054#0/1	99.333	150	1	0	1053	1202	1	150	2.60e-70	272
NC_011593.1:2598858-2601929	NB551033:137:HK33LBGX9:3:13408:16022:9718#0/2	99.329	149	1	0	1741	1889	2	150	9.34e-70	270
NC_011593.1:2598858-2601929	NB551033:137:HK33LBGX9:3:12509:23065:8741#0/2	99.329	149	1	0	137	285	1	149	9.34e-70	270
NC_011593.1:2598858-2601929	NB551033:137:HK33LBGX9:1:13302:7242:13858#0/2	99.329	149	1	0	1509	1657	149	1	9.34e-70	270
NC_011593.1:2598858-2601929	NB551033:137:HK33LBGX9:4:22504:4937:11765#0/1	99.329	149	1	0	1591	1739	149	1	9.34e-70	270
NC_011593.1:2598858-2601929	NB551033:137:HK33LBGX9:2:13109:10953:8269#0/1	99.329	149	1	0	112	260	149	1	9.34e-70	270
NC_011593.1:2598858-2601929	NB551033:137:HK33LBGX9:4:21611:2554:14516#0/2	98.675	151	2	0	2491	2641	151	1	3.36e-69	268
NC_011593.1:2598858-2601929	NB551033:137:HK33LBGX9:4:13611:16265:17694#0/2	98.675	151	2	0	2778	2928	1	151	3.36e-69	268
NC_011593.1:2598858-2601929	NB551033:137:HK33LBGX9:4:13607:13723:1361#0/2	98.675	151	2	0	383	533	1	151	3.36e-69	268
NC_011593.1:2598858-2601929	NB551033:137:HK33LBGX9:4:12504:20428:4101#0/2	98.675	151	2	0	278	428	151	1	3.36e-69	268
NC_011593.1:2598858-2601929	NB551033:137:HK33LBGX9:4:11403:18711:1917#0/2	98.675	151	2	0	2857	3007	151	1	3.36e-69	268
NC_011593.1:2598858-2601929	NB551033:137:HK33LBGX9:3:22411:17946:10886#0/2	99.324	148	1	0	1741	1888	148	1	3.36e-69	268
NC_011593.1:2598858-2601929	NB551033:137:HK33LBGX9:3:21411:23318:16077#0/2	98.675	151	2	0	1852	2002	1	151	3.36e-69	268
NC_011593.1:2598858-2601929	NB551033:137:HK33LBGX9:3:13405:6719:14176#0/2	98.675	151	2	0	1645	1795	1	151	3.36e-69	268
NC_011593.1:2598858-2601929	NB551033:137:HK33LBGX9:2:21111:14544:15441#0/2	98.675	151	2	0	2864	3014	1	151	3.36e-69	268
NC_011593.1:2598858-2601929	NB551033:137:HK33LBGX9:2:13207:10483:16516#0/2	98.675	151	2	0	267	417	151	1	3.36e-69	268
NC_011593.1:2598858-2601929	NB551033:137:HK33LBGX9:2:13102:1990:13409#0/2	98.675	151	2	0	2476	2626	151	1	3.36e-69	268
NC_011593.1:2598858-2601929	NB551033:137:HK33LBGX9:2:12112:10865:12732#0/2	99.324	148	1	0	1741	1888	3	150	3.36e-69	268
NC_011593.1:2598858-2601929	NB551033:137:HK33LBGX9:2:12111:13885:17716#0/2	98.675	151	2	0	1596	1746	151	1	3.36e-69	268
NC_011593.1:2598858-2601929	NB551033:137:HK33LBGX9:2:11208:8687:7879#0/2	98.675	151	2	0	1941	2091	151	1	3.36e-69	268
NC_011593.1:2598858-2601929	NB551033:137:HK33LBGX9:1:22306:12922:2904#0/2	98.675	151	2	0	908	1058	151	1	3.36e-69	268
NC_011593.1:2598858-2601929	NB551033:137:HK33LBGX9:1:22110:14765:13054#0/2	98.675	151	2	0	1189	1339	151	1	3.36e-69	268
NC_011593.1:2598858-2601929	NB551033:137:HK33LBGX9:1:22106:8928:10052#0/2	98.675	151	2	0	2868	3018	151	1	3.36e-69	268
NC_011593.1:2598858-2601929	NB551033:137:HK33LBGX9:1:12307:8876:15365#0/2	99.324	148	1	0	1	148	3	150	3.36e-69	268
NC_011593.1:2598858-2601929	NB551033:137:HK33LBGX9:4:21611:2554:14516#0/1	98.675	151	2	0	2465	2615	1	151	3.36e-69	268
NC_011593.1:2598858-2601929	NB551033:137:HK33LBGX9:4:13506:15897:14200#0/1	98.675	151	2	0	2290	2440	151	1	3.36e-69	268
NC_011593.1:2598858-2601929	NB551033:137:HK33LBGX9:4:13412:20514:15204#0/1	98.675	151	2	0	341	491	1	151	3.36e-69	268
NC_011593.1:2598858-2601929	NB551033:137:HK33LBGX9:3:22411:17946:10886#0/1	98.675	151	2	0	1693	1843	1	151	3.36e-69	268
NC_011593.1:2598858-2601929	NB551033:137:HK33LBGX9:3:13408:16022:9718#0/1	98.675	151	2	0	1950	2100	151	1	3.36e-69	268
NC_011593.1:2598858-2601929	NB551033:137:HK33LBGX9:2:23210:9197:7950#0/1	100.000	145	0	0	984	1128	145	1	3.36e-69	268
NC_011593.1:2598858-2601929	NB551033:137:HK33LBGX9:2:23201:7022:9348#0/1	98.675	151	2	0	2370	2520	1	151	3.36e-69	268
NC_011593.1:2598858-2601929	NB551033:137:HK33LBGX9:2:12204:8691:14102#0/1	99.324	148	1	0	1741	1888	3	150	3.36e-69	268
NC_011593.1:2598858-2601929	NB551033:137:HK33LBGX9:2:11311:7769:11144#0/1	98.675	151	2	0	311	461	151	1	3.36e-69	268
NC_011593.1:2598858-2601929	NB551033:137:HK33LBGX9:1:22101:16449:6973#0/1	98.675	151	2	0	1239	1389	151	1	3.36e-69	268
NC_011593.1:2598858-2601929	NB551033:137:HK33LBGX9:1:12203:6868:10917#0/1	98.675	151	2	0	1239	1389	151	1	3.36e-69	268
NC_011593.1:2598858-2601929	NB551033:137:HK33LBGX9:1:11101:10364:10152#0/1	98.675	151	2	0	315	465	1	151	3.36e-69	268
NC_011593.1:2598858-2601929	NB551033:137:HK33LBGX9:4:23610:3136:5074#0/2	98.667	150	2	0	1779	1928	150	1	1.21e-68	267
NC_011593.1:2598858-2601929	NB551033:137:HK33LBGX9:4:23507:7280:7042#0/2	98.667	150	2	0	2539	2688	1	150	1.21e-68	267
NC_011593.1:2598858-2601929	NB551033:137:HK33LBGX9:4:23409:5857:9085#0/2	98.667	150	2	0	69	218	150	1	1.21e-68	267
NC_011593.1:2598858-2601929	NB551033:137:HK33LBGX9:4:22411:18182:2280#0/2	98.667	150	2	0	2261	2410	150	1	1.21e-68	267
NC_011593.1:2598858-2601929	NB551033:137:HK33LBGX9:4:21511:2307:13388#0/2	98.667	150	2	0	1646	1795	150	1	1.21e-68	267
NC_011593.1:2598858-2601929	NB551033:137:HK33LBGX9:4:21507:15139:13887#0/2	98.667	150	2	0	590	739	1	150	1.21e-68	267
NC_011593.1:2598858-2601929	NB551033:137:HK33LBGX9:4:21503:11338:8727#0/2	98.667	150	2	0	2451	2600	1	150	1.21e-68	267
NC_011593.1:2598858-2601929	NB551033:137:HK33LBGX9:4:21409:12183:3526#0/2	98.667	150	2	0	71	220	1	150	1.21e-68	267
NC_011593.1:2598858-2601929	NB551033:137:HK33LBGX9:4:13408:3533:4124#0/2	98.667	150	2	0	267	416	150	1	1.21e-68	267
NC_011593.1:2598858-2601929	NB551033:137:HK33LBGX9:4:11610:12819:17853#0/2	98.667	150	2	0	2279	2428	1	150	1.21e-68	267
NC_011593.1:2598858-2601929	NB551033:137:HK33LBGX9:4:11610:13831:11463#0/2	98.667	150	2	0	866	1015	2	151	1.21e-68	267
NC_011593.1:2598858-2601929	NB551033:137:HK33LBGX9:4:11604:25294:16139#0/2	98.667	150	2	0	2539	2688	1	150	1.21e-68	267
NC_011593.1:2598858-2601929	NB551033:137:HK33LBGX9:4:11509:19699:12500#0/2	98.667	150	2	0	1442	1591	1	150	1.21e-68	267
NC_011593.1:2598858-2601929	NB551033:137:HK33LBGX9:4:11501:5663:3268#0/2	100.000	144	0	0	206	349	144	1	1.21e-68	267
NC_011593.1:2598858-2601929	NB551033:137:HK33LBGX9:3:23604:23519:8060#0/2	98.667	150	2	0	2323	2472	1	150	1.21e-68	267
NC_011593.1:2598858-2601929	NB551033:137:HK33LBGX9:3:23601:3575:13876#0/2	98.667	150	2	0	31	180	1	150	1.21e-68	267
NC_011593.1:2598858-2601929	NB551033:137:HK33LBGX9:3:22609:6263:18140#0/2	98.667	150	2	0	1670	1819	1	150	1.21e-68	267
NC_011593.1:2598858-2601929	NB551033:137:HK33LBGX9:3:21603:2759:5167#0/2	98.667	150	2	0	324	473	150	1	1.21e-68	267
NC_011593.1:2598858-2601929	NB551033:137:HK33LBGX9:3:13610:13770:19193#0/2	98.667	150	2	0	1623	1772	1	150	1.21e-68	267
NC_011593.1:2598858-2601929	NB551033:137:HK33LBGX9:3:11612:23282:3188#0/2	98.667	150	2	0	92	241	1	150	1.21e-68	267
NC_011593.1:2598858-2601929	NB551033:137:HK33LBGX9:2:23201:7022:9348#0/2	98.667	150	2	0	2375	2524	150	1	1.21e-68	267
NC_011593.1:2598858-2601929	NB551033:137:HK33LBGX9:2:23106:14466:19631#0/2	98.667	150	2	0	1920	2069	1	150	1.21e-68	267
NC_011593.1:2598858-2601929	NB551033:137:HK33LBGX9:2:21310:25418:7124#0/2	98.667	150	2	0	2794	2943	150	1	1.21e-68	267
NC_011593.1:2598858-2601929	NB551033:137:HK33LBGX9:2:21212:2210:16309#0/2	98.667	150	2	0	1863	2012	1	150	1.21e-68	267
NC_011593.1:2598858-2601929	NB551033:137:HK33LBGX9:2:21212:3081:2338#0/2	98.667	150	2	0	1394	1543	150	1	1.21e-68	267
NC_011593.1:2598858-2601929	NB551033:137:HK33LBGX9:2:13206:24113:7738#0/2	98.667	150	2	0	599	748	1	150	1.21e-68	267
NC_011593.1:2598858-2601929	NB551033:137:HK33LBGX9:2:13109:10953:8269#0/2	98.667	150	2	0	81	230	1	150	1.21e-68	267
NC_011593.1:2598858-2601929	NB551033:137:HK33LBGX9:2:12306:16717:8831#0/2	98.667	150	2	0	1406	1555	1	150	1.21e-68	267
NC_011593.1:2598858-2601929	NB551033:137:HK33LBGX9:2:12105:7982:2229#0/2	98.667	150	2	0	86	235	1	150	1.21e-68	267
NC_011593.1:2598858-2601929	NB551033:137:HK33LBGX9:2:11111:24658:5035#0/2	98.667	150	2	0	2798	2947	150	1	1.21e-68	267
NC_011593.1:2598858-2601929	NB551033:137:HK33LBGX9:1:22110:9592:16891#0/2	98.667	150	2	0	307	456	150	1	1.21e-68	267
NC_011593.1:2598858-2601929	NB551033:137:HK33LBGX9:1:22101:16449:6973#0/2	98.667	150	2	0	1163	1312	1	150	1.21e-68	267
NC_011593.1:2598858-2601929	NB551033:137:HK33LBGX9:1:21208:25910:16802#0/2	98.667	150	2	0	1464	1613	1	150	1.21e-68	267
NC_011593.1:2598858-2601929	NB551033:137:HK33LBGX9:1:13312:17522:1155#0/2	98.667	150	2	0	1374	1523	1	150	1.21e-68	267
NC_011593.1:2598858-2601929	NB551033:137:HK33LBGX9:1:13205:18510:3433#0/2	98.667	150	2	0	1863	2012	1	150	1.21e-68	267
NC_011593.1:2598858-2601929	NB551033:137:HK33LBGX9:1:12109:2386:2761#0/2	98.667	150	2	0	1647	1796	1	150	1.21e-68	267
NC_011593.1:2598858-2601929	NB551033:137:HK33LBGX9:1:11201:12911:12606#0/2	98.667	150	2	0	2295	2444	1	150	1.21e-68	267
NC_011593.1:2598858-2601929	NB551033:137:HK33LBGX9:1:11101:15242:20257#0/2	98.667	150	2	0	880	1029	1	150	1.21e-68	267
NC_011593.1:2598858-2601929	NB551033:137:HK33LBGX9:4:23610:3136:5074#0/1	98.667	150	2	0	1623	1772	1	150	1.21e-68	267
NC_011593.1:2598858-2601929	NB551033:137:HK33LBGX9:4:23507:7280:7042#0/1	98.667	150	2	0	2545	2694	150	1	1.21e-68	267
NC_011593.1:2598858-2601929	NB551033:137:HK33LBGX9:4:22411:15474:10211#0/1	98.667	150	2	0	1772	1921	150	1	1.21e-68	267
NC_011593.1:2598858-2601929	NB551033:137:HK33LBGX9:4:21611:21989:5407#0/1	98.667	150	2	0	2255	2404	150	1	1.21e-68	267
NC_011593.1:2598858-2601929	NB551033:137:HK33LBGX9:4:21601:9864:3346#0/1	98.667	150	2	0	1772	1921	150	1	1.21e-68	267
NC_011593.1:2598858-2601929	NB551033:137:HK33LBGX9:4:21511:2307:13388#0/1	98.667	150	2	0	1588	1737	1	150	1.21e-68	267
NC_011593.1:2598858-2601929	NB551033:137:HK33LBGX9:4:21503:11338:8727#0/1	98.667	150	2	0	2826	2975	150	1	1.21e-68	267
NC_011593.1:2598858-2601929	NB551033:137:HK33LBGX9:4:13605:8986:16145#0/1	98.667	150	2	0	1192	1341	1	150	1.21e-68	267
NC_011593.1:2598858-2601929	NB551033:137:HK33LBGX9:4:13404:26481:10330#0/1	98.667	150	2	0	311	460	1	150	1.21e-68	267
NC_011593.1:2598858-2601929	NB551033:137:HK33LBGX9:2:21212:16417:4460#0/1	98.667	150	2	0	351	500	1	150	1.21e-68	267
NC_011593.1:2598858-2601929	NB551033:137:HK33LBGX9:2:21205:22603:17535#0/1	98.667	150	2	0	1469	1618	1	150	1.21e-68	267
NC_011593.1:2598858-2601929	NB551033:137:HK33LBGX9:2:13102:1990:13409#0/1	98.667	150	2	0	2295	2444	1	150	1.21e-68	267
NC_011593.1:2598858-2601929	NB551033:137:HK33LBGX9:2:12312:5138:3517#0/1	98.667	150	2	0	1923	2072	1	150	1.21e-68	267
NC_011593.1:2598858-2601929	NB551033:137:HK33LBGX9:2:11111:24658:5035#0/1	98.667	150	2	0	2539	2688	1	150	1.21e-68	267
NC_011593.1:2598858-2601929	NB551033:137:HK33LBGX9:2:11104:3108:12511#0/1	98.667	150	2	0	2496	2645	1	150	1.21e-68	267
NC_011593.1:2598858-2601929	NB551033:137:HK33LBGX9:1:22110:9592:16891#0/1	98.667	150	2	0	278	427	1	150	1.21e-68	267
NC_011593.1:2598858-2601929	NB551033:137:HK33LBGX9:1:22104:16715:17592#0/1	98.667	150	2	0	346	495	1	150	1.21e-68	267
NC_011593.1:2598858-2601929	NB551033:137:HK33LBGX9:1:21307:11041:7478#0/1	98.667	150	2	0	1450	1599	150	1	1.21e-68	267
NC_011593.1:2598858-2601929	NB551033:137:HK33LBGX9:1:21108:16313:9138#0/1	98.667	150	2	0	1688	1837	1	150	1.21e-68	267
NC_011593.1:2598858-2601929	NB551033:137:HK33LBGX9:1:13312:17522:1155#0/1	98.667	150	2	0	1470	1619	150	1	1.21e-68	267
NC_011593.1:2598858-2601929	NB551033:137:HK33LBGX9:4:13506:15897:14200#0/2	98.658	149	2	0	2261	2409	1	149	4.35e-68	265
NC_011593.1:2598858-2601929	NB551033:137:HK33LBGX9:2:21304:6612:18580#0/2	98.658	149	2	0	2000	2148	1	149	4.35e-68	265
NC_011593.1:2598858-2601929	NB551033:137:HK33LBGX9:1:22104:16715:17592#0/2	98.658	149	2	0	415	563	149	1	4.35e-68	265
NC_011593.1:2598858-2601929	NB551033:137:HK33LBGX9:4:13607:13723:1361#0/1	98.658	149	2	0	565	713	149	1	4.35e-68	265
NC_011593.1:2598858-2601929	NB551033:137:HK33LBGX9:4:12602:19733:12041#0/1	98.658	149	2	0	565	713	149	1	4.35e-68	265
NC_011593.1:2598858-2601929	NB551033:137:HK33LBGX9:4:12409:9879:18919#0/1	98.658	149	2	0	1264	1412	151	3	4.35e-68	265
NC_011593.1:2598858-2601929	NB551033:137:HK33LBGX9:4:11604:25294:16139#0/1	98.658	149	2	0	2546	2694	149	1	4.35e-68	265
NC_011593.1:2598858-2601929	NB551033:137:HK33LBGX9:3:13610:13770:19193#0/1	98.658	149	2	0	1702	1850	150	2	4.35e-68	265
NC_011593.1:2598858-2601929	NB551033:137:HK33LBGX9:3:11601:12316:19274#0/1	98.658	149	2	0	2483	2631	1	149	4.35e-68	265
NC_011593.1:2598858-2601929	NB551033:137:HK33LBGX9:2:21212:3081:2338#0/1	98.658	149	2	0	1240	1388	1	149	4.35e-68	265
NC_011593.1:2598858-2601929	NB551033:137:HK33LBGX9:1:11108:2540:20311#0/1	98.658	149	2	0	565	713	149	1	4.35e-68	265
NC_011593.1:2598858-2601929	NB551033:137:HK33LBGX9:4:13605:13837:17857#0/2	98.649	148	2	0	1865	2012	1	148	1.56e-67	263
NC_011593.1:2598858-2601929	NB551033:137:HK33LBGX9:4:13604:16016:18657#0/2	98.013	151	3	0	2295	2445	151	1	1.56e-67	263
NC_011593.1:2598858-2601929	NB551033:137:HK33LBGX9:4:13412:20514:15204#0/2	98.013	151	3	0	540	690	151	1	1.56e-67	263
NC_011593.1:2598858-2601929	NB551033:137:HK33LBGX9:4:11405:22740:18883#0/2	98.013	151	3	0	614	764	1	151	1.56e-67	263
NC_011593.1:2598858-2601929	NB551033:137:HK33LBGX9:3:23407:15395:8844#0/2	98.649	148	2	0	1454	1601	1	148	1.56e-67	263
NC_011593.1:2598858-2601929	NB551033:137:HK33LBGX9:3:13506:3453:10724#0/2	98.013	151	3	0	1893	2043	1	151	1.56e-67	263
NC_011593.1:2598858-2601929	NB551033:137:HK33LBGX9:3:12609:12979:4261#0/2	98.649	148	2	0	2851	2998	3	150	1.56e-67	263
NC_011593.1:2598858-2601929	NB551033:137:HK33LBGX9:3:11605:5597:17816#0/2	98.013	151	3	0	1109	1259	151	1	1.56e-67	263
NC_011593.1:2598858-2601929	NB551033:137:HK33LBGX9:3:11601:23957:20337#0/2	98.013	151	3	0	295	445	151	1	1.56e-67	263
NC_011593.1:2598858-2601929	NB551033:137:HK33LBGX9:2:13105:13811:3962#0/2	99.310	145	1	0	137	281	1	145	1.56e-67	263
NC_011593.1:2598858-2601929	NB551033:137:HK33LBGX9:2:12204:8691:14102#0/2	98.649	148	2	0	1861	2008	148	1	1.56e-67	263
NC_011593.1:2598858-2601929	NB551033:137:HK33LBGX9:2:11104:3108:12511#0/2	98.649	148	2	0	2903	3050	150	3	1.56e-67	263
NC_011593.1:2598858-2601929	NB551033:137:HK33LBGX9:4:21507:15139:13887#0/1	98.013	151	3	0	657	807	151	1	1.56e-67	263
NC_011593.1:2598858-2601929	NB551033:137:HK33LBGX9:4:13611:16265:17694#0/1	98.649	148	2	0	2903	3050	150	3	1.56e-67	263
NC_011593.1:2598858-2601929	NB551033:137:HK33LBGX9:4:12612:25399:13605#0/1	98.013	151	3	0	677	827	1	151	1.56e-67	263
NC_011593.1:2598858-2601929	NB551033:137:HK33LBGX9:4:11408:6799:4995#0/1	98.013	151	3	0	710	860	151	1	1.56e-67	263
NC_011593.1:2598858-2601929	NB551033:137:HK33LBGX9:4:11405:22740:18883#0/1	98.013	151	3	0	657	807	151	1	1.56e-67	263
NC_011593.1:2598858-2601929	NB551033:137:HK33LBGX9:4:11403:18711:1917#0/1	98.649	148	2	0	2851	2998	3	150	1.56e-67	263
NC_011593.1:2598858-2601929	NB551033:137:HK33LBGX9:3:22609:6263:18140#0/1	98.013	151	3	0	1710	1860	151	1	1.56e-67	263
NC_011593.1:2598858-2601929	NB551033:137:HK33LBGX9:3:12609:12979:4261#0/1	98.013	151	3	0	2919	3069	151	1	1.56e-67	263
NC_011593.1:2598858-2601929	NB551033:137:HK33LBGX9:3:12402:5135:8241#0/1	98.013	151	3	0	1292	1442	1	151	1.56e-67	263
NC_011593.1:2598858-2601929	NB551033:137:HK33LBGX9:2:21212:2210:16309#0/1	98.013	151	3	0	1872	2022	151	1	1.56e-67	263
NC_011593.1:2598858-2601929	NB551033:137:HK33LBGX9:2:13105:13811:3962#0/1	99.310	145	1	0	137	281	145	1	1.56e-67	263
NC_011593.1:2598858-2601929	NB551033:137:HK33LBGX9:1:22109:6592:16520#0/1	98.013	151	3	0	784	934	1	151	1.56e-67	263
NC_011593.1:2598858-2601929	NB551033:137:HK33LBGX9:1:22106:8928:10052#0/1	98.013	151	3	0	2830	2980	1	151	1.56e-67	263
NC_011593.1:2598858-2601929	NB551033:137:HK33LBGX9:1:21105:1839:13664#0/1	98.013	151	3	0	1292	1442	1	151	1.56e-67	263
NC_011593.1:2598858-2601929	NB551033:137:HK33LBGX9:4:22412:12239:2365#0/2	98.000	150	3	0	1873	2022	1	150	5.62e-67	261
NC_011593.1:2598858-2601929	NB551033:137:HK33LBGX9:4:21505:11412:10024#0/2	98.000	150	3	0	522	671	1	150	5.62e-67	261
NC_011593.1:2598858-2601929	NB551033:137:HK33LBGX9:4:13404:26481:10330#0/2	98.000	150	3	0	489	638	150	1	5.62e-67	261
NC_011593.1:2598858-2601929	NB551033:137:HK33LBGX9:4:12605:8172:10389#0/2	98.000	150	3	0	479	628	150	1	5.62e-67	261
NC_011593.1:2598858-2601929	NB551033:137:HK33LBGX9:4:11408:6799:4995#0/2	98.000	150	3	0	642	791	1	150	5.62e-67	261
NC_011593.1:2598858-2601929	NB551033:137:HK33LBGX9:3:12402:5135:8241#0/2	98.000	150	3	0	1313	1462	150	1	5.62e-67	261
NC_011593.1:2598858-2601929	NB551033:137:HK33LBGX9:3:11405:7279:17183#0/2	98.000	150	3	0	2161	2310	1	150	5.62e-67	261
NC_011593.1:2598858-2601929	NB551033:137:HK33LBGX9:2:23302:23120:11066#0/2	98.000	150	3	0	473	622	150	1	5.62e-67	261
NC_011593.1:2598858-2601929	NB551033:137:HK33LBGX9:2:21212:16417:4460#0/2	98.000	150	3	0	656	805	150	1	5.62e-67	261
NC_011593.1:2598858-2601929	NB551033:137:HK33LBGX9:2:21208:19215:15623#0/2	98.000	150	3	0	527	676	1	150	5.62e-67	261
NC_011593.1:2598858-2601929	NB551033:137:HK33LBGX9:1:22109:6592:16520#0/2	98.000	150	3	0	791	940	150	1	5.62e-67	261
NC_011593.1:2598858-2601929	NB551033:137:HK33LBGX9:1:21105:1839:13664#0/2	98.000	150	3	0	1328	1477	150	1	5.62e-67	261
NC_011593.1:2598858-2601929	NB551033:137:HK33LBGX9:1:13302:8322:6687#0/2	98.000	150	3	0	705	854	1	150	5.62e-67	261
NC_011593.1:2598858-2601929	NB551033:137:HK33LBGX9:1:12203:6868:10917#0/2	98.000	150	3	0	1107	1256	1	150	5.62e-67	261
NC_011593.1:2598858-2601929	NB551033:137:HK33LBGX9:1:11108:2540:20311#0/2	98.000	150	3	0	529	678	1	150	5.62e-67	261
NC_011593.1:2598858-2601929	NB551033:137:HK33LBGX9:4:22411:18182:2280#0/1	98.000	150	3	0	2036	2185	1	150	5.62e-67	261
NC_011593.1:2598858-2601929	NB551033:137:HK33LBGX9:4:13605:13837:17857#0/1	98.000	150	3	0	1881	2030	150	1	5.62e-67	261
NC_011593.1:2598858-2601929	NB551033:137:HK33LBGX9:4:13604:16016:18657#0/1	98.000	150	3	0	2147	2296	1	150	5.62e-67	261
NC_011593.1:2598858-2601929	NB551033:137:HK33LBGX9:4:13508:9937:5568#0/1	98.000	150	3	0	780	929	150	1	5.62e-67	261
NC_011593.1:2598858-2601929	NB551033:137:HK33LBGX9:4:12605:8172:10389#0/1	98.000	150	3	0	479	628	1	150	5.62e-67	261
NC_011593.1:2598858-2601929	NB551033:137:HK33LBGX9:3:13612:6154:11465#0/1	98.000	150	3	0	1313	1462	150	1	5.62e-67	261
NC_011593.1:2598858-2601929	NB551033:137:HK33LBGX9:3:13607:4574:3259#0/1	98.639	147	2	0	2489	2635	1	147	5.62e-67	261
NC_011593.1:2598858-2601929	NB551033:137:HK33LBGX9:3:13405:6719:14176#0/1	98.000	150	3	0	1722	1871	150	1	5.62e-67	261
NC_011593.1:2598858-2601929	NB551033:137:HK33LBGX9:3:11610:11439:17346#0/1	98.000	150	3	0	2555	2704	1	150	5.62e-67	261
NC_011593.1:2598858-2601929	NB551033:137:HK33LBGX9:2:23302:23120:11066#0/1	98.000	150	3	0	461	610	1	150	5.62e-67	261
NC_011593.1:2598858-2601929	NB551033:137:HK33LBGX9:2:21304:6612:18580#0/1	98.000	150	3	0	2306	2455	150	1	5.62e-67	261
NC_011593.1:2598858-2601929	NB551033:137:HK33LBGX9:2:21208:19215:15623#0/1	98.000	150	3	0	643	792	150	1	5.62e-67	261
NC_011593.1:2598858-2601929	NB551033:137:HK33LBGX9:2:12309:21895:5834#0/1	98.000	150	3	0	404	553	150	1	5.62e-67	261
NC_011593.1:2598858-2601929	NB551033:137:HK33LBGX9:2:11303:22319:16346#0/1	98.000	150	3	0	799	948	1	150	5.62e-67	261
NC_011593.1:2598858-2601929	NB551033:137:HK33LBGX9:2:11208:8687:7879#0/1	98.000	150	3	0	1873	2022	1	150	5.62e-67	261
NC_011593.1:2598858-2601929	NB551033:137:HK33LBGX9:2:11102:19718:6710#0/1	98.000	150	3	0	1824	1973	1	150	5.62e-67	261
NC_011593.1:2598858-2601929	NB551033:137:HK33LBGX9:1:22203:13521:6048#0/1	98.000	150	3	0	1724	1873	150	1	5.62e-67	261
NC_011593.1:2598858-2601929	NB551033:137:HK33LBGX9:1:21207:1763:14659#0/1	98.000	150	3	0	1271	1420	1	150	5.62e-67	261
NC_011593.1:2598858-2601929	NB551033:137:HK33LBGX9:1:12307:8876:15365#0/1	98.000	150	3	0	132	281	150	1	5.62e-67	261
NC_011593.1:2598858-2601929	NB551033:137:HK33LBGX9:1:12112:21790:1685#0/1	98.000	150	3	0	651	800	1	150	5.62e-67	261
NC_011593.1:2598858-2601929	NB551033:137:HK33LBGX9:1:12109:2386:2761#0/1	98.000	150	3	0	1710	1859	150	1	5.62e-67	261
NC_011593.1:2598858-2601929	NB551033:137:HK33LBGX9:4:21610:8216:7758#0/2	97.987	149	3	0	455	603	149	1	2.02e-66	259
NC_011593.1:2598858-2601929	NB551033:137:HK33LBGX9:2:13106:13955:3305#0/2	97.987	149	3	0	2724	2872	149	1	2.02e-66	259
NC_011593.1:2598858-2601929	NB551033:137:HK33LBGX9:1:21308:24231:17140#0/2	97.987	149	3	0	2574	2722	151	3	2.02e-66	259
NC_011593.1:2598858-2601929	NB551033:137:HK33LBGX9:4:13401:15508:3503#0/1	97.987	149	3	0	1925	2073	149	1	2.02e-66	259
NC_011593.1:2598858-2601929	NB551033:137:HK33LBGX9:1:22306:12922:2904#0/1	97.987	149	3	0	451	599	1	149	2.02e-66	259
NC_011593.1:2598858-2601929	NB551033:137:HK33LBGX9:1:11201:12911:12606#0/1	97.987	149	3	0	2724	2872	149	1	2.02e-66	259
NC_011593.1:2598858-2601929	NB551033:137:HK33LBGX9:4:21612:16264:3425#0/2	97.351	151	4	0	1339	1489	1	151	7.27e-66	257
NC_011593.1:2598858-2601929	NB551033:137:HK33LBGX9:4:13605:8986:16145#0/2	97.351	151	4	0	1350	1500	151	1	7.27e-66	257
NC_011593.1:2598858-2601929	NB551033:137:HK33LBGX9:1:23309:4728:18208#0/2	97.351	151	4	0	2653	2803	151	1	7.27e-66	257
NC_011593.1:2598858-2601929	NB551033:137:HK33LBGX9:1:21207:1763:14659#0/2	97.351	151	4	0	1337	1487	151	1	7.27e-66	257
NC_011593.1:2598858-2601929	NB551033:137:HK33LBGX9:4:23410:14176:10219#0/1	97.351	151	4	0	1337	1487	151	1	7.27e-66	257
NC_011593.1:2598858-2601929	NB551033:137:HK33LBGX9:4:23405:16840:9211#0/1	97.351	151	4	0	2058	2208	1	151	7.27e-66	257
NC_011593.1:2598858-2601929	NB551033:137:HK33LBGX9:4:21612:16264:3425#0/1	97.351	151	4	0	1350	1500	151	1	7.27e-66	257
NC_011593.1:2598858-2601929	NB551033:137:HK33LBGX9:4:21505:11412:10024#0/1	97.351	151	4	0	725	875	151	1	7.27e-66	257
NC_011593.1:2598858-2601929	NB551033:137:HK33LBGX9:4:21402:17017:1440#0/1	97.351	151	4	0	504	654	151	1	7.27e-66	257
NC_011593.1:2598858-2601929	NB551033:137:HK33LBGX9:2:23207:2045:7935#0/1	97.351	151	4	0	566	716	1	151	7.27e-66	257
NC_011593.1:2598858-2601929	NB551033:137:HK33LBGX9:1:12108:1685:11566#0/1	97.351	151	4	0	2135	2285	1	151	7.27e-66	257
NC_011593.1:2598858-2601929	NB551033:137:HK33LBGX9:4:23405:16840:9211#0/2	97.333	150	4	0	2142	2291	150	1	2.62e-65	255
NC_011593.1:2598858-2601929	NB551033:137:HK33LBGX9:4:22608:12435:4447#0/2	97.333	150	4	0	2085	2234	150	1	2.62e-65	255
NC_011593.1:2598858-2601929	NB551033:137:HK33LBGX9:4:21611:21989:5407#0/2	97.333	150	4	0	2083	2232	1	150	2.62e-65	255
NC_011593.1:2598858-2601929	NB551033:137:HK33LBGX9:4:13508:9937:5568#0/2	97.333	150	4	0	768	917	1	150	2.62e-65	255
NC_011593.1:2598858-2601929	NB551033:137:HK33LBGX9:4:13407:4273:2467#0/2	97.333	150	4	0	2147	2296	1	150	2.62e-65	255
NC_011593.1:2598858-2601929	NB551033:137:HK33LBGX9:4:11608:20422:1593#0/2	97.333	150	4	0	739	888	1	150	2.62e-65	255
NC_011593.1:2598858-2601929	NB551033:137:HK33LBGX9:4:11506:20270:19345#0/2	97.333	150	4	0	816	965	1	150	2.62e-65	255
NC_011593.1:2598858-2601929	NB551033:137:HK33LBGX9:3:13607:4574:3259#0/2	97.333	150	4	0	2612	2761	150	1	2.62e-65	255
NC_011593.1:2598858-2601929	NB551033:137:HK33LBGX9:3:11601:12316:19274#0/2	97.333	150	4	0	2612	2761	150	1	2.62e-65	255
NC_011593.1:2598858-2601929	NB551033:137:HK33LBGX9:2:12312:5138:3517#0/2	97.333	150	4	0	2078	2227	150	1	2.62e-65	255
NC_011593.1:2598858-2601929	NB551033:137:HK33LBGX9:2:11104:24093:19043#0/2	97.333	150	4	0	2085	2234	1	150	2.62e-65	255
NC_011593.1:2598858-2601929	NB551033:137:HK33LBGX9:2:11102:19718:6710#0/2	97.333	150	4	0	2083	2232	150	1	2.62e-65	255
NC_011593.1:2598858-2601929	NB551033:137:HK33LBGX9:1:12305:5879:7528#0/2	97.333	150	4	0	506	655	1	150	2.62e-65	255
NC_011593.1:2598858-2601929	NB551033:137:HK33LBGX9:1:12112:21790:1685#0/2	97.333	150	4	0	734	883	150	1	2.62e-65	255
NC_011593.1:2598858-2601929	NB551033:137:HK33LBGX9:4:22608:12435:4447#0/1	97.333	150	4	0	2078	2227	1	150	2.62e-65	255
NC_011593.1:2598858-2601929	NB551033:137:HK33LBGX9:4:22412:12239:2365#0/1	97.333	150	4	0	2149	2298	150	1	2.62e-65	255
NC_011593.1:2598858-2601929	NB551033:137:HK33LBGX9:3:21411:23318:16077#0/1	97.333	150	4	0	2077	2226	150	1	2.62e-65	255
NC_011593.1:2598858-2601929	NB551033:137:HK33LBGX9:3:12509:23065:8741#0/1	97.333	150	4	0	475	624	150	1	2.62e-65	255
NC_011593.1:2598858-2601929	NB551033:137:HK33LBGX9:2:13106:13955:3305#0/1	97.333	150	4	0	2650	2799	1	150	2.62e-65	255
NC_011593.1:2598858-2601929	NB551033:137:HK33LBGX9:1:23309:4728:18208#0/1	97.959	147	3	0	2576	2722	1	147	2.62e-65	255
NC_011593.1:2598858-2601929	NB551033:137:HK33LBGX9:4:12409:10567:20139#0/2	97.315	149	4	0	752	900	1	149	9.41e-65	254
NC_011593.1:2598858-2601929	NB551033:137:HK33LBGX9:3:11602:13948:11009#0/2	98.601	143	2	0	1163	1305	1	143	9.41e-65	254
NC_011593.1:2598858-2601929	NB551033:137:HK33LBGX9:1:12108:1685:11566#0/2	97.945	146	3	0	2158	2303	146	1	9.41e-65	254
NC_011593.1:2598858-2601929	NB551033:137:HK33LBGX9:1:11105:17874:17818#0/2	99.286	140	1	0	1	140	140	1	9.41e-65	254
NC_011593.1:2598858-2601929	NB551033:137:HK33LBGX9:3:13602:19217:5732#0/1	98.601	143	2	0	103	245	143	1	9.41e-65	254
NC_011593.1:2598858-2601929	NB551033:137:HK33LBGX9:3:11602:13948:11009#0/1	98.601	143	2	0	1163	1305	143	1	9.41e-65	254
NC_011593.1:2598858-2601929	NB551033:137:HK33LBGX9:2:12112:10865:12732#0/1	97.315	149	4	0	2052	2200	149	1	9.41e-65	254
NC_011593.1:2598858-2601929	NB551033:137:HK33LBGX9:2:11104:24093:19043#0/1	97.945	146	3	0	2158	2303	146	1	9.41e-65	254
NC_011593.1:2598858-2601929	NB551033:137:HK33LBGX9:1:21308:24231:17140#0/1	97.315	149	4	0	2519	2667	1	149	9.41e-65	254
NC_011593.1:2598858-2601929	NB551033:137:HK33LBGX9:3:11610:11439:17346#0/2	96.689	151	5	0	2635	2785	151	1	3.38e-64	252
NC_011593.1:2598858-2601929	NB551033:137:HK33LBGX9:3:13612:6154:11465#0/2	97.917	144	3	0	705	848	1	144	1.22e-63	250
NC_011593.1:2598858-2601929	NB551033:137:HK33LBGX9:1:11306:6081:7574#0/2	98.582	141	2	0	310	450	1	141	1.22e-63	250
NC_011593.1:2598858-2601929	NB551033:137:HK33LBGX9:1:11306:6081:7574#0/1	98.582	141	2	0	310	450	141	1	1.22e-63	250
NC_011593.1:2598858-2601929	NB551033:137:HK33LBGX9:1:12305:5879:7528#0/1	97.902	143	3	0	665	807	143	1	4.38e-63	248
NC_011593.1:2598858-2601929	NB551033:137:HK33LBGX9:1:21307:11041:7478#0/2	96.599	147	5	0	1349	1495	1	147	5.66e-62	244
NC_011593.1:2598858-2601929	NB551033:137:HK33LBGX9:4:21409:12183:3526#0/1	100.000	131	0	0	216	346	131	1	2.04e-61	243
NC_011593.1:2598858-2601929	NB551033:137:HK33LBGX9:1:13110:5169:4678#0/2	99.248	133	1	0	1	133	13	145	7.32e-61	241
NC_011593.1:2598858-2601929	NB551033:137:HK33LBGX9:1:13110:5169:4678#0/1	99.248	133	1	0	1	133	133	1	7.32e-61	241
NC_011593.1:2598858-2601929	NB551033:137:HK33LBGX9:4:22403:3408:12635#0/2	98.519	135	2	0	1660	1794	1	135	2.63e-60	239
NC_011593.1:2598858-2601929	NB551033:137:HK33LBGX9:4:22403:3408:12635#0/1	98.519	135	2	0	1660	1794	135	1	2.63e-60	239
NC_011593.1:2598858-2601929	NB551033:137:HK33LBGX9:2:21111:14544:15441#0/1	97.826	138	3	0	2935	3072	150	13	2.63e-60	239
NC_011593.1:2598858-2601929	NB551033:137:HK33LBGX9:2:23107:20133:17451#0/2	97.794	136	3	0	553	688	1	136	3.41e-59	235
NC_011593.1:2598858-2601929	NB551033:137:HK33LBGX9:2:23107:20133:17451#0/1	97.794	136	3	0	553	688	136	1	3.41e-59	235
NC_011593.1:2598858-2601929	NB551033:137:HK33LBGX9:3:22607:22614:16048#0/2	100.000	126	0	0	2206	2331	1	126	1.23e-58	233
NC_011593.1:2598858-2601929	NB551033:137:HK33LBGX9:1:23210:4611:6905#0/2	98.485	132	2	0	1782	1913	1	132	1.23e-58	233
NC_011593.1:2598858-2601929	NB551033:137:HK33LBGX9:3:22607:22614:16048#0/1	100.000	126	0	0	2206	2331	126	1	1.23e-58	233
NC_011593.1:2598858-2601929	NB551033:137:HK33LBGX9:4:13401:15508:3503#0/2	97.761	134	3	0	1721	1854	1	134	4.41e-58	231
NC_011593.1:2598858-2601929	NB551033:137:HK33LBGX9:1:23210:4611:6905#0/1	98.473	131	2	0	1783	1913	131	1	4.41e-58	231
NC_011593.1:2598858-2601929	NB551033:137:HK33LBGX9:4:12509:20810:12107#0/2	97.059	136	4	0	2091	2226	1	136	1.59e-57	230
NC_011593.1:2598858-2601929	NB551033:137:HK33LBGX9:1:21102:19907:10760#0/2	98.462	130	2	0	1812	1941	1	130	1.59e-57	230
NC_011593.1:2598858-2601929	NB551033:137:HK33LBGX9:1:21102:19907:10760#0/1	98.462	130	2	0	1812	1941	130	1	1.59e-57	230
NC_011593.1:2598858-2601929	NB551033:137:HK33LBGX9:3:22508:19602:12665#0/2	99.206	126	1	0	1	126	25	150	5.70e-57	228
NC_011593.1:2598858-2601929	NB551033:137:HK33LBGX9:4:11505:21216:11620#0/2	98.438	128	2	0	1623	1750	1	128	2.05e-56	226
NC_011593.1:2598858-2601929	NB551033:137:HK33LBGX9:4:11505:21216:11620#0/1	98.438	128	2	0	1623	1750	128	1	2.05e-56	226
NC_011593.1:2598858-2601929	NB551033:137:HK33LBGX9:2:23207:2045:7935#0/2	96.947	131	4	0	839	969	131	1	9.54e-55	220
NC_011593.1:2598858-2601929	NB551033:137:HK33LBGX9:2:12302:20068:4463#0/2	98.400	125	2	0	419	543	1	125	9.54e-55	220
NC_011593.1:2598858-2601929	NB551033:137:HK33LBGX9:3:22610:14106:15880#0/1	99.180	122	1	0	1	122	122	1	9.54e-55	220
NC_011593.1:2598858-2601929	NB551033:137:HK33LBGX9:2:12302:20068:4463#0/1	98.400	125	2	0	419	543	125	1	9.54e-55	220
NC_011593.1:2598858-2601929	NB551033:137:HK33LBGX9:2:23307:8332:19792#0/2	98.387	124	2	0	1623	1746	1	124	3.43e-54	219
NC_011593.1:2598858-2601929	NB551033:137:HK33LBGX9:2:23307:8332:19792#0/1	98.387	124	2	0	1623	1746	124	1	3.43e-54	219
NC_011593.1:2598858-2601929	NB551033:137:HK33LBGX9:2:13206:24113:7738#0/1	98.374	123	2	0	685	807	123	1	1.23e-53	217
NC_011593.1:2598858-2601929	NB551033:137:HK33LBGX9:3:23409:20413:14833#0/2	99.160	119	1	0	1760	1878	1	119	4.44e-53	215
NC_011593.1:2598858-2601929	NB551033:137:HK33LBGX9:3:23409:20413:14833#0/1	99.160	119	1	0	1760	1878	119	1	4.44e-53	215
NC_011593.1:2598858-2601929	NB551033:137:HK33LBGX9:2:13201:19586:12859#0/1	99.138	116	1	0	1107	1222	1	116	2.07e-51	209
NC_011593.1:2598858-2601929	NB551033:137:HK33LBGX9:3:13408:21236:2771#0/2	99.123	114	1	0	2053	2166	114	1	2.67e-50	206
NC_011593.1:2598858-2601929	NB551033:137:HK33LBGX9:3:13408:21236:2771#0/1	99.123	114	1	0	2053	2166	1	114	2.67e-50	206
NC_011593.1:2598858-2601929	NB551033:137:HK33LBGX9:1:12211:6603:20067#0/1	99.123	114	1	0	1435	1548	114	1	2.67e-50	206
NC_011593.1:2598858-2601929	NB551033:137:HK33LBGX9:4:13406:7974:13100#0/2	100.000	110	0	0	1	110	110	1	9.61e-50	204
NC_011593.1:2598858-2601929	NB551033:137:HK33LBGX9:2:13201:19586:12859#0/2	98.276	116	2	0	1107	1222	116	1	9.61e-50	204
NC_011593.1:2598858-2601929	NB551033:137:HK33LBGX9:4:13406:7974:13100#0/1	100.000	110	0	0	1	110	5	114	9.61e-50	204
NC_011593.1:2598858-2601929	NB551033:137:HK33LBGX9:3:11404:23855:4146#0/2	99.107	112	1	0	4	115	112	1	3.46e-49	202
NC_011593.1:2598858-2601929	NB551033:137:HK33LBGX9:1:12312:17768:10001#0/2	96.694	121	4	0	2140	2260	121	1	3.46e-49	202
NC_011593.1:2598858-2601929	NB551033:137:HK33LBGX9:1:13302:8322:6687#0/1	95.968	124	5	0	836	959	124	1	3.46e-49	202
NC_011593.1:2598858-2601929	NB551033:137:HK33LBGX9:1:12312:17768:10001#0/1	96.694	121	4	0	2140	2260	1	121	3.46e-49	202
NC_011593.1:2598858-2601929	NB551033:137:HK33LBGX9:1:22309:13511:18892#0/2	100.000	108	0	0	2036	2143	1	108	1.24e-48	200
NC_011593.1:2598858-2601929	NB551033:137:HK33LBGX9:1:22309:13511:18892#0/1	100.000	108	0	0	2036	2143	108	1	1.24e-48	200
NC_011593.1:2598858-2601929	NB551033:137:HK33LBGX9:4:11507:21361:14933#0/2	98.230	113	2	0	2279	2391	1	113	4.47e-48	198
NC_011593.1:2598858-2601929	NB551033:137:HK33LBGX9:1:23307:12876:10692#0/2	98.230	113	2	0	1190	1302	1	113	4.47e-48	198
NC_011593.1:2598858-2601929	NB551033:137:HK33LBGX9:4:11507:21361:14933#0/1	98.230	113	2	0	2279	2391	113	1	4.47e-48	198
NC_011593.1:2598858-2601929	NB551033:137:HK33LBGX9:1:23307:12876:10692#0/1	98.230	113	2	0	1190	1302	113	1	4.47e-48	198
NC_011593.1:2598858-2601929	NB551033:137:HK33LBGX9:1:21104:3938:7281#0/1	100.000	105	0	0	1	105	46	150	5.78e-47	195
NC_011593.1:2598858-2601929	NB551033:137:HK33LBGX9:4:12404:7867:4525#0/2	100.000	104	0	0	1045	1148	1	104	2.08e-46	193
NC_011593.1:2598858-2601929	NB551033:137:HK33LBGX9:4:11509:14038:6409#0/2	98.182	110	2	0	600	709	1	110	2.08e-46	193
NC_011593.1:2598858-2601929	NB551033:137:HK33LBGX9:2:11107:7315:7907#0/2	99.065	107	1	0	2055	2161	1	107	2.08e-46	193
NC_011593.1:2598858-2601929	NB551033:137:HK33LBGX9:1:11108:10593:1149#0/2	97.345	113	3	0	2960	3072	1	113	2.08e-46	193
NC_011593.1:2598858-2601929	NB551033:137:HK33LBGX9:4:12404:7867:4525#0/1	100.000	104	0	0	1045	1148	104	1	2.08e-46	193
NC_011593.1:2598858-2601929	NB551033:137:HK33LBGX9:4:11509:14038:6409#0/1	98.182	110	2	0	600	709	110	1	2.08e-46	193
NC_011593.1:2598858-2601929	NB551033:137:HK33LBGX9:2:11107:7315:7907#0/1	99.065	107	1	0	2055	2161	107	1	2.08e-46	193
NC_011593.1:2598858-2601929	NB551033:137:HK33LBGX9:1:11108:10593:1149#0/1	97.345	113	3	0	2960	3072	146	34	2.08e-46	193
NC_011593.1:2598858-2601929	NB551033:137:HK33LBGX9:2:22109:19518:19761#0/2	98.165	109	2	0	1386	1494	1	109	7.48e-46	191
NC_011593.1:2598858-2601929	NB551033:137:HK33LBGX9:2:12212:19504:19881#0/2	100.000	103	0	0	1013	1115	103	1	7.48e-46	191
NC_011593.1:2598858-2601929	NB551033:137:HK33LBGX9:2:22109:19518:19761#0/1	98.165	109	2	0	1386	1494	109	1	7.48e-46	191
NC_011593.1:2598858-2601929	NB551033:137:HK33LBGX9:2:12212:19504:19881#0/1	100.000	103	0	0	1013	1115	1	103	7.48e-46	191
NC_011593.1:2598858-2601929	NB551033:137:HK33LBGX9:3:11406:2757:2987#0/2	99.048	105	1	0	1635	1739	105	1	2.69e-45	189
NC_011593.1:2598858-2601929	NB551033:137:HK33LBGX9:1:11110:4270:5089#0/2	99.048	105	1	0	300	404	105	1	2.69e-45	189
NC_011593.1:2598858-2601929	NB551033:137:HK33LBGX9:3:11406:2757:2987#0/1	99.048	105	1	0	1635	1739	1	105	2.69e-45	189
NC_011593.1:2598858-2601929	NB551033:137:HK33LBGX9:1:11303:17462:7822#0/2	96.460	113	4	0	246	358	113	1	9.68e-45	187
NC_011593.1:2598858-2601929	NB551033:137:HK33LBGX9:1:13205:18510:3433#0/1	95.690	116	5	0	2096	2211	116	1	9.68e-45	187
NC_011593.1:2598858-2601929	NB551033:137:HK33LBGX9:1:11110:4270:5089#0/1	99.038	104	1	0	300	403	1	104	9.68e-45	187
NC_011593.1:2598858-2601929	NB551033:137:HK33LBGX9:1:23202:9659:17231#0/2	98.113	106	2	0	2509	2614	106	1	3.48e-44	185
NC_011593.1:2598858-2601929	NB551033:137:HK33LBGX9:1:23202:9659:17231#0/1	98.113	106	2	0	2509	2614	1	106	3.48e-44	185
NC_011593.1:2598858-2601929	NB551033:137:HK33LBGX9:4:23509:10464:20324#0/2	98.095	105	2	0	2576	2680	1	105	1.25e-43	183
NC_011593.1:2598858-2601929	NB551033:137:HK33LBGX9:1:23206:8214:20205#0/2	100.000	99	0	0	1	99	46	144	1.25e-43	183
NC_011593.1:2598858-2601929	NB551033:137:HK33LBGX9:4:23509:10464:20324#0/1	98.095	105	2	0	2576	2680	105	1	1.25e-43	183
NC_011593.1:2598858-2601929	NB551033:137:HK33LBGX9:1:23206:8214:20205#0/1	100.000	99	0	0	1	99	99	1	1.25e-43	183
NC_011593.1:2598858-2601929	NB551033:137:HK33LBGX9:2:22211:12838:17422#0/1	99.010	101	1	0	905	1005	1	101	4.50e-43	182
NC_011593.1:2598858-2601929	NB551033:137:HK33LBGX9:4:23609:22621:11565#0/2	96.226	106	4	0	2650	2755	106	1	7.53e-41	174
NC_011593.1:2598858-2601929	NB551033:137:HK33LBGX9:4:23609:22621:11565#0/1	96.226	106	4	0	2650	2755	1	106	7.53e-41	174
NC_011593.1:2598858-2601929	NB551033:137:HK33LBGX9:4:11501:7605:2220#0/2	97.059	102	3	0	2971	3072	1	102	2.71e-40	172
NC_011593.1:2598858-2601929	NB551033:137:HK33LBGX9:2:23210:9197:7950#0/2	97.059	102	3	0	799	900	1	102	2.71e-40	172
NC_011593.1:2598858-2601929	NB551033:137:HK33LBGX9:2:22211:12838:17422#0/2	98.958	96	1	0	912	1007	96	1	2.71e-40	172
NC_011593.1:2598858-2601929	NB551033:137:HK33LBGX9:4:11602:15407:16966#0/2	98.925	93	1	0	31	123	1	93	1.26e-38	167
NC_011593.1:2598858-2601929	NB551033:137:HK33LBGX9:3:13406:18651:15133#0/2	100.000	90	0	0	1	90	90	1	1.26e-38	167
NC_011593.1:2598858-2601929	NB551033:137:HK33LBGX9:2:23205:6106:4588#0/2	98.925	93	1	0	168	260	93	1	1.26e-38	167
NC_011593.1:2598858-2601929	NB551033:137:HK33LBGX9:2:21209:9024:18897#0/2	100.000	90	0	0	2458	2547	90	1	1.26e-38	167
NC_011593.1:2598858-2601929	NB551033:137:HK33LBGX9:4:11602:15407:16966#0/1	98.925	93	1	0	31	123	93	1	1.26e-38	167
NC_011593.1:2598858-2601929	NB551033:137:HK33LBGX9:2:23205:6106:4588#0/1	98.925	93	1	0	168	260	1	93	1.26e-38	167
NC_011593.1:2598858-2601929	NB551033:137:HK33LBGX9:2:21209:9024:18897#0/1	100.000	90	0	0	2458	2547	1	90	1.26e-38	167
NC_011593.1:2598858-2601929	NB551033:137:HK33LBGX9:4:11604:1358:14232#0/2	97.872	94	2	0	1292	1385	94	1	1.63e-37	163
NC_011593.1:2598858-2601929	NB551033:137:HK33LBGX9:4:11604:1358:14232#0/1	97.872	94	2	0	1292	1385	1	94	1.63e-37	163
NC_011593.1:2598858-2601929	NB551033:137:HK33LBGX9:4:11603:26803:14239#0/1	97.872	94	2	0	1292	1385	1	94	1.63e-37	163
NC_011593.1:2598858-2601929	NB551033:137:HK33LBGX9:3:23508:16596:6355#0/2	96.875	96	3	0	486	581	1	96	5.86e-37	161
NC_011593.1:2598858-2601929	NB551033:137:HK33LBGX9:3:13502:18173:18809#0/2	100.000	87	0	0	2218	2304	1	87	5.86e-37	161
NC_011593.1:2598858-2601929	NB551033:137:HK33LBGX9:3:23508:16596:6355#0/1	96.875	96	3	0	486	581	96	1	5.86e-37	161
NC_011593.1:2598858-2601929	NB551033:137:HK33LBGX9:3:13502:18173:18809#0/1	100.000	87	0	0	2218	2304	87	1	5.86e-37	161
NC_011593.1:2598858-2601929	NB551033:137:HK33LBGX9:4:11603:26803:14239#0/2	96.809	94	3	0	1292	1385	94	1	2.11e-36	159
NC_011593.1:2598858-2601929	NB551033:137:HK33LBGX9:1:21302:7010:13668#0/2	97.778	90	2	0	1190	1279	1	90	2.73e-35	156
NC_011593.1:2598858-2601929	NB551033:137:HK33LBGX9:1:21302:7010:13668#0/1	97.778	90	2	0	1190	1279	90	1	2.73e-35	156
NC_011593.1:2598858-2601929	NB551033:137:HK33LBGX9:3:23610:14345:11957#0/2	97.753	89	2	0	1951	2039	1	89	9.81e-35	154
NC_011593.1:2598858-2601929	NB551033:137:HK33LBGX9:3:23610:14345:11957#0/1	98.837	86	1	0	1954	2039	86	1	9.81e-35	154
NC_011593.1:2598858-2601929	NB551033:137:HK33LBGX9:2:23306:23219:13975#0/2	98.824	85	1	0	137	221	85	1	3.53e-34	152
NC_011593.1:2598858-2601929	NB551033:137:HK33LBGX9:2:23306:23219:13975#0/1	98.824	85	1	0	137	221	1	85	3.53e-34	152
NC_011593.1:2598858-2601929	NB551033:137:HK33LBGX9:4:23411:7796:11666#0/2	98.780	82	1	0	318	399	1	82	1.64e-32	147
NC_011593.1:2598858-2601929	NB551033:137:HK33LBGX9:2:21112:13084:9657#0/2	97.647	85	2	0	2562	2646	85	1	1.64e-32	147
NC_011593.1:2598858-2601929	NB551033:137:HK33LBGX9:4:23411:7796:11666#0/1	98.780	82	1	0	318	399	82	1	1.64e-32	147
NC_011593.1:2598858-2601929	NB551033:137:HK33LBGX9:2:21112:13084:9657#0/1	97.647	85	2	0	2562	2646	1	85	1.64e-32	147
NC_011593.1:2598858-2601929	NB551033:137:HK33LBGX9:1:12110:21922:15808#0/1	97.647	85	2	0	2988	3072	1	85	1.64e-32	147
NC_011593.1:2598858-2601929	NB551033:137:HK33LBGX9:1:12211:6603:20067#0/2	98.718	78	1	0	1435	1512	1	78	2.75e-30	139
NC_011593.1:2598858-2601929	NB551033:137:HK33LBGX9:1:13307:23687:2440#0/2	100.000	73	0	0	1	73	73	1	3.55e-29	135
NC_011593.1:2598858-2601929	NB551033:137:HK33LBGX9:1:13307:23687:2440#0/1	100.000	73	0	0	1	73	13	85	3.55e-29	135
NC_011593.1:2598858-2601929	NB551033:137:HK33LBGX9:1:23102:4225:16441#0/2	97.436	78	2	0	2529	2606	78	1	1.28e-28	134
NC_011593.1:2598858-2601929	NB551033:137:HK33LBGX9:4:12509:20810:12107#0/1	96.296	81	3	0	2146	2226	81	1	1.28e-28	134
NC_011593.1:2598858-2601929	NB551033:137:HK33LBGX9:1:23102:4225:16441#0/1	97.436	78	2	0	2529	2606	1	78	1.28e-28	134
NC_011593.1:2598858-2601929	NB551033:137:HK33LBGX9:3:11601:23957:20337#0/1	100.000	69	0	0	1	69	24	92	5.95e-27	128
NC_011593.1:2598858-2601929	NB551033:137:HK33LBGX9:2:13204:13789:17831#0/1	100.000	68	0	0	1	68	68	1	2.14e-26	126
NC_011593.1:2598858-2601929	NB551033:137:HK33LBGX9:3:21603:24287:16908#0/2	100.000	67	0	0	1	67	67	1	7.69e-26	124
NC_011593.1:2598858-2601929	NB551033:137:HK33LBGX9:4:13507:20760:2942#0/1	100.000	39	0	0	1	39	39	1	2.83e-10	73.1
NC_011593.1:2598858-2601929	NB551033:137:HK33LBGX9:4:11612:26516:5901#0/2	100.000	37	0	0	1	37	37	1	3.66e-09	69.4
# BLASTN 2.9.0+
# Query: NC_011593.1:c2604454-2602106 Bifidobacterium longum subsp. infantis ATCC 15697, complete genome
# Database: db/blast_C0682-3F-1A_S82.faa
# 0 hits found
# BLASTN 2.9.0+
# Query: NC_011593.1:c2605922-2604486 Bifidobacterium longum subsp. infantis ATCC 15697, complete genome
# Database: db/blast_C0682-3F-1A_S82.faa
# 0 hits found
# BLASTN 2.9.0+
# Query: NC_011593.1:c2606381-2605944 Bifidobacterium longum subsp. infantis ATCC 15697, complete genome
# Database: db/blast_C0682-3F-1A_S82.faa
# 0 hits found
# BLASTN 2.9.0+
# Query: NC_011593.1:c2607314-2606418 Bifidobacterium longum subsp. infantis ATCC 15697, complete genome
# Database: db/blast_C0682-3F-1A_S82.faa
# 0 hits found
# BLASTN 2.9.0+
# Query: NC_011593.1:c2608249-2607458 Bifidobacterium longum subsp. infantis ATCC 15697, complete genome
# Database: db/blast_C0682-3F-1A_S82.faa
# 0 hits found
# BLASTN 2.9.0+
# Query: NC_011593.1:c2609546-2608269 Bifidobacterium longum subsp. infantis ATCC 15697, complete genome
# Database: db/blast_C0682-3F-1A_S82.faa
# 0 hits found
# BLASTN 2.9.0+
# Query: NC_011593.1:c2610356-2609697 Bifidobacterium longum subsp. infantis ATCC 15697, complete genome
# Database: db/blast_C0682-3F-1A_S82.faa
# 0 hits found
# BLASTN 2.9.0+
# Query: NC_011593.1:c2611458-2610496 Bifidobacterium longum subsp. infantis ATCC 15697, complete genome
# Database: db/blast_C0682-3F-1A_S82.faa
# 0 hits found
# BLASTN 2.9.0+
# Query: NC_011593.1:c2612430-2611477 Bifidobacterium longum subsp. infantis ATCC 15697, complete genome
# Database: db/blast_C0682-3F-1A_S82.faa
# 0 hits found
# BLASTN 2.9.0+
# Query: NC_011593.1:c2614109-2612517 Bifidobacterium longum subsp. infantis ATCC 15697, complete genome
# Database: db/blast_C0682-3F-1A_S82.faa
# 0 hits found
# BLASTN 2.9.0+
# Query: NC_011593.1:c2615274-2614312 Bifidobacterium longum subsp. infantis ATCC 15697, complete genome
# Database: db/blast_C0682-3F-1A_S82.faa
# 0 hits found
# BLASTN 2.9.0+
# Query: NC_011593.1:c2616246-2615293 Bifidobacterium longum subsp. infantis ATCC 15697, complete genome
# Database: db/blast_C0682-3F-1A_S82.faa
# 0 hits found
# BLASTN 2.9.0+
# Query: NC_011593.1:c2617928-2616333 Bifidobacterium longum subsp. infantis ATCC 15697, complete genome
# Database: db/blast_C0682-3F-1A_S82.faa
# 0 hits found
# BLASTN 2.9.0+
# Query: NC_011593.1:c2619247-2618063 Bifidobacterium longum subsp. infantis ATCC 15697, complete genome
# Database: db/blast_C0682-3F-1A_S82.faa
# 0 hits found
# BLASTN 2.9.0+
# Query: NC_011593.1:c2620369-2619413 Bifidobacterium longum subsp. infantis ATCC 15697, complete genome
# Database: db/blast_C0682-3F-1A_S82.faa
# 0 hits found
# BLASTN 2.9.0+
# Query: NC_011593.1:c2622143-2620551 Bifidobacterium longum subsp. infantis ATCC 15697, complete genome
# Database: db/blast_C0682-3F-1A_S82.faa
# 0 hits found
# BLASTN 2.9.0+
# Query: NC_011593.1:c2624124-2622520 Bifidobacterium longum subsp. infantis ATCC 15697, complete genome
# Database: db/blast_C0682-3F-1A_S82.faa
# 0 hits found
# BLASTN 2.9.0+
# Query: NC_011593.1:c2626110-2624512 Bifidobacterium longum subsp. infantis ATCC 15697, complete genome
# Database: db/blast_C0682-3F-1A_S82.faa
# 0 hits found
# BLASTN 2.9.0+
# Query: NC_011593.1:c2626386-2626264 Bifidobacterium longum subsp. infantis ATCC 15697, complete genome
# Database: db/blast_C0682-3F-1A_S82.faa
# 0 hits found
# BLASTN 2.9.0+
# Query: NC_011593.1:c2628158-2626563 Bifidobacterium longum subsp. infantis ATCC 15697, complete genome
# Database: db/blast_C0682-3F-1A_S82.faa
# 0 hits found
# BLASTN 2.9.0+
# Query: NC_011593.1:c2630269-2628314 Bifidobacterium longum subsp. infantis ATCC 15697, complete genome
# Database: db/blast_C0682-3F-1A_S82.faa
# 0 hits found
# BLASTN 2.9.0+
# Query: NC_011593.1:c2631106-2630366 Bifidobacterium longum subsp. infantis ATCC 15697, complete genome
# Database: db/blast_C0682-3F-1A_S82.faa
# 0 hits found
# BLASTN 2.9.0+
# Query: NC_011593.1:c2632432-2631140 Bifidobacterium longum subsp. infantis ATCC 15697, complete genome
# Database: db/blast_C0682-3F-1A_S82.faa
# 0 hits found
# BLASTN 2.9.0+
# Query: NC_011593.1:c2633881-2632562 Bifidobacterium longum subsp. infantis ATCC 15697, complete genome
# Database: db/blast_C0682-3F-1A_S82.faa
# 0 hits found
# BLASTN 2.9.0+
# Query: NC_011593.1:c2634683-2633865 Bifidobacterium longum subsp. infantis ATCC 15697, complete genome
# Database: db/blast_C0682-3F-1A_S82.faa
# 0 hits found
# BLASTN 2.9.0+
# Query: NC_011593.1:c2635627-2634680 Bifidobacterium longum subsp. infantis ATCC 15697, complete genome
# Database: db/blast_C0682-3F-1A_S82.faa
# 0 hits found
# BLASTN 2.9.0+
# Query: NC_011593.1:c2636747-2635629 Bifidobacterium longum subsp. infantis ATCC 15697, complete genome
# Database: db/blast_C0682-3F-1A_S82.faa
# 0 hits found
# BLAST processed 31 queries
