# BLASTN 2.9.0+
# Query: NC_011593.1:c2595355-2593832 Bifidobacterium longum subsp. infantis ATCC 15697, complete genome
# Database: db/blast_C0686-1E-1A_S13.faa
# Fields: query acc.ver, subject acc.ver, % identity, alignment length, mismatches, gap opens, q. start, q. end, s. start, s. end, evalue, bit score
# 84 hits found
NC_011593.1:c2595355-2593832	NB551033:109:HG7V5BGX9:4:12606:14292:13597#0/1	98.013	151	3	0	111	261	1	151	7.50e-68	263
NC_011593.1:c2595355-2593832	NB551033:109:HG7V5BGX9:1:11311:19450:7667#0/1	98.013	151	3	0	391	541	151	1	7.50e-68	263
NC_011593.1:c2595355-2593832	NB551033:109:HG7V5BGX9:4:23603:6099:7111#0/2	98.000	150	3	0	1111	1260	1	150	2.70e-67	261
NC_011593.1:c2595355-2593832	NB551033:109:HG7V5BGX9:2:23108:14314:8546#0/2	98.000	150	3	0	695	844	1	150	2.70e-67	261
NC_011593.1:c2595355-2593832	NB551033:109:HG7V5BGX9:3:21412:23098:4918#0/1	98.000	150	3	0	1093	1242	150	1	2.70e-67	261
NC_011593.1:c2595355-2593832	NB551033:109:HG7V5BGX9:3:11604:8878:4867#0/1	98.639	147	2	0	472	618	147	1	2.70e-67	261
NC_011593.1:c2595355-2593832	NB551033:109:HG7V5BGX9:4:12603:12881:16774#0/2	97.987	149	3	0	554	702	1	149	9.71e-67	259
NC_011593.1:c2595355-2593832	NB551033:109:HG7V5BGX9:2:22103:20685:7260#0/1	97.987	149	3	0	393	541	149	1	9.71e-67	259
NC_011593.1:c2595355-2593832	NB551033:109:HG7V5BGX9:1:13308:23581:9138#0/2	98.621	145	2	0	387	531	145	1	3.49e-66	257
NC_011593.1:c2595355-2593832	NB551033:109:HG7V5BGX9:2:22208:10317:1874#0/2	97.333	150	4	0	75	224	1	150	1.26e-65	255
NC_011593.1:c2595355-2593832	NB551033:109:HG7V5BGX9:2:12109:20724:16963#0/1	97.333	150	4	0	840	989	150	1	1.26e-65	255
NC_011593.1:c2595355-2593832	NB551033:109:HG7V5BGX9:1:12101:7416:9998#0/1	98.611	144	2	0	928	1071	144	1	1.26e-65	255
NC_011593.1:c2595355-2593832	NB551033:109:HG7V5BGX9:2:13203:2011:20172#0/2	97.931	145	3	0	803	947	145	1	1.62e-64	252
NC_011593.1:c2595355-2593832	NB551033:109:HG7V5BGX9:1:11311:19450:7667#0/2	96.689	151	5	0	328	478	1	151	1.62e-64	252
NC_011593.1:c2595355-2593832	NB551033:109:HG7V5BGX9:3:22609:7882:15041#0/1	97.297	148	4	0	60	207	148	1	1.62e-64	252
NC_011593.1:c2595355-2593832	NB551033:109:HG7V5BGX9:2:23108:14314:8546#0/1	96.689	151	5	0	707	857	151	1	1.62e-64	252
NC_011593.1:c2595355-2593832	NB551033:109:HG7V5BGX9:1:13308:23581:9138#0/1	97.931	145	3	0	387	531	1	145	1.62e-64	252
NC_011593.1:c2595355-2593832	NB551033:109:HG7V5BGX9:3:13511:4300:12919#0/2	96.667	150	5	0	319	468	150	1	5.84e-64	250
NC_011593.1:c2595355-2593832	NB551033:109:HG7V5BGX9:3:11604:8878:4867#0/2	97.279	147	4	0	472	618	1	147	5.84e-64	250
NC_011593.1:c2595355-2593832	NB551033:109:HG7V5BGX9:2:22103:20685:7260#0/2	96.667	150	5	0	323	472	1	150	5.84e-64	250
NC_011593.1:c2595355-2593832	NB551033:109:HG7V5BGX9:2:12109:20724:16963#0/2	96.667	150	5	0	672	821	1	150	5.84e-64	250
NC_011593.1:c2595355-2593832	NB551033:109:HG7V5BGX9:3:21506:8693:19710#0/1	96.667	150	5	0	328	477	1	150	5.84e-64	250
NC_011593.1:c2595355-2593832	NB551033:109:HG7V5BGX9:3:13511:4300:12919#0/1	96.667	150	5	0	318	467	1	150	5.84e-64	250
NC_011593.1:c2595355-2593832	NB551033:109:HG7V5BGX9:2:23201:11620:4120#0/1	96.667	150	5	0	672	821	1	150	5.84e-64	250
NC_011593.1:c2595355-2593832	NB551033:109:HG7V5BGX9:2:22208:10317:1874#0/1	96.667	150	5	0	152	301	150	1	5.84e-64	250
NC_011593.1:c2595355-2593832	NB551033:109:HG7V5BGX9:2:13304:19086:5718#0/1	96.667	150	5	0	136	285	1	150	5.84e-64	250
NC_011593.1:c2595355-2593832	NB551033:109:HG7V5BGX9:3:12601:4982:1887#0/2	97.902	143	3	0	768	910	1	143	2.10e-63	248
NC_011593.1:c2595355-2593832	NB551033:109:HG7V5BGX9:3:12601:4982:1887#0/1	97.902	143	3	0	768	910	143	1	2.10e-63	248
NC_011593.1:c2595355-2593832	NB551033:109:HG7V5BGX9:3:23602:21243:5118#0/2	97.241	145	4	0	1274	1418	147	3	7.56e-63	246
NC_011593.1:c2595355-2593832	NB551033:109:HG7V5BGX9:2:13304:19086:5718#0/2	96.026	151	6	0	176	326	151	1	7.56e-63	246
NC_011593.1:c2595355-2593832	NB551033:109:HG7V5BGX9:4:11507:12737:14731#0/1	96.000	150	6	0	323	472	1	150	2.72e-62	244
NC_011593.1:c2595355-2593832	NB551033:109:HG7V5BGX9:4:22408:21444:12121#0/2	97.857	140	3	0	897	1036	140	1	9.78e-62	243
NC_011593.1:c2595355-2593832	NB551033:109:HG7V5BGX9:4:12606:14292:13597#0/2	95.302	149	7	0	259	407	149	1	4.55e-60	237
NC_011593.1:c2595355-2593832	NB551033:109:HG7V5BGX9:1:23302:10696:2803#0/1	99.231	130	1	0	721	850	130	1	1.64e-59	235
NC_011593.1:c2595355-2593832	NB551033:109:HG7V5BGX9:4:23603:6099:7111#0/1	97.101	138	4	0	1271	1408	138	1	5.88e-59	233
NC_011593.1:c2595355-2593832	NB551033:109:HG7V5BGX9:4:23503:23300:14329#0/2	99.200	125	1	0	372	496	125	1	9.85e-57	226
NC_011593.1:c2595355-2593832	NB551033:109:HG7V5BGX9:2:13111:18637:15217#0/2	97.710	131	3	0	999	1129	132	2	9.85e-57	226
NC_011593.1:c2595355-2593832	NB551033:109:HG7V5BGX9:4:23503:23300:14329#0/1	99.200	125	1	0	372	496	1	125	9.85e-57	226
NC_011593.1:c2595355-2593832	NB551033:109:HG7V5BGX9:2:13111:18637:15217#0/1	97.710	131	3	0	999	1129	1	131	9.85e-57	226
NC_011593.1:c2595355-2593832	NB551033:109:HG7V5BGX9:1:23302:10696:2803#0/2	98.400	125	2	0	715	839	1	125	4.58e-55	220
NC_011593.1:c2595355-2593832	NB551033:109:HG7V5BGX9:2:23201:11620:4120#0/2	99.174	121	1	0	737	857	121	1	1.65e-54	219
NC_011593.1:c2595355-2593832	NB551033:109:HG7V5BGX9:4:22610:16353:12412#0/2	97.581	124	3	0	841	964	124	1	7.67e-53	213
NC_011593.1:c2595355-2593832	NB551033:109:HG7V5BGX9:4:22610:16353:12412#0/1	97.581	124	3	0	841	964	1	124	7.67e-53	213
NC_011593.1:c2595355-2593832	NB551033:109:HG7V5BGX9:4:21411:12726:14285#0/1	97.561	123	3	0	94	216	123	1	2.76e-52	211
NC_011593.1:c2595355-2593832	NB551033:109:HG7V5BGX9:4:21411:12726:14285#0/2	97.541	122	3	0	94	215	1	122	9.92e-52	209
NC_011593.1:c2595355-2593832	NB551033:109:HG7V5BGX9:4:13509:16981:8734#0/2	98.305	118	2	0	429	546	1	118	3.57e-51	207
NC_011593.1:c2595355-2593832	NB551033:109:HG7V5BGX9:4:11603:24009:17660#0/2	97.521	121	3	0	904	1024	3	123	3.57e-51	207
NC_011593.1:c2595355-2593832	NB551033:109:HG7V5BGX9:2:13307:1301:8393#0/2	97.521	121	3	0	810	930	1	121	3.57e-51	207
NC_011593.1:c2595355-2593832	NB551033:109:HG7V5BGX9:4:13509:16981:8734#0/1	98.305	118	2	0	429	546	118	1	3.57e-51	207
NC_011593.1:c2595355-2593832	NB551033:109:HG7V5BGX9:2:13307:1301:8393#0/1	97.521	121	3	0	810	930	121	1	3.57e-51	207
NC_011593.1:c2595355-2593832	NB551033:109:HG7V5BGX9:3:21412:23098:4918#0/2	98.276	116	2	0	1013	1128	1	116	4.61e-50	204
NC_011593.1:c2595355-2593832	NB551033:109:HG7V5BGX9:1:23104:22861:15676#0/1	95.968	124	5	0	158	281	124	1	1.66e-49	202
NC_011593.1:c2595355-2593832	NB551033:109:HG7V5BGX9:3:23602:21243:5118#0/1	98.230	113	2	0	1258	1370	1	113	2.15e-48	198
NC_011593.1:c2595355-2593832	NB551033:109:HG7V5BGX9:3:21506:8693:19710#0/2	98.214	112	2	0	480	591	114	3	7.72e-48	196
NC_011593.1:c2595355-2593832	NB551033:109:HG7V5BGX9:4:12601:21075:3352#0/2	97.222	108	3	0	1363	1470	1	108	6.01e-44	183
NC_011593.1:c2595355-2593832	NB551033:109:HG7V5BGX9:3:13406:11284:12809#0/2	96.396	111	4	0	1298	1408	111	1	6.01e-44	183
NC_011593.1:c2595355-2593832	NB551033:109:HG7V5BGX9:4:12601:21075:3352#0/1	97.222	108	3	0	1363	1470	142	35	6.01e-44	183
NC_011593.1:c2595355-2593832	NB551033:109:HG7V5BGX9:4:12603:12881:16774#0/1	96.364	110	4	0	685	794	110	1	2.16e-43	182
NC_011593.1:c2595355-2593832	NB551033:109:HG7V5BGX9:4:23412:13609:9857#0/2	97.143	105	3	0	1366	1470	150	46	2.80e-42	178
NC_011593.1:c2595355-2593832	NB551033:109:HG7V5BGX9:2:13203:2011:20172#0/1	98.039	102	2	0	801	902	1	102	2.80e-42	178
NC_011593.1:c2595355-2593832	NB551033:109:HG7V5BGX9:4:21601:22692:15654#0/2	100.000	95	0	0	548	642	1	95	1.01e-41	176
NC_011593.1:c2595355-2593832	NB551033:109:HG7V5BGX9:4:21601:22692:15654#0/1	100.000	95	0	0	548	642	95	1	1.01e-41	176
NC_011593.1:c2595355-2593832	NB551033:109:HG7V5BGX9:4:21603:19614:6608#0/2	97.059	102	3	0	490	591	102	1	1.30e-40	172
NC_011593.1:c2595355-2593832	NB551033:109:HG7V5BGX9:4:22408:21444:12121#0/1	97.980	99	2	0	897	995	1	99	1.30e-40	172
NC_011593.1:c2595355-2593832	NB551033:109:HG7V5BGX9:4:11507:12737:14731#0/2	98.947	95	1	0	391	485	95	1	4.68e-40	171
NC_011593.1:c2595355-2593832	NB551033:109:HG7V5BGX9:4:11405:4762:12336#0/2	97.917	96	2	0	1054	1149	1	96	6.05e-39	167
NC_011593.1:c2595355-2593832	NB551033:109:HG7V5BGX9:1:12311:24955:9350#0/2	96.970	99	3	0	347	445	99	1	6.05e-39	167
NC_011593.1:c2595355-2593832	NB551033:109:HG7V5BGX9:4:11405:4762:12336#0/1	97.917	96	2	0	1054	1149	96	1	6.05e-39	167
NC_011593.1:c2595355-2593832	NB551033:109:HG7V5BGX9:1:12106:26257:15801#0/2	96.875	96	3	0	862	957	96	1	2.82e-37	161
NC_011593.1:c2595355-2593832	NB551033:109:HG7V5BGX9:4:11603:24009:17660#0/1	98.889	90	1	0	995	1084	90	1	2.82e-37	161
NC_011593.1:c2595355-2593832	NB551033:109:HG7V5BGX9:1:12106:26257:15801#0/1	96.875	96	3	0	862	957	1	96	2.82e-37	161
NC_011593.1:c2595355-2593832	NB551033:109:HG7V5BGX9:4:21603:19614:6608#0/1	95.050	101	5	0	294	394	1	101	1.01e-36	159
NC_011593.1:c2595355-2593832	NB551033:109:HG7V5BGX9:3:11609:25945:15824#0/2	100.000	81	0	0	429	509	1	81	6.10e-34	150
NC_011593.1:c2595355-2593832	NB551033:109:HG7V5BGX9:3:11609:25945:15824#0/1	100.000	81	0	0	429	509	81	1	6.10e-34	150
NC_011593.1:c2595355-2593832	NB551033:109:HG7V5BGX9:1:12101:7416:9998#0/2	95.652	92	4	0	622	713	1	92	2.19e-33	148
NC_011593.1:c2595355-2593832	NB551033:109:HG7V5BGX9:4:23412:13609:9857#0/1	96.296	81	3	0	1290	1370	1	81	6.14e-29	134
NC_011593.1:c2595355-2593832	NB551033:109:HG7V5BGX9:1:22312:9203:3053#0/1	97.436	78	2	0	1393	1470	1	78	6.14e-29	134
NC_011593.1:c2595355-2593832	NB551033:109:HG7V5BGX9:1:11210:13685:2853#0/2	96.203	79	3	0	847	925	79	1	7.94e-28	130
NC_011593.1:c2595355-2593832	NB551033:109:HG7V5BGX9:1:11210:13685:2853#0/1	96.203	79	3	0	847	925	1	79	7.94e-28	130
NC_011593.1:c2595355-2593832	NB551033:109:HG7V5BGX9:3:13406:11284:12809#0/1	97.333	75	2	0	1296	1370	1	75	2.86e-27	128
NC_011593.1:c2595355-2593832	NB551033:109:HG7V5BGX9:3:13509:25409:5832#0/2	98.305	59	1	0	1412	1470	1	59	4.81e-20	104
NC_011593.1:c2595355-2593832	NB551033:109:HG7V5BGX9:3:13509:25409:5832#0/1	98.305	59	1	0	1412	1470	87	29	4.81e-20	104
NC_011593.1:c2595355-2593832	NB551033:109:HG7V5BGX9:2:12106:10515:5243#0/2	100.000	48	0	0	1423	1470	78	31	1.35e-15	89.8
NC_011593.1:c2595355-2593832	NB551033:109:HG7V5BGX9:2:12106:10515:5243#0/1	100.000	48	0	0	1423	1470	1	48	1.35e-15	89.8
# BLASTN 2.9.0+
# Query: NC_011593.1:c2597106-2595574 Bifidobacterium longum subsp. infantis ATCC 15697, complete genome
# Database: db/blast_C0686-1E-1A_S13.faa
# Fields: query acc.ver, subject acc.ver, % identity, alignment length, mismatches, gap opens, q. start, q. end, s. start, s. end, evalue, bit score
# 20 hits found
NC_011593.1:c2597106-2595574	NB551033:109:HG7V5BGX9:2:22103:20685:7260#0/1	95.804	143	6	0	398	540	144	2	2.13e-58	231
NC_011593.1:c2597106-2595574	NB551033:109:HG7V5BGX9:1:13308:23581:9138#0/2	95.172	145	7	0	387	531	145	1	7.66e-58	230
NC_011593.1:c2597106-2595574	NB551033:109:HG7V5BGX9:2:23207:4623:16639#0/1	95.935	123	5	0	1	123	27	149	6.00e-49	200
NC_011593.1:c2597106-2595574	NB551033:109:HG7V5BGX9:4:13509:16981:8734#0/2	95.536	112	5	0	429	540	1	112	7.82e-43	180
NC_011593.1:c2597106-2595574	NB551033:109:HG7V5BGX9:3:22609:7882:15041#0/2	95.455	110	5	0	1	110	37	146	1.01e-41	176
NC_011593.1:c2597106-2595574	NB551033:109:HG7V5BGX9:1:11204:21889:9424#0/2	95.327	107	5	0	8	114	107	1	4.71e-40	171
NC_011593.1:c2597106-2595574	NB551033:109:HG7V5BGX9:1:11204:21889:9424#0/1	95.327	107	5	0	8	114	1	107	4.71e-40	171
NC_011593.1:c2597106-2595574	NB551033:109:HG7V5BGX9:4:11507:12737:14731#0/2	96.842	95	3	0	391	485	95	1	1.02e-36	159
NC_011593.1:c2597106-2595574	NB551033:109:HG7V5BGX9:3:11609:25945:15824#0/2	98.765	81	1	0	429	509	1	81	2.85e-32	145
NC_011593.1:c2597106-2595574	NB551033:109:HG7V5BGX9:3:11609:25945:15824#0/1	98.765	81	1	0	429	509	81	1	2.85e-32	145
NC_011593.1:c2597106-2595574	NB551033:109:HG7V5BGX9:4:21410:4687:12911#0/2	100.000	72	0	0	1	72	72	1	6.18e-29	134
NC_011593.1:c2597106-2595574	NB551033:109:HG7V5BGX9:2:23210:23196:3446#0/2	100.000	72	0	0	1	72	72	1	6.18e-29	134
NC_011593.1:c2597106-2595574	NB551033:109:HG7V5BGX9:4:21410:4687:12911#0/1	100.000	72	0	0	1	72	52	123	6.18e-29	134
NC_011593.1:c2597106-2595574	NB551033:109:HG7V5BGX9:1:22312:9203:3053#0/1	97.436	78	2	0	1393	1470	1	78	6.18e-29	134
NC_011593.1:c2597106-2595574	NB551033:109:HG7V5BGX9:1:23104:22861:15676#0/2	100.000	60	0	0	1	60	66	125	2.89e-22	111
NC_011593.1:c2597106-2595574	NB551033:109:HG7V5BGX9:3:13509:25409:5832#0/2	98.305	59	1	0	1412	1470	1	59	4.84e-20	104
NC_011593.1:c2597106-2595574	NB551033:109:HG7V5BGX9:3:13509:25409:5832#0/1	98.305	59	1	0	1412	1470	87	29	4.84e-20	104
NC_011593.1:c2597106-2595574	NB551033:109:HG7V5BGX9:2:23210:23196:3446#0/1	100.000	55	0	0	1	55	96	150	1.74e-19	102
NC_011593.1:c2597106-2595574	NB551033:109:HG7V5BGX9:2:12106:10515:5243#0/2	100.000	48	0	0	1423	1470	78	31	1.36e-15	89.8
NC_011593.1:c2597106-2595574	NB551033:109:HG7V5BGX9:2:12106:10515:5243#0/1	100.000	48	0	0	1423	1470	1	48	1.36e-15	89.8
# BLASTN 2.9.0+
# Query: NC_011593.1:c2598562-2597207 Bifidobacterium longum subsp. infantis ATCC 15697, complete genome
# Database: db/blast_C0686-1E-1A_S13.faa
# Fields: query acc.ver, subject acc.ver, % identity, alignment length, mismatches, gap opens, q. start, q. end, s. start, s. end, evalue, bit score
# 104 hits found
NC_011593.1:c2598562-2597207	NB551033:109:HG7V5BGX9:3:12601:12569:2313#0/2	100.000	151	0	0	869	1019	151	1	6.61e-73	279
NC_011593.1:c2598562-2597207	NB551033:109:HG7V5BGX9:3:12410:8177:5563#0/2	100.000	151	0	0	890	1040	151	1	6.61e-73	279
NC_011593.1:c2598562-2597207	NB551033:109:HG7V5BGX9:3:11403:15805:3070#0/2	100.000	151	0	0	1195	1345	151	1	6.61e-73	279
NC_011593.1:c2598562-2597207	NB551033:109:HG7V5BGX9:2:21111:10727:16468#0/2	100.000	151	0	0	216	366	1	151	6.61e-73	279
NC_011593.1:c2598562-2597207	NB551033:109:HG7V5BGX9:2:11106:16479:3519#0/2	100.000	151	0	0	1195	1345	151	1	6.61e-73	279
NC_011593.1:c2598562-2597207	NB551033:109:HG7V5BGX9:3:11403:15805:3070#0/1	100.000	151	0	0	1150	1300	1	151	6.61e-73	279
NC_011593.1:c2598562-2597207	NB551033:109:HG7V5BGX9:2:13308:20354:3771#0/1	100.000	151	0	0	469	619	1	151	6.61e-73	279
NC_011593.1:c2598562-2597207	NB551033:109:HG7V5BGX9:3:22402:3643:15647#0/2	100.000	150	0	0	1123	1272	150	1	2.38e-72	278
NC_011593.1:c2598562-2597207	NB551033:109:HG7V5BGX9:3:12412:14913:9180#0/2	100.000	150	0	0	645	794	1	150	2.38e-72	278
NC_011593.1:c2598562-2597207	NB551033:109:HG7V5BGX9:2:23204:9204:9418#0/2	100.000	150	0	0	748	897	150	1	2.38e-72	278
NC_011593.1:c2598562-2597207	NB551033:109:HG7V5BGX9:2:13308:20354:3771#0/2	100.000	150	0	0	517	666	150	1	2.38e-72	278
NC_011593.1:c2598562-2597207	NB551033:109:HG7V5BGX9:1:21104:8807:7549#0/2	100.000	150	0	0	774	923	150	1	2.38e-72	278
NC_011593.1:c2598562-2597207	NB551033:109:HG7V5BGX9:1:21102:13326:1751#0/2	100.000	150	0	0	888	1037	150	1	2.38e-72	278
NC_011593.1:c2598562-2597207	NB551033:109:HG7V5BGX9:3:12601:12569:2313#0/1	100.000	150	0	0	645	794	1	150	2.38e-72	278
NC_011593.1:c2598562-2597207	NB551033:109:HG7V5BGX9:3:12412:14913:9180#0/1	100.000	150	0	0	800	949	150	1	2.38e-72	278
NC_011593.1:c2598562-2597207	NB551033:109:HG7V5BGX9:2:23204:9204:9418#0/1	100.000	150	0	0	720	869	1	150	2.38e-72	278
NC_011593.1:c2598562-2597207	NB551033:109:HG7V5BGX9:2:13110:8273:17628#0/1	100.000	150	0	0	613	762	1	150	2.38e-72	278
NC_011593.1:c2598562-2597207	NB551033:109:HG7V5BGX9:2:11106:16479:3519#0/1	100.000	150	0	0	1143	1292	1	150	2.38e-72	278
NC_011593.1:c2598562-2597207	NB551033:109:HG7V5BGX9:1:23109:6301:11732#0/1	100.000	150	0	0	671	820	1	150	2.38e-72	278
NC_011593.1:c2598562-2597207	NB551033:109:HG7V5BGX9:1:21102:13326:1751#0/1	100.000	150	0	0	877	1026	1	150	2.38e-72	278
NC_011593.1:c2598562-2597207	NB551033:109:HG7V5BGX9:4:11405:2652:4380#0/2	100.000	149	0	0	738	886	1	149	8.56e-72	276
NC_011593.1:c2598562-2597207	NB551033:109:HG7V5BGX9:3:12606:19509:18719#0/2	100.000	148	0	0	1198	1345	148	1	3.08e-71	274
NC_011593.1:c2598562-2597207	NB551033:109:HG7V5BGX9:3:12606:19509:18719#0/1	100.000	148	0	0	1198	1345	1	148	3.08e-71	274
NC_011593.1:c2598562-2597207	NB551033:109:HG7V5BGX9:1:23109:6301:11732#0/2	99.333	150	1	0	678	827	150	1	1.11e-70	272
NC_011593.1:c2598562-2597207	NB551033:109:HG7V5BGX9:3:22402:3643:15647#0/1	100.000	145	0	0	1058	1202	6	150	1.43e-69	268
NC_011593.1:c2598562-2597207	NB551033:109:HG7V5BGX9:3:11405:2389:1473#0/2	98.667	150	2	0	814	963	1	150	5.15e-69	267
NC_011593.1:c2598562-2597207	NB551033:109:HG7V5BGX9:4:11405:2652:4380#0/1	100.000	143	0	0	744	886	143	1	1.85e-68	265
NC_011593.1:c2598562-2597207	NB551033:109:HG7V5BGX9:3:12410:8177:5563#0/1	99.306	144	1	0	889	1032	1	144	2.40e-67	261
NC_011593.1:c2598562-2597207	NB551033:109:HG7V5BGX9:2:21107:15080:20259#0/2	100.000	140	0	0	315	454	140	1	8.62e-67	259
NC_011593.1:c2598562-2597207	NB551033:109:HG7V5BGX9:3:23512:15292:18191#0/1	99.301	143	1	0	1136	1278	1	143	8.62e-67	259
NC_011593.1:c2598562-2597207	NB551033:109:HG7V5BGX9:2:21107:15080:20259#0/1	99.291	141	1	0	314	454	1	141	1.11e-65	255
NC_011593.1:c2598562-2597207	NB551033:109:HG7V5BGX9:4:21502:18205:12939#0/2	100.000	133	0	0	1165	1297	133	1	6.71e-63	246
NC_011593.1:c2598562-2597207	NB551033:109:HG7V5BGX9:4:21502:18205:12939#0/1	100.000	133	0	0	1165	1297	1	133	6.71e-63	246
NC_011593.1:c2598562-2597207	NB551033:109:HG7V5BGX9:2:12303:20670:1345#0/2	100.000	132	0	0	1136	1267	132	1	2.41e-62	244
NC_011593.1:c2598562-2597207	NB551033:109:HG7V5BGX9:2:12303:20670:1345#0/1	100.000	132	0	0	1136	1267	1	132	2.41e-62	244
NC_011593.1:c2598562-2597207	NB551033:109:HG7V5BGX9:4:11611:14658:7995#0/1	98.540	137	2	0	907	1043	1	137	8.68e-62	243
NC_011593.1:c2598562-2597207	NB551033:109:HG7V5BGX9:3:23510:26311:14204#0/2	100.000	129	0	0	936	1064	1	129	1.12e-60	239
NC_011593.1:c2598562-2597207	NB551033:109:HG7V5BGX9:1:12104:6772:5541#0/2	100.000	124	0	0	1101	1224	124	1	6.76e-58	230
NC_011593.1:c2598562-2597207	NB551033:109:HG7V5BGX9:1:12104:6772:5541#0/1	100.000	124	0	0	1101	1224	1	124	6.76e-58	230
NC_011593.1:c2598562-2597207	NB551033:109:HG7V5BGX9:4:23605:2816:16269#0/2	99.200	125	1	0	166	290	125	1	8.74e-57	226
NC_011593.1:c2598562-2597207	NB551033:109:HG7V5BGX9:4:13606:9604:17768#0/2	99.194	124	1	0	754	877	124	1	3.14e-56	224
NC_011593.1:c2598562-2597207	NB551033:109:HG7V5BGX9:4:13606:9604:17768#0/1	99.194	124	1	0	754	877	1	124	3.14e-56	224
NC_011593.1:c2598562-2597207	NB551033:109:HG7V5BGX9:3:13601:12213:17051#0/2	100.000	120	0	0	1237	1356	1	120	1.13e-55	222
NC_011593.1:c2598562-2597207	NB551033:109:HG7V5BGX9:3:13601:12213:17051#0/1	100.000	120	0	0	1237	1356	148	29	1.13e-55	222
NC_011593.1:c2598562-2597207	NB551033:109:HG7V5BGX9:3:11405:2389:1473#0/1	99.187	123	1	0	848	970	123	1	1.13e-55	222
NC_011593.1:c2598562-2597207	NB551033:109:HG7V5BGX9:3:23512:15292:18191#0/2	100.000	118	0	0	1161	1278	118	1	1.46e-54	219
NC_011593.1:c2598562-2597207	NB551033:109:HG7V5BGX9:4:23610:15161:1794#0/2	100.000	115	0	0	1215	1329	1	115	6.80e-53	213
NC_011593.1:c2598562-2597207	NB551033:109:HG7V5BGX9:4:23610:15161:1794#0/1	100.000	115	0	0	1215	1329	115	1	6.80e-53	213
NC_011593.1:c2598562-2597207	NB551033:109:HG7V5BGX9:2:21109:24592:19206#0/1	99.160	119	0	1	1108	1226	118	1	6.80e-53	213
NC_011593.1:c2598562-2597207	NB551033:109:HG7V5BGX9:4:23605:2816:16269#0/1	99.145	117	1	0	166	282	1	117	2.45e-52	211
NC_011593.1:c2598562-2597207	NB551033:109:HG7V5BGX9:2:21205:6942:8479#0/2	100.000	110	0	0	864	973	110	1	4.10e-50	204
NC_011593.1:c2598562-2597207	NB551033:109:HG7V5BGX9:2:22302:18107:7503#0/1	100.000	110	0	0	562	671	1	110	4.10e-50	204
NC_011593.1:c2598562-2597207	NB551033:109:HG7V5BGX9:2:21205:6942:8479#0/1	100.000	110	0	0	864	973	3	112	4.10e-50	204
NC_011593.1:c2598562-2597207	NB551033:109:HG7V5BGX9:3:21505:4951:2858#0/2	100.000	108	0	0	694	801	108	1	5.30e-49	200
NC_011593.1:c2598562-2597207	NB551033:109:HG7V5BGX9:1:21112:8512:19043#0/2	100.000	107	0	0	600	706	107	1	1.91e-48	198
NC_011593.1:c2598562-2597207	NB551033:109:HG7V5BGX9:1:21112:8512:19043#0/1	100.000	107	0	0	600	706	1	107	1.91e-48	198
NC_011593.1:c2598562-2597207	NB551033:109:HG7V5BGX9:1:13108:19722:10097#0/2	100.000	105	0	0	960	1064	1	105	2.46e-47	195
NC_011593.1:c2598562-2597207	NB551033:109:HG7V5BGX9:3:11504:15750:6235#0/1	99.065	107	1	0	1134	1240	107	1	8.86e-47	193
NC_011593.1:c2598562-2597207	NB551033:109:HG7V5BGX9:2:13210:14627:14752#0/2	99.048	105	1	0	1215	1319	1	105	1.15e-45	189
NC_011593.1:c2598562-2597207	NB551033:109:HG7V5BGX9:1:21103:19019:15401#0/2	100.000	102	0	0	1255	1356	145	44	1.15e-45	189
NC_011593.1:c2598562-2597207	NB551033:109:HG7V5BGX9:2:13210:14627:14752#0/1	99.048	105	1	0	1215	1319	105	1	1.15e-45	189
NC_011593.1:c2598562-2597207	NB551033:109:HG7V5BGX9:1:12110:9039:8216#0/2	100.000	97	0	0	663	759	97	1	6.90e-43	180
NC_011593.1:c2598562-2597207	NB551033:109:HG7V5BGX9:4:23506:5062:2202#0/2	100.000	96	0	0	738	833	96	1	2.48e-42	178
NC_011593.1:c2598562-2597207	NB551033:109:HG7V5BGX9:4:23506:5062:2202#0/1	100.000	96	0	0	738	833	1	96	2.48e-42	178
NC_011593.1:c2598562-2597207	NB551033:109:HG7V5BGX9:1:21103:19019:15401#0/1	100.000	92	0	0	1220	1311	1	92	4.15e-40	171
NC_011593.1:c2598562-2597207	NB551033:109:HG7V5BGX9:3:22601:12430:2000#0/1	100.000	91	0	0	138	228	60	150	1.49e-39	169
NC_011593.1:c2598562-2597207	NB551033:109:HG7V5BGX9:2:21109:24592:19206#0/2	100.000	90	0	0	1058	1147	62	151	5.37e-39	167
NC_011593.1:c2598562-2597207	NB551033:109:HG7V5BGX9:4:11611:14658:7995#0/2	100.000	88	0	0	977	1064	149	62	6.95e-38	163
NC_011593.1:c2598562-2597207	NB551033:109:HG7V5BGX9:2:11309:19430:14862#0/2	100.000	87	0	0	138	224	65	151	2.50e-37	161
NC_011593.1:c2598562-2597207	NB551033:109:HG7V5BGX9:3:21505:4951:2858#0/1	100.000	86	0	0	645	730	1	86	8.99e-37	159
NC_011593.1:c2598562-2597207	NB551033:109:HG7V5BGX9:2:21111:10727:16468#0/1	100.000	86	0	0	308	393	86	1	8.99e-37	159
NC_011593.1:c2598562-2597207	NB551033:109:HG7V5BGX9:4:22609:2710:11279#0/2	98.864	88	1	0	1058	1145	6	93	3.23e-36	158
NC_011593.1:c2598562-2597207	NB551033:109:HG7V5BGX9:2:22302:18107:7503#0/2	100.000	85	0	0	587	671	85	1	3.23e-36	158
NC_011593.1:c2598562-2597207	NB551033:109:HG7V5BGX9:4:22609:2710:11279#0/1	97.802	91	2	0	1058	1148	94	4	3.23e-36	158
NC_011593.1:c2598562-2597207	NB551033:109:HG7V5BGX9:3:23510:26311:14204#0/1	100.000	84	0	0	981	1064	145	62	1.16e-35	156
NC_011593.1:c2598562-2597207	NB551033:109:HG7V5BGX9:2:13110:8273:17628#0/2	100.000	83	0	0	712	794	83	1	4.18e-35	154
NC_011593.1:c2598562-2597207	NB551033:109:HG7V5BGX9:2:11309:19430:14862#0/1	100.000	82	0	0	231	312	82	1	1.50e-34	152
NC_011593.1:c2598562-2597207	NB551033:109:HG7V5BGX9:2:12301:17712:16692#0/2	100.000	81	0	0	698	778	81	1	5.41e-34	150
NC_011593.1:c2598562-2597207	NB551033:109:HG7V5BGX9:1:13108:19722:10097#0/1	100.000	80	0	0	985	1064	130	51	1.95e-33	148
NC_011593.1:c2598562-2597207	NB551033:109:HG7V5BGX9:2:12211:26459:7841#0/2	100.000	79	0	0	382	460	1	79	7.00e-33	147
NC_011593.1:c2598562-2597207	NB551033:109:HG7V5BGX9:2:12211:26459:7841#0/1	100.000	79	0	0	382	460	79	1	7.00e-33	147
NC_011593.1:c2598562-2597207	NB551033:109:HG7V5BGX9:2:12301:17712:16692#0/1	98.765	81	1	0	698	778	1	81	2.52e-32	145
NC_011593.1:c2598562-2597207	NB551033:109:HG7V5BGX9:1:12110:9039:8216#0/1	100.000	78	0	0	663	740	1	78	2.52e-32	145
NC_011593.1:c2598562-2597207	NB551033:109:HG7V5BGX9:3:11502:8120:9570#0/2	100.000	76	0	0	138	213	76	1	3.26e-31	141
NC_011593.1:c2598562-2597207	NB551033:109:HG7V5BGX9:1:21104:8807:7549#0/1	98.734	79	1	0	645	723	1	79	3.26e-31	141
NC_011593.1:c2598562-2597207	NB551033:109:HG7V5BGX9:1:22307:2522:13895#0/2	100.000	75	0	0	766	840	75	1	1.17e-30	139
NC_011593.1:c2598562-2597207	NB551033:109:HG7V5BGX9:1:22307:2522:13895#0/1	100.000	75	0	0	766	840	1	75	1.17e-30	139
NC_011593.1:c2598562-2597207	NB551033:109:HG7V5BGX9:3:22601:12430:2000#0/2	98.701	77	1	0	588	664	77	1	4.21e-30	137
NC_011593.1:c2598562-2597207	NB551033:109:HG7V5BGX9:2:11211:18447:3561#0/2	100.000	58	0	0	1299	1356	86	29	3.30e-21	108
NC_011593.1:c2598562-2597207	NB551033:109:HG7V5BGX9:2:11211:18447:3561#0/1	100.000	58	0	0	1299	1356	1	58	3.30e-21	108
NC_011593.1:c2598562-2597207	NB551033:109:HG7V5BGX9:3:13401:8191:4580#0/2	100.000	52	0	0	1305	1356	80	29	7.15e-18	97.1
NC_011593.1:c2598562-2597207	NB551033:109:HG7V5BGX9:3:13401:8191:4580#0/1	100.000	52	0	0	1305	1356	1	52	7.15e-18	97.1
NC_011593.1:c2598562-2597207	NB551033:109:HG7V5BGX9:4:13401:16938:12362#0/2	98.148	54	1	0	1011	1064	1	54	2.57e-17	95.3
NC_011593.1:c2598562-2597207	NB551033:109:HG7V5BGX9:4:13608:19431:10041#0/1	100.000	46	0	0	1311	1356	1	46	1.55e-14	86.1
NC_011593.1:c2598562-2597207	NB551033:109:HG7V5BGX9:1:12202:3190:12695#0/2	100.000	42	0	0	138	179	42	1	2.59e-12	78.7
NC_011593.1:c2598562-2597207	NB551033:109:HG7V5BGX9:3:13401:1329:15080#0/1	100.000	42	0	0	138	179	42	1	2.59e-12	78.7
NC_011593.1:c2598562-2597207	NB551033:109:HG7V5BGX9:1:22202:15761:2645#0/2	100.000	41	0	0	1316	1356	1	41	9.31e-12	76.8
NC_011593.1:c2598562-2597207	NB551033:109:HG7V5BGX9:2:23103:6411:3012#0/2	100.000	36	0	0	1321	1356	115	80	5.61e-09	67.6
NC_011593.1:c2598562-2597207	NB551033:109:HG7V5BGX9:3:11502:8120:9570#0/1	100.000	36	0	0	138	173	115	150	5.61e-09	67.6
NC_011593.1:c2598562-2597207	NB551033:109:HG7V5BGX9:2:23103:6411:3012#0/1	100.000	36	0	0	1321	1356	1	36	5.61e-09	67.6
NC_011593.1:c2598562-2597207	NB551033:109:HG7V5BGX9:1:22202:15761:2645#0/1	100.000	36	0	0	1321	1356	79	44	5.61e-09	67.6
NC_011593.1:c2598562-2597207	NB551033:109:HG7V5BGX9:4:13608:19431:10041#0/2	100.000	29	0	0	1328	1356	150	122	4.36e-05	54.7
NC_011593.1:c2598562-2597207	NB551033:109:HG7V5BGX9:1:12104:20742:20230#0/2	100.000	29	0	0	1036	1064	1	29	4.36e-05	54.7
NC_011593.1:c2598562-2597207	NB551033:109:HG7V5BGX9:1:12104:20742:20230#0/1	100.000	29	0	0	1036	1064	140	112	4.36e-05	54.7
# BLASTN 2.9.0+
# Query: NC_011593.1:2598858-2601929 Bifidobacterium longum subsp. infantis ATCC 15697, complete genome
# Database: db/blast_C0686-1E-1A_S13.faa
# Fields: query acc.ver, subject acc.ver, % identity, alignment length, mismatches, gap opens, q. start, q. end, s. start, s. end, evalue, bit score
# 207 hits found
NC_011593.1:2598858-2601929	NB551033:109:HG7V5BGX9:3:12603:17955:4029#0/2	100.000	151	0	0	2402	2552	1	151	1.50e-72	279
NC_011593.1:2598858-2601929	NB551033:109:HG7V5BGX9:1:22202:9722:13077#0/1	100.000	151	0	0	1742	1892	1	151	1.50e-72	279
NC_011593.1:2598858-2601929	NB551033:109:HG7V5BGX9:4:23406:24905:14457#0/2	100.000	150	0	0	366	515	1	150	5.39e-72	278
NC_011593.1:2598858-2601929	NB551033:109:HG7V5BGX9:3:13601:1409:7025#0/2	100.000	150	0	0	911	1060	1	150	5.39e-72	278
NC_011593.1:2598858-2601929	NB551033:109:HG7V5BGX9:1:21308:10835:18368#0/2	100.000	149	0	0	1981	2129	1	149	1.94e-71	276
NC_011593.1:2598858-2601929	NB551033:109:HG7V5BGX9:2:22208:2212:15307#0/1	100.000	149	0	0	1746	1894	149	1	1.94e-71	276
NC_011593.1:2598858-2601929	NB551033:109:HG7V5BGX9:3:22401:15992:19606#0/2	99.338	151	1	0	277	427	151	1	6.98e-71	274
NC_011593.1:2598858-2601929	NB551033:109:HG7V5BGX9:2:21304:12314:6347#0/2	99.338	151	1	0	271	421	151	1	6.98e-71	274
NC_011593.1:2598858-2601929	NB551033:109:HG7V5BGX9:2:12312:25566:20201#0/2	99.338	151	1	0	356	506	1	151	6.98e-71	274
NC_011593.1:2598858-2601929	NB551033:109:HG7V5BGX9:4:13606:20649:18810#0/1	99.338	151	1	0	1700	1850	151	1	6.98e-71	274
NC_011593.1:2598858-2601929	NB551033:109:HG7V5BGX9:1:11108:8825:12358#0/1	99.338	151	1	0	1880	2030	151	1	6.98e-71	274
NC_011593.1:2598858-2601929	NB551033:109:HG7V5BGX9:4:22506:5765:7668#0/2	99.333	150	1	0	1609	1758	1	150	2.51e-70	272
NC_011593.1:2598858-2601929	NB551033:109:HG7V5BGX9:1:22202:9722:13077#0/2	99.333	150	1	0	1759	1908	150	1	2.51e-70	272
NC_011593.1:2598858-2601929	NB551033:109:HG7V5BGX9:1:11108:8825:12358#0/2	99.333	150	1	0	1863	2012	1	150	2.51e-70	272
NC_011593.1:2598858-2601929	NB551033:109:HG7V5BGX9:3:23504:4891:9406#0/1	99.333	150	1	0	252	401	1	150	2.51e-70	272
NC_011593.1:2598858-2601929	NB551033:109:HG7V5BGX9:3:21412:23728:4609#0/1	99.333	150	1	0	16	165	1	150	2.51e-70	272
NC_011593.1:2598858-2601929	NB551033:109:HG7V5BGX9:2:21304:12314:6347#0/1	99.333	150	1	0	237	386	1	150	2.51e-70	272
NC_011593.1:2598858-2601929	NB551033:109:HG7V5BGX9:1:12110:4380:9903#0/2	99.329	149	1	0	2000	2148	1	149	9.03e-70	270
NC_011593.1:2598858-2601929	NB551033:109:HG7V5BGX9:4:22510:9878:2648#0/2	98.675	151	2	0	1317	1467	151	1	3.25e-69	268
NC_011593.1:2598858-2601929	NB551033:109:HG7V5BGX9:4:21405:19830:3445#0/2	98.675	151	2	0	1317	1467	151	1	3.25e-69	268
NC_011593.1:2598858-2601929	NB551033:109:HG7V5BGX9:3:13408:22933:3118#0/2	98.675	151	2	0	337	487	151	1	3.25e-69	268
NC_011593.1:2598858-2601929	NB551033:109:HG7V5BGX9:3:13408:22933:3118#0/1	98.675	151	2	0	329	479	1	151	3.25e-69	268
NC_011593.1:2598858-2601929	NB551033:109:HG7V5BGX9:3:12401:14759:14481#0/1	98.675	151	2	0	1406	1556	1	151	3.25e-69	268
NC_011593.1:2598858-2601929	NB551033:109:HG7V5BGX9:4:11409:21767:14665#0/2	98.667	150	2	0	623	772	150	1	1.17e-68	267
NC_011593.1:2598858-2601929	NB551033:109:HG7V5BGX9:3:13412:8286:14770#0/2	98.667	150	2	0	38	187	1	150	1.17e-68	267
NC_011593.1:2598858-2601929	NB551033:109:HG7V5BGX9:1:23210:26398:7460#0/2	98.667	150	2	0	1717	1866	1	150	1.17e-68	267
NC_011593.1:2598858-2601929	NB551033:109:HG7V5BGX9:1:22310:9206:16048#0/2	98.667	150	2	0	100	249	1	150	1.17e-68	267
NC_011593.1:2598858-2601929	NB551033:109:HG7V5BGX9:1:21111:21644:14767#0/2	98.667	150	2	0	1005	1154	150	1	1.17e-68	267
NC_011593.1:2598858-2601929	NB551033:109:HG7V5BGX9:1:11210:25602:12569#0/2	98.667	150	2	0	27	176	150	1	1.17e-68	267
NC_011593.1:2598858-2601929	NB551033:109:HG7V5BGX9:4:11409:21767:14665#0/1	98.667	150	2	0	393	542	1	150	1.17e-68	267
NC_011593.1:2598858-2601929	NB551033:109:HG7V5BGX9:3:22401:15992:19606#0/1	98.667	150	2	0	96	245	1	150	1.17e-68	267
NC_011593.1:2598858-2601929	NB551033:109:HG7V5BGX9:3:12603:17955:4029#0/1	98.667	150	2	0	2497	2646	150	1	1.17e-68	267
NC_011593.1:2598858-2601929	NB551033:109:HG7V5BGX9:2:13212:14900:2222#0/1	98.667	150	2	0	1005	1154	150	1	1.17e-68	267
NC_011593.1:2598858-2601929	NB551033:109:HG7V5BGX9:1:21111:21644:14767#0/1	98.667	150	2	0	975	1124	1	150	1.17e-68	267
NC_011593.1:2598858-2601929	NB551033:109:HG7V5BGX9:1:13311:22044:17830#0/1	98.667	150	2	0	400	549	1	150	1.17e-68	267
NC_011593.1:2598858-2601929	NB551033:109:HG7V5BGX9:4:22510:9878:2648#0/1	98.658	149	2	0	1235	1383	3	151	4.20e-68	265
NC_011593.1:2598858-2601929	NB551033:109:HG7V5BGX9:4:13510:10916:14018#0/1	98.658	149	2	0	2443	2591	150	2	4.20e-68	265
NC_011593.1:2598858-2601929	NB551033:109:HG7V5BGX9:1:12110:4380:9903#0/1	98.658	149	2	0	2000	2148	149	1	4.20e-68	265
NC_011593.1:2598858-2601929	NB551033:109:HG7V5BGX9:4:13612:3203:20341#0/1	98.649	148	2	0	1945	2092	1	148	1.51e-67	263
NC_011593.1:2598858-2601929	NB551033:109:HG7V5BGX9:3:13601:1409:7025#0/1	98.013	151	3	0	1048	1198	151	1	1.51e-67	263
NC_011593.1:2598858-2601929	NB551033:109:HG7V5BGX9:4:21610:16772:9528#0/2	98.000	150	3	0	2562	2711	1	150	5.43e-67	261
NC_011593.1:2598858-2601929	NB551033:109:HG7V5BGX9:4:13612:3203:20341#0/2	99.306	144	1	0	2161	2304	144	1	5.43e-67	261
NC_011593.1:2598858-2601929	NB551033:109:HG7V5BGX9:1:21103:16941:15777#0/2	98.000	150	3	0	2340	2489	150	1	5.43e-67	261
NC_011593.1:2598858-2601929	NB551033:109:HG7V5BGX9:1:13112:11756:11063#0/2	98.000	150	3	0	2017	2166	150	1	5.43e-67	261
NC_011593.1:2598858-2601929	NB551033:109:HG7V5BGX9:4:21405:19830:3445#0/1	98.000	150	3	0	1190	1339	1	150	5.43e-67	261
NC_011593.1:2598858-2601929	NB551033:109:HG7V5BGX9:4:13508:10155:19906#0/1	98.000	150	3	0	1170	1319	150	1	5.43e-67	261
NC_011593.1:2598858-2601929	NB551033:109:HG7V5BGX9:2:11309:19214:8116#0/1	98.000	150	3	0	1489	1638	150	1	5.43e-67	261
NC_011593.1:2598858-2601929	NB551033:109:HG7V5BGX9:1:21312:24025:15468#0/1	98.639	147	2	0	2529	2675	1	147	5.43e-67	261
NC_011593.1:2598858-2601929	NB551033:109:HG7V5BGX9:1:12201:21307:7929#0/1	98.639	147	2	0	2851	2997	3	149	5.43e-67	261
NC_011593.1:2598858-2601929	NB551033:109:HG7V5BGX9:3:12401:14759:14481#0/2	97.987	149	3	0	1449	1597	149	1	1.95e-66	259
NC_011593.1:2598858-2601929	NB551033:109:HG7V5BGX9:1:22310:9206:16048#0/1	97.987	149	3	0	130	278	149	1	1.95e-66	259
NC_011593.1:2598858-2601929	NB551033:109:HG7V5BGX9:3:22409:26651:14653#0/2	97.333	150	4	0	2248	2397	150	1	2.53e-65	255
NC_011593.1:2598858-2601929	NB551033:109:HG7V5BGX9:1:12206:12125:3466#0/2	97.333	150	4	0	835	984	150	1	2.53e-65	255
NC_011593.1:2598858-2601929	NB551033:109:HG7V5BGX9:1:12110:1340:10577#0/2	97.333	150	4	0	2717	2866	150	1	2.53e-65	255
NC_011593.1:2598858-2601929	NB551033:109:HG7V5BGX9:4:23602:7036:9546#0/1	97.333	150	4	0	414	563	1	150	2.53e-65	255
NC_011593.1:2598858-2601929	NB551033:109:HG7V5BGX9:4:21610:16772:9528#0/1	97.333	150	4	0	2636	2785	150	1	2.53e-65	255
NC_011593.1:2598858-2601929	NB551033:109:HG7V5BGX9:1:12206:12125:3466#0/1	97.333	150	4	0	816	965	1	150	2.53e-65	255
NC_011593.1:2598858-2601929	NB551033:109:HG7V5BGX9:1:12111:26823:10570#0/1	97.333	150	4	0	2638	2787	1	150	2.53e-65	255
NC_011593.1:2598858-2601929	NB551033:109:HG7V5BGX9:1:12110:1340:10577#0/1	97.333	150	4	0	2638	2787	1	150	2.53e-65	255
NC_011593.1:2598858-2601929	NB551033:109:HG7V5BGX9:3:21512:11320:6947#0/2	97.315	149	4	0	2242	2390	150	2	9.09e-65	254
NC_011593.1:2598858-2601929	NB551033:109:HG7V5BGX9:1:12111:26823:10570#0/2	97.315	149	4	0	2718	2866	149	1	9.09e-65	254
NC_011593.1:2598858-2601929	NB551033:109:HG7V5BGX9:1:21103:16941:15777#0/1	97.315	149	4	0	2279	2427	1	149	9.09e-65	254
NC_011593.1:2598858-2601929	NB551033:109:HG7V5BGX9:4:13606:20649:18810#0/2	99.281	139	1	0	1660	1798	1	139	3.27e-64	252
NC_011593.1:2598858-2601929	NB551033:109:HG7V5BGX9:3:23504:4891:9406#0/2	96.689	151	5	0	423	573	151	1	3.27e-64	252
NC_011593.1:2598858-2601929	NB551033:109:HG7V5BGX9:2:22308:10000:4065#0/2	98.592	142	2	0	2806	2947	1	142	3.27e-64	252
NC_011593.1:2598858-2601929	NB551033:109:HG7V5BGX9:2:22303:26577:6648#0/2	96.689	151	5	0	826	976	1	151	3.27e-64	252
NC_011593.1:2598858-2601929	NB551033:109:HG7V5BGX9:2:13309:26054:9237#0/2	97.297	148	4	0	2295	2442	148	1	3.27e-64	252
NC_011593.1:2598858-2601929	NB551033:109:HG7V5BGX9:2:11309:19214:8116#0/2	96.689	151	5	0	1285	1435	1	151	3.27e-64	252
NC_011593.1:2598858-2601929	NB551033:109:HG7V5BGX9:2:11303:1677:3828#0/2	98.592	142	2	0	407	548	1	142	3.27e-64	252
NC_011593.1:2598858-2601929	NB551033:109:HG7V5BGX9:2:22308:10000:4065#0/1	98.592	142	2	0	2806	2947	142	1	3.27e-64	252
NC_011593.1:2598858-2601929	NB551033:109:HG7V5BGX9:2:13309:26054:9237#0/1	97.297	148	4	0	2295	2442	1	148	3.27e-64	252
NC_011593.1:2598858-2601929	NB551033:109:HG7V5BGX9:4:23602:7036:9546#0/2	96.667	150	5	0	432	581	150	1	1.18e-63	250
NC_011593.1:2598858-2601929	NB551033:109:HG7V5BGX9:1:11106:13264:13860#0/2	99.275	138	1	0	1812	1949	138	1	1.18e-63	250
NC_011593.1:2598858-2601929	NB551033:109:HG7V5BGX9:4:23406:24905:14457#0/1	96.667	150	5	0	467	616	150	1	1.18e-63	250
NC_011593.1:2598858-2601929	NB551033:109:HG7V5BGX9:2:22303:26577:6648#0/1	96.667	150	5	0	833	982	150	1	1.18e-63	250
NC_011593.1:2598858-2601929	NB551033:109:HG7V5BGX9:2:11303:1677:3828#0/1	96.667	150	5	0	475	624	150	1	1.18e-63	250
NC_011593.1:2598858-2601929	NB551033:109:HG7V5BGX9:1:11106:13264:13860#0/1	99.275	138	1	0	1812	1949	1	138	1.18e-63	250
NC_011593.1:2598858-2601929	NB551033:109:HG7V5BGX9:2:13112:5012:16760#0/2	98.571	140	2	0	2192	2331	140	1	4.23e-63	248
NC_011593.1:2598858-2601929	NB551033:109:HG7V5BGX9:1:13311:22044:17830#0/2	96.644	149	5	0	423	571	149	1	4.23e-63	248
NC_011593.1:2598858-2601929	NB551033:109:HG7V5BGX9:2:13112:5012:16760#0/1	98.571	140	2	0	2192	2331	1	140	4.23e-63	248
NC_011593.1:2598858-2601929	NB551033:109:HG7V5BGX9:2:11209:6519:16936#0/1	97.260	146	4	0	2365	2510	1	146	4.23e-63	248
NC_011593.1:2598858-2601929	NB551033:109:HG7V5BGX9:3:12503:10320:6190#0/1	99.265	136	1	0	2022	2157	1	136	1.52e-62	246
NC_011593.1:2598858-2601929	NB551033:109:HG7V5BGX9:4:22504:4978:16463#0/2	96.000	150	6	0	2607	2756	150	1	5.47e-62	244
NC_011593.1:2598858-2601929	NB551033:109:HG7V5BGX9:2:22101:17345:9524#0/2	96.000	150	6	0	505	654	150	1	5.47e-62	244
NC_011593.1:2598858-2601929	NB551033:109:HG7V5BGX9:4:22506:5765:7668#0/1	99.259	135	1	0	1660	1794	135	1	5.47e-62	244
NC_011593.1:2598858-2601929	NB551033:109:HG7V5BGX9:3:23603:11109:14390#0/1	98.551	138	2	0	1	138	13	150	5.47e-62	244
NC_011593.1:2598858-2601929	NB551033:109:HG7V5BGX9:2:23104:23998:2255#0/1	99.259	135	1	0	1855	1989	135	1	5.47e-62	244
NC_011593.1:2598858-2601929	NB551033:109:HG7V5BGX9:2:12312:25566:20201#0/1	96.000	150	6	0	467	616	150	1	5.47e-62	244
NC_011593.1:2598858-2601929	NB551033:109:HG7V5BGX9:1:11210:25602:12569#0/1	98.551	138	2	0	1	138	13	150	5.47e-62	244
NC_011593.1:2598858-2601929	NB551033:109:HG7V5BGX9:3:23603:11109:14390#0/2	97.857	140	3	0	1	140	140	1	1.97e-61	243
NC_011593.1:2598858-2601929	NB551033:109:HG7V5BGX9:1:21308:10835:18368#0/1	97.163	141	4	0	2043	2183	141	1	2.55e-60	239
NC_011593.1:2598858-2601929	NB551033:109:HG7V5BGX9:4:23511:11698:4254#0/2	96.503	143	5	0	461	603	1	143	9.16e-60	237
NC_011593.1:2598858-2601929	NB551033:109:HG7V5BGX9:1:12201:21307:7929#0/2	98.507	134	2	0	2874	3007	134	1	9.16e-60	237
NC_011593.1:2598858-2601929	NB551033:109:HG7V5BGX9:4:23511:11698:4254#0/1	96.503	143	5	0	461	603	143	1	9.16e-60	237
NC_011593.1:2598858-2601929	NB551033:109:HG7V5BGX9:1:12202:4605:4160#0/2	99.231	130	1	0	705	834	1	130	3.29e-59	235
NC_011593.1:2598858-2601929	NB551033:109:HG7V5BGX9:3:12407:19305:8384#0/2	95.833	144	6	0	2118	2261	1	144	1.18e-58	233
NC_011593.1:2598858-2601929	NB551033:109:HG7V5BGX9:1:12211:18213:8898#0/2	97.778	135	3	0	2930	3064	1	135	1.18e-58	233
NC_011593.1:2598858-2601929	NB551033:109:HG7V5BGX9:1:12211:18213:8898#0/1	97.778	135	3	0	2930	3064	135	1	1.18e-58	233
NC_011593.1:2598858-2601929	NB551033:109:HG7V5BGX9:3:21512:11320:6947#0/1	97.080	137	4	0	2147	2283	1	137	4.26e-58	231
NC_011593.1:2598858-2601929	NB551033:109:HG7V5BGX9:4:11605:1187:8996#0/2	98.462	130	2	0	1260	1389	130	1	1.53e-57	230
NC_011593.1:2598858-2601929	NB551033:109:HG7V5BGX9:3:23508:16658:14017#0/2	97.059	136	4	0	2295	2430	136	1	1.53e-57	230
NC_011593.1:2598858-2601929	NB551033:109:HG7V5BGX9:2:11209:6519:16936#0/2	98.462	130	2	0	2529	2658	130	1	1.53e-57	230
NC_011593.1:2598858-2601929	NB551033:109:HG7V5BGX9:4:11605:1187:8996#0/1	98.462	130	2	0	1260	1389	1	130	1.53e-57	230
NC_011593.1:2598858-2601929	NB551033:109:HG7V5BGX9:3:23508:16658:14017#0/1	97.059	136	4	0	2295	2430	1	136	1.53e-57	230
NC_011593.1:2598858-2601929	NB551033:109:HG7V5BGX9:2:23104:23998:2255#0/2	99.206	126	1	0	1824	1949	1	126	5.51e-57	228
NC_011593.1:2598858-2601929	NB551033:109:HG7V5BGX9:3:11505:6218:6812#0/2	99.200	125	1	0	2851	2975	3	127	1.98e-56	226
NC_011593.1:2598858-2601929	NB551033:109:HG7V5BGX9:3:11505:6218:6812#0/1	99.200	125	1	0	2851	2975	127	3	1.98e-56	226
NC_011593.1:2598858-2601929	NB551033:109:HG7V5BGX9:4:11401:17266:8422#0/2	96.947	131	4	0	2576	2706	1	131	9.22e-55	220
NC_011593.1:2598858-2601929	NB551033:109:HG7V5BGX9:3:11506:10276:18373#0/2	99.180	122	1	0	2192	2313	1	122	9.22e-55	220
NC_011593.1:2598858-2601929	NB551033:109:HG7V5BGX9:2:13303:6079:4092#0/2	96.269	134	5	0	521	654	134	1	9.22e-55	220
NC_011593.1:2598858-2601929	NB551033:109:HG7V5BGX9:2:13303:6079:4092#0/1	96.269	134	5	0	521	654	1	134	9.22e-55	220
NC_011593.1:2598858-2601929	NB551033:109:HG7V5BGX9:4:11507:21770:1055#0/2	98.387	124	2	0	1532	1655	1	124	3.32e-54	219
NC_011593.1:2598858-2601929	NB551033:109:HG7V5BGX9:1:21312:24025:15468#0/2	96.923	130	4	0	2657	2786	130	1	3.32e-54	219
NC_011593.1:2598858-2601929	NB551033:109:HG7V5BGX9:4:13508:10155:19906#0/2	98.374	123	2	0	987	1109	1	123	1.19e-53	217
NC_011593.1:2598858-2601929	NB551033:109:HG7V5BGX9:3:23608:6330:11956#0/2	98.374	123	2	0	1	123	13	135	1.19e-53	217
NC_011593.1:2598858-2601929	NB551033:109:HG7V5BGX9:2:13212:14900:2222#0/2	98.374	123	2	0	976	1098	1	123	1.19e-53	217
NC_011593.1:2598858-2601929	NB551033:109:HG7V5BGX9:4:22605:13367:15998#0/2	96.875	128	4	0	2039	2166	1	128	4.29e-53	215
NC_011593.1:2598858-2601929	NB551033:109:HG7V5BGX9:3:21505:5102:7533#0/2	98.361	122	2	0	2841	2962	1	122	4.29e-53	215
NC_011593.1:2598858-2601929	NB551033:109:HG7V5BGX9:3:21505:5102:7533#0/1	98.361	122	2	0	2841	2962	122	1	4.29e-53	215
NC_011593.1:2598858-2601929	NB551033:109:HG7V5BGX9:1:22306:5097:2234#0/1	97.600	125	3	0	999	1123	1	125	4.29e-53	215
NC_011593.1:2598858-2601929	NB551033:109:HG7V5BGX9:3:22410:1148:14637#0/2	96.850	127	4	0	2271	2397	127	1	1.54e-52	213
NC_011593.1:2598858-2601929	NB551033:109:HG7V5BGX9:2:23301:15420:19790#0/2	99.153	118	1	0	1599	1716	1	118	1.54e-52	213
NC_011593.1:2598858-2601929	NB551033:109:HG7V5BGX9:4:13512:15693:10419#0/1	97.581	124	3	0	667	790	1	124	1.54e-52	213
NC_011593.1:2598858-2601929	NB551033:109:HG7V5BGX9:2:23301:15420:19790#0/1	99.153	118	1	0	1599	1716	118	1	1.54e-52	213
NC_011593.1:2598858-2601929	NB551033:109:HG7V5BGX9:3:23608:6330:11956#0/1	98.333	120	2	0	4	123	120	1	5.55e-52	211
NC_011593.1:2598858-2601929	NB551033:109:HG7V5BGX9:1:23210:26398:7460#0/1	99.145	117	1	0	1752	1868	117	1	5.55e-52	211
NC_011593.1:2598858-2601929	NB551033:109:HG7V5BGX9:2:13104:16260:15119#0/2	97.541	122	3	0	1	122	27	148	2.00e-51	209
NC_011593.1:2598858-2601929	NB551033:109:HG7V5BGX9:3:11605:1465:7822#0/1	96.748	123	4	0	437	559	1	123	2.58e-50	206
NC_011593.1:2598858-2601929	NB551033:109:HG7V5BGX9:4:13510:10916:14018#0/2	99.115	113	1	0	2045	2157	1	113	9.29e-50	204
NC_011593.1:2598858-2601929	NB551033:109:HG7V5BGX9:4:11408:4567:11380#0/2	99.115	113	1	0	645	757	1	113	9.29e-50	204
NC_011593.1:2598858-2601929	NB551033:109:HG7V5BGX9:3:12606:8588:5201#0/2	99.115	113	1	0	333	445	1	113	9.29e-50	204
NC_011593.1:2598858-2601929	NB551033:109:HG7V5BGX9:2:12102:19831:6132#0/2	97.479	119	3	0	2348	2466	1	119	9.29e-50	204
NC_011593.1:2598858-2601929	NB551033:109:HG7V5BGX9:4:22504:4978:16463#0/1	96.721	122	4	0	2529	2650	1	122	9.29e-50	204
NC_011593.1:2598858-2601929	NB551033:109:HG7V5BGX9:4:11408:4567:11380#0/1	99.115	113	1	0	645	757	113	1	9.29e-50	204
NC_011593.1:2598858-2601929	NB551033:109:HG7V5BGX9:3:12606:8588:5201#0/1	99.115	113	1	0	333	445	113	1	9.29e-50	204
NC_011593.1:2598858-2601929	NB551033:109:HG7V5BGX9:2:12102:19831:6132#0/1	97.479	119	3	0	2348	2466	119	1	9.29e-50	204
NC_011593.1:2598858-2601929	NB551033:109:HG7V5BGX9:4:22605:13367:15998#0/1	95.935	123	5	0	2044	2166	123	1	1.20e-48	200
NC_011593.1:2598858-2601929	NB551033:109:HG7V5BGX9:4:23608:2224:4184#0/1	97.414	116	3	0	2957	3072	123	8	4.32e-48	198
NC_011593.1:2598858-2601929	NB551033:109:HG7V5BGX9:2:21302:19116:7221#0/2	97.368	114	3	0	1287	1400	1	114	5.59e-47	195
NC_011593.1:2598858-2601929	NB551033:109:HG7V5BGX9:2:21210:25481:11370#0/2	99.074	108	1	0	2795	2902	1	108	5.59e-47	195
NC_011593.1:2598858-2601929	NB551033:109:HG7V5BGX9:2:21302:19116:7221#0/1	97.368	114	3	0	1287	1400	114	1	5.59e-47	195
NC_011593.1:2598858-2601929	NB551033:109:HG7V5BGX9:2:21210:25481:11370#0/1	99.074	108	1	0	2795	2902	108	1	5.59e-47	195
NC_011593.1:2598858-2601929	NB551033:109:HG7V5BGX9:4:12607:16944:11021#0/2	99.057	106	1	0	317	422	106	1	7.23e-46	191
NC_011593.1:2598858-2601929	NB551033:109:HG7V5BGX9:4:12607:16944:11021#0/1	99.057	106	1	0	317	422	1	106	7.23e-46	191
NC_011593.1:2598858-2601929	NB551033:109:HG7V5BGX9:4:21601:8532:20176#0/2	100.000	102	0	0	1794	1895	1	102	2.60e-45	189
NC_011593.1:2598858-2601929	NB551033:109:HG7V5BGX9:2:21201:9800:6796#0/2	98.148	108	2	0	2489	2596	1	108	2.60e-45	189
NC_011593.1:2598858-2601929	NB551033:109:HG7V5BGX9:4:21601:8532:20176#0/1	100.000	102	0	0	1794	1895	103	2	2.60e-45	189
NC_011593.1:2598858-2601929	NB551033:109:HG7V5BGX9:3:22409:26651:14653#0/1	98.148	108	2	0	2147	2254	1	108	2.60e-45	189
NC_011593.1:2598858-2601929	NB551033:109:HG7V5BGX9:2:21201:9800:6796#0/1	98.148	108	2	0	2489	2596	108	1	2.60e-45	189
NC_011593.1:2598858-2601929	NB551033:109:HG7V5BGX9:3:12503:10320:6190#0/2	99.029	103	1	0	2055	2157	107	5	3.36e-44	185
NC_011593.1:2598858-2601929	NB551033:109:HG7V5BGX9:1:11302:10150:4011#0/2	97.222	108	3	0	1795	1902	108	1	1.21e-43	183
NC_011593.1:2598858-2601929	NB551033:109:HG7V5BGX9:2:13104:16260:15119#0/1	99.020	102	1	0	112	213	102	1	1.21e-43	183
NC_011593.1:2598858-2601929	NB551033:109:HG7V5BGX9:1:11302:10150:4011#0/1	98.095	105	2	0	1640	1744	1	105	1.21e-43	183
NC_011593.1:2598858-2601929	NB551033:109:HG7V5BGX9:4:11401:17266:8422#0/1	98.077	104	2	0	2815	2918	104	1	4.35e-43	182
NC_011593.1:2598858-2601929	NB551033:109:HG7V5BGX9:3:12612:23487:11393#0/2	97.170	106	3	0	2967	3072	147	42	1.56e-42	180
NC_011593.1:2598858-2601929	NB551033:109:HG7V5BGX9:4:11507:21770:1055#0/1	100.000	97	0	0	1559	1655	97	1	1.56e-42	180
NC_011593.1:2598858-2601929	NB551033:109:HG7V5BGX9:3:12612:23487:11393#0/1	97.170	106	3	0	2967	3072	1	106	1.56e-42	180
NC_011593.1:2598858-2601929	NB551033:109:HG7V5BGX9:2:21203:21197:9370#0/2	98.039	102	2	0	1386	1487	102	1	5.63e-42	178
NC_011593.1:2598858-2601929	NB551033:109:HG7V5BGX9:2:21203:21197:9370#0/1	98.039	102	2	0	1386	1487	1	102	5.63e-42	178
NC_011593.1:2598858-2601929	NB551033:109:HG7V5BGX9:2:23111:13178:19573#0/2	98.936	94	1	0	739	832	1	94	3.39e-39	169
NC_011593.1:2598858-2601929	NB551033:109:HG7V5BGX9:2:22208:2212:15307#0/2	98.936	94	1	0	1649	1742	1	94	3.39e-39	169
NC_011593.1:2598858-2601929	NB551033:109:HG7V5BGX9:1:11207:21540:10725#0/2	100.000	91	0	0	2435	2525	1	91	3.39e-39	169
NC_011593.1:2598858-2601929	NB551033:109:HG7V5BGX9:2:23111:13178:19573#0/1	98.936	94	1	0	739	832	94	1	3.39e-39	169
NC_011593.1:2598858-2601929	NB551033:109:HG7V5BGX9:1:11207:21540:10725#0/1	100.000	91	0	0	2435	2525	91	1	3.39e-39	169
NC_011593.1:2598858-2601929	NB551033:109:HG7V5BGX9:4:22410:9825:12090#0/2	98.925	93	1	0	2279	2371	93	1	1.22e-38	167
NC_011593.1:2598858-2601929	NB551033:109:HG7V5BGX9:4:22410:9825:12090#0/1	98.925	93	1	0	2279	2371	1	93	1.22e-38	167
NC_011593.1:2598858-2601929	NB551033:109:HG7V5BGX9:4:22412:20763:4724#0/2	97.895	95	2	0	1508	1602	95	1	4.38e-38	165
NC_011593.1:2598858-2601929	NB551033:109:HG7V5BGX9:3:21506:4510:6469#0/2	98.913	92	1	0	1860	1951	1	92	4.38e-38	165
NC_011593.1:2598858-2601929	NB551033:109:HG7V5BGX9:4:22412:20763:4724#0/1	97.895	95	2	0	1508	1602	1	95	4.38e-38	165
NC_011593.1:2598858-2601929	NB551033:109:HG7V5BGX9:3:21506:4510:6469#0/1	98.913	92	1	0	1860	1951	92	1	4.38e-38	165
NC_011593.1:2598858-2601929	NB551033:109:HG7V5BGX9:3:12407:19305:8384#0/1	100.000	89	0	0	2198	2286	89	1	4.38e-38	165
NC_011593.1:2598858-2601929	NB551033:109:HG7V5BGX9:4:13512:15693:10419#0/2	98.901	91	1	0	717	807	91	1	1.58e-37	163
NC_011593.1:2598858-2601929	NB551033:109:HG7V5BGX9:2:22101:17345:9524#0/1	95.146	103	5	0	486	588	1	103	1.58e-37	163
NC_011593.1:2598858-2601929	NB551033:109:HG7V5BGX9:3:13412:8286:14770#0/1	100.000	87	0	0	233	319	87	1	5.67e-37	161
NC_011593.1:2598858-2601929	NB551033:109:HG7V5BGX9:4:23608:2224:4184#0/2	97.826	92	2	0	2925	3016	1	92	2.04e-36	159
NC_011593.1:2598858-2601929	NB551033:109:HG7V5BGX9:1:12308:17844:18367#0/2	98.876	89	1	0	1537	1625	3	91	2.04e-36	159
NC_011593.1:2598858-2601929	NB551033:109:HG7V5BGX9:1:12308:17844:18367#0/1	98.876	89	1	0	1537	1625	89	1	2.04e-36	159
NC_011593.1:2598858-2601929	NB551033:109:HG7V5BGX9:3:22502:7752:11681#0/2	100.000	85	0	0	1914	1998	1	85	7.33e-36	158
NC_011593.1:2598858-2601929	NB551033:109:HG7V5BGX9:1:12308:22820:5640#0/2	97.802	91	2	0	2297	2387	1	91	7.33e-36	158
NC_011593.1:2598858-2601929	NB551033:109:HG7V5BGX9:3:22502:7752:11681#0/1	100.000	85	0	0	1914	1998	85	1	7.33e-36	158
NC_011593.1:2598858-2601929	NB551033:109:HG7V5BGX9:3:11509:2212:12933#0/1	97.802	91	2	0	164	254	1	91	7.33e-36	158
NC_011593.1:2598858-2601929	NB551033:109:HG7V5BGX9:1:13308:11633:4734#0/1	100.000	85	0	0	1941	2025	85	1	7.33e-36	158
NC_011593.1:2598858-2601929	NB551033:109:HG7V5BGX9:1:12308:22820:5640#0/1	96.809	94	3	0	2297	2390	95	2	7.33e-36	158
NC_011593.1:2598858-2601929	NB551033:109:HG7V5BGX9:3:13505:19025:2414#0/2	97.778	90	2	0	1454	1543	1	90	2.64e-35	156
NC_011593.1:2598858-2601929	NB551033:109:HG7V5BGX9:3:13505:19025:2414#0/1	97.778	90	2	0	1454	1543	90	1	2.64e-35	156
NC_011593.1:2598858-2601929	NB551033:109:HG7V5BGX9:4:22502:17290:3719#0/2	100.000	83	0	0	1897	1979	83	1	9.48e-35	154
NC_011593.1:2598858-2601929	NB551033:109:HG7V5BGX9:3:11509:2212:12933#0/2	98.837	86	1	0	215	300	86	1	9.48e-35	154
NC_011593.1:2598858-2601929	NB551033:109:HG7V5BGX9:2:11110:2691:18613#0/2	100.000	83	0	0	1971	2053	1	83	9.48e-35	154
NC_011593.1:2598858-2601929	NB551033:109:HG7V5BGX9:1:23304:14981:17218#0/2	97.753	89	2	0	1532	1620	89	1	9.48e-35	154
NC_011593.1:2598858-2601929	NB551033:109:HG7V5BGX9:4:22502:17290:3719#0/1	100.000	83	0	0	1897	1979	2	84	9.48e-35	154
NC_011593.1:2598858-2601929	NB551033:109:HG7V5BGX9:2:11110:2691:18613#0/1	100.000	83	0	0	1971	2053	83	1	9.48e-35	154
NC_011593.1:2598858-2601929	NB551033:109:HG7V5BGX9:1:23304:14981:17218#0/1	97.753	89	2	0	1532	1620	1	89	9.48e-35	154
NC_011593.1:2598858-2601929	NB551033:109:HG7V5BGX9:3:11506:10276:18373#0/1	98.824	85	1	0	2242	2326	85	1	3.41e-34	152
NC_011593.1:2598858-2601929	NB551033:109:HG7V5BGX9:1:12202:4605:4160#0/1	97.727	88	2	0	771	858	88	1	3.41e-34	152
NC_011593.1:2598858-2601929	NB551033:109:HG7V5BGX9:4:12407:22440:4981#0/1	97.701	87	2	0	1016	1102	1	87	1.23e-33	150
NC_011593.1:2598858-2601929	NB551033:109:HG7V5BGX9:4:12407:22440:4981#0/2	97.674	86	2	0	1017	1102	86	1	4.41e-33	148
NC_011593.1:2598858-2601929	NB551033:109:HG7V5BGX9:1:13308:11633:4734#0/2	100.000	80	0	0	1941	2020	1	80	4.41e-33	148
NC_011593.1:2598858-2601929	NB551033:109:HG7V5BGX9:3:21412:23728:4609#0/2	100.000	79	0	0	231	309	79	1	1.59e-32	147
NC_011593.1:2598858-2601929	NB551033:109:HG7V5BGX9:1:22306:5097:2234#0/2	96.591	88	3	0	1041	1128	88	1	1.59e-32	147
NC_011593.1:2598858-2601929	NB551033:109:HG7V5BGX9:3:23608:1403:14529#0/1	97.590	83	2	0	2990	3072	1	83	2.05e-31	143
NC_011593.1:2598858-2601929	NB551033:109:HG7V5BGX9:1:13112:11756:11063#0/1	97.468	79	2	0	1923	2001	1	79	3.44e-29	135
NC_011593.1:2598858-2601929	NB551033:109:HG7V5BGX9:1:23206:13708:2891#0/2	97.260	73	2	0	1	73	46	118	7.44e-26	124
NC_011593.1:2598858-2601929	NB551033:109:HG7V5BGX9:1:23206:13708:2891#0/1	97.260	73	2	0	1	73	73	1	7.44e-26	124
NC_011593.1:2598858-2601929	NB551033:109:HG7V5BGX9:4:12505:22102:7943#0/2	97.222	72	2	0	3001	3072	1	72	2.67e-25	122
NC_011593.1:2598858-2601929	NB551033:109:HG7V5BGX9:1:11207:5598:4186#0/2	97.619	42	1	0	628	669	148	107	2.73e-10	73.1
NC_011593.1:2598858-2601929	NB551033:109:HG7V5BGX9:2:23201:4641:6806#0/2	97.436	39	1	0	1	39	59	97	1.27e-08	67.6
NC_011593.1:2598858-2601929	NB551033:109:HG7V5BGX9:2:23201:4641:6806#0/1	97.436	39	1	0	1	39	39	1	1.27e-08	67.6
# BLASTN 2.9.0+
# Query: NC_011593.1:c2604454-2602106 Bifidobacterium longum subsp. infantis ATCC 15697, complete genome
# Database: db/blast_C0686-1E-1A_S13.faa
# 0 hits found
# BLASTN 2.9.0+
# Query: NC_011593.1:c2605922-2604486 Bifidobacterium longum subsp. infantis ATCC 15697, complete genome
# Database: db/blast_C0686-1E-1A_S13.faa
# 0 hits found
# BLASTN 2.9.0+
# Query: NC_011593.1:c2606381-2605944 Bifidobacterium longum subsp. infantis ATCC 15697, complete genome
# Database: db/blast_C0686-1E-1A_S13.faa
# 0 hits found
# BLASTN 2.9.0+
# Query: NC_011593.1:c2607314-2606418 Bifidobacterium longum subsp. infantis ATCC 15697, complete genome
# Database: db/blast_C0686-1E-1A_S13.faa
# 0 hits found
# BLASTN 2.9.0+
# Query: NC_011593.1:c2608249-2607458 Bifidobacterium longum subsp. infantis ATCC 15697, complete genome
# Database: db/blast_C0686-1E-1A_S13.faa
# Fields: query acc.ver, subject acc.ver, % identity, alignment length, mismatches, gap opens, q. start, q. end, s. start, s. end, evalue, bit score
# 5 hits found
NC_011593.1:c2608249-2607458	NB551033:109:HG7V5BGX9:4:23607:3310:10707#0/2	97.778	90	2	0	703	792	3	92	6.69e-36	156
NC_011593.1:c2608249-2607458	NB551033:109:HG7V5BGX9:4:12512:13169:7460#0/2	96.000	75	3	0	343	417	1	75	6.78e-26	122
NC_011593.1:c2608249-2607458	NB551033:109:HG7V5BGX9:4:12512:13169:7460#0/1	96.000	75	3	0	343	417	75	1	6.78e-26	122
NC_011593.1:c2608249-2607458	NB551033:109:HG7V5BGX9:3:23407:20614:11613#0/2	95.161	62	3	0	731	792	151	90	1.14e-18	99.0
NC_011593.1:c2608249-2607458	NB551033:109:HG7V5BGX9:4:23607:3310:10707#0/1	100.000	45	0	0	748	792	120	76	3.20e-14	84.2
# BLASTN 2.9.0+
# Query: NC_011593.1:c2609546-2608269 Bifidobacterium longum subsp. infantis ATCC 15697, complete genome
# Database: db/blast_C0686-1E-1A_S13.faa
# 0 hits found
# BLASTN 2.9.0+
# Query: NC_011593.1:c2610356-2609697 Bifidobacterium longum subsp. infantis ATCC 15697, complete genome
# Database: db/blast_C0686-1E-1A_S13.faa
# 0 hits found
# BLASTN 2.9.0+
# Query: NC_011593.1:c2611458-2610496 Bifidobacterium longum subsp. infantis ATCC 15697, complete genome
# Database: db/blast_C0686-1E-1A_S13.faa
# 0 hits found
# BLASTN 2.9.0+
# Query: NC_011593.1:c2612430-2611477 Bifidobacterium longum subsp. infantis ATCC 15697, complete genome
# Database: db/blast_C0686-1E-1A_S13.faa
# 0 hits found
# BLASTN 2.9.0+
# Query: NC_011593.1:c2614109-2612517 Bifidobacterium longum subsp. infantis ATCC 15697, complete genome
# Database: db/blast_C0686-1E-1A_S13.faa
# 0 hits found
# BLASTN 2.9.0+
# Query: NC_011593.1:c2615274-2614312 Bifidobacterium longum subsp. infantis ATCC 15697, complete genome
# Database: db/blast_C0686-1E-1A_S13.faa
# 0 hits found
# BLASTN 2.9.0+
# Query: NC_011593.1:c2616246-2615293 Bifidobacterium longum subsp. infantis ATCC 15697, complete genome
# Database: db/blast_C0686-1E-1A_S13.faa
# 0 hits found
# BLASTN 2.9.0+
# Query: NC_011593.1:c2617928-2616333 Bifidobacterium longum subsp. infantis ATCC 15697, complete genome
# Database: db/blast_C0686-1E-1A_S13.faa
# 0 hits found
# BLASTN 2.9.0+
# Query: NC_011593.1:c2619247-2618063 Bifidobacterium longum subsp. infantis ATCC 15697, complete genome
# Database: db/blast_C0686-1E-1A_S13.faa
# 0 hits found
# BLASTN 2.9.0+
# Query: NC_011593.1:c2620369-2619413 Bifidobacterium longum subsp. infantis ATCC 15697, complete genome
# Database: db/blast_C0686-1E-1A_S13.faa
# 0 hits found
# BLASTN 2.9.0+
# Query: NC_011593.1:c2622143-2620551 Bifidobacterium longum subsp. infantis ATCC 15697, complete genome
# Database: db/blast_C0686-1E-1A_S13.faa
# 0 hits found
# BLASTN 2.9.0+
# Query: NC_011593.1:c2624124-2622520 Bifidobacterium longum subsp. infantis ATCC 15697, complete genome
# Database: db/blast_C0686-1E-1A_S13.faa
# 0 hits found
# BLASTN 2.9.0+
# Query: NC_011593.1:c2626110-2624512 Bifidobacterium longum subsp. infantis ATCC 15697, complete genome
# Database: db/blast_C0686-1E-1A_S13.faa
# 0 hits found
# BLASTN 2.9.0+
# Query: NC_011593.1:c2626386-2626264 Bifidobacterium longum subsp. infantis ATCC 15697, complete genome
# Database: db/blast_C0686-1E-1A_S13.faa
# 0 hits found
# BLASTN 2.9.0+
# Query: NC_011593.1:c2628158-2626563 Bifidobacterium longum subsp. infantis ATCC 15697, complete genome
# Database: db/blast_C0686-1E-1A_S13.faa
# 0 hits found
# BLASTN 2.9.0+
# Query: NC_011593.1:c2630269-2628314 Bifidobacterium longum subsp. infantis ATCC 15697, complete genome
# Database: db/blast_C0686-1E-1A_S13.faa
# 0 hits found
# BLASTN 2.9.0+
# Query: NC_011593.1:c2631106-2630366 Bifidobacterium longum subsp. infantis ATCC 15697, complete genome
# Database: db/blast_C0686-1E-1A_S13.faa
# 0 hits found
# BLASTN 2.9.0+
# Query: NC_011593.1:c2632432-2631140 Bifidobacterium longum subsp. infantis ATCC 15697, complete genome
# Database: db/blast_C0686-1E-1A_S13.faa
# 0 hits found
# BLASTN 2.9.0+
# Query: NC_011593.1:c2633881-2632562 Bifidobacterium longum subsp. infantis ATCC 15697, complete genome
# Database: db/blast_C0686-1E-1A_S13.faa
# 0 hits found
# BLASTN 2.9.0+
# Query: NC_011593.1:c2634683-2633865 Bifidobacterium longum subsp. infantis ATCC 15697, complete genome
# Database: db/blast_C0686-1E-1A_S13.faa
# 0 hits found
# BLASTN 2.9.0+
# Query: NC_011593.1:c2635627-2634680 Bifidobacterium longum subsp. infantis ATCC 15697, complete genome
# Database: db/blast_C0686-1E-1A_S13.faa
# 0 hits found
# BLASTN 2.9.0+
# Query: NC_011593.1:c2636747-2635629 Bifidobacterium longum subsp. infantis ATCC 15697, complete genome
# Database: db/blast_C0686-1E-1A_S13.faa
# 0 hits found
# BLAST processed 31 queries
