# BLASTN 2.9.0+
# Query: NC_011593.1:c2595355-2593832 Bifidobacterium longum subsp. infantis ATCC 15697, complete genome
# Database: db/blast_C0692-3F-1A_S79.faa
# Fields: query acc.ver, subject acc.ver, % identity, alignment length, mismatches, gap opens, q. start, q. end, s. start, s. end, evalue, bit score
# 228 hits found
NC_011593.1:c2595355-2593832	NB551033:137:HK33LBGX9:4:12509:7798:2195#0/2	99.338	151	1	0	1022	1172	151	1	2.85e-71	274
NC_011593.1:c2595355-2593832	NB551033:137:HK33LBGX9:4:11612:3811:12382#0/2	99.338	151	1	0	356	506	1	151	2.85e-71	274
NC_011593.1:c2595355-2593832	NB551033:137:HK33LBGX9:2:22108:4757:4789#0/1	99.338	151	1	0	933	1083	1	151	2.85e-71	274
NC_011593.1:c2595355-2593832	NB551033:137:HK33LBGX9:1:21310:9091:3592#0/1	99.338	151	1	0	1021	1171	1	151	2.85e-71	274
NC_011593.1:c2595355-2593832	NB551033:137:HK33LBGX9:3:12402:11313:16210#0/2	99.333	150	1	0	995	1144	1	150	1.03e-70	272
NC_011593.1:c2595355-2593832	NB551033:137:HK33LBGX9:2:22108:4757:4789#0/2	99.333	150	1	0	986	1135	150	1	1.03e-70	272
NC_011593.1:c2595355-2593832	NB551033:137:HK33LBGX9:1:23307:9983:3372#0/2	99.333	150	1	0	936	1085	150	1	1.03e-70	272
NC_011593.1:c2595355-2593832	NB551033:137:HK33LBGX9:1:21309:12890:11487#0/2	99.333	150	1	0	916	1065	150	1	1.03e-70	272
NC_011593.1:c2595355-2593832	NB551033:137:HK33LBGX9:4:12509:7798:2195#0/1	99.333	150	1	0	1011	1160	1	150	1.03e-70	272
NC_011593.1:c2595355-2593832	NB551033:137:HK33LBGX9:2:12306:8530:20067#0/1	99.333	150	1	0	949	1098	150	1	1.03e-70	272
NC_011593.1:c2595355-2593832	NB551033:137:HK33LBGX9:2:13302:19783:11201#0/2	98.675	151	2	0	1079	1229	151	1	1.33e-69	268
NC_011593.1:c2595355-2593832	NB551033:137:HK33LBGX9:1:12106:21652:17119#0/2	98.675	151	2	0	1048	1198	151	1	1.33e-69	268
NC_011593.1:c2595355-2593832	NB551033:137:HK33LBGX9:3:22504:20252:14942#0/1	98.675	151	2	0	1081	1231	1	151	1.33e-69	268
NC_011593.1:c2595355-2593832	NB551033:137:HK33LBGX9:2:13302:19783:11201#0/1	98.675	151	2	0	1063	1213	1	151	1.33e-69	268
NC_011593.1:c2595355-2593832	NB551033:137:HK33LBGX9:2:12205:8694:16467#0/1	98.675	151	2	0	1034	1184	151	1	1.33e-69	268
NC_011593.1:c2595355-2593832	NB551033:137:HK33LBGX9:2:11312:8706:16277#0/1	98.675	151	2	0	444	594	151	1	1.33e-69	268
NC_011593.1:c2595355-2593832	NB551033:137:HK33LBGX9:1:23106:8991:17580#0/1	98.675	151	2	0	369	519	151	1	1.33e-69	268
NC_011593.1:c2595355-2593832	NB551033:137:HK33LBGX9:4:11602:6218:15238#0/2	98.667	150	2	0	94	243	1	150	4.77e-69	267
NC_011593.1:c2595355-2593832	NB551033:137:HK33LBGX9:3:23602:14020:5660#0/2	98.667	150	2	0	446	595	150	1	4.77e-69	267
NC_011593.1:c2595355-2593832	NB551033:137:HK33LBGX9:2:13301:10719:13393#0/2	98.667	150	2	0	371	520	1	150	4.77e-69	267
NC_011593.1:c2595355-2593832	NB551033:137:HK33LBGX9:2:13207:1958:5067#0/2	98.667	150	2	0	1130	1279	1	150	4.77e-69	267
NC_011593.1:c2595355-2593832	NB551033:137:HK33LBGX9:1:12111:22393:11656#0/2	98.667	150	2	0	450	599	1	150	4.77e-69	267
NC_011593.1:c2595355-2593832	NB551033:137:HK33LBGX9:4:22501:10439:8633#0/1	98.667	150	2	0	352	501	1	150	4.77e-69	267
NC_011593.1:c2595355-2593832	NB551033:137:HK33LBGX9:4:22411:25700:20170#0/1	98.667	150	2	0	371	520	1	150	4.77e-69	267
NC_011593.1:c2595355-2593832	NB551033:137:HK33LBGX9:3:12402:11313:16210#0/1	98.667	150	2	0	1080	1229	150	1	4.77e-69	267
NC_011593.1:c2595355-2593832	NB551033:137:HK33LBGX9:1:12106:21652:17119#0/1	98.667	150	2	0	898	1047	1	150	4.77e-69	267
NC_011593.1:c2595355-2593832	NB551033:137:HK33LBGX9:4:11401:14070:15105#0/2	98.658	149	2	0	978	1126	1	149	1.72e-68	265
NC_011593.1:c2595355-2593832	NB551033:137:HK33LBGX9:3:13503:21690:5419#0/2	98.658	149	2	0	746	894	1	149	1.72e-68	265
NC_011593.1:c2595355-2593832	NB551033:137:HK33LBGX9:2:21305:24062:15932#0/2	98.658	149	2	0	971	1119	1	149	1.72e-68	265
NC_011593.1:c2595355-2593832	NB551033:137:HK33LBGX9:2:12205:8694:16467#0/2	99.315	146	1	0	967	1112	1	146	1.72e-68	265
NC_011593.1:c2595355-2593832	NB551033:137:HK33LBGX9:2:13102:6148:5949#0/1	98.658	149	2	0	506	654	1	149	1.72e-68	265
NC_011593.1:c2595355-2593832	NB551033:137:HK33LBGX9:2:12204:15589:19039#0/1	98.658	149	2	0	420	568	149	1	1.72e-68	265
NC_011593.1:c2595355-2593832	NB551033:137:HK33LBGX9:4:12612:23890:16581#0/2	98.013	151	3	0	410	560	1	151	6.17e-68	263
NC_011593.1:c2595355-2593832	NB551033:137:HK33LBGX9:2:21108:1293:10503#0/2	98.013	151	3	0	502	652	1	151	6.17e-68	263
NC_011593.1:c2595355-2593832	NB551033:137:HK33LBGX9:2:11312:8706:16277#0/2	98.013	151	3	0	410	560	1	151	6.17e-68	263
NC_011593.1:c2595355-2593832	NB551033:137:HK33LBGX9:1:21208:11429:17365#0/2	98.013	151	3	0	801	951	1	151	6.17e-68	263
NC_011593.1:c2595355-2593832	NB551033:137:HK33LBGX9:1:11207:19132:3690#0/2	98.013	151	3	0	346	496	151	1	6.17e-68	263
NC_011593.1:c2595355-2593832	NB551033:137:HK33LBGX9:4:12612:23890:16581#0/1	98.013	151	3	0	479	629	151	1	6.17e-68	263
NC_011593.1:c2595355-2593832	NB551033:137:HK33LBGX9:3:22507:4087:15841#0/1	98.013	151	3	0	496	646	1	151	6.17e-68	263
NC_011593.1:c2595355-2593832	NB551033:137:HK33LBGX9:3:13503:21690:5419#0/1	98.013	151	3	0	807	957	151	1	6.17e-68	263
NC_011593.1:c2595355-2593832	NB551033:137:HK33LBGX9:2:21210:19872:18433#0/1	98.013	151	3	0	1178	1328	1	151	6.17e-68	263
NC_011593.1:c2595355-2593832	NB551033:137:HK33LBGX9:2:13101:15568:14132#0/1	98.013	151	3	0	749	899	151	1	6.17e-68	263
NC_011593.1:c2595355-2593832	NB551033:137:HK33LBGX9:2:11201:18455:11348#0/1	98.013	151	3	0	414	564	151	1	6.17e-68	263
NC_011593.1:c2595355-2593832	NB551033:137:HK33LBGX9:1:21309:12890:11487#0/1	98.013	151	3	0	801	951	1	151	6.17e-68	263
NC_011593.1:c2595355-2593832	NB551033:137:HK33LBGX9:1:21208:11429:17365#0/1	98.013	151	3	0	807	957	151	1	6.17e-68	263
NC_011593.1:c2595355-2593832	NB551033:137:HK33LBGX9:4:22401:13999:7105#0/2	98.000	150	3	0	1170	1319	1	150	2.22e-67	261
NC_011593.1:c2595355-2593832	NB551033:137:HK33LBGX9:3:21510:22409:18917#0/2	98.000	150	3	0	103	252	150	1	2.22e-67	261
NC_011593.1:c2595355-2593832	NB551033:137:HK33LBGX9:2:22204:9372:10039#0/2	98.000	150	3	0	803	952	150	1	2.22e-67	261
NC_011593.1:c2595355-2593832	NB551033:137:HK33LBGX9:2:21109:26754:10502#0/2	98.000	150	3	0	502	651	1	150	2.22e-67	261
NC_011593.1:c2595355-2593832	NB551033:137:HK33LBGX9:1:23207:11212:18638#0/2	98.000	150	3	0	830	979	150	1	2.22e-67	261
NC_011593.1:c2595355-2593832	NB551033:137:HK33LBGX9:1:21310:9091:3592#0/2	98.000	150	3	0	1108	1257	150	1	2.22e-67	261
NC_011593.1:c2595355-2593832	NB551033:137:HK33LBGX9:1:11203:8039:19210#0/2	98.000	150	3	0	42	191	1	150	2.22e-67	261
NC_011593.1:c2595355-2593832	NB551033:137:HK33LBGX9:4:22612:15190:11861#0/1	98.000	150	3	0	18	167	150	1	2.22e-67	261
NC_011593.1:c2595355-2593832	NB551033:137:HK33LBGX9:4:22402:10781:12798#0/1	98.000	150	3	0	701	850	150	1	2.22e-67	261
NC_011593.1:c2595355-2593832	NB551033:137:HK33LBGX9:2:13301:10719:13393#0/1	98.000	150	3	0	494	643	150	1	2.22e-67	261
NC_011593.1:c2595355-2593832	NB551033:137:HK33LBGX9:4:13405:5845:10949#0/2	99.301	143	1	0	939	1081	143	1	7.98e-67	259
NC_011593.1:c2595355-2593832	NB551033:137:HK33LBGX9:3:12401:22672:13031#0/2	97.987	149	3	0	1190	1338	1	149	7.98e-67	259
NC_011593.1:c2595355-2593832	NB551033:137:HK33LBGX9:1:22303:15785:10681#0/2	98.630	146	2	0	1084	1229	146	1	7.98e-67	259
NC_011593.1:c2595355-2593832	NB551033:137:HK33LBGX9:4:13405:5845:10949#0/1	99.301	143	1	0	939	1081	1	143	7.98e-67	259
NC_011593.1:c2595355-2593832	NB551033:137:HK33LBGX9:2:11201:14610:3321#0/1	97.987	149	3	0	811	959	1	149	7.98e-67	259
NC_011593.1:c2595355-2593832	NB551033:137:HK33LBGX9:2:11108:15122:4030#0/1	97.987	149	3	0	1211	1359	1	149	7.98e-67	259
NC_011593.1:c2595355-2593832	NB551033:137:HK33LBGX9:1:22303:15785:10681#0/1	98.630	146	2	0	1084	1229	1	146	7.98e-67	259
NC_011593.1:c2595355-2593832	NB551033:137:HK33LBGX9:1:11207:19132:3690#0/1	97.987	149	3	0	332	480	1	149	7.98e-67	259
NC_011593.1:c2595355-2593832	NB551033:137:HK33LBGX9:4:22411:25700:20170#0/2	97.973	148	3	0	531	678	150	3	2.87e-66	257
NC_011593.1:c2595355-2593832	NB551033:137:HK33LBGX9:2:12306:8530:20067#0/2	97.351	151	4	0	847	997	1	151	2.87e-66	257
NC_011593.1:c2595355-2593832	NB551033:137:HK33LBGX9:2:12112:6138:12818#0/2	97.351	151	4	0	145	295	151	1	2.87e-66	257
NC_011593.1:c2595355-2593832	NB551033:137:HK33LBGX9:2:11201:14610:3321#0/2	97.351	151	4	0	855	1005	151	1	2.87e-66	257
NC_011593.1:c2595355-2593832	NB551033:137:HK33LBGX9:2:11101:25606:12244#0/2	97.351	151	4	0	11	161	151	1	2.87e-66	257
NC_011593.1:c2595355-2593832	NB551033:137:HK33LBGX9:4:21408:10424:12139#0/1	97.351	151	4	0	844	994	1	151	2.87e-66	257
NC_011593.1:c2595355-2593832	NB551033:137:HK33LBGX9:3:12404:17678:5061#0/1	97.351	151	4	0	697	847	151	1	2.87e-66	257
NC_011593.1:c2595355-2593832	NB551033:137:HK33LBGX9:3:11507:25016:20209#0/1	97.351	151	4	0	1178	1328	1	151	2.87e-66	257
NC_011593.1:c2595355-2593832	NB551033:137:HK33LBGX9:2:23307:9155:16453#0/1	97.351	151	4	0	132	282	1	151	2.87e-66	257
NC_011593.1:c2595355-2593832	NB551033:137:HK33LBGX9:2:13202:6870:5394#0/1	97.351	151	4	0	130	280	1	151	2.87e-66	257
NC_011593.1:c2595355-2593832	NB551033:137:HK33LBGX9:1:12111:26058:3885#0/1	97.351	151	4	0	67	217	151	1	2.87e-66	257
NC_011593.1:c2595355-2593832	NB551033:137:HK33LBGX9:4:21410:24824:15804#0/2	97.333	150	4	0	165	314	1	150	1.03e-65	255
NC_011593.1:c2595355-2593832	NB551033:137:HK33LBGX9:2:22110:17185:12099#0/2	97.333	150	4	0	397	546	150	1	1.03e-65	255
NC_011593.1:c2595355-2593832	NB551033:137:HK33LBGX9:2:11201:18455:11348#0/2	97.333	150	4	0	64	213	1	150	1.03e-65	255
NC_011593.1:c2595355-2593832	NB551033:137:HK33LBGX9:2:11111:4451:7142#0/2	97.333	150	4	0	159	308	1	150	1.03e-65	255
NC_011593.1:c2595355-2593832	NB551033:137:HK33LBGX9:1:23106:8991:17580#0/2	97.333	150	4	0	141	290	1	150	1.03e-65	255
NC_011593.1:c2595355-2593832	NB551033:137:HK33LBGX9:4:11602:6218:15238#0/1	97.333	150	4	0	152	301	150	1	1.03e-65	255
NC_011593.1:c2595355-2593832	NB551033:137:HK33LBGX9:3:13507:22474:1395#0/1	97.333	150	4	0	1258	1407	1	150	1.03e-65	255
NC_011593.1:c2595355-2593832	NB551033:137:HK33LBGX9:2:22302:20733:5868#0/1	97.333	150	4	0	1258	1407	1	150	1.03e-65	255
NC_011593.1:c2595355-2593832	NB551033:137:HK33LBGX9:2:22110:17185:12099#0/1	97.333	150	4	0	323	472	1	150	1.03e-65	255
NC_011593.1:c2595355-2593832	NB551033:137:HK33LBGX9:2:21309:9188:18580#0/1	97.333	150	4	0	118	267	150	1	1.03e-65	255
NC_011593.1:c2595355-2593832	NB551033:137:HK33LBGX9:2:12112:6138:12818#0/1	97.333	150	4	0	94	243	1	150	1.03e-65	255
NC_011593.1:c2595355-2593832	NB551033:137:HK33LBGX9:1:23307:9983:3372#0/1	97.959	147	3	0	883	1029	1	147	1.03e-65	255
NC_011593.1:c2595355-2593832	NB551033:137:HK33LBGX9:1:12103:14841:10913#0/1	97.333	150	4	0	53	202	150	1	1.03e-65	255
NC_011593.1:c2595355-2593832	NB551033:137:HK33LBGX9:4:12405:8617:17274#0/2	99.286	140	1	0	1013	1152	1	140	3.71e-65	254
NC_011593.1:c2595355-2593832	NB551033:137:HK33LBGX9:2:21302:19170:5185#0/2	97.315	149	4	0	159	307	1	149	3.71e-65	254
NC_011593.1:c2595355-2593832	NB551033:137:HK33LBGX9:4:12405:8617:17274#0/1	99.286	140	1	0	1013	1152	140	1	3.71e-65	254
NC_011593.1:c2595355-2593832	NB551033:137:HK33LBGX9:3:11507:25016:20209#0/2	96.689	151	5	0	1301	1451	151	1	1.34e-64	252
NC_011593.1:c2595355-2593832	NB551033:137:HK33LBGX9:2:21210:19872:18433#0/2	97.297	148	4	0	1323	1470	150	3	1.34e-64	252
NC_011593.1:c2595355-2593832	NB551033:137:HK33LBGX9:2:13102:6148:5949#0/2	96.689	151	5	0	596	746	151	1	1.34e-64	252
NC_011593.1:c2595355-2593832	NB551033:137:HK33LBGX9:1:13204:16541:18256#0/2	96.689	151	5	0	610	760	1	151	1.34e-64	252
NC_011593.1:c2595355-2593832	NB551033:137:HK33LBGX9:4:22510:11227:2135#0/1	96.689	151	5	0	308	458	151	1	1.34e-64	252
NC_011593.1:c2595355-2593832	NB551033:137:HK33LBGX9:4:22504:9790:12885#0/1	96.689	151	5	0	154	304	1	151	1.34e-64	252
NC_011593.1:c2595355-2593832	NB551033:137:HK33LBGX9:3:23602:14020:5660#0/1	96.689	151	5	0	256	406	1	151	1.34e-64	252
NC_011593.1:c2595355-2593832	NB551033:137:HK33LBGX9:2:11109:20993:1895#0/1	96.689	151	5	0	130	280	1	151	1.34e-64	252
NC_011593.1:c2595355-2593832	NB551033:137:HK33LBGX9:1:11203:8039:19210#0/1	96.689	151	5	0	186	336	151	1	1.34e-64	252
NC_011593.1:c2595355-2593832	NB551033:137:HK33LBGX9:4:22504:9790:12885#0/2	96.667	150	5	0	288	437	150	1	4.80e-64	250
NC_011593.1:c2595355-2593832	NB551033:137:HK33LBGX9:3:11509:5674:6299#0/2	96.667	150	5	0	288	437	150	1	4.80e-64	250
NC_011593.1:c2595355-2593832	NB551033:137:HK33LBGX9:2:22308:10685:18488#0/2	96.667	150	5	0	283	432	150	1	4.80e-64	250
NC_011593.1:c2595355-2593832	NB551033:137:HK33LBGX9:2:13101:15568:14132#0/2	96.667	150	5	0	610	759	1	150	4.80e-64	250
NC_011593.1:c2595355-2593832	NB551033:137:HK33LBGX9:1:21310:4444:8611#0/2	96.667	150	5	0	615	764	1	150	4.80e-64	250
NC_011593.1:c2595355-2593832	NB551033:137:HK33LBGX9:4:23407:8900:15618#0/1	96.667	150	5	0	190	339	1	150	4.80e-64	250
NC_011593.1:c2595355-2593832	NB551033:137:HK33LBGX9:3:11509:5674:6299#0/1	96.667	150	5	0	245	394	2	151	4.80e-64	250
NC_011593.1:c2595355-2593832	NB551033:137:HK33LBGX9:2:22204:9372:10039#0/1	96.667	150	5	0	705	854	1	150	4.80e-64	250
NC_011593.1:c2595355-2593832	NB551033:137:HK33LBGX9:2:21206:12056:16681#0/1	97.279	147	4	0	272	418	1	147	4.80e-64	250
NC_011593.1:c2595355-2593832	NB551033:137:HK33LBGX9:2:11111:4451:7142#0/1	96.667	150	5	0	191	340	150	1	4.80e-64	250
NC_011593.1:c2595355-2593832	NB551033:137:HK33LBGX9:3:22507:4087:15841#0/2	96.644	149	5	0	670	818	149	1	1.73e-63	248
NC_011593.1:c2595355-2593832	NB551033:137:HK33LBGX9:2:11108:15122:4030#0/2	96.644	149	5	0	1274	1422	149	1	1.73e-63	248
NC_011593.1:c2595355-2593832	NB551033:137:HK33LBGX9:1:21105:1942:8275#0/2	98.571	140	2	0	429	568	140	1	1.73e-63	248
NC_011593.1:c2595355-2593832	NB551033:137:HK33LBGX9:2:22308:10685:18488#0/1	96.644	149	5	0	175	323	1	149	1.73e-63	248
NC_011593.1:c2595355-2593832	NB551033:137:HK33LBGX9:1:21105:1942:8275#0/1	98.571	140	2	0	429	568	1	140	1.73e-63	248
NC_011593.1:c2595355-2593832	NB551033:137:HK33LBGX9:1:13204:16541:18256#0/1	96.644	149	5	0	670	818	149	1	1.73e-63	248
NC_011593.1:c2595355-2593832	NB551033:137:HK33LBGX9:1:12111:22393:11656#0/1	96.644	149	5	0	616	764	149	1	1.73e-63	248
NC_011593.1:c2595355-2593832	NB551033:137:HK33LBGX9:4:23407:8900:15618#0/2	96.026	151	6	0	214	364	151	1	6.21e-63	246
NC_011593.1:c2595355-2593832	NB551033:137:HK33LBGX9:3:12404:17678:5061#0/2	96.026	151	6	0	625	775	1	151	6.21e-63	246
NC_011593.1:c2595355-2593832	NB551033:137:HK33LBGX9:2:23307:2631:17331#0/2	99.265	136	1	0	942	1077	136	1	6.21e-63	246
NC_011593.1:c2595355-2593832	NB551033:137:HK33LBGX9:2:11109:20993:1895#0/2	96.026	151	6	0	230	380	151	1	6.21e-63	246
NC_011593.1:c2595355-2593832	NB551033:137:HK33LBGX9:1:12112:23592:16748#0/2	96.026	151	6	0	186	336	151	1	6.21e-63	246
NC_011593.1:c2595355-2593832	NB551033:137:HK33LBGX9:4:21410:24824:15804#0/1	96.622	148	5	0	245	392	148	1	6.21e-63	246
NC_011593.1:c2595355-2593832	NB551033:137:HK33LBGX9:3:23608:22989:13951#0/1	96.026	151	6	0	659	809	151	1	6.21e-63	246
NC_011593.1:c2595355-2593832	NB551033:137:HK33LBGX9:2:23307:2631:17331#0/1	99.265	136	1	0	942	1077	1	136	6.21e-63	246
NC_011593.1:c2595355-2593832	NB551033:137:HK33LBGX9:4:22402:10781:12798#0/2	96.000	150	6	0	666	815	1	150	2.24e-62	244
NC_011593.1:c2595355-2593832	NB551033:137:HK33LBGX9:4:21407:14086:9170#0/2	96.000	150	6	0	625	774	1	150	2.24e-62	244
NC_011593.1:c2595355-2593832	NB551033:137:HK33LBGX9:3:12404:6153:7614#0/2	96.000	150	6	0	622	771	150	1	2.24e-62	244
NC_011593.1:c2595355-2593832	NB551033:137:HK33LBGX9:2:23307:9155:16453#0/2	96.000	150	6	0	215	364	150	1	2.24e-62	244
NC_011593.1:c2595355-2593832	NB551033:137:HK33LBGX9:2:22212:12669:12128#0/2	96.000	150	6	0	627	776	150	1	2.24e-62	244
NC_011593.1:c2595355-2593832	NB551033:137:HK33LBGX9:2:13202:6870:5394#0/2	96.000	150	6	0	216	365	150	1	2.24e-62	244
NC_011593.1:c2595355-2593832	NB551033:137:HK33LBGX9:2:12204:15589:19039#0/2	96.000	150	6	0	223	372	1	150	2.24e-62	244
NC_011593.1:c2595355-2593832	NB551033:137:HK33LBGX9:1:22309:9025:9176#0/2	96.000	150	6	0	241	390	150	1	2.24e-62	244
NC_011593.1:c2595355-2593832	NB551033:137:HK33LBGX9:1:22210:19150:19378#0/2	96.000	150	6	0	647	796	1	150	2.24e-62	244
NC_011593.1:c2595355-2593832	NB551033:137:HK33LBGX9:1:22107:14219:3436#0/2	98.551	138	2	0	1077	1214	1	138	2.24e-62	244
NC_011593.1:c2595355-2593832	NB551033:137:HK33LBGX9:4:22404:23727:5664#0/1	96.000	150	6	0	241	390	150	1	2.24e-62	244
NC_011593.1:c2595355-2593832	NB551033:137:HK33LBGX9:4:21407:14086:9170#0/1	96.000	150	6	0	655	804	150	1	2.24e-62	244
NC_011593.1:c2595355-2593832	NB551033:137:HK33LBGX9:2:22212:12669:12128#0/1	96.000	150	6	0	578	727	1	150	2.24e-62	244
NC_011593.1:c2595355-2593832	NB551033:137:HK33LBGX9:2:21302:19170:5185#0/1	96.000	150	6	0	660	809	150	1	2.24e-62	244
NC_011593.1:c2595355-2593832	NB551033:137:HK33LBGX9:2:21109:26754:10502#0/1	96.000	150	6	0	660	809	150	1	2.24e-62	244
NC_011593.1:c2595355-2593832	NB551033:137:HK33LBGX9:2:21108:1293:10503#0/1	96.000	150	6	0	660	809	150	1	2.24e-62	244
NC_011593.1:c2595355-2593832	NB551033:137:HK33LBGX9:1:23207:11212:18638#0/1	96.000	150	6	0	627	776	1	150	2.24e-62	244
NC_011593.1:c2595355-2593832	NB551033:137:HK33LBGX9:1:22210:19150:19378#0/1	96.000	150	6	0	660	809	150	1	2.24e-62	244
NC_011593.1:c2595355-2593832	NB551033:137:HK33LBGX9:1:22107:14219:3436#0/1	98.551	138	2	0	1077	1214	138	1	2.24e-62	244
NC_011593.1:c2595355-2593832	NB551033:137:HK33LBGX9:1:21310:4444:8611#0/1	96.000	150	6	0	655	804	150	1	2.24e-62	244
NC_011593.1:c2595355-2593832	NB551033:137:HK33LBGX9:3:23608:22989:13951#0/2	95.973	149	6	0	634	782	1	149	8.04e-62	243
NC_011593.1:c2595355-2593832	NB551033:137:HK33LBGX9:3:21407:22448:6041#0/2	95.946	148	6	0	39	186	148	1	2.89e-61	241
NC_011593.1:c2595355-2593832	NB551033:137:HK33LBGX9:1:11205:2774:7768#0/1	95.364	151	7	0	644	794	151	1	2.89e-61	241
NC_011593.1:c2595355-2593832	NB551033:137:HK33LBGX9:3:13605:4179:13554#0/2	97.826	138	3	0	556	693	1	138	1.04e-60	239
NC_011593.1:c2595355-2593832	NB551033:137:HK33LBGX9:4:11402:1898:13271#0/2	97.143	140	4	0	187	326	140	1	3.74e-60	237
NC_011593.1:c2595355-2593832	NB551033:137:HK33LBGX9:3:22504:20252:14942#0/2	97.810	137	3	0	1334	1470	149	13	3.74e-60	237
NC_011593.1:c2595355-2593832	NB551033:137:HK33LBGX9:3:21406:5567:13721#0/2	98.507	134	2	0	1096	1229	134	1	3.74e-60	237
NC_011593.1:c2595355-2593832	NB551033:137:HK33LBGX9:1:11205:2774:7768#0/2	95.302	149	7	0	594	742	1	149	3.74e-60	237
NC_011593.1:c2595355-2593832	NB551033:137:HK33LBGX9:4:11402:1898:13271#0/1	97.143	140	4	0	187	326	1	140	3.74e-60	237
NC_011593.1:c2595355-2593832	NB551033:137:HK33LBGX9:3:21406:5567:13721#0/1	98.507	134	2	0	1096	1229	1	134	3.74e-60	237
NC_011593.1:c2595355-2593832	NB551033:137:HK33LBGX9:3:13605:4179:13554#0/1	97.810	137	3	0	557	693	137	1	3.74e-60	237
NC_011593.1:c2595355-2593832	NB551033:137:HK33LBGX9:4:22401:13999:7105#0/1	97.794	136	3	0	1335	1470	151	16	1.35e-59	235
NC_011593.1:c2595355-2593832	NB551033:137:HK33LBGX9:3:12404:6153:7614#0/1	97.122	139	4	0	571	709	1	139	1.35e-59	235
NC_011593.1:c2595355-2593832	NB551033:137:HK33LBGX9:1:22304:18560:12558#0/2	97.101	138	4	0	1	138	138	1	4.84e-59	233
NC_011593.1:c2595355-2593832	NB551033:137:HK33LBGX9:3:12605:11154:15979#0/1	97.778	135	3	0	345	479	1	135	4.84e-59	233
NC_011593.1:c2595355-2593832	NB551033:137:HK33LBGX9:3:12401:22672:13031#0/1	97.037	135	4	0	1274	1408	135	1	2.25e-57	228
NC_011593.1:c2595355-2593832	NB551033:137:HK33LBGX9:1:22210:8268:17336#0/2	98.425	127	2	0	1073	1199	1	127	2.91e-56	224
NC_011593.1:c2595355-2593832	NB551033:137:HK33LBGX9:1:22304:18560:12558#0/1	96.992	133	4	0	1	133	19	151	2.91e-56	224
NC_011593.1:c2595355-2593832	NB551033:137:HK33LBGX9:1:22210:8268:17336#0/1	98.425	127	2	0	1073	1199	127	1	2.91e-56	224
NC_011593.1:c2595355-2593832	NB551033:137:HK33LBGX9:4:22404:23727:5664#0/2	98.413	126	2	0	47	172	1	126	1.05e-55	222
NC_011593.1:c2595355-2593832	NB551033:137:HK33LBGX9:4:11612:3811:12382#0/1	98.413	126	2	0	553	678	128	3	1.05e-55	222
NC_011593.1:c2595355-2593832	NB551033:137:HK33LBGX9:4:11507:3549:19274#0/1	97.674	129	3	0	1342	1470	1	129	1.05e-55	222
NC_011593.1:c2595355-2593832	NB551033:137:HK33LBGX9:3:23502:6531:9621#0/2	98.387	124	2	0	439	562	124	1	1.35e-54	219
NC_011593.1:c2595355-2593832	NB551033:137:HK33LBGX9:3:23502:6531:9621#0/1	98.387	124	2	0	439	562	1	124	1.35e-54	219
NC_011593.1:c2595355-2593832	NB551033:137:HK33LBGX9:1:23211:11719:13913#0/2	97.619	126	3	0	1345	1470	1	126	4.87e-54	217
NC_011593.1:c2595355-2593832	NB551033:137:HK33LBGX9:4:12401:21101:2862#0/2	97.581	124	3	0	858	981	1	124	6.30e-53	213
NC_011593.1:c2595355-2593832	NB551033:137:HK33LBGX9:4:12401:21101:2862#0/1	97.581	124	3	0	858	981	124	1	6.30e-53	213
NC_011593.1:c2595355-2593832	NB551033:137:HK33LBGX9:4:11401:14070:15105#0/1	97.541	122	3	0	1274	1395	122	1	8.15e-52	209
NC_011593.1:c2595355-2593832	NB551033:137:HK33LBGX9:4:21411:26843:20227#0/1	96.032	126	5	0	144	269	126	1	1.05e-50	206
NC_011593.1:c2595355-2593832	NB551033:137:HK33LBGX9:4:11507:3499:1608#0/2	95.312	128	6	0	672	799	1	128	3.79e-50	204
NC_011593.1:c2595355-2593832	NB551033:137:HK33LBGX9:4:11507:3499:1608#0/1	95.312	128	6	0	672	799	128	1	3.79e-50	204
NC_011593.1:c2595355-2593832	NB551033:137:HK33LBGX9:4:21408:10424:12139#0/2	98.261	115	2	0	1274	1388	115	1	1.36e-49	202
NC_011593.1:c2595355-2593832	NB551033:137:HK33LBGX9:3:11601:20960:2824#0/2	96.667	120	4	0	1	120	120	1	4.91e-49	200
NC_011593.1:c2595355-2593832	NB551033:137:HK33LBGX9:4:13611:15337:15208#0/2	98.230	113	2	0	450	562	113	1	1.76e-48	198
NC_011593.1:c2595355-2593832	NB551033:137:HK33LBGX9:2:23111:10508:10558#0/2	96.639	119	4	0	228	346	1	119	1.76e-48	198
NC_011593.1:c2595355-2593832	NB551033:137:HK33LBGX9:4:13611:15337:15208#0/1	98.230	113	2	0	450	562	1	113	1.76e-48	198
NC_011593.1:c2595355-2593832	NB551033:137:HK33LBGX9:2:23111:10508:10558#0/1	96.639	119	4	0	228	346	119	1	1.76e-48	198
NC_011593.1:c2595355-2593832	NB551033:137:HK33LBGX9:3:23604:23097:6686#0/1	97.345	113	3	0	835	947	113	1	8.21e-47	193
NC_011593.1:c2595355-2593832	NB551033:137:HK33LBGX9:3:13507:22474:1395#0/2	97.297	111	3	0	1360	1470	151	41	1.06e-45	189
NC_011593.1:c2595355-2593832	NB551033:137:HK33LBGX9:1:12107:10279:14772#0/2	100.000	101	0	0	999	1099	1	101	3.82e-45	187
NC_011593.1:c2595355-2593832	NB551033:137:HK33LBGX9:1:12107:10279:14772#0/1	100.000	101	0	0	999	1099	101	1	3.82e-45	187
NC_011593.1:c2595355-2593832	NB551033:137:HK33LBGX9:1:23303:12850:9052#0/2	99.029	103	1	0	737	839	1	103	1.37e-44	185
NC_011593.1:c2595355-2593832	NB551033:137:HK33LBGX9:1:23303:12850:9052#0/1	99.029	103	1	0	737	839	103	1	1.37e-44	185
NC_011593.1:c2595355-2593832	NB551033:137:HK33LBGX9:2:13207:1958:5067#0/1	98.077	104	2	0	1274	1377	104	1	1.78e-43	182
NC_011593.1:c2595355-2593832	NB551033:137:HK33LBGX9:4:12507:12561:17820#0/1	97.143	105	3	0	816	920	1	105	2.30e-42	178
NC_011593.1:c2595355-2593832	NB551033:137:HK33LBGX9:4:11610:18100:3264#0/2	96.262	107	4	0	1	107	107	1	8.27e-42	176
NC_011593.1:c2595355-2593832	NB551033:137:HK33LBGX9:4:11610:18100:3264#0/1	96.262	107	4	0	1	107	7	113	8.27e-42	176
NC_011593.1:c2595355-2593832	NB551033:137:HK33LBGX9:2:21206:12056:16681#0/2	97.087	103	3	0	692	794	103	1	2.97e-41	174
NC_011593.1:c2595355-2593832	NB551033:137:HK33LBGX9:1:13110:23317:16034#0/2	100.000	94	0	0	784	877	1	94	2.97e-41	174
NC_011593.1:c2595355-2593832	NB551033:137:HK33LBGX9:1:13110:23317:16034#0/1	100.000	94	0	0	784	877	94	1	2.97e-41	174
NC_011593.1:c2595355-2593832	NB551033:137:HK33LBGX9:2:21205:22660:3034#0/2	100.000	92	0	0	1021	1112	1	92	3.85e-40	171
NC_011593.1:c2595355-2593832	NB551033:137:HK33LBGX9:2:21205:22660:3034#0/1	100.000	92	0	0	1021	1112	94	3	3.85e-40	171
NC_011593.1:c2595355-2593832	NB551033:137:HK33LBGX9:2:22112:5819:16706#0/2	95.283	106	5	0	635	740	1	106	1.38e-39	169
NC_011593.1:c2595355-2593832	NB551033:137:HK33LBGX9:2:22112:5819:16706#0/1	95.283	106	5	0	635	740	106	1	1.38e-39	169
NC_011593.1:c2595355-2593832	NB551033:137:HK33LBGX9:2:21210:8828:16536#0/2	98.913	92	1	0	727	818	1	92	1.79e-38	165
NC_011593.1:c2595355-2593832	NB551033:137:HK33LBGX9:2:21210:8828:16536#0/1	98.913	92	1	0	727	818	92	1	1.79e-38	165
NC_011593.1:c2595355-2593832	NB551033:137:HK33LBGX9:3:23604:23097:6686#0/2	98.889	90	1	0	746	835	1	90	2.32e-37	161
NC_011593.1:c2595355-2593832	NB551033:137:HK33LBGX9:1:22204:19455:1449#0/2	96.875	96	3	0	699	794	1	96	2.32e-37	161
NC_011593.1:c2595355-2593832	NB551033:137:HK33LBGX9:1:22204:19455:1449#0/1	96.875	96	3	0	699	794	96	1	2.32e-37	161
NC_011593.1:c2595355-2593832	NB551033:137:HK33LBGX9:3:12605:11154:15979#0/2	98.864	88	1	0	393	480	88	1	3.00e-36	158
NC_011593.1:c2595355-2593832	NB551033:137:HK33LBGX9:4:12507:12561:17820#0/2	98.851	87	1	0	954	1040	87	1	1.08e-35	156
NC_011593.1:c2595355-2593832	NB551033:137:HK33LBGX9:2:21305:24062:15932#0/1	96.667	90	3	0	1381	1470	150	61	5.01e-34	150
NC_011593.1:c2595355-2593832	NB551033:137:HK33LBGX9:4:22501:10439:8633#0/2	97.647	85	2	0	465	549	85	1	6.48e-33	147
NC_011593.1:c2595355-2593832	NB551033:137:HK33LBGX9:2:11209:17958:4720#0/2	96.591	88	3	0	1	88	88	1	6.48e-33	147
NC_011593.1:c2595355-2593832	NB551033:137:HK33LBGX9:2:11209:17958:4720#0/1	96.591	88	3	0	1	88	11	98	6.48e-33	147
NC_011593.1:c2595355-2593832	NB551033:137:HK33LBGX9:3:13610:5498:7374#0/1	98.667	75	1	0	732	806	1	75	5.05e-29	134
NC_011593.1:c2595355-2593832	NB551033:137:HK33LBGX9:3:13610:5498:7374#0/2	98.649	74	1	0	733	806	79	6	1.82e-28	132
NC_011593.1:c2595355-2593832	NB551033:137:HK33LBGX9:1:13210:25609:2429#0/2	97.368	76	2	0	182	257	1	76	6.53e-28	130
NC_011593.1:c2595355-2593832	NB551033:137:HK33LBGX9:3:23610:15801:18612#0/1	97.368	76	2	0	1395	1470	1	76	6.53e-28	130
NC_011593.1:c2595355-2593832	NB551033:137:HK33LBGX9:1:13210:25609:2429#0/1	97.368	76	2	0	182	257	76	1	6.53e-28	130
NC_011593.1:c2595355-2593832	NB551033:137:HK33LBGX9:1:23211:11719:13913#0/1	97.333	75	2	0	1396	1470	149	75	2.35e-27	128
NC_011593.1:c2595355-2593832	NB551033:137:HK33LBGX9:1:12111:26058:3885#0/2	96.104	77	3	0	1	77	74	150	8.45e-27	126
NC_011593.1:c2595355-2593832	NB551033:137:HK33LBGX9:1:21105:2558:17115#0/2	97.183	71	2	0	1	71	72	2	3.93e-25	121
NC_011593.1:c2595355-2593832	NB551033:137:HK33LBGX9:1:21105:2558:17115#0/1	97.183	71	2	0	1	71	32	102	3.93e-25	121
NC_011593.1:c2595355-2593832	NB551033:137:HK33LBGX9:4:12409:23075:5258#0/2	98.305	59	1	0	1412	1470	1	59	3.96e-20	104
NC_011593.1:c2595355-2593832	NB551033:137:HK33LBGX9:1:23305:22194:17020#0/2	98.305	59	1	0	1412	1470	1	59	3.96e-20	104
NC_011593.1:c2595355-2593832	NB551033:137:HK33LBGX9:1:23212:1197:1435#0/2	98.305	59	1	0	1412	1470	1	59	3.96e-20	104
NC_011593.1:c2595355-2593832	NB551033:137:HK33LBGX9:4:12409:23075:5258#0/1	98.305	59	1	0	1412	1470	104	46	3.96e-20	104
NC_011593.1:c2595355-2593832	NB551033:137:HK33LBGX9:1:23212:1197:1435#0/1	98.182	55	1	0	1416	1470	149	95	6.62e-18	97.1
NC_011593.1:c2595355-2593832	NB551033:137:HK33LBGX9:4:11507:3549:19274#0/2	100.000	32	0	0	1439	1470	151	120	8.69e-07	60.2
NC_011593.1:c2595355-2593832	NB551033:137:HK33LBGX9:3:13406:19679:8614#0/2	100.000	32	0	0	1439	1470	1	32	8.69e-07	60.2
NC_011593.1:c2595355-2593832	NB551033:137:HK33LBGX9:1:13306:21640:14500#0/2	100.000	32	0	0	1439	1470	1	32	8.69e-07	60.2
NC_011593.1:c2595355-2593832	NB551033:137:HK33LBGX9:1:13306:21640:14500#0/1	100.000	32	0	0	1439	1470	77	46	8.69e-07	60.2
NC_011593.1:c2595355-2593832	NB551033:137:HK33LBGX9:2:22302:20733:5868#0/2	100.000	31	0	0	1440	1470	150	120	3.13e-06	58.4
# BLASTN 2.9.0+
# Query: NC_011593.1:c2597106-2595574 Bifidobacterium longum subsp. infantis ATCC 15697, complete genome
# Database: db/blast_C0692-3F-1A_S79.faa
# Fields: query acc.ver, subject acc.ver, % identity, alignment length, mismatches, gap opens, q. start, q. end, s. start, s. end, evalue, bit score
# 19 hits found
NC_011593.1:c2597106-2595574	NB551033:137:HK33LBGX9:1:12103:14841:10913#0/2	95.139	144	7	0	1	144	7	150	2.26e-57	228
NC_011593.1:c2597106-2595574	NB551033:137:HK33LBGX9:3:21407:22448:6041#0/1	96.610	118	4	0	1	118	34	151	6.39e-48	196
NC_011593.1:c2597106-2595574	NB551033:137:HK33LBGX9:4:23407:8900:15618#0/2	95.000	120	6	0	214	333	151	32	1.07e-45	189
NC_011593.1:c2597106-2595574	NB551033:137:HK33LBGX9:2:12204:15589:19039#0/2	95.370	108	5	0	223	330	1	108	1.08e-40	172
NC_011593.1:c2597106-2595574	NB551033:137:HK33LBGX9:2:23111:10508:10558#0/2	95.146	103	5	0	228	330	1	103	6.48e-38	163
NC_011593.1:c2597106-2595574	NB551033:137:HK33LBGX9:3:12605:11154:15979#0/2	98.795	83	1	0	398	480	83	1	1.81e-33	148
NC_011593.1:c2597106-2595574	NB551033:137:HK33LBGX9:3:23610:15801:18612#0/1	97.368	76	2	0	1395	1470	1	76	6.57e-28	130
NC_011593.1:c2597106-2595574	NB551033:137:HK33LBGX9:1:23211:11719:13913#0/1	97.333	75	2	0	1396	1470	149	75	2.36e-27	128
NC_011593.1:c2597106-2595574	NB551033:137:HK33LBGX9:4:12409:23075:5258#0/2	98.305	59	1	0	1412	1470	1	59	3.98e-20	104
NC_011593.1:c2597106-2595574	NB551033:137:HK33LBGX9:1:23305:22194:17020#0/2	98.305	59	1	0	1412	1470	1	59	3.98e-20	104
NC_011593.1:c2597106-2595574	NB551033:137:HK33LBGX9:1:23212:1197:1435#0/2	98.305	59	1	0	1412	1470	1	59	3.98e-20	104
NC_011593.1:c2597106-2595574	NB551033:137:HK33LBGX9:4:12409:23075:5258#0/1	98.305	59	1	0	1412	1470	104	46	3.98e-20	104
NC_011593.1:c2597106-2595574	NB551033:137:HK33LBGX9:3:22612:13573:5444#0/1	100.000	54	0	0	1	54	97	150	5.15e-19	100
NC_011593.1:c2597106-2595574	NB551033:137:HK33LBGX9:1:23212:1197:1435#0/1	98.182	55	1	0	1416	1470	149	95	6.66e-18	97.1
NC_011593.1:c2597106-2595574	NB551033:137:HK33LBGX9:4:11507:3549:19274#0/2	100.000	32	0	0	1439	1470	151	120	8.74e-07	60.2
NC_011593.1:c2597106-2595574	NB551033:137:HK33LBGX9:3:13406:19679:8614#0/2	100.000	32	0	0	1439	1470	1	32	8.74e-07	60.2
NC_011593.1:c2597106-2595574	NB551033:137:HK33LBGX9:1:13306:21640:14500#0/2	100.000	32	0	0	1439	1470	1	32	8.74e-07	60.2
NC_011593.1:c2597106-2595574	NB551033:137:HK33LBGX9:1:13306:21640:14500#0/1	100.000	32	0	0	1439	1470	77	46	8.74e-07	60.2
NC_011593.1:c2597106-2595574	NB551033:137:HK33LBGX9:2:22302:20733:5868#0/2	100.000	31	0	0	1440	1470	150	120	3.14e-06	58.4
# BLASTN 2.9.0+
# Query: NC_011593.1:c2598562-2597207 Bifidobacterium longum subsp. infantis ATCC 15697, complete genome
# Database: db/blast_C0692-3F-1A_S79.faa
# Fields: query acc.ver, subject acc.ver, % identity, alignment length, mismatches, gap opens, q. start, q. end, s. start, s. end, evalue, bit score
# 13 hits found
NC_011593.1:c2598562-2597207	NB551033:137:HK33LBGX9:3:23404:21888:3474#0/2	100.000	151	0	0	1195	1345	151	1	5.44e-73	279
NC_011593.1:c2598562-2597207	NB551033:137:HK33LBGX9:4:11403:15692:5921#0/2	100.000	150	0	0	753	902	150	1	1.96e-72	278
NC_011593.1:c2598562-2597207	NB551033:137:HK33LBGX9:2:21109:20807:5049#0/2	100.000	150	0	0	1111	1260	1	150	1.96e-72	278
NC_011593.1:c2598562-2597207	NB551033:137:HK33LBGX9:3:23404:21888:3474#0/1	100.000	150	0	0	1136	1285	1	150	1.96e-72	278
NC_011593.1:c2598562-2597207	NB551033:137:HK33LBGX9:2:13204:23055:4018#0/2	100.000	149	0	0	1063	1211	149	1	7.04e-72	276
NC_011593.1:c2598562-2597207	NB551033:137:HK33LBGX9:4:11403:15692:5921#0/1	99.338	151	1	0	514	664	1	151	2.53e-71	274
NC_011593.1:c2598562-2597207	NB551033:137:HK33LBGX9:4:22408:18937:8156#0/2	99.333	150	1	0	377	526	1	150	9.10e-71	272
NC_011593.1:c2598562-2597207	NB551033:137:HK33LBGX9:3:21505:1259:19490#0/1	99.333	150	1	0	311	460	1	150	9.10e-71	272
NC_011593.1:c2598562-2597207	NB551033:137:HK33LBGX9:3:21505:1259:19490#0/2	98.675	151	2	0	335	485	151	1	1.18e-69	268
NC_011593.1:c2598562-2597207	NB551033:137:HK33LBGX9:4:22408:18937:8156#0/1	99.320	147	1	0	498	644	147	1	4.23e-69	267
NC_011593.1:c2598562-2597207	NB551033:137:HK33LBGX9:2:21109:20807:5049#0/1	100.000	107	0	0	1250	1356	150	44	1.57e-48	198
NC_011593.1:c2598562-2597207	NB551033:137:HK33LBGX9:2:21111:11903:9617#0/2	100.000	76	0	0	535	610	3	78	2.68e-31	141
NC_011593.1:c2598562-2597207	NB551033:137:HK33LBGX9:2:21111:11903:9617#0/1	100.000	76	0	0	535	610	76	1	2.68e-31	141
# BLASTN 2.9.0+
# Query: NC_011593.1:2598858-2601929 Bifidobacterium longum subsp. infantis ATCC 15697, complete genome
# Database: db/blast_C0692-3F-1A_S79.faa
# Fields: query acc.ver, subject acc.ver, % identity, alignment length, mismatches, gap opens, q. start, q. end, s. start, s. end, evalue, bit score
# 500 hits found
NC_011593.1:2598858-2601929	NB551033:137:HK33LBGX9:4:23504:14337:15758#0/2	100.000	151	0	0	239	389	151	1	1.24e-72	279
NC_011593.1:2598858-2601929	NB551033:137:HK33LBGX9:4:21409:18667:16933#0/2	100.000	151	0	0	965	1115	151	1	1.24e-72	279
NC_011593.1:2598858-2601929	NB551033:137:HK33LBGX9:4:11407:23361:9243#0/2	100.000	151	0	0	960	1110	151	1	1.24e-72	279
NC_011593.1:2598858-2601929	NB551033:137:HK33LBGX9:3:23501:16327:2418#0/2	100.000	151	0	0	976	1126	1	151	1.24e-72	279
NC_011593.1:2598858-2601929	NB551033:137:HK33LBGX9:3:22508:11717:14772#0/2	100.000	151	0	0	295	445	151	1	1.24e-72	279
NC_011593.1:2598858-2601929	NB551033:137:HK33LBGX9:2:21107:10920:6256#0/2	100.000	151	0	0	965	1115	151	1	1.24e-72	279
NC_011593.1:2598858-2601929	NB551033:137:HK33LBGX9:1:12103:8880:15868#0/2	100.000	151	0	0	239	389	151	1	1.24e-72	279
NC_011593.1:2598858-2601929	NB551033:137:HK33LBGX9:4:21405:1354:1734#0/1	100.000	151	0	0	961	1111	1	151	1.24e-72	279
NC_011593.1:2598858-2601929	NB551033:137:HK33LBGX9:4:12503:12268:9302#0/1	100.000	151	0	0	974	1124	1	151	1.24e-72	279
NC_011593.1:2598858-2601929	NB551033:137:HK33LBGX9:2:12103:2746:8444#0/1	100.000	151	0	0	201	351	151	1	1.24e-72	279
NC_011593.1:2598858-2601929	NB551033:137:HK33LBGX9:1:12102:10350:11612#0/1	100.000	151	0	0	295	445	151	1	1.24e-72	279
NC_011593.1:2598858-2601929	NB551033:137:HK33LBGX9:4:22412:26292:4000#0/2	100.000	150	0	0	1937	2086	150	1	4.44e-72	278
NC_011593.1:2598858-2601929	NB551033:137:HK33LBGX9:4:21407:24784:18005#0/2	100.000	150	0	0	2742	2891	150	1	4.44e-72	278
NC_011593.1:2598858-2601929	NB551033:137:HK33LBGX9:4:12509:10500:17439#0/2	100.000	150	0	0	1005	1154	150	1	4.44e-72	278
NC_011593.1:2598858-2601929	NB551033:137:HK33LBGX9:3:21402:15427:5105#0/2	100.000	150	0	0	229	378	1	150	4.44e-72	278
NC_011593.1:2598858-2601929	NB551033:137:HK33LBGX9:3:13408:19896:3805#0/2	100.000	150	0	0	987	1136	150	1	4.44e-72	278
NC_011593.1:2598858-2601929	NB551033:137:HK33LBGX9:3:13405:26050:7463#0/2	100.000	150	0	0	187	336	150	1	4.44e-72	278
NC_011593.1:2598858-2601929	NB551033:137:HK33LBGX9:2:12311:1740:16614#0/2	100.000	150	0	0	1999	2148	150	1	4.44e-72	278
NC_011593.1:2598858-2601929	NB551033:137:HK33LBGX9:2:12307:7940:13399#0/2	100.000	150	0	0	2206	2355	1	150	4.44e-72	278
NC_011593.1:2598858-2601929	NB551033:137:HK33LBGX9:1:23108:17769:13152#0/2	100.000	150	0	0	259	408	1	150	4.44e-72	278
NC_011593.1:2598858-2601929	NB551033:137:HK33LBGX9:4:23410:5588:19697#0/1	100.000	150	0	0	242	391	150	1	4.44e-72	278
NC_011593.1:2598858-2601929	NB551033:137:HK33LBGX9:3:23504:8758:6657#0/1	100.000	150	0	0	270	419	1	150	4.44e-72	278
NC_011593.1:2598858-2601929	NB551033:137:HK33LBGX9:3:23501:16327:2418#0/1	100.000	150	0	0	999	1148	150	1	4.44e-72	278
NC_011593.1:2598858-2601929	NB551033:137:HK33LBGX9:3:23401:14248:5225#0/1	100.000	150	0	0	2192	2341	150	1	4.44e-72	278
NC_011593.1:2598858-2601929	NB551033:137:HK33LBGX9:3:22610:10212:7056#0/1	100.000	150	0	0	2203	2352	150	1	4.44e-72	278
NC_011593.1:2598858-2601929	NB551033:137:HK33LBGX9:3:13402:16796:16580#0/1	100.000	150	0	0	12	161	1	150	4.44e-72	278
NC_011593.1:2598858-2601929	NB551033:137:HK33LBGX9:2:23206:23672:9378#0/1	100.000	150	0	0	2214	2363	1	150	4.44e-72	278
NC_011593.1:2598858-2601929	NB551033:137:HK33LBGX9:2:22206:23789:2754#0/1	100.000	150	0	0	2182	2331	150	1	4.44e-72	278
NC_011593.1:2598858-2601929	NB551033:137:HK33LBGX9:2:12311:1740:16614#0/1	100.000	150	0	0	1951	2100	1	150	4.44e-72	278
NC_011593.1:2598858-2601929	NB551033:137:HK33LBGX9:1:23310:26345:15588#0/1	100.000	150	0	0	1009	1158	1	150	4.44e-72	278
NC_011593.1:2598858-2601929	NB551033:137:HK33LBGX9:1:12103:8880:15868#0/1	100.000	150	0	0	220	369	1	150	4.44e-72	278
NC_011593.1:2598858-2601929	NB551033:137:HK33LBGX9:4:23501:17751:11681#0/2	100.000	149	0	0	175	323	149	1	1.60e-71	276
NC_011593.1:2598858-2601929	NB551033:137:HK33LBGX9:4:22401:13138:15772#0/2	100.000	148	0	0	9	156	148	1	5.75e-71	274
NC_011593.1:2598858-2601929	NB551033:137:HK33LBGX9:4:21402:21811:7033#0/2	99.338	151	1	0	1398	1548	1	151	5.75e-71	274
NC_011593.1:2598858-2601929	NB551033:137:HK33LBGX9:4:12507:18517:7798#0/2	100.000	148	0	0	1013	1160	1	148	5.75e-71	274
NC_011593.1:2598858-2601929	NB551033:137:HK33LBGX9:3:23504:8758:6657#0/2	99.338	151	1	0	312	462	151	1	5.75e-71	274
NC_011593.1:2598858-2601929	NB551033:137:HK33LBGX9:3:21603:15520:16222#0/2	99.338	151	1	0	1047	1197	1	151	5.75e-71	274
NC_011593.1:2598858-2601929	NB551033:137:HK33LBGX9:3:13612:13416:16150#0/2	99.338	151	1	0	1013	1163	151	1	5.75e-71	274
NC_011593.1:2598858-2601929	NB551033:137:HK33LBGX9:3:12609:26117:1918#0/2	100.000	148	0	0	2211	2358	1	148	5.75e-71	274
NC_011593.1:2598858-2601929	NB551033:137:HK33LBGX9:3:11504:24456:8985#0/2	99.338	151	1	0	1598	1748	151	1	5.75e-71	274
NC_011593.1:2598858-2601929	NB551033:137:HK33LBGX9:3:11503:20928:17152#0/2	99.338	151	1	0	319	469	151	1	5.75e-71	274
NC_011593.1:2598858-2601929	NB551033:137:HK33LBGX9:2:22302:9346:14194#0/2	99.338	151	1	0	1596	1746	151	1	5.75e-71	274
NC_011593.1:2598858-2601929	NB551033:137:HK33LBGX9:2:13212:18149:15009#0/2	99.338	151	1	0	344	494	151	1	5.75e-71	274
NC_011593.1:2598858-2601929	NB551033:137:HK33LBGX9:1:22109:4359:6024#0/2	99.338	151	1	0	1802	1952	1	151	5.75e-71	274
NC_011593.1:2598858-2601929	NB551033:137:HK33LBGX9:1:12301:22681:18667#0/2	99.338	151	1	0	1045	1195	1	151	5.75e-71	274
NC_011593.1:2598858-2601929	NB551033:137:HK33LBGX9:1:12107:16141:18998#0/2	100.000	148	0	0	1013	1160	1	148	5.75e-71	274
NC_011593.1:2598858-2601929	NB551033:137:HK33LBGX9:4:22401:13138:15772#0/1	100.000	148	0	0	9	156	1	148	5.75e-71	274
NC_011593.1:2598858-2601929	NB551033:137:HK33LBGX9:4:21506:2972:5232#0/1	99.338	151	1	0	2409	2559	1	151	5.75e-71	274
NC_011593.1:2598858-2601929	NB551033:137:HK33LBGX9:4:11510:14499:3725#0/1	99.338	151	1	0	1839	1989	151	1	5.75e-71	274
NC_011593.1:2598858-2601929	NB551033:137:HK33LBGX9:3:21602:17945:4672#0/1	99.338	151	1	0	1013	1163	151	1	5.75e-71	274
NC_011593.1:2598858-2601929	NB551033:137:HK33LBGX9:3:12401:15335:9335#0/1	99.338	151	1	0	974	1124	1	151	5.75e-71	274
NC_011593.1:2598858-2601929	NB551033:137:HK33LBGX9:3:11503:6221:11583#0/1	99.338	151	1	0	1600	1750	151	1	5.75e-71	274
NC_011593.1:2598858-2601929	NB551033:137:HK33LBGX9:2:21307:18719:18129#0/1	99.338	151	1	0	1042	1192	1	151	5.75e-71	274
NC_011593.1:2598858-2601929	NB551033:137:HK33LBGX9:1:23108:17769:13152#0/1	99.338	151	1	0	357	507	151	1	5.75e-71	274
NC_011593.1:2598858-2601929	NB551033:137:HK33LBGX9:1:22112:10669:4081#0/1	99.338	151	1	0	2793	2943	151	1	5.75e-71	274
NC_011593.1:2598858-2601929	NB551033:137:HK33LBGX9:1:21204:11745:7957#0/1	99.338	151	1	0	2409	2559	1	151	5.75e-71	274
NC_011593.1:2598858-2601929	NB551033:137:HK33LBGX9:1:13101:10897:20358#0/1	99.338	151	1	0	311	461	1	151	5.75e-71	274
NC_011593.1:2598858-2601929	NB551033:137:HK33LBGX9:4:22406:1219:10384#0/2	99.333	150	1	0	2008	2157	1	150	2.07e-70	272
NC_011593.1:2598858-2601929	NB551033:137:HK33LBGX9:4:22405:26682:10381#0/2	99.333	150	1	0	2008	2157	1	150	2.07e-70	272
NC_011593.1:2598858-2601929	NB551033:137:HK33LBGX9:4:12504:25231:11834#0/2	99.333	150	1	0	2006	2155	150	1	2.07e-70	272
NC_011593.1:2598858-2601929	NB551033:137:HK33LBGX9:3:22610:10212:7056#0/2	99.333	150	1	0	1863	2012	1	150	2.07e-70	272
NC_011593.1:2598858-2601929	NB551033:137:HK33LBGX9:3:12403:18101:14167#0/2	99.333	150	1	0	2006	2155	150	1	2.07e-70	272
NC_011593.1:2598858-2601929	NB551033:137:HK33LBGX9:3:11509:13501:13330#0/2	99.333	150	1	0	1581	1730	1	150	2.07e-70	272
NC_011593.1:2598858-2601929	NB551033:137:HK33LBGX9:3:11503:6221:11583#0/2	99.333	150	1	0	1590	1739	1	150	2.07e-70	272
NC_011593.1:2598858-2601929	NB551033:137:HK33LBGX9:2:12307:25018:4437#0/2	99.333	150	1	0	354	503	1	150	2.07e-70	272
NC_011593.1:2598858-2601929	NB551033:137:HK33LBGX9:2:12103:2746:8444#0/2	99.333	150	1	0	36	185	1	150	2.07e-70	272
NC_011593.1:2598858-2601929	NB551033:137:HK33LBGX9:2:11207:6953:5476#0/2	99.333	150	1	0	2761	2910	1	150	2.07e-70	272
NC_011593.1:2598858-2601929	NB551033:137:HK33LBGX9:1:23310:26345:15588#0/2	99.333	150	1	0	1073	1222	150	1	2.07e-70	272
NC_011593.1:2598858-2601929	NB551033:137:HK33LBGX9:1:21204:11745:7957#0/2	99.333	150	1	0	2414	2563	150	1	2.07e-70	272
NC_011593.1:2598858-2601929	NB551033:137:HK33LBGX9:1:12204:7041:18100#0/2	99.333	150	1	0	2734	2883	150	1	2.07e-70	272
NC_011593.1:2598858-2601929	NB551033:137:HK33LBGX9:1:11206:5538:19801#0/2	99.333	150	1	0	324	473	150	1	2.07e-70	272
NC_011593.1:2598858-2601929	NB551033:137:HK33LBGX9:4:22412:26292:4000#0/1	99.333	150	1	0	1755	1904	1	150	2.07e-70	272
NC_011593.1:2598858-2601929	NB551033:137:HK33LBGX9:4:21506:22920:6840#0/1	99.333	150	1	0	1807	1956	150	1	2.07e-70	272
NC_011593.1:2598858-2601929	NB551033:137:HK33LBGX9:4:13401:22597:19013#0/1	99.333	150	1	0	1047	1196	150	1	2.07e-70	272
NC_011593.1:2598858-2601929	NB551033:137:HK33LBGX9:4:12504:25231:11834#0/1	99.333	150	1	0	1863	2012	1	150	2.07e-70	272
NC_011593.1:2598858-2601929	NB551033:137:HK33LBGX9:3:12501:12934:2570#0/1	99.333	150	1	0	23	172	150	1	2.07e-70	272
NC_011593.1:2598858-2601929	NB551033:137:HK33LBGX9:3:12403:18101:14167#0/1	99.333	150	1	0	1863	2012	1	150	2.07e-70	272
NC_011593.1:2598858-2601929	NB551033:137:HK33LBGX9:3:11509:13501:13330#0/1	99.333	150	1	0	1585	1734	150	1	2.07e-70	272
NC_011593.1:2598858-2601929	NB551033:137:HK33LBGX9:2:13312:24583:6720#0/1	99.333	150	1	0	1381	1530	1	150	2.07e-70	272
NC_011593.1:2598858-2601929	NB551033:137:HK33LBGX9:2:12307:7940:13399#0/1	99.333	150	1	0	2430	2579	151	2	2.07e-70	272
NC_011593.1:2598858-2601929	NB551033:137:HK33LBGX9:2:12112:11663:4388#0/1	99.333	150	1	0	229	378	1	150	2.07e-70	272
NC_011593.1:2598858-2601929	NB551033:137:HK33LBGX9:1:13209:1681:14184#0/1	99.333	150	1	0	2008	2157	1	150	2.07e-70	272
NC_011593.1:2598858-2601929	NB551033:137:HK33LBGX9:1:12301:22681:18667#0/1	99.333	150	1	0	1384	1533	150	1	2.07e-70	272
NC_011593.1:2598858-2601929	NB551033:137:HK33LBGX9:1:11104:3512:20224#0/2	99.329	149	1	0	1806	1954	149	1	7.43e-70	270
NC_011593.1:2598858-2601929	NB551033:137:HK33LBGX9:4:23502:14816:1917#0/2	98.675	151	2	0	1317	1467	151	1	2.67e-69	268
NC_011593.1:2598858-2601929	NB551033:137:HK33LBGX9:4:23501:1401:15188#0/2	98.675	151	2	0	1887	2037	1	151	2.67e-69	268
NC_011593.1:2598858-2601929	NB551033:137:HK33LBGX9:4:23401:3423:13160#0/2	98.675	151	2	0	2267	2417	151	1	2.67e-69	268
NC_011593.1:2598858-2601929	NB551033:137:HK33LBGX9:4:22606:11969:9391#0/2	98.675	151	2	0	1760	1910	1	151	2.67e-69	268
NC_011593.1:2598858-2601929	NB551033:137:HK33LBGX9:4:22403:19319:2391#0/2	98.675	151	2	0	1904	2054	151	1	2.67e-69	268
NC_011593.1:2598858-2601929	NB551033:137:HK33LBGX9:4:21406:23510:6084#0/2	98.675	151	2	0	2875	3025	151	1	2.67e-69	268
NC_011593.1:2598858-2601929	NB551033:137:HK33LBGX9:4:12605:23962:10548#0/2	98.675	151	2	0	2263	2413	1	151	2.67e-69	268
NC_011593.1:2598858-2601929	NB551033:137:HK33LBGX9:4:12512:21524:16452#0/2	98.675	151	2	0	2830	2980	1	151	2.67e-69	268
NC_011593.1:2598858-2601929	NB551033:137:HK33LBGX9:4:11605:4308:7574#0/2	98.675	151	2	0	152	302	151	1	2.67e-69	268
NC_011593.1:2598858-2601929	NB551033:137:HK33LBGX9:3:13604:23962:3603#0/2	98.675	151	2	0	2513	2663	1	151	2.67e-69	268
NC_011593.1:2598858-2601929	NB551033:137:HK33LBGX9:3:11511:5642:7961#0/2	98.675	151	2	0	2529	2679	1	151	2.67e-69	268
NC_011593.1:2598858-2601929	NB551033:137:HK33LBGX9:3:11501:5260:6134#0/2	98.675	151	2	0	2535	2685	151	1	2.67e-69	268
NC_011593.1:2598858-2601929	NB551033:137:HK33LBGX9:3:11409:23577:2508#0/2	98.675	151	2	0	602	752	151	1	2.67e-69	268
NC_011593.1:2598858-2601929	NB551033:137:HK33LBGX9:2:23306:13393:8189#0/2	98.675	151	2	0	1872	2022	1	151	2.67e-69	268
NC_011593.1:2598858-2601929	NB551033:137:HK33LBGX9:2:23206:23672:9378#0/2	98.675	151	2	0	2316	2466	151	1	2.67e-69	268
NC_011593.1:2598858-2601929	NB551033:137:HK33LBGX9:2:23205:19558:3542#0/2	98.675	151	2	0	1337	1487	151	1	2.67e-69	268
NC_011593.1:2598858-2601929	NB551033:137:HK33LBGX9:2:23104:21856:7410#0/2	98.675	151	2	0	1335	1485	151	1	2.67e-69	268
NC_011593.1:2598858-2601929	NB551033:137:HK33LBGX9:2:22102:6087:13194#0/2	98.675	151	2	0	1721	1871	151	1	2.67e-69	268
NC_011593.1:2598858-2601929	NB551033:137:HK33LBGX9:2:13303:10683:10474#0/2	98.675	151	2	0	128	278	151	1	2.67e-69	268
NC_011593.1:2598858-2601929	NB551033:137:HK33LBGX9:2:11307:4071:12488#0/2	98.675	151	2	0	2532	2682	151	1	2.67e-69	268
NC_011593.1:2598858-2601929	NB551033:137:HK33LBGX9:2:11303:7023:14325#0/2	98.675	151	2	0	1293	1443	151	1	2.67e-69	268
NC_011593.1:2598858-2601929	NB551033:137:HK33LBGX9:1:23102:16436:7599#0/2	98.675	151	2	0	1282	1432	1	151	2.67e-69	268
NC_011593.1:2598858-2601929	NB551033:137:HK33LBGX9:1:11107:5775:2000#0/2	98.675	151	2	0	1289	1439	1	151	2.67e-69	268
NC_011593.1:2598858-2601929	NB551033:137:HK33LBGX9:1:11102:18413:16751#0/2	98.675	151	2	0	694	844	1	151	2.67e-69	268
NC_011593.1:2598858-2601929	NB551033:137:HK33LBGX9:4:23511:21364:3481#0/1	98.675	151	2	0	2293	2443	1	151	2.67e-69	268
NC_011593.1:2598858-2601929	NB551033:137:HK33LBGX9:4:22406:1219:10384#0/1	100.000	145	0	0	2161	2305	145	1	2.67e-69	268
NC_011593.1:2598858-2601929	NB551033:137:HK33LBGX9:4:22405:26682:10381#0/1	100.000	145	0	0	2161	2305	145	1	2.67e-69	268
NC_011593.1:2598858-2601929	NB551033:137:HK33LBGX9:4:21406:23510:6084#0/1	98.675	151	2	0	2870	3020	1	151	2.67e-69	268
NC_011593.1:2598858-2601929	NB551033:137:HK33LBGX9:4:21402:21811:7033#0/1	98.675	151	2	0	1471	1621	151	1	2.67e-69	268
NC_011593.1:2598858-2601929	NB551033:137:HK33LBGX9:4:12605:23962:10548#0/1	98.675	151	2	0	2305	2455	151	1	2.67e-69	268
NC_011593.1:2598858-2601929	NB551033:137:HK33LBGX9:4:12507:18517:7798#0/1	98.675	151	2	0	1239	1389	151	1	2.67e-69	268
NC_011593.1:2598858-2601929	NB551033:137:HK33LBGX9:4:11509:10286:9968#0/1	98.675	151	2	0	1335	1485	151	1	2.67e-69	268
NC_011593.1:2598858-2601929	NB551033:137:HK33LBGX9:3:21603:15520:16222#0/1	98.675	151	2	0	1332	1482	151	1	2.67e-69	268
NC_011593.1:2598858-2601929	NB551033:137:HK33LBGX9:3:13608:20160:10212#0/1	98.675	151	2	0	2864	3014	1	151	2.67e-69	268
NC_011593.1:2598858-2601929	NB551033:137:HK33LBGX9:3:11504:11042:2514#0/1	98.675	151	2	0	1971	2121	1	151	2.67e-69	268
NC_011593.1:2598858-2601929	NB551033:137:HK33LBGX9:3:11501:5260:6134#0/1	98.675	151	2	0	2529	2679	1	151	2.67e-69	268
NC_011593.1:2598858-2601929	NB551033:137:HK33LBGX9:2:23104:21856:7410#0/1	98.675	151	2	0	1266	1416	1	151	2.67e-69	268
NC_011593.1:2598858-2601929	NB551033:137:HK33LBGX9:2:13303:10683:10474#0/1	98.675	151	2	0	99	249	1	151	2.67e-69	268
NC_011593.1:2598858-2601929	NB551033:137:HK33LBGX9:2:13212:18149:15009#0/1	98.675	151	2	0	99	249	1	151	2.67e-69	268
NC_011593.1:2598858-2601929	NB551033:137:HK33LBGX9:2:12307:13303:13105#0/1	98.675	151	2	0	1332	1482	151	1	2.67e-69	268
NC_011593.1:2598858-2601929	NB551033:137:HK33LBGX9:2:12104:11620:19605#0/1	98.675	151	2	0	2072	2222	1	151	2.67e-69	268
NC_011593.1:2598858-2601929	NB551033:137:HK33LBGX9:2:11207:6953:5476#0/1	98.675	151	2	0	2871	3021	151	1	2.67e-69	268
NC_011593.1:2598858-2601929	NB551033:137:HK33LBGX9:1:23106:13116:8747#0/1	98.675	151	2	0	364	514	151	1	2.67e-69	268
NC_011593.1:2598858-2601929	NB551033:137:HK33LBGX9:1:22305:5318:18370#0/1	98.675	151	2	0	1721	1871	1	151	2.67e-69	268
NC_011593.1:2598858-2601929	NB551033:137:HK33LBGX9:1:21303:4795:15161#0/1	100.000	145	0	0	1	145	145	1	2.67e-69	268
NC_011593.1:2598858-2601929	NB551033:137:HK33LBGX9:1:12212:14754:2055#0/1	98.675	151	2	0	76	226	1	151	2.67e-69	268
NC_011593.1:2598858-2601929	NB551033:137:HK33LBGX9:1:12109:24243:1989#0/1	98.675	151	2	0	1390	1540	151	1	2.67e-69	268
NC_011593.1:2598858-2601929	NB551033:137:HK33LBGX9:4:23409:8662:8073#0/2	98.667	150	2	0	2017	2166	1	150	9.62e-69	267
NC_011593.1:2598858-2601929	NB551033:137:HK33LBGX9:4:22508:8083:8225#0/2	98.667	150	2	0	2348	2497	1	150	9.62e-69	267
NC_011593.1:2598858-2601929	NB551033:137:HK33LBGX9:4:22407:11865:13479#0/2	99.320	147	1	0	1623	1769	1	147	9.62e-69	267
NC_011593.1:2598858-2601929	NB551033:137:HK33LBGX9:3:23401:14248:5225#0/2	98.667	150	2	0	2026	2175	1	150	9.62e-69	267
NC_011593.1:2598858-2601929	NB551033:137:HK33LBGX9:3:21606:24579:18888#0/2	98.667	150	2	0	1504	1653	150	1	9.62e-69	267
NC_011593.1:2598858-2601929	NB551033:137:HK33LBGX9:3:21606:18940:7182#0/2	98.667	150	2	0	2101	2250	1	150	9.62e-69	267
NC_011593.1:2598858-2601929	NB551033:137:HK33LBGX9:3:21503:24502:18448#0/2	98.667	150	2	0	2279	2428	1	150	9.62e-69	267
NC_011593.1:2598858-2601929	NB551033:137:HK33LBGX9:3:13511:22895:1430#0/2	98.667	150	2	0	1480	1629	150	1	9.62e-69	267
NC_011593.1:2598858-2601929	NB551033:137:HK33LBGX9:3:13402:16796:16580#0/2	98.667	150	2	0	32	181	150	1	9.62e-69	267
NC_011593.1:2598858-2601929	NB551033:137:HK33LBGX9:3:12501:2617:19718#0/2	98.667	150	2	0	685	834	150	1	9.62e-69	267
NC_011593.1:2598858-2601929	NB551033:137:HK33LBGX9:3:11604:9159:15773#0/2	98.667	150	2	0	36	185	1	150	9.62e-69	267
NC_011593.1:2598858-2601929	NB551033:137:HK33LBGX9:2:23308:9510:9563#0/2	98.667	150	2	0	31	180	1	150	9.62e-69	267
NC_011593.1:2598858-2601929	NB551033:137:HK33LBGX9:2:22206:23789:2754#0/2	98.667	150	2	0	2147	2296	1	150	9.62e-69	267
NC_011593.1:2598858-2601929	NB551033:137:HK33LBGX9:2:21309:6898:10383#0/2	98.667	150	2	0	2864	3013	1	150	9.62e-69	267
NC_011593.1:2598858-2601929	NB551033:137:HK33LBGX9:2:21307:18030:5187#0/2	98.667	150	2	0	102	251	150	1	9.62e-69	267
NC_011593.1:2598858-2601929	NB551033:137:HK33LBGX9:2:13107:6433:2909#0/2	98.667	150	2	0	36	185	1	150	9.62e-69	267
NC_011593.1:2598858-2601929	NB551033:137:HK33LBGX9:2:11106:10687:10937#0/2	98.667	150	2	0	2283	2432	1	150	9.62e-69	267
NC_011593.1:2598858-2601929	NB551033:137:HK33LBGX9:1:23106:13116:8747#0/2	98.667	150	2	0	86	235	1	150	9.62e-69	267
NC_011593.1:2598858-2601929	NB551033:137:HK33LBGX9:1:22305:5318:18370#0/2	98.667	150	2	0	1732	1881	150	1	9.62e-69	267
NC_011593.1:2598858-2601929	NB551033:137:HK33LBGX9:1:13209:1681:14184#0/2	98.667	150	2	0	2261	2410	150	1	9.62e-69	267
NC_011593.1:2598858-2601929	NB551033:137:HK33LBGX9:1:12209:5236:14874#0/2	98.667	150	2	0	100	249	1	150	9.62e-69	267
NC_011593.1:2598858-2601929	NB551033:137:HK33LBGX9:1:11309:17548:7523#0/2	98.667	150	2	0	1553	1702	150	1	9.62e-69	267
NC_011593.1:2598858-2601929	NB551033:137:HK33LBGX9:1:11210:17554:17409#0/2	98.667	150	2	0	27	176	150	1	9.62e-69	267
NC_011593.1:2598858-2601929	NB551033:137:HK33LBGX9:4:23504:14337:15758#0/1	98.667	150	2	0	96	245	1	150	9.62e-69	267
NC_011593.1:2598858-2601929	NB551033:137:HK33LBGX9:4:23501:17751:11681#0/1	98.667	150	2	0	77	226	1	150	9.62e-69	267
NC_011593.1:2598858-2601929	NB551033:137:HK33LBGX9:4:23409:8662:8073#0/1	98.667	150	2	0	2077	2226	150	1	9.62e-69	267
NC_011593.1:2598858-2601929	NB551033:137:HK33LBGX9:4:22606:11969:9391#0/1	98.667	150	2	0	1912	2061	150	1	9.62e-69	267
NC_011593.1:2598858-2601929	NB551033:137:HK33LBGX9:4:22508:8083:8225#0/1	98.667	150	2	0	2348	2497	150	1	9.62e-69	267
NC_011593.1:2598858-2601929	NB551033:137:HK33LBGX9:4:22505:8921:20093#0/1	98.667	150	2	0	1719	1868	150	1	9.62e-69	267
NC_011593.1:2598858-2601929	NB551033:137:HK33LBGX9:4:22505:14333:19680#0/1	98.667	150	2	0	1506	1655	150	1	9.62e-69	267
NC_011593.1:2598858-2601929	NB551033:137:HK33LBGX9:4:22407:11865:13479#0/1	98.667	150	2	0	1700	1849	150	1	9.62e-69	267
NC_011593.1:2598858-2601929	NB551033:137:HK33LBGX9:4:22403:15814:12734#0/1	98.667	150	2	0	376	525	1	150	9.62e-69	267
NC_011593.1:2598858-2601929	NB551033:137:HK33LBGX9:4:22403:19319:2391#0/1	98.667	150	2	0	1716	1865	1	150	9.62e-69	267
NC_011593.1:2598858-2601929	NB551033:137:HK33LBGX9:4:13401:23979:15348#0/1	98.667	150	2	0	2072	2221	150	1	9.62e-69	267
NC_011593.1:2598858-2601929	NB551033:137:HK33LBGX9:4:12401:26080:10987#0/1	98.667	150	2	0	2514	2663	2	151	9.62e-69	267
NC_011593.1:2598858-2601929	NB551033:137:HK33LBGX9:4:11605:4308:7574#0/1	98.667	150	2	0	96	245	1	150	9.62e-69	267
NC_011593.1:2598858-2601929	NB551033:137:HK33LBGX9:4:11505:7503:3847#0/1	98.667	150	2	0	1991	2140	1	150	9.62e-69	267
NC_011593.1:2598858-2601929	NB551033:137:HK33LBGX9:3:23601:21029:2603#0/1	98.667	150	2	0	1732	1881	150	1	9.62e-69	267
NC_011593.1:2598858-2601929	NB551033:137:HK33LBGX9:3:22508:11717:14772#0/1	98.667	150	2	0	96	245	1	150	9.62e-69	267
NC_011593.1:2598858-2601929	NB551033:137:HK33LBGX9:3:21606:24579:18888#0/1	98.667	150	2	0	1292	1441	1	150	9.62e-69	267
NC_011593.1:2598858-2601929	NB551033:137:HK33LBGX9:3:13411:3649:11803#0/1	98.667	150	2	0	2864	3013	1	150	9.62e-69	267
NC_011593.1:2598858-2601929	NB551033:137:HK33LBGX9:3:12609:26117:1918#0/1	98.667	150	2	0	2355	2504	150	1	9.62e-69	267
NC_011593.1:2598858-2601929	NB551033:137:HK33LBGX9:3:11609:7363:6860#0/1	98.667	150	2	0	1257	1406	150	1	9.62e-69	267
NC_011593.1:2598858-2601929	NB551033:137:HK33LBGX9:3:11604:9159:15773#0/1	98.667	150	2	0	58	207	150	1	9.62e-69	267
NC_011593.1:2598858-2601929	NB551033:137:HK33LBGX9:3:11503:20928:17152#0/1	98.667	150	2	0	87	236	1	150	9.62e-69	267
NC_011593.1:2598858-2601929	NB551033:137:HK33LBGX9:2:21307:18030:5187#0/1	98.667	150	2	0	96	245	1	150	9.62e-69	267
NC_011593.1:2598858-2601929	NB551033:137:HK33LBGX9:2:12201:14052:7395#0/1	98.667	150	2	0	2152	2301	1	150	9.62e-69	267
NC_011593.1:2598858-2601929	NB551033:137:HK33LBGX9:2:11307:4071:12488#0/1	98.667	150	2	0	2295	2444	1	150	9.62e-69	267
NC_011593.1:2598858-2601929	NB551033:137:HK33LBGX9:2:11303:7023:14325#0/1	98.667	150	2	0	1271	1420	1	150	9.62e-69	267
NC_011593.1:2598858-2601929	NB551033:137:HK33LBGX9:2:11206:14370:10976#0/1	98.667	150	2	0	2017	2166	1	150	9.62e-69	267
NC_011593.1:2598858-2601929	NB551033:137:HK33LBGX9:2:11106:10687:10937#0/1	98.667	150	2	0	2348	2497	150	1	9.62e-69	267
NC_011593.1:2598858-2601929	NB551033:137:HK33LBGX9:1:23205:11336:10558#0/1	98.667	150	2	0	1874	2023	150	1	9.62e-69	267
NC_011593.1:2598858-2601929	NB551033:137:HK33LBGX9:1:23102:16436:7599#0/1	98.667	150	2	0	1394	1543	150	1	9.62e-69	267
NC_011593.1:2598858-2601929	NB551033:137:HK33LBGX9:1:22109:4359:6024#0/1	98.667	150	2	0	2017	2166	150	1	9.62e-69	267
NC_011593.1:2598858-2601929	NB551033:137:HK33LBGX9:1:13202:26400:10273#0/1	98.667	150	2	0	27	176	150	1	9.62e-69	267
NC_011593.1:2598858-2601929	NB551033:137:HK33LBGX9:1:11107:5775:2000#0/1	98.667	150	2	0	1296	1445	150	1	9.62e-69	267
NC_011593.1:2598858-2601929	NB551033:137:HK33LBGX9:4:23410:5588:19697#0/2	98.658	149	2	0	137	285	1	149	3.46e-68	265
NC_011593.1:2598858-2601929	NB551033:137:HK33LBGX9:4:13602:22578:19519#0/2	98.658	149	2	0	1297	1445	149	1	3.46e-68	265
NC_011593.1:2598858-2601929	NB551033:137:HK33LBGX9:4:13401:23979:15348#0/2	98.658	149	2	0	1931	2079	1	149	3.46e-68	265
NC_011593.1:2598858-2601929	NB551033:137:HK33LBGX9:4:11509:10286:9968#0/2	98.658	149	2	0	1235	1383	3	151	3.46e-68	265
NC_011593.1:2598858-2601929	NB551033:137:HK33LBGX9:4:11505:7503:3847#0/2	98.658	149	2	0	2133	2281	149	1	3.46e-68	265
NC_011593.1:2598858-2601929	NB551033:137:HK33LBGX9:4:11403:26130:16379#0/2	98.658	149	2	0	2871	3019	149	1	3.46e-68	265
NC_011593.1:2598858-2601929	NB551033:137:HK33LBGX9:3:11609:7363:6860#0/2	98.658	149	2	0	1235	1383	3	151	3.46e-68	265
NC_011593.1:2598858-2601929	NB551033:137:HK33LBGX9:3:11408:2739:13907#0/2	98.658	149	2	0	1297	1445	1	149	3.46e-68	265
NC_011593.1:2598858-2601929	NB551033:137:HK33LBGX9:2:12201:14052:7395#0/2	100.000	143	0	0	2161	2303	143	1	3.46e-68	265
NC_011593.1:2598858-2601929	NB551033:137:HK33LBGX9:2:12104:11620:19605#0/2	100.000	143	0	0	2161	2303	143	1	3.46e-68	265
NC_011593.1:2598858-2601929	NB551033:137:HK33LBGX9:2:11206:14370:10976#0/2	98.658	149	2	0	2052	2200	149	1	3.46e-68	265
NC_011593.1:2598858-2601929	NB551033:137:HK33LBGX9:1:21305:13720:9345#0/2	98.658	149	2	0	1488	1636	149	1	3.46e-68	265
NC_011593.1:2598858-2601929	NB551033:137:HK33LBGX9:1:12102:10350:11612#0/2	98.658	149	2	0	91	239	1	149	3.46e-68	265
NC_011593.1:2598858-2601929	NB551033:137:HK33LBGX9:4:13602:22578:19519#0/1	98.658	149	2	0	1297	1445	1	149	3.46e-68	265
NC_011593.1:2598858-2601929	NB551033:137:HK33LBGX9:3:11408:2739:13907#0/1	98.658	149	2	0	1297	1445	149	1	3.46e-68	265
NC_011593.1:2598858-2601929	NB551033:137:HK33LBGX9:2:23306:13393:8189#0/1	98.658	149	2	0	2052	2200	149	1	3.46e-68	265
NC_011593.1:2598858-2601929	NB551033:137:HK33LBGX9:2:22302:9346:14194#0/1	98.658	149	2	0	1480	1628	2	150	3.46e-68	265
NC_011593.1:2598858-2601929	NB551033:137:HK33LBGX9:2:22110:17974:14195#0/1	98.658	149	2	0	2724	2872	149	1	3.46e-68	265
NC_011593.1:2598858-2601929	NB551033:137:HK33LBGX9:4:22403:15814:12734#0/2	98.013	151	3	0	413	563	151	1	1.24e-67	263
NC_011593.1:2598858-2601929	NB551033:137:HK33LBGX9:4:21506:22920:6840#0/2	98.649	148	2	0	1713	1860	1	148	1.24e-67	263
NC_011593.1:2598858-2601929	NB551033:137:HK33LBGX9:3:23601:21029:2603#0/2	98.013	151	3	0	1492	1642	1	151	1.24e-67	263
NC_011593.1:2598858-2601929	NB551033:137:HK33LBGX9:3:22604:14872:13524#0/2	100.000	142	0	0	974	1115	142	1	1.24e-67	263
NC_011593.1:2598858-2601929	NB551033:137:HK33LBGX9:2:21307:18719:18129#0/2	98.013	151	3	0	1097	1247	151	1	1.24e-67	263
NC_011593.1:2598858-2601929	NB551033:137:HK33LBGX9:2:12309:14892:6294#0/2	98.013	151	3	0	921	1071	1	151	1.24e-67	263
NC_011593.1:2598858-2601929	NB551033:137:HK33LBGX9:1:22206:8806:15709#0/2	100.000	142	0	0	1013	1154	1	142	1.24e-67	263
NC_011593.1:2598858-2601929	NB551033:137:HK33LBGX9:4:12512:21524:16452#0/1	98.649	148	2	0	2903	3050	150	3	1.24e-67	263
NC_011593.1:2598858-2601929	NB551033:137:HK33LBGX9:3:22604:14872:13524#0/1	100.000	142	0	0	974	1115	1	142	1.24e-67	263
NC_011593.1:2598858-2601929	NB551033:137:HK33LBGX9:3:22603:3844:4571#0/1	98.013	151	3	0	1239	1389	151	1	1.24e-67	263
NC_011593.1:2598858-2601929	NB551033:137:HK33LBGX9:3:21402:15427:5105#0/1	98.013	151	3	0	467	617	151	1	1.24e-67	263
NC_011593.1:2598858-2601929	NB551033:137:HK33LBGX9:3:13604:23962:3603#0/1	98.013	151	3	0	2540	2690	151	1	1.24e-67	263
NC_011593.1:2598858-2601929	NB551033:137:HK33LBGX9:3:12603:7792:12744#0/1	98.013	151	3	0	1437	1587	1	151	1.24e-67	263
NC_011593.1:2598858-2601929	NB551033:137:HK33LBGX9:3:11607:7701:19115#0/1	98.013	151	3	0	2529	2679	1	151	1.24e-67	263
NC_011593.1:2598858-2601929	NB551033:137:HK33LBGX9:2:12309:14892:6294#0/1	98.013	151	3	0	929	1079	151	1	1.24e-67	263
NC_011593.1:2598858-2601929	NB551033:137:HK33LBGX9:1:23309:4856:17555#0/1	98.013	151	3	0	480	630	151	1	1.24e-67	263
NC_011593.1:2598858-2601929	NB551033:137:HK33LBGX9:1:22206:8806:15709#0/1	100.000	142	0	0	1013	1154	142	1	1.24e-67	263
NC_011593.1:2598858-2601929	NB551033:137:HK33LBGX9:1:12309:3588:15902#0/1	98.013	151	3	0	1742	1892	1	151	1.24e-67	263
NC_011593.1:2598858-2601929	NB551033:137:HK33LBGX9:4:22505:8921:20093#0/2	98.000	150	3	0	1640	1789	1	150	4.47e-67	261
NC_011593.1:2598858-2601929	NB551033:137:HK33LBGX9:4:22505:14333:19680#0/2	98.000	150	3	0	1131	1280	1	150	4.47e-67	261
NC_011593.1:2598858-2601929	NB551033:137:HK33LBGX9:4:22403:21824:10054#0/2	98.000	150	3	0	473	622	150	1	4.47e-67	261
NC_011593.1:2598858-2601929	NB551033:137:HK33LBGX9:4:21506:2972:5232#0/2	98.000	150	3	0	2504	2653	150	1	4.47e-67	261
NC_011593.1:2598858-2601929	NB551033:137:HK33LBGX9:4:13405:20081:3653#0/2	98.000	150	3	0	1097	1246	1	150	4.47e-67	261
NC_011593.1:2598858-2601929	NB551033:137:HK33LBGX9:4:12503:12268:9302#0/2	98.000	150	3	0	1127	1276	150	1	4.47e-67	261
NC_011593.1:2598858-2601929	NB551033:137:HK33LBGX9:3:23502:3256:2032#0/2	98.000	150	3	0	1155	1304	1	150	4.47e-67	261
NC_011593.1:2598858-2601929	NB551033:137:HK33LBGX9:3:21512:16648:15107#0/2	98.000	150	3	0	930	1079	150	1	4.47e-67	261
NC_011593.1:2598858-2601929	NB551033:137:HK33LBGX9:3:11509:2664:4880#0/2	98.000	150	3	0	2509	2658	1	150	4.47e-67	261
NC_011593.1:2598858-2601929	NB551033:137:HK33LBGX9:2:12307:13303:13105#0/2	98.000	150	3	0	1107	1256	1	150	4.47e-67	261
NC_011593.1:2598858-2601929	NB551033:137:HK33LBGX9:2:12202:10259:10032#0/2	98.000	150	3	0	1683	1832	150	1	4.47e-67	261
NC_011593.1:2598858-2601929	NB551033:137:HK33LBGX9:1:23205:11336:10558#0/2	98.000	150	3	0	1433	1582	1	150	4.47e-67	261
NC_011593.1:2598858-2601929	NB551033:137:HK33LBGX9:1:21203:24215:9022#0/2	98.000	150	3	0	409	558	1	150	4.47e-67	261
NC_011593.1:2598858-2601929	NB551033:137:HK33LBGX9:1:13101:10897:20358#0/2	98.000	150	3	0	411	560	151	2	4.47e-67	261
NC_011593.1:2598858-2601929	NB551033:137:HK33LBGX9:1:12109:24243:1989#0/2	98.000	150	3	0	1107	1256	1	150	4.47e-67	261
NC_011593.1:2598858-2601929	NB551033:137:HK33LBGX9:4:23401:3423:13160#0/1	98.000	150	3	0	2040	2189	1	150	4.47e-67	261
NC_011593.1:2598858-2601929	NB551033:137:HK33LBGX9:4:13405:20081:3653#0/1	98.000	150	3	0	1200	1349	150	1	4.47e-67	261
NC_011593.1:2598858-2601929	NB551033:137:HK33LBGX9:4:12509:10500:17439#0/1	98.000	150	3	0	919	1068	1	150	4.47e-67	261
NC_011593.1:2598858-2601929	NB551033:137:HK33LBGX9:3:21512:16648:15107#0/1	98.000	150	3	0	919	1068	1	150	4.47e-67	261
NC_011593.1:2598858-2601929	NB551033:137:HK33LBGX9:3:12501:2617:19718#0/1	98.000	150	3	0	595	744	1	150	4.47e-67	261
NC_011593.1:2598858-2601929	NB551033:137:HK33LBGX9:2:12307:25018:4437#0/1	98.000	150	3	0	487	636	150	1	4.47e-67	261
NC_011593.1:2598858-2601929	NB551033:137:HK33LBGX9:1:21305:13720:9345#0/1	98.000	150	3	0	1420	1569	1	150	4.47e-67	261
NC_011593.1:2598858-2601929	NB551033:137:HK33LBGX9:1:12204:7041:18100#0/1	98.000	150	3	0	2501	2650	1	150	4.47e-67	261
NC_011593.1:2598858-2601929	NB551033:137:HK33LBGX9:1:12107:16141:18998#0/1	98.000	150	3	0	1127	1276	150	1	4.47e-67	261
NC_011593.1:2598858-2601929	NB551033:137:HK33LBGX9:1:11309:17548:7523#0/1	98.000	150	3	0	1476	1625	1	150	4.47e-67	261
NC_011593.1:2598858-2601929	NB551033:137:HK33LBGX9:4:12611:11863:18408#0/2	100.000	140	0	0	1	140	140	1	1.61e-66	259
NC_011593.1:2598858-2601929	NB551033:137:HK33LBGX9:3:12401:15335:9335#0/2	98.630	146	2	0	1235	1380	146	1	1.61e-66	259
NC_011593.1:2598858-2601929	NB551033:137:HK33LBGX9:2:23110:6159:2758#0/2	98.630	146	2	0	1726	1871	146	1	1.61e-66	259
NC_011593.1:2598858-2601929	NB551033:137:HK33LBGX9:3:21503:24502:18448#0/1	97.987	149	3	0	2581	2729	149	1	1.61e-66	259
NC_011593.1:2598858-2601929	NB551033:137:HK33LBGX9:3:11504:24456:8985#0/1	97.987	149	3	0	1532	1680	1	149	1.61e-66	259
NC_011593.1:2598858-2601929	NB551033:137:HK33LBGX9:2:23205:19558:3542#0/1	97.987	149	3	0	1115	1263	1	149	1.61e-66	259
NC_011593.1:2598858-2601929	NB551033:137:HK33LBGX9:2:23110:6159:2758#0/1	98.630	146	2	0	1726	1871	1	146	1.61e-66	259
NC_011593.1:2598858-2601929	NB551033:137:HK33LBGX9:1:11210:17554:17409#0/1	100.000	140	0	0	1	140	11	150	1.61e-66	259
NC_011593.1:2598858-2601929	NB551033:137:HK33LBGX9:4:21407:17926:4162#0/2	97.351	151	4	0	1118	1268	151	1	5.79e-66	257
NC_011593.1:2598858-2601929	NB551033:137:HK33LBGX9:4:21405:1354:1734#0/2	97.351	151	4	0	1109	1259	151	1	5.79e-66	257
NC_011593.1:2598858-2601929	NB551033:137:HK33LBGX9:4:12401:26080:10987#0/2	97.351	151	4	0	2607	2757	151	1	5.79e-66	257
NC_011593.1:2598858-2601929	NB551033:137:HK33LBGX9:3:23401:14142:1976#0/2	97.351	151	4	0	2699	2849	151	1	5.79e-66	257
NC_011593.1:2598858-2601929	NB551033:137:HK33LBGX9:3:11504:16079:13449#0/2	97.351	151	4	0	1239	1389	151	1	5.79e-66	257
NC_011593.1:2598858-2601929	NB551033:137:HK33LBGX9:1:22112:10669:4081#0/2	97.351	151	4	0	2681	2831	1	151	5.79e-66	257
NC_011593.1:2598858-2601929	NB551033:137:HK33LBGX9:1:13204:23953:15911#0/2	97.351	151	4	0	2336	2486	151	1	5.79e-66	257
NC_011593.1:2598858-2601929	NB551033:137:HK33LBGX9:1:13101:6962:12944#0/2	97.351	151	4	0	2632	2782	1	151	5.79e-66	257
NC_011593.1:2598858-2601929	NB551033:137:HK33LBGX9:1:11305:20315:1982#0/2	100.000	139	0	0	1870	2008	139	1	5.79e-66	257
NC_011593.1:2598858-2601929	NB551033:137:HK33LBGX9:4:23410:5327:3657#0/1	97.351	151	4	0	708	858	151	1	5.79e-66	257
NC_011593.1:2598858-2601929	NB551033:137:HK33LBGX9:4:21407:24784:18005#0/1	97.351	151	4	0	2686	2836	1	151	5.79e-66	257
NC_011593.1:2598858-2601929	NB551033:137:HK33LBGX9:3:23502:3256:2032#0/1	97.351	151	4	0	1221	1371	151	1	5.79e-66	257
NC_011593.1:2598858-2601929	NB551033:137:HK33LBGX9:3:21407:1132:7891#0/1	97.351	151	4	0	2677	2827	1	151	5.79e-66	257
NC_011593.1:2598858-2601929	NB551033:137:HK33LBGX9:3:21406:26590:7886#0/1	97.351	151	4	0	2677	2827	1	151	5.79e-66	257
NC_011593.1:2598858-2601929	NB551033:137:HK33LBGX9:3:13612:13416:16150#0/1	97.351	151	4	0	826	976	1	151	5.79e-66	257
NC_011593.1:2598858-2601929	NB551033:137:HK33LBGX9:3:13511:22895:1430#0/1	99.296	142	1	0	1360	1501	2	143	5.79e-66	257
NC_011593.1:2598858-2601929	NB551033:137:HK33LBGX9:3:13406:7666:9499#0/1	97.351	151	4	0	509	659	151	1	5.79e-66	257
NC_011593.1:2598858-2601929	NB551033:137:HK33LBGX9:1:21101:3936:13100#0/1	97.351	151	4	0	597	747	151	1	5.79e-66	257
NC_011593.1:2598858-2601929	NB551033:137:HK33LBGX9:1:13101:6962:12944#0/1	97.351	151	4	0	2707	2857	151	1	5.79e-66	257
NC_011593.1:2598858-2601929	NB551033:137:HK33LBGX9:1:11305:20315:1982#0/1	100.000	139	0	0	1870	2008	1	139	5.79e-66	257
NC_011593.1:2598858-2601929	NB551033:137:HK33LBGX9:1:11102:18413:16751#0/1	97.351	151	4	0	745	895	151	1	5.79e-66	257
NC_011593.1:2598858-2601929	NB551033:137:HK33LBGX9:3:11607:7701:19115#0/2	97.333	150	4	0	2573	2722	150	1	2.08e-65	255
NC_011593.1:2598858-2601929	NB551033:137:HK33LBGX9:2:22110:17974:14195#0/2	97.333	150	4	0	2588	2737	1	150	2.08e-65	255
NC_011593.1:2598858-2601929	NB551033:137:HK33LBGX9:2:21301:25701:2910#0/2	97.333	150	4	0	2022	2171	1	150	2.08e-65	255
NC_011593.1:2598858-2601929	NB551033:137:HK33LBGX9:2:13312:24583:6720#0/2	97.333	150	4	0	1421	1570	150	1	2.08e-65	255
NC_011593.1:2598858-2601929	NB551033:137:HK33LBGX9:2:12112:11663:4388#0/2	97.333	150	4	0	486	635	150	1	2.08e-65	255
NC_011593.1:2598858-2601929	NB551033:137:HK33LBGX9:1:21101:3936:13100#0/2	97.333	150	4	0	499	648	1	150	2.08e-65	255
NC_011593.1:2598858-2601929	NB551033:137:HK33LBGX9:1:13206:20765:19961#0/2	97.333	150	4	0	595	744	1	150	2.08e-65	255
NC_011593.1:2598858-2601929	NB551033:137:HK33LBGX9:4:23602:14001:14947#0/1	97.333	150	4	0	705	854	1	150	2.08e-65	255
NC_011593.1:2598858-2601929	NB551033:137:HK33LBGX9:4:22403:21824:10054#0/1	97.333	150	4	0	419	568	1	150	2.08e-65	255
NC_011593.1:2598858-2601929	NB551033:137:HK33LBGX9:4:21508:7350:18460#0/1	97.959	147	3	0	2576	2722	1	147	2.08e-65	255
NC_011593.1:2598858-2601929	NB551033:137:HK33LBGX9:3:23401:14142:1976#0/1	97.333	150	4	0	2681	2830	1	150	2.08e-65	255
NC_011593.1:2598858-2601929	NB551033:137:HK33LBGX9:3:21407:16226:20176#0/1	97.333	150	4	0	835	984	150	1	2.08e-65	255
NC_011593.1:2598858-2601929	NB551033:137:HK33LBGX9:3:21405:12756:5679#0/1	97.333	150	4	0	707	856	1	150	2.08e-65	255
NC_011593.1:2598858-2601929	NB551033:137:HK33LBGX9:3:11511:5642:7961#0/1	97.333	150	4	0	2644	2793	150	1	2.08e-65	255
NC_011593.1:2598858-2601929	NB551033:137:HK33LBGX9:2:21301:25701:2910#0/1	97.333	150	4	0	2577	2726	150	1	2.08e-65	255
NC_011593.1:2598858-2601929	NB551033:137:HK33LBGX9:1:21203:24215:9022#0/1	97.333	150	4	0	505	654	150	1	2.08e-65	255
NC_011593.1:2598858-2601929	NB551033:137:HK33LBGX9:1:13310:11983:3524#0/1	97.333	150	4	0	685	834	150	1	2.08e-65	255
NC_011593.1:2598858-2601929	NB551033:137:HK33LBGX9:1:11210:6037:4398#0/1	98.611	144	2	0	143	286	1	144	2.08e-65	255
NC_011593.1:2598858-2601929	NB551033:137:HK33LBGX9:4:23511:12932:17931#0/2	99.286	140	1	0	2402	2541	140	1	7.49e-65	254
NC_011593.1:2598858-2601929	NB551033:137:HK33LBGX9:4:23507:26523:17590#0/2	99.286	140	1	0	1628	1767	1	140	7.49e-65	254
NC_011593.1:2598858-2601929	NB551033:137:HK33LBGX9:4:21508:7350:18460#0/2	97.315	149	4	0	2640	2788	149	1	7.49e-65	254
NC_011593.1:2598858-2601929	NB551033:137:HK33LBGX9:3:13406:7666:9499#0/2	97.315	149	4	0	175	323	3	151	7.49e-65	254
NC_011593.1:2598858-2601929	NB551033:137:HK33LBGX9:1:21311:23679:2284#0/2	100.000	137	0	0	964	1100	137	1	7.49e-65	254
NC_011593.1:2598858-2601929	NB551033:137:HK33LBGX9:1:21303:4795:15161#0/2	100.000	137	0	0	1	137	15	151	7.49e-65	254
NC_011593.1:2598858-2601929	NB551033:137:HK33LBGX9:4:23511:12932:17931#0/1	99.286	140	1	0	2402	2541	1	140	7.49e-65	254
NC_011593.1:2598858-2601929	NB551033:137:HK33LBGX9:4:23507:26523:17590#0/1	99.286	140	1	0	1628	1767	140	1	7.49e-65	254
NC_011593.1:2598858-2601929	NB551033:137:HK33LBGX9:4:12603:3197:16854#0/1	97.315	149	4	0	907	1055	149	1	7.49e-65	254
NC_011593.1:2598858-2601929	NB551033:137:HK33LBGX9:1:21311:23679:2284#0/1	100.000	137	0	0	964	1100	1	137	7.49e-65	254
NC_011593.1:2598858-2601929	NB551033:137:HK33LBGX9:3:22512:15460:13566#0/2	98.592	142	2	0	1321	1462	142	1	2.69e-64	252
NC_011593.1:2598858-2601929	NB551033:137:HK33LBGX9:3:11606:10628:3496#0/2	96.689	151	5	0	2297	2447	1	151	2.69e-64	252
NC_011593.1:2598858-2601929	NB551033:137:HK33LBGX9:2:22308:25872:5351#0/2	96.689	151	5	0	759	909	1	151	2.69e-64	252
NC_011593.1:2598858-2601929	NB551033:137:HK33LBGX9:1:23212:1520:6614#0/2	96.689	151	5	0	674	824	151	1	2.69e-64	252
NC_011593.1:2598858-2601929	NB551033:137:HK33LBGX9:1:11210:6037:4398#0/2	98.592	142	2	0	145	286	142	1	2.69e-64	252
NC_011593.1:2598858-2601929	NB551033:137:HK33LBGX9:4:23502:14816:1917#0/1	96.689	151	5	0	1214	1364	1	151	2.69e-64	252
NC_011593.1:2598858-2601929	NB551033:137:HK33LBGX9:3:22512:15460:13566#0/1	98.592	142	2	0	1321	1462	1	142	2.69e-64	252
NC_011593.1:2598858-2601929	NB551033:137:HK33LBGX9:3:13408:19896:3805#0/1	96.689	151	5	0	895	1045	1	151	2.69e-64	252
NC_011593.1:2598858-2601929	NB551033:137:HK33LBGX9:3:11606:10628:3496#0/1	96.689	151	5	0	2336	2486	151	1	2.69e-64	252
NC_011593.1:2598858-2601929	NB551033:137:HK33LBGX9:2:23301:15840:18680#0/1	96.689	151	5	0	738	888	151	1	2.69e-64	252
NC_011593.1:2598858-2601929	NB551033:137:HK33LBGX9:1:11104:3512:20224#0/1	96.689	151	5	0	1492	1642	1	151	2.69e-64	252
NC_011593.1:2598858-2601929	NB551033:137:HK33LBGX9:4:23511:21364:3481#0/2	96.667	150	5	0	2610	2759	150	1	9.68e-64	250
NC_011593.1:2598858-2601929	NB551033:137:HK33LBGX9:3:21509:16010:7203#0/2	96.667	150	5	0	678	827	150	1	9.68e-64	250
NC_011593.1:2598858-2601929	NB551033:137:HK33LBGX9:3:21407:16226:20176#0/2	96.667	150	5	0	765	914	1	150	9.68e-64	250
NC_011593.1:2598858-2601929	NB551033:137:HK33LBGX9:3:21407:1132:7891#0/2	97.917	144	3	0	2929	3072	151	8	9.68e-64	250
NC_011593.1:2598858-2601929	NB551033:137:HK33LBGX9:3:21406:26590:7886#0/2	97.917	144	3	0	2929	3072	151	8	9.68e-64	250
NC_011593.1:2598858-2601929	NB551033:137:HK33LBGX9:1:22204:17080:14501#0/2	97.279	147	4	0	742	888	147	1	9.68e-64	250
NC_011593.1:2598858-2601929	NB551033:137:HK33LBGX9:1:12212:14754:2055#0/2	99.275	138	1	0	171	308	138	1	9.68e-64	250
NC_011593.1:2598858-2601929	NB551033:137:HK33LBGX9:4:22503:21903:1245#0/1	96.667	150	5	0	556	705	1	150	9.68e-64	250
NC_011593.1:2598858-2601929	NB551033:137:HK33LBGX9:4:11403:26130:16379#0/1	96.667	150	5	0	2686	2835	1	150	9.68e-64	250
NC_011593.1:2598858-2601929	NB551033:137:HK33LBGX9:3:21606:18940:7182#0/1	100.000	135	0	0	2202	2336	135	1	9.68e-64	250
NC_011593.1:2598858-2601929	NB551033:137:HK33LBGX9:3:11409:23577:2508#0/1	97.279	147	4	0	492	638	1	147	9.68e-64	250
NC_011593.1:2598858-2601929	NB551033:137:HK33LBGX9:2:22308:25872:5351#0/1	96.667	150	5	0	785	934	150	1	9.68e-64	250
NC_011593.1:2598858-2601929	NB551033:137:HK33LBGX9:2:13202:17051:3976#0/1	99.275	138	1	0	2433	2570	1	138	9.68e-64	250
NC_011593.1:2598858-2601929	NB551033:137:HK33LBGX9:1:22204:17080:14501#0/1	96.667	150	5	0	600	749	1	150	9.68e-64	250
NC_011593.1:2598858-2601929	NB551033:137:HK33LBGX9:3:23609:10528:6032#0/2	96.644	149	5	0	781	929	149	1	3.48e-63	248
NC_011593.1:2598858-2601929	NB551033:137:HK33LBGX9:2:12311:16149:5557#0/2	97.260	146	4	0	2682	2827	1	146	3.48e-63	248
NC_011593.1:2598858-2601929	NB551033:137:HK33LBGX9:1:22201:3591:11629#0/2	99.270	137	1	0	1081	1217	137	1	3.48e-63	248
NC_011593.1:2598858-2601929	NB551033:137:HK33LBGX9:2:12311:16149:5557#0/1	97.260	146	4	0	2682	2827	146	1	3.48e-63	248
NC_011593.1:2598858-2601929	NB551033:137:HK33LBGX9:1:22201:3591:11629#0/1	99.270	137	1	0	1081	1217	1	137	3.48e-63	248
NC_011593.1:2598858-2601929	NB551033:137:HK33LBGX9:3:23609:10528:6032#0/1	97.887	142	3	0	751	892	3	144	1.25e-62	246
NC_011593.1:2598858-2601929	NB551033:137:HK33LBGX9:3:21509:16010:7203#0/1	96.026	151	6	0	615	765	1	151	1.25e-62	246
NC_011593.1:2598858-2601929	NB551033:137:HK33LBGX9:2:21107:10920:6256#0/1	96.026	151	6	0	759	909	1	151	1.25e-62	246
NC_011593.1:2598858-2601929	NB551033:137:HK33LBGX9:1:13206:20765:19961#0/1	96.026	151	6	0	657	807	151	1	1.25e-62	246
NC_011593.1:2598858-2601929	NB551033:137:HK33LBGX9:4:22503:21903:1245#0/2	96.000	150	6	0	651	800	150	1	4.51e-62	244
NC_011593.1:2598858-2601929	NB551033:137:HK33LBGX9:4:12603:3197:16854#0/2	96.000	150	6	0	760	909	1	150	4.51e-62	244
NC_011593.1:2598858-2601929	NB551033:137:HK33LBGX9:3:22611:21998:2333#0/2	98.551	138	2	0	1347	1484	138	1	4.51e-62	244
NC_011593.1:2598858-2601929	NB551033:137:HK33LBGX9:3:22410:19696:17054#0/2	97.222	144	4	0	2643	2786	144	1	4.51e-62	244
NC_011593.1:2598858-2601929	NB551033:137:HK33LBGX9:2:23301:15840:18680#0/2	96.000	150	6	0	622	771	1	150	4.51e-62	244
NC_011593.1:2598858-2601929	NB551033:137:HK33LBGX9:1:12303:23066:8704#0/2	96.000	150	6	0	651	800	1	150	4.51e-62	244
NC_011593.1:2598858-2601929	NB551033:137:HK33LBGX9:3:12402:17195:2167#0/1	96.000	150	6	0	661	810	1	150	4.51e-62	244
NC_011593.1:2598858-2601929	NB551033:137:HK33LBGX9:1:12303:23066:8704#0/1	96.000	150	6	0	658	807	150	1	4.51e-62	244
NC_011593.1:2598858-2601929	NB551033:137:HK33LBGX9:4:23602:14001:14947#0/2	95.973	149	6	0	765	913	149	1	1.62e-61	243
NC_011593.1:2598858-2601929	NB551033:137:HK33LBGX9:2:11309:14108:4525#0/2	100.000	131	0	0	2211	2341	1	131	1.62e-61	243
NC_011593.1:2598858-2601929	NB551033:137:HK33LBGX9:1:23207:18734:3870#0/2	98.540	137	2	0	2083	2219	1	137	1.62e-61	243
NC_011593.1:2598858-2601929	NB551033:137:HK33LBGX9:1:13310:11983:3524#0/2	95.973	149	6	0	646	794	1	149	1.62e-61	243
NC_011593.1:2598858-2601929	NB551033:137:HK33LBGX9:1:11203:9671:6911#0/2	97.857	140	3	0	1437	1576	1	140	1.62e-61	243
NC_011593.1:2598858-2601929	NB551033:137:HK33LBGX9:4:21409:18667:16933#0/1	95.973	149	6	0	759	907	1	149	1.62e-61	243
NC_011593.1:2598858-2601929	NB551033:137:HK33LBGX9:4:11407:23361:9243#0/1	96.575	146	5	0	799	944	1	146	1.62e-61	243
NC_011593.1:2598858-2601929	NB551033:137:HK33LBGX9:3:22611:21998:2333#0/1	98.540	137	2	0	1347	1483	1	137	1.62e-61	243
NC_011593.1:2598858-2601929	NB551033:137:HK33LBGX9:3:22410:19696:17054#0/1	97.203	143	4	0	2643	2785	1	143	1.62e-61	243
NC_011593.1:2598858-2601929	NB551033:137:HK33LBGX9:2:11309:14108:4525#0/1	100.000	131	0	0	2211	2341	131	1	1.62e-61	243
NC_011593.1:2598858-2601929	NB551033:137:HK33LBGX9:1:23207:18734:3870#0/1	98.540	137	2	0	2083	2219	137	1	1.62e-61	243
NC_011593.1:2598858-2601929	NB551033:137:HK33LBGX9:1:13204:23953:15911#0/1	100.000	131	0	0	2213	2343	1	131	1.62e-61	243
NC_011593.1:2598858-2601929	NB551033:137:HK33LBGX9:1:11203:9671:6911#0/1	97.857	140	3	0	1437	1576	140	1	1.62e-61	243
NC_011593.1:2598858-2601929	NB551033:137:HK33LBGX9:4:13401:22597:19013#0/2	97.183	142	4	0	751	892	3	144	5.83e-61	241
NC_011593.1:2598858-2601929	NB551033:137:HK33LBGX9:3:12412:17164:5595#0/2	99.248	133	1	0	168	300	1	133	5.83e-61	241
NC_011593.1:2598858-2601929	NB551033:137:HK33LBGX9:2:23310:11947:8324#0/2	100.000	130	0	0	976	1105	1	130	5.83e-61	241
NC_011593.1:2598858-2601929	NB551033:137:HK33LBGX9:2:23310:11947:8324#0/1	100.000	130	0	0	976	1105	130	1	5.83e-61	241
NC_011593.1:2598858-2601929	NB551033:137:HK33LBGX9:2:13107:6433:2909#0/1	100.000	130	0	0	262	391	130	1	5.83e-61	241
NC_011593.1:2598858-2601929	NB551033:137:HK33LBGX9:1:11206:5538:19801#0/1	98.529	136	2	0	99	234	1	136	5.83e-61	241
NC_011593.1:2598858-2601929	NB551033:137:HK33LBGX9:3:13608:20160:10212#0/2	97.826	138	3	0	2935	3072	150	13	2.10e-60	239
NC_011593.1:2598858-2601929	NB551033:137:HK33LBGX9:2:21107:20297:14794#0/2	98.507	134	2	0	58	191	134	1	7.54e-60	237
NC_011593.1:2598858-2601929	NB551033:137:HK33LBGX9:3:11411:11941:10152#0/2	99.231	130	1	0	1619	1748	130	1	2.71e-59	235
NC_011593.1:2598858-2601929	NB551033:137:HK33LBGX9:2:21112:22407:7836#0/2	98.496	133	2	0	2864	2996	133	1	2.71e-59	235
NC_011593.1:2598858-2601929	NB551033:137:HK33LBGX9:3:11411:11941:10152#0/1	99.231	130	1	0	1619	1748	1	130	2.71e-59	235
NC_011593.1:2598858-2601929	NB551033:137:HK33LBGX9:2:21112:22407:7836#0/1	98.496	133	2	0	2864	2996	1	133	2.71e-59	235
NC_011593.1:2598858-2601929	NB551033:137:HK33LBGX9:3:12412:10943:2299#0/2	98.473	131	2	0	1259	1389	1	131	3.51e-58	231
NC_011593.1:2598858-2601929	NB551033:137:HK33LBGX9:3:12412:10943:2299#0/1	98.473	131	2	0	1259	1389	131	1	3.51e-58	231
NC_011593.1:2598858-2601929	NB551033:137:HK33LBGX9:4:12403:7920:1406#0/2	100.000	124	0	0	200	323	1	124	1.26e-57	230
NC_011593.1:2598858-2601929	NB551033:137:HK33LBGX9:4:22507:8671:19662#0/1	97.744	133	3	0	1614	1746	133	1	1.26e-57	230
NC_011593.1:2598858-2601929	NB551033:137:HK33LBGX9:4:12403:7920:1406#0/1	100.000	124	0	0	200	323	124	1	1.26e-57	230
NC_011593.1:2598858-2601929	NB551033:137:HK33LBGX9:1:23309:4856:17555#0/2	97.727	132	3	0	137	268	1	132	4.54e-57	228
NC_011593.1:2598858-2601929	NB551033:137:HK33LBGX9:4:13512:16370:5697#0/1	99.200	125	1	0	1	125	25	149	1.63e-56	226
NC_011593.1:2598858-2601929	NB551033:137:HK33LBGX9:2:13302:8157:13285#0/2	98.413	126	2	0	1050	1175	1	126	2.11e-55	222
NC_011593.1:2598858-2601929	NB551033:137:HK33LBGX9:2:13302:8157:13285#0/1	98.413	126	2	0	1050	1175	126	1	2.11e-55	222
NC_011593.1:2598858-2601929	NB551033:137:HK33LBGX9:2:23308:9510:9563#0/1	100.000	119	0	0	231	349	119	1	7.59e-55	220
NC_011593.1:2598858-2601929	NB551033:137:HK33LBGX9:1:12209:5236:14874#0/1	100.000	119	0	0	273	391	119	1	7.59e-55	220
NC_011593.1:2598858-2601929	NB551033:137:HK33LBGX9:4:21608:22483:5512#0/2	95.588	136	6	0	627	762	1	136	2.73e-54	219
NC_011593.1:2598858-2601929	NB551033:137:HK33LBGX9:1:12309:3588:15902#0/2	99.174	121	1	0	1811	1931	121	1	2.73e-54	219
NC_011593.1:2598858-2601929	NB551033:137:HK33LBGX9:4:21608:22483:5512#0/1	95.588	136	6	0	627	762	136	1	2.73e-54	219
NC_011593.1:2598858-2601929	NB551033:137:HK33LBGX9:2:12202:10259:10032#0/1	99.174	121	1	0	1599	1719	1	121	2.73e-54	219
NC_011593.1:2598858-2601929	NB551033:137:HK33LBGX9:4:12603:5829:14951#0/2	99.167	120	1	0	1381	1500	1	120	9.82e-54	217
NC_011593.1:2598858-2601929	NB551033:137:HK33LBGX9:4:12603:5829:14951#0/1	99.167	120	1	0	1381	1500	120	1	9.82e-54	217
NC_011593.1:2598858-2601929	NB551033:137:HK33LBGX9:1:11212:9112:9092#0/1	99.167	120	1	0	2799	2918	120	1	9.82e-54	217
NC_011593.1:2598858-2601929	NB551033:137:HK33LBGX9:1:21202:2120:11289#0/2	100.000	116	0	0	1045	1160	1	116	3.53e-53	215
NC_011593.1:2598858-2601929	NB551033:137:HK33LBGX9:3:11509:2664:4880#0/1	99.160	119	1	0	2767	2885	119	1	3.53e-53	215
NC_011593.1:2598858-2601929	NB551033:137:HK33LBGX9:1:21202:2120:11289#0/1	99.160	119	1	0	1045	1163	119	1	3.53e-53	215
NC_011593.1:2598858-2601929	NB551033:137:HK33LBGX9:4:21607:25052:10817#0/2	97.581	124	3	0	932	1055	124	1	1.27e-52	213
NC_011593.1:2598858-2601929	NB551033:137:HK33LBGX9:3:12505:20871:12520#0/2	100.000	115	0	0	1363	1477	1	115	1.27e-52	213
NC_011593.1:2598858-2601929	NB551033:137:HK33LBGX9:4:21607:25052:10817#0/1	97.581	124	3	0	932	1055	1	124	1.27e-52	213
NC_011593.1:2598858-2601929	NB551033:137:HK33LBGX9:3:12505:20871:12520#0/1	100.000	115	0	0	1363	1477	115	1	1.27e-52	213
NC_011593.1:2598858-2601929	NB551033:137:HK33LBGX9:2:22102:6087:13194#0/1	97.581	124	3	0	1668	1791	1	124	1.27e-52	213
NC_011593.1:2598858-2601929	NB551033:137:HK33LBGX9:2:23101:9724:11249#0/1	99.145	117	1	0	1632	1748	117	1	4.57e-52	211
NC_011593.1:2598858-2601929	NB551033:137:HK33LBGX9:3:21609:16200:15477#0/2	96.800	125	4	0	705	829	1	125	1.64e-51	209
NC_011593.1:2598858-2601929	NB551033:137:HK33LBGX9:3:21609:16200:15477#0/1	96.800	125	4	0	705	829	125	1	1.64e-51	209
NC_011593.1:2598858-2601929	NB551033:137:HK33LBGX9:1:22305:11824:9758#0/2	100.000	112	0	0	316	427	112	1	5.91e-51	207
NC_011593.1:2598858-2601929	NB551033:137:HK33LBGX9:1:11304:8375:8316#0/2	100.000	112	0	0	208	319	1	112	5.91e-51	207
NC_011593.1:2598858-2601929	NB551033:137:HK33LBGX9:1:22305:11824:9758#0/1	100.000	112	0	0	316	427	1	112	5.91e-51	207
NC_011593.1:2598858-2601929	NB551033:137:HK33LBGX9:1:11304:8375:8316#0/1	100.000	112	0	0	208	319	112	1	5.91e-51	207
NC_011593.1:2598858-2601929	NB551033:137:HK33LBGX9:2:23101:9724:11249#0/2	99.123	114	1	0	1437	1550	1	114	2.13e-50	206
NC_011593.1:2598858-2601929	NB551033:137:HK33LBGX9:1:11310:20532:2380#0/1	97.479	119	3	0	2609	2727	119	1	7.65e-50	204
NC_011593.1:2598858-2601929	NB551033:137:HK33LBGX9:4:13606:15101:5491#0/2	98.261	115	2	0	555	669	1	115	2.75e-49	202
NC_011593.1:2598858-2601929	NB551033:137:HK33LBGX9:2:22111:13398:2255#0/2	99.107	112	1	0	1836	1947	1	112	2.75e-49	202
NC_011593.1:2598858-2601929	NB551033:137:HK33LBGX9:4:13606:15101:5491#0/1	98.261	115	2	0	555	669	115	1	2.75e-49	202
NC_011593.1:2598858-2601929	NB551033:137:HK33LBGX9:2:22111:13398:2255#0/1	99.107	112	1	0	1836	1947	112	1	2.75e-49	202
NC_011593.1:2598858-2601929	NB551033:137:HK33LBGX9:3:13601:19885:7684#0/2	96.667	120	4	0	630	749	1	120	9.89e-49	200
NC_011593.1:2598858-2601929	NB551033:137:HK33LBGX9:3:13412:3497:9574#0/2	100.000	108	0	0	1	108	108	1	9.89e-49	200
NC_011593.1:2598858-2601929	NB551033:137:HK33LBGX9:3:13601:19885:7684#0/1	96.667	120	4	0	630	749	121	2	9.89e-49	200
NC_011593.1:2598858-2601929	NB551033:137:HK33LBGX9:3:13503:14086:12237#0/2	96.639	119	4	0	690	808	1	119	3.56e-48	198
NC_011593.1:2598858-2601929	NB551033:137:HK33LBGX9:2:12104:23114:3358#0/2	98.230	113	2	0	2534	2646	1	113	3.56e-48	198
NC_011593.1:2598858-2601929	NB551033:137:HK33LBGX9:1:11109:25872:4031#0/2	98.230	113	2	0	139	251	1	113	3.56e-48	198
NC_011593.1:2598858-2601929	NB551033:137:HK33LBGX9:4:23501:1401:15188#0/1	98.230	113	2	0	2107	2219	113	1	3.56e-48	198
NC_011593.1:2598858-2601929	NB551033:137:HK33LBGX9:3:21506:2847:1340#0/1	100.000	107	0	0	2263	2369	1	107	3.56e-48	198
NC_011593.1:2598858-2601929	NB551033:137:HK33LBGX9:3:13503:14086:12237#0/1	96.639	119	4	0	690	808	119	1	3.56e-48	198
NC_011593.1:2598858-2601929	NB551033:137:HK33LBGX9:2:12104:23114:3358#0/1	98.230	113	2	0	2534	2646	113	1	3.56e-48	198
NC_011593.1:2598858-2601929	NB551033:137:HK33LBGX9:1:11109:25872:4031#0/1	98.230	113	2	0	139	251	113	1	3.56e-48	198
NC_011593.1:2598858-2601929	NB551033:137:HK33LBGX9:1:11105:22826:12023#0/2	98.214	112	2	0	422	533	1	112	1.28e-47	196
NC_011593.1:2598858-2601929	NB551033:137:HK33LBGX9:1:11105:22826:12023#0/1	98.214	112	2	0	422	533	114	3	1.28e-47	196
NC_011593.1:2598858-2601929	NB551033:137:HK33LBGX9:2:13303:14281:1635#0/2	100.000	105	0	0	237	341	105	1	4.60e-47	195
NC_011593.1:2598858-2601929	NB551033:137:HK33LBGX9:2:13303:14281:1635#0/1	100.000	105	0	0	237	341	1	105	4.60e-47	195
NC_011593.1:2598858-2601929	NB551033:137:HK33LBGX9:3:22603:3844:4571#0/2	98.182	110	2	0	754	863	1	110	1.66e-46	193
NC_011593.1:2598858-2601929	NB551033:137:HK33LBGX9:3:21506:2847:1340#0/2	99.065	107	1	0	2263	2369	107	1	1.66e-46	193
NC_011593.1:2598858-2601929	NB551033:137:HK33LBGX9:1:11308:20015:8184#0/2	100.000	104	0	0	254	357	104	1	1.66e-46	193
NC_011593.1:2598858-2601929	NB551033:137:HK33LBGX9:1:11308:20015:8184#0/1	100.000	104	0	0	254	357	1	104	1.66e-46	193
NC_011593.1:2598858-2601929	NB551033:137:HK33LBGX9:4:13512:16370:5697#0/2	99.057	106	1	0	203	308	106	1	5.95e-46	191
NC_011593.1:2598858-2601929	NB551033:137:HK33LBGX9:4:11510:14499:3725#0/2	99.048	105	1	0	1386	1490	1	105	2.14e-45	189
NC_011593.1:2598858-2601929	NB551033:137:HK33LBGX9:3:23508:15015:6774#0/2	97.297	111	3	0	580	690	111	1	2.14e-45	189
NC_011593.1:2598858-2601929	NB551033:137:HK33LBGX9:3:13611:25877:6277#0/2	98.148	108	2	0	1433	1540	108	1	2.14e-45	189
NC_011593.1:2598858-2601929	NB551033:137:HK33LBGX9:1:23207:4269:18253#0/2	99.048	105	1	0	1824	1928	105	1	2.14e-45	189
NC_011593.1:2598858-2601929	NB551033:137:HK33LBGX9:3:23508:15015:6774#0/1	97.297	111	3	0	580	690	1	111	2.14e-45	189
NC_011593.1:2598858-2601929	NB551033:137:HK33LBGX9:3:13611:25877:6277#0/1	98.148	108	2	0	1433	1540	1	108	2.14e-45	189
NC_011593.1:2598858-2601929	NB551033:137:HK33LBGX9:1:23207:4269:18253#0/1	99.048	105	1	0	1824	1928	1	105	2.14e-45	189
NC_011593.1:2598858-2601929	NB551033:137:HK33LBGX9:3:11504:11042:2514#0/2	98.131	107	2	0	2115	2221	107	1	7.70e-45	187
NC_011593.1:2598858-2601929	NB551033:137:HK33LBGX9:3:11504:16079:13449#0/1	100.000	101	0	0	1026	1126	1	101	7.70e-45	187
NC_011593.1:2598858-2601929	NB551033:137:HK33LBGX9:2:12208:11824:12799#0/2	98.113	106	2	0	2543	2648	106	1	2.77e-44	185
NC_011593.1:2598858-2601929	NB551033:137:HK33LBGX9:2:12208:11824:12799#0/1	98.113	106	2	0	2543	2648	1	106	2.77e-44	185
NC_011593.1:2598858-2601929	NB551033:137:HK33LBGX9:2:23308:9607:8854#0/2	99.020	102	1	0	1647	1748	1	102	9.96e-44	183
NC_011593.1:2598858-2601929	NB551033:137:HK33LBGX9:2:13202:17051:3976#0/2	96.396	111	4	0	2676	2786	111	1	9.96e-44	183
NC_011593.1:2598858-2601929	NB551033:137:HK33LBGX9:2:23308:9607:8854#0/1	99.020	102	1	0	1647	1748	102	1	9.96e-44	183
NC_011593.1:2598858-2601929	NB551033:137:HK33LBGX9:1:21203:24460:16992#0/2	98.077	104	2	0	1268	1371	104	1	3.58e-43	182
NC_011593.1:2598858-2601929	NB551033:137:HK33LBGX9:1:21203:24460:16992#0/1	98.077	104	2	0	1268	1371	1	104	3.58e-43	182
NC_011593.1:2598858-2601929	NB551033:137:HK33LBGX9:4:22507:8671:19662#0/2	97.170	106	3	0	1246	1351	1	106	1.29e-42	180
NC_011593.1:2598858-2601929	NB551033:137:HK33LBGX9:3:12603:7792:12744#0/2	99.000	100	1	0	1554	1653	100	1	1.29e-42	180
NC_011593.1:2598858-2601929	NB551033:137:HK33LBGX9:2:12205:15102:11617#0/2	100.000	94	0	0	1	94	94	1	6.00e-41	174
NC_011593.1:2598858-2601929	NB551033:137:HK33LBGX9:1:21203:24723:9769#0/2	97.980	99	2	0	139	237	99	1	2.16e-40	172
NC_011593.1:2598858-2601929	NB551033:137:HK33LBGX9:1:11212:9112:9092#0/2	100.000	93	0	0	2780	2872	1	93	2.16e-40	172
NC_011593.1:2598858-2601929	NB551033:137:HK33LBGX9:1:21203:24723:9769#0/1	97.980	99	2	0	139	237	1	99	2.16e-40	172
NC_011593.1:2598858-2601929	NB551033:137:HK33LBGX9:1:11309:25751:6442#0/2	100.000	92	0	0	1863	1954	92	1	7.76e-40	171
NC_011593.1:2598858-2601929	NB551033:137:HK33LBGX9:1:11309:25751:6442#0/1	100.000	92	0	0	1863	1954	1	92	7.76e-40	171
NC_011593.1:2598858-2601929	NB551033:137:HK33LBGX9:4:23410:5327:3657#0/2	97.000	100	3	0	600	699	1	100	2.79e-39	169
NC_011593.1:2598858-2601929	NB551033:137:HK33LBGX9:2:23210:20170:16512#0/2	97.895	95	2	0	2125	2219	95	1	3.61e-38	165
NC_011593.1:2598858-2601929	NB551033:137:HK33LBGX9:2:23210:20170:16512#0/1	97.895	95	2	0	2125	2219	1	95	3.61e-38	165
NC_011593.1:2598858-2601929	NB551033:137:HK33LBGX9:3:22408:21454:10584#0/2	96.875	96	3	0	595	690	1	96	4.67e-37	161
NC_011593.1:2598858-2601929	NB551033:137:HK33LBGX9:3:21601:7710:13802#0/2	98.889	90	1	0	361	450	1	90	4.67e-37	161
NC_011593.1:2598858-2601929	NB551033:137:HK33LBGX9:3:22408:21454:10584#0/1	96.875	96	3	0	595	690	96	1	4.67e-37	161
NC_011593.1:2598858-2601929	NB551033:137:HK33LBGX9:3:21601:7710:13802#0/1	98.889	90	1	0	361	450	90	1	4.67e-37	161
NC_011593.1:2598858-2601929	NB551033:137:HK33LBGX9:3:12608:2977:16659#0/2	98.864	88	1	0	1841	1928	88	1	6.04e-36	158
NC_011593.1:2598858-2601929	NB551033:137:HK33LBGX9:3:12608:2977:16659#0/1	98.864	88	1	0	1841	1928	1	88	6.04e-36	158
NC_011593.1:2598858-2601929	NB551033:137:HK33LBGX9:1:13312:11239:18464#0/2	95.833	96	4	0	2703	2798	96	1	2.17e-35	156
NC_011593.1:2598858-2601929	NB551033:137:HK33LBGX9:1:13312:11239:18464#0/1	95.833	96	4	0	2703	2798	1	96	2.17e-35	156
NC_011593.1:2598858-2601929	NB551033:137:HK33LBGX9:3:23409:19380:14066#0/2	100.000	83	0	0	178	260	1	83	7.81e-35	154
NC_011593.1:2598858-2601929	NB551033:137:HK33LBGX9:3:23409:19380:14066#0/1	100.000	83	0	0	178	260	83	1	7.81e-35	154
NC_011593.1:2598858-2601929	NB551033:137:HK33LBGX9:4:12407:2000:6324#0/2	98.810	84	1	0	2643	2726	1	84	1.01e-33	150
NC_011593.1:2598858-2601929	NB551033:137:HK33LBGX9:3:21411:21438:6085#0/2	97.701	87	2	0	2555	2641	1	87	1.01e-33	150
NC_011593.1:2598858-2601929	NB551033:137:HK33LBGX9:1:13212:10922:17027#0/2	95.699	93	4	0	2682	2774	93	1	1.01e-33	150
NC_011593.1:2598858-2601929	NB551033:137:HK33LBGX9:4:12407:2000:6324#0/1	98.810	84	1	0	2643	2726	84	1	1.01e-33	150
NC_011593.1:2598858-2601929	NB551033:137:HK33LBGX9:3:21411:21438:6085#0/1	97.701	87	2	0	2555	2641	87	1	1.01e-33	150
NC_011593.1:2598858-2601929	NB551033:137:HK33LBGX9:1:13212:10922:17027#0/1	95.699	93	4	0	2682	2774	1	93	1.01e-33	150
NC_011593.1:2598858-2601929	NB551033:137:HK33LBGX9:4:12608:21425:13047#0/2	100.000	79	0	0	2273	2351	1	79	1.31e-32	147
NC_011593.1:2598858-2601929	NB551033:137:HK33LBGX9:2:12210:18335:15869#0/2	97.647	85	2	0	1941	2025	85	1	1.31e-32	147
NC_011593.1:2598858-2601929	NB551033:137:HK33LBGX9:4:12608:21425:13047#0/1	100.000	79	0	0	2273	2351	79	1	1.31e-32	147
NC_011593.1:2598858-2601929	NB551033:137:HK33LBGX9:2:12210:18335:15869#0/1	97.647	85	2	0	1941	2025	1	85	1.31e-32	147
NC_011593.1:2598858-2601929	NB551033:137:HK33LBGX9:4:13506:23350:11369#0/2	97.619	84	2	0	2112	2195	1	84	4.70e-32	145
NC_011593.1:2598858-2601929	NB551033:137:HK33LBGX9:1:11310:20532:2380#0/2	98.765	81	1	0	2402	2482	1	81	4.70e-32	145
NC_011593.1:2598858-2601929	NB551033:137:HK33LBGX9:4:13506:23350:11369#0/1	97.619	84	2	0	2112	2195	84	1	4.70e-32	145
NC_011593.1:2598858-2601929	NB551033:137:HK33LBGX9:2:23205:1592:2774#0/2	100.000	77	0	0	1878	1954	77	1	1.69e-31	143
NC_011593.1:2598858-2601929	NB551033:137:HK33LBGX9:1:11112:15031:19533#0/2	97.590	83	2	0	2576	2658	1	83	1.69e-31	143
NC_011593.1:2598858-2601929	NB551033:137:HK33LBGX9:2:23205:1592:2774#0/1	100.000	77	0	0	1878	1954	1	77	1.69e-31	143
NC_011593.1:2598858-2601929	NB551033:137:HK33LBGX9:1:11112:15031:19533#0/1	97.590	83	2	0	2576	2658	83	1	1.69e-31	143
NC_011593.1:2598858-2601929	NB551033:137:HK33LBGX9:1:21210:17787:17976#0/2	97.561	82	2	0	1459	1540	82	1	6.08e-31	141
NC_011593.1:2598858-2601929	NB551033:137:HK33LBGX9:3:12412:17164:5595#0/1	100.000	76	0	0	225	300	76	1	6.08e-31	141
NC_011593.1:2598858-2601929	NB551033:137:HK33LBGX9:1:21210:17787:17976#0/1	97.561	82	2	0	1459	1540	1	82	6.08e-31	141
NC_011593.1:2598858-2601929	NB551033:137:HK33LBGX9:4:23606:2107:1905#0/2	100.000	75	0	0	1951	2025	75	1	2.19e-30	139
NC_011593.1:2598858-2601929	NB551033:137:HK33LBGX9:4:23606:2107:1905#0/1	100.000	75	0	0	1951	2025	1	75	2.19e-30	139
NC_011593.1:2598858-2601929	NB551033:137:HK33LBGX9:3:11608:16702:13259#0/2	98.701	77	1	0	2645	2721	77	1	7.87e-30	137
NC_011593.1:2598858-2601929	NB551033:137:HK33LBGX9:3:11608:16702:13259#0/1	98.701	77	1	0	2645	2721	1	77	7.87e-30	137
NC_011593.1:2598858-2601929	NB551033:137:HK33LBGX9:2:23211:20428:15604#0/2	98.667	75	1	0	947	1021	75	1	1.02e-28	134
NC_011593.1:2598858-2601929	NB551033:137:HK33LBGX9:1:13205:13769:6385#0/2	98.667	75	1	0	816	890	1	75	1.02e-28	134
NC_011593.1:2598858-2601929	NB551033:137:HK33LBGX9:2:23211:20428:15604#0/1	98.667	75	1	0	947	1021	2	76	1.02e-28	134
NC_011593.1:2598858-2601929	NB551033:137:HK33LBGX9:1:13205:13769:6385#0/1	98.667	75	1	0	816	890	75	1	1.02e-28	134
NC_011593.1:2598858-2601929	NB551033:137:HK33LBGX9:3:11408:19199:2156#0/2	97.403	77	2	0	1224	1300	1	77	3.66e-28	132
NC_011593.1:2598858-2601929	NB551033:137:HK33LBGX9:3:11408:19199:2156#0/1	97.368	76	2	0	1225	1300	76	1	1.32e-27	130
NC_011593.1:2598858-2601929	NB551033:137:HK33LBGX9:2:23107:8980:15090#0/2	97.333	75	2	0	1319	1393	1	75	4.73e-27	128
NC_011593.1:2598858-2601929	NB551033:137:HK33LBGX9:3:11508:12536:10032#0/1	98.611	72	1	0	2908	2979	72	1	4.73e-27	128
# BLASTN 2.9.0+
# Query: NC_011593.1:c2604454-2602106 Bifidobacterium longum subsp. infantis ATCC 15697, complete genome
# Database: db/blast_C0692-3F-1A_S79.faa
# 0 hits found
# BLASTN 2.9.0+
# Query: NC_011593.1:c2605922-2604486 Bifidobacterium longum subsp. infantis ATCC 15697, complete genome
# Database: db/blast_C0692-3F-1A_S79.faa
# 0 hits found
# BLASTN 2.9.0+
# Query: NC_011593.1:c2606381-2605944 Bifidobacterium longum subsp. infantis ATCC 15697, complete genome
# Database: db/blast_C0692-3F-1A_S79.faa
# 0 hits found
# BLASTN 2.9.0+
# Query: NC_011593.1:c2607314-2606418 Bifidobacterium longum subsp. infantis ATCC 15697, complete genome
# Database: db/blast_C0692-3F-1A_S79.faa
# 0 hits found
# BLASTN 2.9.0+
# Query: NC_011593.1:c2608249-2607458 Bifidobacterium longum subsp. infantis ATCC 15697, complete genome
# Database: db/blast_C0692-3F-1A_S79.faa
# Fields: query acc.ver, subject acc.ver, % identity, alignment length, mismatches, gap opens, q. start, q. end, s. start, s. end, evalue, bit score
# 6 hits found
NC_011593.1:c2608249-2607458	NB551033:137:HK33LBGX9:4:23406:3776:9528#0/2	95.333	150	7	0	342	491	151	2	5.36e-61	239
NC_011593.1:c2608249-2607458	NB551033:137:HK33LBGX9:4:23406:3776:9528#0/1	95.302	149	7	0	335	483	2	150	1.93e-60	237
NC_011593.1:c2608249-2607458	NB551033:137:HK33LBGX9:4:12604:12864:19227#0/1	95.302	149	7	0	322	470	151	3	1.93e-60	237
NC_011593.1:c2608249-2607458	NB551033:137:HK33LBGX9:4:22511:19873:4793#0/1	95.050	101	5	0	692	792	150	50	4.30e-37	159
NC_011593.1:c2608249-2607458	NB551033:137:HK33LBGX9:3:13412:23869:11995#0/1	96.774	62	2	0	731	792	151	90	2.04e-20	104
NC_011593.1:c2608249-2607458	NB551033:137:HK33LBGX9:1:12105:18787:1284#0/1	96.774	62	2	0	731	792	1	62	2.04e-20	104
# BLASTN 2.9.0+
# Query: NC_011593.1:c2609546-2608269 Bifidobacterium longum subsp. infantis ATCC 15697, complete genome
# Database: db/blast_C0692-3F-1A_S79.faa
# Fields: query acc.ver, subject acc.ver, % identity, alignment length, mismatches, gap opens, q. start, q. end, s. start, s. end, evalue, bit score
# 4 hits found
NC_011593.1:c2609546-2608269	NB551033:137:HK33LBGX9:4:12512:1367:9591#0/2	96.667	150	5	0	897	1046	150	1	4.01e-64	250
NC_011593.1:c2609546-2608269	NB551033:137:HK33LBGX9:4:12512:1367:9591#0/1	95.302	149	7	0	862	1010	2	150	3.12e-60	237
NC_011593.1:c2609546-2608269	NB551033:137:HK33LBGX9:3:12501:3355:17376#0/1	95.270	148	7	0	1061	1208	150	3	1.12e-59	235
NC_011593.1:c2609546-2608269	NB551033:137:HK33LBGX9:1:13202:13535:10400#0/2	97.674	43	1	0	1236	1278	1	43	2.59e-11	75.0
# BLASTN 2.9.0+
# Query: NC_011593.1:c2610356-2609697 Bifidobacterium longum subsp. infantis ATCC 15697, complete genome
# Database: db/blast_C0692-3F-1A_S79.faa
# 0 hits found
# BLASTN 2.9.0+
# Query: NC_011593.1:c2611458-2610496 Bifidobacterium longum subsp. infantis ATCC 15697, complete genome
# Database: db/blast_C0692-3F-1A_S79.faa
# 0 hits found
# BLASTN 2.9.0+
# Query: NC_011593.1:c2612430-2611477 Bifidobacterium longum subsp. infantis ATCC 15697, complete genome
# Database: db/blast_C0692-3F-1A_S79.faa
# 0 hits found
# BLASTN 2.9.0+
# Query: NC_011593.1:c2614109-2612517 Bifidobacterium longum subsp. infantis ATCC 15697, complete genome
# Database: db/blast_C0692-3F-1A_S79.faa
# 0 hits found
# BLASTN 2.9.0+
# Query: NC_011593.1:c2615274-2614312 Bifidobacterium longum subsp. infantis ATCC 15697, complete genome
# Database: db/blast_C0692-3F-1A_S79.faa
# 0 hits found
# BLASTN 2.9.0+
# Query: NC_011593.1:c2616246-2615293 Bifidobacterium longum subsp. infantis ATCC 15697, complete genome
# Database: db/blast_C0692-3F-1A_S79.faa
# 0 hits found
# BLASTN 2.9.0+
# Query: NC_011593.1:c2617928-2616333 Bifidobacterium longum subsp. infantis ATCC 15697, complete genome
# Database: db/blast_C0692-3F-1A_S79.faa
# 0 hits found
# BLASTN 2.9.0+
# Query: NC_011593.1:c2619247-2618063 Bifidobacterium longum subsp. infantis ATCC 15697, complete genome
# Database: db/blast_C0692-3F-1A_S79.faa
# 0 hits found
# BLASTN 2.9.0+
# Query: NC_011593.1:c2620369-2619413 Bifidobacterium longum subsp. infantis ATCC 15697, complete genome
# Database: db/blast_C0692-3F-1A_S79.faa
# 0 hits found
# BLASTN 2.9.0+
# Query: NC_011593.1:c2622143-2620551 Bifidobacterium longum subsp. infantis ATCC 15697, complete genome
# Database: db/blast_C0692-3F-1A_S79.faa
# 0 hits found
# BLASTN 2.9.0+
# Query: NC_011593.1:c2624124-2622520 Bifidobacterium longum subsp. infantis ATCC 15697, complete genome
# Database: db/blast_C0692-3F-1A_S79.faa
# 0 hits found
# BLASTN 2.9.0+
# Query: NC_011593.1:c2626110-2624512 Bifidobacterium longum subsp. infantis ATCC 15697, complete genome
# Database: db/blast_C0692-3F-1A_S79.faa
# 0 hits found
# BLASTN 2.9.0+
# Query: NC_011593.1:c2626386-2626264 Bifidobacterium longum subsp. infantis ATCC 15697, complete genome
# Database: db/blast_C0692-3F-1A_S79.faa
# 0 hits found
# BLASTN 2.9.0+
# Query: NC_011593.1:c2628158-2626563 Bifidobacterium longum subsp. infantis ATCC 15697, complete genome
# Database: db/blast_C0692-3F-1A_S79.faa
# 0 hits found
# BLASTN 2.9.0+
# Query: NC_011593.1:c2630269-2628314 Bifidobacterium longum subsp. infantis ATCC 15697, complete genome
# Database: db/blast_C0692-3F-1A_S79.faa
# 0 hits found
# BLASTN 2.9.0+
# Query: NC_011593.1:c2631106-2630366 Bifidobacterium longum subsp. infantis ATCC 15697, complete genome
# Database: db/blast_C0692-3F-1A_S79.faa
# 0 hits found
# BLASTN 2.9.0+
# Query: NC_011593.1:c2632432-2631140 Bifidobacterium longum subsp. infantis ATCC 15697, complete genome
# Database: db/blast_C0692-3F-1A_S79.faa
# 0 hits found
# BLASTN 2.9.0+
# Query: NC_011593.1:c2633881-2632562 Bifidobacterium longum subsp. infantis ATCC 15697, complete genome
# Database: db/blast_C0692-3F-1A_S79.faa
# 0 hits found
# BLASTN 2.9.0+
# Query: NC_011593.1:c2634683-2633865 Bifidobacterium longum subsp. infantis ATCC 15697, complete genome
# Database: db/blast_C0692-3F-1A_S79.faa
# 0 hits found
# BLASTN 2.9.0+
# Query: NC_011593.1:c2635627-2634680 Bifidobacterium longum subsp. infantis ATCC 15697, complete genome
# Database: db/blast_C0692-3F-1A_S79.faa
# 0 hits found
# BLASTN 2.9.0+
# Query: NC_011593.1:c2636747-2635629 Bifidobacterium longum subsp. infantis ATCC 15697, complete genome
# Database: db/blast_C0692-3F-1A_S79.faa
# 0 hits found
# BLAST processed 31 queries
