# BLASTN 2.9.0+
# Query: NC_011593.1:c2595355-2593832 Bifidobacterium longum subsp. infantis ATCC 15697, complete genome
# Database: db/blast_C0720-1F-1A_S88.faa
# Fields: query acc.ver, subject acc.ver, % identity, alignment length, mismatches, gap opens, q. start, q. end, s. start, s. end, evalue, bit score
# 92 hits found
NC_011593.1:c2595355-2593832	NB551033:107:HTJKNBGX7:1:12107:5220:19950#0/2	99.333	150	1	0	721	870	1	150	8.08e-71	272
NC_011593.1:c2595355-2593832	NB551033:107:HTJKNBGX7:3:21606:24555:1268#0/1	98.667	150	2	0	336	485	150	1	3.76e-69	267
NC_011593.1:c2595355-2593832	NB551033:107:HTJKNBGX7:1:13107:2416:13754#0/1	98.000	150	3	0	886	1035	150	1	1.75e-67	261
NC_011593.1:c2595355-2593832	NB551033:107:HTJKNBGX7:1:12107:5220:19950#0/1	98.000	150	3	0	767	916	150	1	1.75e-67	261
NC_011593.1:c2595355-2593832	NB551033:107:HTJKNBGX7:3:12508:19697:4359#0/2	97.351	151	4	0	104	254	151	1	2.26e-66	257
NC_011593.1:c2595355-2593832	NB551033:107:HTJKNBGX7:1:13107:2416:13754#0/2	97.351	151	4	0	801	951	1	151	2.26e-66	257
NC_011593.1:c2595355-2593832	NB551033:107:HTJKNBGX7:3:22601:3304:8781#0/1	97.973	148	3	0	934	1081	148	1	2.26e-66	257
NC_011593.1:c2595355-2593832	NB551033:107:HTJKNBGX7:3:12604:17555:10696#0/1	97.973	148	3	0	548	695	148	1	2.26e-66	257
NC_011593.1:c2595355-2593832	NB551033:107:HTJKNBGX7:4:12606:7515:19301#0/2	97.333	150	4	0	87	236	150	1	8.14e-66	255
NC_011593.1:c2595355-2593832	NB551033:107:HTJKNBGX7:3:12409:20662:2086#0/2	97.333	150	4	0	159	308	1	150	8.14e-66	255
NC_011593.1:c2595355-2593832	NB551033:107:HTJKNBGX7:1:13111:23568:9918#0/2	96.689	151	5	0	252	402	151	1	1.05e-64	252
NC_011593.1:c2595355-2593832	NB551033:107:HTJKNBGX7:1:11103:7387:10646#0/2	96.689	151	5	0	176	326	151	1	1.05e-64	252
NC_011593.1:c2595355-2593832	NB551033:107:HTJKNBGX7:4:12606:7515:19301#0/1	97.297	148	4	0	62	209	1	148	1.05e-64	252
NC_011593.1:c2595355-2593832	NB551033:107:HTJKNBGX7:1:22308:25495:16621#0/1	96.689	151	5	0	119	269	151	1	1.05e-64	252
NC_011593.1:c2595355-2593832	NB551033:107:HTJKNBGX7:1:13111:23568:9918#0/1	96.689	151	5	0	80	230	1	151	1.05e-64	252
NC_011593.1:c2595355-2593832	NB551033:107:HTJKNBGX7:3:22610:5797:14873#0/1	96.667	150	5	0	118	267	150	1	3.79e-64	250
NC_011593.1:c2595355-2593832	NB551033:107:HTJKNBGX7:2:13107:12000:12534#0/2	96.644	149	5	0	616	764	1	149	1.36e-63	248
NC_011593.1:c2595355-2593832	NB551033:107:HTJKNBGX7:3:12409:20662:2086#0/1	96.026	151	6	0	289	439	151	1	4.90e-63	246
NC_011593.1:c2595355-2593832	NB551033:107:HTJKNBGX7:1:11103:7387:10646#0/1	96.026	151	6	0	132	282	1	151	4.90e-63	246
NC_011593.1:c2595355-2593832	NB551033:107:HTJKNBGX7:3:13407:9383:15120#0/2	97.222	144	4	0	864	1007	144	1	1.76e-62	244
NC_011593.1:c2595355-2593832	NB551033:107:HTJKNBGX7:2:22304:8120:2487#0/2	96.000	150	6	0	231	380	150	1	1.76e-62	244
NC_011593.1:c2595355-2593832	NB551033:107:HTJKNBGX7:3:11503:18223:9301#0/1	96.000	150	6	0	672	821	1	150	1.76e-62	244
NC_011593.1:c2595355-2593832	NB551033:107:HTJKNBGX7:2:12103:3411:13810#0/1	95.973	149	6	0	320	468	149	1	6.34e-62	243
NC_011593.1:c2595355-2593832	NB551033:107:HTJKNBGX7:4:12505:23116:16644#0/2	97.842	139	3	0	846	984	141	3	2.28e-61	241
NC_011593.1:c2595355-2593832	NB551033:107:HTJKNBGX7:2:13107:12000:12534#0/1	95.946	148	6	0	652	799	148	1	2.28e-61	241
NC_011593.1:c2595355-2593832	NB551033:107:HTJKNBGX7:1:21101:18855:11900#0/2	95.333	150	7	0	288	437	150	1	8.20e-61	239
NC_011593.1:c2595355-2593832	NB551033:107:HTJKNBGX7:1:21110:5499:10435#0/2	97.059	136	4	0	870	1005	136	1	4.93e-58	230
NC_011593.1:c2595355-2593832	NB551033:107:HTJKNBGX7:3:11503:18223:9301#0/2	97.727	132	3	0	717	848	132	1	1.77e-57	228
NC_011593.1:c2595355-2593832	NB551033:107:HTJKNBGX7:1:21209:12460:12102#0/2	98.438	128	2	0	530	657	1	128	6.38e-57	226
NC_011593.1:c2595355-2593832	NB551033:107:HTJKNBGX7:2:22307:9046:15871#0/1	95.070	142	7	0	689	830	151	10	2.30e-56	224
NC_011593.1:c2595355-2593832	NB551033:107:HTJKNBGX7:4:21603:21133:6567#0/1	95.620	137	6	0	694	830	3	139	2.97e-55	220
NC_011593.1:c2595355-2593832	NB551033:107:HTJKNBGX7:3:12602:4529:18211#0/2	96.875	128	4	0	1291	1418	130	3	1.38e-53	215
NC_011593.1:c2595355-2593832	NB551033:107:HTJKNBGX7:3:21612:22649:17670#0/2	97.541	122	3	0	52	173	6	127	6.43e-52	209
NC_011593.1:c2595355-2593832	NB551033:107:HTJKNBGX7:3:22610:5797:14873#0/2	96.774	124	4	0	96	219	1	124	2.31e-51	207
NC_011593.1:c2595355-2593832	NB551033:107:HTJKNBGX7:2:12204:24021:4041#0/1	98.305	118	2	0	501	618	118	1	2.31e-51	207
NC_011593.1:c2595355-2593832	NB551033:107:HTJKNBGX7:3:21612:22649:17670#0/1	96.721	122	4	0	52	173	122	1	2.99e-50	204
NC_011593.1:c2595355-2593832	NB551033:107:HTJKNBGX7:3:13407:9383:15120#0/1	98.276	116	2	0	786	901	1	116	2.99e-50	204
NC_011593.1:c2595355-2593832	NB551033:107:HTJKNBGX7:3:12511:23415:2777#0/1	95.935	123	5	0	1013	1135	123	1	3.87e-49	200
NC_011593.1:c2595355-2593832	NB551033:107:HTJKNBGX7:3:23606:16323:9258#0/2	97.414	116	3	0	842	957	116	1	1.39e-48	198
NC_011593.1:c2595355-2593832	NB551033:107:HTJKNBGX7:3:21411:9465:15794#0/1	99.091	110	1	0	727	836	1	110	1.39e-48	198
NC_011593.1:c2595355-2593832	NB551033:107:HTJKNBGX7:2:23108:17346:1865#0/2	97.321	112	3	0	707	818	1	112	2.33e-46	191
NC_011593.1:c2595355-2593832	NB551033:107:HTJKNBGX7:2:23108:17346:1865#0/1	97.321	112	3	0	707	818	112	1	2.33e-46	191
NC_011593.1:c2595355-2593832	NB551033:107:HTJKNBGX7:1:23201:26675:6702#0/1	96.491	114	4	0	223	336	114	1	8.37e-46	189
NC_011593.1:c2595355-2593832	NB551033:107:HTJKNBGX7:4:12404:21633:1663#0/2	96.460	113	4	0	224	336	113	1	3.01e-45	187
NC_011593.1:c2595355-2593832	NB551033:107:HTJKNBGX7:3:22601:3304:8781#0/2	98.095	105	2	0	934	1038	1	105	3.90e-44	183
NC_011593.1:c2595355-2593832	NB551033:107:HTJKNBGX7:2:11108:24263:18211#0/1	96.396	111	4	0	684	794	111	1	3.90e-44	183
NC_011593.1:c2595355-2593832	NB551033:107:HTJKNBGX7:2:11203:25726:2902#0/2	97.170	106	3	0	1083	1188	1	106	5.04e-43	180
NC_011593.1:c2595355-2593832	NB551033:107:HTJKNBGX7:2:11203:25726:2902#0/1	97.170	106	3	0	1083	1188	106	1	5.04e-43	180
NC_011593.1:c2595355-2593832	NB551033:107:HTJKNBGX7:4:12505:23116:16644#0/1	97.980	99	2	0	796	894	1	99	8.43e-41	172
NC_011593.1:c2595355-2593832	NB551033:107:HTJKNBGX7:4:22411:15857:2077#0/2	98.947	95	1	0	1022	1116	96	2	3.03e-40	171
NC_011593.1:c2595355-2593832	NB551033:107:HTJKNBGX7:2:11108:24263:18211#0/2	97.030	101	3	0	609	709	1	101	3.03e-40	171
NC_011593.1:c2595355-2593832	NB551033:107:HTJKNBGX7:3:12604:17555:10696#0/2	97.938	97	2	0	503	599	1	97	1.09e-39	169
NC_011593.1:c2595355-2593832	NB551033:107:HTJKNBGX7:3:12508:25042:12818#0/2	98.936	94	1	0	801	894	1	94	1.09e-39	169
NC_011593.1:c2595355-2593832	NB551033:107:HTJKNBGX7:2:22101:20150:3280#0/2	98.936	94	1	0	904	997	94	1	1.09e-39	169
NC_011593.1:c2595355-2593832	NB551033:107:HTJKNBGX7:3:21404:11900:17362#0/2	97.917	96	2	0	1274	1369	1	96	3.92e-39	167
NC_011593.1:c2595355-2593832	NB551033:107:HTJKNBGX7:3:23606:16323:9258#0/1	98.901	91	1	0	801	891	1	91	5.08e-38	163
NC_011593.1:c2595355-2593832	NB551033:107:HTJKNBGX7:3:11408:5575:19008#0/2	97.849	93	2	0	717	809	1	93	1.83e-37	161
NC_011593.1:c2595355-2593832	NB551033:107:HTJKNBGX7:3:22510:4730:9554#0/1	100.000	87	0	0	999	1085	87	1	1.83e-37	161
NC_011593.1:c2595355-2593832	NB551033:107:HTJKNBGX7:4:12404:21633:1663#0/1	97.802	91	2	0	223	313	1	91	2.36e-36	158
NC_011593.1:c2595355-2593832	NB551033:107:HTJKNBGX7:4:21412:25528:17256#0/1	96.667	90	3	0	741	830	1	90	3.95e-34	150
NC_011593.1:c2595355-2593832	NB551033:107:HTJKNBGX7:1:13304:20635:10875#0/1	97.674	86	2	0	1161	1246	86	1	1.42e-33	148
NC_011593.1:c2595355-2593832	NB551033:107:HTJKNBGX7:1:13304:20635:10875#0/2	97.647	85	2	0	1161	1245	1	85	5.11e-33	147
NC_011593.1:c2595355-2593832	NB551033:107:HTJKNBGX7:2:12204:24021:4041#0/2	96.512	86	3	0	501	586	1	86	6.61e-32	143
NC_011593.1:c2595355-2593832	NB551033:107:HTJKNBGX7:3:12508:25042:12818#0/1	98.734	79	1	0	816	894	79	1	2.38e-31	141
NC_011593.1:c2595355-2593832	NB551033:107:HTJKNBGX7:3:21411:9465:15794#0/2	98.701	77	1	0	760	836	77	1	3.08e-30	137
NC_011593.1:c2595355-2593832	NB551033:107:HTJKNBGX7:2:22304:8120:2487#0/1	95.349	86	4	0	211	296	3	88	3.08e-30	137
NC_011593.1:c2595355-2593832	NB551033:107:HTJKNBGX7:4:13603:16400:8629#0/2	98.684	76	1	0	954	1029	76	1	1.11e-29	135
NC_011593.1:c2595355-2593832	NB551033:107:HTJKNBGX7:4:12411:22402:20222#0/2	96.341	82	3	0	429	510	1	82	1.11e-29	135
NC_011593.1:c2595355-2593832	NB551033:107:HTJKNBGX7:4:12411:22402:20222#0/1	96.341	82	3	0	429	510	82	1	1.11e-29	135
NC_011593.1:c2595355-2593832	NB551033:107:HTJKNBGX7:2:22101:20150:3280#0/1	100.000	72	0	0	904	975	3	74	3.98e-29	134
NC_011593.1:c2595355-2593832	NB551033:107:HTJKNBGX7:1:11103:2533:14445#0/1	97.436	78	2	0	249	326	78	1	3.98e-29	134
NC_011593.1:c2595355-2593832	NB551033:107:HTJKNBGX7:1:23201:26675:6702#0/2	97.403	77	2	0	223	299	1	77	1.43e-28	132
NC_011593.1:c2595355-2593832	NB551033:107:HTJKNBGX7:4:23507:20755:11352#0/2	97.333	75	2	0	715	789	75	1	1.85e-27	128
NC_011593.1:c2595355-2593832	NB551033:107:HTJKNBGX7:2:12103:3411:13810#0/2	96.154	78	3	0	267	344	1	78	1.85e-27	128
NC_011593.1:c2595355-2593832	NB551033:107:HTJKNBGX7:3:12602:4529:18211#0/1	97.333	75	2	0	1291	1365	1	75	1.85e-27	128
NC_011593.1:c2595355-2593832	NB551033:107:HTJKNBGX7:4:23507:20755:11352#0/1	97.297	74	2	0	715	788	1	74	6.66e-27	126
NC_011593.1:c2595355-2593832	NB551033:107:HTJKNBGX7:1:21110:5499:10435#0/1	95.946	74	3	0	869	942	1	74	3.10e-25	121
NC_011593.1:c2595355-2593832	NB551033:107:HTJKNBGX7:1:21209:12460:12102#0/1	97.143	70	2	0	742	811	70	1	1.11e-24	119
NC_011593.1:c2595355-2593832	NB551033:107:HTJKNBGX7:1:21206:22815:13534#0/2	98.485	66	1	0	1181	1246	66	1	4.01e-24	117
NC_011593.1:c2595355-2593832	NB551033:107:HTJKNBGX7:1:11103:2533:14445#0/2	98.485	66	1	0	249	314	1	66	4.01e-24	117
NC_011593.1:c2595355-2593832	NB551033:107:HTJKNBGX7:1:21206:22815:13534#0/1	97.101	69	2	0	1178	1246	1	69	4.01e-24	117
NC_011593.1:c2595355-2593832	NB551033:107:HTJKNBGX7:3:13511:2728:14152#0/2	98.413	63	1	0	768	830	1	63	1.86e-22	111
NC_011593.1:c2595355-2593832	NB551033:107:HTJKNBGX7:3:11512:21100:4643#0/2	98.305	59	1	0	616	674	59	1	3.12e-20	104
NC_011593.1:c2595355-2593832	NB551033:107:HTJKNBGX7:1:21101:18855:11900#0/1	98.148	54	1	0	267	320	1	54	1.88e-17	95.3
NC_011593.1:c2595355-2593832	NB551033:107:HTJKNBGX7:1:23106:8176:16311#0/1	98.113	53	1	0	778	830	1	53	6.75e-17	93.5
NC_011593.1:c2595355-2593832	NB551033:107:HTJKNBGX7:3:22510:4730:9554#0/2	98.077	52	1	0	949	1000	1	52	2.43e-16	91.6
NC_011593.1:c2595355-2593832	NB551033:107:HTJKNBGX7:3:11512:21100:4643#0/1	100.000	43	0	0	616	658	1	43	5.26e-13	80.5
NC_011593.1:c2595355-2593832	NB551033:107:HTJKNBGX7:3:23606:25782:3474#0/2	97.778	45	1	0	786	830	1	45	1.89e-12	78.7
NC_011593.1:c2595355-2593832	NB551033:107:HTJKNBGX7:4:13603:16400:8629#0/1	97.778	45	1	0	954	998	1	45	1.89e-12	78.7
NC_011593.1:c2595355-2593832	NB551033:107:HTJKNBGX7:3:12511:23415:2777#0/2	100.000	38	0	0	1013	1050	1	38	3.16e-10	71.3
NC_011593.1:c2595355-2593832	NB551033:107:HTJKNBGX7:3:11408:5575:19008#0/1	100.000	37	0	0	773	809	37	1	1.14e-09	69.4
NC_011593.1:c2595355-2593832	NB551033:107:HTJKNBGX7:4:22411:15857:2077#0/1	100.000	34	0	0	1022	1055	1	34	5.30e-08	63.9
# BLASTN 2.9.0+
# Query: NC_011593.1:c2597106-2595574 Bifidobacterium longum subsp. infantis ATCC 15697, complete genome
# Database: db/blast_C0720-1F-1A_S88.faa
# Fields: query acc.ver, subject acc.ver, % identity, alignment length, mismatches, gap opens, q. start, q. end, s. start, s. end, evalue, bit score
# 10 hits found
NC_011593.1:c2597106-2595574	NB551033:107:HTJKNBGX7:3:12508:19697:4359#0/1	95.050	101	5	0	1	101	39	139	6.61e-37	159
NC_011593.1:c2597106-2595574	NB551033:107:HTJKNBGX7:4:12411:22402:20222#0/2	97.531	81	2	0	429	509	1	81	8.60e-31	139
NC_011593.1:c2597106-2595574	NB551033:107:HTJKNBGX7:4:12411:22402:20222#0/1	97.531	81	2	0	429	509	82	2	8.60e-31	139
NC_011593.1:c2597106-2595574	NB551033:107:HTJKNBGX7:2:12103:3411:13810#0/2	96.875	64	2	0	267	330	1	64	2.43e-21	108
NC_011593.1:c2597106-2595574	NB551033:107:HTJKNBGX7:1:22308:25495:16621#0/2	95.455	66	3	0	1	66	62	127	8.73e-21	106
NC_011593.1:c2597106-2595574	NB551033:107:HTJKNBGX7:3:11408:5575:19008#0/2	96.552	58	2	0	752	809	36	93	5.25e-18	97.1
NC_011593.1:c2597106-2595574	NB551033:107:HTJKNBGX7:1:21101:18855:11900#0/1	96.296	54	2	0	267	320	1	54	8.79e-16	89.8
NC_011593.1:c2597106-2595574	NB551033:107:HTJKNBGX7:3:12605:11091:12439#0/2	100.000	38	0	0	35	72	38	1	3.18e-10	71.3
NC_011593.1:c2597106-2595574	NB551033:107:HTJKNBGX7:3:11408:5575:19008#0/1	100.000	37	0	0	773	809	37	1	1.15e-09	69.4
NC_011593.1:c2597106-2595574	NB551033:107:HTJKNBGX7:4:22511:4740:17843#0/1	100.000	29	0	0	1	29	29	1	3.21e-05	54.7
# BLASTN 2.9.0+
# Query: NC_011593.1:c2598562-2597207 Bifidobacterium longum subsp. infantis ATCC 15697, complete genome
# Database: db/blast_C0720-1F-1A_S88.faa
# Fields: query acc.ver, subject acc.ver, % identity, alignment length, mismatches, gap opens, q. start, q. end, s. start, s. end, evalue, bit score
# 62 hits found
NC_011593.1:c2598562-2597207	NB551033:107:HTJKNBGX7:4:21507:25099:16204#0/2	100.000	150	0	0	359	508	1	150	1.54e-72	278
NC_011593.1:c2598562-2597207	NB551033:107:HTJKNBGX7:2:12103:7497:17817#0/2	100.000	150	0	0	950	1099	1	150	1.54e-72	278
NC_011593.1:c2598562-2597207	NB551033:107:HTJKNBGX7:1:22104:5126:12813#0/2	100.000	150	0	0	977	1126	150	1	1.54e-72	278
NC_011593.1:c2598562-2597207	NB551033:107:HTJKNBGX7:2:12103:7497:17817#0/1	100.000	150	0	0	996	1145	150	1	1.54e-72	278
NC_011593.1:c2598562-2597207	NB551033:107:HTJKNBGX7:1:22104:5126:12813#0/1	100.000	149	0	0	955	1103	1	149	5.55e-72	276
NC_011593.1:c2598562-2597207	NB551033:107:HTJKNBGX7:2:22107:24746:16901#0/2	98.667	150	2	0	752	901	1	150	3.34e-69	267
NC_011593.1:c2598562-2597207	NB551033:107:HTJKNBGX7:1:23105:18212:11704#0/2	98.675	151	1	1	610	760	150	1	3.34e-69	267
NC_011593.1:c2598562-2597207	NB551033:107:HTJKNBGX7:2:13311:1398:19278#0/1	100.000	142	0	0	1215	1356	1	142	4.32e-68	263
NC_011593.1:c2598562-2597207	NB551033:107:HTJKNBGX7:4:23602:19500:8560#0/2	98.013	151	2	1	698	848	1	150	1.55e-67	261
NC_011593.1:c2598562-2597207	NB551033:107:HTJKNBGX7:2:13311:1398:19278#0/2	100.000	141	0	0	1216	1356	142	2	1.55e-67	261
NC_011593.1:c2598562-2597207	NB551033:107:HTJKNBGX7:1:11207:23539:13041#0/2	100.000	134	0	0	1194	1327	16	149	1.21e-63	248
NC_011593.1:c2598562-2597207	NB551033:107:HTJKNBGX7:1:22103:3707:3938#0/2	100.000	127	0	0	1010	1136	1	127	9.41e-60	235
NC_011593.1:c2598562-2597207	NB551033:107:HTJKNBGX7:4:23602:19500:8560#0/1	98.438	128	2	0	802	929	128	1	5.67e-57	226
NC_011593.1:c2598562-2597207	NB551033:107:HTJKNBGX7:1:22103:3707:3938#0/1	99.200	125	1	0	1012	1136	125	1	5.67e-57	226
NC_011593.1:c2598562-2597207	NB551033:107:HTJKNBGX7:2:22208:22126:18088#0/2	99.200	125	0	1	689	813	124	1	2.04e-56	224
NC_011593.1:c2598562-2597207	NB551033:107:HTJKNBGX7:3:13612:22556:16887#0/2	100.000	120	0	0	1194	1313	120	1	7.33e-56	222
NC_011593.1:c2598562-2597207	NB551033:107:HTJKNBGX7:4:22506:9839:17545#0/1	98.374	123	2	0	584	706	123	1	3.41e-54	217
NC_011593.1:c2598562-2597207	NB551033:107:HTJKNBGX7:4:12502:16941:1215#0/2	97.600	125	3	0	138	262	25	149	1.23e-53	215
NC_011593.1:c2598562-2597207	NB551033:107:HTJKNBGX7:2:11310:15809:5666#0/2	97.458	118	3	0	138	255	32	149	9.55e-50	202
NC_011593.1:c2598562-2597207	NB551033:107:HTJKNBGX7:1:21305:12305:16819#0/1	97.458	118	3	0	138	255	32	149	9.55e-50	202
NC_011593.1:c2598562-2597207	NB551033:107:HTJKNBGX7:4:22506:9839:17545#0/2	100.000	108	0	0	331	438	1	108	3.43e-49	200
NC_011593.1:c2598562-2597207	NB551033:107:HTJKNBGX7:3:21612:4939:17030#0/1	100.000	105	0	0	1252	1356	1	105	1.60e-47	195
NC_011593.1:c2598562-2597207	NB551033:107:HTJKNBGX7:3:23610:15920:19329#0/2	97.345	113	3	0	509	621	1	113	5.75e-47	193
NC_011593.1:c2598562-2597207	NB551033:107:HTJKNBGX7:1:11207:23539:13041#0/1	99.048	105	1	0	1252	1356	150	46	7.43e-46	189
NC_011593.1:c2598562-2597207	NB551033:107:HTJKNBGX7:2:22107:24746:16901#0/1	100.000	91	0	0	958	1048	91	1	9.68e-40	169
NC_011593.1:c2598562-2597207	NB551033:107:HTJKNBGX7:3:23502:2204:16895#0/2	98.876	89	1	0	1215	1303	1	89	5.83e-37	159
NC_011593.1:c2598562-2597207	NB551033:107:HTJKNBGX7:3:13607:16177:8669#0/2	100.000	86	0	0	883	968	1	86	5.83e-37	159
NC_011593.1:c2598562-2597207	NB551033:107:HTJKNBGX7:3:22411:5319:9934#0/2	100.000	85	0	0	1194	1278	17	101	2.10e-36	158
NC_011593.1:c2598562-2597207	NB551033:107:HTJKNBGX7:3:21612:4939:17030#0/2	100.000	85	0	0	1272	1356	113	29	2.10e-36	158
NC_011593.1:c2598562-2597207	NB551033:107:HTJKNBGX7:3:22411:5319:9934#0/1	100.000	85	0	0	1194	1278	85	1	2.10e-36	158
NC_011593.1:c2598562-2597207	NB551033:107:HTJKNBGX7:3:13607:16177:8669#0/1	98.837	86	1	0	883	968	86	1	2.71e-35	154
NC_011593.1:c2598562-2597207	NB551033:107:HTJKNBGX7:3:13601:25281:15848#0/2	100.000	81	0	0	1265	1345	81	1	3.51e-34	150
NC_011593.1:c2598562-2597207	NB551033:107:HTJKNBGX7:4:23605:18645:18748#0/1	100.000	81	0	0	1071	1151	81	1	3.51e-34	150
NC_011593.1:c2598562-2597207	NB551033:107:HTJKNBGX7:3:13601:25281:15848#0/1	100.000	81	0	0	1265	1345	1	81	3.51e-34	150
NC_011593.1:c2598562-2597207	NB551033:107:HTJKNBGX7:2:12104:1178:8751#0/2	97.561	82	2	0	138	219	82	1	2.11e-31	141
NC_011593.1:c2598562-2597207	NB551033:107:HTJKNBGX7:3:23409:26816:6513#0/1	98.718	78	1	0	931	1008	1	78	7.59e-31	139
NC_011593.1:c2598562-2597207	NB551033:107:HTJKNBGX7:1:23105:23268:9100#0/2	100.000	74	0	0	654	727	1	74	2.73e-30	137
NC_011593.1:c2598562-2597207	NB551033:107:HTJKNBGX7:3:23409:26816:6513#0/2	98.684	76	1	0	1047	1122	76	1	9.82e-30	135
NC_011593.1:c2598562-2597207	NB551033:107:HTJKNBGX7:1:21305:12305:16819#0/2	100.000	71	0	0	231	301	71	1	1.27e-28	132
NC_011593.1:c2598562-2597207	NB551033:107:HTJKNBGX7:2:11310:15809:5666#0/1	100.000	69	0	0	233	301	69	1	1.64e-27	128
NC_011593.1:c2598562-2597207	NB551033:107:HTJKNBGX7:4:13408:15250:11317#0/2	98.592	71	1	0	1028	1098	71	1	5.91e-27	126
NC_011593.1:c2598562-2597207	NB551033:107:HTJKNBGX7:4:13408:15250:11317#0/1	98.592	71	1	0	1028	1098	1	71	5.91e-27	126
NC_011593.1:c2598562-2597207	NB551033:107:HTJKNBGX7:4:21507:25099:16204#0/1	97.143	70	2	0	497	566	70	1	9.89e-25	119
NC_011593.1:c2598562-2597207	NB551033:107:HTJKNBGX7:2:22208:22126:18088#0/1	100.000	59	0	0	689	747	1	59	5.95e-22	110
NC_011593.1:c2598562-2597207	NB551033:107:HTJKNBGX7:1:23105:18212:11704#0/1	98.276	58	1	0	562	619	1	58	9.96e-20	102
NC_011593.1:c2598562-2597207	NB551033:107:HTJKNBGX7:2:23302:16876:4431#0/2	100.000	53	0	0	960	1012	53	1	1.29e-18	99.0
NC_011593.1:c2598562-2597207	NB551033:107:HTJKNBGX7:2:23302:16876:4431#0/1	100.000	53	0	0	960	1012	1	53	1.29e-18	99.0
NC_011593.1:c2598562-2597207	NB551033:107:HTJKNBGX7:4:12605:25694:9017#0/2	98.182	55	1	0	253	307	1	55	4.63e-18	97.1
NC_011593.1:c2598562-2597207	NB551033:107:HTJKNBGX7:2:23107:9091:12389#0/2	98.182	55	1	0	1194	1248	55	1	4.63e-18	97.1
NC_011593.1:c2598562-2597207	NB551033:107:HTJKNBGX7:2:11101:13734:10200#0/2	100.000	52	0	0	907	958	1	52	4.63e-18	97.1
NC_011593.1:c2598562-2597207	NB551033:107:HTJKNBGX7:2:11101:13734:10200#0/1	100.000	52	0	0	907	958	52	1	4.63e-18	97.1
NC_011593.1:c2598562-2597207	NB551033:107:HTJKNBGX7:2:12309:8300:10066#0/1	100.000	44	0	0	1072	1115	1	44	1.30e-13	82.4
NC_011593.1:c2598562-2597207	NB551033:107:HTJKNBGX7:4:23605:18645:18748#0/2	97.727	44	1	0	972	1015	1	44	6.04e-12	76.8
NC_011593.1:c2598562-2597207	NB551033:107:HTJKNBGX7:3:21406:14380:8751#0/2	100.000	36	0	0	1116	1151	36	1	3.63e-09	67.6
NC_011593.1:c2598562-2597207	NB551033:107:HTJKNBGX7:4:12605:25694:9017#0/1	100.000	36	0	0	272	307	36	1	3.63e-09	67.6
NC_011593.1:c2598562-2597207	NB551033:107:HTJKNBGX7:3:23410:1306:6509#0/1	100.000	36	0	0	931	966	1	36	3.63e-09	67.6
NC_011593.1:c2598562-2597207	NB551033:107:HTJKNBGX7:2:12101:12719:14972#0/1	100.000	36	0	0	1321	1356	1	36	3.63e-09	67.6
NC_011593.1:c2598562-2597207	NB551033:107:HTJKNBGX7:4:22410:5835:9277#0/1	95.000	40	2	0	229	268	40	1	4.70e-08	63.9
NC_011593.1:c2598562-2597207	NB551033:107:HTJKNBGX7:3:21406:14380:8751#0/1	97.297	37	1	0	1009	1045	1	37	4.70e-08	63.9
NC_011593.1:c2598562-2597207	NB551033:107:HTJKNBGX7:4:22603:1648:11533#0/1	100.000	33	0	0	254	286	1	33	1.69e-07	62.1
NC_011593.1:c2598562-2597207	NB551033:107:HTJKNBGX7:1:23105:23268:9100#0/1	100.000	33	0	0	846	878	33	1	1.69e-07	62.1
NC_011593.1:c2598562-2597207	NB551033:107:HTJKNBGX7:4:12502:16941:1215#0/1	100.000	32	0	0	231	262	32	1	6.08e-07	60.2
# BLASTN 2.9.0+
# Query: NC_011593.1:2598858-2601929 Bifidobacterium longum subsp. infantis ATCC 15697, complete genome
# Database: db/blast_C0720-1F-1A_S88.faa
# Fields: query acc.ver, subject acc.ver, % identity, alignment length, mismatches, gap opens, q. start, q. end, s. start, s. end, evalue, bit score
# 202 hits found
NC_011593.1:2598858-2601929	NB551033:107:HTJKNBGX7:4:21605:16942:13515#0/2	100.000	151	0	0	1718	1868	151	1	9.69e-73	279
NC_011593.1:2598858-2601929	NB551033:107:HTJKNBGX7:2:13309:22336:4286#0/1	100.000	151	0	0	1907	2057	151	1	9.69e-73	279
NC_011593.1:2598858-2601929	NB551033:107:HTJKNBGX7:4:11511:25370:5153#0/2	100.000	150	0	0	1951	2100	1	150	3.49e-72	278
NC_011593.1:2598858-2601929	NB551033:107:HTJKNBGX7:2:13309:22336:4286#0/2	100.000	150	0	0	1740	1889	1	150	3.49e-72	278
NC_011593.1:2598858-2601929	NB551033:107:HTJKNBGX7:1:21101:23131:18496#0/2	100.000	150	0	0	911	1060	1	150	3.49e-72	278
NC_011593.1:2598858-2601929	NB551033:107:HTJKNBGX7:3:11604:13327:10104#0/1	100.000	150	0	0	935	1084	150	1	3.49e-72	278
NC_011593.1:2598858-2601929	NB551033:107:HTJKNBGX7:1:21302:3035:10512#0/1	100.000	149	0	0	1623	1771	1	149	1.25e-71	276
NC_011593.1:2598858-2601929	NB551033:107:HTJKNBGX7:1:12207:20586:9105#0/1	99.338	151	1	0	1875	2025	151	1	4.51e-71	274
NC_011593.1:2598858-2601929	NB551033:107:HTJKNBGX7:3:23608:5572:16680#0/2	99.333	150	1	0	2008	2157	1	150	1.62e-70	272
NC_011593.1:2598858-2601929	NB551033:107:HTJKNBGX7:3:23411:5474:3204#0/2	99.333	150	1	0	1760	1909	1	150	1.62e-70	272
NC_011593.1:2598858-2601929	NB551033:107:HTJKNBGX7:2:22112:20900:11266#0/2	99.333	150	1	0	358	507	150	1	1.62e-70	272
NC_011593.1:2598858-2601929	NB551033:107:HTJKNBGX7:2:13310:3488:4175#0/2	99.333	150	1	0	1055	1204	1	150	1.62e-70	272
NC_011593.1:2598858-2601929	NB551033:107:HTJKNBGX7:4:12510:3239:13122#0/1	99.333	150	1	0	315	464	1	150	1.62e-70	272
NC_011593.1:2598858-2601929	NB551033:107:HTJKNBGX7:4:11511:25370:5153#0/1	99.333	150	1	0	2006	2155	150	1	1.62e-70	272
NC_011593.1:2598858-2601929	NB551033:107:HTJKNBGX7:3:13407:3748:20265#0/2	99.329	149	1	0	2443	2591	150	2	5.83e-70	270
NC_011593.1:2598858-2601929	NB551033:107:HTJKNBGX7:2:13111:6523:11217#0/2	99.329	149	1	0	923	1071	149	1	5.83e-70	270
NC_011593.1:2598858-2601929	NB551033:107:HTJKNBGX7:3:22603:1791:3885#0/1	99.329	149	1	0	998	1146	149	1	5.83e-70	270
NC_011593.1:2598858-2601929	NB551033:107:HTJKNBGX7:4:12502:15284:19870#0/1	99.324	148	1	0	1693	1840	1	148	2.10e-69	268
NC_011593.1:2598858-2601929	NB551033:107:HTJKNBGX7:3:23408:13950:3557#0/1	99.324	148	1	0	919	1066	1	148	2.10e-69	268
NC_011593.1:2598858-2601929	NB551033:107:HTJKNBGX7:3:22509:2804:4931#0/1	99.324	148	1	0	1861	2008	148	1	2.10e-69	268
NC_011593.1:2598858-2601929	NB551033:107:HTJKNBGX7:2:13310:3488:4175#0/1	98.675	151	2	0	1293	1443	151	1	2.10e-69	268
NC_011593.1:2598858-2601929	NB551033:107:HTJKNBGX7:4:23507:11448:17049#0/2	98.667	150	2	0	1321	1470	1	150	7.55e-69	267
NC_011593.1:2598858-2601929	NB551033:107:HTJKNBGX7:1:21103:15674:10687#0/2	98.667	150	2	0	1190	1339	1	150	7.55e-69	267
NC_011593.1:2598858-2601929	NB551033:107:HTJKNBGX7:1:12304:23017:2524#0/2	98.667	150	2	0	2876	3025	150	1	7.55e-69	267
NC_011593.1:2598858-2601929	NB551033:107:HTJKNBGX7:3:22506:3479:1359#0/1	98.667	150	2	0	2778	2927	1	150	7.55e-69	267
NC_011593.1:2598858-2601929	NB551033:107:HTJKNBGX7:1:21103:15674:10687#0/1	98.667	150	2	0	1208	1357	150	1	7.55e-69	267
NC_011593.1:2598858-2601929	NB551033:107:HTJKNBGX7:2:21305:9395:14818#0/2	99.315	146	1	0	1087	1232	2	147	2.71e-68	265
NC_011593.1:2598858-2601929	NB551033:107:HTJKNBGX7:2:12110:5975:6821#0/2	98.013	151	3	0	2569	2719	1	151	9.76e-68	263
NC_011593.1:2598858-2601929	NB551033:107:HTJKNBGX7:2:11302:25499:3883#0/2	98.013	151	3	0	2347	2497	151	1	9.76e-68	263
NC_011593.1:2598858-2601929	NB551033:107:HTJKNBGX7:4:23507:11448:17049#0/1	98.013	151	3	0	1350	1500	151	1	9.76e-68	263
NC_011593.1:2598858-2601929	NB551033:107:HTJKNBGX7:4:11508:17543:16025#0/1	98.013	151	3	0	2568	2718	1	151	9.76e-68	263
NC_011593.1:2598858-2601929	NB551033:107:HTJKNBGX7:4:22408:6735:5130#0/2	98.000	150	3	0	2323	2472	1	150	3.51e-67	261
NC_011593.1:2598858-2601929	NB551033:107:HTJKNBGX7:1:23204:21934:13226#0/2	100.000	141	0	0	1746	1886	1	141	3.51e-67	261
NC_011593.1:2598858-2601929	NB551033:107:HTJKNBGX7:1:22309:18292:10210#0/2	98.000	150	3	0	2124	2273	1	150	3.51e-67	261
NC_011593.1:2598858-2601929	NB551033:107:HTJKNBGX7:4:22401:21639:2148#0/1	99.306	144	1	0	1079	1222	144	1	3.51e-67	261
NC_011593.1:2598858-2601929	NB551033:107:HTJKNBGX7:3:23411:5474:3204#0/1	98.639	147	2	0	1862	2008	147	1	3.51e-67	261
NC_011593.1:2598858-2601929	NB551033:107:HTJKNBGX7:1:22309:18292:10210#0/1	99.306	144	1	0	2161	2304	144	1	3.51e-67	261
NC_011593.1:2598858-2601929	NB551033:107:HTJKNBGX7:2:21102:7300:8096#0/2	97.987	149	3	0	2584	2732	149	1	1.26e-66	259
NC_011593.1:2598858-2601929	NB551033:107:HTJKNBGX7:4:11508:17543:16025#0/2	97.351	151	4	0	2576	2726	151	1	4.54e-66	257
NC_011593.1:2598858-2601929	NB551033:107:HTJKNBGX7:1:23111:4178:7908#0/1	97.959	147	3	0	1155	1301	1	147	1.63e-65	255
NC_011593.1:2598858-2601929	NB551033:107:HTJKNBGX7:1:12304:23017:2524#0/1	98.611	144	2	0	2785	2928	1	144	1.63e-65	255
NC_011593.1:2598858-2601929	NB551033:107:HTJKNBGX7:3:22509:2804:4931#0/2	97.315	149	4	0	1787	1935	1	149	5.88e-65	254
NC_011593.1:2598858-2601929	NB551033:107:HTJKNBGX7:2:11302:25499:3883#0/1	97.315	149	4	0	2278	2426	1	149	5.88e-65	254
NC_011593.1:2598858-2601929	NB551033:107:HTJKNBGX7:1:13305:11245:17431#0/1	100.000	137	0	0	2404	2540	137	1	5.88e-65	254
NC_011593.1:2598858-2601929	NB551033:107:HTJKNBGX7:3:22506:3479:1359#0/2	97.917	144	3	0	2929	3072	151	8	7.60e-64	250
NC_011593.1:2598858-2601929	NB551033:107:HTJKNBGX7:3:12408:11069:14760#0/2	96.667	150	5	0	541	690	150	1	7.60e-64	250
NC_011593.1:2598858-2601929	NB551033:107:HTJKNBGX7:2:23102:21294:17406#0/1	96.667	150	5	0	799	948	1	150	7.60e-64	250
NC_011593.1:2598858-2601929	NB551033:107:HTJKNBGX7:1:21310:23343:5800#0/1	98.561	139	2	0	630	768	1	139	9.83e-63	246
NC_011593.1:2598858-2601929	NB551033:107:HTJKNBGX7:4:21605:16942:13515#0/1	100.000	132	0	0	1708	1839	1	132	3.54e-62	244
NC_011593.1:2598858-2601929	NB551033:107:HTJKNBGX7:3:13605:1814:18175#0/1	96.599	147	5	0	2295	2441	1	147	3.54e-62	244
NC_011593.1:2598858-2601929	NB551033:107:HTJKNBGX7:1:21101:23131:18496#0/1	98.540	137	2	0	1024	1160	137	1	1.27e-61	243
NC_011593.1:2598858-2601929	NB551033:107:HTJKNBGX7:4:22608:7310:10422#0/2	97.183	142	4	0	751	892	150	9	4.57e-61	241
NC_011593.1:2598858-2601929	NB551033:107:HTJKNBGX7:3:23601:14429:8480#0/2	98.529	136	2	0	622	757	136	1	4.57e-61	241
NC_011593.1:2598858-2601929	NB551033:107:HTJKNBGX7:4:21511:9936:15929#0/1	97.183	142	4	0	104	245	1	142	4.57e-61	241
NC_011593.1:2598858-2601929	NB551033:107:HTJKNBGX7:3:23601:14429:8480#0/1	98.529	136	2	0	622	757	1	136	4.57e-61	241
NC_011593.1:2598858-2601929	NB551033:107:HTJKNBGX7:1:21301:23349:17241#0/2	97.826	138	3	0	2484	2621	138	1	1.65e-60	239
NC_011593.1:2598858-2601929	NB551033:107:HTJKNBGX7:2:12211:17886:16730#0/1	97.163	141	4	0	680	820	1	141	1.65e-60	239
NC_011593.1:2598858-2601929	NB551033:107:HTJKNBGX7:4:22401:21639:2148#0/2	100.000	125	0	0	1018	1142	1	125	2.75e-58	231
NC_011593.1:2598858-2601929	NB551033:107:HTJKNBGX7:3:23406:3248:2760#0/2	98.462	130	2	0	109	238	1	130	9.90e-58	230
NC_011593.1:2598858-2601929	NB551033:107:HTJKNBGX7:3:21602:21234:8687#0/2	100.000	124	0	0	1640	1763	124	1	9.90e-58	230
NC_011593.1:2598858-2601929	NB551033:107:HTJKNBGX7:1:21302:3035:10512#0/2	100.000	124	0	0	1653	1776	124	1	9.90e-58	230
NC_011593.1:2598858-2601929	NB551033:107:HTJKNBGX7:3:23602:19090:15889#0/2	99.206	126	1	0	1941	2066	126	1	3.56e-57	228
NC_011593.1:2598858-2601929	NB551033:107:HTJKNBGX7:3:21602:21234:8687#0/1	100.000	123	0	0	1640	1762	1	123	3.56e-57	228
NC_011593.1:2598858-2601929	NB551033:107:HTJKNBGX7:4:13606:23313:5093#0/1	97.692	130	3	0	2686	2815	1	130	4.61e-56	224
NC_011593.1:2598858-2601929	NB551033:107:HTJKNBGX7:4:13606:23313:5093#0/2	99.187	123	1	0	2763	2885	123	1	1.66e-55	222
NC_011593.1:2598858-2601929	NB551033:107:HTJKNBGX7:4:12502:15284:19870#0/2	99.187	123	1	0	1832	1954	123	1	1.66e-55	222
NC_011593.1:2598858-2601929	NB551033:107:HTJKNBGX7:3:23604:20245:16687#0/1	100.000	120	0	0	1719	1838	120	1	1.66e-55	222
NC_011593.1:2598858-2601929	NB551033:107:HTJKNBGX7:3:11501:5818:8228#0/1	96.970	132	4	0	2643	2774	132	1	1.66e-55	222
NC_011593.1:2598858-2601929	NB551033:107:HTJKNBGX7:3:23609:10632:8049#0/2	97.656	128	3	0	1420	1547	128	1	5.96e-55	220
NC_011593.1:2598858-2601929	NB551033:107:HTJKNBGX7:4:21402:22551:6476#0/1	96.269	134	5	0	101	234	1	134	5.96e-55	220
NC_011593.1:2598858-2601929	NB551033:107:HTJKNBGX7:4:11510:14561:18192#0/1	97.656	128	3	0	2945	3072	151	24	5.96e-55	220
NC_011593.1:2598858-2601929	NB551033:107:HTJKNBGX7:3:23609:10632:8049#0/1	97.656	128	3	0	1420	1547	1	128	5.96e-55	220
NC_011593.1:2598858-2601929	NB551033:107:HTJKNBGX7:3:23408:13950:3557#0/2	98.387	124	2	0	1040	1163	124	1	2.14e-54	219
NC_011593.1:2598858-2601929	NB551033:107:HTJKNBGX7:4:23411:3828:5586#0/2	98.374	123	2	0	600	722	123	1	7.71e-54	217
NC_011593.1:2598858-2601929	NB551033:107:HTJKNBGX7:4:23411:3828:5586#0/1	98.361	122	2	0	600	721	1	122	2.77e-53	215
NC_011593.1:2598858-2601929	NB551033:107:HTJKNBGX7:3:13407:3748:20265#0/1	100.000	115	0	0	2409	2523	1	115	9.97e-53	213
NC_011593.1:2598858-2601929	NB551033:107:HTJKNBGX7:4:11604:7180:11160#0/2	96.800	125	4	0	1946	2070	1	125	1.29e-51	209
NC_011593.1:2598858-2601929	NB551033:107:HTJKNBGX7:3:13512:5024:13112#0/2	100.000	113	0	0	402	514	1	113	1.29e-51	209
NC_011593.1:2598858-2601929	NB551033:107:HTJKNBGX7:4:22408:6735:5130#0/1	100.000	113	0	0	2451	2563	113	1	1.29e-51	209
NC_011593.1:2598858-2601929	NB551033:107:HTJKNBGX7:4:23504:11097:5822#0/2	100.000	112	0	0	251	362	1	112	4.64e-51	207
NC_011593.1:2598858-2601929	NB551033:107:HTJKNBGX7:2:21305:9395:14818#0/1	98.305	118	2	0	1166	1283	118	1	4.64e-51	207
NC_011593.1:2598858-2601929	NB551033:107:HTJKNBGX7:2:11311:5768:16798#0/2	96.748	123	4	0	2624	2746	1	123	1.67e-50	206
NC_011593.1:2598858-2601929	NB551033:107:HTJKNBGX7:2:23203:10849:1220#0/2	97.479	119	3	0	2703	2821	1	119	6.00e-50	204
NC_011593.1:2598858-2601929	NB551033:107:HTJKNBGX7:1:12109:18964:8457#0/2	97.479	119	3	0	2954	3072	1	119	6.00e-50	204
NC_011593.1:2598858-2601929	NB551033:107:HTJKNBGX7:1:12207:20586:9105#0/2	99.099	111	1	0	1824	1934	1	111	7.76e-49	200
NC_011593.1:2598858-2601929	NB551033:107:HTJKNBGX7:4:23410:23259:15173#0/2	96.639	119	4	0	2639	2757	119	1	2.79e-48	198
NC_011593.1:2598858-2601929	NB551033:107:HTJKNBGX7:1:21211:9742:10933#0/2	99.083	109	1	0	1018	1126	109	1	1.00e-47	196
NC_011593.1:2598858-2601929	NB551033:107:HTJKNBGX7:1:21211:9742:10933#0/1	99.083	109	1	0	1018	1126	1	109	1.00e-47	196
NC_011593.1:2598858-2601929	NB551033:107:HTJKNBGX7:2:12211:17886:16730#0/2	95.833	120	5	0	830	949	120	1	3.61e-47	195
NC_011593.1:2598858-2601929	NB551033:107:HTJKNBGX7:1:13305:11245:17431#0/2	100.000	105	0	0	2404	2508	1	105	3.61e-47	195
NC_011593.1:2598858-2601929	NB551033:107:HTJKNBGX7:1:21301:17891:20260#0/2	99.048	105	1	0	2871	2975	105	1	1.68e-45	189
NC_011593.1:2598858-2601929	NB551033:107:HTJKNBGX7:3:21611:3178:6882#0/2	96.460	113	4	0	872	984	113	1	6.04e-45	187
NC_011593.1:2598858-2601929	NB551033:107:HTJKNBGX7:1:12310:8001:3064#0/2	100.000	101	0	0	2	102	1	101	6.04e-45	187
NC_011593.1:2598858-2601929	NB551033:107:HTJKNBGX7:1:11106:15656:6663#0/2	96.460	113	4	0	2297	2409	1	113	6.04e-45	187
NC_011593.1:2598858-2601929	NB551033:107:HTJKNBGX7:4:11501:25710:9596#0/1	97.273	110	3	0	2910	3019	1	110	6.04e-45	187
NC_011593.1:2598858-2601929	NB551033:107:HTJKNBGX7:1:12310:8001:3064#0/1	100.000	101	0	0	2	102	101	1	6.04e-45	187
NC_011593.1:2598858-2601929	NB551033:107:HTJKNBGX7:4:12506:2708:17308#0/2	97.248	109	3	0	2078	2186	1	109	2.17e-44	185
NC_011593.1:2598858-2601929	NB551033:107:HTJKNBGX7:3:11501:5818:8228#0/2	96.429	112	4	0	2643	2754	1	112	2.17e-44	185
NC_011593.1:2598858-2601929	NB551033:107:HTJKNBGX7:2:11104:8826:10051#0/2	100.000	100	0	0	1623	1722	1	100	2.17e-44	185
NC_011593.1:2598858-2601929	NB551033:107:HTJKNBGX7:3:23504:25605:15265#0/2	97.222	108	3	0	2133	2240	108	1	7.82e-44	183
NC_011593.1:2598858-2601929	NB551033:107:HTJKNBGX7:1:23111:4178:7908#0/2	98.095	105	2	0	1196	1300	105	1	7.82e-44	183
NC_011593.1:2598858-2601929	NB551033:107:HTJKNBGX7:1:13104:12964:11567#0/2	98.095	105	2	0	1435	1539	1	105	7.82e-44	183
NC_011593.1:2598858-2601929	NB551033:107:HTJKNBGX7:3:21611:3178:6882#0/1	98.095	105	2	0	682	786	1	105	7.82e-44	183
NC_011593.1:2598858-2601929	NB551033:107:HTJKNBGX7:1:13104:12964:11567#0/1	98.095	105	2	0	1435	1539	105	1	7.82e-44	183
NC_011593.1:2598858-2601929	NB551033:107:HTJKNBGX7:1:22311:26613:8962#0/2	97.196	107	3	0	553	659	107	1	2.81e-43	182
NC_011593.1:2598858-2601929	NB551033:107:HTJKNBGX7:3:21408:3274:9876#0/2	99.000	100	1	0	1235	1334	3	102	1.01e-42	180
NC_011593.1:2598858-2601929	NB551033:107:HTJKNBGX7:4:12510:3239:13122#0/2	98.039	102	2	0	449	550	105	4	3.64e-42	178
NC_011593.1:2598858-2601929	NB551033:107:HTJKNBGX7:2:21102:7300:8096#0/1	97.143	105	3	0	2367	2471	1	105	3.64e-42	178
NC_011593.1:2598858-2601929	NB551033:107:HTJKNBGX7:2:23108:4616:2324#0/2	98.980	98	1	0	2203	2300	99	2	1.31e-41	176
NC_011593.1:2598858-2601929	NB551033:107:HTJKNBGX7:4:11510:14561:18192#0/2	98.969	97	1	0	2931	3027	1	97	4.71e-41	174
NC_011593.1:2598858-2601929	NB551033:107:HTJKNBGX7:1:11106:15656:6663#0/1	97.087	103	3	0	2307	2409	103	1	4.71e-41	174
NC_011593.1:2598858-2601929	NB551033:107:HTJKNBGX7:3:23604:20245:16687#0/2	100.000	93	0	0	1717	1809	1	93	1.69e-40	172
NC_011593.1:2598858-2601929	NB551033:107:HTJKNBGX7:3:12408:11069:14760#0/1	98.958	96	1	0	379	474	1	96	1.69e-40	172
NC_011593.1:2598858-2601929	NB551033:107:HTJKNBGX7:3:13605:1814:18175#0/2	100.000	92	0	0	2406	2497	92	1	6.09e-40	171
NC_011593.1:2598858-2601929	NB551033:107:HTJKNBGX7:2:21202:2636:14395#0/2	97.030	101	3	0	2686	2786	101	1	6.09e-40	171
NC_011593.1:2598858-2601929	NB551033:107:HTJKNBGX7:3:23504:6825:1436#0/1	100.000	92	0	0	921	1012	1	92	6.09e-40	171
NC_011593.1:2598858-2601929	NB551033:107:HTJKNBGX7:1:22310:1148:8972#0/2	98.936	94	1	0	566	659	94	1	2.19e-39	169
NC_011593.1:2598858-2601929	NB551033:107:HTJKNBGX7:2:23108:4616:2324#0/1	97.000	100	3	0	2072	2171	1	100	2.19e-39	169
NC_011593.1:2598858-2601929	NB551033:107:HTJKNBGX7:3:21411:13885:9066#0/2	98.925	93	1	0	2780	2872	93	1	7.87e-39	167
NC_011593.1:2598858-2601929	NB551033:107:HTJKNBGX7:2:22112:20900:11266#0/1	98.925	93	1	0	315	407	1	93	7.87e-39	167
NC_011593.1:2598858-2601929	NB551033:107:HTJKNBGX7:1:21301:23349:17241#0/1	100.000	90	0	0	2484	2573	1	90	7.87e-39	167
NC_011593.1:2598858-2601929	NB551033:107:HTJKNBGX7:4:23611:16390:18267#0/2	98.913	92	1	0	319	410	1	92	2.83e-38	165
NC_011593.1:2598858-2601929	NB551033:107:HTJKNBGX7:4:23611:16390:18267#0/1	98.913	92	1	0	319	410	92	1	2.83e-38	165
NC_011593.1:2598858-2601929	NB551033:107:HTJKNBGX7:2:12205:23529:9537#0/2	96.875	96	3	0	27	122	96	1	3.66e-37	161
NC_011593.1:2598858-2601929	NB551033:107:HTJKNBGX7:4:23504:11097:5822#0/1	100.000	87	0	0	276	362	88	2	3.66e-37	161
NC_011593.1:2598858-2601929	NB551033:107:HTJKNBGX7:2:12104:1569:5561#0/2	97.826	92	2	0	2781	2872	92	1	1.32e-36	159
NC_011593.1:2598858-2601929	NB551033:107:HTJKNBGX7:2:11311:5768:16798#0/1	95.918	98	4	0	2657	2754	98	1	1.32e-36	159
NC_011593.1:2598858-2601929	NB551033:107:HTJKNBGX7:2:12104:1569:5561#0/1	95.876	97	4	0	2718	2814	1	97	4.74e-36	158
NC_011593.1:2598858-2601929	NB551033:107:HTJKNBGX7:1:11212:15119:2100#0/2	98.851	87	1	0	1939	2025	87	1	1.70e-35	156
NC_011593.1:2598858-2601929	NB551033:107:HTJKNBGX7:2:11201:1767:4107#0/1	98.851	87	1	0	1401	1487	87	1	1.70e-35	156
NC_011593.1:2598858-2601929	NB551033:107:HTJKNBGX7:4:21511:9936:15929#0/2	100.000	83	0	0	272	354	83	1	6.13e-35	154
NC_011593.1:2598858-2601929	NB551033:107:HTJKNBGX7:1:12211:18298:12852#0/1	100.000	82	0	0	1278	1359	82	1	2.20e-34	152
NC_011593.1:2598858-2601929	NB551033:107:HTJKNBGX7:1:21203:25299:2522#0/2	98.810	84	1	0	2935	3018	84	1	7.93e-34	150
NC_011593.1:2598858-2601929	NB551033:107:HTJKNBGX7:1:21203:25299:2522#0/1	98.810	84	1	0	2935	3018	1	84	7.93e-34	150
NC_011593.1:2598858-2601929	NB551033:107:HTJKNBGX7:4:13512:8776:3981#0/2	98.795	83	1	0	1824	1906	1	83	2.85e-33	148
NC_011593.1:2598858-2601929	NB551033:107:HTJKNBGX7:1:12211:18298:12852#0/2	98.795	83	1	0	1277	1359	1	83	2.85e-33	148
NC_011593.1:2598858-2601929	NB551033:107:HTJKNBGX7:4:13512:8776:3981#0/1	98.795	83	1	0	1824	1906	83	1	2.85e-33	148
NC_011593.1:2598858-2601929	NB551033:107:HTJKNBGX7:4:11609:4513:12194#0/1	98.780	82	1	0	320	401	82	1	1.03e-32	147
NC_011593.1:2598858-2601929	NB551033:107:HTJKNBGX7:1:21106:25424:16715#0/2	100.000	78	0	0	926	1003	1	78	3.69e-32	145
NC_011593.1:2598858-2601929	NB551033:107:HTJKNBGX7:3:23608:5572:16680#0/1	100.000	78	0	0	2223	2300	79	2	3.69e-32	145
NC_011593.1:2598858-2601929	NB551033:107:HTJKNBGX7:2:23102:21294:17406#0/2	100.000	76	0	0	907	982	76	1	4.77e-31	141
NC_011593.1:2598858-2601929	NB551033:107:HTJKNBGX7:3:23406:3248:2760#0/1	96.471	85	3	0	300	384	85	1	4.77e-31	141
NC_011593.1:2598858-2601929	NB551033:107:HTJKNBGX7:4:23605:14317:3658#0/2	96.429	84	3	0	2686	2769	1	84	1.72e-30	139
NC_011593.1:2598858-2601929	NB551033:107:HTJKNBGX7:3:13512:5024:13112#0/1	97.531	81	2	0	633	713	81	1	1.72e-30	139
NC_011593.1:2598858-2601929	NB551033:107:HTJKNBGX7:1:23204:21934:13226#0/1	98.701	77	1	0	2064	2140	77	1	6.17e-30	137
NC_011593.1:2598858-2601929	NB551033:107:HTJKNBGX7:4:23605:14317:3658#0/1	96.341	82	3	0	2688	2769	82	1	2.22e-29	135
NC_011593.1:2598858-2601929	NB551033:107:HTJKNBGX7:4:21408:22563:15745#0/1	95.238	84	4	0	1492	1575	1	84	7.99e-29	134
NC_011593.1:2598858-2601929	NB551033:107:HTJKNBGX7:4:23503:24077:14716#0/1	98.649	74	1	0	50	123	1	74	2.87e-28	132
NC_011593.1:2598858-2601929	NB551033:107:HTJKNBGX7:2:13111:6523:11217#0/1	98.649	74	1	0	802	875	1	74	2.87e-28	132
NC_011593.1:2598858-2601929	NB551033:107:HTJKNBGX7:4:23503:24077:14716#0/2	98.630	73	1	0	51	123	73	1	1.03e-27	130
NC_011593.1:2598858-2601929	NB551033:107:HTJKNBGX7:4:12508:5950:4093#0/2	98.611	72	1	0	1146	1217	72	1	3.72e-27	128
NC_011593.1:2598858-2601929	NB551033:107:HTJKNBGX7:4:11609:4513:12194#0/2	100.000	69	0	0	198	266	1	69	3.72e-27	128
NC_011593.1:2598858-2601929	NB551033:107:HTJKNBGX7:4:12508:5950:4093#0/1	98.611	72	1	0	1146	1217	1	72	3.72e-27	128
NC_011593.1:2598858-2601929	NB551033:107:HTJKNBGX7:3:11401:10936:5487#0/1	100.000	69	0	0	1741	1809	69	1	3.72e-27	128
NC_011593.1:2598858-2601929	NB551033:107:HTJKNBGX7:1:21301:17891:20260#0/1	97.333	75	2	0	2643	2717	1	75	3.72e-27	128
NC_011593.1:2598858-2601929	NB551033:107:HTJKNBGX7:4:21408:22563:15745#0/2	97.297	74	2	0	1504	1577	74	1	1.34e-26	126
NC_011593.1:2598858-2601929	NB551033:107:HTJKNBGX7:3:23602:19090:15889#0/1	98.507	67	1	0	1941	2007	1	67	2.24e-24	119
NC_011593.1:2598858-2601929	NB551033:107:HTJKNBGX7:1:11212:15119:2100#0/1	98.507	67	1	0	1877	1943	1	67	2.24e-24	119
NC_011593.1:2598858-2601929	NB551033:107:HTJKNBGX7:3:23404:4315:12157#0/1	95.833	72	3	0	2686	2757	72	1	8.04e-24	117
NC_011593.1:2598858-2601929	NB551033:107:HTJKNBGX7:4:21402:22551:6476#0/2	98.438	64	1	0	215	278	64	1	1.04e-22	113
NC_011593.1:2598858-2601929	NB551033:107:HTJKNBGX7:3:23504:6825:1436#0/2	100.000	61	0	0	993	1053	61	1	1.04e-22	113
NC_011593.1:2598858-2601929	NB551033:107:HTJKNBGX7:3:23404:4315:12157#0/2	95.714	70	3	0	2686	2755	1	70	1.04e-22	113
NC_011593.1:2598858-2601929	NB551033:107:HTJKNBGX7:4:12506:2708:17308#0/1	96.970	66	2	0	2154	2219	66	1	3.74e-22	111
NC_011593.1:2598858-2601929	NB551033:107:HTJKNBGX7:1:21310:23343:5800#0/2	98.387	62	1	0	747	808	62	1	1.35e-21	110
NC_011593.1:2598858-2601929	NB551033:107:HTJKNBGX7:1:11208:3549:17922#0/2	96.923	65	2	0	1177	1241	65	1	1.35e-21	110
NC_011593.1:2598858-2601929	NB551033:107:HTJKNBGX7:2:12104:18659:18817#0/2	98.333	60	1	0	1275	1334	60	1	1.74e-20	106
NC_011593.1:2598858-2601929	NB551033:107:HTJKNBGX7:2:12104:18659:18817#0/1	98.333	60	1	0	1275	1334	1	60	1.74e-20	106
NC_011593.1:2598858-2601929	NB551033:107:HTJKNBGX7:4:22608:7310:10422#0/1	98.305	59	1	0	734	792	1	59	6.26e-20	104
NC_011593.1:2598858-2601929	NB551033:107:HTJKNBGX7:2:11201:1767:4107#0/2	100.000	55	0	0	1092	1146	1	55	2.25e-19	102
NC_011593.1:2598858-2601929	NB551033:107:HTJKNBGX7:1:21208:10801:14247#0/2	98.246	57	1	0	1945	2001	1	57	8.10e-19	100
NC_011593.1:2598858-2601929	NB551033:107:HTJKNBGX7:1:21208:10801:14247#0/1	98.246	57	1	0	1945	2001	57	1	8.10e-19	100
NC_011593.1:2598858-2601929	NB551033:107:HTJKNBGX7:1:21106:25424:16715#0/1	98.182	55	1	0	1051	1105	55	1	1.05e-17	97.1
NC_011593.1:2598858-2601929	NB551033:107:HTJKNBGX7:1:21111:1763:16181#0/1	100.000	51	0	0	1297	1347	1	51	3.77e-17	95.3
NC_011593.1:2598858-2601929	NB551033:107:HTJKNBGX7:4:13407:11422:16470#0/2	96.429	56	2	0	3009	3064	1	56	1.36e-16	93.5
NC_011593.1:2598858-2601929	NB551033:107:HTJKNBGX7:4:13407:11422:16470#0/1	96.429	56	2	0	3009	3064	56	1	1.36e-16	93.5
NC_011593.1:2598858-2601929	NB551033:107:HTJKNBGX7:1:21202:23305:16983#0/2	100.000	49	0	0	1784	1832	49	1	4.87e-16	91.6
NC_011593.1:2598858-2601929	NB551033:107:HTJKNBGX7:4:23612:17111:18359#0/2	98.039	51	1	0	2255	2305	1	51	1.75e-15	89.8
NC_011593.1:2598858-2601929	NB551033:107:HTJKNBGX7:4:23612:17111:18359#0/1	98.039	51	1	0	2255	2305	51	1	1.75e-15	89.8
NC_011593.1:2598858-2601929	NB551033:107:HTJKNBGX7:3:11401:10936:5487#0/2	100.000	47	0	0	1698	1744	1	47	6.31e-15	87.9
NC_011593.1:2598858-2601929	NB551033:107:HTJKNBGX7:4:23410:23259:15173#0/1	100.000	47	0	0	2603	2649	1	47	6.31e-15	87.9
NC_011593.1:2598858-2601929	NB551033:107:HTJKNBGX7:3:23504:25605:15265#0/1	100.000	47	0	0	1976	2022	1	47	6.31e-15	87.9
NC_011593.1:2598858-2601929	NB551033:107:HTJKNBGX7:4:11604:7180:11160#0/1	100.000	46	0	0	2061	2106	46	1	2.27e-14	86.1
NC_011593.1:2598858-2601929	NB551033:107:HTJKNBGX7:3:22603:1791:3885#0/2	96.078	51	2	0	738	788	1	51	8.16e-14	84.2
NC_011593.1:2598858-2601929	NB551033:107:HTJKNBGX7:1:11111:6809:17894#0/2	100.000	45	0	0	1594	1638	1	45	8.16e-14	84.2
NC_011593.1:2598858-2601929	NB551033:107:HTJKNBGX7:2:11106:20931:15008#0/2	97.872	47	1	0	381	427	47	1	2.93e-13	82.4
NC_011593.1:2598858-2601929	NB551033:107:HTJKNBGX7:1:21202:23305:16983#0/1	95.918	49	2	0	1783	1831	1	49	1.06e-12	80.5
NC_011593.1:2598858-2601929	NB551033:107:HTJKNBGX7:4:11610:14754:4048#0/2	100.000	42	0	0	414	455	1	42	3.80e-12	78.7
NC_011593.1:2598858-2601929	NB551033:107:HTJKNBGX7:1:11111:6809:17894#0/1	97.778	45	1	0	1634	1678	45	1	3.80e-12	78.7
NC_011593.1:2598858-2601929	NB551033:107:HTJKNBGX7:2:23201:18955:17110#0/2	100.000	41	0	0	2514	2554	41	1	1.37e-11	76.8
NC_011593.1:2598858-2601929	NB551033:107:HTJKNBGX7:2:12110:5975:6821#0/1	97.727	44	1	0	2795	2838	44	1	1.37e-11	76.8
NC_011593.1:2598858-2601929	NB551033:107:HTJKNBGX7:1:11208:3549:17922#0/1	95.745	47	2	0	1092	1138	1	47	1.37e-11	76.8
NC_011593.1:2598858-2601929	NB551033:107:HTJKNBGX7:2:11104:8826:10051#0/1	100.000	40	0	0	1683	1722	40	1	4.91e-11	75.0
NC_011593.1:2598858-2601929	NB551033:107:HTJKNBGX7:2:23201:18955:17110#0/1	97.619	42	1	0	2513	2554	1	42	1.77e-10	73.1
NC_011593.1:2598858-2601929	NB551033:107:HTJKNBGX7:2:11106:20931:15008#0/1	100.000	38	0	0	364	401	2	39	6.35e-10	71.3
NC_011593.1:2598858-2601929	NB551033:107:HTJKNBGX7:4:12612:12913:8811#0/2	100.000	37	0	0	31	67	1	37	2.28e-09	69.4
NC_011593.1:2598858-2601929	NB551033:107:HTJKNBGX7:4:12612:12913:8811#0/1	100.000	37	0	0	31	67	37	1	2.28e-09	69.4
NC_011593.1:2598858-2601929	NB551033:107:HTJKNBGX7:3:21411:13885:9066#0/1	100.000	36	0	0	2686	2721	1	36	8.22e-09	67.6
NC_011593.1:2598858-2601929	NB551033:107:HTJKNBGX7:3:21408:3274:9876#0/1	97.368	38	1	0	1297	1334	38	1	2.95e-08	65.8
NC_011593.1:2598858-2601929	NB551033:107:HTJKNBGX7:4:23402:6855:11922#0/2	96.875	32	1	0	1600	1631	32	1	6.40e-05	54.7
NC_011593.1:2598858-2601929	NB551033:107:HTJKNBGX7:1:21106:20911:17192#0/1	96.875	32	1	0	1028	1059	70	101	6.40e-05	54.7
NC_011593.1:2598858-2601929	NB551033:107:HTJKNBGX7:3:21610:1503:17718#0/2	100.000	28	0	0	1028	1055	28	1	2.30e-04	52.8
NC_011593.1:2598858-2601929	NB551033:107:HTJKNBGX7:3:21610:1503:17718#0/1	100.000	28	0	0	1028	1055	66	93	2.30e-04	52.8
# BLASTN 2.9.0+
# Query: NC_011593.1:c2604454-2602106 Bifidobacterium longum subsp. infantis ATCC 15697, complete genome
# Database: db/blast_C0720-1F-1A_S88.faa
# 0 hits found
# BLASTN 2.9.0+
# Query: NC_011593.1:c2605922-2604486 Bifidobacterium longum subsp. infantis ATCC 15697, complete genome
# Database: db/blast_C0720-1F-1A_S88.faa
# 0 hits found
# BLASTN 2.9.0+
# Query: NC_011593.1:c2606381-2605944 Bifidobacterium longum subsp. infantis ATCC 15697, complete genome
# Database: db/blast_C0720-1F-1A_S88.faa
# 0 hits found
# BLASTN 2.9.0+
# Query: NC_011593.1:c2607314-2606418 Bifidobacterium longum subsp. infantis ATCC 15697, complete genome
# Database: db/blast_C0720-1F-1A_S88.faa
# 0 hits found
# BLASTN 2.9.0+
# Query: NC_011593.1:c2608249-2607458 Bifidobacterium longum subsp. infantis ATCC 15697, complete genome
# Database: db/blast_C0720-1F-1A_S88.faa
# 0 hits found
# BLASTN 2.9.0+
# Query: NC_011593.1:c2609546-2608269 Bifidobacterium longum subsp. infantis ATCC 15697, complete genome
# Database: db/blast_C0720-1F-1A_S88.faa
# 0 hits found
# BLASTN 2.9.0+
# Query: NC_011593.1:c2610356-2609697 Bifidobacterium longum subsp. infantis ATCC 15697, complete genome
# Database: db/blast_C0720-1F-1A_S88.faa
# 0 hits found
# BLASTN 2.9.0+
# Query: NC_011593.1:c2611458-2610496 Bifidobacterium longum subsp. infantis ATCC 15697, complete genome
# Database: db/blast_C0720-1F-1A_S88.faa
# 0 hits found
# BLASTN 2.9.0+
# Query: NC_011593.1:c2612430-2611477 Bifidobacterium longum subsp. infantis ATCC 15697, complete genome
# Database: db/blast_C0720-1F-1A_S88.faa
# 0 hits found
# BLASTN 2.9.0+
# Query: NC_011593.1:c2614109-2612517 Bifidobacterium longum subsp. infantis ATCC 15697, complete genome
# Database: db/blast_C0720-1F-1A_S88.faa
# 0 hits found
# BLASTN 2.9.0+
# Query: NC_011593.1:c2615274-2614312 Bifidobacterium longum subsp. infantis ATCC 15697, complete genome
# Database: db/blast_C0720-1F-1A_S88.faa
# 0 hits found
# BLASTN 2.9.0+
# Query: NC_011593.1:c2616246-2615293 Bifidobacterium longum subsp. infantis ATCC 15697, complete genome
# Database: db/blast_C0720-1F-1A_S88.faa
# 0 hits found
# BLASTN 2.9.0+
# Query: NC_011593.1:c2617928-2616333 Bifidobacterium longum subsp. infantis ATCC 15697, complete genome
# Database: db/blast_C0720-1F-1A_S88.faa
# 0 hits found
# BLASTN 2.9.0+
# Query: NC_011593.1:c2619247-2618063 Bifidobacterium longum subsp. infantis ATCC 15697, complete genome
# Database: db/blast_C0720-1F-1A_S88.faa
# 0 hits found
# BLASTN 2.9.0+
# Query: NC_011593.1:c2620369-2619413 Bifidobacterium longum subsp. infantis ATCC 15697, complete genome
# Database: db/blast_C0720-1F-1A_S88.faa
# 0 hits found
# BLASTN 2.9.0+
# Query: NC_011593.1:c2622143-2620551 Bifidobacterium longum subsp. infantis ATCC 15697, complete genome
# Database: db/blast_C0720-1F-1A_S88.faa
# 0 hits found
# BLASTN 2.9.0+
# Query: NC_011593.1:c2624124-2622520 Bifidobacterium longum subsp. infantis ATCC 15697, complete genome
# Database: db/blast_C0720-1F-1A_S88.faa
# 0 hits found
# BLASTN 2.9.0+
# Query: NC_011593.1:c2626110-2624512 Bifidobacterium longum subsp. infantis ATCC 15697, complete genome
# Database: db/blast_C0720-1F-1A_S88.faa
# Fields: query acc.ver, subject acc.ver, % identity, alignment length, mismatches, gap opens, q. start, q. end, s. start, s. end, evalue, bit score
# 1 hits found
NC_011593.1:c2626110-2624512	NB551033:107:HTJKNBGX7:1:13202:10961:20035#0/1	100.000	30	0	0	1555	1584	56	85	9.31e-06	56.5
# BLASTN 2.9.0+
# Query: NC_011593.1:c2626386-2626264 Bifidobacterium longum subsp. infantis ATCC 15697, complete genome
# Database: db/blast_C0720-1F-1A_S88.faa
# 0 hits found
# BLASTN 2.9.0+
# Query: NC_011593.1:c2628158-2626563 Bifidobacterium longum subsp. infantis ATCC 15697, complete genome
# Database: db/blast_C0720-1F-1A_S88.faa
# 0 hits found
# BLASTN 2.9.0+
# Query: NC_011593.1:c2630269-2628314 Bifidobacterium longum subsp. infantis ATCC 15697, complete genome
# Database: db/blast_C0720-1F-1A_S88.faa
# 0 hits found
# BLASTN 2.9.0+
# Query: NC_011593.1:c2631106-2630366 Bifidobacterium longum subsp. infantis ATCC 15697, complete genome
# Database: db/blast_C0720-1F-1A_S88.faa
# 0 hits found
# BLASTN 2.9.0+
# Query: NC_011593.1:c2632432-2631140 Bifidobacterium longum subsp. infantis ATCC 15697, complete genome
# Database: db/blast_C0720-1F-1A_S88.faa
# 0 hits found
# BLASTN 2.9.0+
# Query: NC_011593.1:c2633881-2632562 Bifidobacterium longum subsp. infantis ATCC 15697, complete genome
# Database: db/blast_C0720-1F-1A_S88.faa
# 0 hits found
# BLASTN 2.9.0+
# Query: NC_011593.1:c2634683-2633865 Bifidobacterium longum subsp. infantis ATCC 15697, complete genome
# Database: db/blast_C0720-1F-1A_S88.faa
# 0 hits found
# BLASTN 2.9.0+
# Query: NC_011593.1:c2635627-2634680 Bifidobacterium longum subsp. infantis ATCC 15697, complete genome
# Database: db/blast_C0720-1F-1A_S88.faa
# 0 hits found
# BLASTN 2.9.0+
# Query: NC_011593.1:c2636747-2635629 Bifidobacterium longum subsp. infantis ATCC 15697, complete genome
# Database: db/blast_C0720-1F-1A_S88.faa
# 0 hits found
# BLAST processed 31 queries
