# BLASTN 2.9.0+
# Query: NC_011593.1:c2595355-2593832 Bifidobacterium longum subsp. infantis ATCC 15697, complete genome
# Database: db/blast_C0723-3F-1A_S59.faa
# Fields: query acc.ver, subject acc.ver, % identity, alignment length, mismatches, gap opens, q. start, q. end, s. start, s. end, evalue, bit score
# 47 hits found
NC_011593.1:c2595355-2593832	NB551033:131:HK2T7BGX9:4:11405:10522:10751#0/2	99.338	151	1	0	356	506	1	151	3.33e-71	274
NC_011593.1:c2595355-2593832	NB551033:131:HK2T7BGX9:3:22408:1938:8291#0/2	99.338	151	1	0	931	1081	151	1	3.33e-71	274
NC_011593.1:c2595355-2593832	NB551033:131:HK2T7BGX9:4:11405:10522:10751#0/1	99.338	151	1	0	360	510	151	1	3.33e-71	274
NC_011593.1:c2595355-2593832	NB551033:131:HK2T7BGX9:4:23510:3914:11889#0/2	98.667	150	2	0	511	660	1	150	5.57e-69	267
NC_011593.1:c2595355-2593832	NB551033:131:HK2T7BGX9:2:12206:7452:19624#0/2	98.667	150	2	0	494	643	150	1	5.57e-69	267
NC_011593.1:c2595355-2593832	NB551033:131:HK2T7BGX9:3:12604:8743:6538#0/1	98.667	150	2	0	1016	1165	1	150	5.57e-69	267
NC_011593.1:c2595355-2593832	NB551033:131:HK2T7BGX9:2:12206:7452:19624#0/1	98.667	150	2	0	489	638	1	150	5.57e-69	267
NC_011593.1:c2595355-2593832	NB551033:131:HK2T7BGX9:4:12402:21848:13520#0/2	98.013	151	3	0	548	698	1	151	7.20e-68	263
NC_011593.1:c2595355-2593832	NB551033:131:HK2T7BGX9:4:11405:17228:19425#0/2	99.310	145	1	0	937	1081	1	145	7.20e-68	263
NC_011593.1:c2595355-2593832	NB551033:131:HK2T7BGX9:2:13111:8237:1478#0/2	98.013	151	3	0	1079	1229	151	1	7.20e-68	263
NC_011593.1:c2595355-2593832	NB551033:131:HK2T7BGX9:4:11405:17228:19425#0/1	99.310	145	1	0	937	1081	145	1	7.20e-68	263
NC_011593.1:c2595355-2593832	NB551033:131:HK2T7BGX9:4:11512:4186:11882#0/2	98.000	150	3	0	810	959	1	150	2.59e-67	261
NC_011593.1:c2595355-2593832	NB551033:131:HK2T7BGX9:3:22408:1938:8291#0/1	97.987	149	3	0	786	934	1	149	9.32e-67	259
NC_011593.1:c2595355-2593832	NB551033:131:HK2T7BGX9:1:22301:9193:18679#0/2	97.351	151	4	0	855	1005	151	1	3.35e-66	257
NC_011593.1:c2595355-2593832	NB551033:131:HK2T7BGX9:4:11512:4186:11882#0/1	97.351	151	4	0	854	1004	151	1	3.35e-66	257
NC_011593.1:c2595355-2593832	NB551033:131:HK2T7BGX9:1:22301:9193:18679#0/1	97.351	151	4	0	847	997	1	151	3.35e-66	257
NC_011593.1:c2595355-2593832	NB551033:131:HK2T7BGX9:3:22511:13591:15857#0/1	97.333	150	4	0	1092	1241	1	150	1.21e-65	255
NC_011593.1:c2595355-2593832	NB551033:131:HK2T7BGX9:4:13501:7343:18343#0/1	97.315	149	4	0	571	719	1	149	4.34e-65	254
NC_011593.1:c2595355-2593832	NB551033:131:HK2T7BGX9:4:13501:7343:18343#0/2	96.689	151	5	0	575	725	151	1	1.56e-64	252
NC_011593.1:c2595355-2593832	NB551033:131:HK2T7BGX9:4:12512:12419:7268#0/2	96.667	150	5	0	172	321	150	1	5.61e-64	250
NC_011593.1:c2595355-2593832	NB551033:131:HK2T7BGX9:3:12410:6970:2416#0/2	97.279	147	4	0	1178	1324	1	147	5.61e-64	250
NC_011593.1:c2595355-2593832	NB551033:131:HK2T7BGX9:4:23510:3914:11889#0/1	96.667	150	5	0	597	746	150	1	5.61e-64	250
NC_011593.1:c2595355-2593832	NB551033:131:HK2T7BGX9:1:23201:5709:16924#0/1	96.667	150	5	0	615	764	1	150	5.61e-64	250
NC_011593.1:c2595355-2593832	NB551033:131:HK2T7BGX9:4:12402:21848:13520#0/1	96.644	149	5	0	616	764	149	1	2.02e-63	248
NC_011593.1:c2595355-2593832	NB551033:131:HK2T7BGX9:3:12410:6970:2416#0/1	96.622	148	5	0	1283	1430	148	1	7.26e-63	246
NC_011593.1:c2595355-2593832	NB551033:131:HK2T7BGX9:1:23201:5709:16924#0/2	96.000	150	6	0	640	789	150	1	2.61e-62	244
NC_011593.1:c2595355-2593832	NB551033:131:HK2T7BGX9:1:22309:20284:6069#0/2	96.000	150	6	0	1149	1298	1	150	2.61e-62	244
NC_011593.1:c2595355-2593832	NB551033:131:HK2T7BGX9:4:13406:3835:9369#0/1	96.000	150	6	0	283	432	150	1	2.61e-62	244
NC_011593.1:c2595355-2593832	NB551033:131:HK2T7BGX9:2:13111:8237:1478#0/1	96.000	150	6	0	768	917	1	150	2.61e-62	244
NC_011593.1:c2595355-2593832	NB551033:131:HK2T7BGX9:3:12604:8743:6538#0/2	97.810	137	3	0	1334	1470	149	13	4.37e-60	237
NC_011593.1:c2595355-2593832	NB551033:131:HK2T7BGX9:3:22511:13591:15857#0/2	97.037	135	4	0	1274	1408	135	1	2.63e-57	228
NC_011593.1:c2595355-2593832	NB551033:131:HK2T7BGX9:1:22309:20284:6069#0/1	97.037	135	4	0	1274	1408	135	1	2.63e-57	228
NC_011593.1:c2595355-2593832	NB551033:131:HK2T7BGX9:2:23105:6093:16632#0/2	96.850	127	4	0	165	291	1	127	7.36e-53	213
NC_011593.1:c2595355-2593832	NB551033:131:HK2T7BGX9:2:23105:6093:16632#0/1	96.850	127	4	0	165	291	127	1	7.36e-53	213
NC_011593.1:c2595355-2593832	NB551033:131:HK2T7BGX9:2:22301:18030:9671#0/2	99.130	115	1	0	1021	1135	115	1	3.42e-51	207
NC_011593.1:c2595355-2593832	NB551033:131:HK2T7BGX9:2:22301:18030:9671#0/1	99.130	115	1	0	1021	1135	1	115	3.42e-51	207
NC_011593.1:c2595355-2593832	NB551033:131:HK2T7BGX9:1:22211:5518:18431#0/2	100.000	109	0	0	540	648	1	109	1.59e-49	202
NC_011593.1:c2595355-2593832	NB551033:131:HK2T7BGX9:1:22211:5518:18431#0/1	100.000	109	0	0	540	648	109	1	1.59e-49	202
NC_011593.1:c2595355-2593832	NB551033:131:HK2T7BGX9:3:22602:24481:19432#0/1	97.321	112	3	0	1359	1470	150	39	3.45e-46	191
NC_011593.1:c2595355-2593832	NB551033:131:HK2T7BGX9:2:22301:20107:6102#0/2	98.095	105	2	0	1284	1388	1	105	5.77e-44	183
NC_011593.1:c2595355-2593832	NB551033:131:HK2T7BGX9:2:22301:20107:6102#0/1	98.095	105	2	0	1284	1388	105	1	5.77e-44	183
NC_011593.1:c2595355-2593832	NB551033:131:HK2T7BGX9:2:11112:4622:16094#0/2	99.010	101	1	0	971	1071	101	1	2.08e-43	182
NC_011593.1:c2595355-2593832	NB551033:131:HK2T7BGX9:2:11112:4622:16094#0/1	99.000	100	1	0	971	1070	1	100	7.46e-43	180
NC_011593.1:c2595355-2593832	NB551033:131:HK2T7BGX9:3:22602:24481:19432#0/2	96.262	107	4	0	1325	1431	1	107	9.66e-42	176
NC_011593.1:c2595355-2593832	NB551033:131:HK2T7BGX9:2:23306:16914:19460#0/2	98.936	94	1	0	429	522	1	94	1.62e-39	169
NC_011593.1:c2595355-2593832	NB551033:131:HK2T7BGX9:2:23306:16914:19460#0/1	98.936	94	1	0	429	522	94	1	1.62e-39	169
NC_011593.1:c2595355-2593832	NB551033:131:HK2T7BGX9:1:12304:4338:3127#0/2	96.939	98	3	0	1373	1470	1	98	2.09e-38	165
# BLASTN 2.9.0+
# Query: NC_011593.1:c2597106-2595574 Bifidobacterium longum subsp. infantis ATCC 15697, complete genome
# Database: db/blast_C0723-3F-1A_S59.faa
# Fields: query acc.ver, subject acc.ver, % identity, alignment length, mismatches, gap opens, q. start, q. end, s. start, s. end, evalue, bit score
# 7 hits found
NC_011593.1:c2597106-2595574	NB551033:131:HK2T7BGX9:4:12512:12419:7268#0/1	95.935	123	5	0	1	123	19	141	5.76e-49	200
NC_011593.1:c2597106-2595574	NB551033:131:HK2T7BGX9:2:13312:21045:10438#0/2	95.098	102	5	0	1	102	6	107	2.72e-37	161
NC_011593.1:c2597106-2595574	NB551033:131:HK2T7BGX9:3:12411:8246:4864#0/1	95.098	102	5	0	1	102	27	128	2.72e-37	161
NC_011593.1:c2597106-2595574	NB551033:131:HK2T7BGX9:2:13312:21045:10438#0/1	95.098	102	5	0	1	102	102	1	2.72e-37	161
NC_011593.1:c2597106-2595574	NB551033:131:HK2T7BGX9:2:23306:16914:19460#0/2	96.703	91	3	0	429	519	1	91	1.64e-34	152
NC_011593.1:c2597106-2595574	NB551033:131:HK2T7BGX9:2:23306:16914:19460#0/1	95.745	94	4	0	429	522	94	1	1.64e-34	152
NC_011593.1:c2597106-2595574	NB551033:131:HK2T7BGX9:1:23103:17768:10989#0/1	100.000	60	0	0	1	60	60	1	2.78e-22	111
# BLASTN 2.9.0+
# Query: NC_011593.1:c2598562-2597207 Bifidobacterium longum subsp. infantis ATCC 15697, complete genome
# Database: db/blast_C0723-3F-1A_S59.faa
# Fields: query acc.ver, subject acc.ver, % identity, alignment length, mismatches, gap opens, q. start, q. end, s. start, s. end, evalue, bit score
# 24 hits found
NC_011593.1:c2598562-2597207	NB551033:131:HK2T7BGX9:4:22411:22478:9399#0/1	100.000	151	0	0	1078	1228	151	1	6.35e-73	279
NC_011593.1:c2598562-2597207	NB551033:131:HK2T7BGX9:4:22411:22478:9399#0/2	100.000	150	0	0	1068	1217	1	150	2.28e-72	278
NC_011593.1:c2598562-2597207	NB551033:131:HK2T7BGX9:2:12308:23609:10986#0/2	100.000	150	0	0	1128	1277	1	150	2.28e-72	278
NC_011593.1:c2598562-2597207	NB551033:131:HK2T7BGX9:2:12308:23609:10986#0/1	100.000	150	0	0	1188	1337	150	1	2.28e-72	278
NC_011593.1:c2598562-2597207	NB551033:131:HK2T7BGX9:4:11605:14218:12364#0/1	100.000	144	0	0	1101	1244	1	144	4.94e-69	267
NC_011593.1:c2598562-2597207	NB551033:131:HK2T7BGX9:2:12208:13582:2919#0/1	100.000	141	0	0	1216	1356	1	141	2.30e-67	261
NC_011593.1:c2598562-2597207	NB551033:131:HK2T7BGX9:4:11605:14218:12364#0/2	100.000	127	0	0	1143	1269	127	1	1.39e-59	235
NC_011593.1:c2598562-2597207	NB551033:131:HK2T7BGX9:2:22301:18168:11060#0/1	100.000	126	0	0	1231	1356	1	126	5.01e-59	233
NC_011593.1:c2598562-2597207	NB551033:131:HK2T7BGX9:3:11503:13714:6412#0/2	100.000	125	0	0	1136	1260	1	125	1.80e-58	231
NC_011593.1:c2598562-2597207	NB551033:131:HK2T7BGX9:4:23609:22861:7224#0/1	100.000	113	0	0	1111	1223	1	113	8.45e-52	209
NC_011593.1:c2598562-2597207	NB551033:131:HK2T7BGX9:4:23609:22861:7224#0/2	100.000	112	0	0	1112	1223	112	1	3.04e-51	207
NC_011593.1:c2598562-2597207	NB551033:131:HK2T7BGX9:3:11503:13714:6412#0/1	100.000	112	0	0	1149	1260	112	1	3.04e-51	207
NC_011593.1:c2598562-2597207	NB551033:131:HK2T7BGX9:3:21508:11936:5494#0/2	100.000	106	0	0	1251	1356	1	106	6.58e-48	196
NC_011593.1:c2598562-2597207	NB551033:131:HK2T7BGX9:2:11104:21375:11907#0/2	100.000	99	0	0	1231	1329	1	99	5.12e-44	183
NC_011593.1:c2598562-2597207	NB551033:131:HK2T7BGX9:2:11104:21375:11907#0/1	100.000	99	0	0	1231	1329	99	1	5.12e-44	183
NC_011593.1:c2598562-2597207	NB551033:131:HK2T7BGX9:2:22304:17013:10608#0/1	100.000	98	0	0	1259	1356	1	98	1.84e-43	182
NC_011593.1:c2598562-2597207	NB551033:131:HK2T7BGX9:2:22307:17741:12140#0/2	100.000	95	0	0	1262	1356	1	95	8.57e-42	176
NC_011593.1:c2598562-2597207	NB551033:131:HK2T7BGX9:2:13109:22655:3796#0/2	100.000	82	0	0	1275	1356	1	82	1.44e-34	152
NC_011593.1:c2598562-2597207	NB551033:131:HK2T7BGX9:2:13109:22655:3796#0/1	100.000	82	0	0	1275	1356	144	63	1.44e-34	152
NC_011593.1:c2598562-2597207	NB551033:131:HK2T7BGX9:2:22307:17741:12140#0/1	100.000	77	0	0	1280	1356	151	75	8.69e-32	143
NC_011593.1:c2598562-2597207	NB551033:131:HK2T7BGX9:4:12411:4013:18081#0/1	100.000	66	0	0	1291	1356	1	66	1.13e-25	122
NC_011593.1:c2598562-2597207	NB551033:131:HK2T7BGX9:2:11305:26660:6550#0/2	100.000	36	0	0	1321	1356	1	36	5.38e-09	67.6
NC_011593.1:c2598562-2597207	NB551033:131:HK2T7BGX9:2:11304:1114:6545#0/2	100.000	36	0	0	1321	1356	1	36	5.38e-09	67.6
NC_011593.1:c2598562-2597207	NB551033:131:HK2T7BGX9:1:21307:23967:20204#0/2	100.000	36	0	0	1321	1356	1	36	5.38e-09	67.6
# BLASTN 2.9.0+
# Query: NC_011593.1:2598858-2601929 Bifidobacterium longum subsp. infantis ATCC 15697, complete genome
# Database: db/blast_C0723-3F-1A_S59.faa
# Fields: query acc.ver, subject acc.ver, % identity, alignment length, mismatches, gap opens, q. start, q. end, s. start, s. end, evalue, bit score
# 160 hits found
NC_011593.1:2598858-2601929	NB551033:131:HK2T7BGX9:4:12610:7701:7630#0/2	100.000	151	0	0	364	514	151	1	1.44e-72	279
NC_011593.1:2598858-2601929	NB551033:131:HK2T7BGX9:3:13602:12266:8747#0/1	100.000	151	0	0	2387	2537	151	1	1.44e-72	279
NC_011593.1:2598858-2601929	NB551033:131:HK2T7BGX9:2:23210:17997:18667#0/2	100.000	150	0	0	1961	2110	1	150	5.19e-72	278
NC_011593.1:2598858-2601929	NB551033:131:HK2T7BGX9:1:12304:16387:3560#0/2	100.000	150	0	0	1619	1768	150	1	5.19e-72	278
NC_011593.1:2598858-2601929	NB551033:131:HK2T7BGX9:2:23210:17997:18667#0/1	100.000	150	0	0	1965	2114	150	1	5.19e-72	278
NC_011593.1:2598858-2601929	NB551033:131:HK2T7BGX9:2:23105:15783:15510#0/1	100.000	150	0	0	1914	2063	1	150	5.19e-72	278
NC_011593.1:2598858-2601929	NB551033:131:HK2T7BGX9:1:23301:4708:5632#0/1	100.000	150	0	0	1731	1880	1	150	5.19e-72	278
NC_011593.1:2598858-2601929	NB551033:131:HK2T7BGX9:1:11103:18762:6983#0/1	100.000	150	0	0	1189	1338	150	1	5.19e-72	278
NC_011593.1:2598858-2601929	NB551033:131:HK2T7BGX9:2:23105:15783:15510#0/2	100.000	149	0	0	1978	2126	149	1	1.87e-71	276
NC_011593.1:2598858-2601929	NB551033:131:HK2T7BGX9:4:22609:3304:12344#0/2	99.338	151	1	0	292	442	1	151	6.71e-71	274
NC_011593.1:2598858-2601929	NB551033:131:HK2T7BGX9:4:11501:7290:11362#0/2	99.338	151	1	0	1751	1901	151	1	6.71e-71	274
NC_011593.1:2598858-2601929	NB551033:131:HK2T7BGX9:3:12607:15020:14276#0/2	99.338	151	1	0	2219	2369	151	1	6.71e-71	274
NC_011593.1:2598858-2601929	NB551033:131:HK2T7BGX9:2:13101:14130:17439#0/2	99.338	151	1	0	1860	2010	1	151	6.71e-71	274
NC_011593.1:2598858-2601929	NB551033:131:HK2T7BGX9:1:23303:7699:18016#0/2	99.338	151	1	0	1030	1180	151	1	6.71e-71	274
NC_011593.1:2598858-2601929	NB551033:131:HK2T7BGX9:1:11105:2511:5581#0/2	99.338	151	1	0	1767	1917	151	1	6.71e-71	274
NC_011593.1:2598858-2601929	NB551033:131:HK2T7BGX9:1:11103:18762:6983#0/2	99.338	151	1	0	1121	1271	1	151	6.71e-71	274
NC_011593.1:2598858-2601929	NB551033:131:HK2T7BGX9:4:22609:3304:12344#0/1	99.338	151	1	0	330	480	151	1	6.71e-71	274
NC_011593.1:2598858-2601929	NB551033:131:HK2T7BGX9:1:11105:2511:5581#0/1	99.338	151	1	0	1760	1910	1	151	6.71e-71	274
NC_011593.1:2598858-2601929	NB551033:131:HK2T7BGX9:4:21402:13139:15490#0/2	99.333	150	1	0	2218	2367	1	150	2.41e-70	272
NC_011593.1:2598858-2601929	NB551033:131:HK2T7BGX9:3:23402:8012:13670#0/2	99.333	150	1	0	252	401	150	1	2.41e-70	272
NC_011593.1:2598858-2601929	NB551033:131:HK2T7BGX9:3:21505:1072:16068#0/2	99.333	150	1	0	376	525	1	150	2.41e-70	272
NC_011593.1:2598858-2601929	NB551033:131:HK2T7BGX9:3:21504:26554:16063#0/2	99.333	150	1	0	376	525	1	150	2.41e-70	272
NC_011593.1:2598858-2601929	NB551033:131:HK2T7BGX9:1:21206:8814:12024#0/2	99.333	150	1	0	2210	2359	150	1	2.41e-70	272
NC_011593.1:2598858-2601929	NB551033:131:HK2T7BGX9:3:23402:8012:13670#0/1	99.333	150	1	0	229	378	1	150	2.41e-70	272
NC_011593.1:2598858-2601929	NB551033:131:HK2T7BGX9:3:12512:3360:8162#0/1	99.333	150	1	0	1843	1992	1	150	2.41e-70	272
NC_011593.1:2598858-2601929	NB551033:131:HK2T7BGX9:2:21303:11195:14265#0/1	99.333	150	1	0	2218	2367	1	150	2.41e-70	272
NC_011593.1:2598858-2601929	NB551033:131:HK2T7BGX9:2:13101:14130:17439#0/1	99.333	150	1	0	1983	2132	150	1	2.41e-70	272
NC_011593.1:2598858-2601929	NB551033:131:HK2T7BGX9:2:11305:17974:6012#0/1	99.333	150	1	0	2433	2582	150	1	2.41e-70	272
NC_011593.1:2598858-2601929	NB551033:131:HK2T7BGX9:1:21206:8814:12024#0/1	99.333	150	1	0	2197	2346	1	150	2.41e-70	272
NC_011593.1:2598858-2601929	NB551033:131:HK2T7BGX9:1:12209:17062:12988#0/1	99.333	150	1	0	2753	2902	1	150	2.41e-70	272
NC_011593.1:2598858-2601929	NB551033:131:HK2T7BGX9:3:12512:3360:8162#0/2	99.329	149	1	0	2007	2155	149	1	8.68e-70	270
NC_011593.1:2598858-2601929	NB551033:131:HK2T7BGX9:2:11305:17974:6012#0/2	99.329	149	1	0	2389	2537	2	150	8.68e-70	270
NC_011593.1:2598858-2601929	NB551033:131:HK2T7BGX9:4:21605:11453:4273#0/1	100.000	146	0	0	2392	2537	146	1	8.68e-70	270
NC_011593.1:2598858-2601929	NB551033:131:HK2T7BGX9:2:13302:9309:5460#0/2	98.675	151	2	0	657	807	151	1	3.12e-69	268
NC_011593.1:2598858-2601929	NB551033:131:HK2T7BGX9:1:21102:13309:12120#0/2	98.675	151	2	0	1481	1631	151	1	3.12e-69	268
NC_011593.1:2598858-2601929	NB551033:131:HK2T7BGX9:1:12307:1131:2935#0/2	98.675	151	2	0	2825	2975	1	151	3.12e-69	268
NC_011593.1:2598858-2601929	NB551033:131:HK2T7BGX9:3:22504:13699:13049#0/1	98.675	151	2	0	976	1126	1	151	3.12e-69	268
NC_011593.1:2598858-2601929	NB551033:131:HK2T7BGX9:2:22202:7781:10657#0/1	98.675	151	2	0	2473	2623	1	151	3.12e-69	268
NC_011593.1:2598858-2601929	NB551033:131:HK2T7BGX9:1:12304:16387:3560#0/1	98.675	151	2	0	1499	1649	1	151	3.12e-69	268
NC_011593.1:2598858-2601929	NB551033:131:HK2T7BGX9:4:21611:24363:8936#0/2	98.667	150	2	0	2295	2444	1	150	1.12e-68	267
NC_011593.1:2598858-2601929	NB551033:131:HK2T7BGX9:3:13602:12266:8747#0/2	98.667	150	2	0	2279	2428	1	150	1.12e-68	267
NC_011593.1:2598858-2601929	NB551033:131:HK2T7BGX9:1:12209:17062:12988#0/2	98.667	150	2	0	2784	2933	150	1	1.12e-68	267
NC_011593.1:2598858-2601929	NB551033:131:HK2T7BGX9:4:21611:24363:8936#0/1	98.667	150	2	0	2320	2469	150	1	1.12e-68	267
NC_011593.1:2598858-2601929	NB551033:131:HK2T7BGX9:4:11501:7290:11362#0/1	98.667	150	2	0	1522	1671	1	150	1.12e-68	267
NC_011593.1:2598858-2601929	NB551033:131:HK2T7BGX9:3:13412:5762:16575#0/1	98.667	150	2	0	1842	1991	1	150	1.12e-68	267
NC_011593.1:2598858-2601929	NB551033:131:HK2T7BGX9:2:23103:25259:6136#0/1	98.667	150	2	0	1364	1513	150	1	1.12e-68	267
NC_011593.1:2598858-2601929	NB551033:131:HK2T7BGX9:2:12107:19740:12774#0/2	98.658	149	2	0	2483	2631	1	149	4.04e-68	265
NC_011593.1:2598858-2601929	NB551033:131:HK2T7BGX9:4:22510:23849:11860#0/2	98.013	151	3	0	2544	2694	151	1	1.45e-67	263
NC_011593.1:2598858-2601929	NB551033:131:HK2T7BGX9:4:23504:9976:19292#0/1	98.013	151	3	0	2015	2165	1	151	1.45e-67	263
NC_011593.1:2598858-2601929	NB551033:131:HK2T7BGX9:4:11411:6234:20054#0/1	98.013	151	3	0	1437	1587	1	151	1.45e-67	263
NC_011593.1:2598858-2601929	NB551033:131:HK2T7BGX9:1:21112:23444:11726#0/1	99.310	145	1	0	115	259	1	145	1.45e-67	263
NC_011593.1:2598858-2601929	NB551033:131:HK2T7BGX9:4:23504:9976:19292#0/2	98.000	150	3	0	2070	2219	150	1	5.22e-67	261
NC_011593.1:2598858-2601929	NB551033:131:HK2T7BGX9:4:11411:6234:20054#0/2	98.639	147	2	0	1480	1626	147	1	5.22e-67	261
NC_011593.1:2598858-2601929	NB551033:131:HK2T7BGX9:2:23103:25259:6136#0/2	98.000	150	3	0	1146	1295	1	150	5.22e-67	261
NC_011593.1:2598858-2601929	NB551033:131:HK2T7BGX9:2:22202:7781:10657#0/2	98.000	150	3	0	2545	2694	150	1	5.22e-67	261
NC_011593.1:2598858-2601929	NB551033:131:HK2T7BGX9:1:12308:26679:2939#0/2	98.000	150	3	0	2825	2974	1	150	5.22e-67	261
NC_011593.1:2598858-2601929	NB551033:131:HK2T7BGX9:4:22510:23849:11860#0/1	98.000	150	3	0	2333	2482	1	150	5.22e-67	261
NC_011593.1:2598858-2601929	NB551033:131:HK2T7BGX9:4:21402:13139:15490#0/1	98.000	150	3	0	2255	2404	150	1	5.22e-67	261
NC_011593.1:2598858-2601929	NB551033:131:HK2T7BGX9:3:12607:15020:14276#0/1	98.000	150	3	0	2017	2166	1	150	5.22e-67	261
NC_011593.1:2598858-2601929	NB551033:131:HK2T7BGX9:2:12212:25101:18878#0/1	98.639	147	2	0	2745	2891	147	1	5.22e-67	261
NC_011593.1:2598858-2601929	NB551033:131:HK2T7BGX9:1:21102:13309:12120#0/1	98.000	150	3	0	1469	1618	1	150	5.22e-67	261
NC_011593.1:2598858-2601929	NB551033:131:HK2T7BGX9:2:12107:19740:12774#0/1	97.987	149	3	0	2683	2831	149	1	1.88e-66	259
NC_011593.1:2598858-2601929	NB551033:131:HK2T7BGX9:1:12308:26679:2939#0/1	97.973	148	3	0	2925	3072	150	3	6.76e-66	257
NC_011593.1:2598858-2601929	NB551033:131:HK2T7BGX9:4:22509:12966:4535#0/2	100.000	138	0	0	1163	1300	138	1	2.43e-65	255
NC_011593.1:2598858-2601929	NB551033:131:HK2T7BGX9:4:21605:11453:4273#0/2	97.333	150	4	0	2295	2444	1	150	2.43e-65	255
NC_011593.1:2598858-2601929	NB551033:131:HK2T7BGX9:4:13402:14979:9298#0/2	97.333	150	4	0	2348	2497	150	1	2.43e-65	255
NC_011593.1:2598858-2601929	NB551033:131:HK2T7BGX9:3:13412:5762:16575#0/2	97.333	150	4	0	2015	2164	150	1	2.43e-65	255
NC_011593.1:2598858-2601929	NB551033:131:HK2T7BGX9:2:21303:11195:14265#0/2	97.333	150	4	0	2293	2442	150	1	2.43e-65	255
NC_011593.1:2598858-2601929	NB551033:131:HK2T7BGX9:4:22509:12966:4535#0/1	100.000	138	0	0	1163	1300	1	138	2.43e-65	255
NC_011593.1:2598858-2601929	NB551033:131:HK2T7BGX9:3:21612:8995:9952#0/1	97.333	150	4	0	785	934	150	1	2.43e-65	255
NC_011593.1:2598858-2601929	NB551033:131:HK2T7BGX9:1:11312:9019:2990#0/1	97.959	147	3	0	646	792	1	147	2.43e-65	255
NC_011593.1:2598858-2601929	NB551033:131:HK2T7BGX9:4:13402:14979:9298#0/1	96.689	151	5	0	2263	2413	1	151	3.14e-64	252
NC_011593.1:2598858-2601929	NB551033:131:HK2T7BGX9:3:21505:1072:16068#0/1	96.689	151	5	0	448	598	151	1	3.14e-64	252
NC_011593.1:2598858-2601929	NB551033:131:HK2T7BGX9:3:21504:26554:16063#0/1	96.689	151	5	0	448	598	151	1	3.14e-64	252
NC_011593.1:2598858-2601929	NB551033:131:HK2T7BGX9:2:11310:14075:11160#0/2	96.667	150	5	0	835	984	150	1	1.13e-63	250
NC_011593.1:2598858-2601929	NB551033:131:HK2T7BGX9:1:11312:9019:2990#0/2	96.667	150	5	0	785	934	150	1	1.13e-63	250
NC_011593.1:2598858-2601929	NB551033:131:HK2T7BGX9:2:23210:4421:19392#0/1	96.667	150	5	0	437	586	1	150	1.13e-63	250
NC_011593.1:2598858-2601929	NB551033:131:HK2T7BGX9:2:13302:9309:5460#0/1	96.667	150	5	0	437	586	1	150	1.13e-63	250
NC_011593.1:2598858-2601929	NB551033:131:HK2T7BGX9:1:23305:7572:10742#0/1	99.265	136	1	0	292	427	1	136	1.46e-62	246
NC_011593.1:2598858-2601929	NB551033:131:HK2T7BGX9:1:12307:1131:2935#0/1	96.622	148	5	0	2925	3072	150	3	1.46e-62	246
NC_011593.1:2598858-2601929	NB551033:131:HK2T7BGX9:3:22504:13699:13049#0/2	98.551	138	2	0	1009	1146	138	1	5.26e-62	244
NC_011593.1:2598858-2601929	NB551033:131:HK2T7BGX9:2:23210:4421:19392#0/2	96.000	150	6	0	496	645	150	1	5.26e-62	244
NC_011593.1:2598858-2601929	NB551033:131:HK2T7BGX9:1:23305:7572:10742#0/2	96.000	150	6	0	505	654	150	1	5.26e-62	244
NC_011593.1:2598858-2601929	NB551033:131:HK2T7BGX9:1:23301:4708:5632#0/2	97.810	137	3	0	2023	2159	138	2	8.80e-60	237
NC_011593.1:2598858-2601929	NB551033:131:HK2T7BGX9:1:21312:25159:9345#0/2	97.794	136	3	0	2883	3018	1	136	3.17e-59	235
NC_011593.1:2598858-2601929	NB551033:131:HK2T7BGX9:1:21312:25159:9345#0/1	97.794	136	3	0	2883	3018	136	1	3.17e-59	235
NC_011593.1:2598858-2601929	NB551033:131:HK2T7BGX9:3:21501:21223:18194#0/1	97.101	138	4	0	2643	2780	138	1	1.14e-58	233
NC_011593.1:2598858-2601929	NB551033:131:HK2T7BGX9:3:21501:21223:18194#0/2	97.080	137	4	0	2643	2779	1	137	4.09e-58	231
NC_011593.1:2598858-2601929	NB551033:131:HK2T7BGX9:2:13305:22956:13861#0/1	96.350	137	5	0	2638	2774	137	1	1.91e-56	226
NC_011593.1:2598858-2601929	NB551033:131:HK2T7BGX9:3:21612:8995:9952#0/2	97.656	128	3	0	734	861	1	128	8.86e-55	220
NC_011593.1:2598858-2601929	NB551033:131:HK2T7BGX9:2:13302:22151:9827#0/2	100.000	118	0	0	2404	2521	118	1	3.19e-54	219
NC_011593.1:2598858-2601929	NB551033:131:HK2T7BGX9:2:13302:22151:9827#0/1	100.000	118	0	0	2404	2521	1	118	3.19e-54	219
NC_011593.1:2598858-2601929	NB551033:131:HK2T7BGX9:3:21402:14000:10465#0/2	100.000	117	0	0	1945	2061	1	117	1.15e-53	217
NC_011593.1:2598858-2601929	NB551033:131:HK2T7BGX9:3:21402:14000:10465#0/1	100.000	117	0	0	1945	2061	117	1	1.15e-53	217
NC_011593.1:2598858-2601929	NB551033:131:HK2T7BGX9:1:23109:10019:10504#0/2	96.094	128	5	0	527	654	128	1	1.92e-51	209
NC_011593.1:2598858-2601929	NB551033:131:HK2T7BGX9:1:23109:10019:10504#0/1	96.094	128	5	0	527	654	1	128	1.92e-51	209
NC_011593.1:2598858-2601929	NB551033:131:HK2T7BGX9:1:22301:5399:12516#0/2	96.063	127	5	0	437	563	127	1	6.90e-51	207
NC_011593.1:2598858-2601929	NB551033:131:HK2T7BGX9:1:22301:5399:12516#0/1	96.063	127	5	0	437	563	1	127	6.90e-51	207
NC_011593.1:2598858-2601929	NB551033:131:HK2T7BGX9:2:12103:14807:6772#0/2	98.276	116	2	0	974	1089	116	1	8.93e-50	204
NC_011593.1:2598858-2601929	NB551033:131:HK2T7BGX9:2:12103:14807:6772#0/1	98.276	116	2	0	974	1089	1	116	8.93e-50	204
NC_011593.1:2598858-2601929	NB551033:131:HK2T7BGX9:2:21304:3606:18367#0/2	99.107	112	1	0	1945	2056	112	1	3.21e-49	202
NC_011593.1:2598858-2601929	NB551033:131:HK2T7BGX9:1:11311:11791:3163#0/2	98.261	115	2	0	2724	2838	115	1	3.21e-49	202
NC_011593.1:2598858-2601929	NB551033:131:HK2T7BGX9:2:21304:3606:18367#0/1	99.107	112	1	0	1945	2056	1	112	3.21e-49	202
NC_011593.1:2598858-2601929	NB551033:131:HK2T7BGX9:1:11311:11791:3163#0/1	98.261	115	2	0	2724	2838	1	115	3.21e-49	202
NC_011593.1:2598858-2601929	NB551033:131:HK2T7BGX9:3:13508:13621:2471#0/2	98.230	113	2	0	69	181	113	1	4.15e-48	198
NC_011593.1:2598858-2601929	NB551033:131:HK2T7BGX9:1:21112:23444:11726#0/2	99.091	110	1	0	150	259	110	1	4.15e-48	198
NC_011593.1:2598858-2601929	NB551033:131:HK2T7BGX9:3:13508:13621:2471#0/1	98.214	112	2	0	69	180	1	112	1.49e-47	196
NC_011593.1:2598858-2601929	NB551033:131:HK2T7BGX9:2:12212:25101:18878#0/2	98.198	111	2	0	2518	2628	1	111	5.37e-47	195
NC_011593.1:2598858-2601929	NB551033:131:HK2T7BGX9:2:23202:10164:2050#0/2	100.000	103	0	0	1923	2025	1	103	6.95e-46	191
NC_011593.1:2598858-2601929	NB551033:131:HK2T7BGX9:2:23202:10164:2050#0/1	100.000	103	0	0	1923	2025	103	1	6.95e-46	191
NC_011593.1:2598858-2601929	NB551033:131:HK2T7BGX9:1:23303:7699:18016#0/1	99.057	106	1	0	921	1026	1	106	6.95e-46	191
NC_011593.1:2598858-2601929	NB551033:131:HK2T7BGX9:4:12610:7701:7630#0/1	97.170	106	3	0	311	416	1	106	1.50e-42	180
NC_011593.1:2598858-2601929	NB551033:131:HK2T7BGX9:2:13305:22956:13861#0/2	96.262	107	4	0	2576	2682	1	107	1.95e-41	176
NC_011593.1:2598858-2601929	NB551033:131:HK2T7BGX9:2:21304:10430:19360#0/2	100.000	85	0	0	2413	2497	85	1	7.05e-36	158
NC_011593.1:2598858-2601929	NB551033:131:HK2T7BGX9:2:11310:14075:11160#0/1	95.000	100	5	0	765	864	1	100	7.05e-36	158
NC_011593.1:2598858-2601929	NB551033:131:HK2T7BGX9:2:21304:10430:19360#0/1	100.000	84	0	0	2413	2496	1	84	2.54e-35	156
NC_011593.1:2598858-2601929	NB551033:131:HK2T7BGX9:1:12209:18910:20129#0/2	97.674	86	2	0	1492	1577	1	86	4.24e-33	148
NC_011593.1:2598858-2601929	NB551033:131:HK2T7BGX9:1:12209:18910:20129#0/1	97.674	86	2	0	1492	1577	86	1	4.24e-33	148
NC_011593.1:2598858-2601929	NB551033:131:HK2T7BGX9:4:11408:23780:7529#0/2	98.780	82	1	0	1860	1941	82	1	1.53e-32	147
NC_011593.1:2598858-2601929	NB551033:131:HK2T7BGX9:4:11408:23780:7529#0/1	98.780	82	1	0	1860	1941	1	82	1.53e-32	147
NC_011593.1:2598858-2601929	NB551033:131:HK2T7BGX9:3:23509:10961:12583#0/2	96.429	84	3	0	11	94	84	1	2.55e-30	139
NC_011593.1:2598858-2601929	NB551033:131:HK2T7BGX9:4:22408:16328:20113#0/2	98.701	77	1	0	1	77	77	1	9.18e-30	137
NC_011593.1:2598858-2601929	NB551033:131:HK2T7BGX9:3:23407:9538:4612#0/1	96.203	79	3	0	1166	1244	84	6	1.54e-27	130
NC_011593.1:2598858-2601929	NB551033:131:HK2T7BGX9:4:11402:11338:17855#0/2	96.000	75	3	0	1186	1260	1	75	2.57e-25	122
NC_011593.1:2598858-2601929	NB551033:131:HK2T7BGX9:1:23112:16149:1649#0/2	96.000	75	3	0	1186	1260	107	33	2.57e-25	122
NC_011593.1:2598858-2601929	NB551033:131:HK2T7BGX9:4:21508:10039:4865#0/1	96.000	75	3	0	1186	1260	1	75	2.57e-25	122
NC_011593.1:2598858-2601929	NB551033:131:HK2T7BGX9:1:23112:16149:1649#0/1	96.000	75	3	0	1186	1260	1	75	2.57e-25	122
NC_011593.1:2598858-2601929	NB551033:131:HK2T7BGX9:4:11506:6174:6795#0/2	95.890	73	3	0	1188	1260	133	61	3.33e-24	119
NC_011593.1:2598858-2601929	NB551033:131:HK2T7BGX9:4:13604:18377:4969#0/2	95.775	71	3	0	1190	1260	1	71	4.30e-23	115
NC_011593.1:2598858-2601929	NB551033:131:HK2T7BGX9:3:22406:17414:2373#0/2	95.775	71	3	0	1190	1260	1	71	4.30e-23	115
NC_011593.1:2598858-2601929	NB551033:131:HK2T7BGX9:3:12410:5872:8954#0/2	95.775	71	3	0	1190	1260	1	71	4.30e-23	115
NC_011593.1:2598858-2601929	NB551033:131:HK2T7BGX9:3:11607:18284:9198#0/2	95.775	71	3	0	1190	1260	93	23	4.30e-23	115
NC_011593.1:2598858-2601929	NB551033:131:HK2T7BGX9:2:23108:20771:10688#0/2	95.775	71	3	0	1190	1260	1	71	4.30e-23	115
NC_011593.1:2598858-2601929	NB551033:131:HK2T7BGX9:1:22211:8117:6679#0/2	95.775	71	3	0	1190	1260	1	71	4.30e-23	115
NC_011593.1:2598858-2601929	NB551033:131:HK2T7BGX9:3:13605:12429:16246#0/1	95.775	71	3	0	1190	1260	1	71	4.30e-23	115
NC_011593.1:2598858-2601929	NB551033:131:HK2T7BGX9:3:11607:18284:9198#0/1	95.775	71	3	0	1190	1260	1	71	4.30e-23	115
NC_011593.1:2598858-2601929	NB551033:131:HK2T7BGX9:3:21602:15410:7815#0/1	100.000	58	0	0	1	58	58	1	7.20e-21	108
NC_011593.1:2598858-2601929	NB551033:131:HK2T7BGX9:4:21508:10039:4865#0/2	95.385	65	3	0	1196	1260	151	87	9.31e-20	104
NC_011593.1:2598858-2601929	NB551033:131:HK2T7BGX9:2:22208:4488:4832#0/2	95.385	65	3	0	1196	1260	151	87	9.31e-20	104
NC_011593.1:2598858-2601929	NB551033:131:HK2T7BGX9:1:22211:8117:6679#0/1	95.385	65	3	0	1196	1260	151	87	9.31e-20	104
NC_011593.1:2598858-2601929	NB551033:131:HK2T7BGX9:4:11511:24600:6438#0/2	95.312	64	3	0	3009	3072	87	24	3.35e-19	102
NC_011593.1:2598858-2601929	NB551033:131:HK2T7BGX9:1:23306:24663:11604#0/2	96.721	61	2	0	3012	3072	1	61	3.35e-19	102
NC_011593.1:2598858-2601929	NB551033:131:HK2T7BGX9:4:11511:24600:6438#0/1	95.312	64	3	0	3009	3072	1	64	3.35e-19	102
NC_011593.1:2598858-2601929	NB551033:131:HK2T7BGX9:3:11611:5721:8216#0/1	95.312	64	3	0	3009	3072	1	64	3.35e-19	102
NC_011593.1:2598858-2601929	NB551033:131:HK2T7BGX9:1:23306:24663:11604#0/1	96.721	61	2	0	3012	3072	95	35	3.35e-19	102
NC_011593.1:2598858-2601929	NB551033:131:HK2T7BGX9:4:22601:2181:8776#0/1	95.082	61	3	0	1200	1260	1	61	1.56e-17	97.1
NC_011593.1:2598858-2601929	NB551033:131:HK2T7BGX9:4:11506:10408:18296#0/1	96.429	56	2	0	3017	3072	1	56	2.02e-16	93.5
NC_011593.1:2598858-2601929	NB551033:131:HK2T7BGX9:3:13405:12491:16313#0/2	98.039	51	1	0	619	669	137	87	2.61e-15	89.8
NC_011593.1:2598858-2601929	NB551033:131:HK2T7BGX9:4:21509:21746:16473#0/1	98.039	51	1	0	619	669	145	95	2.61e-15	89.8
NC_011593.1:2598858-2601929	NB551033:131:HK2T7BGX9:4:13604:18563:13773#0/1	98.039	51	1	0	619	669	5	55	2.61e-15	89.8
NC_011593.1:2598858-2601929	NB551033:131:HK2T7BGX9:2:13307:17957:4937#0/1	98.000	50	1	0	620	669	150	101	9.38e-15	87.9
NC_011593.1:2598858-2601929	NB551033:131:HK2T7BGX9:3:12607:19606:7626#0/2	97.917	48	1	0	622	669	92	45	1.21e-13	84.2
NC_011593.1:2598858-2601929	NB551033:131:HK2T7BGX9:2:11111:25994:9280#0/2	97.917	48	1	0	622	669	102	55	1.21e-13	84.2
NC_011593.1:2598858-2601929	NB551033:131:HK2T7BGX9:3:12607:19606:7626#0/1	97.917	48	1	0	622	669	1	48	1.21e-13	84.2
NC_011593.1:2598858-2601929	NB551033:131:HK2T7BGX9:2:11111:25994:9280#0/1	97.917	48	1	0	622	669	1	48	1.21e-13	84.2
NC_011593.1:2598858-2601929	NB551033:131:HK2T7BGX9:1:21212:8127:5454#0/1	97.674	43	1	0	627	669	1	43	7.30e-11	75.0
NC_011593.1:2598858-2601929	NB551033:131:HK2T7BGX9:1:21212:8127:5454#0/2	97.619	42	1	0	628	669	106	65	2.63e-10	73.1
NC_011593.1:2598858-2601929	NB551033:131:HK2T7BGX9:3:23506:20596:2750#0/2	97.500	40	1	0	630	669	151	112	3.40e-09	69.4
NC_011593.1:2598858-2601929	NB551033:131:HK2T7BGX9:2:22211:12118:5551#0/2	97.500	40	1	0	630	669	119	80	3.40e-09	69.4
NC_011593.1:2598858-2601929	NB551033:131:HK2T7BGX9:2:22211:12118:5551#0/1	97.500	40	1	0	630	669	1	40	3.40e-09	69.4
# BLASTN 2.9.0+
# Query: NC_011593.1:c2604454-2602106 Bifidobacterium longum subsp. infantis ATCC 15697, complete genome
# Database: db/blast_C0723-3F-1A_S59.faa
# Fields: query acc.ver, subject acc.ver, % identity, alignment length, mismatches, gap opens, q. start, q. end, s. start, s. end, evalue, bit score
# 1 hits found
NC_011593.1:c2604454-2602106	NB551033:131:HK2T7BGX9:4:21504:24995:1355#0/2	95.890	73	3	0	1862	1934	1	73	2.54e-24	119
# BLASTN 2.9.0+
# Query: NC_011593.1:c2605922-2604486 Bifidobacterium longum subsp. infantis ATCC 15697, complete genome
# Database: db/blast_C0723-3F-1A_S59.faa
# 0 hits found
# BLASTN 2.9.0+
# Query: NC_011593.1:c2606381-2605944 Bifidobacterium longum subsp. infantis ATCC 15697, complete genome
# Database: db/blast_C0723-3F-1A_S59.faa
# 0 hits found
# BLASTN 2.9.0+
# Query: NC_011593.1:c2607314-2606418 Bifidobacterium longum subsp. infantis ATCC 15697, complete genome
# Database: db/blast_C0723-3F-1A_S59.faa
# Fields: query acc.ver, subject acc.ver, % identity, alignment length, mismatches, gap opens, q. start, q. end, s. start, s. end, evalue, bit score
# 1 hits found
NC_011593.1:c2607314-2606418	NB551033:131:HK2T7BGX9:1:22112:3140:19393#0/1	95.699	93	4	0	736	828	3	95	3.40e-34	150
# BLASTN 2.9.0+
# Query: NC_011593.1:c2608249-2607458 Bifidobacterium longum subsp. infantis ATCC 15697, complete genome
# Database: db/blast_C0723-3F-1A_S59.faa
# Fields: query acc.ver, subject acc.ver, % identity, alignment length, mismatches, gap opens, q. start, q. end, s. start, s. end, evalue, bit score
# 40 hits found
NC_011593.1:c2608249-2607458	NB551033:131:HK2T7BGX9:3:23504:8897:16610#0/2	96.000	150	6	0	390	539	150	1	1.33e-62	244
NC_011593.1:c2608249-2607458	NB551033:131:HK2T7BGX9:3:23404:16306:19603#0/1	96.000	150	6	0	315	464	1	150	1.33e-62	244
NC_011593.1:c2608249-2607458	NB551033:131:HK2T7BGX9:2:23109:16149:3568#0/1	96.000	150	6	0	391	540	150	1	1.33e-62	244
NC_011593.1:c2608249-2607458	NB551033:131:HK2T7BGX9:2:22208:10573:16377#0/1	96.000	150	6	0	391	540	150	1	1.33e-62	244
NC_011593.1:c2608249-2607458	NB551033:131:HK2T7BGX9:3:23502:22605:16362#0/2	95.946	148	6	0	320	467	1	148	1.72e-61	241
NC_011593.1:c2608249-2607458	NB551033:131:HK2T7BGX9:1:22303:20509:9046#0/2	95.364	151	7	0	372	522	151	1	1.72e-61	241
NC_011593.1:c2608249-2607458	NB551033:131:HK2T7BGX9:4:11512:4449:3016#0/1	95.364	151	7	0	387	537	1	151	1.72e-61	241
NC_011593.1:c2608249-2607458	NB551033:131:HK2T7BGX9:1:21212:25379:15442#0/2	95.918	147	6	0	321	467	1	147	6.20e-61	239
NC_011593.1:c2608249-2607458	NB551033:131:HK2T7BGX9:4:11605:10496:13592#0/1	95.333	150	7	0	313	462	150	1	6.20e-61	239
NC_011593.1:c2608249-2607458	NB551033:131:HK2T7BGX9:3:23504:8897:16610#0/1	95.333	150	7	0	375	524	1	150	6.20e-61	239
NC_011593.1:c2608249-2607458	NB551033:131:HK2T7BGX9:3:13402:21109:17785#0/2	95.302	149	7	0	343	491	1	149	2.23e-60	237
NC_011593.1:c2608249-2607458	NB551033:131:HK2T7BGX9:1:23306:24817:19643#0/2	95.302	149	7	0	381	529	149	1	2.23e-60	237
NC_011593.1:c2608249-2607458	NB551033:131:HK2T7BGX9:1:23306:23305:18910#0/2	95.302	149	7	0	404	552	1	149	2.23e-60	237
NC_011593.1:c2608249-2607458	NB551033:131:HK2T7BGX9:1:23306:24817:19643#0/1	95.302	149	7	0	375	523	1	149	2.23e-60	237
NC_011593.1:c2608249-2607458	NB551033:131:HK2T7BGX9:1:21111:14027:12896#0/1	95.302	149	7	0	343	491	1	149	2.23e-60	237
NC_011593.1:c2608249-2607458	NB551033:131:HK2T7BGX9:2:22208:10573:16377#0/2	95.270	148	7	0	310	457	3	150	8.02e-60	235
NC_011593.1:c2608249-2607458	NB551033:131:HK2T7BGX9:2:23104:18762:16643#0/1	95.270	148	7	0	335	482	2	149	8.02e-60	235
NC_011593.1:c2608249-2607458	NB551033:131:HK2T7BGX9:3:23404:16306:19603#0/2	95.205	146	7	0	358	503	147	2	1.04e-58	231
NC_011593.1:c2608249-2607458	NB551033:131:HK2T7BGX9:3:22607:16077:16246#0/2	95.205	146	7	0	358	503	3	148	1.04e-58	231
NC_011593.1:c2608249-2607458	NB551033:131:HK2T7BGX9:1:12109:23154:17363#0/1	95.205	146	7	0	358	503	3	148	1.04e-58	231
NC_011593.1:c2608249-2607458	NB551033:131:HK2T7BGX9:1:21111:14027:12896#0/2	95.172	145	7	0	401	545	145	1	3.73e-58	230
NC_011593.1:c2608249-2607458	NB551033:131:HK2T7BGX9:2:22206:26779:6384#0/2	95.522	134	6	0	409	542	1	134	1.04e-53	215
NC_011593.1:c2608249-2607458	NB551033:131:HK2T7BGX9:2:22205:1298:6390#0/2	95.522	134	6	0	409	542	1	134	1.04e-53	215
NC_011593.1:c2608249-2607458	NB551033:131:HK2T7BGX9:1:23303:25170:11705#0/2	95.349	129	6	0	322	450	129	1	6.29e-51	206
NC_011593.1:c2608249-2607458	NB551033:131:HK2T7BGX9:4:12508:14703:4448#0/2	97.959	98	2	0	358	455	3	100	2.29e-40	171
NC_011593.1:c2608249-2607458	NB551033:131:HK2T7BGX9:4:12508:14703:4448#0/1	97.959	98	2	0	358	455	98	1	2.29e-40	171
NC_011593.1:c2608249-2607458	NB551033:131:HK2T7BGX9:1:22202:5303:9473#0/2	96.809	94	3	0	398	491	1	94	1.78e-36	158
NC_011593.1:c2608249-2607458	NB551033:131:HK2T7BGX9:1:22202:5303:9473#0/1	96.809	94	3	0	398	491	95	2	1.78e-36	158
NC_011593.1:c2608249-2607458	NB551033:131:HK2T7BGX9:4:22506:15268:9913#0/2	97.333	75	2	0	367	441	1	75	1.40e-27	128
NC_011593.1:c2608249-2607458	NB551033:131:HK2T7BGX9:4:22506:15268:9913#0/1	98.611	72	1	0	370	441	72	1	1.40e-27	128
NC_011593.1:c2608249-2607458	NB551033:131:HK2T7BGX9:4:23511:25712:5430#0/1	95.946	74	3	0	703	776	77	4	2.34e-25	121
NC_011593.1:c2608249-2607458	NB551033:131:HK2T7BGX9:2:23210:22496:11059#0/2	95.652	69	3	0	724	792	1	69	1.41e-22	111
NC_011593.1:c2608249-2607458	NB551033:131:HK2T7BGX9:1:11310:7936:20222#0/2	95.652	69	3	0	724	792	148	80	1.41e-22	111
NC_011593.1:c2608249-2607458	NB551033:131:HK2T7BGX9:2:23210:22496:11059#0/1	95.652	69	3	0	724	792	123	55	1.41e-22	111
NC_011593.1:c2608249-2607458	NB551033:131:HK2T7BGX9:2:22106:19949:15898#0/2	95.385	65	3	0	1	65	65	1	2.36e-20	104
NC_011593.1:c2608249-2607458	NB551033:131:HK2T7BGX9:4:23408:22277:18281#0/1	95.161	62	3	0	731	792	151	90	1.10e-18	99.0
NC_011593.1:c2608249-2607458	NB551033:131:HK2T7BGX9:4:12402:9369:19534#0/1	95.161	62	3	0	731	792	1	62	1.10e-18	99.0
NC_011593.1:c2608249-2607458	NB551033:131:HK2T7BGX9:3:11510:17111:16424#0/1	95.161	62	3	0	731	792	1	62	1.10e-18	99.0
NC_011593.1:c2608249-2607458	NB551033:131:HK2T7BGX9:2:21112:16980:18500#0/1	95.161	62	3	0	731	792	1	62	1.10e-18	99.0
NC_011593.1:c2608249-2607458	NB551033:131:HK2T7BGX9:2:13107:15321:17660#0/1	95.161	62	3	0	731	792	1	62	1.10e-18	99.0
# BLASTN 2.9.0+
# Query: NC_011593.1:c2609546-2608269 Bifidobacterium longum subsp. infantis ATCC 15697, complete genome
# Database: db/blast_C0723-3F-1A_S59.faa
# Fields: query acc.ver, subject acc.ver, % identity, alignment length, mismatches, gap opens, q. start, q. end, s. start, s. end, evalue, bit score
# 122 hits found
NC_011593.1:c2609546-2608269	NB551033:131:HK2T7BGX9:4:13401:21167:4850#0/2	96.689	151	5	0	1123	1273	1	151	1.30e-64	252
NC_011593.1:c2609546-2608269	NB551033:131:HK2T7BGX9:2:23102:1778:8068#0/2	96.689	151	5	0	904	1054	1	151	1.30e-64	252
NC_011593.1:c2609546-2608269	NB551033:131:HK2T7BGX9:2:13202:24508:7721#0/2	96.689	151	5	0	1123	1273	1	151	1.30e-64	252
NC_011593.1:c2609546-2608269	NB551033:131:HK2T7BGX9:1:13311:20879:3777#0/2	96.689	151	5	0	904	1054	1	151	1.30e-64	252
NC_011593.1:c2609546-2608269	NB551033:131:HK2T7BGX9:4:23506:3494:4413#0/1	96.689	151	5	0	904	1054	1	151	1.30e-64	252
NC_011593.1:c2609546-2608269	NB551033:131:HK2T7BGX9:2:12311:3326:4457#0/1	96.689	151	5	0	1121	1271	1	151	1.30e-64	252
NC_011593.1:c2609546-2608269	NB551033:131:HK2T7BGX9:1:13206:15459:16062#0/1	96.689	151	5	0	904	1054	1	151	1.30e-64	252
NC_011593.1:c2609546-2608269	NB551033:131:HK2T7BGX9:1:11207:4759:17571#0/1	96.689	151	5	0	1123	1273	1	151	1.30e-64	252
NC_011593.1:c2609546-2608269	NB551033:131:HK2T7BGX9:3:22602:14665:12940#0/2	96.667	150	5	0	1126	1275	150	1	4.69e-64	250
NC_011593.1:c2609546-2608269	NB551033:131:HK2T7BGX9:4:21608:25055:4165#0/1	96.667	150	5	0	1126	1275	150	1	4.69e-64	250
NC_011593.1:c2609546-2608269	NB551033:131:HK2T7BGX9:1:23211:9359:3517#0/1	96.667	150	5	0	1117	1266	150	1	4.69e-64	250
NC_011593.1:c2609546-2608269	NB551033:131:HK2T7BGX9:1:12303:20002:18222#0/2	96.644	149	5	0	907	1055	150	2	1.69e-63	248
NC_011593.1:c2609546-2608269	NB551033:131:HK2T7BGX9:2:12202:26129:10839#0/1	96.644	149	5	0	1128	1276	1	149	1.69e-63	248
NC_011593.1:c2609546-2608269	NB551033:131:HK2T7BGX9:1:22206:6789:14007#0/1	96.644	149	5	0	907	1055	150	2	1.69e-63	248
NC_011593.1:c2609546-2608269	NB551033:131:HK2T7BGX9:3:12612:20775:18471#0/1	96.026	151	6	0	1112	1262	1	151	6.06e-63	246
NC_011593.1:c2609546-2608269	NB551033:131:HK2T7BGX9:2:22103:7203:14979#0/2	96.000	150	6	0	899	1048	1	150	2.18e-62	244
NC_011593.1:c2609546-2608269	NB551033:131:HK2T7BGX9:3:21405:2123:2423#0/1	96.599	147	5	0	1117	1263	3	149	2.18e-62	244
NC_011593.1:c2609546-2608269	NB551033:131:HK2T7BGX9:3:11408:14954:18796#0/1	96.599	147	5	0	909	1055	1	147	2.18e-62	244
NC_011593.1:c2609546-2608269	NB551033:131:HK2T7BGX9:4:13601:20431:18341#0/1	95.973	149	6	0	1105	1253	2	150	7.84e-62	243
NC_011593.1:c2609546-2608269	NB551033:131:HK2T7BGX9:3:23609:13272:18384#0/2	95.364	151	7	0	997	1147	151	1	2.82e-61	241
NC_011593.1:c2609546-2608269	NB551033:131:HK2T7BGX9:4:13606:15350:15857#0/1	95.364	151	7	0	608	758	151	1	2.82e-61	241
NC_011593.1:c2609546-2608269	NB551033:131:HK2T7BGX9:3:22408:3375:14761#0/1	95.364	151	7	0	997	1147	151	1	2.82e-61	241
NC_011593.1:c2609546-2608269	NB551033:131:HK2T7BGX9:2:23308:12061:10533#0/1	95.364	151	7	0	608	758	151	1	2.82e-61	241
NC_011593.1:c2609546-2608269	NB551033:131:HK2T7BGX9:1:11107:24155:14325#0/1	95.364	151	7	0	608	758	151	1	2.82e-61	241
NC_011593.1:c2609546-2608269	NB551033:131:HK2T7BGX9:4:21606:10045:1072#0/2	95.333	150	7	0	620	769	1	150	1.01e-60	239
NC_011593.1:c2609546-2608269	NB551033:131:HK2T7BGX9:3:13402:10422:14034#0/2	95.333	150	7	0	1006	1155	1	150	1.01e-60	239
NC_011593.1:c2609546-2608269	NB551033:131:HK2T7BGX9:2:12308:7609:15670#0/2	95.333	150	7	0	917	1066	150	1	1.01e-60	239
NC_011593.1:c2609546-2608269	NB551033:131:HK2T7BGX9:3:22602:14665:12940#0/1	95.333	150	7	0	1006	1155	1	150	1.01e-60	239
NC_011593.1:c2609546-2608269	NB551033:131:HK2T7BGX9:2:22202:4041:16938#0/1	95.333	150	7	0	917	1066	150	1	1.01e-60	239
NC_011593.1:c2609546-2608269	NB551033:131:HK2T7BGX9:2:22103:7203:14979#0/1	95.333	150	7	0	1093	1242	150	1	1.01e-60	239
NC_011593.1:c2609546-2608269	NB551033:131:HK2T7BGX9:4:23601:23577:9404#0/2	95.302	149	7	0	928	1076	149	1	3.65e-60	237
NC_011593.1:c2609546-2608269	NB551033:131:HK2T7BGX9:4:13502:3427:4061#0/2	95.890	146	6	0	1060	1205	3	148	3.65e-60	237
NC_011593.1:c2609546-2608269	NB551033:131:HK2T7BGX9:4:12403:14867:7959#0/2	95.302	149	7	0	1094	1242	151	3	3.65e-60	237
NC_011593.1:c2609546-2608269	NB551033:131:HK2T7BGX9:3:11603:3158:14059#0/2	95.302	149	7	0	918	1066	149	1	3.65e-60	237
NC_011593.1:c2609546-2608269	NB551033:131:HK2T7BGX9:2:22304:11130:8917#0/2	95.302	149	7	0	928	1076	149	1	3.65e-60	237
NC_011593.1:c2609546-2608269	NB551033:131:HK2T7BGX9:1:13108:4575:19616#0/2	95.302	149	7	0	928	1076	149	1	3.65e-60	237
NC_011593.1:c2609546-2608269	NB551033:131:HK2T7BGX9:4:13502:3427:4061#0/1	95.302	149	7	0	1094	1242	151	3	3.65e-60	237
NC_011593.1:c2609546-2608269	NB551033:131:HK2T7BGX9:4:13402:18669:11328#0/1	95.302	149	7	0	1094	1242	151	3	3.65e-60	237
NC_011593.1:c2609546-2608269	NB551033:131:HK2T7BGX9:2:21104:21197:6565#0/1	95.302	149	7	0	1094	1242	151	3	3.65e-60	237
NC_011593.1:c2609546-2608269	NB551033:131:HK2T7BGX9:2:13209:13768:3450#0/1	95.302	149	7	0	1102	1250	3	151	3.65e-60	237
NC_011593.1:c2609546-2608269	NB551033:131:HK2T7BGX9:1:11206:1676:9999#0/1	95.890	146	6	0	1060	1205	3	148	3.65e-60	237
NC_011593.1:c2609546-2608269	NB551033:131:HK2T7BGX9:4:11509:24200:7791#0/2	96.479	142	5	0	1128	1269	142	1	1.31e-59	235
NC_011593.1:c2609546-2608269	NB551033:131:HK2T7BGX9:2:22101:15704:18476#0/2	95.270	148	7	0	1095	1242	1	148	1.31e-59	235
NC_011593.1:c2609546-2608269	NB551033:131:HK2T7BGX9:1:21101:9709:11467#0/2	95.270	148	7	0	1061	1208	150	3	1.31e-59	235
NC_011593.1:c2609546-2608269	NB551033:131:HK2T7BGX9:1:13206:15459:16062#0/2	95.270	148	7	0	1061	1208	150	3	1.31e-59	235
NC_011593.1:c2609546-2608269	NB551033:131:HK2T7BGX9:4:11509:24200:7791#0/1	96.479	142	5	0	1128	1269	1	142	1.31e-59	235
NC_011593.1:c2609546-2608269	NB551033:131:HK2T7BGX9:3:13402:10422:14034#0/1	95.862	145	6	0	1105	1249	145	1	1.31e-59	235
NC_011593.1:c2609546-2608269	NB551033:131:HK2T7BGX9:1:23201:21192:14476#0/1	95.862	145	6	0	1060	1204	145	1	1.31e-59	235
NC_011593.1:c2609546-2608269	NB551033:131:HK2T7BGX9:1:11205:20103:17854#0/1	95.238	147	7	0	1062	1208	149	3	4.72e-59	233
NC_011593.1:c2609546-2608269	NB551033:131:HK2T7BGX9:1:21205:19151:20187#0/2	96.403	139	5	0	1138	1276	1	139	6.10e-58	230
NC_011593.1:c2609546-2608269	NB551033:131:HK2T7BGX9:1:12107:10174:12946#0/1	95.070	142	7	0	1067	1208	144	3	2.84e-56	224
NC_011593.1:c2609546-2608269	NB551033:131:HK2T7BGX9:3:22506:18660:3588#0/2	95.035	141	7	0	926	1066	1	141	1.02e-55	222
NC_011593.1:c2609546-2608269	NB551033:131:HK2T7BGX9:3:22506:18660:3588#0/1	95.035	141	7	0	926	1066	141	1	1.02e-55	222
NC_011593.1:c2609546-2608269	NB551033:131:HK2T7BGX9:2:13203:4553:9232#0/2	95.000	140	7	0	676	815	3	142	3.67e-55	220
NC_011593.1:c2609546-2608269	NB551033:131:HK2T7BGX9:1:22109:11711:20147#0/2	95.620	137	6	0	1068	1204	137	1	3.67e-55	220
NC_011593.1:c2609546-2608269	NB551033:131:HK2T7BGX9:1:22109:11711:20147#0/1	95.620	137	6	0	1068	1204	1	137	3.67e-55	220
NC_011593.1:c2609546-2608269	NB551033:131:HK2T7BGX9:2:11104:7702:18962#0/2	96.241	133	5	0	1144	1276	151	19	1.32e-54	219
NC_011593.1:c2609546-2608269	NB551033:131:HK2T7BGX9:1:13206:19754:14412#0/2	95.420	131	6	0	628	758	131	1	7.95e-52	209
NC_011593.1:c2609546-2608269	NB551033:131:HK2T7BGX9:1:21305:25507:11670#0/2	96.032	126	5	0	1151	1276	150	25	1.03e-50	206
NC_011593.1:c2609546-2608269	NB551033:131:HK2T7BGX9:1:11207:4759:17571#0/2	96.032	126	5	0	1151	1276	150	25	1.03e-50	206
NC_011593.1:c2609546-2608269	NB551033:131:HK2T7BGX9:4:13401:21167:4850#0/1	96.032	126	5	0	1151	1276	150	25	1.03e-50	206
NC_011593.1:c2609546-2608269	NB551033:131:HK2T7BGX9:2:13209:13768:3450#0/2	95.902	122	5	0	1155	1276	151	30	1.72e-48	198
NC_011593.1:c2609546-2608269	NB551033:131:HK2T7BGX9:3:23607:2847:16459#0/1	95.868	121	5	0	1156	1276	1	121	6.19e-48	196
NC_011593.1:c2609546-2608269	NB551033:131:HK2T7BGX9:1:13305:16811:10048#0/1	95.868	121	5	0	1156	1276	1	121	6.19e-48	196
NC_011593.1:c2609546-2608269	NB551033:131:HK2T7BGX9:4:21510:8549:12744#0/2	95.763	118	5	0	1152	1269	1	118	2.88e-46	191
NC_011593.1:c2609546-2608269	NB551033:131:HK2T7BGX9:2:12112:5714:1969#0/2	95.763	118	5	0	1159	1276	1	118	2.88e-46	191
NC_011593.1:c2609546-2608269	NB551033:131:HK2T7BGX9:4:21510:8549:12744#0/1	95.763	118	5	0	1152	1269	118	1	2.88e-46	191
NC_011593.1:c2609546-2608269	NB551033:131:HK2T7BGX9:4:23512:4364:10656#0/2	95.690	116	5	0	1161	1276	1	116	3.73e-45	187
NC_011593.1:c2609546-2608269	NB551033:131:HK2T7BGX9:3:21605:9349:5077#0/1	95.690	116	5	0	1161	1276	1	116	3.73e-45	187
NC_011593.1:c2609546-2608269	NB551033:131:HK2T7BGX9:2:22106:19949:15898#0/1	95.690	116	5	0	1161	1276	1	116	3.73e-45	187
NC_011593.1:c2609546-2608269	NB551033:131:HK2T7BGX9:4:11610:12282:19563#0/2	95.652	115	5	0	1161	1275	1	115	1.34e-44	185
NC_011593.1:c2609546-2608269	NB551033:131:HK2T7BGX9:3:22406:7297:17622#0/2	96.429	112	4	0	1165	1276	117	6	1.34e-44	185
NC_011593.1:c2609546-2608269	NB551033:131:HK2T7BGX9:1:13305:16811:10048#0/2	96.429	112	4	0	1165	1276	150	39	1.34e-44	185
NC_011593.1:c2609546-2608269	NB551033:131:HK2T7BGX9:4:11610:12282:19563#0/1	95.652	115	5	0	1161	1275	115	1	1.34e-44	185
NC_011593.1:c2609546-2608269	NB551033:131:HK2T7BGX9:2:12112:5714:1969#0/1	96.429	112	4	0	1165	1276	150	39	1.34e-44	185
NC_011593.1:c2609546-2608269	NB551033:131:HK2T7BGX9:1:23211:9359:3517#0/2	95.495	111	5	0	967	1077	1	111	2.24e-42	178
NC_011593.1:c2609546-2608269	NB551033:131:HK2T7BGX9:2:13209:19721:2277#0/1	96.296	108	4	0	1169	1276	1	108	2.24e-42	178
NC_011593.1:c2609546-2608269	NB551033:131:HK2T7BGX9:2:13209:19721:2277#0/2	96.262	107	4	0	1170	1276	150	44	8.07e-42	176
NC_011593.1:c2609546-2608269	NB551033:131:HK2T7BGX9:4:22607:14327:3270#0/1	96.078	102	4	0	1175	1276	151	50	4.85e-39	167
NC_011593.1:c2609546-2608269	NB551033:131:HK2T7BGX9:1:22311:23523:5120#0/1	95.192	104	5	0	1060	1163	106	3	1.75e-38	165
NC_011593.1:c2609546-2608269	NB551033:131:HK2T7BGX9:4:22409:4338:13563#0/1	95.000	100	5	0	967	1066	100	1	2.92e-36	158
NC_011593.1:c2609546-2608269	NB551033:131:HK2T7BGX9:4:11501:14730:19634#0/1	95.000	100	5	0	967	1066	100	1	2.92e-36	158
NC_011593.1:c2609546-2608269	NB551033:131:HK2T7BGX9:3:22403:4844:12164#0/2	95.745	94	4	0	1183	1276	1	94	1.36e-34	152
NC_011593.1:c2609546-2608269	NB551033:131:HK2T7BGX9:4:23510:20131:15619#0/2	95.699	93	4	0	1184	1276	151	59	4.89e-34	150
NC_011593.1:c2609546-2608269	NB551033:131:HK2T7BGX9:2:12105:12139:3314#0/2	96.667	90	3	0	669	758	90	1	4.89e-34	150
NC_011593.1:c2609546-2608269	NB551033:131:HK2T7BGX9:1:12209:4809:10747#0/2	95.652	92	4	0	1007	1098	1	92	1.76e-33	148
NC_011593.1:c2609546-2608269	NB551033:131:HK2T7BGX9:4:22505:8448:17405#0/1	98.795	83	1	0	1122	1204	83	1	1.76e-33	148
NC_011593.1:c2609546-2608269	NB551033:131:HK2T7BGX9:1:12209:4809:10747#0/1	95.652	92	4	0	1007	1098	92	1	1.76e-33	148
NC_011593.1:c2609546-2608269	NB551033:131:HK2T7BGX9:1:22207:10226:4296#0/2	95.556	90	4	0	958	1047	90	1	2.27e-32	145
NC_011593.1:c2609546-2608269	NB551033:131:HK2T7BGX9:4:22505:8448:17405#0/2	96.429	84	3	0	1121	1204	1	84	1.06e-30	139
NC_011593.1:c2609546-2608269	NB551033:131:HK2T7BGX9:1:12303:12111:6477#0/2	95.349	86	4	0	1191	1276	1	86	3.81e-30	137
NC_011593.1:c2609546-2608269	NB551033:131:HK2T7BGX9:2:22110:17946:11421#0/2	95.062	81	4	0	1196	1276	1	81	2.29e-27	128
NC_011593.1:c2609546-2608269	NB551033:131:HK2T7BGX9:4:23512:9437:16303#0/1	95.062	81	4	0	1196	1276	1	81	2.29e-27	128
NC_011593.1:c2609546-2608269	NB551033:131:HK2T7BGX9:3:21506:12108:18165#0/1	95.062	81	4	0	1196	1276	1	81	2.29e-27	128
NC_011593.1:c2609546-2608269	NB551033:131:HK2T7BGX9:4:23512:9437:16303#0/2	95.000	80	4	0	1197	1276	150	71	8.24e-27	126
NC_011593.1:c2609546-2608269	NB551033:131:HK2T7BGX9:4:13601:20431:18341#0/2	95.000	80	4	0	1197	1276	150	71	8.24e-27	126
NC_011593.1:c2609546-2608269	NB551033:131:HK2T7BGX9:2:11106:9377:14616#0/2	96.104	77	3	0	990	1066	77	1	8.24e-27	126
NC_011593.1:c2609546-2608269	NB551033:131:HK2T7BGX9:2:11206:20217:2232#0/1	95.000	80	4	0	1197	1276	150	71	8.24e-27	126
NC_011593.1:c2609546-2608269	NB551033:131:HK2T7BGX9:2:22106:19949:15898#0/2	97.015	67	2	0	1210	1276	149	83	6.41e-23	113
NC_011593.1:c2609546-2608269	NB551033:131:HK2T7BGX9:4:22605:17272:3930#0/2	98.333	60	1	0	1217	1276	148	89	1.07e-20	106
NC_011593.1:c2609546-2608269	NB551033:131:HK2T7BGX9:3:23502:4673:12372#0/2	98.333	60	1	0	1217	1276	150	91	1.07e-20	106
NC_011593.1:c2609546-2608269	NB551033:131:HK2T7BGX9:3:21405:2123:2423#0/2	98.333	60	1	0	1217	1276	148	89	1.07e-20	106
NC_011593.1:c2609546-2608269	NB551033:131:HK2T7BGX9:2:12311:3326:4457#0/2	98.333	60	1	0	1217	1276	150	91	1.07e-20	106
NC_011593.1:c2609546-2608269	NB551033:131:HK2T7BGX9:2:12202:26129:10839#0/2	98.333	60	1	0	1217	1276	148	89	1.07e-20	106
NC_011593.1:c2609546-2608269	NB551033:131:HK2T7BGX9:1:21205:19151:20187#0/1	98.333	60	1	0	1217	1276	148	89	1.07e-20	106
NC_011593.1:c2609546-2608269	NB551033:131:HK2T7BGX9:2:22109:6433:19495#0/2	98.214	56	1	0	1221	1276	1	56	1.80e-18	99.0
NC_011593.1:c2609546-2608269	NB551033:131:HK2T7BGX9:1:23106:25595:10499#0/2	98.214	56	1	0	1221	1276	1	56	1.80e-18	99.0
NC_011593.1:c2609546-2608269	NB551033:131:HK2T7BGX9:1:21209:9238:9192#0/1	98.214	56	1	0	1221	1276	1	56	1.80e-18	99.0
NC_011593.1:c2609546-2608269	NB551033:131:HK2T7BGX9:1:21209:9238:9192#0/2	98.182	55	1	0	1222	1276	78	24	6.46e-18	97.1
NC_011593.1:c2609546-2608269	NB551033:131:HK2T7BGX9:4:22402:2471:18923#0/2	98.148	54	1	0	1223	1276	150	97	2.32e-17	95.3
NC_011593.1:c2609546-2608269	NB551033:131:HK2T7BGX9:4:21612:14021:10180#0/2	98.148	54	1	0	1223	1276	150	97	2.32e-17	95.3
NC_011593.1:c2609546-2608269	NB551033:131:HK2T7BGX9:3:12612:20775:18471#0/2	98.148	54	1	0	1223	1276	150	97	2.32e-17	95.3
NC_011593.1:c2609546-2608269	NB551033:131:HK2T7BGX9:3:22602:21884:9476#0/1	98.148	54	1	0	1223	1276	150	97	2.32e-17	95.3
NC_011593.1:c2609546-2608269	NB551033:131:HK2T7BGX9:3:11611:18089:4481#0/1	98.148	54	1	0	1223	1276	150	97	2.32e-17	95.3
NC_011593.1:c2609546-2608269	NB551033:131:HK2T7BGX9:3:21506:12108:18165#0/2	98.113	53	1	0	1224	1276	151	99	8.36e-17	93.5
NC_011593.1:c2609546-2608269	NB551033:131:HK2T7BGX9:1:13212:11402:4013#0/2	97.959	49	1	0	1228	1276	1	49	1.40e-14	86.1
NC_011593.1:c2609546-2608269	NB551033:131:HK2T7BGX9:3:13406:10380:8300#0/2	97.674	43	1	0	1234	1276	1	43	3.03e-11	75.0
NC_011593.1:c2609546-2608269	NB551033:131:HK2T7BGX9:2:22101:15704:18476#0/1	97.674	43	1	0	1234	1276	150	108	3.03e-11	75.0
NC_011593.1:c2609546-2608269	NB551033:131:HK2T7BGX9:2:23207:17205:1103#0/2	97.561	41	1	0	1236	1276	1	41	3.92e-10	71.3
NC_011593.1:c2609546-2608269	NB551033:131:HK2T7BGX9:2:12304:6553:13267#0/2	97.561	41	1	0	1236	1276	1	41	3.92e-10	71.3
NC_011593.1:c2609546-2608269	NB551033:131:HK2T7BGX9:1:12212:20635:12335#0/2	97.561	41	1	0	1236	1276	83	43	3.92e-10	71.3
NC_011593.1:c2609546-2608269	NB551033:131:HK2T7BGX9:1:12212:20635:12335#0/1	97.561	41	1	0	1236	1276	1	41	3.92e-10	71.3
# BLASTN 2.9.0+
# Query: NC_011593.1:c2610356-2609697 Bifidobacterium longum subsp. infantis ATCC 15697, complete genome
# Database: db/blast_C0723-3F-1A_S59.faa
# 0 hits found
# BLASTN 2.9.0+
# Query: NC_011593.1:c2611458-2610496 Bifidobacterium longum subsp. infantis ATCC 15697, complete genome
# Database: db/blast_C0723-3F-1A_S59.faa
# 0 hits found
# BLASTN 2.9.0+
# Query: NC_011593.1:c2612430-2611477 Bifidobacterium longum subsp. infantis ATCC 15697, complete genome
# Database: db/blast_C0723-3F-1A_S59.faa
# 0 hits found
# BLASTN 2.9.0+
# Query: NC_011593.1:c2614109-2612517 Bifidobacterium longum subsp. infantis ATCC 15697, complete genome
# Database: db/blast_C0723-3F-1A_S59.faa
# 0 hits found
# BLASTN 2.9.0+
# Query: NC_011593.1:c2615274-2614312 Bifidobacterium longum subsp. infantis ATCC 15697, complete genome
# Database: db/blast_C0723-3F-1A_S59.faa
# 0 hits found
# BLASTN 2.9.0+
# Query: NC_011593.1:c2616246-2615293 Bifidobacterium longum subsp. infantis ATCC 15697, complete genome
# Database: db/blast_C0723-3F-1A_S59.faa
# 0 hits found
# BLASTN 2.9.0+
# Query: NC_011593.1:c2617928-2616333 Bifidobacterium longum subsp. infantis ATCC 15697, complete genome
# Database: db/blast_C0723-3F-1A_S59.faa
# 0 hits found
# BLASTN 2.9.0+
# Query: NC_011593.1:c2619247-2618063 Bifidobacterium longum subsp. infantis ATCC 15697, complete genome
# Database: db/blast_C0723-3F-1A_S59.faa
# 0 hits found
# BLASTN 2.9.0+
# Query: NC_011593.1:c2620369-2619413 Bifidobacterium longum subsp. infantis ATCC 15697, complete genome
# Database: db/blast_C0723-3F-1A_S59.faa
# 0 hits found
# BLASTN 2.9.0+
# Query: NC_011593.1:c2622143-2620551 Bifidobacterium longum subsp. infantis ATCC 15697, complete genome
# Database: db/blast_C0723-3F-1A_S59.faa
# 0 hits found
# BLASTN 2.9.0+
# Query: NC_011593.1:c2624124-2622520 Bifidobacterium longum subsp. infantis ATCC 15697, complete genome
# Database: db/blast_C0723-3F-1A_S59.faa
# 0 hits found
# BLASTN 2.9.0+
# Query: NC_011593.1:c2626110-2624512 Bifidobacterium longum subsp. infantis ATCC 15697, complete genome
# Database: db/blast_C0723-3F-1A_S59.faa
# 0 hits found
# BLASTN 2.9.0+
# Query: NC_011593.1:c2626386-2626264 Bifidobacterium longum subsp. infantis ATCC 15697, complete genome
# Database: db/blast_C0723-3F-1A_S59.faa
# 0 hits found
# BLASTN 2.9.0+
# Query: NC_011593.1:c2628158-2626563 Bifidobacterium longum subsp. infantis ATCC 15697, complete genome
# Database: db/blast_C0723-3F-1A_S59.faa
# 0 hits found
# BLASTN 2.9.0+
# Query: NC_011593.1:c2630269-2628314 Bifidobacterium longum subsp. infantis ATCC 15697, complete genome
# Database: db/blast_C0723-3F-1A_S59.faa
# 0 hits found
# BLASTN 2.9.0+
# Query: NC_011593.1:c2631106-2630366 Bifidobacterium longum subsp. infantis ATCC 15697, complete genome
# Database: db/blast_C0723-3F-1A_S59.faa
# 0 hits found
# BLASTN 2.9.0+
# Query: NC_011593.1:c2632432-2631140 Bifidobacterium longum subsp. infantis ATCC 15697, complete genome
# Database: db/blast_C0723-3F-1A_S59.faa
# 0 hits found
# BLASTN 2.9.0+
# Query: NC_011593.1:c2633881-2632562 Bifidobacterium longum subsp. infantis ATCC 15697, complete genome
# Database: db/blast_C0723-3F-1A_S59.faa
# 0 hits found
# BLASTN 2.9.0+
# Query: NC_011593.1:c2634683-2633865 Bifidobacterium longum subsp. infantis ATCC 15697, complete genome
# Database: db/blast_C0723-3F-1A_S59.faa
# 0 hits found
# BLASTN 2.9.0+
# Query: NC_011593.1:c2635627-2634680 Bifidobacterium longum subsp. infantis ATCC 15697, complete genome
# Database: db/blast_C0723-3F-1A_S59.faa
# 0 hits found
# BLASTN 2.9.0+
# Query: NC_011593.1:c2636747-2635629 Bifidobacterium longum subsp. infantis ATCC 15697, complete genome
# Database: db/blast_C0723-3F-1A_S59.faa
# 0 hits found
# BLAST processed 31 queries
