# BLASTN 2.9.0+
# Query: NC_011593.1:c2595355-2593832 Bifidobacterium longum subsp. infantis ATCC 15697, complete genome
# Database: db/blast_C0739-2F-1A_S28.faa
# 0 hits found
# BLASTN 2.9.0+
# Query: NC_011593.1:c2597106-2595574 Bifidobacterium longum subsp. infantis ATCC 15697, complete genome
# Database: db/blast_C0739-2F-1A_S28.faa
# 0 hits found
# BLASTN 2.9.0+
# Query: NC_011593.1:c2598562-2597207 Bifidobacterium longum subsp. infantis ATCC 15697, complete genome
# Database: db/blast_C0739-2F-1A_S28.faa
# 0 hits found
# BLASTN 2.9.0+
# Query: NC_011593.1:2598858-2601929 Bifidobacterium longum subsp. infantis ATCC 15697, complete genome
# Database: db/blast_C0739-2F-1A_S28.faa
# Fields: query acc.ver, subject acc.ver, % identity, alignment length, mismatches, gap opens, q. start, q. end, s. start, s. end, evalue, bit score
# 61 hits found
NC_011593.1:2598858-2601929	NB551033:151:HCYCWBGXB:2:21109:9326:2890#0/2	96.053	76	3	0	1185	1260	115	40	7.14e-26	124
NC_011593.1:2598858-2601929	NB551033:151:HCYCWBGXB:1:21201:20851:16967#0/2	96.053	76	3	0	1185	1260	6	81	7.14e-26	124
NC_011593.1:2598858-2601929	NB551033:151:HCYCWBGXB:3:21509:20658:18726#0/1	96.053	76	3	0	1185	1260	84	9	7.14e-26	124
NC_011593.1:2598858-2601929	NB551033:151:HCYCWBGXB:2:12201:23272:12727#0/1	96.053	76	3	0	1185	1260	6	81	7.14e-26	124
NC_011593.1:2598858-2601929	NB551033:151:HCYCWBGXB:1:23210:12010:17119#0/1	96.053	76	3	0	1185	1260	151	76	7.14e-26	124
NC_011593.1:2598858-2601929	NB551033:151:HCYCWBGXB:1:21201:20851:16967#0/1	96.053	76	3	0	1185	1260	130	55	7.14e-26	124
NC_011593.1:2598858-2601929	NB551033:151:HCYCWBGXB:4:23503:18542:4387#0/2	96.000	75	3	0	1186	1260	1	75	2.57e-25	122
NC_011593.1:2598858-2601929	NB551033:151:HCYCWBGXB:4:22509:17952:4283#0/2	96.000	75	3	0	1186	1260	78	4	2.57e-25	122
NC_011593.1:2598858-2601929	NB551033:151:HCYCWBGXB:4:21505:25764:15961#0/2	96.000	75	3	0	1186	1260	1	75	2.57e-25	122
NC_011593.1:2598858-2601929	NB551033:151:HCYCWBGXB:4:22509:17952:4283#0/1	96.000	75	3	0	1186	1260	1	75	2.57e-25	122
NC_011593.1:2598858-2601929	NB551033:151:HCYCWBGXB:4:21505:25764:15961#0/1	96.000	75	3	0	1186	1260	129	55	2.57e-25	122
NC_011593.1:2598858-2601929	NB551033:151:HCYCWBGXB:1:23304:18210:19537#0/1	96.000	75	3	0	1186	1260	1	75	2.57e-25	122
NC_011593.1:2598858-2601929	NB551033:151:HCYCWBGXB:4:11505:22382:10357#0/2	95.775	71	3	0	1190	1260	131	61	4.30e-23	115
NC_011593.1:2598858-2601929	NB551033:151:HCYCWBGXB:3:23411:9666:15602#0/2	95.775	71	3	0	1190	1260	1	71	4.30e-23	115
NC_011593.1:2598858-2601929	NB551033:151:HCYCWBGXB:3:12509:5391:18415#0/2	95.775	71	3	0	1190	1260	1	71	4.30e-23	115
NC_011593.1:2598858-2601929	NB551033:151:HCYCWBGXB:2:13305:10319:17701#0/2	95.775	71	3	0	1190	1260	1	71	4.30e-23	115
NC_011593.1:2598858-2601929	NB551033:151:HCYCWBGXB:1:21212:7261:9578#0/2	95.775	71	3	0	1190	1260	1	71	4.30e-23	115
NC_011593.1:2598858-2601929	NB551033:151:HCYCWBGXB:1:12311:15043:3797#0/2	95.775	71	3	0	1190	1260	96	26	4.30e-23	115
NC_011593.1:2598858-2601929	NB551033:151:HCYCWBGXB:4:23401:18669:2427#0/1	95.775	71	3	0	1190	1260	1	71	4.30e-23	115
NC_011593.1:2598858-2601929	NB551033:151:HCYCWBGXB:4:11505:22382:10357#0/1	95.775	71	3	0	1190	1260	1	71	4.30e-23	115
NC_011593.1:2598858-2601929	NB551033:151:HCYCWBGXB:3:22404:15419:10539#0/1	95.775	71	3	0	1190	1260	1	71	4.30e-23	115
NC_011593.1:2598858-2601929	NB551033:151:HCYCWBGXB:3:13504:25040:9740#0/1	95.775	71	3	0	1190	1260	1	71	4.30e-23	115
NC_011593.1:2598858-2601929	NB551033:151:HCYCWBGXB:3:11410:15903:13373#0/1	95.775	71	3	0	1190	1260	1	71	4.30e-23	115
NC_011593.1:2598858-2601929	NB551033:151:HCYCWBGXB:2:23106:16241:13246#0/1	95.775	71	3	0	1190	1260	1	71	4.30e-23	115
NC_011593.1:2598858-2601929	NB551033:151:HCYCWBGXB:2:21308:19452:16723#0/1	95.775	71	3	0	1190	1260	1	71	4.30e-23	115
NC_011593.1:2598858-2601929	NB551033:151:HCYCWBGXB:1:13203:10988:2145#0/1	95.775	71	3	0	1190	1260	1	71	4.30e-23	115
NC_011593.1:2598858-2601929	NB551033:151:HCYCWBGXB:1:13110:17178:5989#0/1	95.775	71	3	0	1190	1260	1	71	4.30e-23	115
NC_011593.1:2598858-2601929	NB551033:151:HCYCWBGXB:1:12311:15043:3797#0/1	95.775	71	3	0	1190	1260	1	71	4.30e-23	115
NC_011593.1:2598858-2601929	NB551033:151:HCYCWBGXB:1:12107:12738:19515#0/1	95.775	71	3	0	1190	1260	1	71	4.30e-23	115
NC_011593.1:2598858-2601929	NB551033:151:HCYCWBGXB:2:23106:16241:13246#0/2	95.714	70	3	0	1191	1260	102	33	1.55e-22	113
NC_011593.1:2598858-2601929	NB551033:151:HCYCWBGXB:3:12512:19471:13770#0/2	95.455	66	3	0	1195	1260	130	65	2.59e-20	106
NC_011593.1:2598858-2601929	NB551033:151:HCYCWBGXB:3:12512:19471:13770#0/1	95.455	66	3	0	1195	1260	1	66	2.59e-20	106
NC_011593.1:2598858-2601929	NB551033:151:HCYCWBGXB:4:21606:19167:16201#0/1	95.385	65	3	0	1196	1260	151	87	9.30e-20	104
NC_011593.1:2598858-2601929	NB551033:151:HCYCWBGXB:2:23205:24503:20241#0/1	95.385	65	3	0	1174	1238	3	67	9.30e-20	104
NC_011593.1:2598858-2601929	NB551033:151:HCYCWBGXB:1:22206:8415:18442#0/1	95.161	62	3	0	1199	1260	151	90	4.33e-18	99.0
NC_011593.1:2598858-2601929	NB551033:151:HCYCWBGXB:4:13607:1725:5423#0/2	98.039	51	1	0	619	669	143	93	2.60e-15	89.8
NC_011593.1:2598858-2601929	NB551033:151:HCYCWBGXB:4:13602:18975:8096#0/2	98.039	51	1	0	619	669	6	56	2.60e-15	89.8
NC_011593.1:2598858-2601929	NB551033:151:HCYCWBGXB:3:22611:10763:14803#0/2	98.039	51	1	0	619	669	150	100	2.60e-15	89.8
NC_011593.1:2598858-2601929	NB551033:151:HCYCWBGXB:3:21510:1878:8371#0/2	98.039	51	1	0	619	669	150	100	2.60e-15	89.8
NC_011593.1:2598858-2601929	NB551033:151:HCYCWBGXB:1:11306:20994:2636#0/2	98.039	51	1	0	619	669	6	56	2.60e-15	89.8
NC_011593.1:2598858-2601929	NB551033:151:HCYCWBGXB:4:23409:19111:10102#0/2	97.917	48	1	0	622	669	1	48	1.21e-13	84.2
NC_011593.1:2598858-2601929	NB551033:151:HCYCWBGXB:3:23508:21662:5601#0/2	96.078	51	2	0	1210	1260	149	99	1.21e-13	84.2
NC_011593.1:2598858-2601929	NB551033:151:HCYCWBGXB:1:23311:21660:17802#0/2	96.078	51	2	0	1210	1260	149	99	1.21e-13	84.2
NC_011593.1:2598858-2601929	NB551033:151:HCYCWBGXB:1:11205:13455:9362#0/2	96.078	51	2	0	1210	1260	149	99	1.21e-13	84.2
NC_011593.1:2598858-2601929	NB551033:151:HCYCWBGXB:4:23409:19111:10102#0/1	97.917	48	1	0	622	669	114	67	1.21e-13	84.2
NC_011593.1:2598858-2601929	NB551033:151:HCYCWBGXB:4:13508:11268:18156#0/1	97.917	48	1	0	622	669	149	102	1.21e-13	84.2
NC_011593.1:2598858-2601929	NB551033:151:HCYCWBGXB:3:23408:23386:6038#0/1	97.917	48	1	0	622	669	150	103	1.21e-13	84.2
NC_011593.1:2598858-2601929	NB551033:151:HCYCWBGXB:1:13111:6608:18654#0/1	97.917	48	1	0	622	669	149	102	1.21e-13	84.2
NC_011593.1:2598858-2601929	NB551033:151:HCYCWBGXB:4:21601:22324:13000#0/2	97.778	45	1	0	625	669	133	89	5.64e-12	78.7
NC_011593.1:2598858-2601929	NB551033:151:HCYCWBGXB:2:11206:18044:4851#0/2	95.745	47	2	0	1214	1260	106	60	2.03e-11	76.8
NC_011593.1:2598858-2601929	NB551033:151:HCYCWBGXB:4:22502:18860:20201#0/1	95.745	47	2	0	1214	1260	1	47	2.03e-11	76.8
NC_011593.1:2598858-2601929	NB551033:151:HCYCWBGXB:4:11404:19809:8746#0/1	95.745	47	2	0	1214	1260	1	47	2.03e-11	76.8
NC_011593.1:2598858-2601929	NB551033:151:HCYCWBGXB:3:22504:18347:14635#0/1	95.745	47	2	0	1214	1260	1	47	2.03e-11	76.8
NC_011593.1:2598858-2601929	NB551033:151:HCYCWBGXB:2:11206:18044:4851#0/1	95.745	47	2	0	1214	1260	1	47	2.03e-11	76.8
NC_011593.1:2598858-2601929	NB551033:151:HCYCWBGXB:4:21407:12447:7269#0/2	97.619	42	1	0	628	669	98	57	2.62e-10	73.1
NC_011593.1:2598858-2601929	NB551033:151:HCYCWBGXB:3:23609:4166:15548#0/2	97.619	42	1	0	628	669	148	107	2.62e-10	73.1
NC_011593.1:2598858-2601929	NB551033:151:HCYCWBGXB:1:22103:1711:3016#0/1	97.619	42	1	0	628	669	148	107	2.62e-10	73.1
NC_011593.1:2598858-2601929	NB551033:151:HCYCWBGXB:3:11410:16832:16756#0/1	97.561	41	1	0	629	669	150	110	9.43e-10	71.3
NC_011593.1:2598858-2601929	NB551033:151:HCYCWBGXB:4:11607:21005:5428#0/1	97.500	40	1	0	630	669	150	111	3.39e-09	69.4
NC_011593.1:2598858-2601929	NB551033:151:HCYCWBGXB:2:22207:13636:19469#0/1	97.500	40	1	0	630	669	1	40	3.39e-09	69.4
NC_011593.1:2598858-2601929	NB551033:151:HCYCWBGXB:1:12305:12898:3569#0/1	97.500	40	1	0	630	669	1	40	3.39e-09	69.4
# BLASTN 2.9.0+
# Query: NC_011593.1:c2604454-2602106 Bifidobacterium longum subsp. infantis ATCC 15697, complete genome
# Database: db/blast_C0739-2F-1A_S28.faa
# 0 hits found
# BLASTN 2.9.0+
# Query: NC_011593.1:c2605922-2604486 Bifidobacterium longum subsp. infantis ATCC 15697, complete genome
# Database: db/blast_C0739-2F-1A_S28.faa
# 0 hits found
# BLASTN 2.9.0+
# Query: NC_011593.1:c2606381-2605944 Bifidobacterium longum subsp. infantis ATCC 15697, complete genome
# Database: db/blast_C0739-2F-1A_S28.faa
# 0 hits found
# BLASTN 2.9.0+
# Query: NC_011593.1:c2607314-2606418 Bifidobacterium longum subsp. infantis ATCC 15697, complete genome
# Database: db/blast_C0739-2F-1A_S28.faa
# Fields: query acc.ver, subject acc.ver, % identity, alignment length, mismatches, gap opens, q. start, q. end, s. start, s. end, evalue, bit score
# 1 hits found
NC_011593.1:c2607314-2606418	NB551033:151:HCYCWBGXB:2:22306:11749:3138#0/2	95.588	68	3	0	736	803	68	1	5.76e-22	110
# BLASTN 2.9.0+
# Query: NC_011593.1:c2608249-2607458 Bifidobacterium longum subsp. infantis ATCC 15697, complete genome
# Database: db/blast_C0739-2F-1A_S28.faa
# Fields: query acc.ver, subject acc.ver, % identity, alignment length, mismatches, gap opens, q. start, q. end, s. start, s. end, evalue, bit score
# 73 hits found
NC_011593.1:c2608249-2607458	NB551033:151:HCYCWBGXB:1:13111:7901:11353#0/2	96.000	150	6	0	318	467	150	1	1.33e-62	244
NC_011593.1:c2608249-2607458	NB551033:151:HCYCWBGXB:1:12104:1934:13876#0/2	96.000	150	6	0	318	467	150	1	1.33e-62	244
NC_011593.1:c2608249-2607458	NB551033:151:HCYCWBGXB:4:13611:2445:5559#0/2	95.973	149	6	0	313	461	149	1	4.78e-62	243
NC_011593.1:c2608249-2607458	NB551033:151:HCYCWBGXB:2:23208:21880:13236#0/2	95.973	149	6	0	313	461	149	1	4.78e-62	243
NC_011593.1:c2608249-2607458	NB551033:151:HCYCWBGXB:2:23212:24620:8202#0/1	95.973	149	6	0	319	467	149	1	4.78e-62	243
NC_011593.1:c2608249-2607458	NB551033:151:HCYCWBGXB:2:22306:2161:11660#0/2	95.946	148	6	0	320	467	1	148	1.72e-61	241
NC_011593.1:c2608249-2607458	NB551033:151:HCYCWBGXB:3:11409:22798:18767#0/1	95.364	151	7	0	337	487	151	1	1.72e-61	241
NC_011593.1:c2608249-2607458	NB551033:151:HCYCWBGXB:3:23503:8783:19157#0/2	95.333	150	7	0	342	491	151	2	6.19e-61	239
NC_011593.1:c2608249-2607458	NB551033:151:HCYCWBGXB:3:13502:3174:8549#0/1	95.918	147	6	0	321	467	1	147	6.19e-61	239
NC_011593.1:c2608249-2607458	NB551033:151:HCYCWBGXB:4:12407:8024:12039#0/2	95.302	149	7	0	385	533	1	149	2.23e-60	237
NC_011593.1:c2608249-2607458	NB551033:151:HCYCWBGXB:3:11403:18961:8171#0/2	95.302	149	7	0	385	533	1	149	2.23e-60	237
NC_011593.1:c2608249-2607458	NB551033:151:HCYCWBGXB:4:23603:7269:19863#0/1	95.302	149	7	0	343	491	150	2	2.23e-60	237
NC_011593.1:c2608249-2607458	NB551033:151:HCYCWBGXB:2:23209:5262:8859#0/1	95.302	149	7	0	343	491	150	2	2.23e-60	237
NC_011593.1:c2608249-2607458	NB551033:151:HCYCWBGXB:1:23310:19460:17031#0/2	95.270	148	7	0	386	533	1	148	8.00e-60	235
NC_011593.1:c2608249-2607458	NB551033:151:HCYCWBGXB:4:12512:26316:4606#0/1	95.270	148	7	0	339	486	1	148	8.00e-60	235
NC_011593.1:c2608249-2607458	NB551033:151:HCYCWBGXB:4:11606:21097:11382#0/1	95.270	148	7	0	386	533	1	148	8.00e-60	235
NC_011593.1:c2608249-2607458	NB551033:151:HCYCWBGXB:4:11408:9818:2333#0/2	95.172	145	7	0	323	467	145	1	3.72e-58	230
NC_011593.1:c2608249-2607458	NB551033:151:HCYCWBGXB:2:22111:20988:11829#0/2	95.172	145	7	0	335	479	145	1	3.72e-58	230
NC_011593.1:c2608249-2607458	NB551033:151:HCYCWBGXB:2:21306:4681:6132#0/1	95.172	145	7	0	335	479	145	1	3.72e-58	230
NC_011593.1:c2608249-2607458	NB551033:151:HCYCWBGXB:4:21612:10034:3392#0/2	96.899	129	4	0	339	467	129	1	2.90e-54	217
NC_011593.1:c2608249-2607458	NB551033:151:HCYCWBGXB:4:21612:10034:3392#0/1	96.667	120	4	0	339	458	1	120	2.92e-49	200
NC_011593.1:c2608249-2607458	NB551033:151:HCYCWBGXB:4:13412:24262:18058#0/2	95.200	125	6	0	326	450	125	1	1.05e-48	198
NC_011593.1:c2608249-2607458	NB551033:151:HCYCWBGXB:3:12508:13750:10755#0/2	95.902	122	5	0	370	491	123	2	1.05e-48	198
NC_011593.1:c2608249-2607458	NB551033:151:HCYCWBGXB:2:23302:1940:7161#0/2	95.200	125	6	0	367	491	1	125	1.05e-48	198
NC_011593.1:c2608249-2607458	NB551033:151:HCYCWBGXB:3:12508:13750:10755#0/1	95.200	125	6	0	367	491	1	125	1.05e-48	198
NC_011593.1:c2608249-2607458	NB551033:151:HCYCWBGXB:2:23302:1940:7161#0/1	95.902	122	5	0	370	491	123	2	1.05e-48	198
NC_011593.1:c2608249-2607458	NB551033:151:HCYCWBGXB:3:11409:22798:18767#0/2	96.610	118	4	0	335	452	4	121	3.78e-48	196
NC_011593.1:c2608249-2607458	NB551033:151:HCYCWBGXB:4:11404:17777:10849#0/2	96.364	110	4	0	358	467	110	1	1.06e-43	182
NC_011593.1:c2608249-2607458	NB551033:151:HCYCWBGXB:4:11404:17777:10849#0/1	96.364	110	4	0	358	467	3	112	1.06e-43	182
NC_011593.1:c2608249-2607458	NB551033:151:HCYCWBGXB:4:23404:16671:5871#0/2	97.959	98	2	0	370	467	98	1	2.29e-40	171
NC_011593.1:c2608249-2607458	NB551033:151:HCYCWBGXB:4:23404:16671:5871#0/1	97.959	98	2	0	370	467	2	99	2.29e-40	171
NC_011593.1:c2608249-2607458	NB551033:151:HCYCWBGXB:4:11512:21049:8785#0/2	96.471	85	3	0	335	419	2	86	1.79e-31	141
NC_011593.1:c2608249-2607458	NB551033:151:HCYCWBGXB:3:12612:7433:8890#0/2	96.471	85	3	0	335	419	2	86	1.79e-31	141
NC_011593.1:c2608249-2607458	NB551033:151:HCYCWBGXB:4:11512:21049:8785#0/1	96.471	85	3	0	335	419	85	1	1.79e-31	141
NC_011593.1:c2608249-2607458	NB551033:151:HCYCWBGXB:3:12612:7433:8890#0/1	96.471	85	3	0	335	419	85	1	1.79e-31	141
NC_011593.1:c2608249-2607458	NB551033:151:HCYCWBGXB:1:22204:17002:8006#0/2	95.238	84	4	0	709	792	86	3	3.00e-29	134
NC_011593.1:c2608249-2607458	NB551033:151:HCYCWBGXB:1:22204:17002:8006#0/1	95.238	84	4	0	709	792	1	84	3.00e-29	134
NC_011593.1:c2608249-2607458	NB551033:151:HCYCWBGXB:3:21607:4200:15413#0/2	96.250	80	3	0	358	437	3	82	1.08e-28	132
NC_011593.1:c2608249-2607458	NB551033:151:HCYCWBGXB:1:13203:21915:10868#0/2	95.062	81	4	0	712	792	1	81	1.40e-27	128
NC_011593.1:c2608249-2607458	NB551033:151:HCYCWBGXB:1:12102:3626:20088#0/2	95.062	81	4	0	710	790	1	81	1.40e-27	128
NC_011593.1:c2608249-2607458	NB551033:151:HCYCWBGXB:4:13509:18437:2856#0/1	96.154	78	3	0	715	792	2	79	1.40e-27	128
NC_011593.1:c2608249-2607458	NB551033:151:HCYCWBGXB:1:12102:3626:20088#0/1	95.062	81	4	0	710	790	81	1	1.40e-27	128
NC_011593.1:c2608249-2607458	NB551033:151:HCYCWBGXB:2:13306:4173:1461#0/2	96.970	66	2	0	727	792	150	85	1.41e-22	111
NC_011593.1:c2608249-2607458	NB551033:151:HCYCWBGXB:3:13606:15273:5825#0/1	96.970	66	2	0	727	792	150	85	1.41e-22	111
NC_011593.1:c2608249-2607458	NB551033:151:HCYCWBGXB:3:11401:23319:7472#0/2	96.875	64	2	0	729	792	150	87	1.82e-21	108
NC_011593.1:c2608249-2607458	NB551033:151:HCYCWBGXB:1:13210:4720:1232#0/2	96.875	64	2	0	729	792	83	20	1.82e-21	108
NC_011593.1:c2608249-2607458	NB551033:151:HCYCWBGXB:1:13210:4720:1232#0/1	96.875	64	2	0	729	792	1	64	1.82e-21	108
NC_011593.1:c2608249-2607458	NB551033:151:HCYCWBGXB:2:11110:25456:19108#0/2	95.455	66	3	0	1	66	78	143	6.55e-21	106
NC_011593.1:c2608249-2607458	NB551033:151:HCYCWBGXB:4:22407:23741:2519#0/2	96.774	62	2	0	731	792	151	90	2.36e-20	104
NC_011593.1:c2608249-2607458	NB551033:151:HCYCWBGXB:3:23508:16485:17997#0/2	96.774	62	2	0	731	792	1	62	2.36e-20	104
NC_011593.1:c2608249-2607458	NB551033:151:HCYCWBGXB:3:11603:19562:5329#0/2	96.774	62	2	0	731	792	1	62	2.36e-20	104
NC_011593.1:c2608249-2607458	NB551033:151:HCYCWBGXB:4:22604:4611:17738#0/1	95.385	65	3	0	1	65	65	1	2.36e-20	104
NC_011593.1:c2608249-2607458	NB551033:151:HCYCWBGXB:4:21410:1365:2299#0/1	96.774	62	2	0	731	792	1	62	2.36e-20	104
NC_011593.1:c2608249-2607458	NB551033:151:HCYCWBGXB:4:13611:10990:1765#0/1	96.774	62	2	0	731	792	1	62	2.36e-20	104
NC_011593.1:c2608249-2607458	NB551033:151:HCYCWBGXB:3:11603:19562:5329#0/1	96.774	62	2	0	731	792	126	65	2.36e-20	104
NC_011593.1:c2608249-2607458	NB551033:151:HCYCWBGXB:2:13206:16279:18526#0/1	96.774	62	2	0	731	792	1	62	2.36e-20	104
NC_011593.1:c2608249-2607458	NB551033:151:HCYCWBGXB:2:13112:24798:5605#0/1	95.385	65	3	0	1	65	65	1	2.36e-20	104
NC_011593.1:c2608249-2607458	NB551033:151:HCYCWBGXB:2:12112:25511:12288#0/1	96.774	62	2	0	731	792	151	90	2.36e-20	104
NC_011593.1:c2608249-2607458	NB551033:151:HCYCWBGXB:1:11109:19502:8564#0/2	96.667	60	2	0	733	792	1	60	3.05e-19	100
NC_011593.1:c2608249-2607458	NB551033:151:HCYCWBGXB:4:23606:17898:14499#0/2	96.429	56	2	0	737	792	75	20	5.10e-17	93.5
NC_011593.1:c2608249-2607458	NB551033:151:HCYCWBGXB:2:21102:13580:10957#0/2	96.429	56	2	0	737	792	1	56	5.10e-17	93.5
NC_011593.1:c2608249-2607458	NB551033:151:HCYCWBGXB:2:11309:16072:10829#0/2	96.429	56	2	0	737	792	1	56	5.10e-17	93.5
NC_011593.1:c2608249-2607458	NB551033:151:HCYCWBGXB:4:23606:17898:14499#0/1	96.429	56	2	0	737	792	1	56	5.10e-17	93.5
NC_011593.1:c2608249-2607458	NB551033:151:HCYCWBGXB:2:11309:16072:10829#0/1	96.429	56	2	0	737	792	82	27	5.10e-17	93.5
NC_011593.1:c2608249-2607458	NB551033:151:HCYCWBGXB:4:13507:9772:19633#0/2	96.296	54	2	0	739	792	104	51	6.59e-16	89.8
NC_011593.1:c2608249-2607458	NB551033:151:HCYCWBGXB:4:13507:9772:19633#0/1	96.296	54	2	0	739	792	1	54	6.59e-16	89.8
NC_011593.1:c2608249-2607458	NB551033:151:HCYCWBGXB:1:12107:24154:1547#0/1	96.000	50	2	0	743	792	1	50	1.10e-13	82.4
NC_011593.1:c2608249-2607458	NB551033:151:HCYCWBGXB:3:21502:13287:19990#0/2	95.918	49	2	0	744	792	1	49	3.97e-13	80.5
NC_011593.1:c2608249-2607458	NB551033:151:HCYCWBGXB:3:21501:12611:4487#0/2	95.918	49	2	0	744	792	1	49	3.97e-13	80.5
NC_011593.1:c2608249-2607458	NB551033:151:HCYCWBGXB:3:13404:19392:2216#0/1	95.833	48	2	0	745	792	1	48	1.43e-12	78.7
NC_011593.1:c2608249-2607458	NB551033:151:HCYCWBGXB:1:12309:21217:7845#0/1	95.833	48	2	0	745	792	1	48	1.43e-12	78.7
NC_011593.1:c2608249-2607458	NB551033:151:HCYCWBGXB:4:22405:25078:2444#0/2	95.652	46	2	0	747	792	1	46	1.85e-11	75.0
NC_011593.1:c2608249-2607458	NB551033:151:HCYCWBGXB:4:22405:25078:2444#0/1	95.652	46	2	0	747	792	96	51	1.85e-11	75.0
# BLASTN 2.9.0+
# Query: NC_011593.1:c2609546-2608269 Bifidobacterium longum subsp. infantis ATCC 15697, complete genome
# Database: db/blast_C0739-2F-1A_S28.faa
# Fields: query acc.ver, subject acc.ver, % identity, alignment length, mismatches, gap opens, q. start, q. end, s. start, s. end, evalue, bit score
# 196 hits found
NC_011593.1:c2609546-2608269	NB551033:151:HCYCWBGXB:2:13311:2233:17101#0/2	96.689	151	5	0	1123	1273	1	151	1.30e-64	252
NC_011593.1:c2609546-2608269	NB551033:151:HCYCWBGXB:4:23509:15226:11910#0/1	96.689	151	5	0	1123	1273	1	151	1.30e-64	252
NC_011593.1:c2609546-2608269	NB551033:151:HCYCWBGXB:4:21509:8938:19269#0/1	96.689	151	5	0	904	1054	1	151	1.30e-64	252
NC_011593.1:c2609546-2608269	NB551033:151:HCYCWBGXB:4:21410:2973:7080#0/1	96.689	151	5	0	1123	1273	1	151	1.30e-64	252
NC_011593.1:c2609546-2608269	NB551033:151:HCYCWBGXB:4:12407:14255:10420#0/1	96.689	151	5	0	1123	1273	1	151	1.30e-64	252
NC_011593.1:c2609546-2608269	NB551033:151:HCYCWBGXB:3:12510:3428:5785#0/1	96.689	151	5	0	1121	1271	1	151	1.30e-64	252
NC_011593.1:c2609546-2608269	NB551033:151:HCYCWBGXB:2:13210:3400:16647#0/1	96.689	151	5	0	1121	1271	1	151	1.30e-64	252
NC_011593.1:c2609546-2608269	NB551033:151:HCYCWBGXB:1:23307:19167:11422#0/1	96.689	151	5	0	904	1054	1	151	1.30e-64	252
NC_011593.1:c2609546-2608269	NB551033:151:HCYCWBGXB:2:12302:6263:13209#0/2	96.667	150	5	0	890	1039	150	1	4.68e-64	250
NC_011593.1:c2609546-2608269	NB551033:151:HCYCWBGXB:3:23411:17707:15877#0/1	96.667	150	5	0	1128	1277	1	150	4.68e-64	250
NC_011593.1:c2609546-2608269	NB551033:151:HCYCWBGXB:2:11201:5279:13441#0/1	96.667	150	5	0	1128	1277	1	150	4.68e-64	250
NC_011593.1:c2609546-2608269	NB551033:151:HCYCWBGXB:2:11105:3360:16181#0/1	96.667	150	5	0	897	1046	150	1	4.68e-64	250
NC_011593.1:c2609546-2608269	NB551033:151:HCYCWBGXB:4:12410:7902:14081#0/2	96.644	149	5	0	1130	1278	151	3	1.68e-63	248
NC_011593.1:c2609546-2608269	NB551033:151:HCYCWBGXB:2:11201:5279:13441#0/2	96.644	149	5	0	1130	1278	151	3	1.68e-63	248
NC_011593.1:c2609546-2608269	NB551033:151:HCYCWBGXB:1:22206:7730:19785#0/2	96.644	149	5	0	1130	1278	150	2	1.68e-63	248
NC_011593.1:c2609546-2608269	NB551033:151:HCYCWBGXB:2:21211:13923:14027#0/1	96.644	149	5	0	898	1046	149	1	1.68e-63	248
NC_011593.1:c2609546-2608269	NB551033:151:HCYCWBGXB:1:11106:4175:11578#0/1	96.644	149	5	0	1130	1278	151	3	1.68e-63	248
NC_011593.1:c2609546-2608269	NB551033:151:HCYCWBGXB:3:21405:4397:17258#0/2	96.622	148	5	0	1131	1278	150	3	6.05e-63	246
NC_011593.1:c2609546-2608269	NB551033:151:HCYCWBGXB:3:12610:3078:8690#0/2	96.026	151	6	0	1110	1260	151	1	6.05e-63	246
NC_011593.1:c2609546-2608269	NB551033:151:HCYCWBGXB:2:13306:19589:14047#0/2	96.026	151	6	0	1110	1260	151	1	6.05e-63	246
NC_011593.1:c2609546-2608269	NB551033:151:HCYCWBGXB:1:13101:26780:9600#0/2	96.622	148	5	0	904	1051	1	148	6.05e-63	246
NC_011593.1:c2609546-2608269	NB551033:151:HCYCWBGXB:3:11505:12168:1140#0/1	96.026	151	6	0	1112	1262	1	151	6.05e-63	246
NC_011593.1:c2609546-2608269	NB551033:151:HCYCWBGXB:1:13301:10427:6982#0/1	96.622	148	5	0	893	1040	1	148	6.05e-63	246
NC_011593.1:c2609546-2608269	NB551033:151:HCYCWBGXB:1:13101:26780:9600#0/1	96.622	148	5	0	904	1051	148	1	6.05e-63	246
NC_011593.1:c2609546-2608269	NB551033:151:HCYCWBGXB:1:13204:20661:10681#0/2	96.599	147	5	0	909	1055	1	147	2.18e-62	244
NC_011593.1:c2609546-2608269	NB551033:151:HCYCWBGXB:3:23612:13622:13844#0/1	96.599	147	5	0	909	1055	1	147	2.18e-62	244
NC_011593.1:c2609546-2608269	NB551033:151:HCYCWBGXB:3:13501:16794:14368#0/1	96.000	150	6	0	1111	1260	150	1	2.18e-62	244
NC_011593.1:c2609546-2608269	NB551033:151:HCYCWBGXB:2:12105:10172:12010#0/1	96.599	147	5	0	1117	1263	3	149	2.18e-62	244
NC_011593.1:c2609546-2608269	NB551033:151:HCYCWBGXB:3:12511:2072:10414#0/2	95.973	149	6	0	910	1058	151	3	7.83e-62	243
NC_011593.1:c2609546-2608269	NB551033:151:HCYCWBGXB:2:11203:16294:13924#0/2	95.973	149	6	0	1130	1278	151	3	7.83e-62	243
NC_011593.1:c2609546-2608269	NB551033:151:HCYCWBGXB:1:21111:19054:2037#0/2	95.973	149	6	0	877	1025	3	151	7.83e-62	243
NC_011593.1:c2609546-2608269	NB551033:151:HCYCWBGXB:4:23505:1988:5552#0/2	95.364	151	7	0	1012	1162	151	1	2.82e-61	241
NC_011593.1:c2609546-2608269	NB551033:151:HCYCWBGXB:4:21409:19859:19275#0/2	95.364	151	7	0	1112	1262	1	151	2.82e-61	241
NC_011593.1:c2609546-2608269	NB551033:151:HCYCWBGXB:3:12411:12270:13295#0/2	95.364	151	7	0	920	1070	1	151	2.82e-61	241
NC_011593.1:c2609546-2608269	NB551033:151:HCYCWBGXB:2:11211:3489:18431#0/2	95.364	151	7	0	608	758	151	1	2.82e-61	241
NC_011593.1:c2609546-2608269	NB551033:151:HCYCWBGXB:1:23212:2901:16901#0/2	95.364	151	7	0	1112	1262	1	151	2.82e-61	241
NC_011593.1:c2609546-2608269	NB551033:151:HCYCWBGXB:1:13210:3813:8746#0/2	95.364	151	7	0	920	1070	1	151	2.82e-61	241
NC_011593.1:c2609546-2608269	NB551033:151:HCYCWBGXB:1:11112:14648:15729#0/2	95.364	151	7	0	608	758	151	1	2.82e-61	241
NC_011593.1:c2609546-2608269	NB551033:151:HCYCWBGXB:4:23505:1988:5552#0/1	95.364	151	7	0	904	1054	1	151	2.82e-61	241
NC_011593.1:c2609546-2608269	NB551033:151:HCYCWBGXB:3:22403:20846:4768#0/1	95.946	148	6	0	919	1066	148	1	2.82e-61	241
NC_011593.1:c2609546-2608269	NB551033:151:HCYCWBGXB:3:13501:26261:13917#0/1	96.552	145	5	0	911	1055	1	145	2.82e-61	241
NC_011593.1:c2609546-2608269	NB551033:151:HCYCWBGXB:2:21310:8185:15492#0/1	95.364	151	7	0	608	758	151	1	2.82e-61	241
NC_011593.1:c2609546-2608269	NB551033:151:HCYCWBGXB:2:13311:7754:18953#0/1	95.364	151	7	0	912	1062	151	1	2.82e-61	241
NC_011593.1:c2609546-2608269	NB551033:151:HCYCWBGXB:1:22206:7730:19785#0/1	96.552	145	5	0	911	1055	1	145	2.82e-61	241
NC_011593.1:c2609546-2608269	NB551033:151:HCYCWBGXB:1:11108:11221:13235#0/1	95.364	151	7	0	608	758	151	1	2.82e-61	241
NC_011593.1:c2609546-2608269	NB551033:151:HCYCWBGXB:4:23601:7369:3321#0/2	95.333	150	7	0	997	1146	150	1	1.01e-60	239
NC_011593.1:c2609546-2608269	NB551033:151:HCYCWBGXB:4:22604:4611:17738#0/2	95.333	150	7	0	1093	1242	1	150	1.01e-60	239
NC_011593.1:c2609546-2608269	NB551033:151:HCYCWBGXB:4:13410:24238:6420#0/2	95.333	150	7	0	917	1066	150	1	1.01e-60	239
NC_011593.1:c2609546-2608269	NB551033:151:HCYCWBGXB:4:12405:23359:6795#0/2	95.333	150	7	0	926	1075	1	150	1.01e-60	239
NC_011593.1:c2609546-2608269	NB551033:151:HCYCWBGXB:4:11505:12313:9464#0/2	95.333	150	7	0	1001	1150	1	150	1.01e-60	239
NC_011593.1:c2609546-2608269	NB551033:151:HCYCWBGXB:4:11402:6569:10564#0/2	95.333	150	7	0	1093	1242	150	1	1.01e-60	239
NC_011593.1:c2609546-2608269	NB551033:151:HCYCWBGXB:3:23510:9187:6244#0/2	95.333	150	7	0	921	1070	1	150	1.01e-60	239
NC_011593.1:c2609546-2608269	NB551033:151:HCYCWBGXB:3:21411:14976:13278#0/2	95.333	150	7	0	917	1066	150	1	1.01e-60	239
NC_011593.1:c2609546-2608269	NB551033:151:HCYCWBGXB:3:13501:26261:13917#0/2	95.918	147	6	0	912	1058	147	1	1.01e-60	239
NC_011593.1:c2609546-2608269	NB551033:151:HCYCWBGXB:3:11402:24402:18172#0/2	95.333	150	7	0	609	758	150	1	1.01e-60	239
NC_011593.1:c2609546-2608269	NB551033:151:HCYCWBGXB:2:12310:12590:2781#0/2	95.333	150	7	0	862	1011	150	1	1.01e-60	239
NC_011593.1:c2609546-2608269	NB551033:151:HCYCWBGXB:2:11106:6943:3425#0/2	95.333	150	7	0	922	1071	150	1	1.01e-60	239
NC_011593.1:c2609546-2608269	NB551033:151:HCYCWBGXB:1:21303:22357:17231#0/2	95.333	150	7	0	1093	1242	1	150	1.01e-60	239
NC_011593.1:c2609546-2608269	NB551033:151:HCYCWBGXB:1:13301:10427:6982#0/2	95.333	150	7	0	997	1146	150	1	1.01e-60	239
NC_011593.1:c2609546-2608269	NB551033:151:HCYCWBGXB:4:11607:3974:10299#0/1	95.333	150	7	0	922	1071	150	1	1.01e-60	239
NC_011593.1:c2609546-2608269	NB551033:151:HCYCWBGXB:3:23403:20703:16268#0/1	95.333	150	7	0	609	758	150	1	1.01e-60	239
NC_011593.1:c2609546-2608269	NB551033:151:HCYCWBGXB:2:22201:23206:16177#0/1	95.333	150	7	0	926	1075	1	150	1.01e-60	239
NC_011593.1:c2609546-2608269	NB551033:151:HCYCWBGXB:2:21107:8966:20017#0/1	95.333	150	7	0	916	1065	1	150	1.01e-60	239
NC_011593.1:c2609546-2608269	NB551033:151:HCYCWBGXB:2:12303:16242:4230#0/1	95.333	150	7	0	1006	1155	1	150	1.01e-60	239
NC_011593.1:c2609546-2608269	NB551033:151:HCYCWBGXB:2:11309:13211:8681#0/1	95.333	150	7	0	997	1146	150	1	1.01e-60	239
NC_011593.1:c2609546-2608269	NB551033:151:HCYCWBGXB:1:21305:8680:19133#0/1	95.333	150	7	0	1005	1154	1	150	1.01e-60	239
NC_011593.1:c2609546-2608269	NB551033:151:HCYCWBGXB:1:21303:22357:17231#0/1	95.333	150	7	0	1093	1242	150	1	1.01e-60	239
NC_011593.1:c2609546-2608269	NB551033:151:HCYCWBGXB:1:21302:23613:12705#0/1	95.333	150	7	0	997	1146	150	1	1.01e-60	239
NC_011593.1:c2609546-2608269	NB551033:151:HCYCWBGXB:1:13101:23170:5250#0/1	96.528	144	5	0	1123	1266	1	144	1.01e-60	239
NC_011593.1:c2609546-2608269	NB551033:151:HCYCWBGXB:1:12106:8950:10761#0/1	95.333	150	7	0	1004	1153	1	150	1.01e-60	239
NC_011593.1:c2609546-2608269	NB551033:151:HCYCWBGXB:4:21411:19718:1263#0/2	95.302	149	7	0	1015	1163	150	2	3.64e-60	237
NC_011593.1:c2609546-2608269	NB551033:151:HCYCWBGXB:2:23304:13329:14851#0/2	95.302	149	7	0	862	1010	2	150	3.64e-60	237
NC_011593.1:c2609546-2608269	NB551033:151:HCYCWBGXB:2:22108:20750:10230#0/2	95.890	146	6	0	1060	1205	3	148	3.64e-60	237
NC_011593.1:c2609546-2608269	NB551033:151:HCYCWBGXB:2:21203:10804:13457#0/2	95.890	146	6	0	1060	1205	3	148	3.64e-60	237
NC_011593.1:c2609546-2608269	NB551033:151:HCYCWBGXB:2:13311:7754:18953#0/2	95.302	149	7	0	862	1010	2	150	3.64e-60	237
NC_011593.1:c2609546-2608269	NB551033:151:HCYCWBGXB:1:23110:5968:17722#0/2	95.302	149	7	0	918	1066	149	1	3.64e-60	237
NC_011593.1:c2609546-2608269	NB551033:151:HCYCWBGXB:1:21104:10939:11272#0/2	95.890	146	6	0	1060	1205	3	148	3.64e-60	237
NC_011593.1:c2609546-2608269	NB551033:151:HCYCWBGXB:1:13101:19742:8750#0/2	95.302	149	7	0	928	1076	149	1	3.64e-60	237
NC_011593.1:c2609546-2608269	NB551033:151:HCYCWBGXB:1:12106:8950:10761#0/2	96.503	143	5	0	1136	1278	150	8	3.64e-60	237
NC_011593.1:c2609546-2608269	NB551033:151:HCYCWBGXB:4:11402:6569:10564#0/1	95.890	146	6	0	1060	1205	3	148	3.64e-60	237
NC_011593.1:c2609546-2608269	NB551033:151:HCYCWBGXB:2:13306:19589:14047#0/1	95.890	146	6	0	1060	1205	3	148	3.64e-60	237
NC_011593.1:c2609546-2608269	NB551033:151:HCYCWBGXB:3:23604:15854:19018#0/2	95.862	145	6	0	1060	1204	3	147	1.31e-59	235
NC_011593.1:c2609546-2608269	NB551033:151:HCYCWBGXB:3:13501:16794:14368#0/2	95.270	148	7	0	1095	1242	1	148	1.31e-59	235
NC_011593.1:c2609546-2608269	NB551033:151:HCYCWBGXB:4:11406:4373:1380#0/1	95.862	145	6	0	1060	1204	145	1	1.31e-59	235
NC_011593.1:c2609546-2608269	NB551033:151:HCYCWBGXB:2:12309:4633:11398#0/1	95.862	145	6	0	1060	1204	145	1	1.31e-59	235
NC_011593.1:c2609546-2608269	NB551033:151:HCYCWBGXB:1:23205:22160:2085#0/1	95.270	148	7	0	1061	1208	150	3	1.31e-59	235
NC_011593.1:c2609546-2608269	NB551033:151:HCYCWBGXB:1:21211:9546:16466#0/1	95.270	148	7	0	1061	1208	150	3	1.31e-59	235
NC_011593.1:c2609546-2608269	NB551033:151:HCYCWBGXB:1:12203:23607:4844#0/1	95.302	149	6	1	880	1028	3	150	1.31e-59	235
NC_011593.1:c2609546-2608269	NB551033:151:HCYCWBGXB:3:11504:23710:4898#0/2	95.238	147	7	0	866	1012	147	1	4.71e-59	233
NC_011593.1:c2609546-2608269	NB551033:151:HCYCWBGXB:4:22407:8858:16220#0/1	96.454	141	5	0	1138	1278	1	141	4.71e-59	233
NC_011593.1:c2609546-2608269	NB551033:151:HCYCWBGXB:4:13410:7199:16751#0/1	95.238	147	7	0	1062	1208	149	3	4.71e-59	233
NC_011593.1:c2609546-2608269	NB551033:151:HCYCWBGXB:2:13112:20868:18039#0/1	95.833	144	6	0	1060	1203	144	1	4.71e-59	233
NC_011593.1:c2609546-2608269	NB551033:151:HCYCWBGXB:1:13210:3813:8746#0/1	95.238	147	7	0	1062	1208	149	3	4.71e-59	233
NC_011593.1:c2609546-2608269	NB551033:151:HCYCWBGXB:3:11407:6180:18661#0/2	95.172	145	7	0	608	752	4	148	6.10e-58	230
NC_011593.1:c2609546-2608269	NB551033:151:HCYCWBGXB:2:13210:3400:16647#0/2	96.403	139	5	0	1140	1278	151	13	6.10e-58	230
NC_011593.1:c2609546-2608269	NB551033:151:HCYCWBGXB:4:12504:1126:4494#0/1	96.377	138	5	0	1123	1260	138	1	2.19e-57	228
NC_011593.1:c2609546-2608269	NB551033:151:HCYCWBGXB:4:12504:1126:4494#0/2	96.350	137	5	0	1123	1259	1	137	7.89e-57	226
NC_011593.1:c2609546-2608269	NB551033:151:HCYCWBGXB:3:11610:11509:1717#0/2	95.000	140	7	0	676	815	3	142	3.67e-55	220
NC_011593.1:c2609546-2608269	NB551033:151:HCYCWBGXB:3:11504:23710:4898#0/1	95.000	140	7	0	676	815	1	140	3.67e-55	220
NC_011593.1:c2609546-2608269	NB551033:151:HCYCWBGXB:1:12201:23980:9400#0/1	95.000	140	7	0	667	806	140	1	3.67e-55	220
NC_011593.1:c2609546-2608269	NB551033:151:HCYCWBGXB:1:23305:10122:5694#0/2	95.588	136	6	0	1068	1203	1	136	1.32e-54	219
NC_011593.1:c2609546-2608269	NB551033:151:HCYCWBGXB:1:23305:10122:5694#0/1	95.588	136	6	0	1068	1203	136	1	1.32e-54	219
NC_011593.1:c2609546-2608269	NB551033:151:HCYCWBGXB:4:23602:11323:9640#0/2	95.522	134	6	0	1060	1193	134	1	1.71e-53	215
NC_011593.1:c2609546-2608269	NB551033:151:HCYCWBGXB:4:23602:11323:9640#0/1	95.522	134	6	0	1060	1193	3	136	1.71e-53	215
NC_011593.1:c2609546-2608269	NB551033:151:HCYCWBGXB:1:23312:4298:14989#0/1	96.183	131	5	0	1148	1278	1	131	1.71e-53	215
NC_011593.1:c2609546-2608269	NB551033:151:HCYCWBGXB:3:23411:17707:15877#0/2	96.154	130	5	0	1149	1278	150	21	6.14e-53	213
NC_011593.1:c2609546-2608269	NB551033:151:HCYCWBGXB:2:12303:16242:4230#0/2	96.154	130	5	0	1149	1278	150	21	6.14e-53	213
NC_011593.1:c2609546-2608269	NB551033:151:HCYCWBGXB:3:22403:5234:3249#0/2	95.312	128	6	0	973	1100	1	128	3.69e-50	204
NC_011593.1:c2609546-2608269	NB551033:151:HCYCWBGXB:2:12105:16978:15170#0/2	96.000	125	5	0	1154	1278	1	125	3.69e-50	204
NC_011593.1:c2609546-2608269	NB551033:151:HCYCWBGXB:3:22403:5234:3249#0/1	95.312	128	6	0	973	1100	129	2	3.69e-50	204
NC_011593.1:c2609546-2608269	NB551033:151:HCYCWBGXB:2:12105:16978:15170#0/1	96.000	125	5	0	1154	1278	151	27	3.69e-50	204
NC_011593.1:c2609546-2608269	NB551033:151:HCYCWBGXB:3:11409:13669:9089#0/2	95.868	121	5	0	1158	1278	1	121	6.18e-48	196
NC_011593.1:c2609546-2608269	NB551033:151:HCYCWBGXB:1:22204:8789:10481#0/2	95.868	121	5	0	1158	1278	141	21	6.18e-48	196
NC_011593.1:c2609546-2608269	NB551033:151:HCYCWBGXB:1:22204:8789:10481#0/1	95.868	121	5	0	1158	1278	1	121	6.18e-48	196
NC_011593.1:c2609546-2608269	NB551033:151:HCYCWBGXB:3:13403:16402:3783#0/2	95.833	120	5	0	1159	1278	1	120	2.22e-47	195
NC_011593.1:c2609546-2608269	NB551033:151:HCYCWBGXB:2:11107:16298:9382#0/1	96.581	117	4	0	1121	1237	117	1	2.22e-47	195
NC_011593.1:c2609546-2608269	NB551033:151:HCYCWBGXB:2:11107:16298:9382#0/2	96.552	116	4	0	1121	1236	1	116	8.00e-47	193
NC_011593.1:c2609546-2608269	NB551033:151:HCYCWBGXB:1:23311:5853:9008#0/2	95.763	118	5	0	1152	1269	1	118	2.88e-46	191
NC_011593.1:c2609546-2608269	NB551033:151:HCYCWBGXB:1:23311:5853:9008#0/1	95.763	118	5	0	1152	1269	118	1	2.88e-46	191
NC_011593.1:c2609546-2608269	NB551033:151:HCYCWBGXB:3:12510:3428:5785#0/2	96.396	111	4	0	1168	1278	151	41	4.81e-44	183
NC_011593.1:c2609546-2608269	NB551033:151:HCYCWBGXB:1:12310:10243:6720#0/2	95.614	114	5	0	1161	1274	1	114	4.81e-44	183
NC_011593.1:c2609546-2608269	NB551033:151:HCYCWBGXB:4:11505:12313:9464#0/1	96.396	111	4	0	1168	1278	151	41	4.81e-44	183
NC_011593.1:c2609546-2608269	NB551033:151:HCYCWBGXB:1:12310:10243:6720#0/1	95.614	114	5	0	1161	1274	114	1	4.81e-44	183
NC_011593.1:c2609546-2608269	NB551033:151:HCYCWBGXB:4:22602:18303:11419#0/2	96.364	110	4	0	1169	1278	1	110	1.73e-43	182
NC_011593.1:c2609546-2608269	NB551033:151:HCYCWBGXB:3:11606:24259:2044#0/2	96.364	110	4	0	862	971	2	111	1.73e-43	182
NC_011593.1:c2609546-2608269	NB551033:151:HCYCWBGXB:3:11606:24259:2044#0/1	96.364	110	4	0	862	971	110	1	1.73e-43	182
NC_011593.1:c2609546-2608269	NB551033:151:HCYCWBGXB:1:23103:24649:18676#0/1	95.536	112	5	0	930	1041	112	1	6.23e-43	180
NC_011593.1:c2609546-2608269	NB551033:151:HCYCWBGXB:3:13611:11530:7528#0/2	96.262	107	4	0	859	965	1	107	8.05e-42	176
NC_011593.1:c2609546-2608269	NB551033:151:HCYCWBGXB:4:12407:14255:10420#0/2	96.226	106	4	0	1173	1278	150	45	2.90e-41	174
NC_011593.1:c2609546-2608269	NB551033:151:HCYCWBGXB:3:23604:15854:19018#0/1	96.190	105	4	0	1174	1278	150	46	1.04e-40	172
NC_011593.1:c2609546-2608269	NB551033:151:HCYCWBGXB:2:12306:7798:3769#0/2	96.117	103	4	0	1176	1278	1	103	1.35e-39	169
NC_011593.1:c2609546-2608269	NB551033:151:HCYCWBGXB:2:12306:7798:3769#0/1	96.117	103	4	0	1176	1278	143	41	1.35e-39	169
NC_011593.1:c2609546-2608269	NB551033:151:HCYCWBGXB:4:12608:16695:7955#0/2	95.192	104	5	0	1060	1163	106	3	1.74e-38	165
NC_011593.1:c2609546-2608269	NB551033:151:HCYCWBGXB:4:12608:16695:7955#0/1	95.192	104	5	0	1060	1163	3	106	1.74e-38	165
NC_011593.1:c2609546-2608269	NB551033:151:HCYCWBGXB:3:22610:19378:18481#0/1	95.192	104	5	0	1060	1163	3	106	1.74e-38	165
NC_011593.1:c2609546-2608269	NB551033:151:HCYCWBGXB:1:11112:5013:7973#0/2	95.146	103	5	0	1060	1162	1	103	6.27e-38	163
NC_011593.1:c2609546-2608269	NB551033:151:HCYCWBGXB:4:13507:1586:4333#0/2	95.098	102	5	0	982	1083	102	1	2.26e-37	161
NC_011593.1:c2609546-2608269	NB551033:151:HCYCWBGXB:3:12510:11116:1572#0/2	95.960	99	4	0	684	782	1	99	2.26e-37	161
NC_011593.1:c2609546-2608269	NB551033:151:HCYCWBGXB:2:22203:19780:13806#0/2	96.842	95	3	0	679	773	1	95	8.11e-37	159
NC_011593.1:c2609546-2608269	NB551033:151:HCYCWBGXB:2:13108:24211:12198#0/2	95.050	101	5	0	1060	1160	101	1	8.11e-37	159
NC_011593.1:c2609546-2608269	NB551033:151:HCYCWBGXB:3:13611:11530:7528#0/1	95.918	98	4	0	871	968	98	1	8.11e-37	159
NC_011593.1:c2609546-2608269	NB551033:151:HCYCWBGXB:2:13108:24211:12198#0/1	95.050	101	5	0	1060	1160	3	103	8.11e-37	159
NC_011593.1:c2609546-2608269	NB551033:151:HCYCWBGXB:2:23111:24999:4144#0/2	96.809	94	3	0	862	955	2	95	2.92e-36	158
NC_011593.1:c2609546-2608269	NB551033:151:HCYCWBGXB:2:23111:24999:4144#0/1	96.809	94	3	0	862	955	94	1	2.92e-36	158
NC_011593.1:c2609546-2608269	NB551033:151:HCYCWBGXB:1:23310:2713:7378#0/1	95.000	100	5	0	967	1066	100	1	2.92e-36	158
NC_011593.1:c2609546-2608269	NB551033:151:HCYCWBGXB:4:11502:13418:6518#0/2	95.745	94	4	0	684	777	94	1	1.36e-34	152
NC_011593.1:c2609546-2608269	NB551033:151:HCYCWBGXB:4:11502:13418:6518#0/1	95.745	94	4	0	684	777	1	94	1.36e-34	152
NC_011593.1:c2609546-2608269	NB551033:151:HCYCWBGXB:4:11403:5573:1977#0/1	95.604	91	4	0	1188	1278	1	91	6.32e-33	147
NC_011593.1:c2609546-2608269	NB551033:151:HCYCWBGXB:3:22409:18039:13278#0/1	95.556	90	4	0	955	1044	1	90	2.27e-32	145
NC_011593.1:c2609546-2608269	NB551033:151:HCYCWBGXB:2:21107:5640:19611#0/2	97.590	83	2	0	888	970	83	1	8.17e-32	143
NC_011593.1:c2609546-2608269	NB551033:151:HCYCWBGXB:2:21107:5640:19611#0/1	97.590	83	2	0	888	970	1	83	8.17e-32	143
NC_011593.1:c2609546-2608269	NB551033:151:HCYCWBGXB:4:11608:15579:16576#0/1	96.429	84	3	0	892	975	84	1	1.06e-30	139
NC_011593.1:c2609546-2608269	NB551033:151:HCYCWBGXB:2:22108:20750:10230#0/1	95.402	87	4	0	1192	1278	150	64	1.06e-30	139
NC_011593.1:c2609546-2608269	NB551033:151:HCYCWBGXB:4:13407:26498:3475#0/2	95.294	85	4	0	955	1039	1	85	1.37e-29	135
NC_011593.1:c2609546-2608269	NB551033:151:HCYCWBGXB:1:11107:20224:16147#0/2	96.341	82	3	0	859	940	1	82	1.37e-29	135
NC_011593.1:c2609546-2608269	NB551033:151:HCYCWBGXB:4:13407:26498:3475#0/1	95.294	85	4	0	955	1039	85	1	1.37e-29	135
NC_011593.1:c2609546-2608269	NB551033:151:HCYCWBGXB:2:13311:2233:17101#0/1	95.294	85	4	0	1194	1278	125	41	1.37e-29	135
NC_011593.1:c2609546-2608269	NB551033:151:HCYCWBGXB:1:11107:20224:16147#0/1	97.468	79	2	0	862	940	79	1	1.37e-29	135
NC_011593.1:c2609546-2608269	NB551033:151:HCYCWBGXB:4:23403:6093:11614#0/2	98.667	75	1	0	881	955	75	1	4.92e-29	134
NC_011593.1:c2609546-2608269	NB551033:151:HCYCWBGXB:4:23611:23760:10869#0/2	95.181	83	4	0	1196	1278	1	83	1.77e-28	132
NC_011593.1:c2609546-2608269	NB551033:151:HCYCWBGXB:4:21610:6171:2856#0/2	95.181	83	4	0	1196	1278	1	83	1.77e-28	132
NC_011593.1:c2609546-2608269	NB551033:151:HCYCWBGXB:4:11611:23691:3299#0/2	95.181	83	4	0	1196	1278	1	83	1.77e-28	132
NC_011593.1:c2609546-2608269	NB551033:151:HCYCWBGXB:3:13611:9012:10045#0/2	95.181	83	4	0	1196	1278	1	83	1.77e-28	132
NC_011593.1:c2609546-2608269	NB551033:151:HCYCWBGXB:2:11301:3548:5107#0/2	96.250	80	3	0	669	748	1	80	1.77e-28	132
NC_011593.1:c2609546-2608269	NB551033:151:HCYCWBGXB:1:21311:22733:1849#0/2	95.181	83	4	0	1196	1278	1	83	1.77e-28	132
NC_011593.1:c2609546-2608269	NB551033:151:HCYCWBGXB:2:11301:3548:5107#0/1	96.250	80	3	0	669	748	80	1	1.77e-28	132
NC_011593.1:c2609546-2608269	NB551033:151:HCYCWBGXB:3:21501:25047:17737#0/2	95.122	82	4	0	1194	1275	82	1	6.36e-28	130
NC_011593.1:c2609546-2608269	NB551033:151:HCYCWBGXB:2:23110:11787:16172#0/2	95.062	81	4	0	854	934	1	81	2.29e-27	128
NC_011593.1:c2609546-2608269	NB551033:151:HCYCWBGXB:2:21303:19602:3980#0/2	95.062	81	4	0	1198	1278	1	81	2.29e-27	128
NC_011593.1:c2609546-2608269	NB551033:151:HCYCWBGXB:2:23110:11787:16172#0/1	95.062	81	4	0	854	934	81	1	2.29e-27	128
NC_011593.1:c2609546-2608269	NB551033:151:HCYCWBGXB:2:12109:12639:11249#0/1	95.000	80	4	0	1196	1275	1	80	8.23e-27	126
NC_011593.1:c2609546-2608269	NB551033:151:HCYCWBGXB:4:22604:4611:17738#0/1	96.970	66	2	0	1213	1278	150	85	2.30e-22	111
NC_011593.1:c2609546-2608269	NB551033:151:HCYCWBGXB:2:13112:24798:5605#0/1	96.970	66	2	0	1213	1278	150	85	2.30e-22	111
NC_011593.1:c2609546-2608269	NB551033:151:HCYCWBGXB:4:22602:18303:11419#0/1	98.361	61	1	0	1218	1278	151	91	2.98e-21	108
NC_011593.1:c2609546-2608269	NB551033:151:HCYCWBGXB:3:21606:25149:3845#0/1	98.333	60	1	0	1219	1278	149	90	1.07e-20	106
NC_011593.1:c2609546-2608269	NB551033:151:HCYCWBGXB:1:21104:10939:11272#0/1	98.333	60	1	0	1219	1278	150	91	1.07e-20	106
NC_011593.1:c2609546-2608269	NB551033:151:HCYCWBGXB:4:22407:8858:16220#0/2	98.305	59	1	0	1220	1278	151	93	3.86e-20	104
NC_011593.1:c2609546-2608269	NB551033:151:HCYCWBGXB:2:21205:8242:4733#0/2	98.276	58	1	0	1221	1278	150	93	1.39e-19	102
NC_011593.1:c2609546-2608269	NB551033:151:HCYCWBGXB:2:11110:25456:19108#0/2	98.276	58	1	0	1221	1278	1	58	1.39e-19	102
NC_011593.1:c2609546-2608269	NB551033:151:HCYCWBGXB:1:11312:11390:8004#0/2	98.276	58	1	0	1221	1278	1	58	1.39e-19	102
NC_011593.1:c2609546-2608269	NB551033:151:HCYCWBGXB:1:11312:11390:8004#0/1	98.276	58	1	0	1221	1278	150	93	1.39e-19	102
NC_011593.1:c2609546-2608269	NB551033:151:HCYCWBGXB:2:21302:10897:3523#0/2	98.214	56	1	0	289	344	151	96	1.79e-18	99.0
NC_011593.1:c2609546-2608269	NB551033:151:HCYCWBGXB:1:11205:18874:16094#0/2	98.039	51	1	0	1228	1278	1	51	1.08e-15	89.8
NC_011593.1:c2609546-2608269	NB551033:151:HCYCWBGXB:4:13412:24262:18058#0/1	98.000	50	1	0	1229	1278	1	50	3.88e-15	87.9
NC_011593.1:c2609546-2608269	NB551033:151:HCYCWBGXB:1:13101:23170:5250#0/2	97.826	46	1	0	1233	1278	125	80	6.50e-13	80.5
NC_011593.1:c2609546-2608269	NB551033:151:HCYCWBGXB:2:21303:5725:4711#0/2	97.778	45	1	0	1234	1278	1	45	2.34e-12	78.7
NC_011593.1:c2609546-2608269	NB551033:151:HCYCWBGXB:2:13212:25546:2009#0/2	97.778	45	1	0	1234	1278	1	45	2.34e-12	78.7
NC_011593.1:c2609546-2608269	NB551033:151:HCYCWBGXB:1:21104:17022:2032#0/2	97.778	45	1	0	1234	1278	135	91	2.34e-12	78.7
NC_011593.1:c2609546-2608269	NB551033:151:HCYCWBGXB:1:21104:17022:2032#0/1	97.778	45	1	0	1234	1278	1	45	2.34e-12	78.7
NC_011593.1:c2609546-2608269	NB551033:151:HCYCWBGXB:2:13102:4288:2123#0/2	97.674	43	1	0	302	344	1	43	3.02e-11	75.0
NC_011593.1:c2609546-2608269	NB551033:151:HCYCWBGXB:1:13209:24196:5130#0/2	97.674	43	1	0	302	344	145	103	3.02e-11	75.0
NC_011593.1:c2609546-2608269	NB551033:151:HCYCWBGXB:3:13606:19111:10878#0/1	97.674	43	1	0	1236	1278	1	43	3.02e-11	75.0
NC_011593.1:c2609546-2608269	NB551033:151:HCYCWBGXB:1:13209:24196:5130#0/1	97.674	43	1	0	302	344	1	43	3.02e-11	75.0
NC_011593.1:c2609546-2608269	NB551033:151:HCYCWBGXB:3:13403:16402:3783#0/1	97.619	42	1	0	1237	1278	150	109	1.09e-10	73.1
NC_011593.1:c2609546-2608269	NB551033:151:HCYCWBGXB:1:21107:13789:3661#0/2	100.000	35	0	0	1244	1278	149	115	1.82e-08	65.8
NC_011593.1:c2609546-2608269	NB551033:151:HCYCWBGXB:1:12203:23607:4844#0/2	100.000	29	0	0	1250	1278	151	123	3.94e-05	54.7
# BLASTN 2.9.0+
# Query: NC_011593.1:c2610356-2609697 Bifidobacterium longum subsp. infantis ATCC 15697, complete genome
# Database: db/blast_C0739-2F-1A_S28.faa
# 0 hits found
# BLASTN 2.9.0+
# Query: NC_011593.1:c2611458-2610496 Bifidobacterium longum subsp. infantis ATCC 15697, complete genome
# Database: db/blast_C0739-2F-1A_S28.faa
# 0 hits found
# BLASTN 2.9.0+
# Query: NC_011593.1:c2612430-2611477 Bifidobacterium longum subsp. infantis ATCC 15697, complete genome
# Database: db/blast_C0739-2F-1A_S28.faa
# 0 hits found
# BLASTN 2.9.0+
# Query: NC_011593.1:c2614109-2612517 Bifidobacterium longum subsp. infantis ATCC 15697, complete genome
# Database: db/blast_C0739-2F-1A_S28.faa
# 0 hits found
# BLASTN 2.9.0+
# Query: NC_011593.1:c2615274-2614312 Bifidobacterium longum subsp. infantis ATCC 15697, complete genome
# Database: db/blast_C0739-2F-1A_S28.faa
# 0 hits found
# BLASTN 2.9.0+
# Query: NC_011593.1:c2616246-2615293 Bifidobacterium longum subsp. infantis ATCC 15697, complete genome
# Database: db/blast_C0739-2F-1A_S28.faa
# 0 hits found
# BLASTN 2.9.0+
# Query: NC_011593.1:c2617928-2616333 Bifidobacterium longum subsp. infantis ATCC 15697, complete genome
# Database: db/blast_C0739-2F-1A_S28.faa
# 0 hits found
# BLASTN 2.9.0+
# Query: NC_011593.1:c2619247-2618063 Bifidobacterium longum subsp. infantis ATCC 15697, complete genome
# Database: db/blast_C0739-2F-1A_S28.faa
# 0 hits found
# BLASTN 2.9.0+
# Query: NC_011593.1:c2620369-2619413 Bifidobacterium longum subsp. infantis ATCC 15697, complete genome
# Database: db/blast_C0739-2F-1A_S28.faa
# 0 hits found
# BLASTN 2.9.0+
# Query: NC_011593.1:c2622143-2620551 Bifidobacterium longum subsp. infantis ATCC 15697, complete genome
# Database: db/blast_C0739-2F-1A_S28.faa
# 0 hits found
# BLASTN 2.9.0+
# Query: NC_011593.1:c2624124-2622520 Bifidobacterium longum subsp. infantis ATCC 15697, complete genome
# Database: db/blast_C0739-2F-1A_S28.faa
# 0 hits found
# BLASTN 2.9.0+
# Query: NC_011593.1:c2626110-2624512 Bifidobacterium longum subsp. infantis ATCC 15697, complete genome
# Database: db/blast_C0739-2F-1A_S28.faa
# 0 hits found
# BLASTN 2.9.0+
# Query: NC_011593.1:c2626386-2626264 Bifidobacterium longum subsp. infantis ATCC 15697, complete genome
# Database: db/blast_C0739-2F-1A_S28.faa
# 0 hits found
# BLASTN 2.9.0+
# Query: NC_011593.1:c2628158-2626563 Bifidobacterium longum subsp. infantis ATCC 15697, complete genome
# Database: db/blast_C0739-2F-1A_S28.faa
# 0 hits found
# BLASTN 2.9.0+
# Query: NC_011593.1:c2630269-2628314 Bifidobacterium longum subsp. infantis ATCC 15697, complete genome
# Database: db/blast_C0739-2F-1A_S28.faa
# 0 hits found
# BLASTN 2.9.0+
# Query: NC_011593.1:c2631106-2630366 Bifidobacterium longum subsp. infantis ATCC 15697, complete genome
# Database: db/blast_C0739-2F-1A_S28.faa
# 0 hits found
# BLASTN 2.9.0+
# Query: NC_011593.1:c2632432-2631140 Bifidobacterium longum subsp. infantis ATCC 15697, complete genome
# Database: db/blast_C0739-2F-1A_S28.faa
# 0 hits found
# BLASTN 2.9.0+
# Query: NC_011593.1:c2633881-2632562 Bifidobacterium longum subsp. infantis ATCC 15697, complete genome
# Database: db/blast_C0739-2F-1A_S28.faa
# 0 hits found
# BLASTN 2.9.0+
# Query: NC_011593.1:c2634683-2633865 Bifidobacterium longum subsp. infantis ATCC 15697, complete genome
# Database: db/blast_C0739-2F-1A_S28.faa
# 0 hits found
# BLASTN 2.9.0+
# Query: NC_011593.1:c2635627-2634680 Bifidobacterium longum subsp. infantis ATCC 15697, complete genome
# Database: db/blast_C0739-2F-1A_S28.faa
# 0 hits found
# BLASTN 2.9.0+
# Query: NC_011593.1:c2636747-2635629 Bifidobacterium longum subsp. infantis ATCC 15697, complete genome
# Database: db/blast_C0739-2F-1A_S28.faa
# 0 hits found
# BLAST processed 31 queries
