# BLASTN 2.9.0+
# Query: NC_011593.1:c2595355-2593832 Bifidobacterium longum subsp. infantis ATCC 15697, complete genome
# Database: db/blast_C0767-1E-1A_S42.faa
# Fields: query acc.ver, subject acc.ver, % identity, alignment length, mismatches, gap opens, q. start, q. end, s. start, s. end, evalue, bit score
# 62 hits found
NC_011593.1:c2595355-2593832	NB551033:109:HG7V5BGX9:1:12202:26552:18520#0/2	99.338	151	1	0	932	1082	151	1	5.12e-72	274
NC_011593.1:c2595355-2593832	NB551033:109:HG7V5BGX9:4:23509:8593:11200#0/1	99.333	150	1	0	986	1135	150	1	1.84e-71	272
NC_011593.1:c2595355-2593832	NB551033:109:HG7V5BGX9:2:21111:17381:8796#0/2	98.675	151	2	0	962	1112	1	151	2.38e-70	268
NC_011593.1:c2595355-2593832	NB551033:109:HG7V5BGX9:2:12203:6133:19120#0/2	98.675	151	2	0	512	662	1	151	2.38e-70	268
NC_011593.1:c2595355-2593832	NB551033:109:HG7V5BGX9:3:11610:12059:15471#0/1	98.667	150	2	0	936	1085	150	1	8.58e-70	267
NC_011593.1:c2595355-2593832	NB551033:109:HG7V5BGX9:2:21111:17381:8796#0/1	98.667	150	2	0	989	1138	150	1	8.58e-70	267
NC_011593.1:c2595355-2593832	NB551033:109:HG7V5BGX9:4:13404:17671:19247#0/2	99.310	145	1	0	999	1143	145	1	1.11e-68	263
NC_011593.1:c2595355-2593832	NB551033:109:HG7V5BGX9:2:12203:6133:19120#0/1	98.649	148	2	0	531	678	150	3	1.11e-68	263
NC_011593.1:c2595355-2593832	NB551033:109:HG7V5BGX9:1:21101:5410:16664#0/2	98.000	150	3	0	1059	1208	150	1	3.99e-68	261
NC_011593.1:c2595355-2593832	NB551033:109:HG7V5BGX9:3:21402:11763:16276#0/1	98.000	150	3	0	94	243	1	150	3.99e-68	261
NC_011593.1:c2595355-2593832	NB551033:109:HG7V5BGX9:2:12311:2347:15122#0/2	97.333	150	4	0	686	835	1	150	1.86e-66	255
NC_011593.1:c2595355-2593832	NB551033:109:HG7V5BGX9:1:22305:7495:10387#0/2	97.333	150	4	0	53	202	150	1	1.86e-66	255
NC_011593.1:c2595355-2593832	NB551033:109:HG7V5BGX9:2:12311:2347:15122#0/1	97.333	150	4	0	870	1019	150	1	1.86e-66	255
NC_011593.1:c2595355-2593832	NB551033:109:HG7V5BGX9:1:23205:22444:17452#0/1	97.333	150	4	0	859	1008	150	1	1.86e-66	255
NC_011593.1:c2595355-2593832	NB551033:109:HG7V5BGX9:1:21101:5410:16664#0/1	97.333	150	4	0	842	991	1	150	1.86e-66	255
NC_011593.1:c2595355-2593832	NB551033:109:HG7V5BGX9:1:12202:26552:18520#0/1	97.333	150	4	0	869	1018	1	150	1.86e-66	255
NC_011593.1:c2595355-2593832	NB551033:109:HG7V5BGX9:3:11610:12059:15471#0/2	97.315	149	4	0	850	998	1	149	6.68e-66	254
NC_011593.1:c2595355-2593832	NB551033:109:HG7V5BGX9:1:12201:1140:18521#0/1	97.315	149	4	0	869	1017	1	149	6.68e-66	254
NC_011593.1:c2595355-2593832	NB551033:109:HG7V5BGX9:4:23509:8593:11200#0/2	96.667	150	5	0	842	991	1	150	8.64e-65	250
NC_011593.1:c2595355-2593832	NB551033:109:HG7V5BGX9:2:11108:2838:8098#0/1	99.270	137	1	0	904	1040	137	1	3.11e-64	248
NC_011593.1:c2595355-2593832	NB551033:109:HG7V5BGX9:1:22305:7495:10387#0/1	97.241	145	4	0	52	196	6	150	1.12e-63	246
NC_011593.1:c2595355-2593832	NB551033:109:HG7V5BGX9:4:12510:6794:19667#0/2	97.872	141	3	0	94	234	1	141	4.02e-63	244
NC_011593.1:c2595355-2593832	NB551033:109:HG7V5BGX9:4:12510:6794:19667#0/1	97.872	141	3	0	94	234	143	3	4.02e-63	244
NC_011593.1:c2595355-2593832	NB551033:109:HG7V5BGX9:4:12409:23354:12656#0/2	99.248	133	1	0	949	1081	133	1	5.20e-62	241
NC_011593.1:c2595355-2593832	NB551033:109:HG7V5BGX9:3:21402:11763:16276#0/2	95.364	151	7	0	219	369	151	1	5.20e-62	241
NC_011593.1:c2595355-2593832	NB551033:109:HG7V5BGX9:2:11108:2838:8098#0/2	98.529	136	2	0	904	1039	3	138	5.20e-62	241
NC_011593.1:c2595355-2593832	NB551033:109:HG7V5BGX9:3:22611:21253:5598#0/1	95.918	147	6	0	204	350	1	147	1.87e-61	239
NC_011593.1:c2595355-2593832	NB551033:109:HG7V5BGX9:4:22611:3318:8855#0/2	99.206	126	1	0	1032	1157	126	1	4.05e-58	228
NC_011593.1:c2595355-2593832	NB551033:109:HG7V5BGX9:4:22611:3318:8855#0/1	99.206	126	1	0	1032	1157	1	126	4.05e-58	228
NC_011593.1:c2595355-2593832	NB551033:109:HG7V5BGX9:1:23211:25067:6610#0/2	99.194	124	1	0	727	850	124	1	5.23e-57	224
NC_011593.1:c2595355-2593832	NB551033:109:HG7V5BGX9:1:23211:25067:6610#0/1	99.194	124	1	0	727	850	1	124	5.23e-57	224
NC_011593.1:c2595355-2593832	NB551033:109:HG7V5BGX9:1:13110:23987:19452#0/1	97.521	121	3	0	1350	1470	151	31	5.27e-52	207
NC_011593.1:c2595355-2593832	NB551033:109:HG7V5BGX9:3:22611:21253:5598#0/2	95.238	126	6	0	296	421	126	1	8.82e-50	200
NC_011593.1:c2595355-2593832	NB551033:109:HG7V5BGX9:1:12201:1140:18521#0/2	99.099	111	1	0	972	1082	111	1	8.82e-50	200
NC_011593.1:c2595355-2593832	NB551033:109:HG7V5BGX9:4:22505:22527:11802#0/2	99.091	110	1	0	727	836	110	1	3.17e-49	198
NC_011593.1:c2595355-2593832	NB551033:109:HG7V5BGX9:4:13608:14502:11759#0/2	97.414	116	3	0	52	167	1	116	3.17e-49	198
NC_011593.1:c2595355-2593832	NB551033:109:HG7V5BGX9:4:22505:22527:11802#0/1	99.091	110	1	0	727	836	1	110	3.17e-49	198
NC_011593.1:c2595355-2593832	NB551033:109:HG7V5BGX9:4:13608:14502:11759#0/1	97.414	116	3	0	52	167	116	1	3.17e-49	198
NC_011593.1:c2595355-2593832	NB551033:109:HG7V5BGX9:3:11606:25639:13637#0/2	95.000	120	6	0	261	380	120	1	1.91e-46	189
NC_011593.1:c2595355-2593832	NB551033:109:HG7V5BGX9:1:12311:22918:15413#0/2	96.396	111	4	0	165	275	111	1	8.88e-45	183
NC_011593.1:c2595355-2593832	NB551033:109:HG7V5BGX9:1:12311:22918:15413#0/1	96.396	111	4	0	165	275	1	111	8.88e-45	183
NC_011593.1:c2595355-2593832	NB551033:109:HG7V5BGX9:1:23205:22444:17452#0/2	97.030	101	3	0	858	958	1	101	6.92e-41	171
NC_011593.1:c2595355-2593832	NB551033:109:HG7V5BGX9:1:13106:5481:12504#0/2	96.667	90	3	0	1381	1470	150	61	9.01e-35	150
NC_011593.1:c2595355-2593832	NB551033:109:HG7V5BGX9:3:23406:23852:16392#0/2	96.552	87	3	0	52	138	87	1	4.19e-33	145
NC_011593.1:c2595355-2593832	NB551033:109:HG7V5BGX9:2:11210:14152:7079#0/2	100.000	78	0	0	1013	1090	1	78	4.19e-33	145
NC_011593.1:c2595355-2593832	NB551033:109:HG7V5BGX9:3:11410:24757:9754#0/1	98.765	81	1	0	1311	1391	83	3	4.19e-33	145
NC_011593.1:c2595355-2593832	NB551033:109:HG7V5BGX9:2:11210:14152:7079#0/1	100.000	78	0	0	1013	1090	78	1	4.19e-33	145
NC_011593.1:c2595355-2593832	NB551033:109:HG7V5BGX9:3:23406:23852:16392#0/1	96.512	86	3	0	52	137	6	91	1.51e-32	143
NC_011593.1:c2595355-2593832	NB551033:109:HG7V5BGX9:4:12409:23354:12656#0/1	98.684	76	1	0	949	1024	1	76	2.52e-30	135
NC_011593.1:c2595355-2593832	NB551033:109:HG7V5BGX9:3:13507:20593:15688#0/2	97.436	78	2	0	1393	1470	1	78	9.07e-30	134
NC_011593.1:c2595355-2593832	NB551033:109:HG7V5BGX9:2:21108:7999:1821#0/2	98.649	74	1	0	364	437	74	1	3.26e-29	132
NC_011593.1:c2595355-2593832	NB551033:109:HG7V5BGX9:3:11410:24757:9754#0/2	98.592	71	1	0	1311	1381	1	71	1.52e-27	126
NC_011593.1:c2595355-2593832	NB551033:109:HG7V5BGX9:1:13106:5481:12504#0/1	97.297	74	2	0	1301	1374	1	74	1.52e-27	126
NC_011593.1:c2595355-2593832	NB551033:109:HG7V5BGX9:1:21309:20548:5716#0/2	97.183	71	2	0	1400	1470	1	71	7.06e-26	121
NC_011593.1:c2595355-2593832	NB551033:109:HG7V5BGX9:1:21309:20548:5716#0/1	97.183	71	2	0	1400	1470	118	48	7.06e-26	121
NC_011593.1:c2595355-2593832	NB551033:109:HG7V5BGX9:3:11606:25639:13637#0/1	97.143	70	2	0	261	330	1	70	2.54e-25	119
NC_011593.1:c2595355-2593832	NB551033:109:HG7V5BGX9:2:21108:7999:1821#0/1	98.485	66	1	0	265	330	2	67	9.14e-25	117
NC_011593.1:c2595355-2593832	NB551033:109:HG7V5BGX9:1:23104:4196:6220#0/2	98.438	64	1	0	94	157	64	1	1.18e-23	113
NC_011593.1:c2595355-2593832	NB551033:109:HG7V5BGX9:1:23104:4196:6220#0/1	98.438	64	1	0	94	157	1	64	1.18e-23	113
NC_011593.1:c2595355-2593832	NB551033:109:HG7V5BGX9:4:13404:17671:19247#0/1	100.000	59	0	0	997	1055	1	59	1.53e-22	110
NC_011593.1:c2595355-2593832	NB551033:109:HG7V5BGX9:1:23212:20212:8332#0/2	100.000	49	0	0	1343	1391	1	49	5.54e-17	91.6
NC_011593.1:c2595355-2593832	NB551033:109:HG7V5BGX9:3:22408:2868:13434#0/2	100.000	32	0	0	1439	1470	1	32	1.56e-07	60.2
# BLASTN 2.9.0+
# Query: NC_011593.1:c2597106-2595574 Bifidobacterium longum subsp. infantis ATCC 15697, complete genome
# Database: db/blast_C0767-1E-1A_S42.faa
# Fields: query acc.ver, subject acc.ver, % identity, alignment length, mismatches, gap opens, q. start, q. end, s. start, s. end, evalue, bit score
# 13 hits found
NC_011593.1:c2597106-2595574	NB551033:109:HG7V5BGX9:3:13507:20593:15688#0/2	97.436	78	2	0	1393	1470	1	78	9.13e-30	134
NC_011593.1:c2597106-2595574	NB551033:109:HG7V5BGX9:1:21309:20548:5716#0/2	97.183	71	2	0	1400	1470	1	71	7.11e-26	121
NC_011593.1:c2597106-2595574	NB551033:109:HG7V5BGX9:1:21309:20548:5716#0/1	97.183	71	2	0	1400	1470	118	48	7.11e-26	121
NC_011593.1:c2597106-2595574	NB551033:109:HG7V5BGX9:4:21403:8673:13494#0/2	100.000	62	0	0	1	62	89	150	3.31e-24	115
NC_011593.1:c2597106-2595574	NB551033:109:HG7V5BGX9:3:11606:25639:13637#0/1	95.714	70	3	0	261	330	1	70	1.19e-23	113
NC_011593.1:c2597106-2595574	NB551033:109:HG7V5BGX9:2:21108:7999:1821#0/1	96.970	66	2	0	265	330	2	67	4.28e-23	111
NC_011593.1:c2597106-2595574	NB551033:109:HG7V5BGX9:1:23110:5918:11381#0/2	100.000	55	0	0	1	55	55	1	2.57e-20	102
NC_011593.1:c2597106-2595574	NB551033:109:HG7V5BGX9:4:22408:17956:14588#0/1	100.000	55	0	0	1	55	73	127	2.57e-20	102
NC_011593.1:c2597106-2595574	NB551033:109:HG7V5BGX9:1:23110:5918:11381#0/1	100.000	55	0	0	1	55	72	126	2.57e-20	102
NC_011593.1:c2597106-2595574	NB551033:109:HG7V5BGX9:4:22408:17956:14588#0/2	100.000	52	0	0	4	55	52	1	1.20e-18	97.1
NC_011593.1:c2597106-2595574	NB551033:109:HG7V5BGX9:3:21507:17058:17105#0/2	100.000	34	0	0	1	34	17	50	1.21e-08	63.9
NC_011593.1:c2597106-2595574	NB551033:109:HG7V5BGX9:3:21507:17058:17105#0/1	100.000	34	0	0	1	34	34	1	1.21e-08	63.9
NC_011593.1:c2597106-2595574	NB551033:109:HG7V5BGX9:3:22408:2868:13434#0/2	100.000	32	0	0	1439	1470	1	32	1.57e-07	60.2
# BLASTN 2.9.0+
# Query: NC_011593.1:c2598562-2597207 Bifidobacterium longum subsp. infantis ATCC 15697, complete genome
# Database: db/blast_C0767-1E-1A_S42.faa
# Fields: query acc.ver, subject acc.ver, % identity, alignment length, mismatches, gap opens, q. start, q. end, s. start, s. end, evalue, bit score
# 236 hits found
NC_011593.1:c2598562-2597207	NB551033:109:HG7V5BGX9:4:12603:10125:2169#0/2	100.000	151	0	0	693	843	1	151	9.78e-74	279
NC_011593.1:c2598562-2597207	NB551033:109:HG7V5BGX9:2:12302:26182:9778#0/2	100.000	151	0	0	1074	1224	151	1	9.78e-74	279
NC_011593.1:c2598562-2597207	NB551033:109:HG7V5BGX9:2:12209:5583:7269#0/2	100.000	151	0	0	254	404	1	151	9.78e-74	279
NC_011593.1:c2598562-2597207	NB551033:109:HG7V5BGX9:1:21108:20780:5089#0/2	100.000	151	0	0	884	1034	1	151	9.78e-74	279
NC_011593.1:c2598562-2597207	NB551033:109:HG7V5BGX9:4:22409:25130:8796#0/1	100.000	151	0	0	1176	1326	1	151	9.78e-74	279
NC_011593.1:c2598562-2597207	NB551033:109:HG7V5BGX9:3:21405:8833:16109#0/1	100.000	151	0	0	278	428	1	151	9.78e-74	279
NC_011593.1:c2598562-2597207	NB551033:109:HG7V5BGX9:2:21306:17247:15086#0/1	100.000	151	0	0	602	752	1	151	9.78e-74	279
NC_011593.1:c2598562-2597207	NB551033:109:HG7V5BGX9:4:11605:10559:3818#0/2	100.000	150	0	0	611	760	150	1	3.52e-73	278
NC_011593.1:c2598562-2597207	NB551033:109:HG7V5BGX9:3:22511:22110:2895#0/2	100.000	150	0	0	612	761	150	1	3.52e-73	278
NC_011593.1:c2598562-2597207	NB551033:109:HG7V5BGX9:2:23302:7907:12694#0/2	100.000	150	0	0	819	968	150	1	3.52e-73	278
NC_011593.1:c2598562-2597207	NB551033:109:HG7V5BGX9:2:22206:21483:11330#0/2	100.000	150	0	0	289	438	1	150	3.52e-73	278
NC_011593.1:c2598562-2597207	NB551033:109:HG7V5BGX9:2:22201:10971:13824#0/2	100.000	150	0	0	888	1037	150	1	3.52e-73	278
NC_011593.1:c2598562-2597207	NB551033:109:HG7V5BGX9:2:22102:2138:1377#0/2	100.000	150	0	0	597	746	150	1	3.52e-73	278
NC_011593.1:c2598562-2597207	NB551033:109:HG7V5BGX9:2:21306:17247:15086#0/2	100.000	150	0	0	729	878	150	1	3.52e-73	278
NC_011593.1:c2598562-2597207	NB551033:109:HG7V5BGX9:1:23106:2580:8883#0/2	100.000	150	0	0	534	683	1	150	3.52e-73	278
NC_011593.1:c2598562-2597207	NB551033:109:HG7V5BGX9:4:12603:10125:2169#0/1	100.000	150	0	0	821	970	150	1	3.52e-73	278
NC_011593.1:c2598562-2597207	NB551033:109:HG7V5BGX9:4:11605:10559:3818#0/1	100.000	150	0	0	504	653	1	150	3.52e-73	278
NC_011593.1:c2598562-2597207	NB551033:109:HG7V5BGX9:3:22404:17441:12344#0/1	100.000	150	0	0	220	369	1	150	3.52e-73	278
NC_011593.1:c2598562-2597207	NB551033:109:HG7V5BGX9:2:22206:21483:11330#0/1	100.000	150	0	0	320	469	150	1	3.52e-73	278
NC_011593.1:c2598562-2597207	NB551033:109:HG7V5BGX9:1:12108:8465:18250#0/1	100.000	150	0	0	1164	1313	150	1	3.52e-73	278
NC_011593.1:c2598562-2597207	NB551033:109:HG7V5BGX9:2:22201:10971:13824#0/1	100.000	149	0	0	716	864	1	149	1.26e-72	276
NC_011593.1:c2598562-2597207	NB551033:109:HG7V5BGX9:3:21605:20077:6334#0/2	99.342	152	0	1	672	823	151	1	4.55e-72	274
NC_011593.1:c2598562-2597207	NB551033:109:HG7V5BGX9:3:11512:16214:4116#0/2	99.338	151	1	0	283	433	1	151	4.55e-72	274
NC_011593.1:c2598562-2597207	NB551033:109:HG7V5BGX9:3:21605:20077:6334#0/1	100.000	148	0	0	656	803	1	148	4.55e-72	274
NC_011593.1:c2598562-2597207	NB551033:109:HG7V5BGX9:4:13609:9838:7422#0/2	99.333	150	1	0	894	1043	1	150	1.64e-71	272
NC_011593.1:c2598562-2597207	NB551033:109:HG7V5BGX9:3:23504:6082:4297#0/2	99.333	150	1	0	51	200	1	150	1.64e-71	272
NC_011593.1:c2598562-2597207	NB551033:109:HG7V5BGX9:3:13408:14268:3970#0/2	99.333	150	1	0	161	310	1	150	1.64e-71	272
NC_011593.1:c2598562-2597207	NB551033:109:HG7V5BGX9:2:22204:18881:7726#0/2	99.338	151	0	1	738	888	1	150	1.64e-71	272
NC_011593.1:c2598562-2597207	NB551033:109:HG7V5BGX9:2:12209:12920:10993#0/2	99.333	150	1	0	1091	1240	150	1	1.64e-71	272
NC_011593.1:c2598562-2597207	NB551033:109:HG7V5BGX9:2:11212:7672:8553#0/2	99.333	150	1	0	334	483	150	1	1.64e-71	272
NC_011593.1:c2598562-2597207	NB551033:109:HG7V5BGX9:2:22204:18881:7726#0/1	99.338	151	0	1	757	907	150	1	1.64e-71	272
NC_011593.1:c2598562-2597207	NB551033:109:HG7V5BGX9:2:21304:25702:7798#0/1	99.333	150	1	0	1170	1319	150	1	1.64e-71	272
NC_011593.1:c2598562-2597207	NB551033:109:HG7V5BGX9:1:23302:26770:7261#0/1	99.333	150	1	0	738	887	1	150	1.64e-71	272
NC_011593.1:c2598562-2597207	NB551033:109:HG7V5BGX9:2:22302:20339:19752#0/1	99.333	150	0	1	784	933	1	149	5.89e-71	270
NC_011593.1:c2598562-2597207	NB551033:109:HG7V5BGX9:2:22102:2138:1377#0/1	100.000	146	0	0	533	678	1	146	5.89e-71	270
NC_011593.1:c2598562-2597207	NB551033:109:HG7V5BGX9:1:23106:2580:8883#0/1	100.000	145	0	0	591	735	145	1	2.12e-70	268
NC_011593.1:c2598562-2597207	NB551033:109:HG7V5BGX9:2:12105:12852:18098#0/2	99.320	147	1	0	147	293	1	147	7.61e-70	267
NC_011593.1:c2598562-2597207	NB551033:109:HG7V5BGX9:1:21107:22519:17301#0/1	100.000	144	0	0	617	760	144	1	7.61e-70	267
NC_011593.1:c2598562-2597207	NB551033:109:HG7V5BGX9:3:21601:21550:4969#0/2	99.315	146	1	0	413	558	1	146	2.74e-69	265
NC_011593.1:c2598562-2597207	NB551033:109:HG7V5BGX9:2:12302:26182:9778#0/1	100.000	143	0	0	1060	1202	8	150	2.74e-69	265
NC_011593.1:c2598562-2597207	NB551033:109:HG7V5BGX9:1:12108:11988:14061#0/1	100.000	143	0	0	1064	1206	143	1	2.74e-69	265
NC_011593.1:c2598562-2597207	NB551033:109:HG7V5BGX9:2:11212:7672:8553#0/1	99.306	144	1	0	276	419	1	144	3.54e-68	261
NC_011593.1:c2598562-2597207	NB551033:109:HG7V5BGX9:3:12402:24505:2218#0/1	100.000	140	0	0	158	297	1	140	1.27e-67	259
NC_011593.1:c2598562-2597207	NB551033:109:HG7V5BGX9:1:21104:11563:4459#0/1	99.296	142	1	0	1215	1356	143	2	4.58e-67	257
NC_011593.1:c2598562-2597207	NB551033:109:HG7V5BGX9:4:23610:10242:14936#0/2	99.286	140	1	0	161	300	1	140	5.93e-66	254
NC_011593.1:c2598562-2597207	NB551033:109:HG7V5BGX9:1:12108:8465:18250#0/2	100.000	136	0	0	1111	1246	1	136	2.13e-65	252
NC_011593.1:c2598562-2597207	NB551033:109:HG7V5BGX9:3:11612:2809:5014#0/1	100.000	136	0	0	1143	1278	1	136	2.13e-65	252
NC_011593.1:c2598562-2597207	NB551033:109:HG7V5BGX9:2:13212:21940:16365#0/1	100.000	136	0	0	908	1043	136	1	2.13e-65	252
NC_011593.1:c2598562-2597207	NB551033:109:HG7V5BGX9:2:13212:21940:16365#0/2	100.000	135	0	0	908	1042	1	135	7.67e-65	250
NC_011593.1:c2598562-2597207	NB551033:109:HG7V5BGX9:1:21110:25322:13048#0/2	100.000	135	0	0	16	150	135	1	7.67e-65	250
NC_011593.1:c2598562-2597207	NB551033:109:HG7V5BGX9:3:22511:22110:2895#0/1	100.000	135	0	0	600	734	1	135	7.67e-65	250
NC_011593.1:c2598562-2597207	NB551033:109:HG7V5BGX9:4:22409:25130:8796#0/2	97.902	143	3	0	1195	1337	143	1	2.76e-64	248
NC_011593.1:c2598562-2597207	NB551033:109:HG7V5BGX9:2:12301:14199:5621#0/2	100.000	134	0	0	931	1064	135	2	2.76e-64	248
NC_011593.1:c2598562-2597207	NB551033:109:HG7V5BGX9:1:21107:22519:17301#0/2	100.000	134	0	0	504	637	1	134	2.76e-64	248
NC_011593.1:c2598562-2597207	NB551033:109:HG7V5BGX9:2:12301:14199:5621#0/1	100.000	134	0	0	931	1064	1	134	2.76e-64	248
NC_011593.1:c2598562-2597207	NB551033:109:HG7V5BGX9:1:21110:25322:13048#0/1	100.000	134	0	0	16	149	1	134	2.76e-64	248
NC_011593.1:c2598562-2597207	NB551033:109:HG7V5BGX9:3:11612:2809:5014#0/2	99.265	136	1	0	1143	1278	136	1	9.92e-64	246
NC_011593.1:c2598562-2597207	NB551033:109:HG7V5BGX9:1:22107:13761:4902#0/1	100.000	133	0	0	932	1064	150	18	9.92e-64	246
NC_011593.1:c2598562-2597207	NB551033:109:HG7V5BGX9:4:12506:1363:8576#0/2	100.000	132	0	0	933	1064	150	19	3.57e-63	244
NC_011593.1:c2598562-2597207	NB551033:109:HG7V5BGX9:1:22107:13761:4902#0/2	100.000	132	0	0	843	974	1	132	3.57e-63	244
NC_011593.1:c2598562-2597207	NB551033:109:HG7V5BGX9:1:23301:1249:7271#0/1	99.259	135	1	0	738	872	1	135	3.57e-63	244
NC_011593.1:c2598562-2597207	NB551033:109:HG7V5BGX9:1:21104:11563:4459#0/2	100.000	129	0	0	1215	1343	1	129	1.66e-61	239
NC_011593.1:c2598562-2597207	NB551033:109:HG7V5BGX9:2:23112:12592:2096#0/2	99.237	131	1	0	504	634	1	131	5.97e-61	237
NC_011593.1:c2598562-2597207	NB551033:109:HG7V5BGX9:4:13609:9838:7422#0/1	100.000	127	0	0	938	1064	150	24	2.15e-60	235
NC_011593.1:c2598562-2597207	NB551033:109:HG7V5BGX9:2:11301:8270:7809#0/1	100.000	126	0	0	1060	1185	25	150	7.72e-60	233
NC_011593.1:c2598562-2597207	NB551033:109:HG7V5BGX9:1:21107:14136:10034#0/1	100.000	126	0	0	172	297	1	126	7.72e-60	233
NC_011593.1:c2598562-2597207	NB551033:109:HG7V5BGX9:3:21405:8833:16109#0/2	100.000	123	0	0	318	440	123	1	3.59e-58	228
NC_011593.1:c2598562-2597207	NB551033:109:HG7V5BGX9:2:23302:7907:12694#0/1	100.000	123	0	0	660	782	1	123	3.59e-58	228
NC_011593.1:c2598562-2597207	NB551033:109:HG7V5BGX9:4:21511:15184:6807#0/2	100.000	120	0	0	58	177	1	120	1.67e-56	222
NC_011593.1:c2598562-2597207	NB551033:109:HG7V5BGX9:2:23309:26443:15893#0/2	99.187	123	1	0	1060	1182	123	1	1.67e-56	222
NC_011593.1:c2598562-2597207	NB551033:109:HG7V5BGX9:1:12104:1769:3053#0/2	100.000	119	0	0	329	447	1	119	6.01e-56	220
NC_011593.1:c2598562-2597207	NB551033:109:HG7V5BGX9:4:11401:4910:1520#0/1	98.387	124	2	0	1110	1233	124	1	2.16e-55	219
NC_011593.1:c2598562-2597207	NB551033:109:HG7V5BGX9:3:21601:21550:4969#0/1	100.000	118	0	0	589	706	118	1	2.16e-55	219
NC_011593.1:c2598562-2597207	NB551033:109:HG7V5BGX9:2:22103:20421:15820#0/2	99.167	120	0	1	727	846	1	119	2.80e-54	215
NC_011593.1:c2598562-2597207	NB551033:109:HG7V5BGX9:3:11405:12022:8672#0/1	100.000	115	0	0	950	1064	1	115	1.01e-53	213
NC_011593.1:c2598562-2597207	NB551033:109:HG7V5BGX9:2:22107:5211:5790#0/1	100.000	115	0	0	950	1064	1	115	1.01e-53	213
NC_011593.1:c2598562-2597207	NB551033:109:HG7V5BGX9:3:21610:11637:15459#0/2	100.000	114	0	0	1232	1345	1	114	3.62e-53	211
NC_011593.1:c2598562-2597207	NB551033:109:HG7V5BGX9:1:12305:13729:9476#0/1	100.000	114	0	0	1118	1231	1	114	3.62e-53	211
NC_011593.1:c2598562-2597207	NB551033:109:HG7V5BGX9:3:21610:11637:15459#0/1	100.000	113	0	0	1233	1345	113	1	1.30e-52	209
NC_011593.1:c2598562-2597207	NB551033:109:HG7V5BGX9:2:22103:20421:15820#0/1	98.333	120	1	1	727	846	119	1	1.30e-52	209
NC_011593.1:c2598562-2597207	NB551033:109:HG7V5BGX9:1:23311:2405:5161#0/2	100.000	112	0	0	199	310	1	112	4.68e-52	207
NC_011593.1:c2598562-2597207	NB551033:109:HG7V5BGX9:1:13212:15972:12041#0/2	100.000	111	0	0	894	1004	1	111	1.68e-51	206
NC_011593.1:c2598562-2597207	NB551033:109:HG7V5BGX9:4:12506:1363:8576#0/1	100.000	111	0	0	926	1036	1	111	1.68e-51	206
NC_011593.1:c2598562-2597207	NB551033:109:HG7V5BGX9:4:11606:1332:12765#0/2	100.000	109	0	0	211	319	1	109	2.18e-50	202
NC_011593.1:c2598562-2597207	NB551033:109:HG7V5BGX9:3:13605:7085:19347#0/1	100.000	109	0	0	259	367	1	109	2.18e-50	202
NC_011593.1:c2598562-2597207	NB551033:109:HG7V5BGX9:3:13508:2494:7076#0/1	100.000	109	0	0	560	668	1	109	2.18e-50	202
NC_011593.1:c2598562-2597207	NB551033:109:HG7V5BGX9:1:22208:3438:5768#0/1	100.000	109	0	0	870	978	1	109	2.18e-50	202
NC_011593.1:c2598562-2597207	NB551033:109:HG7V5BGX9:3:23505:19944:11301#0/2	100.000	108	0	0	795	902	108	1	7.83e-50	200
NC_011593.1:c2598562-2597207	NB551033:109:HG7V5BGX9:3:22404:17441:12344#0/2	100.000	108	0	0	315	422	108	1	7.83e-50	200
NC_011593.1:c2598562-2597207	NB551033:109:HG7V5BGX9:3:23505:19944:11301#0/1	100.000	108	0	0	795	902	1	108	7.83e-50	200
NC_011593.1:c2598562-2597207	NB551033:109:HG7V5BGX9:3:11507:5163:15592#0/2	100.000	107	0	0	624	730	107	1	2.82e-49	198
NC_011593.1:c2598562-2597207	NB551033:109:HG7V5BGX9:4:12601:5760:13108#0/1	100.000	107	0	0	1117	1223	107	1	2.82e-49	198
NC_011593.1:c2598562-2597207	NB551033:109:HG7V5BGX9:1:23302:26770:7261#0/2	98.214	112	2	0	796	907	112	1	1.01e-48	196
NC_011593.1:c2598562-2597207	NB551033:109:HG7V5BGX9:3:13607:18417:4931#0/1	100.000	106	0	0	309	414	1	106	1.01e-48	196
NC_011593.1:c2598562-2597207	NB551033:109:HG7V5BGX9:3:23612:12938:10570#0/2	100.000	105	0	0	960	1064	1	105	3.64e-48	195
NC_011593.1:c2598562-2597207	NB551033:109:HG7V5BGX9:2:21112:25857:10184#0/2	100.000	105	0	0	1252	1356	148	44	3.64e-48	195
NC_011593.1:c2598562-2597207	NB551033:109:HG7V5BGX9:1:11111:10684:11180#0/2	100.000	105	0	0	1168	1272	105	1	3.64e-48	195
NC_011593.1:c2598562-2597207	NB551033:109:HG7V5BGX9:3:23612:12938:10570#0/1	100.000	105	0	0	960	1064	111	7	3.64e-48	195
NC_011593.1:c2598562-2597207	NB551033:109:HG7V5BGX9:2:21112:25857:10184#0/1	100.000	105	0	0	1252	1356	1	105	3.64e-48	195
NC_011593.1:c2598562-2597207	NB551033:109:HG7V5BGX9:2:12209:5583:7269#0/1	100.000	105	0	0	318	422	105	1	3.64e-48	195
NC_011593.1:c2598562-2597207	NB551033:109:HG7V5BGX9:1:11111:10684:11180#0/1	100.000	105	0	0	1168	1272	1	105	3.64e-48	195
NC_011593.1:c2598562-2597207	NB551033:109:HG7V5BGX9:4:12604:19287:16416#0/1	100.000	104	0	0	719	822	104	1	1.31e-47	193
NC_011593.1:c2598562-2597207	NB551033:109:HG7V5BGX9:3:12506:10983:7650#0/1	100.000	104	0	0	1103	1206	1	104	1.31e-47	193
NC_011593.1:c2598562-2597207	NB551033:109:HG7V5BGX9:3:12506:10983:7650#0/2	100.000	103	0	0	1104	1206	103	1	4.71e-47	191
NC_011593.1:c2598562-2597207	NB551033:109:HG7V5BGX9:2:22302:20339:19752#0/2	100.000	103	0	0	962	1064	144	42	4.71e-47	191
NC_011593.1:c2598562-2597207	NB551033:109:HG7V5BGX9:3:23402:25954:17654#0/2	100.000	100	0	0	738	837	1	100	2.19e-45	185
NC_011593.1:c2598562-2597207	NB551033:109:HG7V5BGX9:3:13607:18417:4931#0/2	100.000	100	0	0	315	414	100	1	2.19e-45	185
NC_011593.1:c2598562-2597207	NB551033:109:HG7V5BGX9:1:13303:17180:11490#0/2	100.000	100	0	0	1064	1163	100	1	2.19e-45	185
NC_011593.1:c2598562-2597207	NB551033:109:HG7V5BGX9:3:13403:24832:1924#0/1	100.000	100	0	0	1134	1233	100	1	2.19e-45	185
NC_011593.1:c2598562-2597207	NB551033:109:HG7V5BGX9:3:11507:5163:15592#0/1	100.000	100	0	0	492	591	1	100	2.19e-45	185
NC_011593.1:c2598562-2597207	NB551033:109:HG7V5BGX9:4:11401:4910:1520#0/2	100.000	99	0	0	1060	1158	18	116	7.89e-45	183
NC_011593.1:c2598562-2597207	NB551033:109:HG7V5BGX9:3:23504:6082:4297#0/1	100.000	99	0	0	109	207	99	1	7.89e-45	183
NC_011593.1:c2598562-2597207	NB551033:109:HG7V5BGX9:4:23609:14819:17850#0/2	100.000	98	0	0	960	1057	1	98	2.84e-44	182
NC_011593.1:c2598562-2597207	NB551033:109:HG7V5BGX9:4:23609:14819:17850#0/1	100.000	98	0	0	960	1057	98	1	2.84e-44	182
NC_011593.1:c2598562-2597207	NB551033:109:HG7V5BGX9:3:11405:12022:8672#0/2	100.000	96	0	0	969	1064	150	55	3.67e-43	178
NC_011593.1:c2598562-2597207	NB551033:109:HG7V5BGX9:1:13303:17180:11490#0/1	98.990	99	1	0	1060	1158	35	133	3.67e-43	178
NC_011593.1:c2598562-2597207	NB551033:109:HG7V5BGX9:1:13109:25638:2481#0/1	98.980	98	1	0	253	350	1	98	1.32e-42	176
NC_011593.1:c2598562-2597207	NB551033:109:HG7V5BGX9:3:13603:15255:12470#0/2	100.000	94	0	0	937	1030	94	1	4.75e-42	174
NC_011593.1:c2598562-2597207	NB551033:109:HG7V5BGX9:3:11512:16214:4116#0/1	100.000	94	0	0	681	774	94	1	4.75e-42	174
NC_011593.1:c2598562-2597207	NB551033:109:HG7V5BGX9:2:12306:15221:15338#0/1	98.958	96	1	0	673	768	1	96	1.71e-41	172
NC_011593.1:c2598562-2597207	NB551033:109:HG7V5BGX9:1:23311:2405:5161#0/1	97.980	99	2	0	498	596	99	1	1.71e-41	172
NC_011593.1:c2598562-2597207	NB551033:109:HG7V5BGX9:1:13203:24206:19974#0/2	100.000	92	0	0	382	473	1	92	6.14e-41	171
NC_011593.1:c2598562-2597207	NB551033:109:HG7V5BGX9:1:11111:18693:18730#0/2	100.000	92	0	0	461	552	1	92	6.14e-41	171
NC_011593.1:c2598562-2597207	NB551033:109:HG7V5BGX9:3:11512:13904:11237#0/1	98.936	94	1	0	645	738	1	94	2.21e-40	169
NC_011593.1:c2598562-2597207	NB551033:109:HG7V5BGX9:3:23405:22512:4827#0/2	100.000	90	0	0	897	986	1	90	7.94e-40	167
NC_011593.1:c2598562-2597207	NB551033:109:HG7V5BGX9:2:11201:12739:15656#0/2	100.000	89	0	0	138	226	89	1	2.86e-39	165
NC_011593.1:c2598562-2597207	NB551033:109:HG7V5BGX9:1:12112:14671:5692#0/2	98.925	93	0	1	762	854	1	92	2.86e-39	165
NC_011593.1:c2598562-2597207	NB551033:109:HG7V5BGX9:4:21511:15184:6807#0/1	100.000	89	0	0	231	319	89	1	2.86e-39	165
NC_011593.1:c2598562-2597207	NB551033:109:HG7V5BGX9:2:11201:12739:15656#0/1	100.000	89	0	0	138	226	48	136	2.86e-39	165
NC_011593.1:c2598562-2597207	NB551033:109:HG7V5BGX9:2:12209:16672:18567#0/2	100.000	87	0	0	231	317	87	1	3.70e-38	161
NC_011593.1:c2598562-2597207	NB551033:109:HG7V5BGX9:3:13403:13771:17996#0/2	100.000	85	0	0	211	295	85	1	4.78e-37	158
NC_011593.1:c2598562-2597207	NB551033:109:HG7V5BGX9:1:12106:2986:14554#0/2	100.000	85	0	0	382	466	1	85	4.78e-37	158
NC_011593.1:c2598562-2597207	NB551033:109:HG7V5BGX9:2:13311:5739:16414#0/1	100.000	85	0	0	955	1039	1	85	4.78e-37	158
NC_011593.1:c2598562-2597207	NB551033:109:HG7V5BGX9:3:21612:6632:6574#0/2	98.851	87	1	0	395	481	1	87	1.72e-36	156
NC_011593.1:c2598562-2597207	NB551033:109:HG7V5BGX9:4:12601:5760:13108#0/2	100.000	83	0	0	1060	1142	69	151	6.18e-36	154
NC_011593.1:c2598562-2597207	NB551033:109:HG7V5BGX9:2:21203:19153:3386#0/2	100.000	81	0	0	276	356	1	81	8.00e-35	150
NC_011593.1:c2598562-2597207	NB551033:109:HG7V5BGX9:3:13603:15255:12470#0/1	100.000	79	0	0	909	987	1	79	1.03e-33	147
NC_011593.1:c2598562-2597207	NB551033:109:HG7V5BGX9:3:21406:8788:3191#0/1	98.765	81	1	0	1	81	22	102	3.72e-33	145
NC_011593.1:c2598562-2597207	NB551033:109:HG7V5BGX9:4:21608:18894:2821#0/2	100.000	77	0	0	1150	1226	1	77	1.34e-32	143
NC_011593.1:c2598562-2597207	NB551033:109:HG7V5BGX9:4:21608:18894:2821#0/1	100.000	76	0	0	1151	1226	76	1	4.81e-32	141
NC_011593.1:c2598562-2597207	NB551033:109:HG7V5BGX9:3:21506:4075:5185#0/2	100.000	75	0	0	970	1044	75	1	1.73e-31	139
NC_011593.1:c2598562-2597207	NB551033:109:HG7V5BGX9:2:12105:12852:18098#0/1	97.531	81	2	0	309	389	81	1	1.73e-31	139
NC_011593.1:c2598562-2597207	NB551033:109:HG7V5BGX9:2:11204:1790:13898#0/1	98.718	78	1	0	914	991	1	78	1.73e-31	139
NC_011593.1:c2598562-2597207	NB551033:109:HG7V5BGX9:2:12306:15221:15338#0/2	100.000	73	0	0	741	813	73	1	2.24e-30	135
NC_011593.1:c2598562-2597207	NB551033:109:HG7V5BGX9:1:22110:25239:2295#0/2	100.000	73	0	0	600	672	73	1	2.24e-30	135
NC_011593.1:c2598562-2597207	NB551033:109:HG7V5BGX9:4:11606:1332:12765#0/1	100.000	73	0	0	247	319	73	1	2.24e-30	135
NC_011593.1:c2598562-2597207	NB551033:109:HG7V5BGX9:1:22110:25239:2295#0/1	100.000	73	0	0	600	672	1	73	2.24e-30	135
NC_011593.1:c2598562-2597207	NB551033:109:HG7V5BGX9:3:13408:14268:3970#0/1	100.000	72	0	0	318	389	72	1	8.06e-30	134
NC_011593.1:c2598562-2597207	NB551033:109:HG7V5BGX9:3:13403:24832:1924#0/2	98.649	74	1	0	1060	1133	35	108	2.90e-29	132
NC_011593.1:c2598562-2597207	NB551033:109:HG7V5BGX9:1:23301:1249:7271#0/2	100.000	71	0	0	837	907	71	1	2.90e-29	132
NC_011593.1:c2598562-2597207	NB551033:109:HG7V5BGX9:4:23611:23730:18388#0/2	100.000	70	0	0	138	207	27	96	1.04e-28	130
NC_011593.1:c2598562-2597207	NB551033:109:HG7V5BGX9:4:23611:23730:18388#0/1	100.000	70	0	0	138	207	70	1	1.04e-28	130
NC_011593.1:c2598562-2597207	NB551033:109:HG7V5BGX9:4:12608:15155:10843#0/2	100.000	69	0	0	704	772	69	1	3.75e-28	128
NC_011593.1:c2598562-2597207	NB551033:109:HG7V5BGX9:4:12608:15155:10843#0/1	100.000	69	0	0	704	772	1	69	3.75e-28	128
NC_011593.1:c2598562-2597207	NB551033:109:HG7V5BGX9:4:11507:18658:6615#0/2	100.000	68	0	0	231	298	68	1	1.35e-27	126
NC_011593.1:c2598562-2597207	NB551033:109:HG7V5BGX9:1:13109:25638:2481#0/2	98.592	71	1	0	315	385	71	1	1.35e-27	126
NC_011593.1:c2598562-2597207	NB551033:109:HG7V5BGX9:3:21612:6632:6574#0/1	100.000	68	0	0	837	904	68	1	1.35e-27	126
NC_011593.1:c2598562-2597207	NB551033:109:HG7V5BGX9:2:21203:19153:3386#0/1	100.000	68	0	0	501	568	68	1	1.35e-27	126
NC_011593.1:c2598562-2597207	NB551033:109:HG7V5BGX9:4:12604:19287:16416#0/2	100.000	67	0	0	669	735	1	67	4.85e-27	124
NC_011593.1:c2598562-2597207	NB551033:109:HG7V5BGX9:3:21503:10809:7313#0/2	100.000	67	0	0	1060	1126	67	1	4.85e-27	124
NC_011593.1:c2598562-2597207	NB551033:109:HG7V5BGX9:3:12402:24505:2218#0/2	100.000	67	0	0	231	297	67	1	4.85e-27	124
NC_011593.1:c2598562-2597207	NB551033:109:HG7V5BGX9:1:21107:14136:10034#0/2	100.000	67	0	0	231	297	67	1	4.85e-27	124
NC_011593.1:c2598562-2597207	NB551033:109:HG7V5BGX9:3:23607:18172:3710#0/1	100.000	67	0	0	689	755	67	1	4.85e-27	124
NC_011593.1:c2598562-2597207	NB551033:109:HG7V5BGX9:3:21506:4075:5185#0/1	100.000	67	0	0	960	1026	1	67	4.85e-27	124
NC_011593.1:c2598562-2597207	NB551033:109:HG7V5BGX9:3:21503:10809:7313#0/1	100.000	67	0	0	1060	1126	74	140	4.85e-27	124
NC_011593.1:c2598562-2597207	NB551033:109:HG7V5BGX9:3:13507:20090:17850#0/1	100.000	67	0	0	1060	1126	67	1	4.85e-27	124
NC_011593.1:c2598562-2597207	NB551033:109:HG7V5BGX9:2:22111:23020:17840#0/2	100.000	65	0	0	510	574	65	1	6.27e-26	121
NC_011593.1:c2598562-2597207	NB551033:109:HG7V5BGX9:2:11204:1790:13898#0/2	100.000	65	0	0	933	997	65	1	6.27e-26	121
NC_011593.1:c2598562-2597207	NB551033:109:HG7V5BGX9:2:22111:23020:17840#0/1	100.000	65	0	0	510	574	1	65	6.27e-26	121
NC_011593.1:c2598562-2597207	NB551033:109:HG7V5BGX9:1:12106:2986:14554#0/1	100.000	65	0	0	510	574	65	1	6.27e-26	121
NC_011593.1:c2598562-2597207	NB551033:109:HG7V5BGX9:3:23607:18172:3710#0/2	98.507	67	1	0	689	755	1	67	2.26e-25	119
NC_011593.1:c2598562-2597207	NB551033:109:HG7V5BGX9:2:12206:20049:11687#0/2	100.000	64	0	0	1293	1356	151	88	2.26e-25	119
NC_011593.1:c2598562-2597207	NB551033:109:HG7V5BGX9:3:22511:25554:12786#0/1	98.507	67	1	0	1	67	67	1	2.26e-25	119
NC_011593.1:c2598562-2597207	NB551033:109:HG7V5BGX9:2:12206:20049:11687#0/1	100.000	64	0	0	1293	1356	1	64	2.26e-25	119
NC_011593.1:c2598562-2597207	NB551033:109:HG7V5BGX9:1:12104:1769:3053#0/1	100.000	64	0	0	384	447	64	1	2.26e-25	119
NC_011593.1:c2598562-2597207	NB551033:109:HG7V5BGX9:1:23201:12890:15160#0/2	100.000	63	0	0	907	969	63	1	8.11e-25	117
NC_011593.1:c2598562-2597207	NB551033:109:HG7V5BGX9:1:23201:12890:15160#0/1	100.000	63	0	0	907	969	1	63	8.11e-25	117
NC_011593.1:c2598562-2597207	NB551033:109:HG7V5BGX9:2:12303:15724:13234#0/2	100.000	62	0	0	909	970	1	62	2.92e-24	115
NC_011593.1:c2598562-2597207	NB551033:109:HG7V5BGX9:1:12305:13729:9476#0/2	100.000	62	0	0	1179	1240	62	1	2.92e-24	115
NC_011593.1:c2598562-2597207	NB551033:109:HG7V5BGX9:4:23610:10242:14936#0/1	100.000	62	0	0	328	389	62	1	2.92e-24	115
NC_011593.1:c2598562-2597207	NB551033:109:HG7V5BGX9:2:12303:15724:13234#0/1	100.000	62	0	0	909	970	62	1	2.92e-24	115
NC_011593.1:c2598562-2597207	NB551033:109:HG7V5BGX9:4:22601:17249:10448#0/2	100.000	60	0	0	941	1000	1	60	3.77e-23	111
NC_011593.1:c2598562-2597207	NB551033:109:HG7V5BGX9:3:13508:2494:7076#0/2	100.000	60	0	0	617	676	60	1	3.77e-23	111
NC_011593.1:c2598562-2597207	NB551033:109:HG7V5BGX9:3:13507:20090:17850#0/2	98.413	63	1	0	1060	1122	45	107	3.77e-23	111
NC_011593.1:c2598562-2597207	NB551033:109:HG7V5BGX9:1:21306:26209:8239#0/1	100.000	60	0	0	1060	1119	60	1	3.77e-23	111
NC_011593.1:c2598562-2597207	NB551033:109:HG7V5BGX9:1:13212:15972:12041#0/1	100.000	60	0	0	958	1017	60	1	3.77e-23	111
NC_011593.1:c2598562-2597207	NB551033:109:HG7V5BGX9:1:12112:14671:5692#0/1	98.438	64	0	1	791	854	63	1	3.77e-23	111
NC_011593.1:c2598562-2597207	NB551033:109:HG7V5BGX9:1:12210:11271:13742#0/2	100.000	58	0	0	1171	1228	58	1	4.88e-22	108
NC_011593.1:c2598562-2597207	NB551033:109:HG7V5BGX9:4:22403:13151:13701#0/1	98.361	61	1	0	355	415	61	1	4.88e-22	108
NC_011593.1:c2598562-2597207	NB551033:109:HG7V5BGX9:1:12210:11271:13742#0/1	100.000	58	0	0	1171	1228	1	58	4.88e-22	108
NC_011593.1:c2598562-2597207	NB551033:109:HG7V5BGX9:2:23311:4520:14478#0/2	100.000	57	0	0	1064	1120	57	1	1.76e-21	106
NC_011593.1:c2598562-2597207	NB551033:109:HG7V5BGX9:3:23402:25954:17654#0/1	100.000	57	0	0	1008	1064	107	51	1.76e-21	106
NC_011593.1:c2598562-2597207	NB551033:109:HG7V5BGX9:3:11512:13904:11237#0/2	100.000	56	0	0	768	823	56	1	6.32e-21	104
NC_011593.1:c2598562-2597207	NB551033:109:HG7V5BGX9:2:12209:16672:18567#0/1	100.000	56	0	0	1	56	95	150	6.32e-21	104
NC_011593.1:c2598562-2597207	NB551033:109:HG7V5BGX9:1:12108:11988:14061#0/2	98.246	57	1	0	1060	1116	70	126	8.17e-20	100
NC_011593.1:c2598562-2597207	NB551033:109:HG7V5BGX9:3:13605:7085:19347#0/2	100.000	53	0	0	315	367	53	1	2.94e-19	99.0
NC_011593.1:c2598562-2597207	NB551033:109:HG7V5BGX9:2:11301:8270:7809#0/2	100.000	53	0	0	1304	1356	150	98	2.94e-19	99.0
NC_011593.1:c2598562-2597207	NB551033:109:HG7V5BGX9:3:21406:8788:3191#0/2	100.000	52	0	0	318	369	52	1	1.06e-18	97.1
NC_011593.1:c2598562-2597207	NB551033:109:HG7V5BGX9:4:12508:8067:11445#0/1	100.000	52	0	0	1305	1356	1	52	1.06e-18	97.1
NC_011593.1:c2598562-2597207	NB551033:109:HG7V5BGX9:2:12209:12920:10993#0/1	98.182	55	1	0	1060	1114	96	150	1.06e-18	97.1
NC_011593.1:c2598562-2597207	NB551033:109:HG7V5BGX9:3:22511:25554:12786#0/2	98.148	54	1	0	1	54	97	150	3.80e-18	95.3
NC_011593.1:c2598562-2597207	NB551033:109:HG7V5BGX9:3:13403:13771:17996#0/1	98.077	52	1	0	211	262	1	52	4.92e-17	91.6
NC_011593.1:c2598562-2597207	NB551033:109:HG7V5BGX9:1:22208:3438:5768#0/2	100.000	48	0	0	931	978	48	1	1.77e-16	89.8
NC_011593.1:c2598562-2597207	NB551033:109:HG7V5BGX9:2:23208:20763:16582#0/2	100.000	47	0	0	138	184	47	1	6.36e-16	87.9
NC_011593.1:c2598562-2597207	NB551033:109:HG7V5BGX9:2:23208:20763:16582#0/1	100.000	47	0	0	138	184	59	105	6.36e-16	87.9
NC_011593.1:c2598562-2597207	NB551033:109:HG7V5BGX9:2:23202:6760:3501#0/1	100.000	47	0	0	1	47	47	1	6.36e-16	87.9
NC_011593.1:c2598562-2597207	NB551033:109:HG7V5BGX9:2:23112:12592:2096#0/1	100.000	47	0	0	588	634	47	1	6.36e-16	87.9
NC_011593.1:c2598562-2597207	NB551033:109:HG7V5BGX9:4:22612:6456:6237#0/2	100.000	46	0	0	26	71	1	46	2.29e-15	86.1
NC_011593.1:c2598562-2597207	NB551033:109:HG7V5BGX9:4:11512:11741:18046#0/2	100.000	46	0	0	1311	1356	1	46	2.29e-15	86.1
NC_011593.1:c2598562-2597207	NB551033:109:HG7V5BGX9:2:23202:6760:3501#0/2	100.000	46	0	0	1	46	105	150	2.29e-15	86.1
NC_011593.1:c2598562-2597207	NB551033:109:HG7V5BGX9:2:22311:5859:1165#0/2	100.000	46	0	0	1311	1356	85	40	2.29e-15	86.1
NC_011593.1:c2598562-2597207	NB551033:109:HG7V5BGX9:4:22612:6456:6237#0/1	100.000	46	0	0	26	71	46	1	2.29e-15	86.1
NC_011593.1:c2598562-2597207	NB551033:109:HG7V5BGX9:3:12510:3408:6066#0/1	100.000	46	0	0	1310	1355	1	46	2.29e-15	86.1
NC_011593.1:c2598562-2597207	NB551033:109:HG7V5BGX9:2:22311:5859:1165#0/1	100.000	46	0	0	1311	1356	1	46	2.29e-15	86.1
NC_011593.1:c2598562-2597207	NB551033:109:HG7V5BGX9:1:13203:24206:19974#0/1	100.000	44	0	0	431	474	44	1	2.96e-14	82.4
NC_011593.1:c2598562-2597207	NB551033:109:HG7V5BGX9:4:11512:11741:18046#0/1	100.000	43	0	0	1314	1356	108	66	1.06e-13	80.5
NC_011593.1:c2598562-2597207	NB551033:109:HG7V5BGX9:1:11111:18693:18730#0/1	97.826	46	1	0	594	639	46	1	1.06e-13	80.5
NC_011593.1:c2598562-2597207	NB551033:109:HG7V5BGX9:4:22405:11219:11024#0/2	100.000	41	0	0	1024	1064	1	41	1.38e-12	76.8
NC_011593.1:c2598562-2597207	NB551033:109:HG7V5BGX9:4:22601:17249:10448#0/1	100.000	41	0	0	1024	1064	148	108	1.38e-12	76.8
NC_011593.1:c2598562-2597207	NB551033:109:HG7V5BGX9:4:23507:13241:8653#0/2	100.000	39	0	0	1060	1098	45	83	1.78e-11	73.1
NC_011593.1:c2598562-2597207	NB551033:109:HG7V5BGX9:4:23507:13241:8653#0/1	100.000	39	0	0	1060	1098	39	1	1.78e-11	73.1
NC_011593.1:c2598562-2597207	NB551033:109:HG7V5BGX9:3:11410:21715:9031#0/2	100.000	37	0	0	1028	1064	54	18	2.30e-10	69.4
NC_011593.1:c2598562-2597207	NB551033:109:HG7V5BGX9:3:11410:21715:9031#0/1	100.000	37	0	0	1028	1064	1	37	2.30e-10	69.4
NC_011593.1:c2598562-2597207	NB551033:109:HG7V5BGX9:4:13405:11407:15259#0/2	100.000	36	0	0	1321	1356	1	36	8.29e-10	67.6
NC_011593.1:c2598562-2597207	NB551033:109:HG7V5BGX9:2:12206:26451:11606#0/2	100.000	36	0	0	1321	1356	1	36	8.29e-10	67.6
NC_011593.1:c2598562-2597207	NB551033:109:HG7V5BGX9:4:13405:11407:15259#0/1	100.000	36	0	0	1321	1356	89	54	8.29e-10	67.6
NC_011593.1:c2598562-2597207	NB551033:109:HG7V5BGX9:1:13209:19356:7097#0/2	100.000	33	0	0	1032	1064	50	18	3.86e-08	62.1
NC_011593.1:c2598562-2597207	NB551033:109:HG7V5BGX9:2:22306:6856:14867#0/1	100.000	33	0	0	1324	1356	1	33	3.86e-08	62.1
NC_011593.1:c2598562-2597207	NB551033:109:HG7V5BGX9:1:13209:19356:7097#0/1	97.222	36	1	0	1029	1064	1	36	3.86e-08	62.1
NC_011593.1:c2598562-2597207	NB551033:109:HG7V5BGX9:4:23404:22011:11139#0/2	100.000	31	0	0	1034	1064	121	91	4.99e-07	58.4
NC_011593.1:c2598562-2597207	NB551033:109:HG7V5BGX9:4:23404:22011:11139#0/1	100.000	31	0	0	1034	1064	1	31	4.99e-07	58.4
NC_011593.1:c2598562-2597207	NB551033:109:HG7V5BGX9:2:12206:26451:11606#0/1	100.000	30	0	0	1327	1356	151	122	1.79e-06	56.5
NC_011593.1:c2598562-2597207	NB551033:109:HG7V5BGX9:4:21509:8785:17556#0/2	100.000	29	0	0	1	29	29	1	6.45e-06	54.7
NC_011593.1:c2598562-2597207	NB551033:109:HG7V5BGX9:2:21305:10372:7868#0/2	100.000	29	0	0	1	29	29	1	6.45e-06	54.7
NC_011593.1:c2598562-2597207	NB551033:109:HG7V5BGX9:1:11310:20909:6643#0/2	100.000	29	0	0	1	29	29	1	6.45e-06	54.7
NC_011593.1:c2598562-2597207	NB551033:109:HG7V5BGX9:2:21305:10372:7868#0/1	100.000	29	0	0	1	29	74	102	6.45e-06	54.7
# BLASTN 2.9.0+
# Query: NC_011593.1:2598858-2601929 Bifidobacterium longum subsp. infantis ATCC 15697, complete genome
# Database: db/blast_C0767-1E-1A_S42.faa
# Fields: query acc.ver, subject acc.ver, % identity, alignment length, mismatches, gap opens, q. start, q. end, s. start, s. end, evalue, bit score
# 266 hits found
NC_011593.1:2598858-2601929	NB551033:109:HG7V5BGX9:4:13512:12683:15710#0/2	100.000	151	0	0	912	1062	151	1	2.21e-73	279
NC_011593.1:2598858-2601929	NB551033:109:HG7V5BGX9:3:11506:9824:13881#0/2	100.000	151	0	0	1665	1815	151	1	2.21e-73	279
NC_011593.1:2598858-2601929	NB551033:109:HG7V5BGX9:2:13305:4793:4226#0/2	100.000	151	0	0	1613	1763	1	151	2.21e-73	279
NC_011593.1:2598858-2601929	NB551033:109:HG7V5BGX9:4:13512:12683:15710#0/1	100.000	151	0	0	905	1055	1	151	2.21e-73	279
NC_011593.1:2598858-2601929	NB551033:109:HG7V5BGX9:2:13305:4793:4226#0/1	100.000	151	0	0	1617	1767	151	1	2.21e-73	279
NC_011593.1:2598858-2601929	NB551033:109:HG7V5BGX9:3:11610:23874:7791#0/2	100.000	150	0	0	1693	1842	1	150	7.96e-73	278
NC_011593.1:2598858-2601929	NB551033:109:HG7V5BGX9:2:23204:23495:8980#0/2	100.000	150	0	0	2401	2550	1	150	7.96e-73	278
NC_011593.1:2598858-2601929	NB551033:109:HG7V5BGX9:2:22108:13065:18653#0/2	100.000	150	0	0	1917	2066	150	1	7.96e-73	278
NC_011593.1:2598858-2601929	NB551033:109:HG7V5BGX9:1:22308:13835:15562#0/2	100.000	150	0	0	1742	1891	1	150	7.96e-73	278
NC_011593.1:2598858-2601929	NB551033:109:HG7V5BGX9:1:13107:21581:5210#0/2	100.000	150	0	0	2400	2549	1	150	7.96e-73	278
NC_011593.1:2598858-2601929	NB551033:109:HG7V5BGX9:4:12411:18889:14335#0/1	100.000	150	0	0	178	327	1	150	7.96e-73	278
NC_011593.1:2598858-2601929	NB551033:109:HG7V5BGX9:3:11610:23874:7791#0/1	100.000	150	0	0	1732	1881	150	1	7.96e-73	278
NC_011593.1:2598858-2601929	NB551033:109:HG7V5BGX9:3:11506:9824:13881#0/1	100.000	150	0	0	1590	1739	1	150	7.96e-73	278
NC_011593.1:2598858-2601929	NB551033:109:HG7V5BGX9:2:23204:23495:8980#0/1	100.000	150	0	0	2414	2563	150	1	7.96e-73	278
NC_011593.1:2598858-2601929	NB551033:109:HG7V5BGX9:2:23302:16522:10625#0/2	100.000	149	0	0	1747	1895	150	2	2.86e-72	276
NC_011593.1:2598858-2601929	NB551033:109:HG7V5BGX9:4:12411:18889:14335#0/2	99.338	151	1	0	239	389	151	1	1.03e-71	274
NC_011593.1:2598858-2601929	NB551033:109:HG7V5BGX9:3:13505:10829:8173#0/2	99.338	151	1	0	295	445	151	1	1.03e-71	274
NC_011593.1:2598858-2601929	NB551033:109:HG7V5BGX9:1:23203:20991:20211#0/2	100.000	148	0	0	1647	1794	148	1	1.03e-71	274
NC_011593.1:2598858-2601929	NB551033:109:HG7V5BGX9:4:23405:4767:13870#0/1	99.338	151	1	0	944	1094	151	1	1.03e-71	274
NC_011593.1:2598858-2601929	NB551033:109:HG7V5BGX9:3:22411:4086:8444#0/1	99.338	151	1	0	1971	2121	1	151	1.03e-71	274
NC_011593.1:2598858-2601929	NB551033:109:HG7V5BGX9:4:13510:9641:19341#0/2	99.333	150	1	0	2219	2368	1	150	3.70e-71	272
NC_011593.1:2598858-2601929	NB551033:109:HG7V5BGX9:3:23410:7177:13589#0/2	99.333	150	1	0	1793	1942	150	1	3.70e-71	272
NC_011593.1:2598858-2601929	NB551033:109:HG7V5BGX9:1:22203:8956:17039#0/2	99.333	150	1	0	341	490	1	150	3.70e-71	272
NC_011593.1:2598858-2601929	NB551033:109:HG7V5BGX9:4:21411:2403:15022#0/1	99.333	150	1	0	1783	1932	1	150	3.70e-71	272
NC_011593.1:2598858-2601929	NB551033:109:HG7V5BGX9:4:21405:12595:19617#0/1	99.333	150	1	0	1842	1991	1	150	3.70e-71	272
NC_011593.1:2598858-2601929	NB551033:109:HG7V5BGX9:3:23410:7177:13589#0/1	100.000	147	0	0	1713	1859	1	147	3.70e-71	272
NC_011593.1:2598858-2601929	NB551033:109:HG7V5BGX9:3:21601:3714:9603#0/1	99.333	150	1	0	342	491	1	150	3.70e-71	272
NC_011593.1:2598858-2601929	NB551033:109:HG7V5BGX9:3:13505:10829:8173#0/1	99.333	150	1	0	258	407	1	150	3.70e-71	272
NC_011593.1:2598858-2601929	NB551033:109:HG7V5BGX9:3:12510:16670:17510#0/1	99.333	150	1	0	927	1076	1	150	3.70e-71	272
NC_011593.1:2598858-2601929	NB551033:109:HG7V5BGX9:3:12502:12885:10002#0/1	99.333	150	1	0	1798	1947	150	1	3.70e-71	272
NC_011593.1:2598858-2601929	NB551033:109:HG7V5BGX9:1:22308:13835:15562#0/1	99.333	150	1	0	1782	1931	150	1	3.70e-71	272
NC_011593.1:2598858-2601929	NB551033:109:HG7V5BGX9:1:11301:4765:13521#0/1	99.333	150	1	0	338	487	150	1	3.70e-71	272
NC_011593.1:2598858-2601929	NB551033:109:HG7V5BGX9:4:21405:12595:19617#0/2	99.329	149	1	0	1872	2020	149	1	1.33e-70	270
NC_011593.1:2598858-2601929	NB551033:109:HG7V5BGX9:1:12310:21794:3573#0/2	99.329	149	1	0	1695	1843	149	1	1.33e-70	270
NC_011593.1:2598858-2601929	NB551033:109:HG7V5BGX9:2:23309:18802:19076#0/1	99.329	149	1	0	1806	1954	149	1	1.33e-70	270
NC_011593.1:2598858-2601929	NB551033:109:HG7V5BGX9:1:23203:20991:20211#0/1	100.000	146	0	0	1647	1792	1	146	1.33e-70	270
NC_011593.1:2598858-2601929	NB551033:109:HG7V5BGX9:3:13602:20876:13817#0/2	98.675	151	2	0	1041	1191	1	151	4.79e-70	268
NC_011593.1:2598858-2601929	NB551033:109:HG7V5BGX9:4:12506:13137:17964#0/1	98.675	151	2	0	964	1114	1	151	4.79e-70	268
NC_011593.1:2598858-2601929	NB551033:109:HG7V5BGX9:1:13107:8602:15463#0/1	98.675	151	2	0	602	752	151	1	4.79e-70	268
NC_011593.1:2598858-2601929	NB551033:109:HG7V5BGX9:1:13107:8096:14456#0/1	98.675	151	2	0	2857	3007	151	1	4.79e-70	268
NC_011593.1:2598858-2601929	NB551033:109:HG7V5BGX9:1:11210:6402:13916#0/1	98.675	151	2	0	115	265	1	151	4.79e-70	268
NC_011593.1:2598858-2601929	NB551033:109:HG7V5BGX9:2:23103:15485:17040#0/2	98.667	150	2	0	2825	2974	1	150	1.72e-69	267
NC_011593.1:2598858-2601929	NB551033:109:HG7V5BGX9:1:22209:15990:1556#0/2	98.667	150	2	0	2813	2962	1	150	1.72e-69	267
NC_011593.1:2598858-2601929	NB551033:109:HG7V5BGX9:3:13602:20876:13817#0/1	98.667	150	2	0	1313	1462	150	1	1.72e-69	267
NC_011593.1:2598858-2601929	NB551033:109:HG7V5BGX9:2:21212:21358:1493#0/1	98.667	150	2	0	333	482	1	150	1.72e-69	267
NC_011593.1:2598858-2601929	NB551033:109:HG7V5BGX9:2:12102:14032:13157#0/1	98.667	150	2	0	1240	1389	150	1	1.72e-69	267
NC_011593.1:2598858-2601929	NB551033:109:HG7V5BGX9:1:23103:22205:16343#0/1	99.320	147	1	0	2211	2357	1	147	1.72e-69	267
NC_011593.1:2598858-2601929	NB551033:109:HG7V5BGX9:1:13301:18993:13259#0/2	100.000	143	0	0	1726	1868	143	1	6.19e-69	265
NC_011593.1:2598858-2601929	NB551033:109:HG7V5BGX9:4:23405:4767:13870#0/2	98.013	151	3	0	880	1030	1	151	2.23e-68	263
NC_011593.1:2598858-2601929	NB551033:109:HG7V5BGX9:4:23402:18862:12918#0/2	98.013	151	3	0	2305	2455	151	1	2.23e-68	263
NC_011593.1:2598858-2601929	NB551033:109:HG7V5BGX9:3:23503:8598:19947#0/2	98.013	151	3	0	1209	1359	1	151	2.23e-68	263
NC_011593.1:2598858-2601929	NB551033:109:HG7V5BGX9:3:12510:16670:17510#0/2	98.649	148	2	0	982	1129	148	1	2.23e-68	263
NC_011593.1:2598858-2601929	NB551033:109:HG7V5BGX9:1:11301:4765:13521#0/2	99.310	145	1	0	253	397	1	145	2.23e-68	263
NC_011593.1:2598858-2601929	NB551033:109:HG7V5BGX9:3:23412:22771:15390#0/2	98.000	150	3	0	2583	2732	150	1	8.01e-68	261
NC_011593.1:2598858-2601929	NB551033:109:HG7V5BGX9:3:21511:15173:9661#0/2	98.000	150	3	0	1207	1356	1	150	8.01e-68	261
NC_011593.1:2598858-2601929	NB551033:109:HG7V5BGX9:2:13208:6836:10794#0/2	98.000	150	3	0	2778	2927	1	150	8.01e-68	261
NC_011593.1:2598858-2601929	NB551033:109:HG7V5BGX9:2:13201:8804:8503#0/2	98.639	147	2	0	2910	3056	1	147	8.01e-68	261
NC_011593.1:2598858-2601929	NB551033:109:HG7V5BGX9:1:21303:18646:8982#0/2	98.000	150	3	0	2319	2468	150	1	8.01e-68	261
NC_011593.1:2598858-2601929	NB551033:109:HG7V5BGX9:3:21511:15173:9661#0/1	98.639	147	2	0	1235	1381	147	1	8.01e-68	261
NC_011593.1:2598858-2601929	NB551033:109:HG7V5BGX9:3:12411:9361:20359#0/1	98.000	150	3	0	1863	2012	1	150	8.01e-68	261
NC_011593.1:2598858-2601929	NB551033:109:HG7V5BGX9:1:13301:18993:13259#0/1	99.301	143	1	0	1726	1868	1	143	2.88e-67	259
NC_011593.1:2598858-2601929	NB551033:109:HG7V5BGX9:4:23608:10634:7813#0/2	98.621	145	2	0	1985	2129	1	145	1.04e-66	257
NC_011593.1:2598858-2601929	NB551033:109:HG7V5BGX9:3:23402:8541:2651#0/2	98.621	145	2	0	1391	1535	1	145	1.04e-66	257
NC_011593.1:2598858-2601929	NB551033:109:HG7V5BGX9:2:22103:12926:20080#0/2	97.973	148	3	0	1454	1601	148	1	1.04e-66	257
NC_011593.1:2598858-2601929	NB551033:109:HG7V5BGX9:1:23103:22205:16343#0/2	97.351	151	4	0	2540	2690	151	1	1.04e-66	257
NC_011593.1:2598858-2601929	NB551033:109:HG7V5BGX9:1:21310:22495:17692#0/2	97.351	151	4	0	2609	2759	151	1	1.04e-66	257
NC_011593.1:2598858-2601929	NB551033:109:HG7V5BGX9:3:23402:8541:2651#0/1	98.621	145	2	0	1396	1540	145	1	1.04e-66	257
NC_011593.1:2598858-2601929	NB551033:109:HG7V5BGX9:2:22103:12926:20080#0/1	97.973	148	3	0	1454	1601	1	148	1.04e-66	257
NC_011593.1:2598858-2601929	NB551033:109:HG7V5BGX9:2:13208:6836:10794#0/1	97.973	148	3	0	2903	3050	150	3	1.04e-66	257
NC_011593.1:2598858-2601929	NB551033:109:HG7V5BGX9:4:23402:18862:12918#0/1	97.333	150	4	0	2295	2444	1	150	3.73e-66	255
NC_011593.1:2598858-2601929	NB551033:109:HG7V5BGX9:4:13510:9641:19341#0/1	97.333	150	4	0	2259	2408	150	1	3.73e-66	255
NC_011593.1:2598858-2601929	NB551033:109:HG7V5BGX9:3:23412:22771:15390#0/1	97.959	147	3	0	2576	2722	1	147	3.73e-66	255
NC_011593.1:2598858-2601929	NB551033:109:HG7V5BGX9:1:21310:22495:17692#0/1	97.959	147	3	0	2576	2722	1	147	3.73e-66	255
NC_011593.1:2598858-2601929	NB551033:109:HG7V5BGX9:2:12102:20079:11181#0/2	98.592	142	2	0	2880	3021	142	1	4.82e-65	252
NC_011593.1:2598858-2601929	NB551033:109:HG7V5BGX9:1:21102:2380:2168#0/1	98.592	142	2	0	1830	1971	1	142	4.82e-65	252
NC_011593.1:2598858-2601929	NB551033:109:HG7V5BGX9:1:22309:25703:3978#0/2	97.917	144	3	0	1772	1915	1	144	1.73e-64	250
NC_011593.1:2598858-2601929	NB551033:109:HG7V5BGX9:1:13107:8602:15463#0/2	96.667	150	5	0	529	678	1	150	1.73e-64	250
NC_011593.1:2598858-2601929	NB551033:109:HG7V5BGX9:2:22301:4035:17472#0/1	96.667	150	5	0	799	948	1	150	1.73e-64	250
NC_011593.1:2598858-2601929	NB551033:109:HG7V5BGX9:1:22304:3939:12917#0/2	99.270	137	1	0	974	1110	1	137	6.24e-64	248
NC_011593.1:2598858-2601929	NB551033:109:HG7V5BGX9:1:22304:3939:12917#0/1	99.270	137	1	0	974	1110	137	1	6.24e-64	248
NC_011593.1:2598858-2601929	NB551033:109:HG7V5BGX9:3:23503:18784:19312#0/2	96.575	146	5	0	545	690	1	146	2.90e-62	243
NC_011593.1:2598858-2601929	NB551033:109:HG7V5BGX9:3:12502:12885:10002#0/2	98.540	137	2	0	1693	1829	1	137	2.90e-62	243
NC_011593.1:2598858-2601929	NB551033:109:HG7V5BGX9:2:22301:4035:17472#0/2	96.575	146	5	0	819	964	150	5	2.90e-62	243
NC_011593.1:2598858-2601929	NB551033:109:HG7V5BGX9:4:11609:10899:12467#0/1	97.203	143	4	0	2279	2421	1	143	2.90e-62	243
NC_011593.1:2598858-2601929	NB551033:109:HG7V5BGX9:3:23503:18784:19312#0/1	96.575	146	5	0	545	690	146	1	2.90e-62	243
NC_011593.1:2598858-2601929	NB551033:109:HG7V5BGX9:3:12506:2673:20013#0/1	97.203	143	4	0	2650	2792	143	1	2.90e-62	243
NC_011593.1:2598858-2601929	NB551033:109:HG7V5BGX9:1:12106:10339:17904#0/2	98.529	136	2	0	2513	2648	136	1	1.04e-61	241
NC_011593.1:2598858-2601929	NB551033:109:HG7V5BGX9:2:12309:10199:15640#0/1	97.183	142	4	0	1039	1180	142	1	1.04e-61	241
NC_011593.1:2598858-2601929	NB551033:109:HG7V5BGX9:4:21411:2403:15022#0/2	100.000	129	0	0	1902	2030	129	1	3.75e-61	239
NC_011593.1:2598858-2601929	NB551033:109:HG7V5BGX9:3:11510:8693:14210#0/2	97.163	141	4	0	1023	1163	141	1	3.75e-61	239
NC_011593.1:2598858-2601929	NB551033:109:HG7V5BGX9:3:23509:16596:9760#0/2	99.237	131	1	0	895	1025	4	134	1.35e-60	237
NC_011593.1:2598858-2601929	NB551033:109:HG7V5BGX9:4:22503:20410:13478#0/2	99.225	129	1	0	1900	2028	1	129	1.75e-59	233
NC_011593.1:2598858-2601929	NB551033:109:HG7V5BGX9:1:21303:23892:19082#0/2	100.000	125	0	0	1726	1850	1	125	6.28e-59	231
NC_011593.1:2598858-2601929	NB551033:109:HG7V5BGX9:4:11609:25360:4207#0/2	99.213	127	1	0	989	1115	1	127	2.26e-58	230
NC_011593.1:2598858-2601929	NB551033:109:HG7V5BGX9:4:11609:25360:4207#0/1	99.213	127	1	0	989	1115	127	1	2.26e-58	230
NC_011593.1:2598858-2601929	NB551033:109:HG7V5BGX9:1:21303:23892:19082#0/1	100.000	124	0	0	1727	1850	124	1	2.26e-58	230
NC_011593.1:2598858-2601929	NB551033:109:HG7V5BGX9:4:12506:13137:17964#0/2	99.206	126	1	0	1090	1215	126	1	8.13e-58	228
NC_011593.1:2598858-2601929	NB551033:109:HG7V5BGX9:3:11512:1813:12196#0/2	97.037	135	4	0	2861	2995	135	1	8.13e-58	228
NC_011593.1:2598858-2601929	NB551033:109:HG7V5BGX9:2:23103:15485:17040#0/1	97.727	132	3	0	2941	3072	150	19	8.13e-58	228
NC_011593.1:2598858-2601929	NB551033:109:HG7V5BGX9:2:12103:16915:2968#0/1	99.200	125	1	0	1721	1845	1	125	2.92e-57	226
NC_011593.1:2598858-2601929	NB551033:109:HG7V5BGX9:1:22107:14133:4911#0/1	99.187	123	1	0	1693	1815	1	123	3.78e-56	222
NC_011593.1:2598858-2601929	NB551033:109:HG7V5BGX9:2:22208:18526:19625#0/1	99.180	122	1	0	137	258	1	122	1.36e-55	220
NC_011593.1:2598858-2601929	NB551033:109:HG7V5BGX9:2:12109:21860:8077#0/2	98.387	124	2	0	58	181	124	1	4.89e-55	219
NC_011593.1:2598858-2601929	NB551033:109:HG7V5BGX9:3:22610:7734:2139#0/2	100.000	116	0	0	1717	1832	1	116	6.33e-54	215
NC_011593.1:2598858-2601929	NB551033:109:HG7V5BGX9:3:22406:24234:17375#0/2	97.600	125	3	0	1214	1338	125	1	6.33e-54	215
NC_011593.1:2598858-2601929	NB551033:109:HG7V5BGX9:3:22610:7734:2139#0/1	100.000	116	0	0	1717	1832	116	1	6.33e-54	215
NC_011593.1:2598858-2601929	NB551033:109:HG7V5BGX9:3:22406:24234:17375#0/1	97.600	125	3	0	1214	1338	1	125	6.33e-54	215
NC_011593.1:2598858-2601929	NB551033:109:HG7V5BGX9:2:12109:21860:8077#0/1	97.581	124	3	0	58	181	1	124	2.28e-53	213
NC_011593.1:2598858-2601929	NB551033:109:HG7V5BGX9:1:22209:15990:1556#0/1	96.850	127	4	0	2946	3072	150	24	2.28e-53	213
NC_011593.1:2598858-2601929	NB551033:109:HG7V5BGX9:1:22203:8956:17039#0/1	100.000	114	0	0	381	494	114	1	8.18e-53	211
NC_011593.1:2598858-2601929	NB551033:109:HG7V5BGX9:3:23503:8598:19947#0/1	98.319	119	2	0	1276	1394	119	1	2.94e-52	209
NC_011593.1:2598858-2601929	NB551033:109:HG7V5BGX9:3:21608:2398:7386#0/1	100.000	113	0	0	1568	1680	1	113	2.94e-52	209
NC_011593.1:2598858-2601929	NB551033:109:HG7V5BGX9:1:11203:9748:15057#0/2	96.774	124	4	0	2634	2757	124	1	1.06e-51	207
NC_011593.1:2598858-2601929	NB551033:109:HG7V5BGX9:1:11203:9748:15057#0/1	96.774	124	4	0	2634	2757	1	124	1.06e-51	207
NC_011593.1:2598858-2601929	NB551033:109:HG7V5BGX9:1:13107:8096:14456#0/2	96.748	123	4	0	2686	2808	1	123	3.81e-51	206
NC_011593.1:2598858-2601929	NB551033:109:HG7V5BGX9:4:12603:3249:16200#0/1	97.458	118	3	0	2955	3072	141	24	4.93e-50	202
NC_011593.1:2598858-2601929	NB551033:109:HG7V5BGX9:3:23509:16596:9760#0/1	99.107	112	1	0	914	1025	112	1	4.93e-50	202
NC_011593.1:2598858-2601929	NB551033:109:HG7V5BGX9:2:12102:20079:11181#0/1	99.107	112	1	0	2790	2901	1	112	4.93e-50	202
NC_011593.1:2598858-2601929	NB551033:109:HG7V5BGX9:3:23503:13126:16474#0/2	97.436	117	3	0	2686	2802	1	117	1.77e-49	200
NC_011593.1:2598858-2601929	NB551033:109:HG7V5BGX9:4:23608:10634:7813#0/1	97.414	116	3	0	2188	2303	116	1	6.37e-49	198
NC_011593.1:2598858-2601929	NB551033:109:HG7V5BGX9:4:21511:4877:13892#0/1	96.639	119	4	0	2292	2410	119	1	6.37e-49	198
NC_011593.1:2598858-2601929	NB551033:109:HG7V5BGX9:4:21511:4877:13892#0/2	96.610	118	4	0	2292	2409	1	118	2.29e-48	196
NC_011593.1:2598858-2601929	NB551033:109:HG7V5BGX9:4:12603:3249:16200#0/2	99.083	109	1	0	2931	3039	1	109	2.29e-48	196
NC_011593.1:2598858-2601929	NB551033:109:HG7V5BGX9:2:12211:26601:5122#0/2	99.074	108	1	0	1894	2001	1	108	8.24e-48	195
NC_011593.1:2598858-2601929	NB551033:109:HG7V5BGX9:1:12310:21794:3573#0/1	99.065	107	1	0	1640	1746	1	107	2.96e-47	193
NC_011593.1:2598858-2601929	NB551033:109:HG7V5BGX9:1:22311:6429:4965#0/2	100.000	103	0	0	1713	1815	1	103	1.07e-46	191
NC_011593.1:2598858-2601929	NB551033:109:HG7V5BGX9:2:21212:21358:1493#0/2	99.048	105	1	0	425	529	105	1	3.83e-46	189
NC_011593.1:2598858-2601929	NB551033:109:HG7V5BGX9:1:22203:15153:16777#0/2	99.048	105	1	0	355	459	105	1	3.83e-46	189
NC_011593.1:2598858-2601929	NB551033:109:HG7V5BGX9:2:21301:19164:16853#0/1	99.048	105	1	0	951	1055	1	105	3.83e-46	189
NC_011593.1:2598858-2601929	NB551033:109:HG7V5BGX9:2:13304:23155:15036#0/1	95.726	117	5	0	60	176	117	1	3.83e-46	189
NC_011593.1:2598858-2601929	NB551033:109:HG7V5BGX9:2:12211:26601:5122#0/1	99.048	105	1	0	1897	2001	105	1	3.83e-46	189
NC_011593.1:2598858-2601929	NB551033:109:HG7V5BGX9:1:22203:15153:16777#0/1	99.048	105	1	0	355	459	1	105	3.83e-46	189
NC_011593.1:2598858-2601929	NB551033:109:HG7V5BGX9:2:21301:19164:16853#0/2	99.038	104	1	0	952	1055	104	1	1.38e-45	187
NC_011593.1:2598858-2601929	NB551033:109:HG7V5BGX9:2:13201:8804:8503#0/1	97.273	110	3	0	2963	3072	150	41	1.38e-45	187
NC_011593.1:2598858-2601929	NB551033:109:HG7V5BGX9:1:13107:21581:5210#0/1	98.131	107	2	0	2518	2624	109	3	1.38e-45	187
NC_011593.1:2598858-2601929	NB551033:109:HG7V5BGX9:1:22311:6429:4965#0/1	99.029	103	1	0	1713	1815	103	1	4.96e-45	185
NC_011593.1:2598858-2601929	NB551033:109:HG7V5BGX9:2:13105:25919:9099#0/2	97.222	108	3	0	2686	2793	108	1	1.78e-44	183
NC_011593.1:2598858-2601929	NB551033:109:HG7V5BGX9:3:22411:4086:8444#0/2	99.010	101	1	0	2040	2140	101	1	6.42e-44	182
NC_011593.1:2598858-2601929	NB551033:109:HG7V5BGX9:3:11512:1813:12196#0/1	98.077	104	2	0	2823	2926	1	104	6.42e-44	182
NC_011593.1:2598858-2601929	NB551033:109:HG7V5BGX9:4:11504:20041:12375#0/2	96.296	108	4	0	2120	2227	108	1	8.30e-43	178
NC_011593.1:2598858-2601929	NB551033:109:HG7V5BGX9:3:12506:2673:20013#0/2	98.039	102	2	0	2576	2677	1	102	8.30e-43	178
NC_011593.1:2598858-2601929	NB551033:109:HG7V5BGX9:1:21108:18129:13770#0/1	98.990	99	1	0	60	158	99	1	8.30e-43	178
NC_011593.1:2598858-2601929	NB551033:109:HG7V5BGX9:3:13506:4816:17763#0/2	100.000	95	0	0	959	1053	1	95	2.99e-42	176
NC_011593.1:2598858-2601929	NB551033:109:HG7V5BGX9:1:11202:19591:10471#0/2	98.980	98	1	0	2877	2974	1	98	2.99e-42	176
NC_011593.1:2598858-2601929	NB551033:109:HG7V5BGX9:3:13506:4816:17763#0/1	100.000	95	0	0	959	1053	95	1	2.99e-42	176
NC_011593.1:2598858-2601929	NB551033:109:HG7V5BGX9:2:22108:13065:18653#0/1	100.000	95	0	0	1906	2000	1	95	2.99e-42	176
NC_011593.1:2598858-2601929	NB551033:109:HG7V5BGX9:1:11202:19591:10471#0/1	98.980	98	1	0	2877	2974	98	1	2.99e-42	176
NC_011593.1:2598858-2601929	NB551033:109:HG7V5BGX9:3:21601:18861:1397#0/2	98.000	100	2	0	1081	1180	100	1	1.07e-41	174
NC_011593.1:2598858-2601929	NB551033:109:HG7V5BGX9:1:21304:5899:18111#0/1	98.969	97	1	0	150	246	1	97	1.07e-41	174
NC_011593.1:2598858-2601929	NB551033:109:HG7V5BGX9:3:13509:19232:18350#0/2	97.917	96	2	0	1348	1443	1	96	1.80e-39	167
NC_011593.1:2598858-2601929	NB551033:109:HG7V5BGX9:3:13509:19232:18350#0/1	97.917	96	2	0	1348	1443	96	1	1.80e-39	167
NC_011593.1:2598858-2601929	NB551033:109:HG7V5BGX9:3:22611:12604:18416#0/2	97.895	95	2	0	2817	2911	1	95	6.46e-39	165
NC_011593.1:2598858-2601929	NB551033:109:HG7V5BGX9:3:22401:1791:12676#0/2	100.000	89	0	0	2392	2480	3	91	6.46e-39	165
NC_011593.1:2598858-2601929	NB551033:109:HG7V5BGX9:3:22401:1791:12676#0/1	100.000	89	0	0	2392	2480	89	1	6.46e-39	165
NC_011593.1:2598858-2601929	NB551033:109:HG7V5BGX9:1:21102:2380:2168#0/2	100.000	87	0	0	2166	2252	87	1	8.36e-38	161
NC_011593.1:2598858-2601929	NB551033:109:HG7V5BGX9:4:21609:23083:19137#0/1	95.918	98	4	0	2659	2756	98	1	3.01e-37	159
NC_011593.1:2598858-2601929	NB551033:109:HG7V5BGX9:3:21410:2007:3440#0/1	98.876	89	1	0	1951	2039	89	1	3.01e-37	159
NC_011593.1:2598858-2601929	NB551033:109:HG7V5BGX9:3:13402:18839:6013#0/1	97.826	92	2	0	1172	1263	92	1	3.01e-37	159
NC_011593.1:2598858-2601929	NB551033:109:HG7V5BGX9:1:21101:7725:19644#0/2	97.802	91	2	0	2297	2387	1	91	1.08e-36	158
NC_011593.1:2598858-2601929	NB551033:109:HG7V5BGX9:4:11504:20041:12375#0/1	96.809	94	3	0	2120	2213	1	94	1.08e-36	158
NC_011593.1:2598858-2601929	NB551033:109:HG7V5BGX9:3:22605:3779:11907#0/2	100.000	84	0	0	1807	1890	1	84	3.89e-36	156
NC_011593.1:2598858-2601929	NB551033:109:HG7V5BGX9:3:23503:13126:16474#0/1	96.739	92	3	0	2712	2803	92	1	1.40e-35	154
NC_011593.1:2598858-2601929	NB551033:109:HG7V5BGX9:4:21603:4286:16695#0/2	98.824	85	1	0	1050	1134	1	85	5.03e-35	152
NC_011593.1:2598858-2601929	NB551033:109:HG7V5BGX9:3:13410:16106:17457#0/2	98.824	85	1	0	1050	1134	1	85	5.03e-35	152
NC_011593.1:2598858-2601929	NB551033:109:HG7V5BGX9:3:21601:18861:1397#0/1	97.727	88	2	0	1081	1168	1	88	5.03e-35	152
NC_011593.1:2598858-2601929	NB551033:109:HG7V5BGX9:2:22110:23286:9927#0/1	100.000	82	0	0	1740	1821	1	82	5.03e-35	152
NC_011593.1:2598858-2601929	NB551033:109:HG7V5BGX9:4:11609:10899:12467#0/2	98.810	84	1	0	2459	2542	84	1	1.81e-34	150
NC_011593.1:2598858-2601929	NB551033:109:HG7V5BGX9:1:12310:21281:14603#0/2	98.810	84	1	0	2072	2155	1	84	1.81e-34	150
NC_011593.1:2598858-2601929	NB551033:109:HG7V5BGX9:1:12310:21281:14603#0/1	98.810	84	1	0	2072	2155	84	1	1.81e-34	150
NC_011593.1:2598858-2601929	NB551033:109:HG7V5BGX9:3:22503:26119:9207#0/2	98.795	83	1	0	1271	1353	1	83	6.51e-34	148
NC_011593.1:2598858-2601929	NB551033:109:HG7V5BGX9:2:23204:17480:4255#0/2	100.000	80	0	0	974	1053	1	80	6.51e-34	148
NC_011593.1:2598858-2601929	NB551033:109:HG7V5BGX9:2:12309:10199:15640#0/2	95.652	92	4	0	880	971	1	92	6.51e-34	148
NC_011593.1:2598858-2601929	NB551033:109:HG7V5BGX9:3:22503:26119:9207#0/1	98.795	83	1	0	1272	1354	83	1	6.51e-34	148
NC_011593.1:2598858-2601929	NB551033:109:HG7V5BGX9:2:23204:17480:4255#0/1	100.000	80	0	0	974	1053	80	1	6.51e-34	148
NC_011593.1:2598858-2601929	NB551033:109:HG7V5BGX9:2:23307:23106:11588#0/1	96.591	88	3	0	2356	2443	1	88	2.34e-33	147
NC_011593.1:2598858-2601929	NB551033:109:HG7V5BGX9:2:22110:23286:9927#0/2	98.765	81	1	0	2018	2098	81	1	8.42e-33	145
NC_011593.1:2598858-2601929	NB551033:109:HG7V5BGX9:4:11605:4494:9860#0/2	100.000	76	0	0	31	106	1	76	1.09e-31	141
NC_011593.1:2598858-2601929	NB551033:109:HG7V5BGX9:1:23111:4634:2080#0/2	95.349	86	4	0	2672	2757	1	86	1.41e-30	137
NC_011593.1:2598858-2601929	NB551033:109:HG7V5BGX9:3:22605:3779:11907#0/1	98.701	77	1	0	2037	2113	77	1	1.41e-30	137
NC_011593.1:2598858-2601929	NB551033:109:HG7V5BGX9:1:23111:4634:2080#0/1	95.349	86	4	0	2672	2757	86	1	1.41e-30	137
NC_011593.1:2598858-2601929	NB551033:109:HG7V5BGX9:3:12411:9361:20359#0/2	98.684	76	1	0	2005	2080	76	1	5.07e-30	135
NC_011593.1:2598858-2601929	NB551033:109:HG7V5BGX9:1:22107:14133:4911#0/2	100.000	73	0	0	1743	1815	73	1	5.07e-30	135
NC_011593.1:2598858-2601929	NB551033:109:HG7V5BGX9:3:11510:8693:14210#0/1	96.386	83	1	2	1012	1094	1	81	5.07e-30	135
NC_011593.1:2598858-2601929	NB551033:109:HG7V5BGX9:1:21101:7725:19644#0/1	97.436	78	2	0	2836	2913	78	1	1.82e-29	134
NC_011593.1:2598858-2601929	NB551033:109:HG7V5BGX9:2:21212:26815:6275#0/2	98.630	73	1	0	1830	1902	1	73	2.36e-28	130
NC_011593.1:2598858-2601929	NB551033:109:HG7V5BGX9:2:21211:1333:6278#0/2	98.630	73	1	0	1830	1902	1	73	2.36e-28	130
NC_011593.1:2598858-2601929	NB551033:109:HG7V5BGX9:1:12303:1935:10229#0/2	98.630	73	1	0	1371	1443	1	73	2.36e-28	130
NC_011593.1:2598858-2601929	NB551033:109:HG7V5BGX9:4:21603:4286:16695#0/1	98.630	73	1	0	1062	1134	73	1	2.36e-28	130
NC_011593.1:2598858-2601929	NB551033:109:HG7V5BGX9:1:12303:1935:10229#0/1	98.630	73	1	0	1371	1443	73	1	2.36e-28	130
NC_011593.1:2598858-2601929	NB551033:109:HG7V5BGX9:2:23106:6570:18094#0/1	98.611	72	1	0	1611	1682	1	72	8.48e-28	128
NC_011593.1:2598858-2601929	NB551033:109:HG7V5BGX9:4:22608:15547:14309#0/2	97.297	74	2	0	1292	1365	1	74	3.05e-27	126
NC_011593.1:2598858-2601929	NB551033:109:HG7V5BGX9:4:22608:15547:14309#0/1	97.297	74	2	0	1292	1365	74	1	3.05e-27	126
NC_011593.1:2598858-2601929	NB551033:109:HG7V5BGX9:4:22503:20410:13478#0/1	96.104	77	3	0	2143	2219	77	1	3.05e-27	126
NC_011593.1:2598858-2601929	NB551033:109:HG7V5BGX9:4:11605:4494:9860#0/1	100.000	68	0	0	39	106	68	1	3.05e-27	126
NC_011593.1:2598858-2601929	NB551033:109:HG7V5BGX9:2:12102:14032:13157#0/2	100.000	67	0	0	1166	1232	1	67	1.10e-26	124
NC_011593.1:2598858-2601929	NB551033:109:HG7V5BGX9:1:11210:6402:13916#0/2	100.000	67	0	0	259	325	67	1	1.10e-26	124
NC_011593.1:2598858-2601929	NB551033:109:HG7V5BGX9:4:11501:4806:14364#0/1	98.571	70	1	0	1107	1176	1	70	1.10e-26	124
NC_011593.1:2598858-2601929	NB551033:109:HG7V5BGX9:4:11403:9857:15723#0/1	96.053	76	3	0	1185	1260	5	80	1.10e-26	124
NC_011593.1:2598858-2601929	NB551033:109:HG7V5BGX9:2:21212:26815:6275#0/1	97.260	73	2	0	1830	1902	73	1	1.10e-26	124
NC_011593.1:2598858-2601929	NB551033:109:HG7V5BGX9:4:22506:13372:17796#0/2	96.000	75	3	0	1186	1260	93	19	3.94e-26	122
NC_011593.1:2598858-2601929	NB551033:109:HG7V5BGX9:4:22506:13372:17796#0/1	96.000	75	3	0	1186	1260	1	75	3.94e-26	122
NC_011593.1:2598858-2601929	NB551033:109:HG7V5BGX9:2:12103:16915:2968#0/2	95.833	72	3	0	2043	2114	72	1	1.84e-24	117
NC_011593.1:2598858-2601929	NB551033:109:HG7V5BGX9:4:13603:16388:11354#0/2	95.775	71	3	0	1190	1260	1	71	6.60e-24	115
NC_011593.1:2598858-2601929	NB551033:109:HG7V5BGX9:2:23306:13566:3497#0/2	95.775	71	3	0	1190	1260	1	71	6.60e-24	115
NC_011593.1:2598858-2601929	NB551033:109:HG7V5BGX9:2:13109:20871:4723#0/2	98.462	65	1	0	1381	1445	1	65	6.60e-24	115
NC_011593.1:2598858-2601929	NB551033:109:HG7V5BGX9:1:21112:2522:8473#0/2	97.059	68	2	0	1212	1279	1	68	6.60e-24	115
NC_011593.1:2598858-2601929	NB551033:109:HG7V5BGX9:4:13603:16388:11354#0/1	95.775	71	3	0	1190	1260	142	72	6.60e-24	115
NC_011593.1:2598858-2601929	NB551033:109:HG7V5BGX9:4:12607:9571:12231#0/1	95.775	71	3	0	1190	1260	1	71	6.60e-24	115
NC_011593.1:2598858-2601929	NB551033:109:HG7V5BGX9:2:23306:13566:3497#0/1	95.775	71	3	0	1190	1260	142	72	6.60e-24	115
NC_011593.1:2598858-2601929	NB551033:109:HG7V5BGX9:2:13212:20839:12985#0/1	95.775	71	3	0	1190	1260	1	71	6.60e-24	115
NC_011593.1:2598858-2601929	NB551033:109:HG7V5BGX9:2:13109:20871:4723#0/1	98.462	65	1	0	1381	1445	65	1	6.60e-24	115
NC_011593.1:2598858-2601929	NB551033:109:HG7V5BGX9:2:13106:24450:11333#0/1	95.775	71	3	0	1190	1260	1	71	6.60e-24	115
NC_011593.1:2598858-2601929	NB551033:109:HG7V5BGX9:1:21112:2522:8473#0/1	97.059	68	2	0	1212	1279	68	1	6.60e-24	115
NC_011593.1:2598858-2601929	NB551033:109:HG7V5BGX9:2:13309:17293:6875#0/2	100.000	61	0	0	1094	1154	1	61	2.37e-23	113
NC_011593.1:2598858-2601929	NB551033:109:HG7V5BGX9:2:13309:17293:6875#0/1	100.000	61	0	0	1094	1154	61	1	2.37e-23	113
NC_011593.1:2598858-2601929	NB551033:109:HG7V5BGX9:3:21608:10083:20307#0/2	100.000	60	0	0	1163	1222	60	1	8.54e-23	111
NC_011593.1:2598858-2601929	NB551033:109:HG7V5BGX9:3:21601:3714:9603#0/2	96.970	66	2	0	810	875	66	1	8.54e-23	111
NC_011593.1:2598858-2601929	NB551033:109:HG7V5BGX9:2:23309:18802:19076#0/2	100.000	60	0	0	1717	1776	1	60	8.54e-23	111
NC_011593.1:2598858-2601929	NB551033:109:HG7V5BGX9:1:12107:13950:19461#0/2	98.413	63	1	0	1	63	63	1	8.54e-23	111
NC_011593.1:2598858-2601929	NB551033:109:HG7V5BGX9:3:21608:10083:20307#0/1	100.000	60	0	0	1163	1222	1	60	8.54e-23	111
NC_011593.1:2598858-2601929	NB551033:109:HG7V5BGX9:3:13401:15240:12665#0/1	98.413	63	1	0	1471	1533	1	63	8.54e-23	111
NC_011593.1:2598858-2601929	NB551033:109:HG7V5BGX9:1:12107:13950:19461#0/1	98.413	63	1	0	1	63	41	103	8.54e-23	111
NC_011593.1:2598858-2601929	NB551033:109:HG7V5BGX9:3:13401:15240:12665#0/2	98.387	62	1	0	1472	1533	62	1	3.07e-22	110
NC_011593.1:2598858-2601929	NB551033:109:HG7V5BGX9:1:22309:25703:3978#0/1	98.387	62	1	0	2096	2157	64	3	3.07e-22	110
NC_011593.1:2598858-2601929	NB551033:109:HG7V5BGX9:4:12506:6023:9189#0/2	100.000	58	0	0	2031	2088	58	1	1.10e-21	108
NC_011593.1:2598858-2601929	NB551033:109:HG7V5BGX9:1:22104:25872:5413#0/2	100.000	58	0	0	437	494	1	58	1.10e-21	108
NC_011593.1:2598858-2601929	NB551033:109:HG7V5BGX9:2:11312:16961:9035#0/2	95.455	66	3	0	1767	1832	1	66	3.97e-21	106
NC_011593.1:2598858-2601929	NB551033:109:HG7V5BGX9:4:11403:6033:12442#0/2	96.721	61	2	0	2576	2636	1	61	5.14e-20	102
NC_011593.1:2598858-2601929	NB551033:109:HG7V5BGX9:3:21411:25777:1543#0/2	98.276	58	1	0	1	58	58	1	5.14e-20	102
NC_011593.1:2598858-2601929	NB551033:109:HG7V5BGX9:3:13502:12541:7098#0/2	98.276	58	1	0	1	58	46	103	5.14e-20	102
NC_011593.1:2598858-2601929	NB551033:109:HG7V5BGX9:4:11403:6033:12442#0/1	96.721	61	2	0	2576	2636	61	1	5.14e-20	102
NC_011593.1:2598858-2601929	NB551033:109:HG7V5BGX9:3:13502:12541:7098#0/1	98.276	58	1	0	1	58	58	1	5.14e-20	102
NC_011593.1:2598858-2601929	NB551033:109:HG7V5BGX9:2:23302:16522:10625#0/1	100.000	55	0	0	1746	1800	1	55	5.14e-20	102
NC_011593.1:2598858-2601929	NB551033:109:HG7V5BGX9:1:22104:25872:5413#0/1	98.276	58	1	0	437	494	58	1	5.14e-20	102
NC_011593.1:2598858-2601929	NB551033:109:HG7V5BGX9:3:21410:2007:3440#0/2	98.246	57	1	0	1660	1716	1	57	1.85e-19	100
NC_011593.1:2598858-2601929	NB551033:109:HG7V5BGX9:4:13506:4143:18168#0/1	100.000	54	0	0	2616	2669	54	1	1.85e-19	100
NC_011593.1:2598858-2601929	NB551033:109:HG7V5BGX9:2:22208:18526:19625#0/2	100.000	53	0	0	207	259	53	1	6.65e-19	99.0
NC_011593.1:2598858-2601929	NB551033:109:HG7V5BGX9:4:13506:4143:18168#0/2	95.082	61	3	0	2527	2587	1	61	2.39e-18	97.1
NC_011593.1:2598858-2601929	NB551033:109:HG7V5BGX9:2:23307:23106:11588#0/2	100.000	52	0	0	2392	2443	52	1	2.39e-18	97.1
NC_011593.1:2598858-2601929	NB551033:109:HG7V5BGX9:1:22206:15410:18193#0/2	98.182	55	1	0	91	145	55	1	2.39e-18	97.1
NC_011593.1:2598858-2601929	NB551033:109:HG7V5BGX9:2:13105:25919:9099#0/1	95.082	61	3	0	2686	2746	1	61	2.39e-18	97.1
NC_011593.1:2598858-2601929	NB551033:109:HG7V5BGX9:2:11312:16961:9035#0/1	98.182	55	1	0	2065	2119	55	1	2.39e-18	97.1
NC_011593.1:2598858-2601929	NB551033:109:HG7V5BGX9:1:22206:15410:18193#0/1	98.182	55	1	0	91	145	1	55	2.39e-18	97.1
NC_011593.1:2598858-2601929	NB551033:109:HG7V5BGX9:1:21303:18646:8982#0/1	98.148	54	1	0	2295	2348	1	54	8.60e-18	95.3
NC_011593.1:2598858-2601929	NB551033:109:HG7V5BGX9:1:21304:5899:18111#0/2	98.113	53	1	0	207	259	53	1	3.09e-17	93.5
NC_011593.1:2598858-2601929	NB551033:109:HG7V5BGX9:2:23106:6570:18094#0/2	100.000	49	0	0	1732	1780	49	1	1.11e-16	91.6
NC_011593.1:2598858-2601929	NB551033:109:HG7V5BGX9:1:11208:12360:14631#0/2	100.000	49	0	0	125	173	1	49	1.11e-16	91.6
NC_011593.1:2598858-2601929	NB551033:109:HG7V5BGX9:4:23610:2632:14635#0/2	98.039	51	1	0	1	51	3	53	4.00e-16	89.8
NC_011593.1:2598858-2601929	NB551033:109:HG7V5BGX9:4:21606:24414:16728#0/2	98.039	51	1	0	155	205	51	1	4.00e-16	89.8
NC_011593.1:2598858-2601929	NB551033:109:HG7V5BGX9:3:21608:2398:7386#0/2	100.000	48	0	0	1682	1729	48	1	4.00e-16	89.8
NC_011593.1:2598858-2601929	NB551033:109:HG7V5BGX9:2:22207:13369:13955#0/2	98.039	51	1	0	1858	1908	1	51	4.00e-16	89.8
NC_011593.1:2598858-2601929	NB551033:109:HG7V5BGX9:1:22108:26452:5274#0/2	98.039	51	1	0	619	669	97	47	4.00e-16	89.8
NC_011593.1:2598858-2601929	NB551033:109:HG7V5BGX9:4:21606:24414:16728#0/1	98.039	51	1	0	155	205	1	51	4.00e-16	89.8
NC_011593.1:2598858-2601929	NB551033:109:HG7V5BGX9:4:12506:6023:9189#0/1	100.000	48	0	0	1975	2022	1	48	4.00e-16	89.8
NC_011593.1:2598858-2601929	NB551033:109:HG7V5BGX9:3:22406:14995:14652#0/1	98.039	51	1	0	619	669	143	93	4.00e-16	89.8
NC_011593.1:2598858-2601929	NB551033:109:HG7V5BGX9:3:13410:16106:17457#0/1	100.000	48	0	0	1087	1134	48	1	4.00e-16	89.8
NC_011593.1:2598858-2601929	NB551033:109:HG7V5BGX9:2:22207:13369:13955#0/1	98.039	51	1	0	1858	1908	51	1	4.00e-16	89.8
NC_011593.1:2598858-2601929	NB551033:109:HG7V5BGX9:2:13211:23631:4735#0/1	98.039	51	1	0	619	669	148	98	4.00e-16	89.8
NC_011593.1:2598858-2601929	NB551033:109:HG7V5BGX9:1:11208:12360:14631#0/1	98.039	51	1	0	126	176	51	1	4.00e-16	89.8
NC_011593.1:2598858-2601929	NB551033:109:HG7V5BGX9:3:13402:18839:6013#0/2	100.000	47	0	0	1172	1218	1	47	1.44e-15	87.9
NC_011593.1:2598858-2601929	NB551033:109:HG7V5BGX9:1:12106:10339:17904#0/1	100.000	47	0	0	2513	2559	1	47	1.44e-15	87.9
NC_011593.1:2598858-2601929	NB551033:109:HG7V5BGX9:4:13512:22280:4122#0/2	96.078	51	2	0	1210	1260	2	52	1.86e-14	84.2
NC_011593.1:2598858-2601929	NB551033:109:HG7V5BGX9:1:23307:21603:3874#0/2	97.917	48	1	0	622	669	1	48	1.86e-14	84.2
NC_011593.1:2598858-2601929	NB551033:109:HG7V5BGX9:3:11609:12926:2281#0/2	95.918	49	2	0	1212	1260	113	65	2.41e-13	80.5
NC_011593.1:2598858-2601929	NB551033:109:HG7V5BGX9:2:12208:20552:17890#0/1	97.826	46	1	0	2581	2626	46	1	2.41e-13	80.5
NC_011593.1:2598858-2601929	NB551033:109:HG7V5BGX9:1:23307:21603:3874#0/1	100.000	30	0	0	640	669	85	56	4.06e-06	56.5
# BLASTN 2.9.0+
# Query: NC_011593.1:c2604454-2602106 Bifidobacterium longum subsp. infantis ATCC 15697, complete genome
# Database: db/blast_C0767-1E-1A_S42.faa
# Fields: query acc.ver, subject acc.ver, % identity, alignment length, mismatches, gap opens, q. start, q. end, s. start, s. end, evalue, bit score
# 1 hits found
NC_011593.1:c2604454-2602106	NB551033:109:HG7V5BGX9:2:13201:16939:18505#0/1	95.556	45	2	0	1890	1934	46	2	3.07e-11	73.1
# BLASTN 2.9.0+
# Query: NC_011593.1:c2605922-2604486 Bifidobacterium longum subsp. infantis ATCC 15697, complete genome
# Database: db/blast_C0767-1E-1A_S42.faa
# 0 hits found
# BLASTN 2.9.0+
# Query: NC_011593.1:c2606381-2605944 Bifidobacterium longum subsp. infantis ATCC 15697, complete genome
# Database: db/blast_C0767-1E-1A_S42.faa
# 0 hits found
# BLASTN 2.9.0+
# Query: NC_011593.1:c2607314-2606418 Bifidobacterium longum subsp. infantis ATCC 15697, complete genome
# Database: db/blast_C0767-1E-1A_S42.faa
# 0 hits found
# BLASTN 2.9.0+
# Query: NC_011593.1:c2608249-2607458 Bifidobacterium longum subsp. infantis ATCC 15697, complete genome
# Database: db/blast_C0767-1E-1A_S42.faa
# Fields: query acc.ver, subject acc.ver, % identity, alignment length, mismatches, gap opens, q. start, q. end, s. start, s. end, evalue, bit score
# 2 hits found
NC_011593.1:c2608249-2607458	NB551033:109:HG7V5BGX9:2:11107:25122:10955#0/1	95.918	147	6	0	321	467	1	147	9.68e-62	239
NC_011593.1:c2608249-2607458	NB551033:109:HG7V5BGX9:4:13606:11007:11120#0/2	96.774	62	2	0	731	792	1	62	3.69e-21	104
# BLASTN 2.9.0+
# Query: NC_011593.1:c2609546-2608269 Bifidobacterium longum subsp. infantis ATCC 15697, complete genome
# Database: db/blast_C0767-1E-1A_S42.faa
# Fields: query acc.ver, subject acc.ver, % identity, alignment length, mismatches, gap opens, q. start, q. end, s. start, s. end, evalue, bit score
# 5 hits found
NC_011593.1:c2609546-2608269	NB551033:109:HG7V5BGX9:1:11305:15738:2713#0/2	96.667	150	5	0	890	1039	150	1	7.22e-65	250
NC_011593.1:c2609546-2608269	NB551033:109:HG7V5BGX9:1:23301:7743:12027#0/1	95.302	149	7	0	1094	1242	151	3	5.62e-61	237
NC_011593.1:c2609546-2608269	NB551033:109:HG7V5BGX9:2:23109:21468:2451#0/2	95.745	94	4	0	1185	1278	1	94	2.09e-35	152
NC_011593.1:c2609546-2608269	NB551033:109:HG7V5BGX9:2:23109:21468:2451#0/1	95.745	94	4	0	1185	1278	106	13	2.09e-35	152
NC_011593.1:c2609546-2608269	NB551033:109:HG7V5BGX9:3:22511:14818:4213#0/2	97.778	45	1	0	1234	1278	1	45	3.60e-13	78.7
# BLASTN 2.9.0+
# Query: NC_011593.1:c2610356-2609697 Bifidobacterium longum subsp. infantis ATCC 15697, complete genome
# Database: db/blast_C0767-1E-1A_S42.faa
# 0 hits found
# BLASTN 2.9.0+
# Query: NC_011593.1:c2611458-2610496 Bifidobacterium longum subsp. infantis ATCC 15697, complete genome
# Database: db/blast_C0767-1E-1A_S42.faa
# 0 hits found
# BLASTN 2.9.0+
# Query: NC_011593.1:c2612430-2611477 Bifidobacterium longum subsp. infantis ATCC 15697, complete genome
# Database: db/blast_C0767-1E-1A_S42.faa
# 0 hits found
# BLASTN 2.9.0+
# Query: NC_011593.1:c2614109-2612517 Bifidobacterium longum subsp. infantis ATCC 15697, complete genome
# Database: db/blast_C0767-1E-1A_S42.faa
# 0 hits found
# BLASTN 2.9.0+
# Query: NC_011593.1:c2615274-2614312 Bifidobacterium longum subsp. infantis ATCC 15697, complete genome
# Database: db/blast_C0767-1E-1A_S42.faa
# 0 hits found
# BLASTN 2.9.0+
# Query: NC_011593.1:c2616246-2615293 Bifidobacterium longum subsp. infantis ATCC 15697, complete genome
# Database: db/blast_C0767-1E-1A_S42.faa
# 0 hits found
# BLASTN 2.9.0+
# Query: NC_011593.1:c2617928-2616333 Bifidobacterium longum subsp. infantis ATCC 15697, complete genome
# Database: db/blast_C0767-1E-1A_S42.faa
# 0 hits found
# BLASTN 2.9.0+
# Query: NC_011593.1:c2619247-2618063 Bifidobacterium longum subsp. infantis ATCC 15697, complete genome
# Database: db/blast_C0767-1E-1A_S42.faa
# 0 hits found
# BLASTN 2.9.0+
# Query: NC_011593.1:c2620369-2619413 Bifidobacterium longum subsp. infantis ATCC 15697, complete genome
# Database: db/blast_C0767-1E-1A_S42.faa
# 0 hits found
# BLASTN 2.9.0+
# Query: NC_011593.1:c2622143-2620551 Bifidobacterium longum subsp. infantis ATCC 15697, complete genome
# Database: db/blast_C0767-1E-1A_S42.faa
# 0 hits found
# BLASTN 2.9.0+
# Query: NC_011593.1:c2624124-2622520 Bifidobacterium longum subsp. infantis ATCC 15697, complete genome
# Database: db/blast_C0767-1E-1A_S42.faa
# 0 hits found
# BLASTN 2.9.0+
# Query: NC_011593.1:c2626110-2624512 Bifidobacterium longum subsp. infantis ATCC 15697, complete genome
# Database: db/blast_C0767-1E-1A_S42.faa
# 0 hits found
# BLASTN 2.9.0+
# Query: NC_011593.1:c2626386-2626264 Bifidobacterium longum subsp. infantis ATCC 15697, complete genome
# Database: db/blast_C0767-1E-1A_S42.faa
# 0 hits found
# BLASTN 2.9.0+
# Query: NC_011593.1:c2628158-2626563 Bifidobacterium longum subsp. infantis ATCC 15697, complete genome
# Database: db/blast_C0767-1E-1A_S42.faa
# 0 hits found
# BLASTN 2.9.0+
# Query: NC_011593.1:c2630269-2628314 Bifidobacterium longum subsp. infantis ATCC 15697, complete genome
# Database: db/blast_C0767-1E-1A_S42.faa
# 0 hits found
# BLASTN 2.9.0+
# Query: NC_011593.1:c2631106-2630366 Bifidobacterium longum subsp. infantis ATCC 15697, complete genome
# Database: db/blast_C0767-1E-1A_S42.faa
# 0 hits found
# BLASTN 2.9.0+
# Query: NC_011593.1:c2632432-2631140 Bifidobacterium longum subsp. infantis ATCC 15697, complete genome
# Database: db/blast_C0767-1E-1A_S42.faa
# 0 hits found
# BLASTN 2.9.0+
# Query: NC_011593.1:c2633881-2632562 Bifidobacterium longum subsp. infantis ATCC 15697, complete genome
# Database: db/blast_C0767-1E-1A_S42.faa
# 0 hits found
# BLASTN 2.9.0+
# Query: NC_011593.1:c2634683-2633865 Bifidobacterium longum subsp. infantis ATCC 15697, complete genome
# Database: db/blast_C0767-1E-1A_S42.faa
# 0 hits found
# BLASTN 2.9.0+
# Query: NC_011593.1:c2635627-2634680 Bifidobacterium longum subsp. infantis ATCC 15697, complete genome
# Database: db/blast_C0767-1E-1A_S42.faa
# 0 hits found
# BLASTN 2.9.0+
# Query: NC_011593.1:c2636747-2635629 Bifidobacterium longum subsp. infantis ATCC 15697, complete genome
# Database: db/blast_C0767-1E-1A_S42.faa
# 0 hits found
# BLAST processed 31 queries
