# BLASTN 2.9.0+
# Query: NC_011593.1:c2595355-2593832 Bifidobacterium longum subsp. infantis ATCC 15697, complete genome
# Database: db/blast_C0789-1F-1A_S28.faa
# Fields: query acc.ver, subject acc.ver, % identity, alignment length, mismatches, gap opens, q. start, q. end, s. start, s. end, evalue, bit score
# 88 hits found
NC_011593.1:c2595355-2593832	NB551033:120:HK2TMBGX9:2:13212:16318:2139#0/1	100.000	150	0	0	360	509	150	1	3.01e-72	278
NC_011593.1:c2595355-2593832	NB551033:120:HK2TMBGX9:3:11505:12177:4052#0/1	99.333	150	1	0	519	668	1	150	1.40e-70	272
NC_011593.1:c2595355-2593832	NB551033:120:HK2TMBGX9:2:22202:17615:18442#0/1	99.333	150	1	0	358	507	150	1	1.40e-70	272
NC_011593.1:c2595355-2593832	NB551033:120:HK2TMBGX9:2:23301:9745:16449#0/2	99.329	149	1	0	1009	1157	149	1	5.04e-70	270
NC_011593.1:c2595355-2593832	NB551033:120:HK2TMBGX9:3:13504:13968:19675#0/2	98.675	151	2	0	468	618	151	1	1.81e-69	268
NC_011593.1:c2595355-2593832	NB551033:120:HK2TMBGX9:3:12607:19555:11864#0/2	98.675	151	2	0	1063	1213	1	151	1.81e-69	268
NC_011593.1:c2595355-2593832	NB551033:120:HK2TMBGX9:4:22405:14605:19062#0/1	98.675	151	2	0	468	618	151	1	1.81e-69	268
NC_011593.1:c2595355-2593832	NB551033:120:HK2TMBGX9:2:23301:9745:16449#0/1	98.675	151	2	0	992	1142	1	151	1.81e-69	268
NC_011593.1:c2595355-2593832	NB551033:120:HK2TMBGX9:2:21112:17127:4800#0/1	98.675	151	2	0	372	522	151	1	1.81e-69	268
NC_011593.1:c2595355-2593832	NB551033:120:HK2TMBGX9:4:13409:4136:5131#0/2	98.667	150	2	0	429	578	1	150	6.51e-69	267
NC_011593.1:c2595355-2593832	NB551033:120:HK2TMBGX9:4:11604:8075:1778#0/2	98.667	150	2	0	429	578	1	150	6.51e-69	267
NC_011593.1:c2595355-2593832	NB551033:120:HK2TMBGX9:2:21112:17127:4800#0/2	98.667	150	2	0	372	521	1	150	6.51e-69	267
NC_011593.1:c2595355-2593832	NB551033:120:HK2TMBGX9:2:11109:7315:17003#0/2	98.667	150	2	0	494	643	150	1	6.51e-69	267
NC_011593.1:c2595355-2593832	NB551033:120:HK2TMBGX9:4:23409:6898:12022#0/2	98.658	149	2	0	934	1082	1	149	2.34e-68	265
NC_011593.1:c2595355-2593832	NB551033:120:HK2TMBGX9:4:13608:24025:11592#0/1	98.658	149	2	0	372	520	1	149	2.34e-68	265
NC_011593.1:c2595355-2593832	NB551033:120:HK2TMBGX9:4:23401:12838:7701#0/2	98.013	151	3	0	468	618	151	1	8.43e-68	263
NC_011593.1:c2595355-2593832	NB551033:120:HK2TMBGX9:2:23109:4059:13265#0/2	98.013	151	3	0	705	855	151	1	8.43e-68	263
NC_011593.1:c2595355-2593832	NB551033:120:HK2TMBGX9:2:21309:18609:6167#0/1	98.013	151	3	0	807	957	151	1	8.43e-68	263
NC_011593.1:c2595355-2593832	NB551033:120:HK2TMBGX9:2:11109:7315:17003#0/1	98.013	151	3	0	421	571	1	151	8.43e-68	263
NC_011593.1:c2595355-2593832	NB551033:120:HK2TMBGX9:3:11612:7611:9428#0/2	98.000	150	3	0	768	917	1	150	3.03e-67	261
NC_011593.1:c2595355-2593832	NB551033:120:HK2TMBGX9:4:23401:12838:7701#0/1	98.639	147	2	0	387	533	1	147	3.03e-67	261
NC_011593.1:c2595355-2593832	NB551033:120:HK2TMBGX9:4:22607:25471:8717#0/1	98.000	150	3	0	973	1122	150	1	3.03e-67	261
NC_011593.1:c2595355-2593832	NB551033:120:HK2TMBGX9:2:12204:11340:10126#0/1	98.000	150	3	0	1098	1247	1	150	3.03e-67	261
NC_011593.1:c2595355-2593832	NB551033:120:HK2TMBGX9:1:23106:15203:13302#0/1	98.000	150	3	0	986	1135	150	1	3.03e-67	261
NC_011593.1:c2595355-2593832	NB551033:120:HK2TMBGX9:4:22610:17465:2663#0/2	97.987	149	3	0	1093	1241	149	1	1.09e-66	259
NC_011593.1:c2595355-2593832	NB551033:120:HK2TMBGX9:3:21512:2764:6115#0/2	97.987	149	3	0	561	709	1	149	1.09e-66	259
NC_011593.1:c2595355-2593832	NB551033:120:HK2TMBGX9:2:21309:18609:6167#0/2	97.987	149	3	0	803	951	1	149	1.09e-66	259
NC_011593.1:c2595355-2593832	NB551033:120:HK2TMBGX9:4:22607:25471:8717#0/2	97.351	151	4	0	847	997	1	151	3.92e-66	257
NC_011593.1:c2595355-2593832	NB551033:120:HK2TMBGX9:3:11505:12177:4052#0/2	97.351	151	4	0	565	715	151	1	3.92e-66	257
NC_011593.1:c2595355-2593832	NB551033:120:HK2TMBGX9:3:21607:24250:13091#0/1	97.351	151	4	0	890	1040	151	1	3.92e-66	257
NC_011593.1:c2595355-2593832	NB551033:120:HK2TMBGX9:3:11612:7611:9428#0/1	97.973	148	3	0	832	979	148	1	3.92e-66	257
NC_011593.1:c2595355-2593832	NB551033:120:HK2TMBGX9:4:22405:14605:19062#0/2	97.333	150	4	0	328	477	1	150	1.41e-65	255
NC_011593.1:c2595355-2593832	NB551033:120:HK2TMBGX9:3:21607:24250:13091#0/2	97.333	150	4	0	849	998	1	150	1.41e-65	255
NC_011593.1:c2595355-2593832	NB551033:120:HK2TMBGX9:2:13210:12382:1992#0/2	98.611	144	2	0	995	1138	144	1	1.41e-65	255
NC_011593.1:c2595355-2593832	NB551033:120:HK2TMBGX9:4:13409:4136:5131#0/1	97.333	150	4	0	563	712	150	1	1.41e-65	255
NC_011593.1:c2595355-2593832	NB551033:120:HK2TMBGX9:4:22610:17465:2663#0/1	96.689	151	5	0	873	1023	1	151	1.82e-64	252
NC_011593.1:c2595355-2593832	NB551033:120:HK2TMBGX9:2:21311:7881:9431#0/1	96.689	151	5	0	176	326	151	1	1.82e-64	252
NC_011593.1:c2595355-2593832	NB551033:120:HK2TMBGX9:2:22202:17615:18442#0/2	96.667	150	5	0	323	472	1	150	6.56e-64	250
NC_011593.1:c2595355-2593832	NB551033:120:HK2TMBGX9:2:13305:2712:9263#0/1	96.667	150	5	0	103	252	150	1	6.56e-64	250
NC_011593.1:c2595355-2593832	NB551033:120:HK2TMBGX9:1:23204:12637:5048#0/1	96.667	150	5	0	581	730	150	1	6.56e-64	250
NC_011593.1:c2595355-2593832	NB551033:120:HK2TMBGX9:2:13212:16318:2139#0/2	97.887	142	3	0	328	469	1	142	8.49e-63	246
NC_011593.1:c2595355-2593832	NB551033:120:HK2TMBGX9:1:13312:11388:4400#0/2	96.026	151	6	0	230	380	151	1	8.49e-63	246
NC_011593.1:c2595355-2593832	NB551033:120:HK2TMBGX9:4:23409:6898:12022#0/1	97.241	145	4	0	1274	1418	147	3	8.49e-63	246
NC_011593.1:c2595355-2593832	NB551033:120:HK2TMBGX9:4:11604:8075:1778#0/1	96.026	151	6	0	644	794	151	1	8.49e-63	246
NC_011593.1:c2595355-2593832	NB551033:120:HK2TMBGX9:3:21512:2764:6115#0/1	96.026	151	6	0	637	787	151	1	8.49e-63	246
NC_011593.1:c2595355-2593832	NB551033:120:HK2TMBGX9:4:22508:12781:12356#0/2	96.000	150	6	0	194	343	1	150	3.05e-62	244
NC_011593.1:c2595355-2593832	NB551033:120:HK2TMBGX9:4:13608:24025:11592#0/2	96.000	150	6	0	627	776	150	1	3.05e-62	244
NC_011593.1:c2595355-2593832	NB551033:120:HK2TMBGX9:1:23111:1688:7312#0/2	96.000	150	6	0	288	437	150	1	3.05e-62	244
NC_011593.1:c2595355-2593832	NB551033:120:HK2TMBGX9:4:11603:16119:19703#0/1	96.599	147	5	0	1272	1418	149	3	3.05e-62	244
NC_011593.1:c2595355-2593832	NB551033:120:HK2TMBGX9:2:23109:4059:13265#0/1	96.000	150	6	0	666	815	1	150	3.05e-62	244
NC_011593.1:c2595355-2593832	NB551033:120:HK2TMBGX9:2:11101:14284:7805#0/1	96.000	150	6	0	655	804	150	1	3.05e-62	244
NC_011593.1:c2595355-2593832	NB551033:120:HK2TMBGX9:2:12109:24599:9292#0/2	98.540	137	2	0	1072	1208	137	1	1.10e-61	243
NC_011593.1:c2595355-2593832	NB551033:120:HK2TMBGX9:4:22508:12781:12356#0/1	95.364	151	7	0	224	374	151	1	3.95e-61	241
NC_011593.1:c2595355-2593832	NB551033:120:HK2TMBGX9:2:11101:14284:7805#0/2	95.333	150	7	0	647	796	1	150	1.42e-60	239
NC_011593.1:c2595355-2593832	NB551033:120:HK2TMBGX9:1:11107:21868:4456#0/1	95.333	150	7	0	224	373	150	1	1.42e-60	239
NC_011593.1:c2595355-2593832	NB551033:120:HK2TMBGX9:1:11107:21868:4456#0/2	97.080	137	4	0	52	188	6	142	2.38e-58	231
NC_011593.1:c2595355-2593832	NB551033:120:HK2TMBGX9:3:12607:19555:11864#0/1	97.744	133	3	0	1336	1468	150	18	8.55e-58	230
NC_011593.1:c2595355-2593832	NB551033:120:HK2TMBGX9:1:13312:11388:4400#0/1	95.139	144	7	0	1	144	6	149	3.07e-57	228
NC_011593.1:c2595355-2593832	NB551033:120:HK2TMBGX9:1:23106:15203:13302#0/2	98.425	127	2	0	942	1068	1	127	3.98e-56	224
NC_011593.1:c2595355-2593832	NB551033:120:HK2TMBGX9:3:13504:13968:19675#0/1	99.194	124	1	0	372	495	1	124	3.98e-56	224
NC_011593.1:c2595355-2593832	NB551033:120:HK2TMBGX9:4:23505:5237:8244#0/2	95.620	137	6	0	694	830	1	137	5.14e-55	220
NC_011593.1:c2595355-2593832	NB551033:120:HK2TMBGX9:4:11404:20420:8803#0/2	98.400	125	2	0	455	579	1	125	5.14e-55	220
NC_011593.1:c2595355-2593832	NB551033:120:HK2TMBGX9:2:21108:26671:14647#0/2	98.387	124	2	0	1063	1186	1	124	1.85e-54	219
NC_011593.1:c2595355-2593832	NB551033:120:HK2TMBGX9:2:21107:1130:14648#0/2	98.387	124	2	0	1063	1186	1	124	1.85e-54	219
NC_011593.1:c2595355-2593832	NB551033:120:HK2TMBGX9:2:21108:26671:14647#0/1	98.387	124	2	0	1063	1186	124	1	1.85e-54	219
NC_011593.1:c2595355-2593832	NB551033:120:HK2TMBGX9:2:21107:1130:14648#0/1	98.387	124	2	0	1063	1186	124	1	1.85e-54	219
NC_011593.1:c2595355-2593832	NB551033:120:HK2TMBGX9:1:23204:12637:5048#0/2	98.333	120	2	0	429	548	1	120	3.10e-52	211
NC_011593.1:c2595355-2593832	NB551033:120:HK2TMBGX9:3:21403:16072:9278#0/2	95.420	131	6	0	664	794	131	1	1.11e-51	209
NC_011593.1:c2595355-2593832	NB551033:120:HK2TMBGX9:1:23111:1688:7312#0/1	96.094	128	5	0	267	394	1	128	1.11e-51	209
NC_011593.1:c2595355-2593832	NB551033:120:HK2TMBGX9:2:22105:14740:4613#0/2	97.500	120	3	0	796	915	1	120	1.44e-50	206
NC_011593.1:c2595355-2593832	NB551033:120:HK2TMBGX9:2:22105:14740:4613#0/1	97.500	120	3	0	796	915	120	1	1.44e-50	206
NC_011593.1:c2595355-2593832	NB551033:120:HK2TMBGX9:3:21608:4395:9936#0/2	96.721	122	4	0	697	818	122	1	5.18e-50	204
NC_011593.1:c2595355-2593832	NB551033:120:HK2TMBGX9:3:21608:4395:9936#0/1	96.000	125	5	0	694	818	3	127	5.18e-50	204
NC_011593.1:c2595355-2593832	NB551033:120:HK2TMBGX9:2:21311:7881:9431#0/2	98.165	109	2	0	94	202	1	109	4.03e-46	191
NC_011593.1:c2595355-2593832	NB551033:120:HK2TMBGX9:4:11404:20420:8803#0/1	96.429	112	4	0	739	850	112	1	1.88e-44	185
NC_011593.1:c2595355-2593832	NB551033:120:HK2TMBGX9:1:23201:9085:15845#0/2	97.170	106	3	0	704	809	1	106	8.73e-43	180
NC_011593.1:c2595355-2593832	NB551033:120:HK2TMBGX9:2:13210:12382:1992#0/1	100.000	92	0	0	786	877	1	92	5.25e-40	171
NC_011593.1:c2595355-2593832	NB551033:120:HK2TMBGX9:4:11603:16119:19703#0/2	97.938	97	2	0	1272	1368	1	97	1.89e-39	169
NC_011593.1:c2595355-2593832	NB551033:120:HK2TMBGX9:1:13207:13966:13169#0/1	97.938	97	2	0	1164	1260	1	97	1.89e-39	169
NC_011593.1:c2595355-2593832	NB551033:120:HK2TMBGX9:2:11305:3552:13210#0/2	97.849	93	2	0	922	1014	1	93	3.16e-37	161
NC_011593.1:c2595355-2593832	NB551033:120:HK2TMBGX9:2:11305:3552:13210#0/1	97.849	93	2	0	922	1014	93	1	3.16e-37	161
NC_011593.1:c2595355-2593832	NB551033:120:HK2TMBGX9:1:23201:9085:15845#0/1	98.864	88	1	0	722	809	88	1	4.09e-36	158
NC_011593.1:c2595355-2593832	NB551033:120:HK2TMBGX9:1:21301:4039:6920#0/2	100.000	83	0	0	1013	1095	1	83	5.29e-35	154
NC_011593.1:c2595355-2593832	NB551033:120:HK2TMBGX9:1:21301:4039:6920#0/1	100.000	83	0	0	1013	1095	83	1	5.29e-35	154
NC_011593.1:c2595355-2593832	NB551033:120:HK2TMBGX9:2:12109:24599:9292#0/1	95.745	94	4	0	891	984	1	94	1.90e-34	152
NC_011593.1:c2595355-2593832	NB551033:120:HK2TMBGX9:4:21406:22712:12626#0/1	95.604	91	4	0	1094	1184	91	1	8.85e-33	147
NC_011593.1:c2595355-2593832	NB551033:120:HK2TMBGX9:1:13207:13966:13169#0/2	97.297	74	2	0	1274	1347	74	1	1.15e-26	126
NC_011593.1:c2595355-2593832	NB551033:120:HK2TMBGX9:2:12204:11340:10126#0/2	98.214	56	1	0	1415	1470	150	95	2.51e-18	99.0
# BLASTN 2.9.0+
# Query: NC_011593.1:c2597106-2595574 Bifidobacterium longum subsp. infantis ATCC 15697, complete genome
# Database: db/blast_C0789-1F-1A_S28.faa
# Fields: query acc.ver, subject acc.ver, % identity, alignment length, mismatches, gap opens, q. start, q. end, s. start, s. end, evalue, bit score
# 9 hits found
NC_011593.1:c2597106-2595574	NB551033:120:HK2TMBGX9:4:23401:12838:7701#0/1	95.238	147	7	0	387	533	1	147	6.65e-59	233
NC_011593.1:c2597106-2595574	NB551033:120:HK2TMBGX9:4:22508:12781:12356#0/2	95.726	117	5	0	214	330	21	137	1.46e-45	189
NC_011593.1:c2597106-2595574	NB551033:120:HK2TMBGX9:1:21111:21914:1950#0/1	98.765	81	1	0	1	81	63	143	3.20e-32	145
NC_011593.1:c2597106-2595574	NB551033:120:HK2TMBGX9:2:11210:6904:10492#0/2	98.734	79	1	0	1	79	73	151	4.14e-31	141
NC_011593.1:c2597106-2595574	NB551033:120:HK2TMBGX9:2:23112:21357:12468#0/2	100.000	72	0	0	1	72	72	1	6.93e-29	134
NC_011593.1:c2597106-2595574	NB551033:120:HK2TMBGX9:2:13109:5873:3285#0/2	100.000	55	0	0	1	55	55	1	1.96e-19	102
NC_011593.1:c2597106-2595574	NB551033:120:HK2TMBGX9:2:12204:11340:10126#0/2	98.214	56	1	0	1415	1470	150	95	2.53e-18	99.0
NC_011593.1:c2597106-2595574	NB551033:120:HK2TMBGX9:2:22105:8852:10102#0/1	96.000	50	1	1	1	50	49	1	9.16e-13	80.5
NC_011593.1:c2597106-2595574	NB551033:120:HK2TMBGX9:2:23112:21357:12468#0/1	100.000	31	0	0	1	31	121	151	4.29e-06	58.4
# BLASTN 2.9.0+
# Query: NC_011593.1:c2598562-2597207 Bifidobacterium longum subsp. infantis ATCC 15697, complete genome
# Database: db/blast_C0789-1F-1A_S28.faa
# Fields: query acc.ver, subject acc.ver, % identity, alignment length, mismatches, gap opens, q. start, q. end, s. start, s. end, evalue, bit score
# 57 hits found
NC_011593.1:c2598562-2597207	NB551033:120:HK2TMBGX9:4:11610:15155:3842#0/2	100.000	151	0	0	461	611	1	151	7.50e-73	279
NC_011593.1:c2598562-2597207	NB551033:120:HK2TMBGX9:2:13105:25304:5832#0/2	100.000	151	0	0	639	789	1	151	7.50e-73	279
NC_011593.1:c2598562-2597207	NB551033:120:HK2TMBGX9:1:22208:3588:5715#0/2	100.000	151	0	0	764	914	1	151	7.50e-73	279
NC_011593.1:c2598562-2597207	NB551033:120:HK2TMBGX9:4:23410:4553:13627#0/2	100.000	150	0	0	1082	1231	150	1	2.70e-72	278
NC_011593.1:c2598562-2597207	NB551033:120:HK2TMBGX9:1:21212:15944:6904#0/2	100.000	150	0	0	330	479	150	1	2.70e-72	278
NC_011593.1:c2598562-2597207	NB551033:120:HK2TMBGX9:1:22208:3588:5715#0/1	100.000	150	0	0	779	928	150	1	2.70e-72	278
NC_011593.1:c2598562-2597207	NB551033:120:HK2TMBGX9:2:13105:25304:5832#0/1	100.000	149	0	0	767	915	149	1	9.71e-72	276
NC_011593.1:c2598562-2597207	NB551033:120:HK2TMBGX9:1:21212:15944:6904#0/1	100.000	149	0	0	320	468	1	149	9.71e-72	276
NC_011593.1:c2598562-2597207	NB551033:120:HK2TMBGX9:2:12304:9286:18230#0/2	100.000	148	0	0	147	294	1	148	3.49e-71	274
NC_011593.1:c2598562-2597207	NB551033:120:HK2TMBGX9:2:21308:24224:8962#0/1	100.000	148	0	0	821	968	148	1	3.49e-71	274
NC_011593.1:c2598562-2597207	NB551033:120:HK2TMBGX9:1:11106:17853:17102#0/1	99.338	151	1	0	605	755	151	1	3.49e-71	274
NC_011593.1:c2598562-2597207	NB551033:120:HK2TMBGX9:3:11408:18784:17838#0/2	100.000	147	0	0	555	701	1	147	1.26e-70	272
NC_011593.1:c2598562-2597207	NB551033:120:HK2TMBGX9:1:11106:17853:17102#0/2	99.333	150	1	0	555	704	1	150	1.26e-70	272
NC_011593.1:c2598562-2597207	NB551033:120:HK2TMBGX9:4:11610:15155:3842#0/1	99.333	150	1	0	536	685	150	1	1.26e-70	272
NC_011593.1:c2598562-2597207	NB551033:120:HK2TMBGX9:3:11606:7653:15497#0/2	99.324	148	1	0	383	530	1	148	1.62e-69	268
NC_011593.1:c2598562-2597207	NB551033:120:HK2TMBGX9:4:11503:12201:3368#0/2	98.658	149	2	0	248	396	149	1	2.10e-68	265
NC_011593.1:c2598562-2597207	NB551033:120:HK2TMBGX9:1:21212:14695:16485#0/1	100.000	143	0	0	511	653	1	143	2.10e-68	265
NC_011593.1:c2598562-2597207	NB551033:120:HK2TMBGX9:3:13605:16861:13565#0/2	100.000	142	0	0	877	1018	142	1	7.56e-68	263
NC_011593.1:c2598562-2597207	NB551033:120:HK2TMBGX9:3:13605:16861:13565#0/1	99.301	143	1	0	876	1018	1	143	9.78e-67	259
NC_011593.1:c2598562-2597207	NB551033:120:HK2TMBGX9:3:22509:5246:11493#0/2	100.000	135	0	0	663	797	135	1	5.88e-64	250
NC_011593.1:c2598562-2597207	NB551033:120:HK2TMBGX9:2:13308:16193:7603#0/2	98.582	141	2	0	311	451	1	141	5.88e-64	250
NC_011593.1:c2598562-2597207	NB551033:120:HK2TMBGX9:3:11409:9025:8333#0/2	100.000	131	0	0	1113	1243	131	1	9.85e-62	243
NC_011593.1:c2598562-2597207	NB551033:120:HK2TMBGX9:3:22509:5246:11493#0/1	99.254	134	1	0	663	796	1	134	9.85e-62	243
NC_011593.1:c2598562-2597207	NB551033:120:HK2TMBGX9:3:11409:9025:8333#0/1	100.000	131	0	0	1113	1243	1	131	9.85e-62	243
NC_011593.1:c2598562-2597207	NB551033:120:HK2TMBGX9:4:21412:15746:3485#0/2	100.000	128	0	0	1177	1304	1	128	4.58e-60	237
NC_011593.1:c2598562-2597207	NB551033:120:HK2TMBGX9:3:22408:22921:2835#0/2	100.000	125	0	0	698	822	1	125	2.13e-58	231
NC_011593.1:c2598562-2597207	NB551033:120:HK2TMBGX9:3:22408:22921:2835#0/1	100.000	125	0	0	698	822	125	1	2.13e-58	231
NC_011593.1:c2598562-2597207	NB551033:120:HK2TMBGX9:2:21308:24224:8962#0/2	100.000	115	0	0	689	803	1	115	7.72e-53	213
NC_011593.1:c2598562-2597207	NB551033:120:HK2TMBGX9:2:11108:5461:18890#0/2	100.000	114	0	0	754	867	1	114	2.78e-52	211
NC_011593.1:c2598562-2597207	NB551033:120:HK2TMBGX9:3:11408:18784:17838#0/1	100.000	113	0	0	590	702	113	1	9.99e-52	209
NC_011593.1:c2598562-2597207	NB551033:120:HK2TMBGX9:4:13401:9317:13653#0/2	99.091	110	1	0	955	1064	1	110	2.16e-48	198
NC_011593.1:c2598562-2597207	NB551033:120:HK2TMBGX9:4:12610:13628:7885#0/1	99.048	105	1	0	960	1064	1	105	1.30e-45	189
NC_011593.1:c2598562-2597207	NB551033:120:HK2TMBGX9:4:12401:7340:18691#0/2	100.000	96	0	0	833	928	1	96	2.82e-42	178
NC_011593.1:c2598562-2597207	NB551033:120:HK2TMBGX9:4:12401:7340:18691#0/1	100.000	95	0	0	834	928	95	1	1.01e-41	176
NC_011593.1:c2598562-2597207	NB551033:120:HK2TMBGX9:2:12304:9286:18230#0/1	100.000	95	0	0	318	412	95	1	1.01e-41	176
NC_011593.1:c2598562-2597207	NB551033:120:HK2TMBGX9:2:22112:11165:11387#0/1	100.000	86	0	0	715	800	1	86	1.02e-36	159
NC_011593.1:c2598562-2597207	NB551033:120:HK2TMBGX9:4:12409:19906:12619#0/1	100.000	84	0	0	1221	1304	150	67	1.32e-35	156
NC_011593.1:c2598562-2597207	NB551033:120:HK2TMBGX9:1:21212:14695:16485#0/2	100.000	81	0	0	573	653	81	1	6.14e-34	150
NC_011593.1:c2598562-2597207	NB551033:120:HK2TMBGX9:3:11606:7653:15497#0/1	100.000	80	0	0	498	577	80	1	2.21e-33	148
NC_011593.1:c2598562-2597207	NB551033:120:HK2TMBGX9:2:11108:5461:18890#0/1	98.795	83	1	0	982	1064	151	69	2.21e-33	148
NC_011593.1:c2598562-2597207	NB551033:120:HK2TMBGX9:1:23101:14401:17519#0/1	100.000	80	0	0	1225	1304	1	80	2.21e-33	148
NC_011593.1:c2598562-2597207	NB551033:120:HK2TMBGX9:4:12409:19906:12619#0/2	100.000	79	0	0	1063	1141	72	150	7.94e-33	147
NC_011593.1:c2598562-2597207	NB551033:120:HK2TMBGX9:2:13308:16193:7603#0/1	100.000	75	0	0	588	662	75	1	1.33e-30	139
NC_011593.1:c2598562-2597207	NB551033:120:HK2TMBGX9:4:12608:3104:2641#0/2	97.143	70	2	0	1	70	70	1	1.73e-24	119
NC_011593.1:c2598562-2597207	NB551033:120:HK2TMBGX9:3:23604:15129:10237#0/2	100.000	64	0	0	1063	1126	64	1	1.73e-24	119
NC_011593.1:c2598562-2597207	NB551033:120:HK2TMBGX9:2:11306:22037:19005#0/1	97.101	69	2	0	996	1064	1	69	6.23e-24	117
NC_011593.1:c2598562-2597207	NB551033:120:HK2TMBGX9:2:11304:4515:10752#0/2	100.000	42	0	0	1063	1104	42	1	2.94e-12	78.7
NC_011593.1:c2598562-2597207	NB551033:120:HK2TMBGX9:2:22112:11165:11387#0/2	97.727	44	1	0	1021	1064	85	42	1.06e-11	76.8
NC_011593.1:c2598562-2597207	NB551033:120:HK2TMBGX9:1:11210:21029:11448#0/2	100.000	41	0	0	1063	1103	41	1	1.06e-11	76.8
NC_011593.1:c2598562-2597207	NB551033:120:HK2TMBGX9:1:11308:21308:14827#0/1	97.727	44	1	0	1302	1345	44	1	1.06e-11	76.8
NC_011593.1:c2598562-2597207	NB551033:120:HK2TMBGX9:1:11210:21029:11448#0/1	100.000	41	0	0	1063	1103	81	121	1.06e-11	76.8
NC_011593.1:c2598562-2597207	NB551033:120:HK2TMBGX9:4:23412:13909:2937#0/2	100.000	37	0	0	1	37	37	1	1.77e-09	69.4
NC_011593.1:c2598562-2597207	NB551033:120:HK2TMBGX9:4:13401:9317:13653#0/1	97.368	38	1	0	1027	1064	149	112	2.29e-08	65.8
NC_011593.1:c2598562-2597207	NB551033:120:HK2TMBGX9:4:12612:24245:14277#0/2	100.000	28	0	0	1302	1329	54	81	1.78e-04	52.8
NC_011593.1:c2598562-2597207	NB551033:120:HK2TMBGX9:1:23101:14401:17519#0/2	100.000	28	0	0	1277	1304	151	124	1.78e-04	52.8
NC_011593.1:c2598562-2597207	NB551033:120:HK2TMBGX9:4:21412:15746:3485#0/1	100.000	28	0	0	1277	1304	150	123	1.78e-04	52.8
NC_011593.1:c2598562-2597207	NB551033:120:HK2TMBGX9:4:12612:24245:14277#0/1	100.000	28	0	0	1302	1329	28	1	1.78e-04	52.8
# BLASTN 2.9.0+
# Query: NC_011593.1:2598858-2601929 Bifidobacterium longum subsp. infantis ATCC 15697, complete genome
# Database: db/blast_C0789-1F-1A_S28.faa
# Fields: query acc.ver, subject acc.ver, % identity, alignment length, mismatches, gap opens, q. start, q. end, s. start, s. end, evalue, bit score
# 190 hits found
NC_011593.1:2598858-2601929	NB551033:120:HK2TMBGX9:1:21310:17940:18436#0/2	100.000	151	0	0	2402	2552	1	151	1.70e-72	279
NC_011593.1:2598858-2601929	NB551033:120:HK2TMBGX9:4:12609:7568:17590#0/1	100.000	151	0	0	1718	1868	151	1	1.70e-72	279
NC_011593.1:2598858-2601929	NB551033:120:HK2TMBGX9:4:21502:15754:1666#0/2	100.000	150	0	0	1580	1729	150	1	6.13e-72	278
NC_011593.1:2598858-2601929	NB551033:120:HK2TMBGX9:4:12609:7568:17590#0/2	100.000	150	0	0	1693	1842	1	150	6.13e-72	278
NC_011593.1:2598858-2601929	NB551033:120:HK2TMBGX9:2:12201:10665:12246#0/2	100.000	150	0	0	1907	2056	150	1	6.13e-72	278
NC_011593.1:2598858-2601929	NB551033:120:HK2TMBGX9:1:12210:20514:19799#0/2	100.000	150	0	0	1599	1748	150	1	6.13e-72	278
NC_011593.1:2598858-2601929	NB551033:120:HK2TMBGX9:1:12210:20514:19799#0/1	100.000	150	0	0	1599	1748	1	150	6.13e-72	278
NC_011593.1:2598858-2601929	NB551033:120:HK2TMBGX9:4:12403:8330:12472#0/2	99.338	151	1	0	2427	2577	151	1	7.93e-71	274
NC_011593.1:2598858-2601929	NB551033:120:HK2TMBGX9:4:11602:7982:12521#0/2	99.338	151	1	0	905	1055	151	1	7.93e-71	274
NC_011593.1:2598858-2601929	NB551033:120:HK2TMBGX9:2:23307:15339:13960#0/2	99.338	151	1	0	1993	2143	151	1	7.93e-71	274
NC_011593.1:2598858-2601929	NB551033:120:HK2TMBGX9:2:13206:17206:5193#0/2	99.338	151	1	0	2778	2928	151	1	7.93e-71	274
NC_011593.1:2598858-2601929	NB551033:120:HK2TMBGX9:2:23307:15339:13960#0/1	99.338	151	1	0	1860	2010	1	151	7.93e-71	274
NC_011593.1:2598858-2601929	NB551033:120:HK2TMBGX9:2:12202:9634:12268#0/1	99.338	151	1	0	2868	3018	151	1	7.93e-71	274
NC_011593.1:2598858-2601929	NB551033:120:HK2TMBGX9:4:22605:12580:4380#0/2	99.333	150	1	0	149	298	1	150	2.85e-70	272
NC_011593.1:2598858-2601929	NB551033:120:HK2TMBGX9:4:12501:15959:12211#0/2	99.333	150	1	0	1923	2072	1	150	2.85e-70	272
NC_011593.1:2598858-2601929	NB551033:120:HK2TMBGX9:3:22605:12768:7482#0/2	99.333	150	1	0	2398	2547	150	1	2.85e-70	272
NC_011593.1:2598858-2601929	NB551033:120:HK2TMBGX9:3:22411:24541:2991#0/2	99.333	150	1	0	2778	2927	1	150	2.85e-70	272
NC_011593.1:2598858-2601929	NB551033:120:HK2TMBGX9:3:12502:17945:3051#0/2	99.333	150	1	0	334	483	150	1	2.85e-70	272
NC_011593.1:2598858-2601929	NB551033:120:HK2TMBGX9:2:22202:10371:12431#0/2	99.333	150	1	0	113	262	150	1	2.85e-70	272
NC_011593.1:2598858-2601929	NB551033:120:HK2TMBGX9:2:21104:10134:13539#0/2	99.333	150	1	0	1863	2012	1	150	2.85e-70	272
NC_011593.1:2598858-2601929	NB551033:120:HK2TMBGX9:2:12202:9634:12268#0/2	99.333	150	1	0	2864	3013	1	150	2.85e-70	272
NC_011593.1:2598858-2601929	NB551033:120:HK2TMBGX9:1:11302:18880:19301#0/2	99.333	150	1	0	311	460	1	150	2.85e-70	272
NC_011593.1:2598858-2601929	NB551033:120:HK2TMBGX9:3:23511:13632:17858#0/1	99.333	150	1	0	127	276	1	150	2.85e-70	272
NC_011593.1:2598858-2601929	NB551033:120:HK2TMBGX9:3:22605:12768:7482#0/1	99.333	150	1	0	1863	2012	1	150	2.85e-70	272
NC_011593.1:2598858-2601929	NB551033:120:HK2TMBGX9:3:22411:24541:2991#0/1	99.333	150	1	0	2813	2962	150	1	2.85e-70	272
NC_011593.1:2598858-2601929	NB551033:120:HK2TMBGX9:3:12601:18974:18210#0/1	99.333	150	1	0	1329	1478	151	2	2.85e-70	272
NC_011593.1:2598858-2601929	NB551033:120:HK2TMBGX9:3:12502:17945:3051#0/1	99.333	150	1	0	278	427	1	150	2.85e-70	272
NC_011593.1:2598858-2601929	NB551033:120:HK2TMBGX9:2:13206:17206:5193#0/1	99.333	150	1	0	2778	2927	1	150	2.85e-70	272
NC_011593.1:2598858-2601929	NB551033:120:HK2TMBGX9:1:13304:12186:20264#0/1	99.333	150	1	0	1991	2140	1	150	2.85e-70	272
NC_011593.1:2598858-2601929	NB551033:120:HK2TMBGX9:1:12109:1388:17538#0/2	100.000	146	0	0	2392	2537	146	1	1.03e-69	270
NC_011593.1:2598858-2601929	NB551033:120:HK2TMBGX9:2:12201:10665:12246#0/1	99.329	149	1	0	1844	1992	1	149	1.03e-69	270
NC_011593.1:2598858-2601929	NB551033:120:HK2TMBGX9:4:12403:5054:1064#0/2	98.675	151	2	0	1045	1195	1	151	3.69e-69	268
NC_011593.1:2598858-2601929	NB551033:120:HK2TMBGX9:3:22507:5484:15735#0/2	98.675	151	2	0	2741	2891	151	1	3.69e-69	268
NC_011593.1:2598858-2601929	NB551033:120:HK2TMBGX9:3:12601:18974:18210#0/2	98.675	151	2	0	1266	1416	1	151	3.69e-69	268
NC_011593.1:2598858-2601929	NB551033:120:HK2TMBGX9:2:11305:3025:18331#0/2	99.324	148	1	0	2192	2339	1	148	3.69e-69	268
NC_011593.1:2598858-2601929	NB551033:120:HK2TMBGX9:1:22203:13308:13241#0/2	98.675	151	2	0	1364	1514	151	1	3.69e-69	268
NC_011593.1:2598858-2601929	NB551033:120:HK2TMBGX9:1:11202:24996:1942#0/2	98.675	151	2	0	1402	1552	1	151	3.69e-69	268
NC_011593.1:2598858-2601929	NB551033:120:HK2TMBGX9:4:21502:15754:1666#0/1	98.675	151	2	0	1493	1643	1	151	3.69e-69	268
NC_011593.1:2598858-2601929	NB551033:120:HK2TMBGX9:4:13501:24349:5539#0/1	98.675	151	2	0	2513	2663	1	151	3.69e-69	268
NC_011593.1:2598858-2601929	NB551033:120:HK2TMBGX9:4:11507:18883:9463#0/1	98.675	151	2	0	2571	2721	151	1	3.69e-69	268
NC_011593.1:2598858-2601929	NB551033:120:HK2TMBGX9:3:22604:22666:14251#0/1	98.675	151	2	0	1239	1389	151	1	3.69e-69	268
NC_011593.1:2598858-2601929	NB551033:120:HK2TMBGX9:3:21603:2839:16390#0/1	98.675	151	2	0	1048	1198	151	1	3.69e-69	268
NC_011593.1:2598858-2601929	NB551033:120:HK2TMBGX9:3:13502:24721:12370#0/1	98.675	151	2	0	1295	1445	151	1	3.69e-69	268
NC_011593.1:2598858-2601929	NB551033:120:HK2TMBGX9:2:11303:4543:19219#0/1	98.675	151	2	0	2339	2489	151	1	3.69e-69	268
NC_011593.1:2598858-2601929	NB551033:120:HK2TMBGX9:2:11210:25168:15189#0/1	98.675	151	2	0	1514	1664	1	151	3.69e-69	268
NC_011593.1:2598858-2601929	NB551033:120:HK2TMBGX9:1:22203:13308:13241#0/1	99.324	148	1	0	1209	1356	1	148	3.69e-69	268
NC_011593.1:2598858-2601929	NB551033:120:HK2TMBGX9:1:11310:24909:14460#0/1	98.675	151	2	0	614	764	1	151	3.69e-69	268
NC_011593.1:2598858-2601929	NB551033:120:HK2TMBGX9:1:11202:24996:1942#0/1	98.675	151	2	0	1493	1643	151	1	3.69e-69	268
NC_011593.1:2598858-2601929	NB551033:120:HK2TMBGX9:4:11507:18883:9463#0/2	98.667	150	2	0	2544	2693	1	150	1.33e-68	267
NC_011593.1:2598858-2601929	NB551033:120:HK2TMBGX9:3:21603:2839:16390#0/2	98.667	150	2	0	1045	1194	1	150	1.33e-68	267
NC_011593.1:2598858-2601929	NB551033:120:HK2TMBGX9:4:23509:11197:3985#0/1	98.667	150	2	0	1993	2142	1	150	1.33e-68	267
NC_011593.1:2598858-2601929	NB551033:120:HK2TMBGX9:4:22512:24999:9441#0/1	98.667	150	2	0	705	854	1	150	1.33e-68	267
NC_011593.1:2598858-2601929	NB551033:120:HK2TMBGX9:4:12501:15959:12211#0/1	98.667	150	2	0	2006	2155	150	1	1.33e-68	267
NC_011593.1:2598858-2601929	NB551033:120:HK2TMBGX9:4:12403:8330:12472#0/1	98.667	150	2	0	2361	2510	1	150	1.33e-68	267
NC_011593.1:2598858-2601929	NB551033:120:HK2TMBGX9:3:22405:8839:18588#0/1	98.667	150	2	0	392	541	1	150	1.33e-68	267
NC_011593.1:2598858-2601929	NB551033:120:HK2TMBGX9:3:11603:21591:6629#0/1	98.667	150	2	0	36	185	1	150	1.33e-68	267
NC_011593.1:2598858-2601929	NB551033:120:HK2TMBGX9:2:22202:10371:12431#0/1	98.667	150	2	0	100	249	1	150	1.33e-68	267
NC_011593.1:2598858-2601929	NB551033:120:HK2TMBGX9:2:13306:20349:16933#0/1	98.667	150	2	0	2514	2663	1	150	1.33e-68	267
NC_011593.1:2598858-2601929	NB551033:120:HK2TMBGX9:2:11103:19213:14531#0/1	98.667	150	2	0	2477	2626	150	1	1.33e-68	267
NC_011593.1:2598858-2601929	NB551033:120:HK2TMBGX9:1:23105:16454:14741#0/1	98.667	150	2	0	2764	2913	150	1	1.33e-68	267
NC_011593.1:2598858-2601929	NB551033:120:HK2TMBGX9:1:21310:17940:18436#0/1	98.667	150	2	0	2509	2658	150	1	1.33e-68	267
NC_011593.1:2598858-2601929	NB551033:120:HK2TMBGX9:1:11302:18880:19301#0/1	98.667	150	2	0	394	543	150	1	1.33e-68	267
NC_011593.1:2598858-2601929	NB551033:120:HK2TMBGX9:3:13411:6368:7667#0/2	98.658	149	2	0	2512	2660	149	1	4.77e-68	265
NC_011593.1:2598858-2601929	NB551033:120:HK2TMBGX9:3:12406:3082:17894#0/2	98.658	149	2	0	2249	2397	149	1	4.77e-68	265
NC_011593.1:2598858-2601929	NB551033:120:HK2TMBGX9:3:11603:21591:6629#0/2	98.658	149	2	0	175	323	149	1	4.77e-68	265
NC_011593.1:2598858-2601929	NB551033:120:HK2TMBGX9:2:21302:23290:11456#0/2	98.658	149	2	0	2770	2918	149	1	4.77e-68	265
NC_011593.1:2598858-2601929	NB551033:120:HK2TMBGX9:1:21201:11132:4969#0/2	98.658	149	2	0	604	752	1	149	4.77e-68	265
NC_011593.1:2598858-2601929	NB551033:120:HK2TMBGX9:3:23601:8683:15709#0/1	98.658	149	2	0	1383	1531	149	1	4.77e-68	265
NC_011593.1:2598858-2601929	NB551033:120:HK2TMBGX9:1:21201:11132:4969#0/1	98.658	149	2	0	604	752	149	1	4.77e-68	265
NC_011593.1:2598858-2601929	NB551033:120:HK2TMBGX9:3:23601:8683:15709#0/2	98.013	151	3	0	1341	1491	1	151	1.72e-67	263
NC_011593.1:2598858-2601929	NB551033:120:HK2TMBGX9:3:13502:24721:12370#0/2	98.013	151	3	0	921	1071	1	151	1.72e-67	263
NC_011593.1:2598858-2601929	NB551033:120:HK2TMBGX9:2:13306:20349:16933#0/2	98.013	151	3	0	2540	2690	151	1	1.72e-67	263
NC_011593.1:2598858-2601929	NB551033:120:HK2TMBGX9:2:11303:4543:19219#0/2	98.649	148	2	0	2149	2296	3	150	1.72e-67	263
NC_011593.1:2598858-2601929	NB551033:120:HK2TMBGX9:4:22410:14561:15528#0/1	98.013	151	3	0	2778	2928	151	1	1.72e-67	263
NC_011593.1:2598858-2601929	NB551033:120:HK2TMBGX9:3:11612:9370:19555#0/1	98.013	151	3	0	1167	1317	1	151	1.72e-67	263
NC_011593.1:2598858-2601929	NB551033:120:HK2TMBGX9:4:22410:14561:15528#0/2	98.000	150	3	0	2539	2688	1	150	6.17e-67	261
NC_011593.1:2598858-2601929	NB551033:120:HK2TMBGX9:3:22604:22666:14251#0/2	98.639	147	2	0	1235	1381	4	150	6.17e-67	261
NC_011593.1:2598858-2601929	NB551033:120:HK2TMBGX9:1:23307:4974:2599#0/2	98.000	150	3	0	2429	2578	150	1	6.17e-67	261
NC_011593.1:2598858-2601929	NB551033:120:HK2TMBGX9:1:23105:16454:14741#0/2	98.639	147	2	0	2489	2635	1	147	6.17e-67	261
NC_011593.1:2598858-2601929	NB551033:120:HK2TMBGX9:1:11310:24909:14460#0/2	98.000	150	3	0	622	771	150	1	6.17e-67	261
NC_011593.1:2598858-2601929	NB551033:120:HK2TMBGX9:4:12403:5054:1064#0/1	98.000	150	3	0	1125	1274	150	1	6.17e-67	261
NC_011593.1:2598858-2601929	NB551033:120:HK2TMBGX9:3:22507:5484:15735#0/1	98.000	150	3	0	2577	2726	1	150	6.17e-67	261
NC_011593.1:2598858-2601929	NB551033:120:HK2TMBGX9:3:12406:3082:17894#0/1	98.639	147	2	0	2149	2295	3	149	6.17e-67	261
NC_011593.1:2598858-2601929	NB551033:120:HK2TMBGX9:2:22105:12004:17167#0/1	98.639	147	2	0	2576	2722	1	147	6.17e-67	261
NC_011593.1:2598858-2601929	NB551033:120:HK2TMBGX9:3:23605:13283:3143#0/2	98.630	146	2	0	1039	1184	146	1	2.22e-66	259
NC_011593.1:2598858-2601929	NB551033:120:HK2TMBGX9:2:22105:12004:17167#0/2	97.987	149	3	0	2638	2786	149	1	2.22e-66	259
NC_011593.1:2598858-2601929	NB551033:120:HK2TMBGX9:1:22203:2959:18118#0/2	97.987	149	3	0	2724	2872	149	1	2.22e-66	259
NC_011593.1:2598858-2601929	NB551033:120:HK2TMBGX9:3:23605:13283:3143#0/1	98.630	146	2	0	1039	1184	1	146	2.22e-66	259
NC_011593.1:2598858-2601929	NB551033:120:HK2TMBGX9:4:23502:9072:6186#0/2	97.351	151	4	0	2339	2489	151	1	7.98e-66	257
NC_011593.1:2598858-2601929	NB551033:120:HK2TMBGX9:4:13501:24349:5539#0/2	97.351	151	4	0	2635	2785	151	1	7.98e-66	257
NC_011593.1:2598858-2601929	NB551033:120:HK2TMBGX9:4:11404:6577:6239#0/2	97.351	151	4	0	2650	2800	1	151	7.98e-66	257
NC_011593.1:2598858-2601929	NB551033:120:HK2TMBGX9:2:11103:19213:14531#0/2	97.351	151	4	0	2297	2447	1	151	7.98e-66	257
NC_011593.1:2598858-2601929	NB551033:120:HK2TMBGX9:2:11305:3025:18331#0/1	97.973	148	3	0	2533	2680	148	1	7.98e-66	257
NC_011593.1:2598858-2601929	NB551033:120:HK2TMBGX9:2:11104:3181:10984#0/1	97.973	148	3	0	2302	2449	148	1	7.98e-66	257
NC_011593.1:2598858-2601929	NB551033:120:HK2TMBGX9:3:11612:9370:19555#0/2	97.333	150	4	0	1336	1485	150	1	2.87e-65	255
NC_011593.1:2598858-2601929	NB551033:120:HK2TMBGX9:2:11104:3181:10984#0/2	97.333	150	4	0	2297	2446	1	150	2.87e-65	255
NC_011593.1:2598858-2601929	NB551033:120:HK2TMBGX9:1:21206:21528:10179#0/2	97.959	147	3	0	1292	1438	1	147	2.87e-65	255
NC_011593.1:2598858-2601929	NB551033:120:HK2TMBGX9:1:13304:12186:20264#0/2	97.333	150	4	0	2070	2219	150	1	2.87e-65	255
NC_011593.1:2598858-2601929	NB551033:120:HK2TMBGX9:3:13411:6368:7667#0/1	97.333	150	4	0	2277	2426	1	150	2.87e-65	255
NC_011593.1:2598858-2601929	NB551033:120:HK2TMBGX9:2:22208:14869:17656#0/1	97.333	150	4	0	1054	1203	150	1	2.87e-65	255
NC_011593.1:2598858-2601929	NB551033:120:HK2TMBGX9:1:12109:1388:17538#0/1	97.333	150	4	0	2278	2427	1	150	2.87e-65	255
NC_011593.1:2598858-2601929	NB551033:120:HK2TMBGX9:4:11602:7982:12521#0/1	97.297	148	4	0	881	1028	3	150	3.71e-64	252
NC_011593.1:2598858-2601929	NB551033:120:HK2TMBGX9:3:23603:10966:14885#0/1	96.689	151	5	0	540	690	151	1	3.71e-64	252
NC_011593.1:2598858-2601929	NB551033:120:HK2TMBGX9:1:22104:15091:19256#0/1	96.689	151	5	0	779	929	151	1	3.71e-64	252
NC_011593.1:2598858-2601929	NB551033:120:HK2TMBGX9:3:23603:10966:14885#0/2	96.667	150	5	0	466	615	1	150	1.34e-63	250
NC_011593.1:2598858-2601929	NB551033:120:HK2TMBGX9:2:13206:15628:13128#0/1	96.667	150	5	0	2050	2199	1	150	1.34e-63	250
NC_011593.1:2598858-2601929	NB551033:120:HK2TMBGX9:3:22405:8839:18588#0/2	96.644	149	5	0	450	598	149	1	4.80e-63	248
NC_011593.1:2598858-2601929	NB551033:120:HK2TMBGX9:2:21104:10134:13539#0/1	96.644	149	5	0	2052	2200	149	1	4.80e-63	248
NC_011593.1:2598858-2601929	NB551033:120:HK2TMBGX9:2:21205:8825:18320#0/2	97.887	142	3	0	1981	2122	1	142	1.73e-62	246
NC_011593.1:2598858-2601929	NB551033:120:HK2TMBGX9:2:21203:25387:6147#0/2	96.026	151	6	0	1460	1610	1	151	1.73e-62	246
NC_011593.1:2598858-2601929	NB551033:120:HK2TMBGX9:4:22512:24999:9441#0/2	96.000	150	6	0	835	984	150	1	6.21e-62	244
NC_011593.1:2598858-2601929	NB551033:120:HK2TMBGX9:4:22501:17952:13459#0/2	96.552	145	5	0	454	598	1	145	8.04e-61	241
NC_011593.1:2598858-2601929	NB551033:120:HK2TMBGX9:4:22501:17952:13459#0/1	96.552	145	5	0	454	598	145	1	8.04e-61	241
NC_011593.1:2598858-2601929	NB551033:120:HK2TMBGX9:2:22304:3579:12622#0/2	98.519	135	2	0	2556	2690	1	135	2.89e-60	239
NC_011593.1:2598858-2601929	NB551033:120:HK2TMBGX9:2:22304:3579:12622#0/1	98.519	135	2	0	2556	2690	135	1	2.89e-60	239
NC_011593.1:2598858-2601929	NB551033:120:HK2TMBGX9:1:12208:10283:18794#0/2	98.496	133	2	0	96	228	1	133	3.74e-59	235
NC_011593.1:2598858-2601929	NB551033:120:HK2TMBGX9:1:12208:10283:18794#0/1	98.496	133	2	0	96	228	133	1	3.74e-59	235
NC_011593.1:2598858-2601929	NB551033:120:HK2TMBGX9:1:22104:15091:19256#0/2	99.206	126	1	0	649	774	1	126	6.26e-57	228
NC_011593.1:2598858-2601929	NB551033:120:HK2TMBGX9:4:22605:12580:4380#0/1	97.727	132	3	0	177	308	132	1	6.26e-57	228
NC_011593.1:2598858-2601929	NB551033:120:HK2TMBGX9:4:12611:12913:6844#0/1	99.200	125	1	0	1	125	27	151	2.25e-56	226
NC_011593.1:2598858-2601929	NB551033:120:HK2TMBGX9:3:11506:8780:19834#0/2	97.692	130	3	0	2628	2757	1	130	8.10e-56	224
NC_011593.1:2598858-2601929	NB551033:120:HK2TMBGX9:2:13105:17712:5426#0/2	97.692	130	3	0	1413	1542	1	130	8.10e-56	224
NC_011593.1:2598858-2601929	NB551033:120:HK2TMBGX9:2:13105:17712:5426#0/1	97.692	130	3	0	1413	1542	130	1	8.10e-56	224
NC_011593.1:2598858-2601929	NB551033:120:HK2TMBGX9:3:23511:13632:17858#0/2	99.187	123	1	0	262	384	123	1	2.91e-55	222
NC_011593.1:2598858-2601929	NB551033:120:HK2TMBGX9:3:11506:8780:19834#0/1	96.923	130	4	0	2628	2757	130	1	3.77e-54	219
NC_011593.1:2598858-2601929	NB551033:120:HK2TMBGX9:4:11512:10718:11024#0/2	99.160	119	1	0	935	1053	119	1	4.87e-53	215
NC_011593.1:2598858-2601929	NB551033:120:HK2TMBGX9:2:13206:15628:13128#0/2	97.581	124	3	0	2319	2442	124	1	1.75e-52	213
NC_011593.1:2598858-2601929	NB551033:120:HK2TMBGX9:4:11609:10724:15981#0/2	99.138	116	1	0	358	473	116	1	2.27e-51	209
NC_011593.1:2598858-2601929	NB551033:120:HK2TMBGX9:3:11412:24152:4732#0/2	99.138	116	1	0	366	481	116	1	2.27e-51	209
NC_011593.1:2598858-2601929	NB551033:120:HK2TMBGX9:1:23106:12987:3352#0/2	98.319	119	2	0	1530	1648	1	119	2.27e-51	209
NC_011593.1:2598858-2601929	NB551033:120:HK2TMBGX9:4:11609:10724:15981#0/1	99.138	116	1	0	358	473	1	116	2.27e-51	209
NC_011593.1:2598858-2601929	NB551033:120:HK2TMBGX9:3:11412:24152:4732#0/1	99.138	116	1	0	366	481	1	116	2.27e-51	209
NC_011593.1:2598858-2601929	NB551033:120:HK2TMBGX9:1:23106:12987:3352#0/1	98.319	119	2	0	1530	1648	119	1	2.27e-51	209
NC_011593.1:2598858-2601929	NB551033:120:HK2TMBGX9:2:22208:14869:17656#0/2	99.123	114	1	0	744	857	1	114	2.93e-50	206
NC_011593.1:2598858-2601929	NB551033:120:HK2TMBGX9:3:23610:7876:5061#0/2	100.000	110	0	0	1786	1895	1	110	1.05e-49	204
NC_011593.1:2598858-2601929	NB551033:120:HK2TMBGX9:3:23509:18947:10674#0/2	99.115	113	1	0	144	256	113	1	1.05e-49	204
NC_011593.1:2598858-2601929	NB551033:120:HK2TMBGX9:3:23610:7876:5061#0/1	100.000	110	0	0	1786	1895	111	2	1.05e-49	204
NC_011593.1:2598858-2601929	NB551033:120:HK2TMBGX9:1:12201:26121:19922#0/2	98.261	115	2	0	205	319	115	1	3.79e-49	202
NC_011593.1:2598858-2601929	NB551033:120:HK2TMBGX9:3:21508:23210:13109#0/2	98.230	113	2	0	2279	2391	1	113	4.91e-48	198
NC_011593.1:2598858-2601929	NB551033:120:HK2TMBGX9:1:23110:2487:14712#0/2	98.230	113	2	0	695	807	113	1	4.91e-48	198
NC_011593.1:2598858-2601929	NB551033:120:HK2TMBGX9:1:11306:12655:8249#0/2	96.639	119	4	0	2638	2756	1	119	4.91e-48	198
NC_011593.1:2598858-2601929	NB551033:120:HK2TMBGX9:3:21508:23210:13109#0/1	98.230	113	2	0	2279	2391	113	1	4.91e-48	198
NC_011593.1:2598858-2601929	NB551033:120:HK2TMBGX9:1:11306:12655:8249#0/1	96.639	119	4	0	2638	2756	119	1	4.91e-48	198
NC_011593.1:2598858-2601929	NB551033:120:HK2TMBGX9:2:23101:7606:17499#0/2	95.868	121	5	0	799	919	1	121	1.76e-47	196
NC_011593.1:2598858-2601929	NB551033:120:HK2TMBGX9:2:23101:7606:17499#0/1	95.868	121	5	0	799	919	121	1	1.76e-47	196
NC_011593.1:2598858-2601929	NB551033:120:HK2TMBGX9:4:23509:11197:3985#0/2	98.198	111	2	0	2300	2410	111	1	6.35e-47	195
NC_011593.1:2598858-2601929	NB551033:120:HK2TMBGX9:2:11210:25168:15189#0/2	99.065	107	1	0	1641	1747	107	1	2.28e-46	193
NC_011593.1:2598858-2601929	NB551033:120:HK2TMBGX9:3:23509:18947:10674#0/1	99.065	107	1	0	143	249	1	107	2.28e-46	193
NC_011593.1:2598858-2601929	NB551033:120:HK2TMBGX9:1:22203:2959:18118#0/1	98.165	109	2	0	2581	2689	1	109	8.21e-46	191
NC_011593.1:2598858-2601929	NB551033:120:HK2TMBGX9:2:21109:11769:20001#0/2	97.297	111	3	0	2682	2792	1	111	2.95e-45	189
NC_011593.1:2598858-2601929	NB551033:120:HK2TMBGX9:2:21109:11769:20001#0/1	97.297	111	3	0	2682	2792	111	1	2.95e-45	189
NC_011593.1:2598858-2601929	NB551033:120:HK2TMBGX9:2:23103:17830:8387#0/2	98.131	107	2	0	2501	2607	1	107	1.06e-44	187
NC_011593.1:2598858-2601929	NB551033:120:HK2TMBGX9:2:12204:15051:12069#0/2	97.273	110	3	0	2091	2200	1	110	1.06e-44	187
NC_011593.1:2598858-2601929	NB551033:120:HK2TMBGX9:2:23103:17830:8387#0/1	98.131	107	2	0	2501	2607	107	1	1.06e-44	187
NC_011593.1:2598858-2601929	NB551033:120:HK2TMBGX9:2:12204:15051:12069#0/1	97.273	110	3	0	2091	2200	110	1	1.06e-44	187
NC_011593.1:2598858-2601929	NB551033:120:HK2TMBGX9:4:23512:22389:12231#0/2	97.248	109	3	0	2680	2788	1	109	3.82e-44	185
NC_011593.1:2598858-2601929	NB551033:120:HK2TMBGX9:1:23305:20557:10835#0/2	98.113	106	2	0	2560	2665	1	106	3.82e-44	185
NC_011593.1:2598858-2601929	NB551033:120:HK2TMBGX9:4:23512:22389:12231#0/1	97.248	109	3	0	2680	2788	109	1	3.82e-44	185
NC_011593.1:2598858-2601929	NB551033:120:HK2TMBGX9:1:23307:4974:2599#0/1	96.429	112	4	0	2147	2258	1	112	3.82e-44	185
NC_011593.1:2598858-2601929	NB551033:120:HK2TMBGX9:1:23305:20557:10835#0/1	98.113	106	2	0	2560	2665	106	1	3.82e-44	185
NC_011593.1:2598858-2601929	NB551033:120:HK2TMBGX9:4:23401:10407:14350#0/2	98.095	105	2	0	784	888	105	1	1.37e-43	183
NC_011593.1:2598858-2601929	NB551033:120:HK2TMBGX9:2:13309:9456:2554#0/2	100.000	99	0	0	2	100	1	99	1.37e-43	183
NC_011593.1:2598858-2601929	NB551033:120:HK2TMBGX9:1:11201:4037:10921#0/2	95.614	114	5	0	816	929	114	1	1.37e-43	183
NC_011593.1:2598858-2601929	NB551033:120:HK2TMBGX9:4:23401:10407:14350#0/1	98.095	105	2	0	784	888	1	105	1.37e-43	183
NC_011593.1:2598858-2601929	NB551033:120:HK2TMBGX9:2:13309:9456:2554#0/1	100.000	99	0	0	2	100	99	1	1.37e-43	183
NC_011593.1:2598858-2601929	NB551033:120:HK2TMBGX9:1:11201:4037:10921#0/1	95.614	114	5	0	816	929	1	114	1.37e-43	183
NC_011593.1:2598858-2601929	NB551033:120:HK2TMBGX9:3:22607:25158:12950#0/2	97.196	107	3	0	2679	2785	3	109	4.94e-43	182
NC_011593.1:2598858-2601929	NB551033:120:HK2TMBGX9:3:22607:25158:12950#0/1	97.196	107	3	0	2679	2785	107	1	4.94e-43	182
NC_011593.1:2598858-2601929	NB551033:120:HK2TMBGX9:2:12104:4526:3272#0/1	97.143	105	3	0	2682	2786	105	1	6.39e-42	178
NC_011593.1:2598858-2601929	NB551033:120:HK2TMBGX9:2:12104:4526:3272#0/2	97.115	104	3	0	2682	2785	1	104	2.30e-41	176
NC_011593.1:2598858-2601929	NB551033:120:HK2TMBGX9:1:21206:21528:10179#0/1	100.000	95	0	0	1656	1750	95	1	2.30e-41	176
NC_011593.1:2598858-2601929	NB551033:120:HK2TMBGX9:1:12201:26121:19922#0/1	98.000	100	2	0	185	284	1	100	8.27e-41	174
NC_011593.1:2598858-2601929	NB551033:120:HK2TMBGX9:2:21203:25387:6147#0/1	98.958	96	1	0	1928	2023	96	1	2.97e-40	172
NC_011593.1:2598858-2601929	NB551033:120:HK2TMBGX9:1:23308:6139:13016#0/2	100.000	92	0	0	1953	2044	92	1	1.07e-39	171
NC_011593.1:2598858-2601929	NB551033:120:HK2TMBGX9:1:23308:6139:13016#0/1	100.000	90	0	0	1953	2042	1	90	1.38e-38	167
NC_011593.1:2598858-2601929	NB551033:120:HK2TMBGX9:4:11404:6577:6239#0/1	98.913	92	1	0	2795	2886	92	1	4.98e-38	165
NC_011593.1:2598858-2601929	NB551033:120:HK2TMBGX9:1:13203:17486:2764#0/2	98.901	91	1	0	2935	3025	1	91	1.79e-37	163
NC_011593.1:2598858-2601929	NB551033:120:HK2TMBGX9:2:21205:8825:18320#0/1	100.000	88	0	0	2218	2305	88	1	1.79e-37	163
NC_011593.1:2598858-2601929	NB551033:120:HK2TMBGX9:1:13203:17486:2764#0/1	98.901	91	1	0	2935	3025	91	1	1.79e-37	163
NC_011593.1:2598858-2601929	NB551033:120:HK2TMBGX9:1:23110:2487:14712#0/1	96.875	96	3	0	695	790	1	96	6.44e-37	161
NC_011593.1:2598858-2601929	NB551033:120:HK2TMBGX9:4:12611:12913:6844#0/2	100.000	86	0	0	175	260	86	1	2.32e-36	159
NC_011593.1:2598858-2601929	NB551033:120:HK2TMBGX9:3:13511:11292:13613#0/2	97.368	76	2	0	475	550	1	76	1.82e-27	130
NC_011593.1:2598858-2601929	NB551033:120:HK2TMBGX9:3:13511:11292:13613#0/1	95.122	82	4	0	475	556	82	1	1.82e-27	130
NC_011593.1:2598858-2601929	NB551033:120:HK2TMBGX9:4:22606:16372:14573#0/2	100.000	58	0	0	1	58	49	106	8.51e-21	108
NC_011593.1:2598858-2601929	NB551033:120:HK2TMBGX9:2:13111:26489:6856#0/2	96.875	64	2	0	3009	3072	1	64	8.51e-21	108
NC_011593.1:2598858-2601929	NB551033:120:HK2TMBGX9:4:22606:16372:14573#0/1	100.000	58	0	0	1	58	58	1	8.51e-21	108
NC_011593.1:2598858-2601929	NB551033:120:HK2TMBGX9:3:13608:11518:10289#0/2	100.000	39	0	0	1	39	59	97	3.10e-10	73.1
NC_011593.1:2598858-2601929	NB551033:120:HK2TMBGX9:1:22109:15239:4126#0/2	100.000	39	0	0	1	39	46	84	3.10e-10	73.1
NC_011593.1:2598858-2601929	NB551033:120:HK2TMBGX9:3:13608:11518:10289#0/1	100.000	39	0	0	1	39	39	1	3.10e-10	73.1
NC_011593.1:2598858-2601929	NB551033:120:HK2TMBGX9:1:22109:15239:4126#0/1	100.000	39	0	0	1	39	39	1	3.10e-10	73.1
# BLASTN 2.9.0+
# Query: NC_011593.1:c2604454-2602106 Bifidobacterium longum subsp. infantis ATCC 15697, complete genome
# Database: db/blast_C0789-1F-1A_S28.faa
# 0 hits found
# BLASTN 2.9.0+
# Query: NC_011593.1:c2605922-2604486 Bifidobacterium longum subsp. infantis ATCC 15697, complete genome
# Database: db/blast_C0789-1F-1A_S28.faa
# 0 hits found
# BLASTN 2.9.0+
# Query: NC_011593.1:c2606381-2605944 Bifidobacterium longum subsp. infantis ATCC 15697, complete genome
# Database: db/blast_C0789-1F-1A_S28.faa
# 0 hits found
# BLASTN 2.9.0+
# Query: NC_011593.1:c2607314-2606418 Bifidobacterium longum subsp. infantis ATCC 15697, complete genome
# Database: db/blast_C0789-1F-1A_S28.faa
# 0 hits found
# BLASTN 2.9.0+
# Query: NC_011593.1:c2608249-2607458 Bifidobacterium longum subsp. infantis ATCC 15697, complete genome
# Database: db/blast_C0789-1F-1A_S28.faa
# 0 hits found
# BLASTN 2.9.0+
# Query: NC_011593.1:c2609546-2608269 Bifidobacterium longum subsp. infantis ATCC 15697, complete genome
# Database: db/blast_C0789-1F-1A_S28.faa
# 0 hits found
# BLASTN 2.9.0+
# Query: NC_011593.1:c2610356-2609697 Bifidobacterium longum subsp. infantis ATCC 15697, complete genome
# Database: db/blast_C0789-1F-1A_S28.faa
# 0 hits found
# BLASTN 2.9.0+
# Query: NC_011593.1:c2611458-2610496 Bifidobacterium longum subsp. infantis ATCC 15697, complete genome
# Database: db/blast_C0789-1F-1A_S28.faa
# 0 hits found
# BLASTN 2.9.0+
# Query: NC_011593.1:c2612430-2611477 Bifidobacterium longum subsp. infantis ATCC 15697, complete genome
# Database: db/blast_C0789-1F-1A_S28.faa
# 0 hits found
# BLASTN 2.9.0+
# Query: NC_011593.1:c2614109-2612517 Bifidobacterium longum subsp. infantis ATCC 15697, complete genome
# Database: db/blast_C0789-1F-1A_S28.faa
# 0 hits found
# BLASTN 2.9.0+
# Query: NC_011593.1:c2615274-2614312 Bifidobacterium longum subsp. infantis ATCC 15697, complete genome
# Database: db/blast_C0789-1F-1A_S28.faa
# 0 hits found
# BLASTN 2.9.0+
# Query: NC_011593.1:c2616246-2615293 Bifidobacterium longum subsp. infantis ATCC 15697, complete genome
# Database: db/blast_C0789-1F-1A_S28.faa
# 0 hits found
# BLASTN 2.9.0+
# Query: NC_011593.1:c2617928-2616333 Bifidobacterium longum subsp. infantis ATCC 15697, complete genome
# Database: db/blast_C0789-1F-1A_S28.faa
# 0 hits found
# BLASTN 2.9.0+
# Query: NC_011593.1:c2619247-2618063 Bifidobacterium longum subsp. infantis ATCC 15697, complete genome
# Database: db/blast_C0789-1F-1A_S28.faa
# 0 hits found
# BLASTN 2.9.0+
# Query: NC_011593.1:c2620369-2619413 Bifidobacterium longum subsp. infantis ATCC 15697, complete genome
# Database: db/blast_C0789-1F-1A_S28.faa
# 0 hits found
# BLASTN 2.9.0+
# Query: NC_011593.1:c2622143-2620551 Bifidobacterium longum subsp. infantis ATCC 15697, complete genome
# Database: db/blast_C0789-1F-1A_S28.faa
# 0 hits found
# BLASTN 2.9.0+
# Query: NC_011593.1:c2624124-2622520 Bifidobacterium longum subsp. infantis ATCC 15697, complete genome
# Database: db/blast_C0789-1F-1A_S28.faa
# 0 hits found
# BLASTN 2.9.0+
# Query: NC_011593.1:c2626110-2624512 Bifidobacterium longum subsp. infantis ATCC 15697, complete genome
# Database: db/blast_C0789-1F-1A_S28.faa
# 0 hits found
# BLASTN 2.9.0+
# Query: NC_011593.1:c2626386-2626264 Bifidobacterium longum subsp. infantis ATCC 15697, complete genome
# Database: db/blast_C0789-1F-1A_S28.faa
# 0 hits found
# BLASTN 2.9.0+
# Query: NC_011593.1:c2628158-2626563 Bifidobacterium longum subsp. infantis ATCC 15697, complete genome
# Database: db/blast_C0789-1F-1A_S28.faa
# 0 hits found
# BLASTN 2.9.0+
# Query: NC_011593.1:c2630269-2628314 Bifidobacterium longum subsp. infantis ATCC 15697, complete genome
# Database: db/blast_C0789-1F-1A_S28.faa
# 0 hits found
# BLASTN 2.9.0+
# Query: NC_011593.1:c2631106-2630366 Bifidobacterium longum subsp. infantis ATCC 15697, complete genome
# Database: db/blast_C0789-1F-1A_S28.faa
# 0 hits found
# BLASTN 2.9.0+
# Query: NC_011593.1:c2632432-2631140 Bifidobacterium longum subsp. infantis ATCC 15697, complete genome
# Database: db/blast_C0789-1F-1A_S28.faa
# 0 hits found
# BLASTN 2.9.0+
# Query: NC_011593.1:c2633881-2632562 Bifidobacterium longum subsp. infantis ATCC 15697, complete genome
# Database: db/blast_C0789-1F-1A_S28.faa
# 0 hits found
# BLASTN 2.9.0+
# Query: NC_011593.1:c2634683-2633865 Bifidobacterium longum subsp. infantis ATCC 15697, complete genome
# Database: db/blast_C0789-1F-1A_S28.faa
# 0 hits found
# BLASTN 2.9.0+
# Query: NC_011593.1:c2635627-2634680 Bifidobacterium longum subsp. infantis ATCC 15697, complete genome
# Database: db/blast_C0789-1F-1A_S28.faa
# 0 hits found
# BLASTN 2.9.0+
# Query: NC_011593.1:c2636747-2635629 Bifidobacterium longum subsp. infantis ATCC 15697, complete genome
# Database: db/blast_C0789-1F-1A_S28.faa
# 0 hits found
# BLAST processed 31 queries
