# BLASTN 2.9.0+
# Query: NC_011593.1:c2595355-2593832 Bifidobacterium longum subsp. infantis ATCC 15697, complete genome
# Database: db/blast_C2018-3E-1A_S36.faa
# Fields: query acc.ver, subject acc.ver, % identity, alignment length, mismatches, gap opens, q. start, q. end, s. start, s. end, evalue, bit score
# 80 hits found
NC_011593.1:c2595355-2593832	NB551033:109:HG7V5BGX9:3:13507:23283:5982#0/1	99.333	150	1	0	727	876	1	150	1.23e-70	272
NC_011593.1:c2595355-2593832	NB551033:109:HG7V5BGX9:3:13507:23283:5982#0/2	99.329	149	1	0	733	881	149	1	4.44e-70	270
NC_011593.1:c2595355-2593832	NB551033:109:HG7V5BGX9:1:12309:21866:2503#0/1	98.675	151	2	0	479	629	151	1	1.60e-69	268
NC_011593.1:c2595355-2593832	NB551033:109:HG7V5BGX9:4:11408:25639:2800#0/2	98.013	151	3	0	397	547	1	151	7.43e-68	263
NC_011593.1:c2595355-2593832	NB551033:109:HG7V5BGX9:4:23507:16033:2435#0/2	98.000	150	3	0	448	597	1	150	2.67e-67	261
NC_011593.1:c2595355-2593832	NB551033:109:HG7V5BGX9:1:21106:11511:3427#0/2	98.000	150	3	0	975	1124	150	1	2.67e-67	261
NC_011593.1:c2595355-2593832	NB551033:109:HG7V5BGX9:1:12309:21866:2503#0/2	98.000	150	3	0	427	576	1	150	2.67e-67	261
NC_011593.1:c2595355-2593832	NB551033:109:HG7V5BGX9:1:11108:7960:19572#0/2	98.000	150	3	0	535	684	1	150	2.67e-67	261
NC_011593.1:c2595355-2593832	NB551033:109:HG7V5BGX9:3:22601:15250:2174#0/2	96.667	150	5	0	159	308	1	150	5.79e-64	250
NC_011593.1:c2595355-2593832	NB551033:109:HG7V5BGX9:3:12404:20996:9697#0/2	96.667	150	5	0	87	236	150	1	5.79e-64	250
NC_011593.1:c2595355-2593832	NB551033:109:HG7V5BGX9:1:22306:16604:8005#0/2	96.667	150	5	0	615	764	1	150	5.79e-64	250
NC_011593.1:c2595355-2593832	NB551033:109:HG7V5BGX9:1:12302:4374:19947#0/2	96.667	150	5	0	175	324	150	1	5.79e-64	250
NC_011593.1:c2595355-2593832	NB551033:109:HG7V5BGX9:1:21106:11511:3427#0/1	96.667	150	5	0	873	1022	1	150	5.79e-64	250
NC_011593.1:c2595355-2593832	NB551033:109:HG7V5BGX9:3:12612:3385:6051#0/2	96.644	149	5	0	147	295	149	1	2.08e-63	248
NC_011593.1:c2595355-2593832	NB551033:109:HG7V5BGX9:1:22306:16604:8005#0/1	98.529	136	2	0	715	850	136	1	3.48e-61	241
NC_011593.1:c2595355-2593832	NB551033:109:HG7V5BGX9:4:21504:8085:9087#0/1	96.970	132	4	0	323	454	132	1	1.26e-55	222
NC_011593.1:c2595355-2593832	NB551033:109:HG7V5BGX9:4:21504:8085:9087#0/2	96.923	130	4	0	323	452	1	130	1.63e-54	219
NC_011593.1:c2595355-2593832	NB551033:109:HG7V5BGX9:3:22506:20239:16567#0/2	96.923	130	4	0	1069	1198	130	1	1.63e-54	219
NC_011593.1:c2595355-2593832	NB551033:109:HG7V5BGX9:2:23108:16039:1106#0/2	95.489	133	6	0	135	267	1	133	7.59e-53	213
NC_011593.1:c2595355-2593832	NB551033:109:HG7V5BGX9:3:21405:10472:8723#0/2	96.094	128	5	0	223	350	1	128	9.82e-52	209
NC_011593.1:c2595355-2593832	NB551033:109:HG7V5BGX9:2:23108:16039:1106#0/1	100.000	113	0	0	355	467	113	1	9.82e-52	209
NC_011593.1:c2595355-2593832	NB551033:109:HG7V5BGX9:1:23206:11803:16038#0/2	95.276	127	6	0	692	818	1	127	1.64e-49	202
NC_011593.1:c2595355-2593832	NB551033:109:HG7V5BGX9:3:21405:10472:8723#0/1	100.000	109	0	0	535	643	109	1	1.64e-49	202
NC_011593.1:c2595355-2593832	NB551033:109:HG7V5BGX9:1:23206:11803:16038#0/1	95.276	127	6	0	692	818	127	1	1.64e-49	202
NC_011593.1:c2595355-2593832	NB551033:109:HG7V5BGX9:2:12311:21304:6141#0/2	95.238	126	6	0	705	830	1	126	5.91e-49	200
NC_011593.1:c2595355-2593832	NB551033:109:HG7V5BGX9:4:23507:16033:2435#0/1	98.230	113	2	0	506	618	113	1	2.13e-48	198
NC_011593.1:c2595355-2593832	NB551033:109:HG7V5BGX9:3:23612:17157:16039#0/1	95.161	124	6	0	707	830	1	124	7.65e-48	196
NC_011593.1:c2595355-2593832	NB551033:109:HG7V5BGX9:2:23301:8130:6302#0/1	96.610	118	4	0	57	174	118	1	7.65e-48	196
NC_011593.1:c2595355-2593832	NB551033:109:HG7V5BGX9:4:12407:10181:6232#0/2	97.345	113	3	0	818	930	113	1	9.89e-47	193
NC_011593.1:c2595355-2593832	NB551033:109:HG7V5BGX9:2:21105:22096:14558#0/1	95.000	120	6	0	355	474	121	2	1.28e-45	189
NC_011593.1:c2595355-2593832	NB551033:109:HG7V5BGX9:2:21109:21939:3913#0/2	96.460	113	4	0	62	174	1	113	4.60e-45	187
NC_011593.1:c2595355-2593832	NB551033:109:HG7V5BGX9:4:12503:11219:11654#0/2	98.095	105	2	0	1082	1186	105	1	5.95e-44	183
NC_011593.1:c2595355-2593832	NB551033:109:HG7V5BGX9:3:13504:15400:4294#0/2	98.095	105	2	0	429	533	1	105	5.95e-44	183
NC_011593.1:c2595355-2593832	NB551033:109:HG7V5BGX9:1:11104:16428:10744#0/2	96.396	111	4	0	720	830	121	11	5.95e-44	183
NC_011593.1:c2595355-2593832	NB551033:109:HG7V5BGX9:3:13504:15400:4294#0/1	98.095	105	2	0	429	533	105	1	5.95e-44	183
NC_011593.1:c2595355-2593832	NB551033:109:HG7V5BGX9:1:11104:16428:10744#0/1	96.396	111	4	0	720	830	1	111	5.95e-44	183
NC_011593.1:c2595355-2593832	NB551033:109:HG7V5BGX9:2:21109:21939:3913#0/1	95.575	113	5	0	62	174	113	1	2.14e-43	182
NC_011593.1:c2595355-2593832	NB551033:109:HG7V5BGX9:2:11301:15969:9574#0/1	97.115	104	3	0	727	830	1	104	9.96e-42	176
NC_011593.1:c2595355-2593832	NB551033:109:HG7V5BGX9:2:23301:8130:6302#0/2	97.059	102	3	0	57	158	1	102	1.29e-40	172
NC_011593.1:c2595355-2593832	NB551033:109:HG7V5BGX9:4:22411:26040:13406#0/2	96.154	104	4	0	727	830	1	104	4.63e-40	171
NC_011593.1:c2595355-2593832	NB551033:109:HG7V5BGX9:2:21107:5517:5645#0/1	95.192	104	5	0	727	830	1	104	2.16e-38	165
NC_011593.1:c2595355-2593832	NB551033:109:HG7V5BGX9:1:13304:1340:2628#0/2	97.849	93	2	0	75	167	93	1	2.79e-37	161
NC_011593.1:c2595355-2593832	NB551033:109:HG7V5BGX9:3:11603:22544:10345#0/1	97.849	93	2	0	1274	1366	93	1	2.79e-37	161
NC_011593.1:c2595355-2593832	NB551033:109:HG7V5BGX9:1:22207:12676:6012#0/2	97.802	91	2	0	1176	1266	1	91	3.61e-36	158
NC_011593.1:c2595355-2593832	NB551033:109:HG7V5BGX9:3:22506:20239:16567#0/1	97.778	90	2	0	962	1051	1	90	1.30e-35	156
NC_011593.1:c2595355-2593832	NB551033:109:HG7V5BGX9:4:11408:25639:2800#0/1	100.000	83	0	0	768	850	83	1	4.67e-35	154
NC_011593.1:c2595355-2593832	NB551033:109:HG7V5BGX9:3:12612:3385:6051#0/1	96.739	92	3	0	94	185	1	92	4.67e-35	154
NC_011593.1:c2595355-2593832	NB551033:109:HG7V5BGX9:2:21204:1617:3783#0/2	100.000	81	0	0	380	460	1	81	6.04e-34	150
NC_011593.1:c2595355-2593832	NB551033:109:HG7V5BGX9:4:13408:24739:8131#0/1	96.667	90	3	0	715	804	90	1	6.04e-34	150
NC_011593.1:c2595355-2593832	NB551033:109:HG7V5BGX9:4:12503:11219:11654#0/1	98.810	84	1	0	1082	1165	1	84	6.04e-34	150
NC_011593.1:c2595355-2593832	NB551033:109:HG7V5BGX9:2:21204:1617:3783#0/1	100.000	81	0	0	380	460	81	1	6.04e-34	150
NC_011593.1:c2595355-2593832	NB551033:109:HG7V5BGX9:2:12307:15106:16701#0/1	98.765	81	1	0	429	509	81	1	2.81e-32	145
NC_011593.1:c2595355-2593832	NB551033:109:HG7V5BGX9:2:11110:3156:5433#0/1	98.750	80	1	0	1219	1298	1	80	1.01e-31	143
NC_011593.1:c2595355-2593832	NB551033:109:HG7V5BGX9:1:22301:14228:18875#0/1	100.000	76	0	0	581	656	1	76	3.63e-31	141
NC_011593.1:c2595355-2593832	NB551033:109:HG7V5BGX9:3:21408:13623:12679#0/1	95.349	86	4	0	382	467	1	86	4.70e-30	137
NC_011593.1:c2595355-2593832	NB551033:109:HG7V5BGX9:4:21406:4006:3101#0/2	96.341	82	3	0	181	262	82	1	1.69e-29	135
NC_011593.1:c2595355-2593832	NB551033:109:HG7V5BGX9:2:23110:13809:15279#0/1	97.333	75	2	0	756	830	1	75	2.83e-27	128
NC_011593.1:c2595355-2593832	NB551033:109:HG7V5BGX9:4:12407:10181:6232#0/1	98.592	71	1	0	801	871	1	71	1.02e-26	126
NC_011593.1:c2595355-2593832	NB551033:109:HG7V5BGX9:1:22301:14228:18875#0/2	100.000	63	0	0	595	657	63	1	6.12e-24	117
NC_011593.1:c2595355-2593832	NB551033:109:HG7V5BGX9:4:13410:15388:18866#0/1	100.000	63	0	0	1032	1094	1	63	6.12e-24	117
NC_011593.1:c2595355-2593832	NB551033:109:HG7V5BGX9:2:12307:15106:16701#0/2	98.413	63	1	0	429	491	1	63	2.85e-22	111
NC_011593.1:c2595355-2593832	NB551033:109:HG7V5BGX9:1:11204:25226:17022#0/2	98.413	63	1	0	768	830	1	63	2.85e-22	111
NC_011593.1:c2595355-2593832	NB551033:109:HG7V5BGX9:1:11204:25226:17022#0/1	98.413	63	1	0	768	830	99	37	2.85e-22	111
NC_011593.1:c2595355-2593832	NB551033:109:HG7V5BGX9:3:21508:11519:9302#0/2	95.385	65	3	0	377	441	1	65	4.77e-20	104
NC_011593.1:c2595355-2593832	NB551033:109:HG7V5BGX9:3:12401:14249:6616#0/2	98.305	59	1	0	1412	1470	1	59	4.77e-20	104
NC_011593.1:c2595355-2593832	NB551033:109:HG7V5BGX9:1:21311:10809:19453#0/2	96.774	62	2	0	80	141	62	1	4.77e-20	104
NC_011593.1:c2595355-2593832	NB551033:109:HG7V5BGX9:1:21311:10809:19453#0/1	96.774	62	2	0	80	141	1	62	4.77e-20	104
NC_011593.1:c2595355-2593832	NB551033:109:HG7V5BGX9:3:12401:14249:6616#0/1	98.276	58	1	0	1413	1470	113	56	1.71e-19	102
NC_011593.1:c2595355-2593832	NB551033:109:HG7V5BGX9:3:21501:23828:12344#0/2	100.000	54	0	0	766	819	1	54	6.17e-19	100
NC_011593.1:c2595355-2593832	NB551033:109:HG7V5BGX9:3:21501:23828:12344#0/1	100.000	54	0	0	766	819	54	1	6.17e-19	100
NC_011593.1:c2595355-2593832	NB551033:109:HG7V5BGX9:3:11411:16210:8958#0/1	98.246	57	1	0	502	558	1	57	6.17e-19	100
NC_011593.1:c2595355-2593832	NB551033:109:HG7V5BGX9:3:11603:22544:10345#0/2	98.182	55	1	0	1233	1287	1	55	7.98e-18	97.1
NC_011593.1:c2595355-2593832	NB551033:109:HG7V5BGX9:4:11512:15441:8139#0/2	100.000	50	0	0	801	850	50	1	1.03e-16	93.5
NC_011593.1:c2595355-2593832	NB551033:109:HG7V5BGX9:4:11512:15441:8139#0/1	100.000	50	0	0	801	850	1	50	1.03e-16	93.5
NC_011593.1:c2595355-2593832	NB551033:109:HG7V5BGX9:3:11406:14717:2728#0/1	98.077	52	1	0	779	830	1	52	3.71e-16	91.6
NC_011593.1:c2595355-2593832	NB551033:109:HG7V5BGX9:1:22207:12676:6012#0/1	100.000	46	0	0	1425	1470	66	21	1.73e-14	86.1
NC_011593.1:c2595355-2593832	NB551033:109:HG7V5BGX9:4:21506:8929:10288#0/2	97.500	40	1	0	791	830	66	27	1.74e-09	69.4
NC_011593.1:c2595355-2593832	NB551033:109:HG7V5BGX9:3:13506:8724:11139#0/2	97.500	40	1	0	791	830	1	40	1.74e-09	69.4
NC_011593.1:c2595355-2593832	NB551033:109:HG7V5BGX9:4:21506:8929:10288#0/1	97.500	40	1	0	791	830	1	40	1.74e-09	69.4
NC_011593.1:c2595355-2593832	NB551033:109:HG7V5BGX9:3:22404:17256:15578#0/1	97.143	35	1	0	796	830	1	35	1.05e-06	60.2
# BLASTN 2.9.0+
# Query: NC_011593.1:c2597106-2595574 Bifidobacterium longum subsp. infantis ATCC 15697, complete genome
# Database: db/blast_C2018-3E-1A_S36.faa
# Fields: query acc.ver, subject acc.ver, % identity, alignment length, mismatches, gap opens, q. start, q. end, s. start, s. end, evalue, bit score
# 27 hits found
NC_011593.1:c2597106-2595574	NB551033:109:HG7V5BGX9:1:21108:14716:11770#0/2	95.833	120	5	0	1	120	120	1	2.77e-47	195
NC_011593.1:c2597106-2595574	NB551033:109:HG7V5BGX9:1:21108:14716:11770#0/1	95.833	120	5	0	1	120	6	125	2.77e-47	195
NC_011593.1:c2597106-2595574	NB551033:109:HG7V5BGX9:3:21405:10472:8723#0/2	95.370	108	5	0	223	330	1	108	1.30e-40	172
NC_011593.1:c2597106-2595574	NB551033:109:HG7V5BGX9:4:21406:4006:3101#0/1	95.283	106	5	0	1	106	45	150	1.68e-39	169
NC_011593.1:c2597106-2595574	NB551033:109:HG7V5BGX9:3:13504:15400:4294#0/2	95.238	105	5	0	429	533	1	105	6.03e-39	167
NC_011593.1:c2597106-2595574	NB551033:109:HG7V5BGX9:3:13504:15400:4294#0/1	95.238	105	5	0	429	533	105	1	6.03e-39	167
NC_011593.1:c2597106-2595574	NB551033:109:HG7V5BGX9:4:21501:15934:1371#0/2	95.652	92	4	0	1	92	27	118	2.18e-33	148
NC_011593.1:c2597106-2595574	NB551033:109:HG7V5BGX9:2:11301:15969:9574#0/1	95.604	91	4	0	752	842	26	116	7.86e-33	147
NC_011593.1:c2597106-2595574	NB551033:109:HG7V5BGX9:2:12307:15106:16701#0/1	97.531	81	2	0	429	509	81	1	1.31e-30	139
NC_011593.1:c2597106-2595574	NB551033:109:HG7V5BGX9:2:23112:16350:6682#0/2	100.000	72	0	0	1	72	39	110	6.12e-29	134
NC_011593.1:c2597106-2595574	NB551033:109:HG7V5BGX9:1:13108:2220:16291#0/2	100.000	70	0	0	1	70	17	86	7.91e-28	130
NC_011593.1:c2597106-2595574	NB551033:109:HG7V5BGX9:2:21204:1617:3783#0/2	95.062	81	4	0	380	460	1	81	2.85e-27	128
NC_011593.1:c2597106-2595574	NB551033:109:HG7V5BGX9:2:21204:1617:3783#0/1	97.333	75	2	0	386	460	75	1	2.85e-27	128
NC_011593.1:c2597106-2595574	NB551033:109:HG7V5BGX9:1:22309:1981:7296#0/2	96.053	76	3	0	133	208	76	1	3.68e-26	124
NC_011593.1:c2597106-2595574	NB551033:109:HG7V5BGX9:1:22309:1981:7296#0/1	96.053	76	3	0	133	208	1	76	3.68e-26	124
NC_011593.1:c2597106-2595574	NB551033:109:HG7V5BGX9:2:12307:15106:16701#0/2	98.413	63	1	0	429	491	1	63	2.87e-22	111
NC_011593.1:c2597106-2595574	NB551033:109:HG7V5BGX9:3:12401:14249:6616#0/2	98.305	59	1	0	1412	1470	1	59	4.80e-20	104
NC_011593.1:c2597106-2595574	NB551033:109:HG7V5BGX9:3:23612:8399:16599#0/2	100.000	55	0	0	1	55	55	1	1.72e-19	102
NC_011593.1:c2597106-2595574	NB551033:109:HG7V5BGX9:3:12401:14249:6616#0/1	98.276	58	1	0	1413	1470	113	56	1.72e-19	102
NC_011593.1:c2597106-2595574	NB551033:109:HG7V5BGX9:3:21501:23828:12344#0/2	100.000	53	0	0	767	819	2	54	2.23e-18	99.0
NC_011593.1:c2597106-2595574	NB551033:109:HG7V5BGX9:3:21501:23828:12344#0/1	100.000	53	0	0	767	819	53	1	2.23e-18	99.0
NC_011593.1:c2597106-2595574	NB551033:109:HG7V5BGX9:4:13408:24739:8131#0/1	96.226	53	2	0	752	804	53	1	4.83e-15	87.9
NC_011593.1:c2597106-2595574	NB551033:109:HG7V5BGX9:1:22207:12676:6012#0/1	100.000	46	0	0	1425	1470	66	21	1.74e-14	86.1
NC_011593.1:c2597106-2595574	NB551033:109:HG7V5BGX9:1:13108:2220:16291#0/1	100.000	40	0	0	31	70	40	1	3.76e-11	75.0
NC_011593.1:c2597106-2595574	NB551033:109:HG7V5BGX9:3:13506:8724:11139#0/2	97.561	41	1	0	791	831	1	41	4.86e-10	71.3
NC_011593.1:c2597106-2595574	NB551033:109:HG7V5BGX9:3:23612:8399:16599#0/1	100.000	37	0	0	1	37	114	150	1.75e-09	69.4
NC_011593.1:c2597106-2595574	NB551033:109:HG7V5BGX9:4:13404:25860:8195#0/1	100.000	34	0	0	1	34	6	39	8.14e-08	63.9
# BLASTN 2.9.0+
# Query: NC_011593.1:c2598562-2597207 Bifidobacterium longum subsp. infantis ATCC 15697, complete genome
# Database: db/blast_C2018-3E-1A_S36.faa
# Fields: query acc.ver, subject acc.ver, % identity, alignment length, mismatches, gap opens, q. start, q. end, s. start, s. end, evalue, bit score
# 188 hits found
NC_011593.1:c2598562-2597207	NB551033:109:HG7V5BGX9:2:11106:22770:16034#0/2	100.000	151	0	0	278	428	1	151	6.55e-73	279
NC_011593.1:c2598562-2597207	NB551033:109:HG7V5BGX9:1:22307:10577:13119#0/1	100.000	151	0	0	727	877	1	151	6.55e-73	279
NC_011593.1:c2598562-2597207	NB551033:109:HG7V5BGX9:4:21603:7058:10243#0/2	100.000	150	0	0	1118	1267	150	1	2.36e-72	278
NC_011593.1:c2598562-2597207	NB551033:109:HG7V5BGX9:2:22202:24223:3883#0/2	100.000	150	0	0	1164	1313	150	1	2.36e-72	278
NC_011593.1:c2598562-2597207	NB551033:109:HG7V5BGX9:2:11103:26576:16532#0/2	100.000	150	0	0	216	365	1	150	2.36e-72	278
NC_011593.1:c2598562-2597207	NB551033:109:HG7V5BGX9:1:11101:10812:14817#0/2	100.000	150	0	0	724	873	150	1	2.36e-72	278
NC_011593.1:c2598562-2597207	NB551033:109:HG7V5BGX9:4:21603:7058:10243#0/1	100.000	150	0	0	1118	1267	1	150	2.36e-72	278
NC_011593.1:c2598562-2597207	NB551033:109:HG7V5BGX9:3:11502:17829:2960#0/1	100.000	150	0	0	654	803	150	1	2.36e-72	278
NC_011593.1:c2598562-2597207	NB551033:109:HG7V5BGX9:2:22202:24223:3883#0/1	100.000	150	0	0	1077	1226	1	150	2.36e-72	278
NC_011593.1:c2598562-2597207	NB551033:109:HG7V5BGX9:1:22302:7152:16174#0/1	100.000	150	0	0	830	979	1	150	2.36e-72	278
NC_011593.1:c2598562-2597207	NB551033:109:HG7V5BGX9:1:11101:10812:14817#0/1	100.000	150	0	0	716	865	1	150	2.36e-72	278
NC_011593.1:c2598562-2597207	NB551033:109:HG7V5BGX9:3:21506:3552:4740#0/2	99.338	151	1	0	698	848	1	151	3.05e-71	274
NC_011593.1:c2598562-2597207	NB551033:109:HG7V5BGX9:3:11502:17829:2960#0/2	100.000	148	0	0	636	783	1	148	3.05e-71	274
NC_011593.1:c2598562-2597207	NB551033:109:HG7V5BGX9:3:21407:20668:6272#0/2	99.333	150	1	0	404	553	1	150	1.10e-70	272
NC_011593.1:c2598562-2597207	NB551033:109:HG7V5BGX9:1:11302:21969:13288#0/2	100.000	147	0	0	1136	1282	1	147	1.10e-70	272
NC_011593.1:c2598562-2597207	NB551033:109:HG7V5BGX9:3:21506:3552:4740#0/1	99.333	150	1	0	753	902	150	1	1.10e-70	272
NC_011593.1:c2598562-2597207	NB551033:109:HG7V5BGX9:4:13507:10421:7879#0/1	99.329	149	1	0	960	1108	1	149	3.94e-70	270
NC_011593.1:c2598562-2597207	NB551033:109:HG7V5BGX9:4:22406:16107:16944#0/2	98.013	151	3	0	960	1110	1	151	6.60e-68	263
NC_011593.1:c2598562-2597207	NB551033:109:HG7V5BGX9:4:13507:10421:7879#0/2	98.649	148	2	0	1035	1182	148	1	6.60e-68	263
NC_011593.1:c2598562-2597207	NB551033:109:HG7V5BGX9:3:22404:19579:2670#0/2	99.310	145	1	0	1128	1272	1	145	6.60e-68	263
NC_011593.1:c2598562-2597207	NB551033:109:HG7V5BGX9:2:21211:7592:15736#0/1	100.000	142	0	0	293	434	1	142	6.60e-68	263
NC_011593.1:c2598562-2597207	NB551033:109:HG7V5BGX9:1:21104:24664:2858#0/2	99.306	144	1	0	802	945	1	144	2.37e-67	261
NC_011593.1:c2598562-2597207	NB551033:109:HG7V5BGX9:2:21204:10179:7266#0/2	100.000	139	0	0	417	555	1	139	3.07e-66	257
NC_011593.1:c2598562-2597207	NB551033:109:HG7V5BGX9:4:12509:11631:1350#0/2	97.333	150	4	0	884	1033	1	150	1.10e-65	255
NC_011593.1:c2598562-2597207	NB551033:109:HG7V5BGX9:2:13111:10312:17472#0/1	97.333	150	4	0	970	1119	150	1	1.10e-65	255
NC_011593.1:c2598562-2597207	NB551033:109:HG7V5BGX9:1:12308:8736:5306#0/1	97.959	147	3	0	943	1089	147	1	1.10e-65	255
NC_011593.1:c2598562-2597207	NB551033:109:HG7V5BGX9:3:22503:13823:16526#0/2	96.667	150	5	0	830	979	1	150	5.14e-64	250
NC_011593.1:c2598562-2597207	NB551033:109:HG7V5BGX9:2:21211:7592:15736#0/2	100.000	135	0	0	326	460	135	1	5.14e-64	250
NC_011593.1:c2598562-2597207	NB551033:109:HG7V5BGX9:2:13111:10312:17472#0/2	96.667	150	5	0	894	1043	1	150	5.14e-64	250
NC_011593.1:c2598562-2597207	NB551033:109:HG7V5BGX9:2:12302:13735:4205#0/2	96.667	150	5	0	814	963	150	1	5.14e-64	250
NC_011593.1:c2598562-2597207	NB551033:109:HG7V5BGX9:4:13612:12986:17046#0/1	96.667	150	5	0	825	974	1	150	5.14e-64	250
NC_011593.1:c2598562-2597207	NB551033:109:HG7V5BGX9:2:22302:23929:9877#0/1	96.667	150	5	0	1009	1158	150	1	5.14e-64	250
NC_011593.1:c2598562-2597207	NB551033:109:HG7V5BGX9:4:11507:12909:3101#0/2	99.270	137	1	0	1087	1223	1	137	1.85e-63	248
NC_011593.1:c2598562-2597207	NB551033:109:HG7V5BGX9:4:13411:6005:9006#0/1	97.260	146	4	0	808	953	6	151	1.85e-63	248
NC_011593.1:c2598562-2597207	NB551033:109:HG7V5BGX9:4:11507:12909:3101#0/1	99.265	136	1	0	1088	1223	136	1	6.64e-63	246
NC_011593.1:c2598562-2597207	NB551033:109:HG7V5BGX9:2:22210:16784:17427#0/1	96.026	151	6	0	1046	1196	151	1	6.64e-63	246
NC_011593.1:c2598562-2597207	NB551033:109:HG7V5BGX9:2:22302:23929:9877#0/2	96.000	150	6	0	1000	1149	1	150	2.39e-62	244
NC_011593.1:c2598562-2597207	NB551033:109:HG7V5BGX9:4:23611:26138:8125#0/2	97.203	143	4	0	894	1036	1	143	8.59e-62	243
NC_011593.1:c2598562-2597207	NB551033:109:HG7V5BGX9:1:21102:8674:12699#0/1	95.973	149	6	0	1030	1178	1	149	8.59e-62	243
NC_011593.1:c2598562-2597207	NB551033:109:HG7V5BGX9:1:23108:6232:15396#0/2	95.918	147	6	0	1077	1223	1	147	1.11e-60	239
NC_011593.1:c2598562-2597207	NB551033:109:HG7V5BGX9:2:13210:16887:7042#0/1	100.000	129	0	0	548	676	1	129	1.11e-60	239
NC_011593.1:c2598562-2597207	NB551033:109:HG7V5BGX9:4:13612:12986:17046#0/2	95.270	148	7	0	895	1042	148	1	1.44e-59	235
NC_011593.1:c2598562-2597207	NB551033:109:HG7V5BGX9:3:13612:16408:14950#0/2	95.270	148	7	0	1069	1216	1	148	1.44e-59	235
NC_011593.1:c2598562-2597207	NB551033:109:HG7V5BGX9:2:11310:22583:13911#0/2	99.231	130	1	0	1227	1356	150	21	1.44e-59	235
NC_011593.1:c2598562-2597207	NB551033:109:HG7V5BGX9:2:21303:26091:11449#0/2	99.219	128	1	0	1079	1206	128	1	1.86e-58	231
NC_011593.1:c2598562-2597207	NB551033:109:HG7V5BGX9:1:23206:9468:5889#0/2	99.219	128	1	0	1069	1196	128	1	1.86e-58	231
NC_011593.1:c2598562-2597207	NB551033:109:HG7V5BGX9:1:23206:9468:5889#0/1	99.219	128	1	0	1069	1196	1	128	1.86e-58	231
NC_011593.1:c2598562-2597207	NB551033:109:HG7V5BGX9:1:12304:14242:19884#0/2	100.000	124	0	0	1053	1176	1	124	6.69e-58	230
NC_011593.1:c2598562-2597207	NB551033:109:HG7V5BGX9:4:22406:16107:16944#0/1	95.775	142	6	0	985	1126	142	1	6.69e-58	230
NC_011593.1:c2598562-2597207	NB551033:109:HG7V5BGX9:4:22507:16229:19773#0/2	100.000	123	0	0	486	608	123	1	2.41e-57	228
NC_011593.1:c2598562-2597207	NB551033:109:HG7V5BGX9:4:13406:23442:5166#0/2	100.000	123	0	0	931	1053	123	1	2.41e-57	228
NC_011593.1:c2598562-2597207	NB551033:109:HG7V5BGX9:4:22507:16229:19773#0/1	100.000	123	0	0	486	608	1	123	2.41e-57	228
NC_011593.1:c2598562-2597207	NB551033:109:HG7V5BGX9:4:13406:23442:5166#0/1	100.000	123	0	0	931	1053	1	123	2.41e-57	228
NC_011593.1:c2598562-2597207	NB551033:109:HG7V5BGX9:1:12304:14242:19884#0/1	100.000	123	0	0	1054	1176	123	1	2.41e-57	228
NC_011593.1:c2598562-2597207	NB551033:109:HG7V5BGX9:1:22307:10577:13119#0/2	100.000	120	0	0	876	995	120	1	1.12e-55	222
NC_011593.1:c2598562-2597207	NB551033:109:HG7V5BGX9:3:22409:23546:10190#0/2	95.620	137	6	0	1087	1223	1	137	4.03e-55	220
NC_011593.1:c2598562-2597207	NB551033:109:HG7V5BGX9:3:12611:18629:16991#0/2	96.269	134	5	0	836	969	1	134	4.03e-55	220
NC_011593.1:c2598562-2597207	NB551033:109:HG7V5BGX9:3:22409:23546:10190#0/1	95.620	137	6	0	1087	1223	137	1	4.03e-55	220
NC_011593.1:c2598562-2597207	NB551033:109:HG7V5BGX9:3:12611:18629:16991#0/1	96.269	134	5	0	836	969	134	1	4.03e-55	220
NC_011593.1:c2598562-2597207	NB551033:109:HG7V5BGX9:4:12612:17464:2314#0/2	97.600	125	3	0	931	1055	1	125	1.87e-53	215
NC_011593.1:c2598562-2597207	NB551033:109:HG7V5BGX9:2:11310:22583:13911#0/1	99.160	119	1	0	1069	1187	33	151	1.87e-53	215
NC_011593.1:c2598562-2597207	NB551033:109:HG7V5BGX9:1:11302:21969:13288#0/1	99.138	116	1	0	1198	1313	116	1	8.72e-52	209
NC_011593.1:c2598562-2597207	NB551033:109:HG7V5BGX9:2:23209:1746:6859#0/2	100.000	112	0	0	1112	1223	112	1	3.14e-51	207
NC_011593.1:c2598562-2597207	NB551033:109:HG7V5BGX9:2:23209:1746:6859#0/1	100.000	112	0	0	1112	1223	1	112	3.14e-51	207
NC_011593.1:c2598562-2597207	NB551033:109:HG7V5BGX9:1:13203:21758:6125#0/2	96.032	126	5	0	504	629	1	126	1.13e-50	206
NC_011593.1:c2598562-2597207	NB551033:109:HG7V5BGX9:1:12308:8736:5306#0/2	97.479	119	3	0	901	1019	1	119	4.06e-50	204
NC_011593.1:c2598562-2597207	NB551033:109:HG7V5BGX9:1:13302:3182:16660#0/1	99.099	111	1	0	542	652	1	111	5.25e-49	200
NC_011593.1:c2598562-2597207	NB551033:109:HG7V5BGX9:2:13308:5821:16281#0/2	95.868	121	5	0	808	928	121	1	6.79e-48	196
NC_011593.1:c2598562-2597207	NB551033:109:HG7V5BGX9:2:21303:26091:11449#0/1	100.000	106	0	0	1053	1158	1	106	6.79e-48	196
NC_011593.1:c2598562-2597207	NB551033:109:HG7V5BGX9:3:12606:19294:18639#0/2	100.000	105	0	0	742	846	1	105	2.44e-47	195
NC_011593.1:c2598562-2597207	NB551033:109:HG7V5BGX9:4:23611:26138:8125#0/1	98.198	111	2	0	927	1037	111	1	2.44e-47	195
NC_011593.1:c2598562-2597207	NB551033:109:HG7V5BGX9:4:23504:18281:12513#0/2	95.798	119	5	0	485	603	1	119	8.78e-47	193
NC_011593.1:c2598562-2597207	NB551033:109:HG7V5BGX9:4:12509:11631:1350#0/1	95.798	119	5	0	1064	1182	119	1	8.78e-47	193
NC_011593.1:c2598562-2597207	NB551033:109:HG7V5BGX9:2:13308:5821:16281#0/1	96.491	114	4	0	808	921	36	149	1.14e-45	189
NC_011593.1:c2598562-2597207	NB551033:109:HG7V5BGX9:3:22404:19579:2670#0/1	100.000	99	0	0	1220	1318	99	1	5.28e-44	183
NC_011593.1:c2598562-2597207	NB551033:109:HG7V5BGX9:1:23209:11372:16920#0/2	100.000	98	0	0	158	255	1	98	1.90e-43	182
NC_011593.1:c2598562-2597207	NB551033:109:HG7V5BGX9:3:11411:10831:2870#0/1	100.000	98	0	0	1029	1126	1	98	1.90e-43	182
NC_011593.1:c2598562-2597207	NB551033:109:HG7V5BGX9:3:12606:19294:18639#0/1	98.058	103	2	0	744	846	103	1	6.83e-43	180
NC_011593.1:c2598562-2597207	NB551033:109:HG7V5BGX9:4:11511:21476:5347#0/2	100.000	96	0	0	569	664	1	96	2.46e-42	178
NC_011593.1:c2598562-2597207	NB551033:109:HG7V5BGX9:2:11112:12550:7322#0/2	96.296	108	4	0	466	573	1	108	2.46e-42	178
NC_011593.1:c2598562-2597207	NB551033:109:HG7V5BGX9:2:11112:12550:7322#0/1	96.296	108	4	0	466	573	108	1	2.46e-42	178
NC_011593.1:c2598562-2597207	NB551033:109:HG7V5BGX9:4:22407:1144:18527#0/1	96.262	107	4	0	809	915	107	1	8.84e-42	176
NC_011593.1:c2598562-2597207	NB551033:109:HG7V5BGX9:2:23302:17833:4367#0/2	96.226	106	4	0	1049	1154	1	106	3.18e-41	174
NC_011593.1:c2598562-2597207	NB551033:109:HG7V5BGX9:2:23205:16531:18912#0/2	96.226	106	4	0	1118	1223	106	1	3.18e-41	174
NC_011593.1:c2598562-2597207	NB551033:109:HG7V5BGX9:2:23302:17833:4367#0/1	96.226	106	4	0	1049	1154	106	1	3.18e-41	174
NC_011593.1:c2598562-2597207	NB551033:109:HG7V5BGX9:2:23205:16531:18912#0/1	96.226	106	4	0	1118	1223	1	106	3.18e-41	174
NC_011593.1:c2598562-2597207	NB551033:109:HG7V5BGX9:4:12604:20810:14023#0/2	100.000	93	0	0	1264	1356	1	93	1.14e-40	172
NC_011593.1:c2598562-2597207	NB551033:109:HG7V5BGX9:2:11204:20145:19967#0/2	100.000	93	0	0	1168	1260	1	93	1.14e-40	172
NC_011593.1:c2598562-2597207	NB551033:109:HG7V5BGX9:4:12604:20810:14023#0/1	100.000	93	0	0	1264	1356	122	30	1.14e-40	172
NC_011593.1:c2598562-2597207	NB551033:109:HG7V5BGX9:4:21507:22403:16252#0/2	97.959	98	2	0	915	1012	98	1	4.11e-40	171
NC_011593.1:c2598562-2597207	NB551033:109:HG7V5BGX9:4:21507:22403:16252#0/1	97.938	97	2	0	915	1011	1	97	1.48e-39	169
NC_011593.1:c2598562-2597207	NB551033:109:HG7V5BGX9:1:13311:24985:7493#0/2	100.000	89	0	0	1267	1355	89	1	1.91e-38	165
NC_011593.1:c2598562-2597207	NB551033:109:HG7V5BGX9:1:13302:3182:16660#0/2	98.913	92	1	0	562	653	92	1	1.91e-38	165
NC_011593.1:c2598562-2597207	NB551033:109:HG7V5BGX9:2:13210:16887:7042#0/2	100.000	88	0	0	589	676	88	1	6.88e-38	163
NC_011593.1:c2598562-2597207	NB551033:109:HG7V5BGX9:1:13310:24315:5029#0/1	96.875	96	3	0	870	965	2	97	2.48e-37	161
NC_011593.1:c2598562-2597207	NB551033:109:HG7V5BGX9:4:12610:21057:10213#0/1	100.000	86	0	0	232	317	86	1	8.90e-37	159
NC_011593.1:c2598562-2597207	NB551033:109:HG7V5BGX9:3:11602:6042:4261#0/1	95.918	98	4	0	1136	1233	1	98	8.90e-37	159
NC_011593.1:c2598562-2597207	NB551033:109:HG7V5BGX9:3:12611:12942:9840#0/2	100.000	84	0	0	1136	1219	1	84	1.15e-35	156
NC_011593.1:c2598562-2597207	NB551033:109:HG7V5BGX9:3:12611:12942:9840#0/1	100.000	82	0	0	1138	1219	82	1	1.49e-34	152
NC_011593.1:c2598562-2597207	NB551033:109:HG7V5BGX9:2:22102:5514:14766#0/2	96.629	89	3	0	486	574	1	89	1.93e-33	148
NC_011593.1:c2598562-2597207	NB551033:109:HG7V5BGX9:2:22102:5514:14766#0/1	96.629	89	3	0	486	574	89	1	1.93e-33	148
NC_011593.1:c2598562-2597207	NB551033:109:HG7V5BGX9:3:23611:23878:9036#0/1	95.556	90	4	0	337	426	94	5	2.49e-32	145
NC_011593.1:c2598562-2597207	NB551033:109:HG7V5BGX9:3:12401:14849:13850#0/2	97.590	83	2	0	960	1042	1	83	8.97e-32	143
NC_011593.1:c2598562-2597207	NB551033:109:HG7V5BGX9:2:22310:5930:18222#0/2	96.512	86	3	0	878	963	86	1	8.97e-32	143
NC_011593.1:c2598562-2597207	NB551033:109:HG7V5BGX9:2:22310:5930:18222#0/1	96.512	86	3	0	878	963	1	86	8.97e-32	143
NC_011593.1:c2598562-2597207	NB551033:109:HG7V5BGX9:1:23209:11372:16920#0/1	98.734	79	1	0	318	396	79	1	3.23e-31	141
NC_011593.1:c2598562-2597207	NB551033:109:HG7V5BGX9:1:21104:24664:2858#0/1	98.734	79	1	0	926	1004	79	1	3.23e-31	141
NC_011593.1:c2598562-2597207	NB551033:109:HG7V5BGX9:4:22506:14536:16952#0/2	96.429	84	3	0	1136	1219	1	84	1.16e-30	139
NC_011593.1:c2598562-2597207	NB551033:109:HG7V5BGX9:4:13411:6005:9006#0/2	96.429	84	3	0	1043	1126	84	1	1.16e-30	139
NC_011593.1:c2598562-2597207	NB551033:109:HG7V5BGX9:4:22506:14536:16952#0/1	96.429	84	3	0	1136	1219	84	1	1.16e-30	139
NC_011593.1:c2598562-2597207	NB551033:109:HG7V5BGX9:2:22210:16784:17427#0/2	98.701	77	1	0	960	1036	1	77	4.17e-30	137
NC_011593.1:c2598562-2597207	NB551033:109:HG7V5BGX9:1:11105:14109:14370#0/1	96.341	82	3	0	138	219	82	1	1.50e-29	135
NC_011593.1:c2598562-2597207	NB551033:109:HG7V5BGX9:2:11106:22770:16034#0/1	97.436	78	2	0	542	619	78	1	5.40e-29	134
NC_011593.1:c2598562-2597207	NB551033:109:HG7V5BGX9:1:12205:18915:15554#0/2	100.000	71	0	0	1085	1155	1	71	1.94e-28	132
NC_011593.1:c2598562-2597207	NB551033:109:HG7V5BGX9:4:23504:18281:12513#0/1	95.122	82	4	0	558	639	82	1	6.98e-28	130
NC_011593.1:c2598562-2597207	NB551033:109:HG7V5BGX9:3:21407:20668:6272#0/1	100.000	70	0	0	580	649	70	1	6.98e-28	130
NC_011593.1:c2598562-2597207	NB551033:109:HG7V5BGX9:2:13109:21187:1585#0/2	100.000	69	0	0	1261	1329	1	69	2.51e-27	128
NC_011593.1:c2598562-2597207	NB551033:109:HG7V5BGX9:2:13109:21187:1585#0/1	100.000	69	0	0	1261	1329	69	1	2.51e-27	128
NC_011593.1:c2598562-2597207	NB551033:109:HG7V5BGX9:1:22302:7152:16174#0/2	100.000	68	0	0	951	1018	68	1	9.03e-27	126
NC_011593.1:c2598562-2597207	NB551033:109:HG7V5BGX9:2:23101:9935:1276#0/2	100.000	67	0	0	641	707	67	1	3.25e-26	124
NC_011593.1:c2598562-2597207	NB551033:109:HG7V5BGX9:2:23101:9935:1276#0/1	100.000	67	0	0	641	707	1	67	3.25e-26	124
NC_011593.1:c2598562-2597207	NB551033:109:HG7V5BGX9:1:21202:12386:5010#0/1	100.000	67	0	0	995	1061	67	1	3.25e-26	124
NC_011593.1:c2598562-2597207	NB551033:109:HG7V5BGX9:1:11102:23578:5967#0/1	100.000	67	0	0	1150	1216	1	67	3.25e-26	124
NC_011593.1:c2598562-2597207	NB551033:109:HG7V5BGX9:3:21409:22589:16647#0/2	100.000	66	0	0	1291	1356	1	66	1.17e-25	122
NC_011593.1:c2598562-2597207	NB551033:109:HG7V5BGX9:3:11411:10831:2870#0/2	100.000	66	0	0	1061	1126	66	1	1.17e-25	122
NC_011593.1:c2598562-2597207	NB551033:109:HG7V5BGX9:3:13609:7022:12140#0/1	97.222	72	2	0	871	942	72	1	1.17e-25	122
NC_011593.1:c2598562-2597207	NB551033:109:HG7V5BGX9:4:11610:26222:8308#0/2	95.946	74	3	0	1053	1126	1	74	4.20e-25	121
NC_011593.1:c2598562-2597207	NB551033:109:HG7V5BGX9:3:11502:2080:7159#0/1	95.946	74	3	0	360	433	122	49	4.20e-25	121
NC_011593.1:c2598562-2597207	NB551033:109:HG7V5BGX9:1:23110:1714:5313#0/2	100.000	63	0	0	303	365	1	63	5.44e-24	117
NC_011593.1:c2598562-2597207	NB551033:109:HG7V5BGX9:4:11610:26222:8308#0/1	97.101	69	2	0	1053	1121	74	6	5.44e-24	117
NC_011593.1:c2598562-2597207	NB551033:109:HG7V5BGX9:4:12612:17464:2314#0/1	95.714	70	3	0	986	1055	70	1	7.03e-23	113
NC_011593.1:c2598562-2597207	NB551033:109:HG7V5BGX9:1:13307:15593:6250#0/1	100.000	61	0	0	1003	1063	1	61	7.03e-23	113
NC_011593.1:c2598562-2597207	NB551033:109:HG7V5BGX9:1:12205:18915:15554#0/1	98.438	64	1	0	1095	1158	64	1	7.03e-23	113
NC_011593.1:c2598562-2597207	NB551033:109:HG7V5BGX9:4:12610:21057:10213#0/2	100.000	60	0	0	156	215	1	60	2.53e-22	111
NC_011593.1:c2598562-2597207	NB551033:109:HG7V5BGX9:3:21409:22589:16647#0/1	100.000	60	0	0	1297	1356	149	90	2.53e-22	111
NC_011593.1:c2598562-2597207	NB551033:109:HG7V5BGX9:1:12108:24975:13046#0/1	96.970	66	2	0	819	884	66	1	2.53e-22	111
NC_011593.1:c2598562-2597207	NB551033:109:HG7V5BGX9:2:21203:8756:2123#0/2	100.000	59	0	0	359	417	59	1	9.09e-22	110
NC_011593.1:c2598562-2597207	NB551033:109:HG7V5BGX9:3:22509:18782:18776#0/1	96.923	65	2	0	813	877	65	1	9.09e-22	110
NC_011593.1:c2598562-2597207	NB551033:109:HG7V5BGX9:2:21203:8756:2123#0/1	100.000	59	0	0	359	417	1	59	9.09e-22	110
NC_011593.1:c2598562-2597207	NB551033:109:HG7V5BGX9:1:23110:1714:5313#0/1	100.000	59	0	0	327	385	59	1	9.09e-22	110
NC_011593.1:c2598562-2597207	NB551033:109:HG7V5BGX9:1:23110:8480:15619#0/2	96.875	64	2	0	996	1059	64	1	3.27e-21	108
NC_011593.1:c2598562-2597207	NB551033:109:HG7V5BGX9:2:21204:10179:7266#0/1	100.000	58	0	0	498	555	58	1	3.27e-21	108
NC_011593.1:c2598562-2597207	NB551033:109:HG7V5BGX9:1:23110:8480:15619#0/1	96.875	64	2	0	996	1059	1	64	3.27e-21	108
NC_011593.1:c2598562-2597207	NB551033:109:HG7V5BGX9:4:13610:6633:2329#0/2	96.825	63	2	0	901	963	3	65	1.18e-20	106
NC_011593.1:c2598562-2597207	NB551033:109:HG7V5BGX9:4:11403:19765:1521#0/2	98.333	60	1	0	960	1019	1	60	1.18e-20	106
NC_011593.1:c2598562-2597207	NB551033:109:HG7V5BGX9:4:13610:6633:2329#0/1	96.825	63	2	0	901	963	63	1	1.18e-20	106
NC_011593.1:c2598562-2597207	NB551033:109:HG7V5BGX9:4:11403:19765:1521#0/1	98.333	60	1	0	960	1019	60	1	1.18e-20	106
NC_011593.1:c2598562-2597207	NB551033:109:HG7V5BGX9:4:11511:21476:5347#0/1	100.000	55	0	0	612	666	55	1	1.52e-19	102
NC_011593.1:c2598562-2597207	NB551033:109:HG7V5BGX9:2:23103:19039:18956#0/2	95.238	63	3	0	430	492	1	63	5.47e-19	100
NC_011593.1:c2598562-2597207	NB551033:109:HG7V5BGX9:1:11102:23578:5967#0/2	98.246	57	1	0	1263	1319	57	1	5.47e-19	100
NC_011593.1:c2598562-2597207	NB551033:109:HG7V5BGX9:4:22604:14499:12597#0/1	95.238	63	3	0	371	433	133	71	5.47e-19	100
NC_011593.1:c2598562-2597207	NB551033:109:HG7V5BGX9:2:11204:20145:19967#0/1	98.246	57	1	0	1204	1260	57	1	5.47e-19	100
NC_011593.1:c2598562-2597207	NB551033:109:HG7V5BGX9:3:22411:10615:6098#0/2	96.610	59	2	0	429	487	18	76	1.97e-18	99.0
NC_011593.1:c2598562-2597207	NB551033:109:HG7V5BGX9:3:12412:19795:18549#0/1	96.610	59	2	0	693	751	59	1	1.97e-18	99.0
NC_011593.1:c2598562-2597207	NB551033:109:HG7V5BGX9:3:11601:9413:8790#0/2	96.491	57	2	0	429	485	81	137	2.55e-17	95.3
NC_011593.1:c2598562-2597207	NB551033:109:HG7V5BGX9:1:13310:24315:5029#0/2	95.000	60	3	0	1067	1126	60	1	2.55e-17	95.3
NC_011593.1:c2598562-2597207	NB551033:109:HG7V5BGX9:1:11301:5025:12937#0/2	100.000	51	0	0	211	261	51	1	2.55e-17	95.3
NC_011593.1:c2598562-2597207	NB551033:109:HG7V5BGX9:3:11601:9413:8790#0/1	96.491	57	2	0	429	485	57	1	2.55e-17	95.3
NC_011593.1:c2598562-2597207	NB551033:109:HG7V5BGX9:1:11301:5025:12937#0/1	100.000	51	0	0	211	261	1	51	2.55e-17	95.3
NC_011593.1:c2598562-2597207	NB551033:109:HG7V5BGX9:2:11103:26576:16532#0/1	100.000	50	0	0	318	367	50	1	9.16e-17	93.5
NC_011593.1:c2598562-2597207	NB551033:109:HG7V5BGX9:1:13203:21758:6125#0/1	98.113	53	1	0	577	629	58	6	9.16e-17	93.5
NC_011593.1:c2598562-2597207	NB551033:109:HG7V5BGX9:3:22503:13823:16526#0/1	96.364	55	2	0	954	1008	55	1	3.29e-16	91.6
NC_011593.1:c2598562-2597207	NB551033:109:HG7V5BGX9:2:21312:4902:13694#0/1	98.077	52	1	0	1305	1356	1	52	3.29e-16	91.6
NC_011593.1:c2598562-2597207	NB551033:109:HG7V5BGX9:1:21202:12386:5010#0/2	100.000	47	0	0	995	1041	1	47	4.26e-15	87.9
NC_011593.1:c2598562-2597207	NB551033:109:HG7V5BGX9:3:12406:11383:12840#0/1	100.000	47	0	0	1189	1235	1	47	4.26e-15	87.9
NC_011593.1:c2598562-2597207	NB551033:109:HG7V5BGX9:3:12406:11383:12840#0/2	100.000	46	0	0	1190	1235	46	1	1.53e-14	86.1
NC_011593.1:c2598562-2597207	NB551033:109:HG7V5BGX9:3:11411:13766:19815#0/2	97.959	49	1	0	908	956	1	49	1.53e-14	86.1
NC_011593.1:c2598562-2597207	NB551033:109:HG7V5BGX9:3:12506:16522:12074#0/1	100.000	44	0	0	808	851	23	66	1.98e-13	82.4
NC_011593.1:c2598562-2597207	NB551033:109:HG7V5BGX9:1:23112:24678:5660#0/1	96.000	50	2	0	533	582	1	50	1.98e-13	82.4
NC_011593.1:c2598562-2597207	NB551033:109:HG7V5BGX9:3:13501:24722:14331#0/2	100.000	43	0	0	1053	1095	43	1	7.13e-13	80.5
NC_011593.1:c2598562-2597207	NB551033:109:HG7V5BGX9:3:12412:19795:18549#0/2	100.000	43	0	0	636	678	1	43	7.13e-13	80.5
NC_011593.1:c2598562-2597207	NB551033:109:HG7V5BGX9:3:13609:7022:12140#0/2	95.833	48	2	0	871	918	1	48	2.56e-12	78.7
NC_011593.1:c2598562-2597207	NB551033:109:HG7V5BGX9:1:12107:10593:2592#0/2	95.745	47	2	0	342	388	48	2	9.22e-12	76.8
NC_011593.1:c2598562-2597207	NB551033:109:HG7V5BGX9:3:13508:25009:17567#0/2	97.619	42	1	0	870	911	2	43	1.19e-10	73.1
NC_011593.1:c2598562-2597207	NB551033:109:HG7V5BGX9:3:12506:16522:12074#0/2	100.000	39	0	0	813	851	39	1	1.19e-10	73.1
NC_011593.1:c2598562-2597207	NB551033:109:HG7V5BGX9:1:23112:24678:5660#0/2	100.000	39	0	0	544	582	41	3	1.19e-10	73.1
NC_011593.1:c2598562-2597207	NB551033:109:HG7V5BGX9:1:13307:15593:6250#0/2	100.000	39	0	0	1073	1111	39	1	1.19e-10	73.1
NC_011593.1:c2598562-2597207	NB551033:109:HG7V5BGX9:3:13508:25009:17567#0/1	97.619	42	1	0	870	911	43	2	1.19e-10	73.1
NC_011593.1:c2598562-2597207	NB551033:109:HG7V5BGX9:2:13207:3988:5403#0/2	97.561	41	1	0	429	469	41	1	4.29e-10	71.3
NC_011593.1:c2598562-2597207	NB551033:109:HG7V5BGX9:3:21410:14405:9876#0/1	95.455	44	2	0	390	433	2	45	4.29e-10	71.3
NC_011593.1:c2598562-2597207	NB551033:109:HG7V5BGX9:2:12112:22412:3750#0/1	100.000	38	0	0	258	295	1	38	4.29e-10	71.3
NC_011593.1:c2598562-2597207	NB551033:109:HG7V5BGX9:4:21612:15124:13633#0/2	95.238	42	2	0	533	574	1	42	5.55e-09	67.6
NC_011593.1:c2598562-2597207	NB551033:109:HG7V5BGX9:4:11501:2197:1914#0/2	100.000	36	0	0	1321	1356	1	36	5.55e-09	67.6
NC_011593.1:c2598562-2597207	NB551033:109:HG7V5BGX9:3:22412:9270:9644#0/2	100.000	36	0	0	1321	1356	96	61	5.55e-09	67.6
NC_011593.1:c2598562-2597207	NB551033:109:HG7V5BGX9:1:11105:14109:14370#0/2	100.000	36	0	0	138	173	115	150	5.55e-09	67.6
NC_011593.1:c2598562-2597207	NB551033:109:HG7V5BGX9:3:22412:9270:9644#0/1	100.000	36	0	0	1321	1356	1	36	5.55e-09	67.6
NC_011593.1:c2598562-2597207	NB551033:109:HG7V5BGX9:2:12205:24752:10603#0/1	100.000	35	0	0	595	629	1	35	2.00e-08	65.8
NC_011593.1:c2598562-2597207	NB551033:109:HG7V5BGX9:2:12302:14436:5945#0/2	100.000	33	0	0	390	422	2	34	2.58e-07	62.1
# BLASTN 2.9.0+
# Query: NC_011593.1:2598858-2601929 Bifidobacterium longum subsp. infantis ATCC 15697, complete genome
# Database: db/blast_C2018-3E-1A_S36.faa
# Fields: query acc.ver, subject acc.ver, % identity, alignment length, mismatches, gap opens, q. start, q. end, s. start, s. end, evalue, bit score
# 170 hits found
NC_011593.1:2598858-2601929	NB551033:109:HG7V5BGX9:4:23606:5207:18427#0/2	100.000	150	0	0	1719	1868	150	1	5.33e-72	278
NC_011593.1:2598858-2601929	NB551033:109:HG7V5BGX9:4:22512:11430:16211#0/2	100.000	150	0	0	1942	2091	150	1	5.33e-72	278
NC_011593.1:2598858-2601929	NB551033:109:HG7V5BGX9:2:21109:24622:17917#0/2	100.000	150	0	0	1912	2061	150	1	5.33e-72	278
NC_011593.1:2598858-2601929	NB551033:109:HG7V5BGX9:2:11209:25104:11010#0/1	100.000	150	0	0	1739	1888	1	150	5.33e-72	278
NC_011593.1:2598858-2601929	NB551033:109:HG7V5BGX9:1:12105:4774:9041#0/1	100.000	150	0	0	1898	2047	150	1	5.33e-72	278
NC_011593.1:2598858-2601929	NB551033:109:HG7V5BGX9:3:11507:24602:11436#0/2	99.338	151	1	0	1875	2025	151	1	6.89e-71	274
NC_011593.1:2598858-2601929	NB551033:109:HG7V5BGX9:2:11209:25104:11010#0/2	99.338	151	1	0	1799	1949	151	1	6.89e-71	274
NC_011593.1:2598858-2601929	NB551033:109:HG7V5BGX9:1:23211:13981:7338#0/2	99.338	151	1	0	1852	2002	1	151	6.89e-71	274
NC_011593.1:2598858-2601929	NB551033:109:HG7V5BGX9:4:23606:5207:18427#0/1	99.338	151	1	0	1607	1757	1	151	6.89e-71	274
NC_011593.1:2598858-2601929	NB551033:109:HG7V5BGX9:3:13504:15696:3944#0/1	99.338	151	1	0	1072	1222	151	1	6.89e-71	274
NC_011593.1:2598858-2601929	NB551033:109:HG7V5BGX9:4:11611:21549:18788#0/2	99.333	150	1	0	307	456	150	1	2.48e-70	272
NC_011593.1:2598858-2601929	NB551033:109:HG7V5BGX9:3:22603:13601:14638#0/2	99.333	150	1	0	2435	2584	150	1	2.48e-70	272
NC_011593.1:2598858-2601929	NB551033:109:HG7V5BGX9:3:21610:23611:14650#0/2	99.333	150	1	0	1824	1973	1	150	2.48e-70	272
NC_011593.1:2598858-2601929	NB551033:109:HG7V5BGX9:3:13504:15696:3944#0/2	99.333	150	1	0	1045	1194	1	150	2.48e-70	272
NC_011593.1:2598858-2601929	NB551033:109:HG7V5BGX9:1:12105:4774:9041#0/2	99.333	150	1	0	1872	2021	1	150	2.48e-70	272
NC_011593.1:2598858-2601929	NB551033:109:HG7V5BGX9:4:22512:11430:16211#0/1	99.333	150	1	0	1863	2012	1	150	2.48e-70	272
NC_011593.1:2598858-2601929	NB551033:109:HG7V5BGX9:4:21503:12363:7320#0/1	99.333	150	1	0	237	386	1	150	2.48e-70	272
NC_011593.1:2598858-2601929	NB551033:109:HG7V5BGX9:4:11611:21549:18788#0/1	99.333	150	1	0	278	427	1	150	2.48e-70	272
NC_011593.1:2598858-2601929	NB551033:109:HG7V5BGX9:3:21610:23611:14650#0/1	99.333	150	1	0	1881	2030	150	1	2.48e-70	272
NC_011593.1:2598858-2601929	NB551033:109:HG7V5BGX9:2:11108:17972:12872#0/1	99.333	150	1	0	1842	1991	1	150	2.48e-70	272
NC_011593.1:2598858-2601929	NB551033:109:HG7V5BGX9:3:22605:22569:6596#0/2	99.329	149	1	0	137	285	1	149	8.92e-70	270
NC_011593.1:2598858-2601929	NB551033:109:HG7V5BGX9:2:22105:22813:14398#0/2	99.329	149	1	0	341	489	1	149	8.92e-70	270
NC_011593.1:2598858-2601929	NB551033:109:HG7V5BGX9:3:23405:6561:15727#0/2	98.667	150	2	0	1492	1641	1	150	1.15e-68	267
NC_011593.1:2598858-2601929	NB551033:109:HG7V5BGX9:2:21109:24622:17917#0/1	98.667	150	2	0	1872	2021	1	150	1.15e-68	267
NC_011593.1:2598858-2601929	NB551033:109:HG7V5BGX9:1:13108:24471:8529#0/1	98.667	150	2	0	2825	2974	1	150	1.15e-68	267
NC_011593.1:2598858-2601929	NB551033:109:HG7V5BGX9:2:13106:13748:12734#0/2	98.013	151	3	0	2544	2694	151	1	1.49e-67	263
NC_011593.1:2598858-2601929	NB551033:109:HG7V5BGX9:2:13304:20305:13526#0/1	98.013	151	3	0	580	730	1	151	1.49e-67	263
NC_011593.1:2598858-2601929	NB551033:109:HG7V5BGX9:2:13304:20305:13526#0/2	98.000	150	3	0	583	732	150	1	5.37e-67	261
NC_011593.1:2598858-2601929	NB551033:109:HG7V5BGX9:1:13207:9392:1436#0/2	98.000	150	3	0	1459	1608	1	150	5.37e-67	261
NC_011593.1:2598858-2601929	NB551033:109:HG7V5BGX9:4:22510:14079:19573#0/1	98.000	150	3	0	1107	1256	1	150	5.37e-67	261
NC_011593.1:2598858-2601929	NB551033:109:HG7V5BGX9:4:22504:4959:14036#0/1	98.000	150	3	0	2905	3054	1	150	5.37e-67	261
NC_011593.1:2598858-2601929	NB551033:109:HG7V5BGX9:3:11503:23051:3487#0/1	98.013	151	1	1	149	299	1	149	5.37e-67	261
NC_011593.1:2598858-2601929	NB551033:109:HG7V5BGX9:2:21304:10525:9760#0/1	98.000	150	3	0	882	1031	150	1	5.37e-67	261
NC_011593.1:2598858-2601929	NB551033:109:HG7V5BGX9:1:13207:9392:1436#0/1	98.639	147	2	0	1480	1626	147	1	5.37e-67	261
NC_011593.1:2598858-2601929	NB551033:109:HG7V5BGX9:3:21612:21903:19380#0/1	98.630	146	2	0	1	146	5	150	1.93e-66	259
NC_011593.1:2598858-2601929	NB551033:109:HG7V5BGX9:2:13106:13748:12734#0/1	97.987	149	3	0	2529	2677	1	149	1.93e-66	259
NC_011593.1:2598858-2601929	NB551033:109:HG7V5BGX9:1:13108:24471:8529#0/2	97.973	148	3	0	2925	3072	150	3	6.94e-66	257
NC_011593.1:2598858-2601929	NB551033:109:HG7V5BGX9:1:11312:24606:3081#0/1	98.621	145	2	0	2246	2390	146	2	6.94e-66	257
NC_011593.1:2598858-2601929	NB551033:109:HG7V5BGX9:3:22603:13601:14638#0/1	97.315	149	4	0	2333	2481	1	149	8.98e-65	254
NC_011593.1:2598858-2601929	NB551033:109:HG7V5BGX9:3:11503:23051:3487#0/2	98.601	143	0	1	175	317	141	1	3.23e-64	252
NC_011593.1:2598858-2601929	NB551033:109:HG7V5BGX9:4:22402:19401:18178#0/2	99.281	139	0	1	941	1079	138	1	1.16e-63	250
NC_011593.1:2598858-2601929	NB551033:109:HG7V5BGX9:2:21304:10525:9760#0/2	96.667	150	5	0	826	975	1	150	1.16e-63	250
NC_011593.1:2598858-2601929	NB551033:109:HG7V5BGX9:2:21107:3428:18646#0/2	96.667	150	5	0	2637	2786	150	1	1.16e-63	250
NC_011593.1:2598858-2601929	NB551033:109:HG7V5BGX9:2:11108:17972:12872#0/2	99.275	138	1	0	1888	2025	138	1	1.16e-63	250
NC_011593.1:2598858-2601929	NB551033:109:HG7V5BGX9:4:21503:12363:7320#0/2	96.000	150	6	0	414	563	150	1	5.40e-62	244
NC_011593.1:2598858-2601929	NB551033:109:HG7V5BGX9:4:22504:4959:14036#0/2	97.826	138	3	0	2935	3072	150	13	2.51e-60	239
NC_011593.1:2598858-2601929	NB551033:109:HG7V5BGX9:3:11511:10833:2849#0/2	98.519	135	2	0	2889	3023	135	1	2.51e-60	239
NC_011593.1:2598858-2601929	NB551033:109:HG7V5BGX9:3:11511:10833:2849#0/1	98.519	135	2	0	2889	3023	1	135	2.51e-60	239
NC_011593.1:2598858-2601929	NB551033:109:HG7V5BGX9:4:13409:24418:11981#0/1	99.231	130	1	0	1	130	130	1	3.25e-59	235
NC_011593.1:2598858-2601929	NB551033:109:HG7V5BGX9:3:12610:2870:2209#0/2	99.225	129	1	0	1050	1178	1	129	1.17e-58	233
NC_011593.1:2598858-2601929	NB551033:109:HG7V5BGX9:2:23311:5713:10508#0/2	98.473	131	2	0	2830	2960	131	1	4.21e-58	231
NC_011593.1:2598858-2601929	NB551033:109:HG7V5BGX9:2:23108:9382:20048#0/1	98.473	131	2	0	132	262	1	131	4.21e-58	231
NC_011593.1:2598858-2601929	NB551033:109:HG7V5BGX9:2:21307:8806:9495#0/1	97.037	135	4	0	1355	1489	1	135	5.44e-57	228
NC_011593.1:2598858-2601929	NB551033:109:HG7V5BGX9:3:11601:16454:6629#0/2	99.200	125	1	0	332	456	1	125	1.96e-56	226
NC_011593.1:2598858-2601929	NB551033:109:HG7V5BGX9:1:11310:21314:10611#0/2	98.438	128	2	0	2484	2611	128	1	1.96e-56	226
NC_011593.1:2598858-2601929	NB551033:109:HG7V5BGX9:3:11601:16454:6629#0/1	99.200	125	1	0	332	456	125	1	1.96e-56	226
NC_011593.1:2598858-2601929	NB551033:109:HG7V5BGX9:2:12109:2142:10575#0/2	97.692	130	3	0	2943	3072	137	8	7.04e-56	224
NC_011593.1:2598858-2601929	NB551033:109:HG7V5BGX9:2:12109:2142:10575#0/1	97.692	130	3	0	2943	3072	1	130	7.04e-56	224
NC_011593.1:2598858-2601929	NB551033:109:HG7V5BGX9:4:21606:3668:16278#0/2	97.656	128	3	0	2092	2219	1	128	9.11e-55	220
NC_011593.1:2598858-2601929	NB551033:109:HG7V5BGX9:3:11507:24602:11436#0/1	100.000	114	0	0	1693	1806	1	114	5.48e-52	211
NC_011593.1:2598858-2601929	NB551033:109:HG7V5BGX9:3:12508:13542:18172#0/2	100.000	113	0	0	905	1017	1	113	1.97e-51	209
NC_011593.1:2598858-2601929	NB551033:109:HG7V5BGX9:3:12508:13542:18172#0/1	100.000	113	0	0	905	1017	113	1	1.97e-51	209
NC_011593.1:2598858-2601929	NB551033:109:HG7V5BGX9:3:21603:6970:17365#0/2	98.305	118	2	0	2333	2450	1	118	7.09e-51	207
NC_011593.1:2598858-2601929	NB551033:109:HG7V5BGX9:3:21603:6970:17365#0/1	98.305	118	2	0	2333	2450	118	1	7.09e-51	207
NC_011593.1:2598858-2601929	NB551033:109:HG7V5BGX9:1:23211:13981:7338#0/1	97.521	121	3	0	2035	2155	121	1	7.09e-51	207
NC_011593.1:2598858-2601929	NB551033:109:HG7V5BGX9:3:13404:17887:18310#0/2	100.000	109	0	0	381	489	109	1	3.30e-49	202
NC_011593.1:2598858-2601929	NB551033:109:HG7V5BGX9:4:23503:19892:15311#0/1	100.000	109	0	0	976	1084	1	109	3.30e-49	202
NC_011593.1:2598858-2601929	NB551033:109:HG7V5BGX9:3:13404:17887:18310#0/1	100.000	109	0	0	381	489	1	109	3.30e-49	202
NC_011593.1:2598858-2601929	NB551033:109:HG7V5BGX9:3:23504:24638:2419#0/2	99.083	109	1	0	1239	1347	1	109	1.53e-47	196
NC_011593.1:2598858-2601929	NB551033:109:HG7V5BGX9:4:21606:3668:16278#0/1	97.368	114	3	0	2106	2219	114	1	5.52e-47	195
NC_011593.1:2598858-2601929	NB551033:109:HG7V5BGX9:4:23604:26547:8095#0/2	99.065	107	1	0	1623	1729	1	107	1.99e-46	193
NC_011593.1:2598858-2601929	NB551033:109:HG7V5BGX9:3:23504:24638:2419#0/1	98.165	109	2	0	1239	1347	109	1	7.14e-46	191
NC_011593.1:2598858-2601929	NB551033:109:HG7V5BGX9:4:22402:19401:18178#0/1	99.048	105	0	1	921	1025	1	104	9.24e-45	187
NC_011593.1:2598858-2601929	NB551033:109:HG7V5BGX9:2:21107:3428:18646#0/1	98.095	105	2	0	2624	2728	1	105	1.19e-43	183
NC_011593.1:2598858-2601929	NB551033:109:HG7V5BGX9:4:23604:26547:8095#0/1	98.058	103	2	0	1627	1729	103	1	1.55e-42	180
NC_011593.1:2598858-2601929	NB551033:109:HG7V5BGX9:3:23511:3208:12209#0/2	100.000	95	0	0	400	494	95	1	2.00e-41	176
NC_011593.1:2598858-2601929	NB551033:109:HG7V5BGX9:2:13207:7974:8235#0/2	100.000	95	0	0	1700	1794	1	95	2.00e-41	176
NC_011593.1:2598858-2601929	NB551033:109:HG7V5BGX9:3:23511:3208:12209#0/1	100.000	95	0	0	400	494	1	95	2.00e-41	176
NC_011593.1:2598858-2601929	NB551033:109:HG7V5BGX9:2:13207:7974:8235#0/1	100.000	95	0	0	1700	1794	95	1	2.00e-41	176
NC_011593.1:2598858-2601929	NB551033:109:HG7V5BGX9:2:13103:18528:3699#0/2	98.000	100	2	0	2531	2630	1	100	7.19e-41	174
NC_011593.1:2598858-2601929	NB551033:109:HG7V5BGX9:2:12202:21246:8957#0/1	97.030	101	3	0	2343	2443	101	1	9.30e-40	171
NC_011593.1:2598858-2601929	NB551033:109:HG7V5BGX9:2:23203:5819:11445#0/2	100.000	90	0	0	1716	1805	1	90	1.20e-38	167
NC_011593.1:2598858-2601929	NB551033:109:HG7V5BGX9:2:23203:5819:11445#0/1	100.000	90	0	0	1716	1805	90	1	1.20e-38	167
NC_011593.1:2598858-2601929	NB551033:109:HG7V5BGX9:4:12606:21602:14311#0/2	98.913	92	1	0	1107	1198	1	92	4.33e-38	165
NC_011593.1:2598858-2601929	NB551033:109:HG7V5BGX9:4:12606:21602:14311#0/1	98.913	92	1	0	1107	1198	92	1	4.33e-38	165
NC_011593.1:2598858-2601929	NB551033:109:HG7V5BGX9:2:21307:8806:9495#0/2	97.872	94	2	0	1396	1489	94	1	1.56e-37	163
NC_011593.1:2598858-2601929	NB551033:109:HG7V5BGX9:2:12202:21246:8957#0/2	96.000	100	4	0	2343	2442	1	100	1.56e-37	163
NC_011593.1:2598858-2601929	NB551033:109:HG7V5BGX9:3:21506:20343:9540#0/2	97.826	92	2	0	2529	2620	1	92	2.01e-36	159
NC_011593.1:2598858-2601929	NB551033:109:HG7V5BGX9:3:22606:7294:13005#0/2	100.000	85	0	0	1	85	59	143	7.24e-36	158
NC_011593.1:2598858-2601929	NB551033:109:HG7V5BGX9:3:21612:21903:19380#0/2	97.802	91	2	0	75	165	91	1	7.24e-36	158
NC_011593.1:2598858-2601929	NB551033:109:HG7V5BGX9:4:22602:4318:9049#0/1	98.864	88	1	0	284	371	88	1	7.24e-36	158
NC_011593.1:2598858-2601929	NB551033:109:HG7V5BGX9:4:23503:19892:15311#0/2	100.000	84	0	0	1071	1154	84	1	2.60e-35	156
NC_011593.1:2598858-2601929	NB551033:109:HG7V5BGX9:3:22606:7294:13005#0/1	100.000	82	0	0	4	85	82	1	3.37e-34	152
NC_011593.1:2598858-2601929	NB551033:109:HG7V5BGX9:1:13212:16593:19472#0/2	98.795	83	1	0	2943	3025	1	83	4.36e-33	148
NC_011593.1:2598858-2601929	NB551033:109:HG7V5BGX9:1:13212:16593:19472#0/1	98.795	83	1	0	2943	3025	83	1	4.36e-33	148
NC_011593.1:2598858-2601929	NB551033:109:HG7V5BGX9:3:21506:20343:9540#0/1	98.780	82	1	0	2640	2721	82	1	1.57e-32	147
NC_011593.1:2598858-2601929	NB551033:109:HG7V5BGX9:4:13507:10288:16400#0/2	100.000	78	0	0	976	1053	1	78	5.64e-32	145
NC_011593.1:2598858-2601929	NB551033:109:HG7V5BGX9:4:13507:10288:16400#0/1	100.000	78	0	0	976	1053	78	1	5.64e-32	145
NC_011593.1:2598858-2601929	NB551033:109:HG7V5BGX9:2:11102:23261:10576#0/2	98.750	80	1	0	2818	2897	1	80	2.03e-31	143
NC_011593.1:2598858-2601929	NB551033:109:HG7V5BGX9:2:11102:23261:10576#0/1	98.750	80	1	0	2818	2897	80	1	2.03e-31	143
NC_011593.1:2598858-2601929	NB551033:109:HG7V5BGX9:4:22506:13343:3859#0/1	96.429	84	3	0	2112	2195	84	1	2.62e-30	139
NC_011593.1:2598858-2601929	NB551033:109:HG7V5BGX9:4:12511:9309:18307#0/1	98.718	78	1	0	2645	2722	1	78	2.62e-30	139
NC_011593.1:2598858-2601929	NB551033:109:HG7V5BGX9:1:11310:21314:10611#0/1	100.000	75	0	0	2484	2558	1	75	2.62e-30	139
NC_011593.1:2598858-2601929	NB551033:109:HG7V5BGX9:4:22506:13343:3859#0/2	97.500	80	2	0	2063	2142	1	80	9.43e-30	137
NC_011593.1:2598858-2601929	NB551033:109:HG7V5BGX9:1:11308:7965:9773#0/2	98.701	77	1	0	1146	1222	77	1	9.43e-30	137
NC_011593.1:2598858-2601929	NB551033:109:HG7V5BGX9:3:12412:4030:1589#0/1	98.701	77	1	0	232	308	77	1	9.43e-30	137
NC_011593.1:2598858-2601929	NB551033:109:HG7V5BGX9:2:13203:13598:13873#0/1	100.000	74	0	0	1032	1105	1	74	9.43e-30	137
NC_011593.1:2598858-2601929	NB551033:109:HG7V5BGX9:1:11308:7965:9773#0/1	98.701	77	1	0	1146	1222	1	77	9.43e-30	137
NC_011593.1:2598858-2601929	NB551033:109:HG7V5BGX9:2:13203:13598:13873#0/2	100.000	73	0	0	1033	1105	73	1	3.39e-29	135
NC_011593.1:2598858-2601929	NB551033:109:HG7V5BGX9:2:13304:19985:12704#0/2	97.436	78	2	0	2569	2646	78	1	1.22e-28	134
NC_011593.1:2598858-2601929	NB551033:109:HG7V5BGX9:2:13304:19985:12704#0/1	97.436	78	2	0	2569	2646	1	78	1.22e-28	134
NC_011593.1:2598858-2601929	NB551033:109:HG7V5BGX9:4:13511:18871:8494#0/1	97.403	77	2	0	2520	2596	77	1	4.39e-28	132
NC_011593.1:2598858-2601929	NB551033:109:HG7V5BGX9:4:13409:24418:11981#0/2	100.000	70	0	0	1	70	82	151	1.58e-27	130
NC_011593.1:2598858-2601929	NB551033:109:HG7V5BGX9:1:23110:4048:10060#0/2	98.630	73	1	0	461	533	75	3	1.58e-27	130
NC_011593.1:2598858-2601929	NB551033:109:HG7V5BGX9:3:21409:12451:3761#0/1	100.000	70	0	0	258	327	1	70	1.58e-27	130
NC_011593.1:2598858-2601929	NB551033:109:HG7V5BGX9:1:23110:4048:10060#0/1	98.630	73	1	0	461	533	1	73	1.58e-27	130
NC_011593.1:2598858-2601929	NB551033:109:HG7V5BGX9:1:22305:11746:18503#0/2	100.000	68	0	0	1162	1229	68	1	2.04e-26	126
NC_011593.1:2598858-2601929	NB551033:109:HG7V5BGX9:1:22305:11746:18503#0/1	100.000	68	0	0	1162	1229	2	69	2.04e-26	126
NC_011593.1:2598858-2601929	NB551033:109:HG7V5BGX9:2:22105:22813:14398#0/1	98.571	70	1	0	585	654	70	1	7.35e-26	124
NC_011593.1:2598858-2601929	NB551033:109:HG7V5BGX9:3:23405:6561:15727#0/1	100.000	66	0	0	1641	1706	66	1	2.64e-25	122
NC_011593.1:2598858-2601929	NB551033:109:HG7V5BGX9:4:22510:14079:19573#0/2	95.946	74	3	0	1227	1300	74	1	9.50e-25	121
NC_011593.1:2598858-2601929	NB551033:109:HG7V5BGX9:4:22506:23158:19677#0/2	97.183	71	2	0	1198	1268	1	71	9.50e-25	121
NC_011593.1:2598858-2601929	NB551033:109:HG7V5BGX9:4:22506:23158:19677#0/1	97.183	71	2	0	1198	1268	71	1	9.50e-25	121
NC_011593.1:2598858-2601929	NB551033:109:HG7V5BGX9:3:22605:22569:6596#0/1	100.000	65	0	0	262	326	65	1	9.50e-25	121
NC_011593.1:2598858-2601929	NB551033:109:HG7V5BGX9:3:12610:2870:2209#0/1	97.183	71	2	0	1204	1274	71	1	9.50e-25	121
NC_011593.1:2598858-2601929	NB551033:109:HG7V5BGX9:4:11606:16451:6099#0/2	97.059	68	2	0	2152	2219	68	1	4.42e-23	115
NC_011593.1:2598858-2601929	NB551033:109:HG7V5BGX9:3:13509:25247:4530#0/2	100.000	61	0	0	1576	1636	61	1	1.59e-22	113
NC_011593.1:2598858-2601929	NB551033:109:HG7V5BGX9:1:11303:23572:13926#0/2	100.000	61	0	0	2908	2968	61	1	1.59e-22	113
NC_011593.1:2598858-2601929	NB551033:109:HG7V5BGX9:1:11203:4613:15068#0/2	95.652	69	3	0	2349	2417	69	1	5.72e-22	111
NC_011593.1:2598858-2601929	NB551033:109:HG7V5BGX9:4:11606:16451:6099#0/1	95.588	68	3	0	2152	2219	1	68	2.06e-21	110
NC_011593.1:2598858-2601929	NB551033:109:HG7V5BGX9:4:13511:18871:8494#0/2	100.000	58	0	0	2479	2536	1	58	7.40e-21	108
NC_011593.1:2598858-2601929	NB551033:109:HG7V5BGX9:3:21409:12451:3761#0/2	96.875	64	2	0	264	327	64	1	7.40e-21	108
NC_011593.1:2598858-2601929	NB551033:109:HG7V5BGX9:2:23311:5713:10508#0/1	96.875	64	2	0	2830	2893	1	64	7.40e-21	108
NC_011593.1:2598858-2601929	NB551033:109:HG7V5BGX9:3:13402:6677:13006#0/2	96.774	62	2	0	1417	1478	1	62	9.57e-20	104
NC_011593.1:2598858-2601929	NB551033:109:HG7V5BGX9:3:13509:25247:4530#0/1	100.000	56	0	0	1558	1613	3	58	9.57e-20	104
NC_011593.1:2598858-2601929	NB551033:109:HG7V5BGX9:2:13302:16755:2285#0/2	98.246	57	1	0	1865	1921	1	57	1.24e-18	100
NC_011593.1:2598858-2601929	NB551033:109:HG7V5BGX9:2:13302:16755:2285#0/1	98.246	57	1	0	1865	1921	57	1	1.24e-18	100
NC_011593.1:2598858-2601929	NB551033:109:HG7V5BGX9:3:12412:4030:1589#0/2	98.214	56	1	0	168	223	1	56	4.45e-18	99.0
NC_011593.1:2598858-2601929	NB551033:109:HG7V5BGX9:4:22602:4318:9049#0/2	98.182	55	1	0	50	104	1	55	1.60e-17	97.1
NC_011593.1:2598858-2601929	NB551033:109:HG7V5BGX9:2:13103:18528:3699#0/1	98.113	53	1	0	2584	2636	53	1	2.07e-16	93.5
NC_011593.1:2598858-2601929	NB551033:109:HG7V5BGX9:1:11312:24606:3081#0/2	100.000	48	0	0	2206	2253	1	48	2.68e-15	89.8
NC_011593.1:2598858-2601929	NB551033:109:HG7V5BGX9:4:23609:4609:10363#0/1	98.039	51	1	0	619	669	121	71	2.68e-15	89.8
NC_011593.1:2598858-2601929	NB551033:109:HG7V5BGX9:3:11611:8872:4655#0/2	96.226	53	2	0	1677	1729	1	53	9.64e-15	87.9
NC_011593.1:2598858-2601929	NB551033:109:HG7V5BGX9:3:11611:8872:4655#0/1	96.226	53	2	0	1677	1729	53	1	9.64e-15	87.9
NC_011593.1:2598858-2601929	NB551033:109:HG7V5BGX9:3:11404:24453:15846#0/2	100.000	46	0	0	1569	1614	1	46	3.47e-14	86.1
NC_011593.1:2598858-2601929	NB551033:109:HG7V5BGX9:3:11404:24453:15846#0/1	100.000	46	0	0	1569	1614	46	1	3.47e-14	86.1
NC_011593.1:2598858-2601929	NB551033:109:HG7V5BGX9:1:21308:19361:10320#0/2	100.000	45	0	0	1246	1290	1	45	1.25e-13	84.2
NC_011593.1:2598858-2601929	NB551033:109:HG7V5BGX9:1:11303:23572:13926#0/1	97.917	48	1	0	2864	2911	1	48	1.25e-13	84.2
NC_011593.1:2598858-2601929	NB551033:109:HG7V5BGX9:4:13401:7749:19949#0/2	100.000	44	0	0	1566	1609	1	44	4.48e-13	82.4
NC_011593.1:2598858-2601929	NB551033:109:HG7V5BGX9:3:22606:22016:11952#0/2	100.000	44	0	0	2925	2968	44	1	4.48e-13	82.4
NC_011593.1:2598858-2601929	NB551033:109:HG7V5BGX9:4:13401:7749:19949#0/1	100.000	44	0	0	1566	1609	44	1	4.48e-13	82.4
NC_011593.1:2598858-2601929	NB551033:109:HG7V5BGX9:3:22606:22016:11952#0/1	100.000	44	0	0	2925	2968	1	44	4.48e-13	82.4
NC_011593.1:2598858-2601929	NB551033:109:HG7V5BGX9:1:21308:19361:10320#0/1	100.000	44	0	0	1247	1290	44	1	4.48e-13	82.4
NC_011593.1:2598858-2601929	NB551033:109:HG7V5BGX9:3:23506:19898:4087#0/2	95.918	49	2	0	1190	1238	1	49	1.61e-12	80.5
NC_011593.1:2598858-2601929	NB551033:109:HG7V5BGX9:2:13304:12777:18809#0/2	100.000	43	0	0	2400	2442	1	43	1.61e-12	80.5
NC_011593.1:2598858-2601929	NB551033:109:HG7V5BGX9:2:13304:12777:18809#0/1	100.000	43	0	0	2400	2442	43	1	1.61e-12	80.5
NC_011593.1:2598858-2601929	NB551033:109:HG7V5BGX9:2:13206:12356:15879#0/1	95.918	49	2	0	1190	1238	1	49	1.61e-12	80.5
NC_011593.1:2598858-2601929	NB551033:109:HG7V5BGX9:1:22307:20654:3633#0/2	100.000	41	0	0	1071	1111	1	41	2.09e-11	76.8
NC_011593.1:2598858-2601929	NB551033:109:HG7V5BGX9:1:22307:20654:3633#0/1	100.000	41	0	0	1071	1111	41	1	2.09e-11	76.8
NC_011593.1:2598858-2601929	NB551033:109:HG7V5BGX9:4:22610:23687:20126#0/2	100.000	40	0	0	1726	1765	40	1	7.50e-11	75.0
NC_011593.1:2598858-2601929	NB551033:109:HG7V5BGX9:4:22610:23687:20126#0/1	100.000	40	0	0	1726	1765	1	40	7.50e-11	75.0
NC_011593.1:2598858-2601929	NB551033:109:HG7V5BGX9:2:23108:9382:20048#0/2	100.000	39	0	0	224	262	39	1	2.70e-10	73.1
NC_011593.1:2598858-2601929	NB551033:109:HG7V5BGX9:4:13404:5473:13718#0/2	97.561	41	1	0	2645	2685	1	41	9.71e-10	71.3
NC_011593.1:2598858-2601929	NB551033:109:HG7V5BGX9:4:11501:21817:6142#0/2	97.500	40	1	0	630	669	136	97	3.49e-09	69.4
NC_011593.1:2598858-2601929	NB551033:109:HG7V5BGX9:4:13404:5473:13718#0/1	97.500	40	1	0	2646	2685	40	1	3.49e-09	69.4
NC_011593.1:2598858-2601929	NB551033:109:HG7V5BGX9:4:11501:21817:6142#0/1	97.500	40	1	0	630	669	1	40	3.49e-09	69.4
NC_011593.1:2598858-2601929	NB551033:109:HG7V5BGX9:1:23212:10094:10167#0/1	96.875	32	1	0	1028	1059	70	101	9.77e-05	54.7
NC_011593.1:2598858-2601929	NB551033:109:HG7V5BGX9:2:22311:8587:3242#0/2	100.000	28	0	0	642	669	1	28	3.52e-04	52.8
NC_011593.1:2598858-2601929	NB551033:109:HG7V5BGX9:2:12203:13989:9839#0/2	100.000	28	0	0	1028	1055	79	106	3.52e-04	52.8
NC_011593.1:2598858-2601929	NB551033:109:HG7V5BGX9:2:12203:13989:9839#0/1	100.000	28	0	0	1028	1055	28	1	3.52e-04	52.8
# BLASTN 2.9.0+
# Query: NC_011593.1:c2604454-2602106 Bifidobacterium longum subsp. infantis ATCC 15697, complete genome
# Database: db/blast_C2018-3E-1A_S36.faa
# 0 hits found
# BLASTN 2.9.0+
# Query: NC_011593.1:c2605922-2604486 Bifidobacterium longum subsp. infantis ATCC 15697, complete genome
# Database: db/blast_C2018-3E-1A_S36.faa
# 0 hits found
# BLASTN 2.9.0+
# Query: NC_011593.1:c2606381-2605944 Bifidobacterium longum subsp. infantis ATCC 15697, complete genome
# Database: db/blast_C2018-3E-1A_S36.faa
# 0 hits found
# BLASTN 2.9.0+
# Query: NC_011593.1:c2607314-2606418 Bifidobacterium longum subsp. infantis ATCC 15697, complete genome
# Database: db/blast_C2018-3E-1A_S36.faa
# 0 hits found
# BLASTN 2.9.0+
# Query: NC_011593.1:c2608249-2607458 Bifidobacterium longum subsp. infantis ATCC 15697, complete genome
# Database: db/blast_C2018-3E-1A_S36.faa
# 0 hits found
# BLASTN 2.9.0+
# Query: NC_011593.1:c2609546-2608269 Bifidobacterium longum subsp. infantis ATCC 15697, complete genome
# Database: db/blast_C2018-3E-1A_S36.faa
# 0 hits found
# BLASTN 2.9.0+
# Query: NC_011593.1:c2610356-2609697 Bifidobacterium longum subsp. infantis ATCC 15697, complete genome
# Database: db/blast_C2018-3E-1A_S36.faa
# 0 hits found
# BLASTN 2.9.0+
# Query: NC_011593.1:c2611458-2610496 Bifidobacterium longum subsp. infantis ATCC 15697, complete genome
# Database: db/blast_C2018-3E-1A_S36.faa
# 0 hits found
# BLASTN 2.9.0+
# Query: NC_011593.1:c2612430-2611477 Bifidobacterium longum subsp. infantis ATCC 15697, complete genome
# Database: db/blast_C2018-3E-1A_S36.faa
# 0 hits found
# BLASTN 2.9.0+
# Query: NC_011593.1:c2614109-2612517 Bifidobacterium longum subsp. infantis ATCC 15697, complete genome
# Database: db/blast_C2018-3E-1A_S36.faa
# 0 hits found
# BLASTN 2.9.0+
# Query: NC_011593.1:c2615274-2614312 Bifidobacterium longum subsp. infantis ATCC 15697, complete genome
# Database: db/blast_C2018-3E-1A_S36.faa
# 0 hits found
# BLASTN 2.9.0+
# Query: NC_011593.1:c2616246-2615293 Bifidobacterium longum subsp. infantis ATCC 15697, complete genome
# Database: db/blast_C2018-3E-1A_S36.faa
# 0 hits found
# BLASTN 2.9.0+
# Query: NC_011593.1:c2617928-2616333 Bifidobacterium longum subsp. infantis ATCC 15697, complete genome
# Database: db/blast_C2018-3E-1A_S36.faa
# 0 hits found
# BLASTN 2.9.0+
# Query: NC_011593.1:c2619247-2618063 Bifidobacterium longum subsp. infantis ATCC 15697, complete genome
# Database: db/blast_C2018-3E-1A_S36.faa
# 0 hits found
# BLASTN 2.9.0+
# Query: NC_011593.1:c2620369-2619413 Bifidobacterium longum subsp. infantis ATCC 15697, complete genome
# Database: db/blast_C2018-3E-1A_S36.faa
# 0 hits found
# BLASTN 2.9.0+
# Query: NC_011593.1:c2622143-2620551 Bifidobacterium longum subsp. infantis ATCC 15697, complete genome
# Database: db/blast_C2018-3E-1A_S36.faa
# 0 hits found
# BLASTN 2.9.0+
# Query: NC_011593.1:c2624124-2622520 Bifidobacterium longum subsp. infantis ATCC 15697, complete genome
# Database: db/blast_C2018-3E-1A_S36.faa
# 0 hits found
# BLASTN 2.9.0+
# Query: NC_011593.1:c2626110-2624512 Bifidobacterium longum subsp. infantis ATCC 15697, complete genome
# Database: db/blast_C2018-3E-1A_S36.faa
# Fields: query acc.ver, subject acc.ver, % identity, alignment length, mismatches, gap opens, q. start, q. end, s. start, s. end, evalue, bit score
# 26 hits found
NC_011593.1:c2626110-2624512	NB551033:109:HG7V5BGX9:4:23402:5553:15227#0/2	100.000	30	0	0	1555	1584	39	68	1.42e-05	56.5
NC_011593.1:c2626110-2624512	NB551033:109:HG7V5BGX9:4:21405:14299:7477#0/2	100.000	30	0	0	1555	1584	56	27	1.42e-05	56.5
NC_011593.1:c2626110-2624512	NB551033:109:HG7V5BGX9:3:22608:23734:9595#0/2	100.000	30	0	0	1555	1584	106	77	1.42e-05	56.5
NC_011593.1:c2626110-2624512	NB551033:109:HG7V5BGX9:3:22602:9063:19126#0/2	100.000	30	0	0	1555	1584	53	24	1.42e-05	56.5
NC_011593.1:c2626110-2624512	NB551033:109:HG7V5BGX9:3:12402:12712:17153#0/2	100.000	30	0	0	1555	1584	91	62	1.42e-05	56.5
NC_011593.1:c2626110-2624512	NB551033:109:HG7V5BGX9:2:21310:13008:11959#0/2	100.000	30	0	0	1555	1584	39	10	1.42e-05	56.5
NC_011593.1:c2626110-2624512	NB551033:109:HG7V5BGX9:2:13111:20365:2053#0/2	100.000	30	0	0	1555	1584	91	62	1.42e-05	56.5
NC_011593.1:c2626110-2624512	NB551033:109:HG7V5BGX9:2:11209:23292:15202#0/2	100.000	30	0	0	1555	1584	39	68	1.42e-05	56.5
NC_011593.1:c2626110-2624512	NB551033:109:HG7V5BGX9:1:23310:10293:7032#0/2	100.000	30	0	0	1555	1584	19	48	1.42e-05	56.5
NC_011593.1:c2626110-2624512	NB551033:109:HG7V5BGX9:1:12210:2839:12269#0/2	100.000	30	0	0	1555	1584	83	54	1.42e-05	56.5
NC_011593.1:c2626110-2624512	NB551033:109:HG7V5BGX9:1:11305:1669:10557#0/2	100.000	30	0	0	1555	1584	52	81	1.42e-05	56.5
NC_011593.1:c2626110-2624512	NB551033:109:HG7V5BGX9:4:23402:5553:15227#0/1	100.000	30	0	0	1555	1584	50	21	1.42e-05	56.5
NC_011593.1:c2626110-2624512	NB551033:109:HG7V5BGX9:4:21405:14299:7477#0/1	100.000	30	0	0	1555	1584	29	58	1.42e-05	56.5
NC_011593.1:c2626110-2624512	NB551033:109:HG7V5BGX9:3:22608:23734:9595#0/1	100.000	30	0	0	1555	1584	24	53	1.42e-05	56.5
NC_011593.1:c2626110-2624512	NB551033:109:HG7V5BGX9:3:22602:9063:19126#0/1	100.000	30	0	0	1555	1584	79	108	1.42e-05	56.5
NC_011593.1:c2626110-2624512	NB551033:109:HG7V5BGX9:3:12402:12712:17153#0/1	100.000	30	0	0	1555	1584	79	108	1.42e-05	56.5
NC_011593.1:c2626110-2624512	NB551033:109:HG7V5BGX9:2:22208:26749:4746#0/1	100.000	30	0	0	1555	1584	30	1	1.42e-05	56.5
NC_011593.1:c2626110-2624512	NB551033:109:HG7V5BGX9:2:22207:1243:4750#0/1	100.000	30	0	0	1555	1584	30	1	1.42e-05	56.5
NC_011593.1:c2626110-2624512	NB551033:109:HG7V5BGX9:2:21310:13008:11959#0/1	100.000	30	0	0	1555	1584	39	68	1.42e-05	56.5
NC_011593.1:c2626110-2624512	NB551033:109:HG7V5BGX9:2:11209:23292:15202#0/1	100.000	30	0	0	1555	1584	56	27	1.42e-05	56.5
NC_011593.1:c2626110-2624512	NB551033:109:HG7V5BGX9:1:23310:10293:7032#0/1	100.000	30	0	0	1555	1584	45	16	1.42e-05	56.5
NC_011593.1:c2626110-2624512	NB551033:109:HG7V5BGX9:1:13102:19862:11293#0/1	100.000	30	0	0	1555	1584	56	85	1.42e-05	56.5
NC_011593.1:c2626110-2624512	NB551033:109:HG7V5BGX9:1:12210:2839:12269#0/1	100.000	30	0	0	1555	1584	19	48	1.42e-05	56.5
NC_011593.1:c2626110-2624512	NB551033:109:HG7V5BGX9:3:12406:14917:15321#0/2	100.000	29	0	0	1555	1583	50	22	5.11e-05	54.7
NC_011593.1:c2626110-2624512	NB551033:109:HG7V5BGX9:4:12610:21292:6055#0/2	100.000	28	0	0	1557	1584	1	28	1.84e-04	52.8
NC_011593.1:c2626110-2624512	NB551033:109:HG7V5BGX9:4:11403:18966:2580#0/2	100.000	28	0	0	1557	1584	1	28	1.84e-04	52.8
# BLASTN 2.9.0+
# Query: NC_011593.1:c2626386-2626264 Bifidobacterium longum subsp. infantis ATCC 15697, complete genome
# Database: db/blast_C2018-3E-1A_S36.faa
# 0 hits found
# BLASTN 2.9.0+
# Query: NC_011593.1:c2628158-2626563 Bifidobacterium longum subsp. infantis ATCC 15697, complete genome
# Database: db/blast_C2018-3E-1A_S36.faa
# 0 hits found
# BLASTN 2.9.0+
# Query: NC_011593.1:c2630269-2628314 Bifidobacterium longum subsp. infantis ATCC 15697, complete genome
# Database: db/blast_C2018-3E-1A_S36.faa
# 0 hits found
# BLASTN 2.9.0+
# Query: NC_011593.1:c2631106-2630366 Bifidobacterium longum subsp. infantis ATCC 15697, complete genome
# Database: db/blast_C2018-3E-1A_S36.faa
# 0 hits found
# BLASTN 2.9.0+
# Query: NC_011593.1:c2632432-2631140 Bifidobacterium longum subsp. infantis ATCC 15697, complete genome
# Database: db/blast_C2018-3E-1A_S36.faa
# 0 hits found
# BLASTN 2.9.0+
# Query: NC_011593.1:c2633881-2632562 Bifidobacterium longum subsp. infantis ATCC 15697, complete genome
# Database: db/blast_C2018-3E-1A_S36.faa
# 0 hits found
# BLASTN 2.9.0+
# Query: NC_011593.1:c2634683-2633865 Bifidobacterium longum subsp. infantis ATCC 15697, complete genome
# Database: db/blast_C2018-3E-1A_S36.faa
# 0 hits found
# BLASTN 2.9.0+
# Query: NC_011593.1:c2635627-2634680 Bifidobacterium longum subsp. infantis ATCC 15697, complete genome
# Database: db/blast_C2018-3E-1A_S36.faa
# 0 hits found
# BLASTN 2.9.0+
# Query: NC_011593.1:c2636747-2635629 Bifidobacterium longum subsp. infantis ATCC 15697, complete genome
# Database: db/blast_C2018-3E-1A_S36.faa
# 0 hits found
# BLAST processed 31 queries
