# BLASTN 2.9.0+
# Query: NC_011593.1:c2595355-2593832 Bifidobacterium longum subsp. infantis ATCC 15697, complete genome
# Database: db/blast_M0656-2F-1A_S63.faa
# Fields: query acc.ver, subject acc.ver, % identity, alignment length, mismatches, gap opens, q. start, q. end, s. start, s. end, evalue, bit score
# 82 hits found
NC_011593.1:c2595355-2593832	NB551033:107:HTJKNBGX7:2:23310:14665:19719#0/2	99.338	151	1	0	907	1057	1	151	2.42e-71	274
NC_011593.1:c2595355-2593832	NB551033:107:HTJKNBGX7:2:23310:14665:19719#0/1	99.338	151	1	0	931	1081	151	1	2.42e-71	274
NC_011593.1:c2595355-2593832	NB551033:107:HTJKNBGX7:4:13412:2799:7409#0/1	99.333	150	1	0	936	1085	150	1	8.72e-71	272
NC_011593.1:c2595355-2593832	NB551033:107:HTJKNBGX7:1:22109:13621:12522#0/2	98.667	150	2	0	444	593	150	1	4.06e-69	267
NC_011593.1:c2595355-2593832	NB551033:107:HTJKNBGX7:4:13603:17956:4961#0/1	98.667	150	2	0	444	593	150	1	4.06e-69	267
NC_011593.1:c2595355-2593832	NB551033:107:HTJKNBGX7:4:11506:23319:10763#0/1	98.667	150	2	0	419	568	150	1	4.06e-69	267
NC_011593.1:c2595355-2593832	NB551033:107:HTJKNBGX7:1:11207:25431:5816#0/1	98.667	150	2	0	738	887	1	150	4.06e-69	267
NC_011593.1:c2595355-2593832	NB551033:107:HTJKNBGX7:4:11401:17941:18071#0/2	98.000	150	3	0	1078	1227	150	1	1.89e-67	261
NC_011593.1:c2595355-2593832	NB551033:107:HTJKNBGX7:4:22603:20415:8097#0/1	98.000	150	3	0	1068	1217	1	150	1.89e-67	261
NC_011593.1:c2595355-2593832	NB551033:107:HTJKNBGX7:1:22109:13621:12522#0/1	98.639	147	2	0	387	533	1	147	1.89e-67	261
NC_011593.1:c2595355-2593832	NB551033:107:HTJKNBGX7:1:11207:25431:5816#0/2	97.973	148	3	0	766	913	148	1	2.44e-66	257
NC_011593.1:c2595355-2593832	NB551033:107:HTJKNBGX7:1:13307:10027:19440#0/1	98.621	145	2	0	933	1077	145	1	2.44e-66	257
NC_011593.1:c2595355-2593832	NB551033:107:HTJKNBGX7:1:13102:14389:15653#0/1	97.241	145	4	0	52	196	6	150	5.29e-63	246
NC_011593.1:c2595355-2593832	NB551033:107:HTJKNBGX7:3:13506:8592:3289#0/2	96.599	147	5	0	190	336	1	147	1.90e-62	244
NC_011593.1:c2595355-2593832	NB551033:107:HTJKNBGX7:1:13102:14389:15653#0/2	95.364	151	7	0	214	364	151	1	2.46e-61	241
NC_011593.1:c2595355-2593832	NB551033:107:HTJKNBGX7:4:21410:16206:12132#0/2	95.333	150	7	0	670	819	150	1	8.85e-61	239
NC_011593.1:c2595355-2593832	NB551033:107:HTJKNBGX7:4:11506:23319:10763#0/2	95.333	150	7	0	261	410	1	150	8.85e-61	239
NC_011593.1:c2595355-2593832	NB551033:107:HTJKNBGX7:4:13404:23510:3045#0/2	95.302	149	7	0	371	519	151	3	3.18e-60	237
NC_011593.1:c2595355-2593832	NB551033:107:HTJKNBGX7:1:13101:3395:16463#0/2	95.270	148	7	0	372	519	1	148	1.14e-59	235
NC_011593.1:c2595355-2593832	NB551033:107:HTJKNBGX7:1:12310:8838:2600#0/1	96.403	139	5	0	692	830	1	139	5.32e-58	230
NC_011593.1:c2595355-2593832	NB551033:107:HTJKNBGX7:2:22307:17017:19302#0/1	96.350	137	5	0	323	459	1	137	6.89e-57	226
NC_011593.1:c2595355-2593832	NB551033:107:HTJKNBGX7:4:13412:2799:7409#0/2	98.425	127	2	0	456	582	1	127	2.48e-56	224
NC_011593.1:c2595355-2593832	NB551033:107:HTJKNBGX7:2:11202:4920:3977#0/2	96.970	132	4	0	427	558	1	132	8.91e-56	222
NC_011593.1:c2595355-2593832	NB551033:107:HTJKNBGX7:1:12304:16638:17503#0/2	97.656	128	3	0	52	179	6	133	3.20e-55	220
NC_011593.1:c2595355-2593832	NB551033:107:HTJKNBGX7:1:11112:3850:8825#0/2	95.620	137	6	0	437	573	137	1	3.20e-55	220
NC_011593.1:c2595355-2593832	NB551033:107:HTJKNBGX7:4:23505:8821:11758#0/1	95.000	140	7	0	670	809	140	1	3.20e-55	220
NC_011593.1:c2595355-2593832	NB551033:107:HTJKNBGX7:4:11401:17941:18071#0/1	96.947	131	4	0	869	999	1	131	3.20e-55	220
NC_011593.1:c2595355-2593832	NB551033:107:HTJKNBGX7:3:12408:9912:5978#0/2	96.923	130	4	0	429	558	1	130	1.15e-54	219
NC_011593.1:c2595355-2593832	NB551033:107:HTJKNBGX7:2:11101:17221:20332#0/2	95.588	136	6	0	439	574	136	1	1.15e-54	219
NC_011593.1:c2595355-2593832	NB551033:107:HTJKNBGX7:1:23104:6880:10647#0/1	96.212	132	5	0	699	830	1	132	4.14e-54	217
NC_011593.1:c2595355-2593832	NB551033:107:HTJKNBGX7:3:21611:12825:15879#0/2	96.875	128	4	0	431	558	1	128	1.49e-53	215
NC_011593.1:c2595355-2593832	NB551033:107:HTJKNBGX7:4:12505:20095:11693#0/2	95.489	133	6	0	377	509	1	133	5.36e-53	213
NC_011593.1:c2595355-2593832	NB551033:107:HTJKNBGX7:3:12608:10577:6888#0/2	96.825	126	4	0	1345	1470	151	26	1.93e-52	211
NC_011593.1:c2595355-2593832	NB551033:107:HTJKNBGX7:4:13410:10449:16699#0/1	96.800	125	4	0	434	558	1	125	6.94e-52	209
NC_011593.1:c2595355-2593832	NB551033:107:HTJKNBGX7:2:12212:3032:9881#0/1	99.138	116	1	0	923	1038	116	1	6.94e-52	209
NC_011593.1:c2595355-2593832	NB551033:107:HTJKNBGX7:2:21312:25261:7969#0/2	97.521	121	3	0	1262	1382	1	121	2.49e-51	207
NC_011593.1:c2595355-2593832	NB551033:107:HTJKNBGX7:1:11112:3850:8825#0/1	95.385	130	6	0	437	566	1	130	2.49e-51	207
NC_011593.1:c2595355-2593832	NB551033:107:HTJKNBGX7:2:12101:22079:12376#0/1	95.968	124	5	0	707	830	1	124	1.16e-49	202
NC_011593.1:c2595355-2593832	NB551033:107:HTJKNBGX7:2:11101:17221:20332#0/1	96.667	120	4	0	439	558	1	120	4.17e-49	200
NC_011593.1:c2595355-2593832	NB551033:107:HTJKNBGX7:3:22504:6342:17448#0/2	95.902	122	5	0	272	393	1	122	1.50e-48	198
NC_011593.1:c2595355-2593832	NB551033:107:HTJKNBGX7:3:11412:13171:3316#0/2	99.065	107	1	0	976	1082	107	1	6.98e-47	193
NC_011593.1:c2595355-2593832	NB551033:107:HTJKNBGX7:4:12601:14731:5726#0/2	98.148	108	2	0	94	201	1	108	9.04e-46	189
NC_011593.1:c2595355-2593832	NB551033:107:HTJKNBGX7:4:21408:25796:13497#0/2	96.460	113	4	0	707	819	1	113	3.25e-45	187
NC_011593.1:c2595355-2593832	NB551033:107:HTJKNBGX7:4:21408:25796:13497#0/1	96.460	113	4	0	707	819	113	1	3.25e-45	187
NC_011593.1:c2595355-2593832	NB551033:107:HTJKNBGX7:3:22504:6342:17448#0/1	100.000	99	0	0	406	504	99	1	4.20e-44	183
NC_011593.1:c2595355-2593832	NB551033:107:HTJKNBGX7:1:12304:16638:17503#0/1	97.196	107	3	0	77	183	107	1	1.51e-43	182
NC_011593.1:c2595355-2593832	NB551033:107:HTJKNBGX7:4:13503:10565:4704#0/2	97.170	106	3	0	62	167	1	106	5.44e-43	180
NC_011593.1:c2595355-2593832	NB551033:107:HTJKNBGX7:4:13503:10565:4704#0/1	97.170	106	3	0	62	167	106	1	5.44e-43	180
NC_011593.1:c2595355-2593832	NB551033:107:HTJKNBGX7:1:22205:3514:19318#0/2	96.154	104	4	0	377	480	1	104	3.27e-40	171
NC_011593.1:c2595355-2593832	NB551033:107:HTJKNBGX7:2:13109:5276:12612#0/1	96.154	104	4	0	727	830	1	104	3.27e-40	171
NC_011593.1:c2595355-2593832	NB551033:107:HTJKNBGX7:4:22505:25605:5037#0/2	96.117	103	4	0	707	809	1	103	1.18e-39	169
NC_011593.1:c2595355-2593832	NB551033:107:HTJKNBGX7:4:11605:3282:13801#0/2	96.117	103	4	0	707	809	1	103	1.18e-39	169
NC_011593.1:c2595355-2593832	NB551033:107:HTJKNBGX7:4:22505:25605:5037#0/1	96.117	103	4	0	707	809	103	1	1.18e-39	169
NC_011593.1:c2595355-2593832	NB551033:107:HTJKNBGX7:4:11605:3282:13801#0/1	96.117	103	4	0	707	809	103	1	1.18e-39	169
NC_011593.1:c2595355-2593832	NB551033:107:HTJKNBGX7:4:22603:20415:8097#0/2	96.939	98	3	0	1274	1371	98	1	1.52e-38	165
NC_011593.1:c2595355-2593832	NB551033:107:HTJKNBGX7:1:11105:6818:3089#0/2	98.876	89	1	0	114	202	1	89	7.08e-37	159
NC_011593.1:c2595355-2593832	NB551033:107:HTJKNBGX7:1:11105:6818:3089#0/1	98.876	89	1	0	114	202	89	1	7.08e-37	159
NC_011593.1:c2595355-2593832	NB551033:107:HTJKNBGX7:2:22307:17017:19302#0/2	98.864	88	1	0	395	482	88	1	2.55e-36	158
NC_011593.1:c2595355-2593832	NB551033:107:HTJKNBGX7:4:12505:5122:20058#0/1	96.774	93	3	0	727	819	93	1	9.16e-36	156
NC_011593.1:c2595355-2593832	NB551033:107:HTJKNBGX7:4:13603:17956:4961#0/2	95.789	95	4	0	347	441	1	95	3.30e-35	154
NC_011593.1:c2595355-2593832	NB551033:107:HTJKNBGX7:3:21510:4036:9749#0/1	95.789	95	4	0	499	593	95	1	3.30e-35	154
NC_011593.1:c2595355-2593832	NB551033:107:HTJKNBGX7:1:11103:16834:9982#0/1	95.789	95	4	0	736	830	1	95	3.30e-35	154
NC_011593.1:c2595355-2593832	NB551033:107:HTJKNBGX7:3:13511:22774:2590#0/1	96.703	91	3	0	1380	1470	1	91	1.19e-34	152
NC_011593.1:c2595355-2593832	NB551033:107:HTJKNBGX7:3:13511:22774:2590#0/2	96.667	90	3	0	1381	1470	135	46	4.26e-34	150
NC_011593.1:c2595355-2593832	NB551033:107:HTJKNBGX7:1:13307:10027:19440#0/2	98.795	83	1	0	934	1016	1	83	1.53e-33	148
NC_011593.1:c2595355-2593832	NB551033:107:HTJKNBGX7:3:11412:13171:3316#0/1	98.765	81	1	0	975	1055	1	81	1.98e-32	145
NC_011593.1:c2595355-2593832	NB551033:107:HTJKNBGX7:1:22205:3514:19318#0/1	95.556	90	4	0	391	480	90	1	1.98e-32	145
NC_011593.1:c2595355-2593832	NB551033:107:HTJKNBGX7:2:12212:3032:9881#0/2	97.590	83	2	0	891	973	1	83	7.13e-32	143
NC_011593.1:c2595355-2593832	NB551033:107:HTJKNBGX7:3:12608:10577:6888#0/1	96.386	83	3	0	1286	1368	1	83	3.32e-30	137
NC_011593.1:c2595355-2593832	NB551033:107:HTJKNBGX7:1:12108:10410:19760#0/2	96.296	81	3	0	692	772	1	81	4.29e-29	134
NC_011593.1:c2595355-2593832	NB551033:107:HTJKNBGX7:1:12108:10410:19760#0/1	96.296	81	3	0	692	772	81	1	4.29e-29	134
NC_011593.1:c2595355-2593832	NB551033:107:HTJKNBGX7:3:13605:14117:1280#0/1	95.181	83	4	0	403	485	83	1	1.54e-28	132
NC_011593.1:c2595355-2593832	NB551033:107:HTJKNBGX7:4:12505:5122:20058#0/2	96.203	79	3	0	727	805	1	79	5.55e-28	130
NC_011593.1:c2595355-2593832	NB551033:107:HTJKNBGX7:3:13605:14117:1280#0/2	95.122	82	4	0	403	484	1	82	5.55e-28	130
NC_011593.1:c2595355-2593832	NB551033:107:HTJKNBGX7:4:22403:16471:9000#0/2	95.000	80	4	0	271	350	1	80	7.19e-27	126
NC_011593.1:c2595355-2593832	NB551033:107:HTJKNBGX7:1:22202:12361:6360#0/2	97.297	74	2	0	757	830	2	75	7.19e-27	126
NC_011593.1:c2595355-2593832	NB551033:107:HTJKNBGX7:3:12410:3448:3680#0/1	97.260	73	2	0	758	830	1	73	2.58e-26	124
NC_011593.1:c2595355-2593832	NB551033:107:HTJKNBGX7:2:13103:6266:14145#0/1	96.053	76	3	0	707	782	1	76	2.58e-26	124
NC_011593.1:c2595355-2593832	NB551033:107:HTJKNBGX7:2:22305:25856:7150#0/1	95.946	74	3	0	485	558	1	74	3.34e-25	121
NC_011593.1:c2595355-2593832	NB551033:107:HTJKNBGX7:3:13610:25111:8867#0/2	97.059	68	2	0	763	830	1	68	1.56e-23	115
NC_011593.1:c2595355-2593832	NB551033:107:HTJKNBGX7:2:13102:16381:11375#0/1	95.775	71	3	0	488	558	1	71	1.56e-23	115
NC_011593.1:c2595355-2593832	NB551033:107:HTJKNBGX7:4:21511:15339:15376#0/1	96.825	63	2	0	768	830	1	63	9.36e-21	106
# BLASTN 2.9.0+
# Query: NC_011593.1:c2597106-2595574 Bifidobacterium longum subsp. infantis ATCC 15697, complete genome
# Database: db/blast_M0656-2F-1A_S63.faa
# Fields: query acc.ver, subject acc.ver, % identity, alignment length, mismatches, gap opens, q. start, q. end, s. start, s. end, evalue, bit score
# 16 hits found
NC_011593.1:c2597106-2595574	NB551033:107:HTJKNBGX7:1:22109:13621:12522#0/1	95.238	147	7	0	387	533	1	147	4.14e-59	233
NC_011593.1:c2597106-2595574	NB551033:107:HTJKNBGX7:2:11202:4920:3977#0/2	95.349	129	6	0	427	555	1	129	9.03e-51	206
NC_011593.1:c2597106-2595574	NB551033:107:HTJKNBGX7:3:12408:9912:5978#0/2	95.276	127	6	0	429	555	1	127	1.17e-49	202
NC_011593.1:c2597106-2595574	NB551033:107:HTJKNBGX7:3:21611:12825:15879#0/2	95.200	125	6	0	431	555	1	125	1.51e-48	198
NC_011593.1:c2597106-2595574	NB551033:107:HTJKNBGX7:1:13102:14389:15653#0/2	95.000	120	6	0	214	333	151	32	9.09e-46	189
NC_011593.1:c2597106-2595574	NB551033:107:HTJKNBGX7:3:23407:13001:16728#0/1	95.536	112	5	0	398	509	112	1	5.47e-43	180
NC_011593.1:c2597106-2595574	NB551033:107:HTJKNBGX7:3:13509:10540:16734#0/1	95.536	112	5	0	398	509	112	1	5.47e-43	180
NC_011593.1:c2597106-2595574	NB551033:107:HTJKNBGX7:3:22504:6342:17448#0/1	98.990	99	1	0	406	504	99	1	1.97e-42	178
NC_011593.1:c2597106-2595574	NB551033:107:HTJKNBGX7:2:22307:17017:19302#0/2	98.824	85	1	0	398	482	85	1	1.19e-34	152
NC_011593.1:c2597106-2595574	NB551033:107:HTJKNBGX7:3:13605:14117:1280#0/1	95.181	83	4	0	403	485	83	1	1.55e-28	132
NC_011593.1:c2597106-2595574	NB551033:107:HTJKNBGX7:3:13605:14117:1280#0/2	95.122	82	4	0	403	484	1	82	5.59e-28	130
NC_011593.1:c2597106-2595574	NB551033:107:HTJKNBGX7:3:21403:16349:7954#0/1	95.122	82	4	0	150	231	82	1	5.59e-28	130
NC_011593.1:c2597106-2595574	NB551033:107:HTJKNBGX7:4:21408:25796:13497#0/2	95.588	68	3	0	752	819	46	113	7.28e-22	110
NC_011593.1:c2597106-2595574	NB551033:107:HTJKNBGX7:4:21408:25796:13497#0/1	95.588	68	3	0	752	819	68	1	7.28e-22	110
NC_011593.1:c2597106-2595574	NB551033:107:HTJKNBGX7:4:12505:5122:20058#0/1	95.588	68	3	0	752	819	68	1	7.28e-22	110
NC_011593.1:c2597106-2595574	NB551033:107:HTJKNBGX7:4:22403:16471:9000#0/2	98.276	58	1	0	273	330	3	60	1.22e-19	102
# BLASTN 2.9.0+
# Query: NC_011593.1:c2598562-2597207 Bifidobacterium longum subsp. infantis ATCC 15697, complete genome
# Database: db/blast_M0656-2F-1A_S63.faa
# Fields: query acc.ver, subject acc.ver, % identity, alignment length, mismatches, gap opens, q. start, q. end, s. start, s. end, evalue, bit score
# 145 hits found
NC_011593.1:c2598562-2597207	NB551033:107:HTJKNBGX7:4:11607:19757:2327#0/2	100.000	151	0	0	119	269	1	151	4.63e-73	279
NC_011593.1:c2598562-2597207	NB551033:107:HTJKNBGX7:3:23606:19644:1899#0/2	100.000	151	0	0	805	955	1	151	4.63e-73	279
NC_011593.1:c2598562-2597207	NB551033:107:HTJKNBGX7:2:23308:1762:7395#0/2	100.000	151	0	0	910	1060	1	151	4.63e-73	279
NC_011593.1:c2598562-2597207	NB551033:107:HTJKNBGX7:4:22403:6947:9572#0/2	100.000	150	0	0	844	993	150	1	1.66e-72	278
NC_011593.1:c2598562-2597207	NB551033:107:HTJKNBGX7:4:21612:8869:9412#0/2	100.000	150	0	0	240	389	1	150	1.66e-72	278
NC_011593.1:c2598562-2597207	NB551033:107:HTJKNBGX7:3:22606:2484:16214#0/2	100.000	150	0	0	39	188	1	150	1.66e-72	278
NC_011593.1:c2598562-2597207	NB551033:107:HTJKNBGX7:3:23606:19644:1899#0/1	100.000	150	0	0	819	968	150	1	1.66e-72	278
NC_011593.1:c2598562-2597207	NB551033:107:HTJKNBGX7:3:22611:2380:1826#0/1	100.000	150	0	0	809	958	150	1	1.66e-72	278
NC_011593.1:c2598562-2597207	NB551033:107:HTJKNBGX7:3:22606:2484:16214#0/1	100.000	150	0	0	50	199	150	1	1.66e-72	278
NC_011593.1:c2598562-2597207	NB551033:107:HTJKNBGX7:2:12306:23358:17339#0/1	100.000	150	0	0	504	653	1	150	1.66e-72	278
NC_011593.1:c2598562-2597207	NB551033:107:HTJKNBGX7:1:22110:25365:12129#0/1	100.000	150	0	0	844	993	150	1	1.66e-72	278
NC_011593.1:c2598562-2597207	NB551033:107:HTJKNBGX7:3:13604:18674:4445#0/2	100.000	149	0	0	738	886	1	149	5.98e-72	276
NC_011593.1:c2598562-2597207	NB551033:107:HTJKNBGX7:4:13401:9960:2853#0/1	100.000	149	0	0	186	334	1	149	5.98e-72	276
NC_011593.1:c2598562-2597207	NB551033:107:HTJKNBGX7:2:11309:16715:5526#0/2	100.000	148	0	0	147	294	1	148	2.15e-71	274
NC_011593.1:c2598562-2597207	NB551033:107:HTJKNBGX7:3:11605:7406:4243#0/1	100.000	148	0	0	27	174	148	1	2.15e-71	274
NC_011593.1:c2598562-2597207	NB551033:107:HTJKNBGX7:4:22512:25384:7756#0/2	99.333	150	1	0	254	403	1	150	7.74e-71	272
NC_011593.1:c2598562-2597207	NB551033:107:HTJKNBGX7:4:11606:12644:9630#0/2	99.333	150	1	0	689	838	1	150	7.74e-71	272
NC_011593.1:c2598562-2597207	NB551033:107:HTJKNBGX7:3:13604:6705:19968#0/1	99.333	150	1	0	533	682	1	150	7.74e-71	272
NC_011593.1:c2598562-2597207	NB551033:107:HTJKNBGX7:3:22611:2380:1826#0/2	100.000	146	0	0	809	954	1	146	2.78e-70	270
NC_011593.1:c2598562-2597207	NB551033:107:HTJKNBGX7:1:22306:12088:12278#0/2	100.000	145	0	0	795	939	1	145	1.00e-69	268
NC_011593.1:c2598562-2597207	NB551033:107:HTJKNBGX7:1:22306:12088:12278#0/1	99.310	145	1	0	795	939	145	1	4.66e-68	263
NC_011593.1:c2598562-2597207	NB551033:107:HTJKNBGX7:2:13204:24608:15042#0/2	100.000	141	0	0	1216	1356	1	141	1.68e-67	261
NC_011593.1:c2598562-2597207	NB551033:107:HTJKNBGX7:3:13604:18674:4445#0/1	100.000	141	0	0	799	939	141	1	1.68e-67	261
NC_011593.1:c2598562-2597207	NB551033:107:HTJKNBGX7:4:11505:5750:11376#0/2	100.000	140	0	0	1	140	140	1	6.03e-67	259
NC_011593.1:c2598562-2597207	NB551033:107:HTJKNBGX7:3:13604:6705:19968#0/2	100.000	139	0	0	590	728	139	1	2.17e-66	257
NC_011593.1:c2598562-2597207	NB551033:107:HTJKNBGX7:2:22301:4368:2705#0/1	99.286	140	1	0	301	440	1	140	2.80e-65	254
NC_011593.1:c2598562-2597207	NB551033:107:HTJKNBGX7:1:12306:15550:18077#0/1	98.592	142	2	0	600	741	1	142	1.01e-64	252
NC_011593.1:c2598562-2597207	NB551033:107:HTJKNBGX7:2:12108:6600:1839#0/1	100.000	135	0	0	287	421	1	135	3.63e-64	250
NC_011593.1:c2598562-2597207	NB551033:107:HTJKNBGX7:3:22510:13220:3249#0/2	100.000	134	0	0	766	899	1	134	1.30e-63	248
NC_011593.1:c2598562-2597207	NB551033:107:HTJKNBGX7:2:12107:17202:3537#0/2	99.270	137	1	0	1209	1345	137	1	1.30e-63	248
NC_011593.1:c2598562-2597207	NB551033:107:HTJKNBGX7:3:12506:9233:6861#0/1	100.000	134	0	0	1064	1197	134	1	1.30e-63	248
NC_011593.1:c2598562-2597207	NB551033:107:HTJKNBGX7:3:13408:10185:11103#0/2	100.000	133	0	0	626	758	1	133	4.69e-63	246
NC_011593.1:c2598562-2597207	NB551033:107:HTJKNBGX7:2:22105:5042:18277#0/2	100.000	132	0	0	933	1064	149	18	1.69e-62	244
NC_011593.1:c2598562-2597207	NB551033:107:HTJKNBGX7:1:11211:26135:17819#0/2	99.237	131	1	0	719	849	131	1	2.82e-60	237
NC_011593.1:c2598562-2597207	NB551033:107:HTJKNBGX7:3:21506:5921:15783#0/2	100.000	126	0	0	39	164	1	126	3.65e-59	233
NC_011593.1:c2598562-2597207	NB551033:107:HTJKNBGX7:3:21506:5921:15783#0/1	100.000	126	0	0	39	164	126	1	3.65e-59	233
NC_011593.1:c2598562-2597207	NB551033:107:HTJKNBGX7:2:23307:22085:11803#0/2	100.000	125	0	0	1232	1356	1	125	1.31e-58	231
NC_011593.1:c2598562-2597207	NB551033:107:HTJKNBGX7:3:22407:13271:19195#0/1	100.000	124	0	0	1110	1233	124	1	4.73e-58	230
NC_011593.1:c2598562-2597207	NB551033:107:HTJKNBGX7:3:11605:7406:4243#0/2	100.000	123	0	0	1	123	28	150	1.70e-57	228
NC_011593.1:c2598562-2597207	NB551033:107:HTJKNBGX7:4:12408:12644:1053#0/2	100.000	122	0	0	1090	1211	122	1	6.11e-57	226
NC_011593.1:c2598562-2597207	NB551033:107:HTJKNBGX7:2:21203:11059:6658#0/2	99.200	125	1	0	1194	1318	125	1	6.11e-57	226
NC_011593.1:c2598562-2597207	NB551033:107:HTJKNBGX7:4:12408:12644:1053#0/1	100.000	122	0	0	1090	1211	1	122	6.11e-57	226
NC_011593.1:c2598562-2597207	NB551033:107:HTJKNBGX7:2:13105:18301:12211#0/2	100.000	121	0	0	654	774	121	1	2.20e-56	224
NC_011593.1:c2598562-2597207	NB551033:107:HTJKNBGX7:2:13105:18301:12211#0/1	100.000	121	0	0	654	774	1	121	2.20e-56	224
NC_011593.1:c2598562-2597207	NB551033:107:HTJKNBGX7:3:22501:2488:14721#0/2	100.000	118	0	0	887	1004	1	118	1.02e-54	219
NC_011593.1:c2598562-2597207	NB551033:107:HTJKNBGX7:2:11212:4349:8045#0/2	99.180	122	0	1	828	949	121	1	1.02e-54	219
NC_011593.1:c2598562-2597207	NB551033:107:HTJKNBGX7:2:11304:26119:11732#0/2	99.167	120	1	0	388	507	1	120	3.68e-54	217
NC_011593.1:c2598562-2597207	NB551033:107:HTJKNBGX7:1:22110:20212:2999#0/2	100.000	115	0	0	950	1064	1	115	4.76e-53	213
NC_011593.1:c2598562-2597207	NB551033:107:HTJKNBGX7:1:22110:20212:2999#0/1	100.000	115	0	0	950	1064	127	13	4.76e-53	213
NC_011593.1:c2598562-2597207	NB551033:107:HTJKNBGX7:4:21409:3979:10386#0/1	100.000	114	0	0	951	1064	150	37	1.71e-52	211
NC_011593.1:c2598562-2597207	NB551033:107:HTJKNBGX7:1:11203:18880:20137#0/1	98.333	120	2	0	778	897	120	1	1.71e-52	211
NC_011593.1:c2598562-2597207	NB551033:107:HTJKNBGX7:4:11408:6145:10512#0/2	100.000	113	0	0	936	1048	1	113	6.16e-52	209
NC_011593.1:c2598562-2597207	NB551033:107:HTJKNBGX7:2:12304:8573:5731#0/2	100.000	113	0	0	43	155	113	1	6.16e-52	209
NC_011593.1:c2598562-2597207	NB551033:107:HTJKNBGX7:2:23209:17748:11941#0/1	100.000	113	0	0	766	878	113	1	6.16e-52	209
NC_011593.1:c2598562-2597207	NB551033:107:HTJKNBGX7:2:12304:8573:5731#0/1	100.000	113	0	0	43	155	1	113	6.16e-52	209
NC_011593.1:c2598562-2597207	NB551033:107:HTJKNBGX7:2:21203:11059:6658#0/1	100.000	112	0	0	1060	1171	25	136	2.21e-51	207
NC_011593.1:c2598562-2597207	NB551033:107:HTJKNBGX7:4:21401:4695:1221#0/2	100.000	110	0	0	1143	1252	138	29	2.86e-50	204
NC_011593.1:c2598562-2597207	NB551033:107:HTJKNBGX7:3:13607:6936:13103#0/2	99.115	113	1	0	920	1032	113	1	2.86e-50	204
NC_011593.1:c2598562-2597207	NB551033:107:HTJKNBGX7:4:21401:4695:1221#0/1	100.000	110	0	0	1143	1252	1	110	2.86e-50	204
NC_011593.1:c2598562-2597207	NB551033:107:HTJKNBGX7:4:13401:9960:2853#0/2	98.261	115	2	0	308	422	115	1	1.03e-49	202
NC_011593.1:c2598562-2597207	NB551033:107:HTJKNBGX7:4:21412:23761:8665#0/1	98.261	115	2	0	311	425	1	115	1.03e-49	202
NC_011593.1:c2598562-2597207	NB551033:107:HTJKNBGX7:3:13408:10185:11103#0/1	100.000	109	0	0	695	803	109	1	1.03e-49	202
NC_011593.1:c2598562-2597207	NB551033:107:HTJKNBGX7:2:23209:17748:11941#0/2	99.099	111	1	0	645	755	1	111	3.70e-49	200
NC_011593.1:c2598562-2597207	NB551033:107:HTJKNBGX7:4:11607:19757:2327#0/1	100.000	108	0	0	315	422	108	1	3.70e-49	200
NC_011593.1:c2598562-2597207	NB551033:107:HTJKNBGX7:4:11407:2131:14479#0/1	100.000	108	0	0	1249	1356	145	38	3.70e-49	200
NC_011593.1:c2598562-2597207	NB551033:107:HTJKNBGX7:4:22603:17854:16162#0/1	100.000	107	0	0	1250	1356	150	44	1.33e-48	198
NC_011593.1:c2598562-2597207	NB551033:107:HTJKNBGX7:2:23307:22085:11803#0/1	100.000	107	0	0	1250	1356	150	44	1.33e-48	198
NC_011593.1:c2598562-2597207	NB551033:107:HTJKNBGX7:2:22105:5042:18277#0/1	100.000	107	0	0	920	1026	1	107	1.33e-48	198
NC_011593.1:c2598562-2597207	NB551033:107:HTJKNBGX7:4:11507:16620:1516#0/1	100.000	106	0	0	1060	1165	45	150	4.79e-48	196
NC_011593.1:c2598562-2597207	NB551033:107:HTJKNBGX7:2:21209:22634:17390#0/1	100.000	105	0	0	500	604	1	105	1.72e-47	195
NC_011593.1:c2598562-2597207	NB551033:107:HTJKNBGX7:4:12607:12059:14124#0/2	99.065	107	1	0	862	968	107	1	6.20e-47	193
NC_011593.1:c2598562-2597207	NB551033:107:HTJKNBGX7:3:13607:6936:13103#0/1	99.065	107	1	0	920	1026	1	107	6.20e-47	193
NC_011593.1:c2598562-2597207	NB551033:107:HTJKNBGX7:1:11211:26135:17819#0/1	100.000	104	0	0	533	636	1	104	6.20e-47	193
NC_011593.1:c2598562-2597207	NB551033:107:HTJKNBGX7:2:11212:4349:8045#0/1	100.000	102	0	0	566	667	1	102	8.02e-46	189
NC_011593.1:c2598562-2597207	NB551033:107:HTJKNBGX7:3:12609:18549:15428#0/2	100.000	101	0	0	1	101	101	1	2.88e-45	187
NC_011593.1:c2598562-2597207	NB551033:107:HTJKNBGX7:2:21209:22634:17390#0/2	100.000	100	0	0	798	897	100	1	1.04e-44	185
NC_011593.1:c2598562-2597207	NB551033:107:HTJKNBGX7:2:23308:1762:7395#0/1	100.000	100	0	0	965	1064	142	43	1.04e-44	185
NC_011593.1:c2598562-2597207	NB551033:107:HTJKNBGX7:2:13306:21708:15874#0/2	100.000	99	0	0	689	787	1	99	3.73e-44	183
NC_011593.1:c2598562-2597207	NB551033:107:HTJKNBGX7:3:11612:13592:12442#0/1	99.020	102	1	0	689	790	1	102	3.73e-44	183
NC_011593.1:c2598562-2597207	NB551033:107:HTJKNBGX7:2:12205:23942:13618#0/2	100.000	98	0	0	967	1064	1	98	1.34e-43	182
NC_011593.1:c2598562-2597207	NB551033:107:HTJKNBGX7:2:13203:23231:8877#0/2	100.000	96	0	0	670	765	96	1	1.74e-42	178
NC_011593.1:c2598562-2597207	NB551033:107:HTJKNBGX7:4:22611:22000:16011#0/1	100.000	96	0	0	1261	1356	1	96	1.74e-42	178
NC_011593.1:c2598562-2597207	NB551033:107:HTJKNBGX7:2:21110:11562:13452#0/1	100.000	96	0	0	352	447	1	96	1.74e-42	178
NC_011593.1:c2598562-2597207	NB551033:107:HTJKNBGX7:4:21409:3979:10386#0/2	100.000	95	0	0	910	1004	1	95	6.24e-42	176
NC_011593.1:c2598562-2597207	NB551033:107:HTJKNBGX7:4:13503:2755:7949#0/1	100.000	94	0	0	1061	1154	94	1	2.25e-41	174
NC_011593.1:c2598562-2597207	NB551033:107:HTJKNBGX7:2:21110:11562:13452#0/2	100.000	93	0	0	355	447	93	1	8.08e-41	172
NC_011593.1:c2598562-2597207	NB551033:107:HTJKNBGX7:4:11408:6145:10512#0/1	100.000	91	0	0	958	1048	91	1	1.04e-39	169
NC_011593.1:c2598562-2597207	NB551033:107:HTJKNBGX7:2:22301:4368:2705#0/2	100.000	90	0	0	351	440	90	1	3.76e-39	167
NC_011593.1:c2598562-2597207	NB551033:107:HTJKNBGX7:4:11606:12644:9630#0/1	100.000	88	0	0	945	1032	88	1	4.86e-38	163
NC_011593.1:c2598562-2597207	NB551033:107:HTJKNBGX7:4:12505:20359:11487#0/1	100.000	87	0	0	1270	1356	1	87	1.75e-37	161
NC_011593.1:c2598562-2597207	NB551033:107:HTJKNBGX7:2:13203:23231:8877#0/1	100.000	87	0	0	670	756	1	87	1.75e-37	161
NC_011593.1:c2598562-2597207	NB551033:107:HTJKNBGX7:4:12612:15699:9078#0/2	100.000	85	0	0	1060	1144	25	109	2.26e-36	158
NC_011593.1:c2598562-2597207	NB551033:107:HTJKNBGX7:4:12612:15699:9078#0/1	100.000	85	0	0	1060	1144	85	1	2.26e-36	158
NC_011593.1:c2598562-2597207	NB551033:107:HTJKNBGX7:2:12205:23942:13618#0/1	100.000	85	0	0	980	1064	151	67	2.26e-36	158
NC_011593.1:c2598562-2597207	NB551033:107:HTJKNBGX7:2:11308:19846:15828#0/1	100.000	85	0	0	1060	1144	85	1	2.26e-36	158
NC_011593.1:c2598562-2597207	NB551033:107:HTJKNBGX7:3:22510:13220:3249#0/1	98.851	87	1	0	813	899	87	1	8.13e-36	156
NC_011593.1:c2598562-2597207	NB551033:107:HTJKNBGX7:3:22501:2488:14721#0/1	100.000	84	0	0	921	1004	84	1	8.13e-36	156
NC_011593.1:c2598562-2597207	NB551033:107:HTJKNBGX7:2:12306:23358:17339#0/2	100.000	83	0	0	589	671	83	1	2.93e-35	154
NC_011593.1:c2598562-2597207	NB551033:107:HTJKNBGX7:4:12607:12059:14124#0/1	100.000	83	0	0	781	863	41	123	2.93e-35	154
NC_011593.1:c2598562-2597207	NB551033:107:HTJKNBGX7:3:13604:23915:13911#0/1	98.837	86	1	0	698	783	1	86	2.93e-35	154
NC_011593.1:c2598562-2597207	NB551033:107:HTJKNBGX7:2:23103:17806:16741#0/2	98.824	85	1	0	1058	1142	66	150	1.05e-34	152
NC_011593.1:c2598562-2597207	NB551033:107:HTJKNBGX7:2:23103:17806:16741#0/1	100.000	81	0	0	1126	1206	81	1	3.78e-34	150
NC_011593.1:c2598562-2597207	NB551033:107:HTJKNBGX7:4:21612:8869:9412#0/1	98.795	83	1	0	343	425	83	1	1.36e-33	148
NC_011593.1:c2598562-2597207	NB551033:107:HTJKNBGX7:3:22409:2638:1661#0/1	100.000	80	0	0	491	570	80	1	1.36e-33	148
NC_011593.1:c2598562-2597207	NB551033:107:HTJKNBGX7:2:11309:16715:5526#0/1	100.000	80	0	0	318	397	80	1	1.36e-33	148
NC_011593.1:c2598562-2597207	NB551033:107:HTJKNBGX7:4:13610:25655:18361#0/1	100.000	79	0	0	824	902	79	1	4.90e-33	147
NC_011593.1:c2598562-2597207	NB551033:107:HTJKNBGX7:1:11203:18880:20137#0/2	100.000	77	0	0	689	765	1	77	6.33e-32	143
NC_011593.1:c2598562-2597207	NB551033:107:HTJKNBGX7:2:11304:26119:11732#0/1	100.000	77	0	0	498	574	77	1	6.33e-32	143
NC_011593.1:c2598562-2597207	NB551033:107:HTJKNBGX7:3:22409:2638:1661#0/2	96.429	84	3	0	447	530	1	84	8.19e-31	139
NC_011593.1:c2598562-2597207	NB551033:107:HTJKNBGX7:2:12108:6600:1839#0/2	100.000	75	0	0	403	477	75	1	8.19e-31	139
NC_011593.1:c2598562-2597207	NB551033:107:HTJKNBGX7:2:23202:25230:13866#0/2	100.000	74	0	0	1061	1134	74	1	2.95e-30	137
NC_011593.1:c2598562-2597207	NB551033:107:HTJKNBGX7:1:12306:15550:18077#0/2	98.701	77	1	0	714	790	108	32	2.95e-30	137
NC_011593.1:c2598562-2597207	NB551033:107:HTJKNBGX7:4:21412:23761:8665#0/2	98.630	73	1	0	498	570	73	1	4.93e-28	130
NC_011593.1:c2598562-2597207	NB551033:107:HTJKNBGX7:4:22512:25384:7756#0/1	98.630	73	1	0	498	570	73	1	4.93e-28	130
NC_011593.1:c2598562-2597207	NB551033:107:HTJKNBGX7:1:11308:14487:1571#0/1	100.000	70	0	0	1249	1318	70	1	4.93e-28	130
NC_011593.1:c2598562-2597207	NB551033:107:HTJKNBGX7:1:23307:11725:10385#0/2	100.000	69	0	0	996	1064	1	69	1.77e-27	128
NC_011593.1:c2598562-2597207	NB551033:107:HTJKNBGX7:1:23307:11725:10385#0/1	100.000	69	0	0	996	1064	135	67	1.77e-27	128
NC_011593.1:c2598562-2597207	NB551033:107:HTJKNBGX7:1:22212:17062:6902#0/1	100.000	67	0	0	1	67	67	1	2.29e-26	124
NC_011593.1:c2598562-2597207	NB551033:107:HTJKNBGX7:4:21410:19075:17005#0/2	98.507	67	1	0	1	67	67	133	1.07e-24	119
NC_011593.1:c2598562-2597207	NB551033:107:HTJKNBGX7:4:21410:19075:17005#0/1	98.507	67	1	0	1	67	67	1	1.07e-24	119
NC_011593.1:c2598562-2597207	NB551033:107:HTJKNBGX7:3:12506:9233:6861#0/2	100.000	62	0	0	1058	1119	87	148	1.38e-23	115
NC_011593.1:c2598562-2597207	NB551033:107:HTJKNBGX7:2:11204:10253:7074#0/2	100.000	61	0	0	1004	1064	1	61	4.97e-23	113
NC_011593.1:c2598562-2597207	NB551033:107:HTJKNBGX7:2:11204:10253:7074#0/1	100.000	61	0	0	1004	1064	122	62	4.97e-23	113
NC_011593.1:c2598562-2597207	NB551033:107:HTJKNBGX7:4:22611:22000:16011#0/2	100.000	58	0	0	1299	1356	114	57	2.31e-21	108
NC_011593.1:c2598562-2597207	NB551033:107:HTJKNBGX7:2:22305:20212:15283#0/1	100.000	58	0	0	781	838	58	1	2.31e-21	108
NC_011593.1:c2598562-2597207	NB551033:107:HTJKNBGX7:1:22212:17062:6902#0/2	100.000	57	0	0	1	57	95	151	8.31e-21	106
NC_011593.1:c2598562-2597207	NB551033:107:HTJKNBGX7:4:12604:25922:16847#0/1	100.000	56	0	0	1301	1356	87	32	2.99e-20	104
NC_011593.1:c2598562-2597207	NB551033:107:HTJKNBGX7:3:11612:13592:12442#0/2	96.721	61	2	0	730	790	150	90	1.07e-19	102
NC_011593.1:c2598562-2597207	NB551033:107:HTJKNBGX7:1:11308:14487:1571#0/2	100.000	54	0	0	1249	1302	97	150	3.87e-19	100
NC_011593.1:c2598562-2597207	NB551033:107:HTJKNBGX7:3:13408:20745:12996#0/1	100.000	54	0	0	1011	1064	1	54	3.87e-19	100
NC_011593.1:c2598562-2597207	NB551033:107:HTJKNBGX7:3:13408:20745:12996#0/2	100.000	53	0	0	1012	1064	144	92	1.39e-18	99.0
NC_011593.1:c2598562-2597207	NB551033:107:HTJKNBGX7:2:23311:3566:11515#0/2	100.000	51	0	0	1306	1356	146	96	1.80e-17	95.3
NC_011593.1:c2598562-2597207	NB551033:107:HTJKNBGX7:2:23311:3566:11515#0/1	100.000	51	0	0	1306	1356	1	51	1.80e-17	95.3
NC_011593.1:c2598562-2597207	NB551033:107:HTJKNBGX7:2:13204:24608:15042#0/1	100.000	51	0	0	1306	1356	150	100	1.80e-17	95.3
NC_011593.1:c2598562-2597207	NB551033:107:HTJKNBGX7:2:21304:24688:1875#0/2	100.000	49	0	0	1249	1297	49	1	2.33e-16	91.6
NC_011593.1:c2598562-2597207	NB551033:107:HTJKNBGX7:2:21304:24688:1875#0/1	100.000	49	0	0	1249	1297	78	126	2.33e-16	91.6
NC_011593.1:c2598562-2597207	NB551033:107:HTJKNBGX7:3:12609:18549:15428#0/1	100.000	44	0	0	1	44	91	134	1.40e-13	82.4
NC_011593.1:c2598562-2597207	NB551033:107:HTJKNBGX7:2:12111:12232:7365#0/2	100.000	42	0	0	1023	1064	1	42	1.81e-12	78.7
NC_011593.1:c2598562-2597207	NB551033:107:HTJKNBGX7:2:12111:12232:7365#0/1	100.000	42	0	0	1023	1064	116	75	1.81e-12	78.7
NC_011593.1:c2598562-2597207	NB551033:107:HTJKNBGX7:4:13410:16030:7464#0/1	100.000	38	0	0	1215	1252	1	38	3.03e-10	71.3
NC_011593.1:c2598562-2597207	NB551033:107:HTJKNBGX7:2:12207:15408:6884#0/1	100.000	38	0	0	1215	1252	1	38	3.03e-10	71.3
NC_011593.1:c2598562-2597207	NB551033:107:HTJKNBGX7:4:23508:6520:8720#0/2	100.000	37	0	0	781	817	37	1	1.09e-09	69.4
NC_011593.1:c2598562-2597207	NB551033:107:HTJKNBGX7:4:23508:6520:8720#0/1	100.000	37	0	0	781	817	41	77	1.09e-09	69.4
NC_011593.1:c2598562-2597207	NB551033:107:HTJKNBGX7:2:11301:24901:18144#0/1	100.000	33	0	0	1220	1252	1	33	1.82e-07	62.1
NC_011593.1:c2598562-2597207	NB551033:107:HTJKNBGX7:2:11211:4518:3100#0/2	97.059	34	1	0	138	171	34	1	2.36e-06	58.4
# BLASTN 2.9.0+
# Query: NC_011593.1:2598858-2601929 Bifidobacterium longum subsp. infantis ATCC 15697, complete genome
# Database: db/blast_M0656-2F-1A_S63.faa
# Fields: query acc.ver, subject acc.ver, % identity, alignment length, mismatches, gap opens, q. start, q. end, s. start, s. end, evalue, bit score
# 145 hits found
NC_011593.1:2598858-2601929	NB551033:107:HTJKNBGX7:4:21406:17533:11614#0/2	100.000	151	0	0	1670	1820	151	1	1.05e-72	279
NC_011593.1:2598858-2601929	NB551033:107:HTJKNBGX7:3:22612:21442:6988#0/2	100.000	151	0	0	905	1055	151	1	1.05e-72	279
NC_011593.1:2598858-2601929	NB551033:107:HTJKNBGX7:1:12101:12746:6060#0/1	100.000	151	0	0	1613	1763	1	151	1.05e-72	279
NC_011593.1:2598858-2601929	NB551033:107:HTJKNBGX7:3:13504:6331:13368#0/2	100.000	150	0	0	1951	2100	150	1	3.77e-72	278
NC_011593.1:2598858-2601929	NB551033:107:HTJKNBGX7:2:13104:5389:1773#0/1	100.000	150	0	0	1580	1729	150	1	3.77e-72	278
NC_011593.1:2598858-2601929	NB551033:107:HTJKNBGX7:2:12103:20655:12706#0/1	100.000	150	0	0	1917	2066	150	1	3.77e-72	278
NC_011593.1:2598858-2601929	NB551033:107:HTJKNBGX7:4:13409:4536:16262#0/2	99.338	151	1	0	921	1071	1	151	4.88e-71	274
NC_011593.1:2598858-2601929	NB551033:107:HTJKNBGX7:3:23612:11615:2347#0/2	99.338	151	1	0	301	451	151	1	4.88e-71	274
NC_011593.1:2598858-2601929	NB551033:107:HTJKNBGX7:4:13409:4536:16262#0/1	99.338	151	1	0	965	1115	151	1	4.88e-71	274
NC_011593.1:2598858-2601929	NB551033:107:HTJKNBGX7:3:12412:4709:8364#0/1	99.338	151	1	0	976	1126	1	151	4.88e-71	274
NC_011593.1:2598858-2601929	NB551033:107:HTJKNBGX7:2:12103:20655:12706#0/2	99.333	150	1	0	1858	2007	1	150	1.76e-70	272
NC_011593.1:2598858-2601929	NB551033:107:HTJKNBGX7:1:12101:12746:6060#0/2	99.333	150	1	0	1752	1901	150	1	1.76e-70	272
NC_011593.1:2598858-2601929	NB551033:107:HTJKNBGX7:4:21406:17533:11614#0/1	99.333	150	1	0	1623	1772	1	150	1.76e-70	272
NC_011593.1:2598858-2601929	NB551033:107:HTJKNBGX7:3:23604:19684:10531#0/1	99.333	150	1	0	1585	1734	150	1	1.76e-70	272
NC_011593.1:2598858-2601929	NB551033:107:HTJKNBGX7:3:22612:21442:6988#0/1	99.333	150	1	0	895	1044	1	150	1.76e-70	272
NC_011593.1:2598858-2601929	NB551033:107:HTJKNBGX7:3:13504:6331:13368#0/1	99.333	150	1	0	1830	1979	1	150	1.76e-70	272
NC_011593.1:2598858-2601929	NB551033:107:HTJKNBGX7:1:21103:12092:6663#0/2	99.329	149	1	0	2396	2544	1	149	6.31e-70	270
NC_011593.1:2598858-2601929	NB551033:107:HTJKNBGX7:2:11311:14341:2624#0/1	98.675	151	2	0	2491	2641	151	1	2.27e-69	268
NC_011593.1:2598858-2601929	NB551033:107:HTJKNBGX7:4:23605:25683:3818#0/2	98.667	150	2	0	1363	1512	150	1	8.17e-69	267
NC_011593.1:2598858-2601929	NB551033:107:HTJKNBGX7:3:22508:16165:12252#0/2	98.667	150	2	0	2494	2643	1	150	8.17e-69	267
NC_011593.1:2598858-2601929	NB551033:107:HTJKNBGX7:3:12612:4126:18991#0/2	98.667	150	2	0	2122	2271	150	1	8.17e-69	267
NC_011593.1:2598858-2601929	NB551033:107:HTJKNBGX7:3:12412:4709:8364#0/2	98.667	150	2	0	1073	1222	150	1	8.17e-69	267
NC_011593.1:2598858-2601929	NB551033:107:HTJKNBGX7:1:23307:23044:11906#0/2	98.667	150	2	0	2876	3025	150	1	8.17e-69	267
NC_011593.1:2598858-2601929	NB551033:107:HTJKNBGX7:3:22508:16165:12252#0/1	98.667	150	2	0	2494	2643	150	1	8.17e-69	267
NC_011593.1:2598858-2601929	NB551033:107:HTJKNBGX7:3:12612:4126:18991#0/1	98.667	150	2	0	2078	2227	1	150	8.17e-69	267
NC_011593.1:2598858-2601929	NB551033:107:HTJKNBGX7:3:12407:5949:11522#0/1	98.667	150	2	0	69	218	1	150	8.17e-69	267
NC_011593.1:2598858-2601929	NB551033:107:HTJKNBGX7:2:23311:15811:9996#0/1	98.667	150	2	0	1318	1467	1	150	8.17e-69	267
NC_011593.1:2598858-2601929	NB551033:107:HTJKNBGX7:4:23511:5420:12248#0/2	98.658	149	2	0	1311	1459	1	149	2.94e-68	265
NC_011593.1:2598858-2601929	NB551033:107:HTJKNBGX7:2:23311:15811:9996#0/2	98.658	149	2	0	1319	1467	149	1	2.94e-68	265
NC_011593.1:2598858-2601929	NB551033:107:HTJKNBGX7:2:11311:14341:2624#0/2	98.658	149	2	0	2483	2631	1	149	2.94e-68	265
NC_011593.1:2598858-2601929	NB551033:107:HTJKNBGX7:3:12406:7180:18218#0/1	98.658	149	2	0	1311	1459	1	149	2.94e-68	265
NC_011593.1:2598858-2601929	NB551033:107:HTJKNBGX7:3:12504:20857:2456#0/2	98.013	151	3	0	2342	2492	151	1	1.06e-67	263
NC_011593.1:2598858-2601929	NB551033:107:HTJKNBGX7:2:21103:3631:8742#0/2	98.013	151	3	0	1184	1334	151	1	1.06e-67	263
NC_011593.1:2598858-2601929	NB551033:107:HTJKNBGX7:2:12205:12196:3093#0/1	98.013	151	3	0	1244	1394	151	1	1.06e-67	263
NC_011593.1:2598858-2601929	NB551033:107:HTJKNBGX7:1:12107:16211:14372#0/1	98.013	151	3	0	1320	1470	1	151	1.06e-67	263
NC_011593.1:2598858-2601929	NB551033:107:HTJKNBGX7:1:12102:4020:1287#0/1	98.013	151	3	0	1293	1443	151	1	1.06e-67	263
NC_011593.1:2598858-2601929	NB551033:107:HTJKNBGX7:4:21506:24405:16970#0/2	98.000	150	3	0	2152	2301	150	1	3.80e-67	261
NC_011593.1:2598858-2601929	NB551033:107:HTJKNBGX7:3:23604:19684:10531#0/2	98.000	150	3	0	1459	1608	1	150	3.80e-67	261
NC_011593.1:2598858-2601929	NB551033:107:HTJKNBGX7:2:21306:11369:15096#0/2	98.000	150	3	0	1275	1424	1	150	3.80e-67	261
NC_011593.1:2598858-2601929	NB551033:107:HTJKNBGX7:1:12107:16211:14372#0/2	98.639	147	2	0	1396	1542	147	1	3.80e-67	261
NC_011593.1:2598858-2601929	NB551033:107:HTJKNBGX7:1:12102:4020:1287#0/2	98.000	150	3	0	1256	1405	1	150	3.80e-67	261
NC_011593.1:2598858-2601929	NB551033:107:HTJKNBGX7:4:23605:25683:3818#0/1	98.000	150	3	0	1300	1449	1	150	3.80e-67	261
NC_011593.1:2598858-2601929	NB551033:107:HTJKNBGX7:4:23511:5420:12248#0/1	98.000	150	3	0	1340	1489	150	1	3.80e-67	261
NC_011593.1:2598858-2601929	NB551033:107:HTJKNBGX7:3:12504:20857:2456#0/1	98.000	150	3	0	2279	2428	1	150	3.80e-67	261
NC_011593.1:2598858-2601929	NB551033:107:HTJKNBGX7:3:11604:15406:18558#0/1	98.000	150	3	0	554	703	150	1	3.80e-67	261
NC_011593.1:2598858-2601929	NB551033:107:HTJKNBGX7:2:21306:11369:15096#0/1	98.000	150	3	0	1345	1494	150	1	3.80e-67	261
NC_011593.1:2598858-2601929	NB551033:107:HTJKNBGX7:3:11602:3995:15415#0/2	97.987	149	3	0	2560	2708	1	149	1.37e-66	259
NC_011593.1:2598858-2601929	NB551033:107:HTJKNBGX7:3:11602:3995:15415#0/1	97.987	149	3	0	2581	2729	149	1	1.37e-66	259
NC_011593.1:2598858-2601929	NB551033:107:HTJKNBGX7:4:23410:1608:11969#0/2	97.351	151	4	0	2707	2857	151	1	4.92e-66	257
NC_011593.1:2598858-2601929	NB551033:107:HTJKNBGX7:4:11406:12766:14647#0/2	97.973	148	3	0	2263	2410	148	1	4.92e-66	257
NC_011593.1:2598858-2601929	NB551033:107:HTJKNBGX7:3:21506:17626:9965#0/2	97.973	148	3	0	2226	2373	148	1	4.92e-66	257
NC_011593.1:2598858-2601929	NB551033:107:HTJKNBGX7:4:23410:1608:11969#0/1	97.351	151	4	0	2603	2753	1	151	4.92e-66	257
NC_011593.1:2598858-2601929	NB551033:107:HTJKNBGX7:4:11406:12766:14647#0/1	97.973	148	3	0	2263	2410	1	148	4.92e-66	257
NC_011593.1:2598858-2601929	NB551033:107:HTJKNBGX7:2:12307:5843:17171#0/1	97.987	149	2	1	2529	2677	1	148	4.92e-66	257
NC_011593.1:2598858-2601929	NB551033:107:HTJKNBGX7:4:22411:13815:17752#0/2	98.611	144	2	0	265	408	144	1	1.77e-65	255
NC_011593.1:2598858-2601929	NB551033:107:HTJKNBGX7:4:21506:24405:16970#0/1	97.333	150	4	0	2151	2300	1	150	1.77e-65	255
NC_011593.1:2598858-2601929	NB551033:107:HTJKNBGX7:2:11202:18717:7182#0/2	97.315	149	4	0	415	563	1	149	6.36e-65	254
NC_011593.1:2598858-2601929	NB551033:107:HTJKNBGX7:1:13310:12677:7249#0/2	96.689	151	5	0	544	694	151	1	2.29e-64	252
NC_011593.1:2598858-2601929	NB551033:107:HTJKNBGX7:3:11604:15406:18558#0/2	96.667	150	5	0	461	610	1	150	8.23e-64	250
NC_011593.1:2598858-2601929	NB551033:107:HTJKNBGX7:4:23505:14748:16381#0/1	96.667	150	5	0	835	984	150	1	8.23e-64	250
NC_011593.1:2598858-2601929	NB551033:107:HTJKNBGX7:2:11202:18717:7182#0/1	96.667	150	5	0	454	603	150	1	8.23e-64	250
NC_011593.1:2598858-2601929	NB551033:107:HTJKNBGX7:2:12307:5843:17171#0/2	97.260	146	4	0	2593	2738	146	1	2.96e-63	248
NC_011593.1:2598858-2601929	NB551033:107:HTJKNBGX7:4:23505:14748:16381#0/2	96.000	150	6	0	799	948	1	150	3.83e-62	244
NC_011593.1:2598858-2601929	NB551033:107:HTJKNBGX7:1:13310:12677:7249#0/1	95.946	148	6	0	529	676	1	148	4.95e-61	241
NC_011593.1:2598858-2601929	NB551033:107:HTJKNBGX7:2:12205:12196:3093#0/2	97.810	137	3	0	1235	1371	3	139	6.40e-60	237
NC_011593.1:2598858-2601929	NB551033:107:HTJKNBGX7:2:13201:23379:4657#0/2	99.225	129	1	0	976	1104	1	129	8.28e-59	233
NC_011593.1:2598858-2601929	NB551033:107:HTJKNBGX7:3:22503:21542:8554#0/2	97.080	137	4	0	2485	2621	1	137	2.98e-58	231
NC_011593.1:2598858-2601929	NB551033:107:HTJKNBGX7:1:23302:8878:19081#0/2	97.761	134	3	0	2937	3070	1	134	2.98e-58	231
NC_011593.1:2598858-2601929	NB551033:107:HTJKNBGX7:2:22305:23470:8671#0/2	98.462	130	2	0	2097	2226	130	1	1.07e-57	230
NC_011593.1:2598858-2601929	NB551033:107:HTJKNBGX7:3:22503:21542:8554#0/1	98.462	130	2	0	2492	2621	130	1	1.07e-57	230
NC_011593.1:2598858-2601929	NB551033:107:HTJKNBGX7:2:21103:3631:8742#0/1	97.744	133	3	0	1107	1239	1	133	1.07e-57	230
NC_011593.1:2598858-2601929	NB551033:107:HTJKNBGX7:1:23211:17213:15375#0/1	98.438	128	2	0	630	757	1	128	1.39e-56	226
NC_011593.1:2598858-2601929	NB551033:107:HTJKNBGX7:1:22107:7860:6513#0/2	99.180	122	1	0	651	772	1	122	6.45e-55	220
NC_011593.1:2598858-2601929	NB551033:107:HTJKNBGX7:2:22305:23470:8671#0/1	98.400	125	2	0	2072	2196	1	125	6.45e-55	220
NC_011593.1:2598858-2601929	NB551033:107:HTJKNBGX7:1:22107:7860:6513#0/1	99.180	122	1	0	651	772	122	1	6.45e-55	220
NC_011593.1:2598858-2601929	NB551033:107:HTJKNBGX7:2:12109:3852:19640#0/2	96.923	130	4	0	2632	2761	1	130	2.32e-54	219
NC_011593.1:2598858-2601929	NB551033:107:HTJKNBGX7:2:12109:3852:19640#0/1	96.923	130	4	0	2632	2761	130	1	2.32e-54	219
NC_011593.1:2598858-2601929	NB551033:107:HTJKNBGX7:4:11608:20509:17905#0/2	98.347	121	2	0	1260	1380	1	121	1.08e-52	213
NC_011593.1:2598858-2601929	NB551033:107:HTJKNBGX7:1:12108:5040:12703#0/2	99.145	117	1	0	2473	2589	1	117	3.88e-52	211
NC_011593.1:2598858-2601929	NB551033:107:HTJKNBGX7:1:12108:5040:12703#0/1	99.145	117	1	0	2473	2589	117	1	3.88e-52	211
NC_011593.1:2598858-2601929	NB551033:107:HTJKNBGX7:1:11102:20805:12795#0/1	98.333	120	2	0	1256	1375	120	1	3.88e-52	211
NC_011593.1:2598858-2601929	NB551033:107:HTJKNBGX7:2:12301:18919:10549#0/2	99.138	116	1	0	1107	1222	116	1	1.40e-51	209
NC_011593.1:2598858-2601929	NB551033:107:HTJKNBGX7:2:12301:18919:10549#0/1	99.130	115	1	0	1107	1221	1	115	5.02e-51	207
NC_011593.1:2598858-2601929	NB551033:107:HTJKNBGX7:1:11102:20805:12795#0/2	97.500	120	3	0	1256	1375	1	120	1.81e-50	206
NC_011593.1:2598858-2601929	NB551033:107:HTJKNBGX7:1:23307:23044:11906#0/1	99.115	113	1	0	2857	2969	1	113	6.50e-50	204
NC_011593.1:2598858-2601929	NB551033:107:HTJKNBGX7:3:23409:13619:15290#0/2	97.458	118	3	0	2952	3069	1	118	2.34e-49	202
NC_011593.1:2598858-2601929	NB551033:107:HTJKNBGX7:2:13203:14729:17861#0/2	99.107	112	1	0	2939	3050	1	112	2.34e-49	202
NC_011593.1:2598858-2601929	NB551033:107:HTJKNBGX7:3:23409:13619:15290#0/1	97.458	118	3	0	2952	3069	118	1	2.34e-49	202
NC_011593.1:2598858-2601929	NB551033:107:HTJKNBGX7:3:11406:25631:3077#0/1	98.261	115	2	0	599	713	115	1	2.34e-49	202
NC_011593.1:2598858-2601929	NB551033:107:HTJKNBGX7:2:13203:14729:17861#0/1	99.107	112	1	0	2939	3050	114	3	2.34e-49	202
NC_011593.1:2598858-2601929	NB551033:107:HTJKNBGX7:3:23407:11165:1125#0/2	98.246	114	2	0	1172	1285	114	1	8.40e-49	200
NC_011593.1:2598858-2601929	NB551033:107:HTJKNBGX7:3:23407:11165:1125#0/1	98.246	114	2	0	1172	1285	1	114	8.40e-49	200
NC_011593.1:2598858-2601929	NB551033:107:HTJKNBGX7:2:21212:18800:8998#0/2	99.091	110	1	0	1878	1987	110	1	3.02e-48	198
NC_011593.1:2598858-2601929	NB551033:107:HTJKNBGX7:2:21212:18800:8998#0/1	99.091	110	1	0	1878	1987	1	110	3.02e-48	198
NC_011593.1:2598858-2601929	NB551033:107:HTJKNBGX7:2:13104:26104:9602#0/1	98.230	113	2	0	685	797	2	114	3.02e-48	198
NC_011593.1:2598858-2601929	NB551033:107:HTJKNBGX7:3:11407:23717:19473#0/2	96.552	116	4	0	544	659	116	1	1.41e-46	193
NC_011593.1:2598858-2601929	NB551033:107:HTJKNBGX7:3:23506:7203:16935#0/2	98.165	109	2	0	2624	2732	1	109	5.06e-46	191
NC_011593.1:2598858-2601929	NB551033:107:HTJKNBGX7:3:23506:7203:16935#0/1	98.165	109	2	0	2624	2732	109	1	5.06e-46	191
NC_011593.1:2598858-2601929	NB551033:107:HTJKNBGX7:3:11407:23717:19473#0/1	100.000	102	0	0	376	477	1	102	1.82e-45	189
NC_011593.1:2598858-2601929	NB551033:107:HTJKNBGX7:2:11212:9970:19521#0/2	100.000	99	0	0	1	99	99	1	8.46e-44	183
NC_011593.1:2598858-2601929	NB551033:107:HTJKNBGX7:1:23211:17213:15375#0/2	97.222	108	3	0	781	888	108	1	8.46e-44	183
NC_011593.1:2598858-2601929	NB551033:107:HTJKNBGX7:3:23612:11615:2347#0/1	98.095	105	2	0	125	229	1	105	8.46e-44	183
NC_011593.1:2598858-2601929	NB551033:107:HTJKNBGX7:2:11212:9970:19521#0/1	100.000	99	0	0	1	99	5	103	8.46e-44	183
NC_011593.1:2598858-2601929	NB551033:107:HTJKNBGX7:2:13104:26104:9602#0/2	98.077	104	2	0	772	875	104	1	3.04e-43	182
NC_011593.1:2598858-2601929	NB551033:107:HTJKNBGX7:4:22411:13815:17752#0/1	100.000	98	0	0	265	362	1	98	3.04e-43	182
NC_011593.1:2598858-2601929	NB551033:107:HTJKNBGX7:3:11406:25631:3077#0/2	99.000	100	1	0	429	528	1	100	1.09e-42	180
NC_011593.1:2598858-2601929	NB551033:107:HTJKNBGX7:1:23302:8878:19081#0/1	97.087	103	3	0	2968	3070	147	45	5.09e-41	174
NC_011593.1:2598858-2601929	NB551033:107:HTJKNBGX7:2:21104:19864:14194#0/2	98.958	96	1	0	50	145	96	1	1.83e-40	172
NC_011593.1:2598858-2601929	NB551033:107:HTJKNBGX7:2:21104:19864:14194#0/1	98.958	96	1	0	50	145	1	96	1.83e-40	172
NC_011593.1:2598858-2601929	NB551033:107:HTJKNBGX7:3:12406:7180:18218#0/2	97.959	98	2	0	1390	1487	98	1	6.59e-40	171
NC_011593.1:2598858-2601929	NB551033:107:HTJKNBGX7:3:21612:18287:12963#0/1	97.959	98	2	0	1190	1287	1	98	6.59e-40	171
NC_011593.1:2598858-2601929	NB551033:107:HTJKNBGX7:3:23408:21521:11344#0/2	97.000	100	3	0	2973	3072	102	3	2.37e-39	169
NC_011593.1:2598858-2601929	NB551033:107:HTJKNBGX7:3:23408:21521:11344#0/1	97.000	100	3	0	2973	3072	1	100	2.37e-39	169
NC_011593.1:2598858-2601929	NB551033:107:HTJKNBGX7:1:23105:16504:5097#0/2	95.238	105	5	0	799	903	1	105	8.52e-39	167
NC_011593.1:2598858-2601929	NB551033:107:HTJKNBGX7:2:13201:23379:4657#0/1	96.907	97	3	0	1226	1322	97	1	1.10e-37	163
NC_011593.1:2598858-2601929	NB551033:107:HTJKNBGX7:1:21103:12092:6663#0/1	100.000	87	0	0	2461	2547	87	1	3.96e-37	161
NC_011593.1:2598858-2601929	NB551033:107:HTJKNBGX7:3:11601:5388:18868#0/1	95.876	97	4	0	1640	1736	1	97	5.13e-36	158
NC_011593.1:2598858-2601929	NB551033:107:HTJKNBGX7:4:13611:9136:17222#0/2	98.851	87	1	0	237	323	87	1	1.84e-35	156
NC_011593.1:2598858-2601929	NB551033:107:HTJKNBGX7:1:21101:16059:14854#0/2	98.851	87	1	0	341	427	1	87	1.84e-35	156
NC_011593.1:2598858-2601929	NB551033:107:HTJKNBGX7:3:12407:5949:11522#0/2	100.000	82	0	0	278	359	82	1	2.39e-34	152
NC_011593.1:2598858-2601929	NB551033:107:HTJKNBGX7:3:21401:10953:1453#0/2	97.701	87	2	0	2832	2918	1	87	8.58e-34	150
NC_011593.1:2598858-2601929	NB551033:107:HTJKNBGX7:3:13402:4568:5922#0/2	97.701	87	2	0	1214	1300	1	87	8.58e-34	150
NC_011593.1:2598858-2601929	NB551033:107:HTJKNBGX7:4:11608:20509:17905#0/1	97.701	87	2	0	1381	1467	87	1	8.58e-34	150
NC_011593.1:2598858-2601929	NB551033:107:HTJKNBGX7:3:13402:4568:5922#0/1	97.701	87	2	0	1214	1300	87	1	8.58e-34	150
NC_011593.1:2598858-2601929	NB551033:107:HTJKNBGX7:3:21612:18287:12963#0/2	98.765	81	1	0	1256	1336	81	1	3.99e-32	145
NC_011593.1:2598858-2601929	NB551033:107:HTJKNBGX7:4:23508:21014:4315#0/1	95.556	90	4	0	1647	1736	1	90	3.99e-32	145
NC_011593.1:2598858-2601929	NB551033:107:HTJKNBGX7:3:21506:17626:9965#0/1	98.765	81	1	0	2211	2291	1	81	3.99e-32	145
NC_011593.1:2598858-2601929	NB551033:107:HTJKNBGX7:4:13611:9136:17222#0/1	100.000	77	0	0	237	313	1	77	1.44e-31	143
NC_011593.1:2598858-2601929	NB551033:107:HTJKNBGX7:3:21401:10953:1453#0/1	97.531	81	2	0	2838	2918	81	1	1.86e-30	139
NC_011593.1:2598858-2601929	NB551033:107:HTJKNBGX7:1:21101:16059:14854#0/1	98.718	78	1	0	350	427	78	1	1.86e-30	139
NC_011593.1:2598858-2601929	NB551033:107:HTJKNBGX7:2:13104:5389:1773#0/2	97.500	80	2	0	1209	1288	1	80	6.68e-30	137
NC_011593.1:2598858-2601929	NB551033:107:HTJKNBGX7:1:13110:22989:10165#0/2	95.238	84	4	0	2989	3072	2	85	8.64e-29	134
NC_011593.1:2598858-2601929	NB551033:107:HTJKNBGX7:1:13110:22989:10165#0/1	95.238	84	4	0	2989	3072	142	59	8.64e-29	134
NC_011593.1:2598858-2601929	NB551033:107:HTJKNBGX7:1:22207:8975:19053#0/2	95.122	82	4	0	1190	1271	84	3	1.12e-27	130
NC_011593.1:2598858-2601929	NB551033:107:HTJKNBGX7:4:21401:10727:5751#0/2	95.062	81	4	0	1644	1724	1	81	4.02e-27	128
NC_011593.1:2598858-2601929	NB551033:107:HTJKNBGX7:4:11505:9336:1744#0/2	97.101	69	2	0	3004	3072	1	69	8.70e-24	117
NC_011593.1:2598858-2601929	NB551033:107:HTJKNBGX7:2:11212:11152:3438#0/2	95.833	72	3	0	3001	3072	136	65	8.70e-24	117
NC_011593.1:2598858-2601929	NB551033:107:HTJKNBGX7:4:11505:9336:1744#0/1	97.101	69	2	0	3004	3072	76	8	8.70e-24	117
NC_011593.1:2598858-2601929	NB551033:107:HTJKNBGX7:2:11212:11152:3438#0/1	95.833	72	3	0	3001	3072	3	74	8.70e-24	117
NC_011593.1:2598858-2601929	NB551033:107:HTJKNBGX7:3:11601:8033:10507#0/2	96.970	66	2	0	3007	3072	87	22	4.05e-22	111
NC_011593.1:2598858-2601929	NB551033:107:HTJKNBGX7:1:21107:4968:15165#0/2	96.875	64	2	0	3009	3072	1	64	5.24e-21	108
NC_011593.1:2598858-2601929	NB551033:107:HTJKNBGX7:1:11304:25394:17156#0/1	96.875	64	2	0	3009	3072	6	69	5.24e-21	108
NC_011593.1:2598858-2601929	NB551033:107:HTJKNBGX7:4:23504:5166:16098#0/1	96.429	56	2	0	3017	3072	1	56	1.47e-16	93.5
NC_011593.1:2598858-2601929	NB551033:107:HTJKNBGX7:4:21401:21592:6007#0/2	100.000	44	0	0	1	44	51	94	3.18e-13	82.4
NC_011593.1:2598858-2601929	NB551033:107:HTJKNBGX7:4:21401:21592:6007#0/1	100.000	44	0	0	1	44	44	1	3.18e-13	82.4
# BLASTN 2.9.0+
# Query: NC_011593.1:c2604454-2602106 Bifidobacterium longum subsp. infantis ATCC 15697, complete genome
# Database: db/blast_M0656-2F-1A_S63.faa
# 0 hits found
# BLASTN 2.9.0+
# Query: NC_011593.1:c2605922-2604486 Bifidobacterium longum subsp. infantis ATCC 15697, complete genome
# Database: db/blast_M0656-2F-1A_S63.faa
# 0 hits found
# BLASTN 2.9.0+
# Query: NC_011593.1:c2606381-2605944 Bifidobacterium longum subsp. infantis ATCC 15697, complete genome
# Database: db/blast_M0656-2F-1A_S63.faa
# 0 hits found
# BLASTN 2.9.0+
# Query: NC_011593.1:c2607314-2606418 Bifidobacterium longum subsp. infantis ATCC 15697, complete genome
# Database: db/blast_M0656-2F-1A_S63.faa
# 0 hits found
# BLASTN 2.9.0+
# Query: NC_011593.1:c2608249-2607458 Bifidobacterium longum subsp. infantis ATCC 15697, complete genome
# Database: db/blast_M0656-2F-1A_S63.faa
# 0 hits found
# BLASTN 2.9.0+
# Query: NC_011593.1:c2609546-2608269 Bifidobacterium longum subsp. infantis ATCC 15697, complete genome
# Database: db/blast_M0656-2F-1A_S63.faa
# 0 hits found
# BLASTN 2.9.0+
# Query: NC_011593.1:c2610356-2609697 Bifidobacterium longum subsp. infantis ATCC 15697, complete genome
# Database: db/blast_M0656-2F-1A_S63.faa
# 0 hits found
# BLASTN 2.9.0+
# Query: NC_011593.1:c2611458-2610496 Bifidobacterium longum subsp. infantis ATCC 15697, complete genome
# Database: db/blast_M0656-2F-1A_S63.faa
# 0 hits found
# BLASTN 2.9.0+
# Query: NC_011593.1:c2612430-2611477 Bifidobacterium longum subsp. infantis ATCC 15697, complete genome
# Database: db/blast_M0656-2F-1A_S63.faa
# 0 hits found
# BLASTN 2.9.0+
# Query: NC_011593.1:c2614109-2612517 Bifidobacterium longum subsp. infantis ATCC 15697, complete genome
# Database: db/blast_M0656-2F-1A_S63.faa
# 0 hits found
# BLASTN 2.9.0+
# Query: NC_011593.1:c2615274-2614312 Bifidobacterium longum subsp. infantis ATCC 15697, complete genome
# Database: db/blast_M0656-2F-1A_S63.faa
# 0 hits found
# BLASTN 2.9.0+
# Query: NC_011593.1:c2616246-2615293 Bifidobacterium longum subsp. infantis ATCC 15697, complete genome
# Database: db/blast_M0656-2F-1A_S63.faa
# 0 hits found
# BLASTN 2.9.0+
# Query: NC_011593.1:c2617928-2616333 Bifidobacterium longum subsp. infantis ATCC 15697, complete genome
# Database: db/blast_M0656-2F-1A_S63.faa
# 0 hits found
# BLASTN 2.9.0+
# Query: NC_011593.1:c2619247-2618063 Bifidobacterium longum subsp. infantis ATCC 15697, complete genome
# Database: db/blast_M0656-2F-1A_S63.faa
# 0 hits found
# BLASTN 2.9.0+
# Query: NC_011593.1:c2620369-2619413 Bifidobacterium longum subsp. infantis ATCC 15697, complete genome
# Database: db/blast_M0656-2F-1A_S63.faa
# 0 hits found
# BLASTN 2.9.0+
# Query: NC_011593.1:c2622143-2620551 Bifidobacterium longum subsp. infantis ATCC 15697, complete genome
# Database: db/blast_M0656-2F-1A_S63.faa
# 0 hits found
# BLASTN 2.9.0+
# Query: NC_011593.1:c2624124-2622520 Bifidobacterium longum subsp. infantis ATCC 15697, complete genome
# Database: db/blast_M0656-2F-1A_S63.faa
# 0 hits found
# BLASTN 2.9.0+
# Query: NC_011593.1:c2626110-2624512 Bifidobacterium longum subsp. infantis ATCC 15697, complete genome
# Database: db/blast_M0656-2F-1A_S63.faa
# Fields: query acc.ver, subject acc.ver, % identity, alignment length, mismatches, gap opens, q. start, q. end, s. start, s. end, evalue, bit score
# 17 hits found
NC_011593.1:c2626110-2624512	NB551033:107:HTJKNBGX7:4:23606:1803:4660#0/2	100.000	30	0	0	1555	1584	18	47	1.00e-05	56.5
NC_011593.1:c2626110-2624512	NB551033:107:HTJKNBGX7:4:22405:20126:17174#0/2	100.000	30	0	0	1555	1584	25	54	1.00e-05	56.5
NC_011593.1:c2626110-2624512	NB551033:107:HTJKNBGX7:4:21405:14718:13142#0/2	100.000	30	0	0	1555	1584	56	27	1.00e-05	56.5
NC_011593.1:c2626110-2624512	NB551033:107:HTJKNBGX7:4:12611:22508:9505#0/2	100.000	30	0	0	1555	1584	96	67	1.00e-05	56.5
NC_011593.1:c2626110-2624512	NB551033:107:HTJKNBGX7:2:23208:2840:6105#0/2	100.000	30	0	0	1555	1584	8	37	1.00e-05	56.5
NC_011593.1:c2626110-2624512	NB551033:107:HTJKNBGX7:2:23110:2821:18019#0/2	100.000	30	0	0	1555	1584	107	136	1.00e-05	56.5
NC_011593.1:c2626110-2624512	NB551033:107:HTJKNBGX7:2:21312:17941:16489#0/2	100.000	30	0	0	1555	1584	55	84	1.00e-05	56.5
NC_011593.1:c2626110-2624512	NB551033:107:HTJKNBGX7:2:12106:25022:8392#0/2	100.000	30	0	0	1555	1584	54	25	1.00e-05	56.5
NC_011593.1:c2626110-2624512	NB551033:107:HTJKNBGX7:1:22102:7296:16229#0/2	100.000	30	0	0	1555	1584	40	69	1.00e-05	56.5
NC_011593.1:c2626110-2624512	NB551033:107:HTJKNBGX7:3:23409:9712:14471#0/1	100.000	30	0	0	1555	1584	19	48	1.00e-05	56.5
NC_011593.1:c2626110-2624512	NB551033:107:HTJKNBGX7:3:13602:4118:13583#0/1	100.000	30	0	0	1555	1584	74	45	1.00e-05	56.5
NC_011593.1:c2626110-2624512	NB551033:107:HTJKNBGX7:3:11404:19838:17598#0/1	100.000	30	0	0	1555	1584	52	81	1.00e-05	56.5
NC_011593.1:c2626110-2624512	NB551033:107:HTJKNBGX7:2:23208:2840:6105#0/1	100.000	30	0	0	1555	1584	140	111	1.00e-05	56.5
NC_011593.1:c2626110-2624512	NB551033:107:HTJKNBGX7:2:23110:2821:18019#0/1	100.000	30	0	0	1555	1584	83	54	1.00e-05	56.5
NC_011593.1:c2626110-2624512	NB551033:107:HTJKNBGX7:2:21312:17941:16489#0/1	100.000	30	0	0	1555	1584	38	9	1.00e-05	56.5
NC_011593.1:c2626110-2624512	NB551033:107:HTJKNBGX7:1:22301:18481:8612#0/1	100.000	30	0	0	1555	1584	46	75	1.00e-05	56.5
NC_011593.1:c2626110-2624512	NB551033:107:HTJKNBGX7:1:22102:7296:16229#0/1	100.000	30	0	0	1555	1584	121	92	1.00e-05	56.5
# BLASTN 2.9.0+
# Query: NC_011593.1:c2626386-2626264 Bifidobacterium longum subsp. infantis ATCC 15697, complete genome
# Database: db/blast_M0656-2F-1A_S63.faa
# 0 hits found
# BLASTN 2.9.0+
# Query: NC_011593.1:c2628158-2626563 Bifidobacterium longum subsp. infantis ATCC 15697, complete genome
# Database: db/blast_M0656-2F-1A_S63.faa
# 0 hits found
# BLASTN 2.9.0+
# Query: NC_011593.1:c2630269-2628314 Bifidobacterium longum subsp. infantis ATCC 15697, complete genome
# Database: db/blast_M0656-2F-1A_S63.faa
# 0 hits found
# BLASTN 2.9.0+
# Query: NC_011593.1:c2631106-2630366 Bifidobacterium longum subsp. infantis ATCC 15697, complete genome
# Database: db/blast_M0656-2F-1A_S63.faa
# 0 hits found
# BLASTN 2.9.0+
# Query: NC_011593.1:c2632432-2631140 Bifidobacterium longum subsp. infantis ATCC 15697, complete genome
# Database: db/blast_M0656-2F-1A_S63.faa
# 0 hits found
# BLASTN 2.9.0+
# Query: NC_011593.1:c2633881-2632562 Bifidobacterium longum subsp. infantis ATCC 15697, complete genome
# Database: db/blast_M0656-2F-1A_S63.faa
# 0 hits found
# BLASTN 2.9.0+
# Query: NC_011593.1:c2634683-2633865 Bifidobacterium longum subsp. infantis ATCC 15697, complete genome
# Database: db/blast_M0656-2F-1A_S63.faa
# 0 hits found
# BLASTN 2.9.0+
# Query: NC_011593.1:c2635627-2634680 Bifidobacterium longum subsp. infantis ATCC 15697, complete genome
# Database: db/blast_M0656-2F-1A_S63.faa
# 0 hits found
# BLASTN 2.9.0+
# Query: NC_011593.1:c2636747-2635629 Bifidobacterium longum subsp. infantis ATCC 15697, complete genome
# Database: db/blast_M0656-2F-1A_S63.faa
# Fields: query acc.ver, subject acc.ver, % identity, alignment length, mismatches, gap opens, q. start, q. end, s. start, s. end, evalue, bit score
# 1 hits found
NC_011593.1:c2636747-2635629	NB551033:107:HTJKNBGX7:4:12503:21985:4483#0/2	97.059	34	1	0	407	440	13	46	1.94e-06	58.4
# BLAST processed 31 queries
