# BLASTN 2.9.0+
# Query: NC_011593.1:c2595355-2593832 Bifidobacterium longum subsp. infantis ATCC 15697, complete genome
# Database: db/blast_M0662-3F-1A_S12.faa
# Fields: query acc.ver, subject acc.ver, % identity, alignment length, mismatches, gap opens, q. start, q. end, s. start, s. end, evalue, bit score
# 92 hits found
NC_011593.1:c2595355-2593832	NB551033:120:HK2TMBGX9:2:21304:10817:8110#0/1	99.338	151	1	0	949	1099	151	1	3.90e-71	274
NC_011593.1:c2595355-2593832	NB551033:120:HK2TMBGX9:1:12104:12727:4175#0/1	99.333	150	1	0	517	666	150	1	1.40e-70	272
NC_011593.1:c2595355-2593832	NB551033:120:HK2TMBGX9:3:11511:13178:19470#0/2	99.329	149	1	0	996	1144	1	149	5.04e-70	270
NC_011593.1:c2595355-2593832	NB551033:120:HK2TMBGX9:3:11511:13178:19470#0/1	99.329	149	1	0	996	1144	149	1	5.04e-70	270
NC_011593.1:c2595355-2593832	NB551033:120:HK2TMBGX9:4:22501:11712:13366#0/2	98.675	151	2	0	439	589	151	1	1.81e-69	268
NC_011593.1:c2595355-2593832	NB551033:120:HK2TMBGX9:3:22402:13036:14418#0/1	99.324	148	1	0	904	1051	3	150	1.81e-69	268
NC_011593.1:c2595355-2593832	NB551033:120:HK2TMBGX9:4:13404:21223:16683#0/2	98.667	150	2	0	981	1130	150	1	6.52e-69	267
NC_011593.1:c2595355-2593832	NB551033:120:HK2TMBGX9:2:22207:14342:4109#0/2	98.667	150	2	0	475	624	150	1	6.52e-69	267
NC_011593.1:c2595355-2593832	NB551033:120:HK2TMBGX9:1:21308:21589:15767#0/2	98.667	150	2	0	421	570	150	1	6.52e-69	267
NC_011593.1:c2595355-2593832	NB551033:120:HK2TMBGX9:1:22109:13727:15986#0/2	99.315	146	1	0	999	1144	1	146	2.35e-68	265
NC_011593.1:c2595355-2593832	NB551033:120:HK2TMBGX9:2:23104:3214:8088#0/1	99.315	146	1	0	967	1112	1	146	2.35e-68	265
NC_011593.1:c2595355-2593832	NB551033:120:HK2TMBGX9:2:21309:10075:11738#0/2	98.013	151	3	0	832	982	151	1	8.44e-68	263
NC_011593.1:c2595355-2593832	NB551033:120:HK2TMBGX9:1:21210:24724:13698#0/2	98.013	151	3	0	801	951	1	151	8.44e-68	263
NC_011593.1:c2595355-2593832	NB551033:120:HK2TMBGX9:4:23410:18112:15790#0/1	98.649	148	2	0	711	858	148	1	8.44e-68	263
NC_011593.1:c2595355-2593832	NB551033:120:HK2TMBGX9:4:22501:11712:13366#0/1	98.013	151	3	0	389	539	1	151	8.44e-68	263
NC_011593.1:c2595355-2593832	NB551033:120:HK2TMBGX9:2:22303:18758:18773#0/1	98.013	151	3	0	699	849	1	151	8.44e-68	263
NC_011593.1:c2595355-2593832	NB551033:120:HK2TMBGX9:1:22109:13727:15986#0/1	98.013	151	3	0	1125	1275	151	1	8.44e-68	263
NC_011593.1:c2595355-2593832	NB551033:120:HK2TMBGX9:1:21210:24724:13698#0/1	98.013	151	3	0	815	965	151	1	8.44e-68	263
NC_011593.1:c2595355-2593832	NB551033:120:HK2TMBGX9:3:23505:10621:16994#0/2	98.000	150	3	0	114	263	1	150	3.03e-67	261
NC_011593.1:c2595355-2593832	NB551033:120:HK2TMBGX9:3:22402:13036:14418#0/2	98.000	150	3	0	1050	1199	150	1	3.03e-67	261
NC_011593.1:c2595355-2593832	NB551033:120:HK2TMBGX9:2:23104:3214:8088#0/2	98.000	150	3	0	1072	1221	150	1	3.03e-67	261
NC_011593.1:c2595355-2593832	NB551033:120:HK2TMBGX9:1:21308:21589:15767#0/1	98.000	150	3	0	401	550	1	150	3.03e-67	261
NC_011593.1:c2595355-2593832	NB551033:120:HK2TMBGX9:2:23302:18554:2994#0/2	97.351	151	4	0	125	275	151	1	3.93e-66	257
NC_011593.1:c2595355-2593832	NB551033:120:HK2TMBGX9:3:23501:16807:16659#0/1	97.351	151	4	0	798	948	151	1	3.93e-66	257
NC_011593.1:c2595355-2593832	NB551033:120:HK2TMBGX9:4:13602:17712:9301#0/2	97.333	150	4	0	159	308	1	150	1.41e-65	255
NC_011593.1:c2595355-2593832	NB551033:120:HK2TMBGX9:3:23501:16807:16659#0/2	97.333	150	4	0	768	917	1	150	1.41e-65	255
NC_011593.1:c2595355-2593832	NB551033:120:HK2TMBGX9:2:22303:18758:18773#0/2	97.333	150	4	0	871	1020	150	1	1.41e-65	255
NC_011593.1:c2595355-2593832	NB551033:120:HK2TMBGX9:1:11209:14349:5779#0/2	97.333	150	4	0	151	300	1	150	1.41e-65	255
NC_011593.1:c2595355-2593832	NB551033:120:HK2TMBGX9:3:23505:10621:16994#0/1	97.333	150	4	0	162	311	150	1	1.41e-65	255
NC_011593.1:c2595355-2593832	NB551033:120:HK2TMBGX9:3:13504:5692:16796#0/1	97.333	150	4	0	1111	1260	1	150	1.41e-65	255
NC_011593.1:c2595355-2593832	NB551033:120:HK2TMBGX9:1:13311:20046:12488#0/1	97.333	150	4	0	94	243	1	150	1.41e-65	255
NC_011593.1:c2595355-2593832	NB551033:120:HK2TMBGX9:1:12203:4703:12367#0/1	97.333	150	4	0	159	308	1	150	1.41e-65	255
NC_011593.1:c2595355-2593832	NB551033:120:HK2TMBGX9:1:11209:14349:5779#0/1	97.333	150	4	0	181	330	151	2	1.41e-65	255
NC_011593.1:c2595355-2593832	NB551033:120:HK2TMBGX9:4:23410:18112:15790#0/2	97.297	148	4	0	680	827	3	150	1.83e-64	252
NC_011593.1:c2595355-2593832	NB551033:120:HK2TMBGX9:4:13602:17712:9301#0/1	96.689	151	5	0	176	326	151	1	1.83e-64	252
NC_011593.1:c2595355-2593832	NB551033:120:HK2TMBGX9:2:21309:10075:11738#0/1	96.689	151	5	0	673	823	1	151	1.83e-64	252
NC_011593.1:c2595355-2593832	NB551033:120:HK2TMBGX9:3:21512:3696:15318#0/2	96.667	150	5	0	1299	1448	1	150	6.57e-64	250
NC_011593.1:c2595355-2593832	NB551033:120:HK2TMBGX9:1:12104:12727:4175#0/2	96.667	150	5	0	318	467	1	150	6.57e-64	250
NC_011593.1:c2595355-2593832	NB551033:120:HK2TMBGX9:2:23302:18554:2994#0/1	96.667	150	5	0	64	213	1	150	6.57e-64	250
NC_011593.1:c2595355-2593832	NB551033:120:HK2TMBGX9:4:23501:21108:3391#0/2	97.902	143	3	0	1248	1390	1	143	2.36e-63	248
NC_011593.1:c2595355-2593832	NB551033:120:HK2TMBGX9:1:12203:4703:12367#0/2	96.026	151	6	0	277	427	151	1	8.50e-63	246
NC_011593.1:c2595355-2593832	NB551033:120:HK2TMBGX9:1:13311:20046:12488#0/2	96.000	150	6	0	283	432	150	1	3.06e-62	244
NC_011593.1:c2595355-2593832	NB551033:120:HK2TMBGX9:3:13504:5692:16796#0/2	97.794	136	3	0	1335	1470	151	16	1.84e-59	235
NC_011593.1:c2595355-2593832	NB551033:120:HK2TMBGX9:3:21612:20301:3767#0/2	97.761	134	3	0	98	231	134	1	2.38e-58	231
NC_011593.1:c2595355-2593832	NB551033:120:HK2TMBGX9:4:11508:5491:19432#0/2	97.059	136	4	0	1106	1241	1	136	8.56e-58	230
NC_011593.1:c2595355-2593832	NB551033:120:HK2TMBGX9:4:11508:5491:19432#0/1	97.059	136	4	0	1106	1241	136	1	8.56e-58	230
NC_011593.1:c2595355-2593832	NB551033:120:HK2TMBGX9:4:21511:2806:13084#0/1	97.692	130	3	0	1130	1259	1	130	3.98e-56	224
NC_011593.1:c2595355-2593832	NB551033:120:HK2TMBGX9:3:21512:3696:15318#0/1	97.656	128	3	0	1343	1470	151	24	5.15e-55	220
NC_011593.1:c2595355-2593832	NB551033:120:HK2TMBGX9:3:21404:17879:19696#0/1	96.923	130	4	0	1130	1259	1	130	1.85e-54	219
NC_011593.1:c2595355-2593832	NB551033:120:HK2TMBGX9:2:21304:10817:8110#0/2	99.167	120	1	0	949	1068	1	120	6.66e-54	217
NC_011593.1:c2595355-2593832	NB551033:120:HK2TMBGX9:3:22510:4358:5452#0/2	97.581	124	3	0	842	965	1	124	8.62e-53	213
NC_011593.1:c2595355-2593832	NB551033:120:HK2TMBGX9:3:22510:4358:5452#0/1	97.581	124	3	0	842	965	124	1	8.62e-53	213
NC_011593.1:c2595355-2593832	NB551033:120:HK2TMBGX9:3:21502:9659:13841#0/1	99.138	116	1	0	962	1077	116	1	1.11e-51	209
NC_011593.1:c2595355-2593832	NB551033:120:HK2TMBGX9:2:11102:17363:8532#0/2	98.305	118	2	0	1253	1370	1	118	4.01e-51	207
NC_011593.1:c2595355-2593832	NB551033:120:HK2TMBGX9:2:11102:17363:8532#0/1	98.305	118	2	0	1274	1391	120	3	4.01e-51	207
NC_011593.1:c2595355-2593832	NB551033:120:HK2TMBGX9:3:23411:5882:2248#0/2	95.868	121	5	0	605	725	1	121	8.68e-48	196
NC_011593.1:c2595355-2593832	NB551033:120:HK2TMBGX9:3:23411:5882:2248#0/1	95.868	121	5	0	605	725	121	1	8.68e-48	196
NC_011593.1:c2595355-2593832	NB551033:120:HK2TMBGX9:2:23212:9493:10158#0/2	96.522	115	4	0	165	279	1	115	4.04e-46	191
NC_011593.1:c2595355-2593832	NB551033:120:HK2TMBGX9:2:22109:15128:12905#0/2	95.763	118	5	0	318	435	1	118	4.04e-46	191
NC_011593.1:c2595355-2593832	NB551033:120:HK2TMBGX9:2:23212:9493:10158#0/1	96.522	115	4	0	165	279	115	1	4.04e-46	191
NC_011593.1:c2595355-2593832	NB551033:120:HK2TMBGX9:3:13509:2961:8717#0/2	97.273	110	3	0	586	695	1	110	5.22e-45	187
NC_011593.1:c2595355-2593832	NB551033:120:HK2TMBGX9:3:13509:2961:8717#0/1	97.273	110	3	0	586	695	110	1	5.22e-45	187
NC_011593.1:c2595355-2593832	NB551033:120:HK2TMBGX9:4:13608:11883:10305#0/2	99.029	103	1	0	427	529	1	103	1.88e-44	185
NC_011593.1:c2595355-2593832	NB551033:120:HK2TMBGX9:4:13604:7216:19834#0/2	97.248	109	3	0	600	708	109	1	1.88e-44	185
NC_011593.1:c2595355-2593832	NB551033:120:HK2TMBGX9:4:13608:11883:10305#0/1	99.029	103	1	0	427	529	103	1	1.88e-44	185
NC_011593.1:c2595355-2593832	NB551033:120:HK2TMBGX9:4:21408:16601:19288#0/2	99.020	102	1	0	1011	1112	1	102	6.76e-44	183
NC_011593.1:c2595355-2593832	NB551033:120:HK2TMBGX9:2:12205:11837:9010#0/2	98.077	104	2	0	1268	1371	104	1	2.43e-43	182
NC_011593.1:c2595355-2593832	NB551033:120:HK2TMBGX9:2:12205:11837:9010#0/1	98.077	104	2	0	1268	1371	1	104	2.43e-43	182
NC_011593.1:c2595355-2593832	NB551033:120:HK2TMBGX9:2:21210:12537:14075#0/2	97.170	106	3	0	1365	1470	149	44	8.74e-43	180
NC_011593.1:c2595355-2593832	NB551033:120:HK2TMBGX9:4:21511:2806:13084#0/2	97.115	104	3	0	1367	1470	151	48	1.13e-41	176
NC_011593.1:c2595355-2593832	NB551033:120:HK2TMBGX9:3:21502:9659:13841#0/2	98.980	98	1	0	962	1059	1	98	1.13e-41	176
NC_011593.1:c2595355-2593832	NB551033:120:HK2TMBGX9:1:11212:19334:8429#0/2	98.020	101	2	0	1272	1372	1	101	1.13e-41	176
NC_011593.1:c2595355-2593832	NB551033:120:HK2TMBGX9:4:13404:21223:16683#0/1	98.958	96	1	0	971	1066	1	96	1.46e-40	172
NC_011593.1:c2595355-2593832	NB551033:120:HK2TMBGX9:2:21210:12537:14075#0/1	97.980	99	2	0	1272	1370	1	99	1.46e-40	172
NC_011593.1:c2595355-2593832	NB551033:120:HK2TMBGX9:1:13107:26473:17655#0/2	96.939	98	3	0	194	291	98	1	2.45e-38	165
NC_011593.1:c2595355-2593832	NB551033:120:HK2TMBGX9:1:13107:26473:17655#0/1	96.939	98	3	0	194	291	1	98	2.45e-38	165
NC_011593.1:c2595355-2593832	NB551033:120:HK2TMBGX9:4:21408:16601:19288#0/1	97.849	93	2	0	1279	1371	93	1	3.17e-37	161
NC_011593.1:c2595355-2593832	NB551033:120:HK2TMBGX9:2:22207:14342:4109#0/1	97.849	93	2	0	459	551	1	93	3.17e-37	161
NC_011593.1:c2595355-2593832	NB551033:120:HK2TMBGX9:3:22404:18716:11313#0/2	96.842	95	3	0	1142	1236	95	1	1.14e-36	159
NC_011593.1:c2595355-2593832	NB551033:120:HK2TMBGX9:3:22404:18716:11313#0/1	96.842	95	3	0	1142	1236	1	95	1.14e-36	159
NC_011593.1:c2595355-2593832	NB551033:120:HK2TMBGX9:3:23512:18815:8248#0/2	97.753	89	2	0	181	269	89	1	5.30e-35	154
NC_011593.1:c2595355-2593832	NB551033:120:HK2TMBGX9:3:23512:18815:8248#0/1	96.739	92	3	0	178	269	1	92	5.30e-35	154
NC_011593.1:c2595355-2593832	NB551033:120:HK2TMBGX9:4:13604:7216:19834#0/1	98.824	85	1	0	569	653	2	86	1.91e-34	152
NC_011593.1:c2595355-2593832	NB551033:120:HK2TMBGX9:4:23501:21108:3391#0/1	96.667	90	3	0	1381	1470	150	61	6.85e-34	150
NC_011593.1:c2595355-2593832	NB551033:120:HK2TMBGX9:3:21404:17879:19696#0/2	97.674	86	2	0	1274	1359	86	1	2.47e-33	148
NC_011593.1:c2595355-2593832	NB551033:120:HK2TMBGX9:2:11208:14355:20138#0/2	98.780	82	1	0	356	437	82	1	8.87e-33	147
NC_011593.1:c2595355-2593832	NB551033:120:HK2TMBGX9:2:11208:14355:20138#0/1	98.780	82	1	0	356	437	1	82	8.87e-33	147
NC_011593.1:c2595355-2593832	NB551033:120:HK2TMBGX9:3:21507:12909:5158#0/2	96.512	86	3	0	1385	1470	96	11	1.15e-31	143
NC_011593.1:c2595355-2593832	NB551033:120:HK2TMBGX9:3:21507:12909:5158#0/1	96.512	86	3	0	1385	1470	1	86	1.15e-31	143
NC_011593.1:c2595355-2593832	NB551033:120:HK2TMBGX9:4:13612:2980:3083#0/2	96.053	76	3	0	1395	1470	1	76	4.15e-26	124
NC_011593.1:c2595355-2593832	NB551033:120:HK2TMBGX9:4:13612:2980:3083#0/1	97.222	72	2	0	1399	1470	151	80	1.49e-25	122
NC_011593.1:c2595355-2593832	NB551033:120:HK2TMBGX9:1:11212:19334:8429#0/1	98.485	66	1	0	1405	1470	150	85	6.95e-24	117
# BLASTN 2.9.0+
# Query: NC_011593.1:c2597106-2595574 Bifidobacterium longum subsp. infantis ATCC 15697, complete genome
# Database: db/blast_M0662-3F-1A_S12.faa
# Fields: query acc.ver, subject acc.ver, % identity, alignment length, mismatches, gap opens, q. start, q. end, s. start, s. end, evalue, bit score
# 11 hits found
NC_011593.1:c2597106-2595574	NB551033:120:HK2TMBGX9:4:13608:11883:10305#0/2	96.117	103	4	0	427	529	1	103	1.90e-39	169
NC_011593.1:c2597106-2595574	NB551033:120:HK2TMBGX9:4:13608:11883:10305#0/1	96.117	103	4	0	427	529	103	1	1.90e-39	169
NC_011593.1:c2597106-2595574	NB551033:120:HK2TMBGX9:1:21306:5321:7483#0/2	98.765	81	1	0	1	81	87	7	3.21e-32	145
NC_011593.1:c2597106-2595574	NB551033:120:HK2TMBGX9:1:21306:5321:7483#0/1	98.734	79	1	0	1	79	73	151	4.15e-31	141
NC_011593.1:c2597106-2595574	NB551033:120:HK2TMBGX9:3:21507:12909:5158#0/2	97.436	78	2	0	1393	1470	88	11	6.94e-29	134
NC_011593.1:c2597106-2595574	NB551033:120:HK2TMBGX9:3:21507:12909:5158#0/1	97.436	78	2	0	1393	1470	9	86	6.94e-29	134
NC_011593.1:c2597106-2595574	NB551033:120:HK2TMBGX9:4:13612:2980:3083#0/2	96.053	76	3	0	1395	1470	1	76	4.18e-26	124
NC_011593.1:c2597106-2595574	NB551033:120:HK2TMBGX9:4:13612:2980:3083#0/1	97.222	72	2	0	1399	1470	151	80	1.50e-25	122
NC_011593.1:c2597106-2595574	NB551033:120:HK2TMBGX9:1:11212:19334:8429#0/1	98.485	66	1	0	1405	1470	150	85	6.99e-24	117
NC_011593.1:c2597106-2595574	NB551033:120:HK2TMBGX9:4:11510:20780:20291#0/2	100.000	55	0	0	1	55	63	117	1.96e-19	102
NC_011593.1:c2597106-2595574	NB551033:120:HK2TMBGX9:4:11510:20780:20291#0/1	100.000	55	0	0	1	55	55	1	1.96e-19	102
# BLASTN 2.9.0+
# Query: NC_011593.1:c2598562-2597207 Bifidobacterium longum subsp. infantis ATCC 15697, complete genome
# Database: db/blast_M0662-3F-1A_S12.faa
# Fields: query acc.ver, subject acc.ver, % identity, alignment length, mismatches, gap opens, q. start, q. end, s. start, s. end, evalue, bit score
# 150 hits found
NC_011593.1:c2598562-2597207	NB551033:120:HK2TMBGX9:4:23609:20749:4815#0/2	100.000	151	0	0	799	949	151	1	7.52e-73	279
NC_011593.1:c2598562-2597207	NB551033:120:HK2TMBGX9:4:23511:6013:8528#0/2	100.000	151	0	0	453	603	1	151	7.52e-73	279
NC_011593.1:c2598562-2597207	NB551033:120:HK2TMBGX9:4:13511:9259:8455#0/2	100.000	151	0	0	560	710	1	151	7.52e-73	279
NC_011593.1:c2598562-2597207	NB551033:120:HK2TMBGX9:2:22203:19494:18961#0/2	100.000	151	0	0	823	973	1	151	7.52e-73	279
NC_011593.1:c2598562-2597207	NB551033:120:HK2TMBGX9:1:11107:24858:10706#0/2	100.000	151	0	0	902	1052	151	1	7.52e-73	279
NC_011593.1:c2598562-2597207	NB551033:120:HK2TMBGX9:4:23609:20749:4815#0/1	100.000	151	0	0	698	848	1	151	7.52e-73	279
NC_011593.1:c2598562-2597207	NB551033:120:HK2TMBGX9:2:22108:13939:10141#0/1	100.000	151	0	0	359	509	1	151	7.52e-73	279
NC_011593.1:c2598562-2597207	NB551033:120:HK2TMBGX9:1:11107:24858:10706#0/1	100.000	151	0	0	865	1015	1	151	7.52e-73	279
NC_011593.1:c2598562-2597207	NB551033:120:HK2TMBGX9:4:12411:16815:14042#0/2	100.000	150	0	0	715	864	1	150	2.70e-72	278
NC_011593.1:c2598562-2597207	NB551033:120:HK2TMBGX9:3:21412:21500:18489#0/2	100.000	150	0	0	915	1064	1	150	2.70e-72	278
NC_011593.1:c2598562-2597207	NB551033:120:HK2TMBGX9:3:13506:2776:14546#0/2	100.000	150	0	0	645	794	1	150	2.70e-72	278
NC_011593.1:c2598562-2597207	NB551033:120:HK2TMBGX9:3:12608:6408:3182#0/2	100.000	150	0	0	1180	1329	150	1	2.70e-72	278
NC_011593.1:c2598562-2597207	NB551033:120:HK2TMBGX9:2:23203:11990:8933#0/2	100.000	150	0	0	705	854	150	1	2.70e-72	278
NC_011593.1:c2598562-2597207	NB551033:120:HK2TMBGX9:2:22203:18018:19592#0/2	100.000	150	0	0	1059	1208	1	150	2.70e-72	278
NC_011593.1:c2598562-2597207	NB551033:120:HK2TMBGX9:1:23212:21587:12715#0/2	100.000	150	0	0	643	792	150	1	2.70e-72	278
NC_011593.1:c2598562-2597207	NB551033:120:HK2TMBGX9:1:22207:9227:12482#0/2	100.000	150	0	0	610	759	1	150	2.70e-72	278
NC_011593.1:c2598562-2597207	NB551033:120:HK2TMBGX9:1:12109:22147:17949#0/2	100.000	150	0	0	254	403	1	150	2.70e-72	278
NC_011593.1:c2598562-2597207	NB551033:120:HK2TMBGX9:4:23612:14043:8746#0/1	100.000	150	0	0	471	620	1	150	2.70e-72	278
NC_011593.1:c2598562-2597207	NB551033:120:HK2TMBGX9:4:13511:9259:8455#0/1	100.000	150	0	0	628	777	150	1	2.70e-72	278
NC_011593.1:c2598562-2597207	NB551033:120:HK2TMBGX9:4:12610:2521:10968#0/1	100.000	150	0	0	533	682	1	150	2.70e-72	278
NC_011593.1:c2598562-2597207	NB551033:120:HK2TMBGX9:4:12411:16815:14042#0/1	100.000	150	0	0	814	963	150	1	2.70e-72	278
NC_011593.1:c2598562-2597207	NB551033:120:HK2TMBGX9:3:21610:23102:3967#0/1	100.000	150	0	0	158	307	1	150	2.70e-72	278
NC_011593.1:c2598562-2597207	NB551033:120:HK2TMBGX9:2:23203:11990:8933#0/1	100.000	150	0	0	663	812	1	150	2.70e-72	278
NC_011593.1:c2598562-2597207	NB551033:120:HK2TMBGX9:2:23202:26251:15755#0/1	100.000	150	0	0	753	902	150	1	2.70e-72	278
NC_011593.1:c2598562-2597207	NB551033:120:HK2TMBGX9:2:22203:18018:19592#0/1	100.000	150	0	0	1123	1272	150	1	2.70e-72	278
NC_011593.1:c2598562-2597207	NB551033:120:HK2TMBGX9:2:22203:19494:18961#0/1	100.000	150	0	0	870	1019	150	1	2.70e-72	278
NC_011593.1:c2598562-2597207	NB551033:120:HK2TMBGX9:1:23111:24705:7873#0/1	100.000	150	0	0	887	1036	150	1	2.70e-72	278
NC_011593.1:c2598562-2597207	NB551033:120:HK2TMBGX9:1:22310:8657:6665#0/1	100.000	150	0	0	311	460	1	150	2.70e-72	278
NC_011593.1:c2598562-2597207	NB551033:120:HK2TMBGX9:2:22108:13939:10141#0/2	100.000	149	0	0	505	653	149	1	9.72e-72	276
NC_011593.1:c2598562-2597207	NB551033:120:HK2TMBGX9:4:23612:14043:8746#0/2	99.338	151	1	0	605	755	151	1	3.50e-71	274
NC_011593.1:c2598562-2597207	NB551033:120:HK2TMBGX9:4:22603:6002:5672#0/2	100.000	148	0	0	249	396	1	148	3.50e-71	274
NC_011593.1:c2598562-2597207	NB551033:120:HK2TMBGX9:3:13506:2776:14546#0/1	100.000	148	0	0	701	848	148	1	3.50e-71	274
NC_011593.1:c2598562-2597207	NB551033:120:HK2TMBGX9:2:12310:23594:1217#0/2	99.333	150	1	0	809	958	150	1	1.26e-70	272
NC_011593.1:c2598562-2597207	NB551033:120:HK2TMBGX9:4:12609:1749:16776#0/1	99.333	150	1	0	795	944	1	150	1.26e-70	272
NC_011593.1:c2598562-2597207	NB551033:120:HK2TMBGX9:3:12608:6408:3182#0/1	99.333	150	1	0	1137	1286	1	150	1.26e-70	272
NC_011593.1:c2598562-2597207	NB551033:120:HK2TMBGX9:2:11303:24086:2029#0/2	99.324	148	1	0	1103	1250	148	1	1.63e-69	268
NC_011593.1:c2598562-2597207	NB551033:120:HK2TMBGX9:3:23401:22587:12120#0/1	98.675	151	2	0	364	514	1	151	1.63e-69	268
NC_011593.1:c2598562-2597207	NB551033:120:HK2TMBGX9:3:11407:19452:12927#0/1	100.000	145	0	0	920	1064	1	145	1.63e-69	268
NC_011593.1:c2598562-2597207	NB551033:120:HK2TMBGX9:2:12310:23594:1217#0/1	99.324	148	1	0	770	917	1	148	1.63e-69	268
NC_011593.1:c2598562-2597207	NB551033:120:HK2TMBGX9:1:12109:22147:17949#0/1	100.000	143	0	0	318	460	143	1	2.10e-68	265
NC_011593.1:c2598562-2597207	NB551033:120:HK2TMBGX9:4:21408:21203:16002#0/2	98.013	151	3	0	962	1112	1	151	7.57e-68	263
NC_011593.1:c2598562-2597207	NB551033:120:HK2TMBGX9:4:21512:16109:3768#0/1	100.000	142	0	0	1065	1206	142	1	7.57e-68	263
NC_011593.1:c2598562-2597207	NB551033:120:HK2TMBGX9:3:22611:21803:9502#0/1	98.013	151	3	0	960	1110	1	151	7.57e-68	263
NC_011593.1:c2598562-2597207	NB551033:120:HK2TMBGX9:3:12604:5640:15164#0/1	100.000	142	0	0	1215	1356	1	142	7.57e-68	263
NC_011593.1:c2598562-2597207	NB551033:120:HK2TMBGX9:1:23212:21587:12715#0/1	100.000	142	0	0	600	741	1	142	7.57e-68	263
NC_011593.1:c2598562-2597207	NB551033:120:HK2TMBGX9:1:22207:9227:12482#0/1	98.649	148	2	0	726	873	148	1	7.57e-68	263
NC_011593.1:c2598562-2597207	NB551033:120:HK2TMBGX9:2:11105:8861:12215#0/2	98.000	150	3	0	916	1065	150	1	2.72e-67	261
NC_011593.1:c2598562-2597207	NB551033:120:HK2TMBGX9:1:21311:2229:16377#0/1	98.000	150	3	0	960	1109	1	150	2.72e-67	261
NC_011593.1:c2598562-2597207	NB551033:120:HK2TMBGX9:3:11407:19452:12927#0/2	100.000	139	0	0	926	1064	151	13	3.52e-66	257
NC_011593.1:c2598562-2597207	NB551033:120:HK2TMBGX9:2:12303:8231:3484#0/2	97.351	151	4	0	969	1119	151	1	3.52e-66	257
NC_011593.1:c2598562-2597207	NB551033:120:HK2TMBGX9:1:11307:11036:10120#0/2	97.351	151	4	0	887	1037	151	1	3.52e-66	257
NC_011593.1:c2598562-2597207	NB551033:120:HK2TMBGX9:2:12308:25894:4199#0/2	97.333	150	4	0	878	1027	1	150	1.27e-65	255
NC_011593.1:c2598562-2597207	NB551033:120:HK2TMBGX9:4:12411:4969:18757#0/1	97.333	150	4	0	888	1037	150	1	1.27e-65	255
NC_011593.1:c2598562-2597207	NB551033:120:HK2TMBGX9:2:12308:25894:4199#0/1	97.315	149	4	0	901	1049	149	1	4.56e-65	254
NC_011593.1:c2598562-2597207	NB551033:120:HK2TMBGX9:3:23512:18466:8263#0/1	99.281	139	1	0	1058	1196	139	1	1.64e-64	252
NC_011593.1:c2598562-2597207	NB551033:120:HK2TMBGX9:4:12411:4969:18757#0/2	96.667	150	5	0	838	987	1	150	5.89e-64	250
NC_011593.1:c2598562-2597207	NB551033:120:HK2TMBGX9:3:21510:22589:9775#0/2	99.275	138	1	0	620	757	138	1	5.89e-64	250
NC_011593.1:c2598562-2597207	NB551033:120:HK2TMBGX9:2:12303:8231:3484#0/1	96.667	150	5	0	825	974	1	150	5.89e-64	250
NC_011593.1:c2598562-2597207	NB551033:120:HK2TMBGX9:4:21511:9947:6443#0/2	97.260	146	4	0	908	1053	1	146	2.12e-63	248
NC_011593.1:c2598562-2597207	NB551033:120:HK2TMBGX9:4:21511:9947:6443#0/1	97.260	146	4	0	908	1053	146	1	2.12e-63	248
NC_011593.1:c2598562-2597207	NB551033:120:HK2TMBGX9:4:12610:2521:10968#0/2	100.000	133	0	0	722	854	133	1	7.62e-63	246
NC_011593.1:c2598562-2597207	NB551033:120:HK2TMBGX9:2:11105:8861:12215#0/1	96.026	151	6	0	894	1044	1	151	7.62e-63	246
NC_011593.1:c2598562-2597207	NB551033:120:HK2TMBGX9:4:12508:20494:3058#0/2	96.000	150	6	0	456	605	1	150	2.74e-62	244
NC_011593.1:c2598562-2597207	NB551033:120:HK2TMBGX9:3:22611:21803:9502#0/2	96.000	150	6	0	995	1144	150	1	2.74e-62	244
NC_011593.1:c2598562-2597207	NB551033:120:HK2TMBGX9:1:23109:6027:4012#0/2	100.000	132	0	0	1225	1356	1	132	2.74e-62	244
NC_011593.1:c2598562-2597207	NB551033:120:HK2TMBGX9:1:21311:2229:16377#0/2	96.000	150	6	0	995	1144	150	1	2.74e-62	244
NC_011593.1:c2598562-2597207	NB551033:120:HK2TMBGX9:4:21408:21203:16002#0/1	96.000	150	6	0	995	1144	150	1	2.74e-62	244
NC_011593.1:c2598562-2597207	NB551033:120:HK2TMBGX9:1:23111:24705:7873#0/2	100.000	127	0	0	838	964	1	127	1.65e-59	235
NC_011593.1:c2598562-2597207	NB551033:120:HK2TMBGX9:1:12302:16469:16669#0/2	100.000	125	0	0	1232	1356	1	125	2.13e-58	231
NC_011593.1:c2598562-2597207	NB551033:120:HK2TMBGX9:3:13608:18091:16984#0/2	100.000	124	0	0	645	768	1	124	7.68e-58	230
NC_011593.1:c2598562-2597207	NB551033:120:HK2TMBGX9:1:12210:4855:2490#0/2	100.000	124	0	0	789	912	1	124	7.68e-58	230
NC_011593.1:c2598562-2597207	NB551033:120:HK2TMBGX9:1:12210:4855:2490#0/1	100.000	124	0	0	789	912	124	1	7.68e-58	230
NC_011593.1:c2598562-2597207	NB551033:120:HK2TMBGX9:1:21107:20023:2279#0/1	100.000	121	0	0	287	407	1	121	3.57e-56	224
NC_011593.1:c2598562-2597207	NB551033:120:HK2TMBGX9:1:13309:24095:6648#0/2	100.000	119	0	0	784	902	1	119	4.62e-55	220
NC_011593.1:c2598562-2597207	NB551033:120:HK2TMBGX9:1:13309:24095:6648#0/1	100.000	119	0	0	784	902	119	1	4.62e-55	220
NC_011593.1:c2598562-2597207	NB551033:120:HK2TMBGX9:4:21401:21007:19558#0/1	98.374	123	2	0	580	702	123	1	5.98e-54	217
NC_011593.1:c2598562-2597207	NB551033:120:HK2TMBGX9:1:23201:11211:14008#0/2	100.000	114	0	0	931	1044	1	114	2.78e-52	211
NC_011593.1:c2598562-2597207	NB551033:120:HK2TMBGX9:1:23201:11211:14008#0/1	100.000	114	0	0	931	1044	114	1	2.78e-52	211
NC_011593.1:c2598562-2597207	NB551033:120:HK2TMBGX9:3:23401:22587:12120#0/2	99.138	116	1	0	538	653	116	1	1.00e-51	209
NC_011593.1:c2598562-2597207	NB551033:120:HK2TMBGX9:1:23304:22574:15596#0/2	96.094	128	5	0	999	1126	1	128	1.00e-51	209
NC_011593.1:c2598562-2597207	NB551033:120:HK2TMBGX9:3:13608:18091:16984#0/1	99.138	116	1	0	949	1064	150	35	1.00e-51	209
NC_011593.1:c2598562-2597207	NB551033:120:HK2TMBGX9:1:23304:22574:15596#0/1	96.094	128	5	0	999	1126	128	1	1.00e-51	209
NC_011593.1:c2598562-2597207	NB551033:120:HK2TMBGX9:3:11411:12236:2317#0/2	100.000	111	0	0	698	808	1	111	1.29e-50	206
NC_011593.1:c2598562-2597207	NB551033:120:HK2TMBGX9:1:23205:7609:11828#0/2	99.115	113	1	0	1111	1223	113	1	4.65e-50	204
NC_011593.1:c2598562-2597207	NB551033:120:HK2TMBGX9:3:21507:20140:13527#0/1	96.000	125	5	0	808	932	27	151	4.65e-50	204
NC_011593.1:c2598562-2597207	NB551033:120:HK2TMBGX9:1:23205:7609:11828#0/1	99.115	113	1	0	1111	1223	1	113	4.65e-50	204
NC_011593.1:c2598562-2597207	NB551033:120:HK2TMBGX9:1:23109:6027:4012#0/1	100.000	107	0	0	1250	1356	150	44	2.16e-48	198
NC_011593.1:c2598562-2597207	NB551033:120:HK2TMBGX9:1:22212:16730:7162#0/2	100.000	106	0	0	1118	1223	1	106	7.79e-48	196
NC_011593.1:c2598562-2597207	NB551033:120:HK2TMBGX9:1:22212:16730:7162#0/1	100.000	106	0	0	1118	1223	106	1	7.79e-48	196
NC_011593.1:c2598562-2597207	NB551033:120:HK2TMBGX9:2:23111:8716:13957#0/2	100.000	105	0	0	960	1064	1	105	2.80e-47	195
NC_011593.1:c2598562-2597207	NB551033:120:HK2TMBGX9:3:21412:21500:18489#0/1	100.000	105	0	0	960	1064	111	7	2.80e-47	195
NC_011593.1:c2598562-2597207	NB551033:120:HK2TMBGX9:1:21107:20023:2279#0/2	99.057	106	1	0	302	407	106	1	3.62e-46	191
NC_011593.1:c2598562-2597207	NB551033:120:HK2TMBGX9:3:11411:12236:2317#0/1	100.000	103	0	0	837	939	103	1	3.62e-46	191
NC_011593.1:c2598562-2597207	NB551033:120:HK2TMBGX9:2:23111:8716:13957#0/1	100.000	103	0	0	962	1064	151	49	3.62e-46	191
NC_011593.1:c2598562-2597207	NB551033:120:HK2TMBGX9:4:21401:21007:19558#0/2	100.000	102	0	0	451	552	1	102	1.30e-45	189
NC_011593.1:c2598562-2597207	NB551033:120:HK2TMBGX9:3:12405:14852:14341#0/2	99.048	105	1	0	960	1064	1	105	1.30e-45	189
NC_011593.1:c2598562-2597207	NB551033:120:HK2TMBGX9:2:13208:11253:15812#0/1	96.491	114	4	0	495	608	114	1	1.30e-45	189
NC_011593.1:c2598562-2597207	NB551033:120:HK2TMBGX9:4:12506:11068:3505#0/2	96.460	113	4	0	909	1021	1	113	4.69e-45	187
NC_011593.1:c2598562-2597207	NB551033:120:HK2TMBGX9:3:21507:20140:13527#0/2	97.273	110	3	0	952	1061	110	1	4.69e-45	187
NC_011593.1:c2598562-2597207	NB551033:120:HK2TMBGX9:2:23202:26251:15755#0/2	97.222	108	3	0	422	529	1	108	6.06e-44	183
NC_011593.1:c2598562-2597207	NB551033:120:HK2TMBGX9:2:23107:1405:19722#0/2	97.196	107	3	0	1143	1249	1	107	2.18e-43	182
NC_011593.1:c2598562-2597207	NB551033:120:HK2TMBGX9:4:23511:6013:8528#0/1	100.000	92	0	0	577	668	92	1	4.72e-40	171
NC_011593.1:c2598562-2597207	NB551033:120:HK2TMBGX9:2:13105:4950:19091#0/1	100.000	89	0	0	1135	1223	89	1	2.20e-38	165
NC_011593.1:c2598562-2597207	NB551033:120:HK2TMBGX9:3:21610:23102:3967#0/2	100.000	87	0	0	231	317	87	1	2.84e-37	161
NC_011593.1:c2598562-2597207	NB551033:120:HK2TMBGX9:1:22310:8657:6665#0/2	100.000	87	0	0	399	485	87	1	2.84e-37	161
NC_011593.1:c2598562-2597207	NB551033:120:HK2TMBGX9:1:23212:9051:6131#0/2	100.000	86	0	0	600	685	1	86	1.02e-36	159
NC_011593.1:c2598562-2597207	NB551033:120:HK2TMBGX9:1:23212:9051:6131#0/1	100.000	86	0	0	600	685	86	1	1.02e-36	159
NC_011593.1:c2598562-2597207	NB551033:120:HK2TMBGX9:2:12311:2164:3218#0/2	100.000	82	0	0	138	219	82	1	1.71e-34	152
NC_011593.1:c2598562-2597207	NB551033:120:HK2TMBGX9:3:21510:22589:9775#0/1	100.000	81	0	0	253	333	1	81	6.15e-34	150
NC_011593.1:c2598562-2597207	NB551033:120:HK2TMBGX9:2:13203:12791:18611#0/2	97.647	85	2	0	808	892	85	1	7.95e-33	147
NC_011593.1:c2598562-2597207	NB551033:120:HK2TMBGX9:3:11509:19233:16509#0/2	100.000	78	0	0	987	1064	102	25	2.86e-32	145
NC_011593.1:c2598562-2597207	NB551033:120:HK2TMBGX9:2:12202:16232:19170#0/2	96.552	87	3	0	825	911	88	2	2.86e-32	145
NC_011593.1:c2598562-2597207	NB551033:120:HK2TMBGX9:3:11509:19233:16509#0/1	100.000	78	0	0	987	1064	1	78	2.86e-32	145
NC_011593.1:c2598562-2597207	NB551033:120:HK2TMBGX9:2:12202:16232:19170#0/1	96.552	87	3	0	825	911	1	87	2.86e-32	145
NC_011593.1:c2598562-2597207	NB551033:120:HK2TMBGX9:1:12302:16469:16669#0/1	100.000	77	0	0	1280	1356	151	75	1.03e-31	143
NC_011593.1:c2598562-2597207	NB551033:120:HK2TMBGX9:2:13211:15948:12578#0/1	95.455	88	4	0	446	533	1	88	3.70e-31	141
NC_011593.1:c2598562-2597207	NB551033:120:HK2TMBGX9:1:21209:26569:12780#0/2	97.531	81	2	0	962	1042	81	1	1.33e-30	139
NC_011593.1:c2598562-2597207	NB551033:120:HK2TMBGX9:1:21209:26569:12780#0/1	97.531	81	2	0	962	1042	1	81	1.33e-30	139
NC_011593.1:c2598562-2597207	NB551033:120:HK2TMBGX9:4:22603:6002:5672#0/1	100.000	74	0	0	498	571	74	1	4.79e-30	137
NC_011593.1:c2598562-2597207	NB551033:120:HK2TMBGX9:3:12508:1530:18426#0/2	95.294	85	4	0	349	433	1	85	1.72e-29	135
NC_011593.1:c2598562-2597207	NB551033:120:HK2TMBGX9:1:12311:9445:12889#0/2	100.000	71	0	0	1286	1356	151	81	2.23e-28	132
NC_011593.1:c2598562-2597207	NB551033:120:HK2TMBGX9:3:11407:15491:18000#0/2	96.203	79	3	0	355	433	113	35	8.01e-28	130
NC_011593.1:c2598562-2597207	NB551033:120:HK2TMBGX9:2:11207:22434:9628#0/2	96.203	79	3	0	355	433	3	81	8.01e-28	130
NC_011593.1:c2598562-2597207	NB551033:120:HK2TMBGX9:3:11407:15491:18000#0/1	96.203	79	3	0	355	433	3	81	8.01e-28	130
NC_011593.1:c2598562-2597207	NB551033:120:HK2TMBGX9:2:21207:23116:1875#0/1	100.000	68	0	0	1058	1125	68	1	1.04e-26	126
NC_011593.1:c2598562-2597207	NB551033:120:HK2TMBGX9:3:23511:24030:8326#0/2	100.000	66	0	0	1060	1125	34	99	1.34e-25	122
NC_011593.1:c2598562-2597207	NB551033:120:HK2TMBGX9:3:23511:24030:8326#0/1	100.000	66	0	0	1060	1125	66	1	1.34e-25	122
NC_011593.1:c2598562-2597207	NB551033:120:HK2TMBGX9:4:23409:4798:3943#0/2	95.833	72	3	0	362	433	1	72	6.24e-24	117
NC_011593.1:c2598562-2597207	NB551033:120:HK2TMBGX9:2:13203:12791:18611#0/1	97.015	67	2	0	808	874	54	120	8.07e-23	113
NC_011593.1:c2598562-2597207	NB551033:120:HK2TMBGX9:1:12311:9445:12889#0/1	100.000	61	0	0	1278	1338	91	151	8.07e-23	113
NC_011593.1:c2598562-2597207	NB551033:120:HK2TMBGX9:4:23412:26237:3838#0/2	95.522	67	3	0	367	433	1	67	3.75e-21	108
NC_011593.1:c2598562-2597207	NB551033:120:HK2TMBGX9:3:11503:8426:18764#0/2	100.000	57	0	0	138	194	75	131	1.35e-20	106
NC_011593.1:c2598562-2597207	NB551033:120:HK2TMBGX9:3:11503:8426:18764#0/1	100.000	57	0	0	138	194	57	1	1.35e-20	106
NC_011593.1:c2598562-2597207	NB551033:120:HK2TMBGX9:4:12608:8287:14679#0/1	100.000	56	0	0	1009	1064	1	56	4.85e-20	104
NC_011593.1:c2598562-2597207	NB551033:120:HK2TMBGX9:4:12611:8300:14167#0/2	100.000	54	0	0	1058	1111	82	135	6.28e-19	100
NC_011593.1:c2598562-2597207	NB551033:120:HK2TMBGX9:4:12611:8300:14167#0/1	100.000	54	0	0	1058	1111	54	1	6.28e-19	100
NC_011593.1:c2598562-2597207	NB551033:120:HK2TMBGX9:2:11207:22434:9628#0/1	95.082	61	3	0	373	433	150	90	8.12e-18	97.1
NC_011593.1:c2598562-2597207	NB551033:120:HK2TMBGX9:2:13310:5782:3010#0/2	100.000	50	0	0	1278	1327	50	1	1.05e-16	93.5
NC_011593.1:c2598562-2597207	NB551033:120:HK2TMBGX9:4:12609:1749:16776#0/2	100.000	49	0	0	1016	1064	150	102	3.78e-16	91.6
NC_011593.1:c2598562-2597207	NB551033:120:HK2TMBGX9:2:12311:2164:3218#0/1	100.000	47	0	0	138	184	105	151	4.89e-15	87.9
NC_011593.1:c2598562-2597207	NB551033:120:HK2TMBGX9:4:23409:7143:15670#0/1	100.000	46	0	0	1311	1356	1	46	1.76e-14	86.1
NC_011593.1:c2598562-2597207	NB551033:120:HK2TMBGX9:2:12207:6669:5367#0/1	100.000	46	0	0	1311	1356	1	46	1.76e-14	86.1
NC_011593.1:c2598562-2597207	NB551033:120:HK2TMBGX9:2:12207:6669:5367#0/2	97.826	46	1	0	1311	1356	87	42	8.18e-13	80.5
NC_011593.1:c2598562-2597207	NB551033:120:HK2TMBGX9:3:12405:14852:14341#0/1	100.000	42	0	0	1023	1064	150	109	2.94e-12	78.7
NC_011593.1:c2598562-2597207	NB551033:120:HK2TMBGX9:4:13601:25237:17809#0/2	100.000	41	0	0	1278	1318	41	1	1.06e-11	76.8
NC_011593.1:c2598562-2597207	NB551033:120:HK2TMBGX9:4:13601:25237:17809#0/1	100.000	41	0	0	1278	1318	56	96	1.06e-11	76.8
NC_011593.1:c2598562-2597207	NB551033:120:HK2TMBGX9:3:12510:23031:12793#0/2	100.000	37	0	0	1278	1314	37	1	1.77e-09	69.4
NC_011593.1:c2598562-2597207	NB551033:120:HK2TMBGX9:3:12510:23031:12793#0/1	100.000	37	0	0	1278	1314	80	116	1.77e-09	69.4
NC_011593.1:c2598562-2597207	NB551033:120:HK2TMBGX9:3:13403:17867:3142#0/1	95.122	41	2	0	393	433	89	49	2.29e-08	65.8
NC_011593.1:c2598562-2597207	NB551033:120:HK2TMBGX9:1:12210:3561:1350#0/2	100.000	28	0	0	1058	1085	28	1	1.78e-04	52.8
# BLASTN 2.9.0+
# Query: NC_011593.1:2598858-2601929 Bifidobacterium longum subsp. infantis ATCC 15697, complete genome
# Database: db/blast_M0662-3F-1A_S12.faa
# Fields: query acc.ver, subject acc.ver, % identity, alignment length, mismatches, gap opens, q. start, q. end, s. start, s. end, evalue, bit score
# 208 hits found
NC_011593.1:2598858-2601929	NB551033:120:HK2TMBGX9:3:22409:2698:11110#0/2	100.000	151	0	0	1700	1850	151	1	1.71e-72	279
NC_011593.1:2598858-2601929	NB551033:120:HK2TMBGX9:2:13311:11045:11366#0/2	100.000	151	0	0	1718	1868	151	1	1.71e-72	279
NC_011593.1:2598858-2601929	NB551033:120:HK2TMBGX9:4:23609:9067:7229#0/1	100.000	151	0	0	1640	1790	1	151	1.71e-72	279
NC_011593.1:2598858-2601929	NB551033:120:HK2TMBGX9:3:21603:2322:8401#0/1	100.000	151	0	0	1645	1795	1	151	1.71e-72	279
NC_011593.1:2598858-2601929	NB551033:120:HK2TMBGX9:1:13109:24757:15505#0/1	100.000	151	0	0	905	1055	151	1	1.71e-72	279
NC_011593.1:2598858-2601929	NB551033:120:HK2TMBGX9:4:23609:9067:7229#0/2	100.000	150	0	0	1660	1809	150	1	6.14e-72	278
NC_011593.1:2598858-2601929	NB551033:120:HK2TMBGX9:4:22403:19042:10653#0/2	100.000	150	0	0	205	354	1	150	6.14e-72	278
NC_011593.1:2598858-2601929	NB551033:120:HK2TMBGX9:3:22406:23582:8297#0/2	100.000	150	0	0	1923	2072	1	150	6.14e-72	278
NC_011593.1:2598858-2601929	NB551033:120:HK2TMBGX9:1:23209:11620:4517#0/2	100.000	150	0	0	1942	2091	150	1	6.14e-72	278
NC_011593.1:2598858-2601929	NB551033:120:HK2TMBGX9:4:22403:19042:10653#0/1	100.000	150	0	0	205	354	150	1	6.14e-72	278
NC_011593.1:2598858-2601929	NB551033:120:HK2TMBGX9:4:13601:11738:17592#0/1	100.000	150	0	0	2406	2555	1	150	6.14e-72	278
NC_011593.1:2598858-2601929	NB551033:120:HK2TMBGX9:4:11407:7879:4429#0/1	100.000	150	0	0	1687	1836	1	150	6.14e-72	278
NC_011593.1:2598858-2601929	NB551033:120:HK2TMBGX9:4:11407:7879:4429#0/2	100.000	149	0	0	1696	1844	151	3	2.21e-71	276
NC_011593.1:2598858-2601929	NB551033:120:HK2TMBGX9:3:21603:2322:8401#0/2	99.338	151	1	0	1875	2025	151	1	7.94e-71	274
NC_011593.1:2598858-2601929	NB551033:120:HK2TMBGX9:1:12205:5199:17827#0/2	99.338	151	1	0	239	389	151	1	7.94e-71	274
NC_011593.1:2598858-2601929	NB551033:120:HK2TMBGX9:4:21508:1655:12104#0/1	99.338	151	1	0	2741	2891	1	151	7.94e-71	274
NC_011593.1:2598858-2601929	NB551033:120:HK2TMBGX9:2:13311:11045:11366#0/1	99.338	151	1	0	1645	1795	1	151	7.94e-71	274
NC_011593.1:2598858-2601929	NB551033:120:HK2TMBGX9:1:13107:25564:9949#0/1	99.338	151	1	0	14	164	1	151	7.94e-71	274
NC_011593.1:2598858-2601929	NB551033:120:HK2TMBGX9:1:12309:14299:18330#0/1	99.338	151	1	0	1810	1960	151	1	7.94e-71	274
NC_011593.1:2598858-2601929	NB551033:120:HK2TMBGX9:4:21408:8906:18214#0/2	99.333	150	1	0	940	1089	150	1	2.85e-70	272
NC_011593.1:2598858-2601929	NB551033:120:HK2TMBGX9:4:13601:11738:17592#0/2	99.333	150	1	0	2438	2587	150	1	2.85e-70	272
NC_011593.1:2598858-2601929	NB551033:120:HK2TMBGX9:4:12507:6378:12301#0/2	99.333	150	1	0	376	525	1	150	2.85e-70	272
NC_011593.1:2598858-2601929	NB551033:120:HK2TMBGX9:3:23604:17073:4173#0/1	99.333	150	1	0	1890	2039	1	150	2.85e-70	272
NC_011593.1:2598858-2601929	NB551033:120:HK2TMBGX9:3:22406:23582:8297#0/1	99.333	150	1	0	1965	2114	150	1	2.85e-70	272
NC_011593.1:2598858-2601929	NB551033:120:HK2TMBGX9:2:22209:24441:17572#0/1	99.333	150	1	0	300	449	1	150	2.85e-70	272
NC_011593.1:2598858-2601929	NB551033:120:HK2TMBGX9:2:21110:17157:11351#0/1	99.333	150	1	0	1546	1695	150	1	2.85e-70	272
NC_011593.1:2598858-2601929	NB551033:120:HK2TMBGX9:2:13309:26291:8343#0/1	99.333	150	1	0	2746	2895	1	150	2.85e-70	272
NC_011593.1:2598858-2601929	NB551033:120:HK2TMBGX9:1:23209:11620:4517#0/1	99.333	150	1	0	1860	2009	1	150	2.85e-70	272
NC_011593.1:2598858-2601929	NB551033:120:HK2TMBGX9:1:13302:26707:13631#0/1	99.333	150	1	0	999	1148	150	1	2.85e-70	272
NC_011593.1:2598858-2601929	NB551033:120:HK2TMBGX9:1:12205:5199:17827#0/1	99.333	150	1	0	190	339	1	150	2.85e-70	272
NC_011593.1:2598858-2601929	NB551033:120:HK2TMBGX9:1:13301:1189:13638#0/1	99.329	149	1	0	1000	1148	149	1	1.03e-69	270
NC_011593.1:2598858-2601929	NB551033:120:HK2TMBGX9:3:22603:4590:13802#0/2	98.675	151	2	0	2493	2643	151	1	3.69e-69	268
NC_011593.1:2598858-2601929	NB551033:120:HK2TMBGX9:3:13601:20380:8743#0/2	99.324	148	1	0	717	864	150	3	3.69e-69	268
NC_011593.1:2598858-2601929	NB551033:120:HK2TMBGX9:3:11604:2034:12773#0/2	98.675	151	2	0	2864	3014	1	151	3.69e-69	268
NC_011593.1:2598858-2601929	NB551033:120:HK2TMBGX9:1:22105:20819:12369#0/2	98.675	151	2	0	2493	2643	151	1	3.69e-69	268
NC_011593.1:2598858-2601929	NB551033:120:HK2TMBGX9:1:13107:25564:9949#0/2	98.675	151	2	0	94	244	151	1	3.69e-69	268
NC_011593.1:2598858-2601929	NB551033:120:HK2TMBGX9:4:21406:5079:9920#0/1	99.324	148	1	0	11	158	3	150	3.69e-69	268
NC_011593.1:2598858-2601929	NB551033:120:HK2TMBGX9:4:12509:1664:11784#0/1	98.675	151	2	0	974	1124	1	151	3.69e-69	268
NC_011593.1:2598858-2601929	NB551033:120:HK2TMBGX9:3:13601:20380:8743#0/1	98.675	151	2	0	566	716	1	151	3.69e-69	268
NC_011593.1:2598858-2601929	NB551033:120:HK2TMBGX9:3:11604:2034:12773#0/1	98.675	151	2	0	2873	3023	151	1	3.69e-69	268
NC_011593.1:2598858-2601929	NB551033:120:HK2TMBGX9:2:22111:26017:3040#0/1	100.000	145	0	0	1708	1852	145	1	3.69e-69	268
NC_011593.1:2598858-2601929	NB551033:120:HK2TMBGX9:2:21301:18175:6283#0/1	98.675	151	2	0	1072	1222	151	1	3.69e-69	268
NC_011593.1:2598858-2601929	NB551033:120:HK2TMBGX9:1:22301:9177:11519#0/1	98.675	151	2	0	294	444	1	151	3.69e-69	268
NC_011593.1:2598858-2601929	NB551033:120:HK2TMBGX9:1:22105:20819:12369#0/1	98.675	151	2	0	2479	2629	1	151	3.69e-69	268
NC_011593.1:2598858-2601929	NB551033:120:HK2TMBGX9:4:22412:10340:15658#0/2	98.667	150	2	0	31	180	1	150	1.33e-68	267
NC_011593.1:2598858-2601929	NB551033:120:HK2TMBGX9:3:12511:13820:14792#0/2	98.667	150	2	0	1401	1550	150	1	1.33e-68	267
NC_011593.1:2598858-2601929	NB551033:120:HK2TMBGX9:2:21301:18175:6283#0/2	98.667	150	2	0	1018	1167	1	150	1.33e-68	267
NC_011593.1:2598858-2601929	NB551033:120:HK2TMBGX9:2:12206:17445:7391#0/2	99.320	147	1	0	1808	1954	1	147	1.33e-68	267
NC_011593.1:2598858-2601929	NB551033:120:HK2TMBGX9:1:22301:9177:11519#0/2	98.667	150	2	0	343	492	150	1	1.33e-68	267
NC_011593.1:2598858-2601929	NB551033:120:HK2TMBGX9:1:13110:10505:8920#0/2	98.667	150	2	0	2813	2962	150	1	1.33e-68	267
NC_011593.1:2598858-2601929	NB551033:120:HK2TMBGX9:4:22412:10340:15658#0/1	98.667	150	2	0	64	213	150	1	1.33e-68	267
NC_011593.1:2598858-2601929	NB551033:120:HK2TMBGX9:4:13403:6651:4751#0/1	98.667	150	2	0	1045	1194	1	150	1.33e-68	267
NC_011593.1:2598858-2601929	NB551033:120:HK2TMBGX9:3:12511:13820:14792#0/1	98.667	150	2	0	1364	1513	1	150	1.33e-68	267
NC_011593.1:2598858-2601929	NB551033:120:HK2TMBGX9:2:12206:17445:7391#0/1	99.320	147	1	0	1808	1954	147	1	1.33e-68	267
NC_011593.1:2598858-2601929	NB551033:120:HK2TMBGX9:2:11201:8871:19615#0/1	98.667	150	2	0	2864	3013	1	150	1.33e-68	267
NC_011593.1:2598858-2601929	NB551033:120:HK2TMBGX9:1:21208:5427:20045#0/1	98.667	150	2	0	2784	2933	150	1	1.33e-68	267
NC_011593.1:2598858-2601929	NB551033:120:HK2TMBGX9:1:13308:24606:15726#0/1	98.667	150	2	0	2812	2961	1	150	1.33e-68	267
NC_011593.1:2598858-2601929	NB551033:120:HK2TMBGX9:2:11303:4711:11739#0/2	98.658	149	2	0	2778	2926	2	150	4.78e-68	265
NC_011593.1:2598858-2601929	NB551033:120:HK2TMBGX9:4:21610:13964:1937#0/1	98.658	149	2	0	2529	2677	1	149	4.78e-68	265
NC_011593.1:2598858-2601929	NB551033:120:HK2TMBGX9:3:12408:8440:14356#0/1	99.315	146	1	0	2392	2537	146	1	4.78e-68	265
NC_011593.1:2598858-2601929	NB551033:120:HK2TMBGX9:3:11609:23488:12288#0/1	98.658	149	2	0	2529	2677	1	149	4.78e-68	265
NC_011593.1:2598858-2601929	NB551033:120:HK2TMBGX9:2:11212:6470:3035#0/1	98.658	149	2	0	1330	1478	1	149	4.78e-68	265
NC_011593.1:2598858-2601929	NB551033:120:HK2TMBGX9:3:21601:24341:8654#0/2	98.013	151	3	0	2544	2694	151	1	1.72e-67	263
NC_011593.1:2598858-2601929	NB551033:120:HK2TMBGX9:3:11609:23488:12288#0/2	98.013	151	3	0	2544	2694	151	1	1.72e-67	263
NC_011593.1:2598858-2601929	NB551033:120:HK2TMBGX9:3:11609:13517:6983#0/2	98.013	151	3	0	1048	1198	151	1	1.72e-67	263
NC_011593.1:2598858-2601929	NB551033:120:HK2TMBGX9:2:22205:11027:19161#0/2	98.013	151	3	0	1355	1505	1	151	1.72e-67	263
NC_011593.1:2598858-2601929	NB551033:120:HK2TMBGX9:2:11212:6470:3035#0/2	98.013	151	3	0	1350	1500	151	1	1.72e-67	263
NC_011593.1:2598858-2601929	NB551033:120:HK2TMBGX9:1:13301:1189:13638#0/2	98.013	151	3	0	976	1126	1	151	1.72e-67	263
NC_011593.1:2598858-2601929	NB551033:120:HK2TMBGX9:1:12203:3150:18300#0/2	98.013	151	3	0	602	752	151	1	1.72e-67	263
NC_011593.1:2598858-2601929	NB551033:120:HK2TMBGX9:2:23304:12510:12622#0/1	98.013	151	3	0	1334	1484	151	1	1.72e-67	263
NC_011593.1:2598858-2601929	NB551033:120:HK2TMBGX9:2:22205:11027:19161#0/1	98.649	148	2	0	1480	1627	148	1	1.72e-67	263
NC_011593.1:2598858-2601929	NB551033:120:HK2TMBGX9:2:21212:9946:17239#0/1	98.013	151	3	0	561	711	1	151	1.72e-67	263
NC_011593.1:2598858-2601929	NB551033:120:HK2TMBGX9:1:13204:19188:2709#0/1	98.013	151	3	0	2069	2219	151	1	1.72e-67	263
NC_011593.1:2598858-2601929	NB551033:120:HK2TMBGX9:4:21610:13964:1937#0/2	98.000	150	3	0	2583	2732	150	1	6.18e-67	261
NC_011593.1:2598858-2601929	NB551033:120:HK2TMBGX9:4:13406:22918:11611#0/2	98.000	150	3	0	2348	2497	150	1	6.18e-67	261
NC_011593.1:2598858-2601929	NB551033:120:HK2TMBGX9:4:13403:6651:4751#0/2	98.000	150	3	0	1125	1274	150	1	6.18e-67	261
NC_011593.1:2598858-2601929	NB551033:120:HK2TMBGX9:4:12509:1664:11784#0/2	98.000	150	3	0	1146	1295	150	1	6.18e-67	261
NC_011593.1:2598858-2601929	NB551033:120:HK2TMBGX9:3:23604:17073:4173#0/2	98.000	150	3	0	2070	2219	150	1	6.18e-67	261
NC_011593.1:2598858-2601929	NB551033:120:HK2TMBGX9:1:13308:24606:15726#0/2	98.000	150	3	0	2847	2996	150	1	6.18e-67	261
NC_011593.1:2598858-2601929	NB551033:120:HK2TMBGX9:4:12605:7326:4981#0/1	98.000	150	3	0	1476	1625	1	150	6.18e-67	261
NC_011593.1:2598858-2601929	NB551033:120:HK2TMBGX9:3:22603:4590:13802#0/1	98.000	150	3	0	2333	2482	1	150	6.18e-67	261
NC_011593.1:2598858-2601929	NB551033:120:HK2TMBGX9:3:21601:24341:8654#0/1	98.000	150	3	0	2323	2472	1	150	6.18e-67	261
NC_011593.1:2598858-2601929	NB551033:120:HK2TMBGX9:1:21206:21875:13420#0/1	98.000	150	3	0	1344	1493	1	150	6.18e-67	261
NC_011593.1:2598858-2601929	NB551033:120:HK2TMBGX9:4:22406:20539:14014#0/2	99.301	143	1	0	1812	1954	1	143	2.22e-66	259
NC_011593.1:2598858-2601929	NB551033:120:HK2TMBGX9:1:13209:7968:7869#0/2	97.987	149	3	0	2724	2872	149	1	2.22e-66	259
NC_011593.1:2598858-2601929	NB551033:120:HK2TMBGX9:4:22406:20539:14014#0/1	99.301	143	1	0	1812	1954	143	1	2.22e-66	259
NC_011593.1:2598858-2601929	NB551033:120:HK2TMBGX9:3:12408:8440:14356#0/2	97.351	151	4	0	2297	2447	1	151	7.99e-66	257
NC_011593.1:2598858-2601929	NB551033:120:HK2TMBGX9:2:13309:26291:8343#0/2	97.973	148	3	0	2925	3072	150	3	7.99e-66	257
NC_011593.1:2598858-2601929	NB551033:120:HK2TMBGX9:4:13406:22918:11611#0/1	97.351	151	4	0	2263	2413	1	151	7.99e-66	257
NC_011593.1:2598858-2601929	NB551033:120:HK2TMBGX9:4:12507:6378:12301#0/1	97.351	151	4	0	411	561	151	1	7.99e-66	257
NC_011593.1:2598858-2601929	NB551033:120:HK2TMBGX9:2:11303:4711:11739#0/1	97.973	148	3	0	2925	3072	150	3	7.99e-66	257
NC_011593.1:2598858-2601929	NB551033:120:HK2TMBGX9:1:12104:12590:14723#0/1	97.351	151	4	0	2342	2492	151	1	7.99e-66	257
NC_011593.1:2598858-2601929	NB551033:120:HK2TMBGX9:3:12610:8151:12446#0/2	97.333	150	4	0	867	1016	1	150	2.88e-65	255
NC_011593.1:2598858-2601929	NB551033:120:HK2TMBGX9:2:21212:9946:17239#0/2	97.333	150	4	0	739	888	150	1	2.88e-65	255
NC_011593.1:2598858-2601929	NB551033:120:HK2TMBGX9:2:21110:17157:11351#0/2	97.333	150	4	0	1449	1598	1	150	2.88e-65	255
NC_011593.1:2598858-2601929	NB551033:120:HK2TMBGX9:1:21303:4792:16149#0/2	99.291	141	1	0	2211	2351	1	141	2.88e-65	255
NC_011593.1:2598858-2601929	NB551033:120:HK2TMBGX9:1:21208:5427:20045#0/2	97.333	150	4	0	2643	2792	1	150	2.88e-65	255
NC_011593.1:2598858-2601929	NB551033:120:HK2TMBGX9:1:13210:1784:18831#0/2	97.333	150	4	0	2297	2446	150	1	2.88e-65	255
NC_011593.1:2598858-2601929	NB551033:120:HK2TMBGX9:1:13204:19188:2709#0/2	99.291	141	1	0	2017	2157	1	141	2.88e-65	255
NC_011593.1:2598858-2601929	NB551033:120:HK2TMBGX9:3:22409:2698:11110#0/1	97.333	150	4	0	1514	1663	1	150	2.88e-65	255
NC_011593.1:2598858-2601929	NB551033:120:HK2TMBGX9:2:22201:16902:9511#0/1	98.611	144	2	0	1246	1389	144	1	2.88e-65	255
NC_011593.1:2598858-2601929	NB551033:120:HK2TMBGX9:1:21303:4792:16149#0/1	97.333	150	4	0	2259	2408	150	1	2.88e-65	255
NC_011593.1:2598858-2601929	NB551033:120:HK2TMBGX9:1:13210:1784:18831#0/1	97.333	150	4	0	2297	2446	1	150	2.88e-65	255
NC_011593.1:2598858-2601929	NB551033:120:HK2TMBGX9:1:12210:7637:6312#0/1	97.333	150	4	0	1499	1648	150	1	2.88e-65	255
NC_011593.1:2598858-2601929	NB551033:120:HK2TMBGX9:1:21206:21875:13420#0/2	97.315	149	4	0	1444	1592	149	1	1.03e-64	254
NC_011593.1:2598858-2601929	NB551033:120:HK2TMBGX9:4:22612:17555:16271#0/2	96.689	151	5	0	467	617	151	1	3.72e-64	252
NC_011593.1:2598858-2601929	NB551033:120:HK2TMBGX9:2:12206:22518:13805#0/1	96.689	151	5	0	2297	2447	151	1	3.72e-64	252
NC_011593.1:2598858-2601929	NB551033:120:HK2TMBGX9:1:13209:7968:7869#0/1	96.689	151	5	0	2716	2866	1	151	3.72e-64	252
NC_011593.1:2598858-2601929	NB551033:120:HK2TMBGX9:2:22201:16902:9511#0/2	97.917	144	3	0	1246	1389	1	144	1.34e-63	250
NC_011593.1:2598858-2601929	NB551033:120:HK2TMBGX9:2:12206:22518:13805#0/2	96.667	150	5	0	2295	2444	1	150	1.34e-63	250
NC_011593.1:2598858-2601929	NB551033:120:HK2TMBGX9:3:11505:14152:15366#0/1	96.667	150	5	0	2017	2166	1	150	1.34e-63	250
NC_011593.1:2598858-2601929	NB551033:120:HK2TMBGX9:3:21602:24803:12321#0/2	99.270	137	1	0	2167	2303	137	1	4.81e-63	248
NC_011593.1:2598858-2601929	NB551033:120:HK2TMBGX9:1:12210:7637:6312#0/2	96.622	148	5	0	1454	1601	1	148	1.73e-62	246
NC_011593.1:2598858-2601929	NB551033:120:HK2TMBGX9:4:21408:8906:18214#0/1	96.026	151	6	0	826	976	1	151	1.73e-62	246
NC_011593.1:2598858-2601929	NB551033:120:HK2TMBGX9:2:23304:12510:12622#0/2	97.872	141	3	0	1131	1271	1	141	6.22e-62	244
NC_011593.1:2598858-2601929	NB551033:120:HK2TMBGX9:1:13302:26707:13631#0/2	99.259	135	1	0	976	1110	1	135	6.22e-62	244
NC_011593.1:2598858-2601929	NB551033:120:HK2TMBGX9:1:12306:5481:9270#0/2	96.575	146	5	0	485	630	146	1	2.24e-61	243
NC_011593.1:2598858-2601929	NB551033:120:HK2TMBGX9:1:12306:5481:9270#0/1	96.575	146	5	0	485	630	1	146	2.24e-61	243
NC_011593.1:2598858-2601929	NB551033:120:HK2TMBGX9:4:21605:3518:12504#0/2	100.000	130	0	0	1742	1871	1	130	8.05e-61	241
NC_011593.1:2598858-2601929	NB551033:120:HK2TMBGX9:4:12409:1836:4895#0/2	97.842	139	3	0	1200	1338	1	139	8.05e-61	241
NC_011593.1:2598858-2601929	NB551033:120:HK2TMBGX9:3:11606:18169:15495#0/2	99.248	133	1	0	252	384	133	1	8.05e-61	241
NC_011593.1:2598858-2601929	NB551033:120:HK2TMBGX9:2:11305:14917:11197#0/2	98.529	136	2	0	1259	1394	136	1	8.05e-61	241
NC_011593.1:2598858-2601929	NB551033:120:HK2TMBGX9:4:21605:3518:12504#0/1	100.000	130	0	0	1742	1871	130	1	8.05e-61	241
NC_011593.1:2598858-2601929	NB551033:120:HK2TMBGX9:4:12409:1836:4895#0/1	97.842	139	3	0	1200	1338	139	1	8.05e-61	241
NC_011593.1:2598858-2601929	NB551033:120:HK2TMBGX9:3:11606:18169:15495#0/1	99.248	133	1	0	252	384	1	133	8.05e-61	241
NC_011593.1:2598858-2601929	NB551033:120:HK2TMBGX9:4:22612:17555:16271#0/1	96.479	142	5	0	461	602	1	142	3.75e-59	235
NC_011593.1:2598858-2601929	NB551033:120:HK2TMBGX9:2:11305:14917:11197#0/1	97.794	136	3	0	1259	1394	1	136	3.75e-59	235
NC_011593.1:2598858-2601929	NB551033:120:HK2TMBGX9:4:22512:22032:15165#0/2	97.778	135	3	0	2363	2497	135	1	1.35e-58	233
NC_011593.1:2598858-2601929	NB551033:120:HK2TMBGX9:4:22512:22032:15165#0/1	97.778	135	3	0	2363	2497	1	135	1.35e-58	233
NC_011593.1:2598858-2601929	NB551033:120:HK2TMBGX9:1:12103:13768:8336#0/1	98.485	132	2	0	1	132	132	1	1.35e-58	233
NC_011593.1:2598858-2601929	NB551033:120:HK2TMBGX9:3:21602:24803:12321#0/1	97.080	137	4	0	2126	2262	3	139	4.85e-58	231
NC_011593.1:2598858-2601929	NB551033:120:HK2TMBGX9:1:23105:7812:13627#0/2	98.462	130	2	0	1	130	130	1	1.74e-57	230
NC_011593.1:2598858-2601929	NB551033:120:HK2TMBGX9:1:23105:7812:13627#0/1	98.462	130	2	0	1	130	18	147	1.74e-57	230
NC_011593.1:2598858-2601929	NB551033:120:HK2TMBGX9:2:23310:21130:6304#0/2	97.037	135	4	0	2263	2397	135	1	6.27e-57	228
NC_011593.1:2598858-2601929	NB551033:120:HK2TMBGX9:2:22111:26017:3040#0/2	100.000	123	0	0	1708	1830	1	123	6.27e-57	228
NC_011593.1:2598858-2601929	NB551033:120:HK2TMBGX9:2:23310:21130:6304#0/1	97.037	135	4	0	2263	2397	1	135	6.27e-57	228
NC_011593.1:2598858-2601929	NB551033:120:HK2TMBGX9:1:13110:10505:8920#0/1	97.015	134	4	0	2635	2768	1	134	2.25e-56	226
NC_011593.1:2598858-2601929	NB551033:120:HK2TMBGX9:3:11609:13517:6983#0/1	95.652	138	6	0	799	936	1	138	2.92e-55	222
NC_011593.1:2598858-2601929	NB551033:120:HK2TMBGX9:1:21101:22753:19762#0/2	100.000	119	0	0	937	1055	119	1	1.05e-54	220
NC_011593.1:2598858-2601929	NB551033:120:HK2TMBGX9:3:12610:8151:12446#0/1	100.000	119	0	0	899	1017	119	1	1.05e-54	220
NC_011593.1:2598858-2601929	NB551033:120:HK2TMBGX9:1:21101:22753:19762#0/1	100.000	119	0	0	937	1055	1	119	1.05e-54	220
NC_011593.1:2598858-2601929	NB551033:120:HK2TMBGX9:4:22408:22312:14528#0/2	98.374	123	2	0	2529	2651	123	1	1.36e-53	217
NC_011593.1:2598858-2601929	NB551033:120:HK2TMBGX9:4:21406:5079:9920#0/2	99.167	120	1	0	162	281	120	1	1.36e-53	217
NC_011593.1:2598858-2601929	NB551033:120:HK2TMBGX9:4:12605:7326:4981#0/2	100.000	117	0	0	1613	1729	117	1	1.36e-53	217
NC_011593.1:2598858-2601929	NB551033:120:HK2TMBGX9:2:23108:9424:1724#0/2	99.153	118	1	0	640	757	118	1	1.76e-52	213
NC_011593.1:2598858-2601929	NB551033:120:HK2TMBGX9:1:12104:12590:14723#0/2	97.581	124	3	0	2341	2464	1	124	1.76e-52	213
NC_011593.1:2598858-2601929	NB551033:120:HK2TMBGX9:2:21201:9279:10060#0/2	98.333	120	2	0	2877	2996	1	120	6.31e-52	211
NC_011593.1:2598858-2601929	NB551033:120:HK2TMBGX9:2:21201:9279:10060#0/1	98.333	120	2	0	2877	2996	120	1	6.31e-52	211
NC_011593.1:2598858-2601929	NB551033:120:HK2TMBGX9:2:13312:24010:5694#0/1	100.000	114	0	0	1941	2054	114	1	6.31e-52	211
NC_011593.1:2598858-2601929	NB551033:120:HK2TMBGX9:1:12203:3150:18300#0/1	95.455	132	6	0	475	606	1	132	6.31e-52	211
NC_011593.1:2598858-2601929	NB551033:120:HK2TMBGX9:1:23208:16410:14569#0/2	97.500	120	3	0	2830	2949	120	1	2.94e-50	206
NC_011593.1:2598858-2601929	NB551033:120:HK2TMBGX9:1:12111:1761:8640#0/2	99.123	114	1	0	2471	2584	114	1	2.94e-50	206
NC_011593.1:2598858-2601929	NB551033:120:HK2TMBGX9:1:12111:1761:8640#0/1	99.123	114	1	0	2471	2584	1	114	2.94e-50	206
NC_011593.1:2598858-2601929	NB551033:120:HK2TMBGX9:4:22408:22312:14528#0/1	98.246	114	2	0	2529	2642	1	114	1.37e-48	200
NC_011593.1:2598858-2601929	NB551033:120:HK2TMBGX9:3:13602:18376:3754#0/2	97.391	115	3	0	778	892	117	3	1.77e-47	196
NC_011593.1:2598858-2601929	NB551033:120:HK2TMBGX9:4:22601:8733:16819#0/2	99.038	104	1	0	1425	1528	104	1	1.06e-44	187
NC_011593.1:2598858-2601929	NB551033:120:HK2TMBGX9:4:22510:5091:19352#0/2	100.000	101	0	0	2402	2502	1	101	1.06e-44	187
NC_011593.1:2598858-2601929	NB551033:120:HK2TMBGX9:3:11505:14152:15366#0/2	100.000	101	0	0	2171	2271	101	1	1.06e-44	187
NC_011593.1:2598858-2601929	NB551033:120:HK2TMBGX9:4:22601:8733:16819#0/1	99.038	104	1	0	1425	1528	1	104	1.06e-44	187
NC_011593.1:2598858-2601929	NB551033:120:HK2TMBGX9:4:22509:5407:11413#0/1	96.460	113	4	0	2645	2757	113	1	1.06e-44	187
NC_011593.1:2598858-2601929	NB551033:120:HK2TMBGX9:4:22510:5091:19352#0/1	100.000	100	0	0	2403	2502	100	1	3.83e-44	185
NC_011593.1:2598858-2601929	NB551033:120:HK2TMBGX9:2:22108:15967:18574#0/2	98.058	103	2	0	1292	1394	103	1	1.78e-42	180
NC_011593.1:2598858-2601929	NB551033:120:HK2TMBGX9:3:13405:1146:3440#0/1	97.170	106	3	0	2090	2195	1	106	1.78e-42	180
NC_011593.1:2598858-2601929	NB551033:120:HK2TMBGX9:3:13404:26620:3435#0/1	97.170	106	3	0	2090	2195	1	106	1.78e-42	180
NC_011593.1:2598858-2601929	NB551033:120:HK2TMBGX9:2:22108:15967:18574#0/1	98.058	103	2	0	1292	1394	1	103	1.78e-42	180
NC_011593.1:2598858-2601929	NB551033:120:HK2TMBGX9:2:11107:7299:8931#0/1	100.000	96	0	0	1606	1701	1	96	6.40e-42	178
NC_011593.1:2598858-2601929	NB551033:120:HK2TMBGX9:4:13501:24000:8001#0/2	98.020	101	2	0	1190	1290	1	101	2.30e-41	176
NC_011593.1:2598858-2601929	NB551033:120:HK2TMBGX9:2:11107:7299:8931#0/2	100.000	95	0	0	1607	1701	95	1	2.30e-41	176
NC_011593.1:2598858-2601929	NB551033:120:HK2TMBGX9:3:13602:18376:3754#0/1	98.980	98	1	0	691	788	1	98	2.30e-41	176
NC_011593.1:2598858-2601929	NB551033:120:HK2TMBGX9:4:21508:1655:12104#0/2	97.087	103	3	0	2970	3072	150	48	8.28e-41	174
NC_011593.1:2598858-2601929	NB551033:120:HK2TMBGX9:2:13203:14890:19130#0/2	100.000	94	0	0	366	459	1	94	8.28e-41	174
NC_011593.1:2598858-2601929	NB551033:120:HK2TMBGX9:1:12309:14299:18330#0/2	98.000	100	2	0	1611	1710	1	100	8.28e-41	174
NC_011593.1:2598858-2601929	NB551033:120:HK2TMBGX9:4:13501:24000:8001#0/1	98.000	100	2	0	1191	1290	100	1	8.28e-41	174
NC_011593.1:2598858-2601929	NB551033:120:HK2TMBGX9:3:13505:16587:2012#0/2	100.000	93	0	0	1740	1832	1	93	2.98e-40	172
NC_011593.1:2598858-2601929	NB551033:120:HK2TMBGX9:3:13505:16587:2012#0/1	100.000	93	0	0	1740	1832	93	1	2.98e-40	172
NC_011593.1:2598858-2601929	NB551033:120:HK2TMBGX9:2:13203:14890:19130#0/1	100.000	93	0	0	367	459	93	1	2.98e-40	172
NC_011593.1:2598858-2601929	NB551033:120:HK2TMBGX9:3:21410:7942:5151#0/2	100.000	92	0	0	368	459	1	92	1.07e-39	171
NC_011593.1:2598858-2601929	NB551033:120:HK2TMBGX9:2:13210:20417:10747#0/2	97.959	98	2	0	33	130	98	1	1.07e-39	171
NC_011593.1:2598858-2601929	NB551033:120:HK2TMBGX9:3:21410:7942:5151#0/1	100.000	92	0	0	368	459	92	1	1.07e-39	171
NC_011593.1:2598858-2601929	NB551033:120:HK2TMBGX9:3:13404:26620:3435#0/2	97.000	100	3	0	2096	2195	100	1	3.85e-39	169
NC_011593.1:2598858-2601929	NB551033:120:HK2TMBGX9:2:22209:24441:17572#0/2	100.000	91	0	0	404	494	91	1	3.85e-39	169
NC_011593.1:2598858-2601929	NB551033:120:HK2TMBGX9:3:13405:1146:3440#0/2	96.970	99	3	0	2097	2195	99	1	1.39e-38	167
NC_011593.1:2598858-2601929	NB551033:120:HK2TMBGX9:4:22509:5407:11413#0/2	96.040	101	4	0	2645	2745	1	101	4.98e-38	165
NC_011593.1:2598858-2601929	NB551033:120:HK2TMBGX9:3:13409:22309:18095#0/2	98.913	92	1	0	1386	1477	1	92	4.98e-38	165
NC_011593.1:2598858-2601929	NB551033:120:HK2TMBGX9:1:22107:1950:10032#0/2	100.000	89	0	0	1660	1748	89	1	4.98e-38	165
NC_011593.1:2598858-2601929	NB551033:120:HK2TMBGX9:3:13409:22309:18095#0/1	98.913	92	1	0	1386	1477	92	1	4.98e-38	165
NC_011593.1:2598858-2601929	NB551033:120:HK2TMBGX9:1:22107:1950:10032#0/1	100.000	89	0	0	1660	1748	1	89	4.98e-38	165
NC_011593.1:2598858-2601929	NB551033:120:HK2TMBGX9:1:12205:20514:3009#0/2	98.876	89	1	0	2790	2878	1	89	2.32e-36	159
NC_011593.1:2598858-2601929	NB551033:120:HK2TMBGX9:1:12205:20514:3009#0/1	98.876	89	1	0	2790	2878	89	1	2.32e-36	159
NC_011593.1:2598858-2601929	NB551033:120:HK2TMBGX9:2:11203:6938:19686#0/2	96.774	93	3	0	2972	3064	93	1	3.00e-35	156
NC_011593.1:2598858-2601929	NB551033:120:HK2TMBGX9:2:11203:6938:19686#0/1	96.774	93	3	0	2972	3064	1	93	3.00e-35	156
NC_011593.1:2598858-2601929	NB551033:120:HK2TMBGX9:4:11503:2311:13867#0/2	100.000	82	0	0	1640	1721	82	1	3.88e-34	152
NC_011593.1:2598858-2601929	NB551033:120:HK2TMBGX9:4:11503:2311:13867#0/1	100.000	82	0	0	1640	1721	1	82	3.88e-34	152
NC_011593.1:2598858-2601929	NB551033:120:HK2TMBGX9:1:23210:21820:10109#0/2	100.000	81	0	0	1717	1797	81	1	1.40e-33	150
NC_011593.1:2598858-2601929	NB551033:120:HK2TMBGX9:1:23210:21820:10109#0/1	100.000	81	0	0	1717	1797	1	81	1.40e-33	150
NC_011593.1:2598858-2601929	NB551033:120:HK2TMBGX9:4:22511:21403:19748#0/2	100.000	80	0	0	974	1053	80	1	5.02e-33	148
NC_011593.1:2598858-2601929	NB551033:120:HK2TMBGX9:4:22511:21403:19748#0/1	100.000	80	0	0	974	1053	1	80	5.02e-33	148
NC_011593.1:2598858-2601929	NB551033:120:HK2TMBGX9:2:23108:9424:1724#0/1	97.674	86	2	0	465	550	1	86	5.02e-33	148
NC_011593.1:2598858-2601929	NB551033:120:HK2TMBGX9:2:13312:24010:5694#0/2	100.000	79	0	0	1941	2019	1	79	1.81e-32	147
NC_011593.1:2598858-2601929	NB551033:120:HK2TMBGX9:4:11609:11810:2900#0/1	98.780	82	1	0	2910	2991	1	82	1.81e-32	147
NC_011593.1:2598858-2601929	NB551033:120:HK2TMBGX9:4:12401:2716:4340#0/2	98.718	78	1	0	7	84	78	1	3.02e-30	139
NC_011593.1:2598858-2601929	NB551033:120:HK2TMBGX9:4:12401:2716:4340#0/1	98.718	78	1	0	7	84	1	78	3.02e-30	139
NC_011593.1:2598858-2601929	NB551033:120:HK2TMBGX9:1:13109:24757:15505#0/2	97.403	77	2	0	816	892	1	77	5.06e-28	132
NC_011593.1:2598858-2601929	NB551033:120:HK2TMBGX9:2:23212:5456:17601#0/2	96.875	64	2	0	3009	3072	87	24	8.52e-21	108
NC_011593.1:2598858-2601929	NB551033:120:HK2TMBGX9:2:23212:5456:17601#0/1	96.875	64	2	0	3009	3072	1	64	8.52e-21	108
NC_011593.1:2598858-2601929	NB551033:120:HK2TMBGX9:2:23304:11619:15256#0/1	96.825	63	2	0	3010	3072	1	63	3.06e-20	106
NC_011593.1:2598858-2601929	NB551033:120:HK2TMBGX9:1:11310:20766:6616#0/2	97.436	39	1	0	1	39	111	149	1.45e-08	67.6
NC_011593.1:2598858-2601929	NB551033:120:HK2TMBGX9:1:11310:20766:6616#0/1	97.436	39	1	0	1	39	39	1	1.45e-08	67.6
# BLASTN 2.9.0+
# Query: NC_011593.1:c2604454-2602106 Bifidobacterium longum subsp. infantis ATCC 15697, complete genome
# Database: db/blast_M0662-3F-1A_S12.faa
# 0 hits found
# BLASTN 2.9.0+
# Query: NC_011593.1:c2605922-2604486 Bifidobacterium longum subsp. infantis ATCC 15697, complete genome
# Database: db/blast_M0662-3F-1A_S12.faa
# 0 hits found
# BLASTN 2.9.0+
# Query: NC_011593.1:c2606381-2605944 Bifidobacterium longum subsp. infantis ATCC 15697, complete genome
# Database: db/blast_M0662-3F-1A_S12.faa
# 0 hits found
# BLASTN 2.9.0+
# Query: NC_011593.1:c2607314-2606418 Bifidobacterium longum subsp. infantis ATCC 15697, complete genome
# Database: db/blast_M0662-3F-1A_S12.faa
# 0 hits found
# BLASTN 2.9.0+
# Query: NC_011593.1:c2608249-2607458 Bifidobacterium longum subsp. infantis ATCC 15697, complete genome
# Database: db/blast_M0662-3F-1A_S12.faa
# 0 hits found
# BLASTN 2.9.0+
# Query: NC_011593.1:c2609546-2608269 Bifidobacterium longum subsp. infantis ATCC 15697, complete genome
# Database: db/blast_M0662-3F-1A_S12.faa
# Fields: query acc.ver, subject acc.ver, % identity, alignment length, mismatches, gap opens, q. start, q. end, s. start, s. end, evalue, bit score
# 2 hits found
NC_011593.1:c2609546-2608269	NB551033:120:HK2TMBGX9:4:21410:18901:9139#0/2	95.455	66	3	0	279	344	145	80	1.27e-20	106
NC_011593.1:c2609546-2608269	NB551033:120:HK2TMBGX9:1:11305:20206:9639#0/1	100.000	38	0	0	307	344	2	39	4.63e-10	71.3
# BLASTN 2.9.0+
# Query: NC_011593.1:c2610356-2609697 Bifidobacterium longum subsp. infantis ATCC 15697, complete genome
# Database: db/blast_M0662-3F-1A_S12.faa
# 0 hits found
# BLASTN 2.9.0+
# Query: NC_011593.1:c2611458-2610496 Bifidobacterium longum subsp. infantis ATCC 15697, complete genome
# Database: db/blast_M0662-3F-1A_S12.faa
# 0 hits found
# BLASTN 2.9.0+
# Query: NC_011593.1:c2612430-2611477 Bifidobacterium longum subsp. infantis ATCC 15697, complete genome
# Database: db/blast_M0662-3F-1A_S12.faa
# 0 hits found
# BLASTN 2.9.0+
# Query: NC_011593.1:c2614109-2612517 Bifidobacterium longum subsp. infantis ATCC 15697, complete genome
# Database: db/blast_M0662-3F-1A_S12.faa
# 0 hits found
# BLASTN 2.9.0+
# Query: NC_011593.1:c2615274-2614312 Bifidobacterium longum subsp. infantis ATCC 15697, complete genome
# Database: db/blast_M0662-3F-1A_S12.faa
# 0 hits found
# BLASTN 2.9.0+
# Query: NC_011593.1:c2616246-2615293 Bifidobacterium longum subsp. infantis ATCC 15697, complete genome
# Database: db/blast_M0662-3F-1A_S12.faa
# 0 hits found
# BLASTN 2.9.0+
# Query: NC_011593.1:c2617928-2616333 Bifidobacterium longum subsp. infantis ATCC 15697, complete genome
# Database: db/blast_M0662-3F-1A_S12.faa
# 0 hits found
# BLASTN 2.9.0+
# Query: NC_011593.1:c2619247-2618063 Bifidobacterium longum subsp. infantis ATCC 15697, complete genome
# Database: db/blast_M0662-3F-1A_S12.faa
# 0 hits found
# BLASTN 2.9.0+
# Query: NC_011593.1:c2620369-2619413 Bifidobacterium longum subsp. infantis ATCC 15697, complete genome
# Database: db/blast_M0662-3F-1A_S12.faa
# 0 hits found
# BLASTN 2.9.0+
# Query: NC_011593.1:c2622143-2620551 Bifidobacterium longum subsp. infantis ATCC 15697, complete genome
# Database: db/blast_M0662-3F-1A_S12.faa
# 0 hits found
# BLASTN 2.9.0+
# Query: NC_011593.1:c2624124-2622520 Bifidobacterium longum subsp. infantis ATCC 15697, complete genome
# Database: db/blast_M0662-3F-1A_S12.faa
# 0 hits found
# BLASTN 2.9.0+
# Query: NC_011593.1:c2626110-2624512 Bifidobacterium longum subsp. infantis ATCC 15697, complete genome
# Database: db/blast_M0662-3F-1A_S12.faa
# 0 hits found
# BLASTN 2.9.0+
# Query: NC_011593.1:c2626386-2626264 Bifidobacterium longum subsp. infantis ATCC 15697, complete genome
# Database: db/blast_M0662-3F-1A_S12.faa
# 0 hits found
# BLASTN 2.9.0+
# Query: NC_011593.1:c2628158-2626563 Bifidobacterium longum subsp. infantis ATCC 15697, complete genome
# Database: db/blast_M0662-3F-1A_S12.faa
# 0 hits found
# BLASTN 2.9.0+
# Query: NC_011593.1:c2630269-2628314 Bifidobacterium longum subsp. infantis ATCC 15697, complete genome
# Database: db/blast_M0662-3F-1A_S12.faa
# 0 hits found
# BLASTN 2.9.0+
# Query: NC_011593.1:c2631106-2630366 Bifidobacterium longum subsp. infantis ATCC 15697, complete genome
# Database: db/blast_M0662-3F-1A_S12.faa
# 0 hits found
# BLASTN 2.9.0+
# Query: NC_011593.1:c2632432-2631140 Bifidobacterium longum subsp. infantis ATCC 15697, complete genome
# Database: db/blast_M0662-3F-1A_S12.faa
# 0 hits found
# BLASTN 2.9.0+
# Query: NC_011593.1:c2633881-2632562 Bifidobacterium longum subsp. infantis ATCC 15697, complete genome
# Database: db/blast_M0662-3F-1A_S12.faa
# 0 hits found
# BLASTN 2.9.0+
# Query: NC_011593.1:c2634683-2633865 Bifidobacterium longum subsp. infantis ATCC 15697, complete genome
# Database: db/blast_M0662-3F-1A_S12.faa
# 0 hits found
# BLASTN 2.9.0+
# Query: NC_011593.1:c2635627-2634680 Bifidobacterium longum subsp. infantis ATCC 15697, complete genome
# Database: db/blast_M0662-3F-1A_S12.faa
# 0 hits found
# BLASTN 2.9.0+
# Query: NC_011593.1:c2636747-2635629 Bifidobacterium longum subsp. infantis ATCC 15697, complete genome
# Database: db/blast_M0662-3F-1A_S12.faa
# 0 hits found
# BLAST processed 31 queries
