# BLASTN 2.9.0+
# Query: NC_011593.1:c2595355-2593832 Bifidobacterium longum subsp. infantis ATCC 15697, complete genome
# Database: db/blast_M0685-1E-1A_S14.faa
# Fields: query acc.ver, subject acc.ver, % identity, alignment length, mismatches, gap opens, q. start, q. end, s. start, s. end, evalue, bit score
# 103 hits found
NC_011593.1:c2595355-2593832	NB551033:109:HG7V5BGX9:4:13412:19966:19085#0/1	99.338	151	1	0	931	1081	151	1	2.94e-71	274
NC_011593.1:c2595355-2593832	NB551033:109:HG7V5BGX9:1:11209:10719:6531#0/1	99.333	150	1	0	936	1085	150	1	1.06e-70	272
NC_011593.1:c2595355-2593832	NB551033:109:HG7V5BGX9:1:12104:11687:15952#0/2	98.658	149	2	0	439	587	1	149	1.77e-68	265
NC_011593.1:c2595355-2593832	NB551033:109:HG7V5BGX9:4:13412:19966:19085#0/2	98.000	150	3	0	828	977	1	150	2.29e-67	261
NC_011593.1:c2595355-2593832	NB551033:109:HG7V5BGX9:4:13408:15014:4493#0/2	97.959	147	3	0	338	484	1	147	1.06e-65	255
NC_011593.1:c2595355-2593832	NB551033:109:HG7V5BGX9:3:21601:15761:9868#0/2	97.333	150	4	0	53	202	150	1	1.06e-65	255
NC_011593.1:c2595355-2593832	NB551033:109:HG7V5BGX9:3:11506:23335:19905#0/2	97.333	150	4	0	842	991	1	150	1.06e-65	255
NC_011593.1:c2595355-2593832	NB551033:109:HG7V5BGX9:1:11209:10719:6531#0/2	97.333	150	4	0	796	945	1	150	1.06e-65	255
NC_011593.1:c2595355-2593832	NB551033:109:HG7V5BGX9:1:21203:23821:7459#0/2	97.315	149	4	0	181	329	2	150	3.83e-65	254
NC_011593.1:c2595355-2593832	NB551033:109:HG7V5BGX9:1:21203:23821:7459#0/1	97.315	149	4	0	182	330	150	2	3.83e-65	254
NC_011593.1:c2595355-2593832	NB551033:109:HG7V5BGX9:1:12104:11687:15952#0/1	96.689	151	5	0	585	735	151	1	1.38e-64	252
NC_011593.1:c2595355-2593832	NB551033:109:HG7V5BGX9:3:21601:15761:9868#0/1	97.241	145	4	0	52	196	6	150	6.40e-63	246
NC_011593.1:c2595355-2593832	NB551033:109:HG7V5BGX9:3:23604:1645:18900#0/2	96.000	150	6	0	425	574	150	1	2.30e-62	244
NC_011593.1:c2595355-2593832	NB551033:109:HG7V5BGX9:1:22110:3911:5421#0/1	96.000	150	6	0	655	804	150	1	2.30e-62	244
NC_011593.1:c2595355-2593832	NB551033:109:HG7V5BGX9:4:21507:9550:1524#0/2	99.248	133	1	0	377	509	1	133	2.98e-61	241
NC_011593.1:c2595355-2593832	NB551033:109:HG7V5BGX9:4:11401:18642:4589#0/2	95.364	151	7	0	383	533	151	1	2.98e-61	241
NC_011593.1:c2595355-2593832	NB551033:109:HG7V5BGX9:4:21507:9550:1524#0/1	99.248	133	1	0	377	509	133	1	2.98e-61	241
NC_011593.1:c2595355-2593832	NB551033:109:HG7V5BGX9:3:23608:8403:8768#0/1	95.333	150	7	0	672	821	1	150	1.07e-60	239
NC_011593.1:c2595355-2593832	NB551033:109:HG7V5BGX9:1:23305:22978:12800#0/1	95.302	149	7	0	416	564	149	1	3.85e-60	237
NC_011593.1:c2595355-2593832	NB551033:109:HG7V5BGX9:1:22101:6746:13937#0/2	95.804	143	6	0	377	519	143	1	1.79e-58	231
NC_011593.1:c2595355-2593832	NB551033:109:HG7V5BGX9:1:22101:6746:13937#0/1	95.804	143	6	0	377	519	1	143	1.79e-58	231
NC_011593.1:c2595355-2593832	NB551033:109:HG7V5BGX9:1:21102:17993:15492#0/2	96.923	130	4	0	429	558	1	130	1.40e-54	219
NC_011593.1:c2595355-2593832	NB551033:109:HG7V5BGX9:4:21412:7118:10520#0/1	96.923	130	4	0	429	558	1	130	1.40e-54	219
NC_011593.1:c2595355-2593832	NB551033:109:HG7V5BGX9:4:21412:2515:7069#0/1	96.923	130	4	0	429	558	1	130	1.40e-54	219
NC_011593.1:c2595355-2593832	NB551033:109:HG7V5BGX9:1:21111:26000:6124#0/2	95.489	133	6	0	377	509	133	1	6.50e-53	213
NC_011593.1:c2595355-2593832	NB551033:109:HG7V5BGX9:3:13406:24188:4827#0/1	96.124	129	5	0	430	558	1	129	2.34e-52	211
NC_011593.1:c2595355-2593832	NB551033:109:HG7V5BGX9:3:13410:11458:8015#0/1	95.968	124	5	0	707	830	1	124	1.41e-49	202
NC_011593.1:c2595355-2593832	NB551033:109:HG7V5BGX9:3:21501:9982:8085#0/2	95.200	125	6	0	488	612	1	125	1.82e-48	198
NC_011593.1:c2595355-2593832	NB551033:109:HG7V5BGX9:3:21501:9982:8085#0/1	99.091	110	1	0	727	836	110	1	1.82e-48	198
NC_011593.1:c2595355-2593832	NB551033:109:HG7V5BGX9:4:13507:14602:16240#0/1	96.610	118	4	0	429	546	1	118	6.54e-48	196
NC_011593.1:c2595355-2593832	NB551033:109:HG7V5BGX9:3:23604:1645:18900#0/1	96.610	118	4	0	377	494	1	118	6.54e-48	196
NC_011593.1:c2595355-2593832	NB551033:109:HG7V5BGX9:1:22309:11910:17258#0/1	96.581	117	4	0	427	543	117	1	2.35e-47	195
NC_011593.1:c2595355-2593832	NB551033:109:HG7V5BGX9:4:11608:20139:1195#0/2	95.798	119	5	0	372	490	1	119	8.46e-47	193
NC_011593.1:c2595355-2593832	NB551033:109:HG7V5BGX9:2:21110:10069:15990#0/1	95.000	120	6	0	355	474	121	2	1.09e-45	189
NC_011593.1:c2595355-2593832	NB551033:109:HG7V5BGX9:2:21312:10548:17159#0/2	96.460	113	4	0	692	804	113	1	3.94e-45	187
NC_011593.1:c2595355-2593832	NB551033:109:HG7V5BGX9:3:11506:23335:19905#0/1	98.131	107	2	0	908	1014	107	1	3.94e-45	187
NC_011593.1:c2595355-2593832	NB551033:109:HG7V5BGX9:4:11503:4397:6025#0/1	95.614	114	5	0	372	485	114	1	5.09e-44	183
NC_011593.1:c2595355-2593832	NB551033:109:HG7V5BGX9:4:11503:4397:6025#0/2	95.495	111	5	0	372	482	1	111	2.37e-42	178
NC_011593.1:c2595355-2593832	NB551033:109:HG7V5BGX9:1:23307:13810:14087#0/2	100.000	96	0	0	546	641	1	96	2.37e-42	178
NC_011593.1:c2595355-2593832	NB551033:109:HG7V5BGX9:4:22406:11682:10783#0/1	95.495	111	5	0	444	554	1	111	2.37e-42	178
NC_011593.1:c2595355-2593832	NB551033:109:HG7V5BGX9:1:23307:13810:14087#0/1	98.980	98	1	0	546	643	98	1	8.52e-42	176
NC_011593.1:c2595355-2593832	NB551033:109:HG7V5BGX9:2:12308:7803:2478#0/2	96.154	104	4	0	727	830	1	104	3.97e-40	171
NC_011593.1:c2595355-2593832	NB551033:109:HG7V5BGX9:2:23304:23980:7692#0/2	96.117	103	4	0	707	809	103	1	1.43e-39	169
NC_011593.1:c2595355-2593832	NB551033:109:HG7V5BGX9:1:21306:18229:15996#0/2	96.117	103	4	0	707	809	103	1	1.43e-39	169
NC_011593.1:c2595355-2593832	NB551033:109:HG7V5BGX9:1:11108:13824:19098#0/2	96.117	103	4	0	692	794	103	1	1.43e-39	169
NC_011593.1:c2595355-2593832	NB551033:109:HG7V5BGX9:2:23304:23980:7692#0/1	96.117	103	4	0	707	809	1	103	1.43e-39	169
NC_011593.1:c2595355-2593832	NB551033:109:HG7V5BGX9:1:21306:18229:15996#0/1	96.117	103	4	0	707	809	1	103	1.43e-39	169
NC_011593.1:c2595355-2593832	NB551033:109:HG7V5BGX9:4:13408:15014:4493#0/1	96.939	98	3	0	449	546	98	1	1.84e-38	165
NC_011593.1:c2595355-2593832	NB551033:109:HG7V5BGX9:3:21606:22201:17370#0/1	96.040	101	4	0	441	541	1	101	1.84e-38	165
NC_011593.1:c2595355-2593832	NB551033:109:HG7V5BGX9:4:11508:17690:18919#0/2	96.000	100	4	0	429	528	100	1	6.64e-38	163
NC_011593.1:c2595355-2593832	NB551033:109:HG7V5BGX9:4:11508:17690:18919#0/1	96.000	100	4	0	429	528	1	100	6.64e-38	163
NC_011593.1:c2595355-2593832	NB551033:109:HG7V5BGX9:2:23102:18164:16449#0/1	95.146	103	5	0	372	474	1	103	6.64e-38	163
NC_011593.1:c2595355-2593832	NB551033:109:HG7V5BGX9:1:11108:13824:19098#0/1	95.146	103	5	0	692	794	1	103	6.64e-38	163
NC_011593.1:c2595355-2593832	NB551033:109:HG7V5BGX9:4:22506:16305:4401#0/2	95.050	101	5	0	500	600	101	1	8.58e-37	159
NC_011593.1:c2595355-2593832	NB551033:109:HG7V5BGX9:3:12404:15682:16785#0/2	96.739	92	3	0	377	468	92	1	3.99e-35	154
NC_011593.1:c2595355-2593832	NB551033:109:HG7V5BGX9:3:12404:15682:16785#0/1	96.739	92	3	0	377	468	1	92	3.99e-35	154
NC_011593.1:c2595355-2593832	NB551033:109:HG7V5BGX9:4:22612:7454:15678#0/2	96.591	88	3	0	844	931	1	88	6.68e-33	147
NC_011593.1:c2595355-2593832	NB551033:109:HG7V5BGX9:4:22612:7454:15678#0/1	96.591	88	3	0	844	931	88	1	6.68e-33	147
NC_011593.1:c2595355-2593832	NB551033:109:HG7V5BGX9:4:13602:3672:20351#0/2	98.765	81	1	0	944	1024	81	1	2.40e-32	145
NC_011593.1:c2595355-2593832	NB551033:109:HG7V5BGX9:1:23203:23838:11288#0/2	95.556	90	4	0	192	281	90	1	2.40e-32	145
NC_011593.1:c2595355-2593832	NB551033:109:HG7V5BGX9:3:22404:10527:15484#0/2	95.506	89	4	0	502	590	89	1	8.64e-32	143
NC_011593.1:c2595355-2593832	NB551033:109:HG7V5BGX9:3:13604:21656:13322#0/1	95.402	87	4	0	472	558	1	87	1.12e-30	139
NC_011593.1:c2595355-2593832	NB551033:109:HG7V5BGX9:2:12308:19814:16324#0/2	96.203	79	3	0	707	785	1	79	6.73e-28	130
NC_011593.1:c2595355-2593832	NB551033:109:HG7V5BGX9:2:12308:19814:16324#0/1	96.203	79	3	0	707	785	80	2	6.73e-28	130
NC_011593.1:c2595355-2593832	NB551033:109:HG7V5BGX9:3:22501:24720:4254#0/2	97.297	74	2	0	1395	1468	1	74	8.71e-27	126
NC_011593.1:c2595355-2593832	NB551033:109:HG7V5BGX9:3:22501:24720:4254#0/1	97.297	74	2	0	1395	1468	74	1	8.71e-27	126
NC_011593.1:c2595355-2593832	NB551033:109:HG7V5BGX9:3:22408:4967:12862#0/1	97.297	74	2	0	757	830	84	11	8.71e-27	126
NC_011593.1:c2595355-2593832	NB551033:109:HG7V5BGX9:3:22406:17534:3708#0/2	96.053	76	3	0	434	509	1	76	3.13e-26	124
NC_011593.1:c2595355-2593832	NB551033:109:HG7V5BGX9:3:22406:17534:3708#0/1	96.053	76	3	0	434	509	76	1	3.13e-26	124
NC_011593.1:c2595355-2593832	NB551033:109:HG7V5BGX9:1:22110:3911:5421#0/2	98.551	69	1	0	609	677	1	69	1.13e-25	122
NC_011593.1:c2595355-2593832	NB551033:109:HG7V5BGX9:3:22406:18707:18436#0/2	97.059	68	2	0	763	830	1	68	1.88e-23	115
NC_011593.1:c2595355-2593832	NB551033:109:HG7V5BGX9:1:13301:6103:6427#0/1	97.059	68	2	0	763	830	1	68	1.88e-23	115
NC_011593.1:c2595355-2593832	NB551033:109:HG7V5BGX9:2:21306:22480:2815#0/2	95.714	70	3	0	707	776	70	1	6.78e-23	113
NC_011593.1:c2595355-2593832	NB551033:109:HG7V5BGX9:1:22110:20805:6294#0/2	95.714	70	3	0	707	776	1	70	6.78e-23	113
NC_011593.1:c2595355-2593832	NB551033:109:HG7V5BGX9:2:21306:22480:2815#0/1	95.714	70	3	0	707	776	1	70	6.78e-23	113
NC_011593.1:c2595355-2593832	NB551033:109:HG7V5BGX9:1:22110:20805:6294#0/1	95.714	70	3	0	707	776	70	1	6.78e-23	113
NC_011593.1:c2595355-2593832	NB551033:109:HG7V5BGX9:3:21512:14951:9672#0/2	95.588	68	3	0	1117	1184	1	68	8.77e-22	110
NC_011593.1:c2595355-2593832	NB551033:109:HG7V5BGX9:3:21512:14951:9672#0/1	96.923	65	2	0	1120	1184	67	3	8.77e-22	110
NC_011593.1:c2595355-2593832	NB551033:109:HG7V5BGX9:1:23208:17911:13987#0/1	98.387	62	1	0	429	490	1	62	8.77e-22	110
NC_011593.1:c2595355-2593832	NB551033:109:HG7V5BGX9:4:22610:17469:14901#0/2	98.333	60	1	0	499	558	64	5	1.13e-20	106
NC_011593.1:c2595355-2593832	NB551033:109:HG7V5BGX9:2:21307:13018:5352#0/2	96.825	63	2	0	768	830	1	63	1.13e-20	106
NC_011593.1:c2595355-2593832	NB551033:109:HG7V5BGX9:4:22506:16305:4401#0/1	98.305	59	1	0	500	558	1	59	4.08e-20	104
NC_011593.1:c2595355-2593832	NB551033:109:HG7V5BGX9:3:21402:12098:8969#0/1	98.305	59	1	0	500	558	1	59	4.08e-20	104
NC_011593.1:c2595355-2593832	NB551033:109:HG7V5BGX9:2:12108:20093:17745#0/1	98.305	59	1	0	500	558	1	59	4.08e-20	104
NC_011593.1:c2595355-2593832	NB551033:109:HG7V5BGX9:3:22408:4967:12862#0/2	98.276	58	1	0	757	814	2	59	1.47e-19	102
NC_011593.1:c2595355-2593832	NB551033:109:HG7V5BGX9:2:23209:17519:3185#0/1	96.721	61	2	0	1120	1180	61	1	1.47e-19	102
NC_011593.1:c2595355-2593832	NB551033:109:HG7V5BGX9:1:22303:4946:12895#0/1	98.276	58	1	0	501	558	1	58	1.47e-19	102
NC_011593.1:c2595355-2593832	NB551033:109:HG7V5BGX9:2:13203:8540:7131#0/2	98.246	57	1	0	1414	1470	1	57	5.28e-19	100
NC_011593.1:c2595355-2593832	NB551033:109:HG7V5BGX9:3:22404:10527:15484#0/1	98.246	57	1	0	502	558	1	57	5.28e-19	100
NC_011593.1:c2595355-2593832	NB551033:109:HG7V5BGX9:1:23203:23838:11288#0/1	98.246	57	1	0	129	185	1	57	5.28e-19	100
NC_011593.1:c2595355-2593832	NB551033:109:HG7V5BGX9:4:13602:3672:20351#0/1	98.214	56	1	0	944	999	1	56	1.90e-18	99.0
NC_011593.1:c2595355-2593832	NB551033:109:HG7V5BGX9:3:21511:21090:2758#0/2	98.182	55	1	0	429	483	1	55	6.83e-18	97.1
NC_011593.1:c2595355-2593832	NB551033:109:HG7V5BGX9:3:21511:21090:2758#0/1	98.182	55	1	0	429	483	55	1	6.83e-18	97.1
NC_011593.1:c2595355-2593832	NB551033:109:HG7V5BGX9:4:11405:17975:1954#0/2	95.000	60	3	0	732	791	60	1	2.46e-17	95.3
NC_011593.1:c2595355-2593832	NB551033:109:HG7V5BGX9:4:11405:17975:1954#0/1	95.000	60	3	0	732	791	1	60	2.46e-17	95.3
NC_011593.1:c2595355-2593832	NB551033:109:HG7V5BGX9:2:21307:13018:5352#0/1	96.429	56	2	0	775	830	60	5	8.83e-17	93.5
NC_011593.1:c2595355-2593832	NB551033:109:HG7V5BGX9:1:12302:20543:14510#0/1	98.077	52	1	0	500	551	1	52	3.18e-16	91.6
NC_011593.1:c2595355-2593832	NB551033:109:HG7V5BGX9:2:22312:8852:3132#0/1	97.959	49	1	0	1422	1470	1	49	1.48e-14	86.1
NC_011593.1:c2595355-2593832	NB551033:109:HG7V5BGX9:2:23105:16457:18148#0/2	97.917	48	1	0	511	558	1	48	5.31e-14	84.2
NC_011593.1:c2595355-2593832	NB551033:109:HG7V5BGX9:4:13509:25452:7433#0/1	97.917	48	1	0	511	558	1	48	5.31e-14	84.2
NC_011593.1:c2595355-2593832	NB551033:109:HG7V5BGX9:2:22203:5410:4453#0/2	96.000	50	2	0	715	764	50	1	1.91e-13	82.4
NC_011593.1:c2595355-2593832	NB551033:109:HG7V5BGX9:4:13403:2203:12152#0/1	95.833	48	2	0	783	830	1	48	2.47e-12	78.7
NC_011593.1:c2595355-2593832	NB551033:109:HG7V5BGX9:2:11104:9366:14850#0/1	97.727	44	1	0	787	830	2	45	8.89e-12	76.8
# BLASTN 2.9.0+
# Query: NC_011593.1:c2597106-2595574 Bifidobacterium longum subsp. infantis ATCC 15697, complete genome
# Database: db/blast_M0685-1E-1A_S14.faa
# Fields: query acc.ver, subject acc.ver, % identity, alignment length, mismatches, gap opens, q. start, q. end, s. start, s. end, evalue, bit score
# 31 hits found
NC_011593.1:c2597106-2595574	NB551033:109:HG7V5BGX9:4:21507:9550:1524#0/1	96.774	124	4	0	386	509	124	1	3.04e-51	207
NC_011593.1:c2597106-2595574	NB551033:109:HG7V5BGX9:2:23309:4629:11955#0/2	95.276	127	6	0	403	529	127	1	1.41e-49	202
NC_011593.1:c2597106-2595574	NB551033:109:HG7V5BGX9:1:21102:17993:15492#0/2	95.276	127	6	0	429	555	1	127	1.41e-49	202
NC_011593.1:c2597106-2595574	NB551033:109:HG7V5BGX9:4:21412:7118:10520#0/1	95.276	127	6	0	429	555	1	127	1.41e-49	202
NC_011593.1:c2597106-2595574	NB551033:109:HG7V5BGX9:4:21412:2515:7069#0/1	95.276	127	6	0	429	555	1	127	1.41e-49	202
NC_011593.1:c2597106-2595574	NB551033:109:HG7V5BGX9:1:22309:11910:17258#0/1	97.368	114	3	0	427	540	117	4	2.37e-47	195
NC_011593.1:c2597106-2595574	NB551033:109:HG7V5BGX9:4:13507:14602:16240#0/1	97.321	112	3	0	429	540	1	112	3.06e-46	191
NC_011593.1:c2597106-2595574	NB551033:109:HG7V5BGX9:4:11508:17690:18919#0/2	97.000	100	3	0	429	528	100	1	1.43e-39	169
NC_011593.1:c2597106-2595574	NB551033:109:HG7V5BGX9:2:21110:20231:10482#0/2	95.283	106	5	0	147	252	1	106	1.43e-39	169
NC_011593.1:c2597106-2595574	NB551033:109:HG7V5BGX9:4:11508:17690:18919#0/1	97.000	100	3	0	429	528	1	100	1.43e-39	169
NC_011593.1:c2597106-2595574	NB551033:109:HG7V5BGX9:3:21606:22201:17370#0/1	97.000	100	3	0	441	540	1	100	1.43e-39	169
NC_011593.1:c2597106-2595574	NB551033:109:HG7V5BGX9:2:21110:20231:10482#0/1	95.283	106	5	0	147	252	106	1	1.43e-39	169
NC_011593.1:c2597106-2595574	NB551033:109:HG7V5BGX9:3:22408:4967:12862#0/1	95.238	84	4	0	757	840	84	1	5.23e-29	134
NC_011593.1:c2597106-2595574	NB551033:109:HG7V5BGX9:3:22406:17534:3708#0/2	97.368	76	2	0	434	509	1	76	6.77e-28	130
NC_011593.1:c2597106-2595574	NB551033:109:HG7V5BGX9:3:22406:17534:3708#0/1	97.368	76	2	0	434	509	76	1	6.77e-28	130
NC_011593.1:c2597106-2595574	NB551033:109:HG7V5BGX9:3:22501:24720:4254#0/2	97.297	74	2	0	1395	1468	1	74	8.76e-27	126
NC_011593.1:c2597106-2595574	NB551033:109:HG7V5BGX9:3:22406:18707:18436#0/2	95.000	80	4	0	763	842	1	80	8.76e-27	126
NC_011593.1:c2597106-2595574	NB551033:109:HG7V5BGX9:3:22501:24720:4254#0/1	97.297	74	2	0	1395	1468	74	1	8.76e-27	126
NC_011593.1:c2597106-2595574	NB551033:109:HG7V5BGX9:4:13605:25136:4687#0/2	95.833	72	3	0	1101	1172	72	1	5.27e-24	117
NC_011593.1:c2597106-2595574	NB551033:109:HG7V5BGX9:2:11212:2359:20060#0/2	95.833	72	3	0	771	842	74	3	5.27e-24	117
NC_011593.1:c2597106-2595574	NB551033:109:HG7V5BGX9:1:23208:17911:13987#0/1	98.387	62	1	0	429	490	1	62	8.82e-22	110
NC_011593.1:c2597106-2595574	NB551033:109:HG7V5BGX9:2:21307:13018:5352#0/2	96.875	64	2	0	768	831	1	64	3.17e-21	108
NC_011593.1:c2597106-2595574	NB551033:109:HG7V5BGX9:2:13203:8540:7131#0/2	98.246	57	1	0	1414	1470	1	57	5.31e-19	100
NC_011593.1:c2597106-2595574	NB551033:109:HG7V5BGX9:2:23209:17519:3185#0/1	96.610	59	2	0	1120	1178	61	3	1.91e-18	99.0
NC_011593.1:c2597106-2595574	NB551033:109:HG7V5BGX9:3:22408:4967:12862#0/2	96.552	58	2	0	757	814	2	59	6.87e-18	97.1
NC_011593.1:c2597106-2595574	NB551033:109:HG7V5BGX9:3:21511:21090:2758#0/2	98.182	55	1	0	429	483	1	55	6.87e-18	97.1
NC_011593.1:c2597106-2595574	NB551033:109:HG7V5BGX9:3:21511:21090:2758#0/1	98.182	55	1	0	429	483	55	1	6.87e-18	97.1
NC_011593.1:c2597106-2595574	NB551033:109:HG7V5BGX9:2:21307:13018:5352#0/1	95.000	60	3	0	775	834	60	1	2.47e-17	95.3
NC_011593.1:c2597106-2595574	NB551033:109:HG7V5BGX9:1:21110:20780:10516#0/2	96.364	55	2	0	154	208	1	55	3.19e-16	91.6
NC_011593.1:c2597106-2595574	NB551033:109:HG7V5BGX9:1:21110:20780:10516#0/1	96.364	55	2	0	154	208	55	1	3.19e-16	91.6
NC_011593.1:c2597106-2595574	NB551033:109:HG7V5BGX9:2:22312:8852:3132#0/1	97.959	49	1	0	1422	1470	1	49	1.49e-14	86.1
# BLASTN 2.9.0+
# Query: NC_011593.1:c2598562-2597207 Bifidobacterium longum subsp. infantis ATCC 15697, complete genome
# Database: db/blast_M0685-1E-1A_S14.faa
# Fields: query acc.ver, subject acc.ver, % identity, alignment length, mismatches, gap opens, q. start, q. end, s. start, s. end, evalue, bit score
# 69 hits found
NC_011593.1:c2598562-2597207	NB551033:109:HG7V5BGX9:1:23209:11782:14456#0/2	100.000	151	0	0	908	1058	1	151	5.61e-73	279
NC_011593.1:c2598562-2597207	NB551033:109:HG7V5BGX9:1:23111:19362:15969#0/2	100.000	151	0	0	727	877	1	151	5.61e-73	279
NC_011593.1:c2598562-2597207	NB551033:109:HG7V5BGX9:3:13603:23148:15391#0/1	100.000	151	0	0	734	884	1	151	5.61e-73	279
NC_011593.1:c2598562-2597207	NB551033:109:HG7V5BGX9:3:13603:3576:11827#0/1	100.000	151	0	0	784	934	1	151	5.61e-73	279
NC_011593.1:c2598562-2597207	NB551033:109:HG7V5BGX9:3:13603:23148:15391#0/2	100.000	150	0	0	774	923	150	1	2.02e-72	278
NC_011593.1:c2598562-2597207	NB551033:109:HG7V5BGX9:1:22208:23593:7684#0/2	100.000	150	0	0	504	653	150	1	2.02e-72	278
NC_011593.1:c2598562-2597207	NB551033:109:HG7V5BGX9:1:22208:23593:7684#0/1	100.000	150	0	0	477	626	1	150	2.02e-72	278
NC_011593.1:c2598562-2597207	NB551033:109:HG7V5BGX9:1:11107:13255:3187#0/2	100.000	149	0	0	888	1036	149	1	7.25e-72	276
NC_011593.1:c2598562-2597207	NB551033:109:HG7V5BGX9:4:11412:3318:13598#0/2	99.338	151	1	0	158	308	1	151	2.61e-71	274
NC_011593.1:c2598562-2597207	NB551033:109:HG7V5BGX9:3:13603:3576:11827#0/2	99.333	150	1	0	819	968	150	1	9.38e-71	272
NC_011593.1:c2598562-2597207	NB551033:109:HG7V5BGX9:3:21505:20244:7942#0/2	98.667	150	2	0	256	405	1	150	4.36e-69	267
NC_011593.1:c2598562-2597207	NB551033:109:HG7V5BGX9:1:22110:13477:2468#0/1	100.000	139	0	0	1114	1252	150	12	2.63e-66	257
NC_011593.1:c2598562-2597207	NB551033:109:HG7V5BGX9:1:23111:19362:15969#0/1	100.000	138	0	0	777	914	138	1	9.45e-66	255
NC_011593.1:c2598562-2597207	NB551033:109:HG7V5BGX9:4:23612:8304:15659#0/2	100.000	137	0	0	883	1019	137	1	3.40e-65	254
NC_011593.1:c2598562-2597207	NB551033:109:HG7V5BGX9:4:23612:8304:15659#0/1	100.000	137	0	0	883	1019	1	137	3.40e-65	254
NC_011593.1:c2598562-2597207	NB551033:109:HG7V5BGX9:4:21501:3719:12330#0/2	96.689	151	5	0	1045	1195	1	151	1.22e-64	252
NC_011593.1:c2598562-2597207	NB551033:109:HG7V5BGX9:2:12111:8559:10426#0/1	96.026	151	6	0	1034	1184	1	151	5.69e-63	246
NC_011593.1:c2598562-2597207	NB551033:109:HG7V5BGX9:4:11602:24801:7131#0/1	96.000	150	6	0	1053	1202	1	150	2.04e-62	244
NC_011593.1:c2598562-2597207	NB551033:109:HG7V5BGX9:3:21603:10032:13870#0/2	96.528	144	5	0	1039	1182	144	1	9.51e-61	239
NC_011593.1:c2598562-2597207	NB551033:109:HG7V5BGX9:3:21603:10032:13870#0/1	95.918	147	6	0	1036	1182	1	147	9.51e-61	239
NC_011593.1:c2598562-2597207	NB551033:109:HG7V5BGX9:4:11603:4098:17358#0/1	97.692	130	3	0	717	846	130	1	2.66e-56	224
NC_011593.1:c2598562-2597207	NB551033:109:HG7V5BGX9:4:11603:4098:17358#0/2	100.000	120	0	0	689	808	1	120	9.58e-56	222
NC_011593.1:c2598562-2597207	NB551033:109:HG7V5BGX9:4:21409:10862:17259#0/2	95.522	134	6	0	1090	1223	1	134	1.60e-53	215
NC_011593.1:c2598562-2597207	NB551033:109:HG7V5BGX9:4:21501:3719:12330#0/1	96.094	128	5	0	1069	1196	128	1	7.46e-52	209
NC_011593.1:c2598562-2597207	NB551033:109:HG7V5BGX9:1:22112:2293:1699#0/1	100.000	105	0	0	960	1064	1	105	2.09e-47	195
NC_011593.1:c2598562-2597207	NB551033:109:HG7V5BGX9:1:22112:2293:1699#0/2	100.000	103	0	0	962	1064	134	32	2.70e-46	191
NC_011593.1:c2598562-2597207	NB551033:109:HG7V5BGX9:4:11412:3318:13598#0/1	97.321	112	3	0	342	453	112	1	2.70e-46	191
NC_011593.1:c2598562-2597207	NB551033:109:HG7V5BGX9:1:22105:2757:13797#0/2	100.000	98	0	0	967	1064	148	51	1.63e-43	182
NC_011593.1:c2598562-2597207	NB551033:109:HG7V5BGX9:1:22105:2757:13797#0/1	100.000	98	0	0	967	1064	1	98	1.63e-43	182
NC_011593.1:c2598562-2597207	NB551033:109:HG7V5BGX9:3:23509:9285:14233#0/2	100.000	95	0	0	894	988	1	95	7.57e-42	176
NC_011593.1:c2598562-2597207	NB551033:109:HG7V5BGX9:2:12206:22196:3774#0/2	96.190	105	4	0	811	915	105	1	9.79e-41	172
NC_011593.1:c2598562-2597207	NB551033:109:HG7V5BGX9:1:12210:10605:3157#0/2	100.000	92	0	0	747	838	1	92	3.52e-40	171
NC_011593.1:c2598562-2597207	NB551033:109:HG7V5BGX9:3:23509:9285:14233#0/1	100.000	92	0	0	897	988	92	1	3.52e-40	171
NC_011593.1:c2598562-2597207	NB551033:109:HG7V5BGX9:3:21505:20244:7942#0/1	97.959	98	2	0	318	415	98	1	3.52e-40	171
NC_011593.1:c2598562-2597207	NB551033:109:HG7V5BGX9:1:12210:10605:3157#0/1	100.000	92	0	0	747	838	92	1	3.52e-40	171
NC_011593.1:c2598562-2597207	NB551033:109:HG7V5BGX9:1:11107:13255:3187#0/1	100.000	90	0	0	713	802	1	90	4.55e-39	167
NC_011593.1:c2598562-2597207	NB551033:109:HG7V5BGX9:3:21410:4879:2384#0/2	96.939	98	3	0	139	236	49	146	1.64e-38	165
NC_011593.1:c2598562-2597207	NB551033:109:HG7V5BGX9:3:21410:4879:2384#0/1	96.939	98	3	0	324	421	98	1	1.64e-38	165
NC_011593.1:c2598562-2597207	NB551033:109:HG7V5BGX9:2:11201:14432:10205#0/1	100.000	88	0	0	477	564	1	88	5.89e-38	163
NC_011593.1:c2598562-2597207	NB551033:109:HG7V5BGX9:2:12104:13510:13822#0/1	100.000	82	0	0	138	219	82	1	1.27e-34	152
NC_011593.1:c2598562-2597207	NB551033:109:HG7V5BGX9:1:12209:4326:10041#0/2	100.000	80	0	0	811	890	1	80	1.65e-33	148
NC_011593.1:c2598562-2597207	NB551033:109:HG7V5BGX9:1:12209:4326:10041#0/1	100.000	80	0	0	811	890	82	3	1.65e-33	148
NC_011593.1:c2598562-2597207	NB551033:109:HG7V5BGX9:4:21409:10862:17259#0/1	95.506	89	4	0	1135	1223	89	1	7.67e-32	143
NC_011593.1:c2598562-2597207	NB551033:109:HG7V5BGX9:2:11201:14432:10205#0/2	100.000	76	0	0	528	603	76	1	2.76e-31	141
NC_011593.1:c2598562-2597207	NB551033:109:HG7V5BGX9:1:12105:24901:13321#0/1	100.000	75	0	0	186	260	1	75	9.93e-31	139
NC_011593.1:c2598562-2597207	NB551033:109:HG7V5BGX9:3:23411:13743:6668#0/1	100.000	74	0	0	980	1053	1	74	3.57e-30	137
NC_011593.1:c2598562-2597207	NB551033:109:HG7V5BGX9:3:23411:13743:6668#0/2	100.000	72	0	0	980	1051	74	3	4.62e-29	134
NC_011593.1:c2598562-2597207	NB551033:109:HG7V5BGX9:1:12105:24901:13321#0/2	100.000	70	0	0	232	301	70	1	5.97e-28	130
NC_011593.1:c2598562-2597207	NB551033:109:HG7V5BGX9:3:13512:16327:18298#0/2	96.000	75	3	0	832	906	75	1	1.00e-25	122
NC_011593.1:c2598562-2597207	NB551033:109:HG7V5BGX9:4:12503:19593:2747#0/2	97.183	71	2	0	1182	1252	1	71	3.60e-25	121
NC_011593.1:c2598562-2597207	NB551033:109:HG7V5BGX9:3:23509:13939:12667#0/2	100.000	64	0	0	1058	1121	64	1	1.29e-24	119
NC_011593.1:c2598562-2597207	NB551033:109:HG7V5BGX9:3:23509:13939:12667#0/1	100.000	64	0	0	1058	1121	6	69	1.29e-24	119
NC_011593.1:c2598562-2597207	NB551033:109:HG7V5BGX9:2:12206:22196:3774#0/1	95.775	71	3	0	808	878	80	150	1.67e-23	115
NC_011593.1:c2598562-2597207	NB551033:109:HG7V5BGX9:1:13308:26277:18813#0/2	98.387	62	1	0	145	206	62	1	7.78e-22	110
NC_011593.1:c2598562-2597207	NB551033:109:HG7V5BGX9:2:22206:21323:4380#0/2	100.000	53	0	0	1009	1061	53	1	1.68e-18	99.0
NC_011593.1:c2598562-2597207	NB551033:109:HG7V5BGX9:2:22206:21323:4380#0/1	100.000	53	0	0	1009	1061	1	53	1.68e-18	99.0
NC_011593.1:c2598562-2597207	NB551033:109:HG7V5BGX9:3:13506:4795:7284#0/2	98.148	54	1	0	915	968	1	54	2.18e-17	95.3
NC_011593.1:c2598562-2597207	NB551033:109:HG7V5BGX9:3:13506:4795:7284#0/1	98.148	54	1	0	915	968	54	1	2.18e-17	95.3
NC_011593.1:c2598562-2597207	NB551033:109:HG7V5BGX9:1:23209:11782:14456#0/1	100.000	51	0	0	1014	1064	112	62	2.18e-17	95.3
NC_011593.1:c2598562-2597207	NB551033:109:HG7V5BGX9:3:23408:12813:3798#0/2	98.077	52	1	0	1029	1080	1	52	2.82e-16	91.6
NC_011593.1:c2598562-2597207	NB551033:109:HG7V5BGX9:3:23408:12813:3798#0/1	98.077	52	1	0	1029	1080	52	1	2.82e-16	91.6
NC_011593.1:c2598562-2597207	NB551033:109:HG7V5BGX9:4:12608:15722:6795#0/2	100.000	45	0	0	1301	1345	85	129	4.72e-14	84.2
NC_011593.1:c2598562-2597207	NB551033:109:HG7V5BGX9:4:12608:15722:6795#0/1	100.000	45	0	0	1301	1345	45	1	4.72e-14	84.2
NC_011593.1:c2598562-2597207	NB551033:109:HG7V5BGX9:3:13508:20253:5046#0/2	95.455	44	2	0	390	433	3	46	3.67e-10	71.3
NC_011593.1:c2598562-2597207	NB551033:109:HG7V5BGX9:3:12402:12438:12083#0/1	100.000	37	0	0	1216	1252	1	37	1.32e-09	69.4
NC_011593.1:c2598562-2597207	NB551033:109:HG7V5BGX9:1:11108:13199:7846#0/2	100.000	35	0	0	138	172	35	1	1.71e-08	65.8
NC_011593.1:c2598562-2597207	NB551033:109:HG7V5BGX9:3:22511:5297:9538#0/1	100.000	35	0	0	1030	1064	1	35	1.71e-08	65.8
NC_011593.1:c2598562-2597207	NB551033:109:HG7V5BGX9:4:11510:23171:16780#0/2	100.000	29	0	0	1036	1064	1	29	3.70e-05	54.7
NC_011593.1:c2598562-2597207	NB551033:109:HG7V5BGX9:4:11510:23171:16780#0/1	100.000	29	0	0	1036	1064	116	88	3.70e-05	54.7
# BLASTN 2.9.0+
# Query: NC_011593.1:2598858-2601929 Bifidobacterium longum subsp. infantis ATCC 15697, complete genome
# Database: db/blast_M0685-1E-1A_S14.faa
# Fields: query acc.ver, subject acc.ver, % identity, alignment length, mismatches, gap opens, q. start, q. end, s. start, s. end, evalue, bit score
# 86 hits found
NC_011593.1:2598858-2601929	NB551033:109:HG7V5BGX9:1:11101:18971:8590#0/1	100.000	151	0	0	1721	1871	1	151	1.27e-72	279
NC_011593.1:2598858-2601929	NB551033:109:HG7V5BGX9:2:22309:7886:3398#0/2	100.000	150	0	0	1918	2067	1	150	4.56e-72	278
NC_011593.1:2598858-2601929	NB551033:109:HG7V5BGX9:2:13105:22602:9355#0/2	100.000	150	0	0	1693	1842	1	150	4.56e-72	278
NC_011593.1:2598858-2601929	NB551033:109:HG7V5BGX9:1:11101:18971:8590#0/2	100.000	150	0	0	1820	1969	150	1	4.56e-72	278
NC_011593.1:2598858-2601929	NB551033:109:HG7V5BGX9:2:13105:22602:9355#0/1	100.000	150	0	0	1705	1854	150	1	4.56e-72	278
NC_011593.1:2598858-2601929	NB551033:109:HG7V5BGX9:4:23411:5792:1539#0/2	99.338	151	1	0	168	318	1	151	5.90e-71	274
NC_011593.1:2598858-2601929	NB551033:109:HG7V5BGX9:3:22511:19110:16328#0/2	99.338	151	1	0	1795	1945	1	151	5.90e-71	274
NC_011593.1:2598858-2601929	NB551033:109:HG7V5BGX9:4:23411:5792:1539#0/1	99.338	151	1	0	277	427	151	1	5.90e-71	274
NC_011593.1:2598858-2601929	NB551033:109:HG7V5BGX9:4:11504:14126:1376#0/1	99.338	151	1	0	356	506	1	151	5.90e-71	274
NC_011593.1:2598858-2601929	NB551033:109:HG7V5BGX9:4:13505:8016:11165#0/2	99.333	150	1	0	237	386	1	150	2.12e-70	272
NC_011593.1:2598858-2601929	NB551033:109:HG7V5BGX9:4:11504:14126:1376#0/2	99.333	150	1	0	380	529	150	1	2.12e-70	272
NC_011593.1:2598858-2601929	NB551033:109:HG7V5BGX9:4:13505:8016:11165#0/1	99.333	150	1	0	338	487	150	1	2.12e-70	272
NC_011593.1:2598858-2601929	NB551033:109:HG7V5BGX9:4:11404:4471:1209#0/1	99.333	150	1	0	1805	1954	150	1	2.12e-70	272
NC_011593.1:2598858-2601929	NB551033:109:HG7V5BGX9:3:22511:19110:16328#0/1	99.333	150	1	0	1804	1953	150	1	2.12e-70	272
NC_011593.1:2598858-2601929	NB551033:109:HG7V5BGX9:2:11308:21996:10110#0/1	99.333	150	1	0	8	157	1	150	2.12e-70	272
NC_011593.1:2598858-2601929	NB551033:109:HG7V5BGX9:3:21408:23923:4672#0/2	98.667	150	2	0	1235	1384	150	1	9.87e-69	267
NC_011593.1:2598858-2601929	NB551033:109:HG7V5BGX9:2:11102:2293:4558#0/2	99.315	146	1	0	1540	1685	146	1	3.55e-68	265
NC_011593.1:2598858-2601929	NB551033:109:HG7V5BGX9:2:13305:14742:14339#0/2	98.000	150	3	0	2242	2391	150	1	4.59e-67	261
NC_011593.1:2598858-2601929	NB551033:109:HG7V5BGX9:4:23502:2972:4308#0/1	98.000	150	3	0	2846	2995	150	1	4.59e-67	261
NC_011593.1:2598858-2601929	NB551033:109:HG7V5BGX9:1:21307:17667:10646#0/1	98.000	150	3	0	1349	1498	1	150	4.59e-67	261
NC_011593.1:2598858-2601929	NB551033:109:HG7V5BGX9:3:21408:23923:4672#0/1	97.973	148	3	0	1214	1361	1	148	5.94e-66	257
NC_011593.1:2598858-2601929	NB551033:109:HG7V5BGX9:2:11102:2293:4558#0/1	97.973	148	3	0	1454	1601	1	148	5.94e-66	257
NC_011593.1:2598858-2601929	NB551033:109:HG7V5BGX9:1:21307:17667:10646#0/2	97.333	150	4	0	1425	1574	150	1	2.14e-65	255
NC_011593.1:2598858-2601929	NB551033:109:HG7V5BGX9:4:23502:2972:4308#0/2	98.582	141	2	0	2790	2930	1	141	9.94e-64	250
NC_011593.1:2598858-2601929	NB551033:109:HG7V5BGX9:2:22309:7886:3398#0/1	96.667	150	5	0	2075	2224	150	1	9.94e-64	250
NC_011593.1:2598858-2601929	NB551033:109:HG7V5BGX9:2:13305:14742:14339#0/1	96.667	150	5	0	2106	2255	1	150	9.94e-64	250
NC_011593.1:2598858-2601929	NB551033:109:HG7V5BGX9:3:11607:22745:8402#0/2	97.887	142	3	0	751	892	1	142	1.29e-62	246
NC_011593.1:2598858-2601929	NB551033:109:HG7V5BGX9:1:12205:22383:20226#0/1	97.794	136	3	0	1349	1484	1	136	2.78e-59	235
NC_011593.1:2598858-2601929	NB551033:109:HG7V5BGX9:1:12205:22383:20226#0/2	97.080	137	4	0	1349	1485	137	1	3.60e-58	231
NC_011593.1:2598858-2601929	NB551033:109:HG7V5BGX9:2:21110:16477:16637#0/2	95.714	140	6	0	506	645	1	140	1.68e-56	226
NC_011593.1:2598858-2601929	NB551033:109:HG7V5BGX9:2:21110:16477:16637#0/1	95.714	140	6	0	506	645	140	1	1.68e-56	226
NC_011593.1:2598858-2601929	NB551033:109:HG7V5BGX9:4:22507:12033:6506#0/1	96.850	127	4	0	2688	2814	127	1	1.30e-52	213
NC_011593.1:2598858-2601929	NB551033:109:HG7V5BGX9:2:23303:16240:19686#0/2	99.145	117	1	0	2910	3026	1	117	4.69e-52	211
NC_011593.1:2598858-2601929	NB551033:109:HG7V5BGX9:4:11404:23289:7745#0/1	96.800	125	4	0	2102	2226	125	1	1.69e-51	209
NC_011593.1:2598858-2601929	NB551033:109:HG7V5BGX9:1:21312:16843:16969#0/2	98.291	117	2	0	2817	2933	117	1	2.18e-50	206
NC_011593.1:2598858-2601929	NB551033:109:HG7V5BGX9:1:21312:16843:16969#0/1	98.291	117	2	0	2817	2933	1	117	2.18e-50	206
NC_011593.1:2598858-2601929	NB551033:109:HG7V5BGX9:4:11404:23289:7745#0/2	96.000	125	5	0	2101	2225	1	125	7.85e-50	204
NC_011593.1:2598858-2601929	NB551033:109:HG7V5BGX9:3:11607:22745:8402#0/1	95.763	118	5	0	812	929	118	1	6.11e-46	191
NC_011593.1:2598858-2601929	NB551033:109:HG7V5BGX9:3:13512:18332:3993#0/2	98.148	108	2	0	1287	1394	1	108	2.20e-45	189
NC_011593.1:2598858-2601929	NB551033:109:HG7V5BGX9:3:13512:18332:3993#0/1	98.148	108	2	0	1287	1394	110	3	2.20e-45	189
NC_011593.1:2598858-2601929	NB551033:109:HG7V5BGX9:3:22510:24134:18243#0/1	98.095	105	2	0	2445	2549	105	1	1.02e-43	183
NC_011593.1:2598858-2601929	NB551033:109:HG7V5BGX9:4:22507:12033:6506#0/2	97.196	107	3	0	2686	2792	1	107	3.68e-43	182
NC_011593.1:2598858-2601929	NB551033:109:HG7V5BGX9:3:22510:24134:18243#0/2	95.455	110	5	0	2378	2487	1	110	1.71e-41	176
NC_011593.1:2598858-2601929	NB551033:109:HG7V5BGX9:2:21105:26605:14763#0/2	98.980	98	1	0	1018	1115	98	1	1.71e-41	176
NC_011593.1:2598858-2601929	NB551033:109:HG7V5BGX9:2:21104:1084:14769#0/2	98.980	98	1	0	1018	1115	98	1	1.71e-41	176
NC_011593.1:2598858-2601929	NB551033:109:HG7V5BGX9:2:21105:26605:14763#0/1	98.980	98	1	0	1018	1115	1	98	1.71e-41	176
NC_011593.1:2598858-2601929	NB551033:109:HG7V5BGX9:2:21104:1084:14769#0/1	98.980	98	1	0	1018	1115	1	98	1.71e-41	176
NC_011593.1:2598858-2601929	NB551033:109:HG7V5BGX9:3:21512:4342:2370#0/2	97.872	94	2	0	1301	1394	1	94	1.33e-37	163
NC_011593.1:2598858-2601929	NB551033:109:HG7V5BGX9:4:12401:13620:14908#0/2	97.849	93	2	0	600	692	93	1	4.79e-37	161
NC_011593.1:2598858-2601929	NB551033:109:HG7V5BGX9:4:12401:13620:14908#0/1	97.849	93	2	0	600	692	1	93	4.79e-37	161
NC_011593.1:2598858-2601929	NB551033:109:HG7V5BGX9:1:13211:3838:12682#0/1	95.000	100	5	0	1190	1289	1	100	6.20e-36	158
NC_011593.1:2598858-2601929	NB551033:109:HG7V5BGX9:1:23106:2091:14050#0/2	98.837	86	1	0	115	200	1	86	8.02e-35	154
NC_011593.1:2598858-2601929	NB551033:109:HG7V5BGX9:1:23106:2091:14050#0/1	98.837	86	1	0	115	200	86	1	8.02e-35	154
NC_011593.1:2598858-2601929	NB551033:109:HG7V5BGX9:2:11308:21996:10110#0/2	98.780	82	1	0	227	308	82	1	1.34e-32	147
NC_011593.1:2598858-2601929	NB551033:109:HG7V5BGX9:4:12605:12425:1460#0/2	95.556	90	4	0	1200	1289	91	2	4.83e-32	145
NC_011593.1:2598858-2601929	NB551033:109:HG7V5BGX9:4:12605:12425:1460#0/1	95.556	90	4	0	1200	1289	1	90	4.83e-32	145
NC_011593.1:2598858-2601929	NB551033:109:HG7V5BGX9:3:21512:4342:2370#0/1	98.765	81	1	0	1314	1394	81	1	4.83e-32	145
NC_011593.1:2598858-2601929	NB551033:109:HG7V5BGX9:3:22406:14276:13461#0/2	97.590	83	2	0	2576	2658	1	83	1.74e-31	143
NC_011593.1:2598858-2601929	NB551033:109:HG7V5BGX9:3:22406:14276:13461#0/1	97.590	83	2	0	2576	2658	83	1	1.74e-31	143
NC_011593.1:2598858-2601929	NB551033:109:HG7V5BGX9:3:21511:11870:14420#0/2	100.000	73	0	0	1	73	73	1	2.91e-29	135
NC_011593.1:2598858-2601929	NB551033:109:HG7V5BGX9:3:21511:11870:14420#0/1	100.000	73	0	0	1	73	13	85	2.91e-29	135
NC_011593.1:2598858-2601929	NB551033:109:HG7V5BGX9:2:12206:18469:3636#0/1	100.000	73	0	0	1	73	73	1	2.91e-29	135
NC_011593.1:2598858-2601929	NB551033:109:HG7V5BGX9:1:21205:10878:2270#0/2	95.238	84	4	0	2989	3072	2	85	1.04e-28	134
NC_011593.1:2598858-2601929	NB551033:109:HG7V5BGX9:1:11105:26415:13246#0/2	97.368	76	2	0	1524	1599	76	1	1.35e-27	130
NC_011593.1:2598858-2601929	NB551033:109:HG7V5BGX9:1:11105:26415:13246#0/1	97.368	76	2	0	1524	1599	1	76	1.35e-27	130
NC_011593.1:2598858-2601929	NB551033:109:HG7V5BGX9:1:21109:20713:15742#0/2	100.000	67	0	0	1	67	84	150	6.29e-26	124
NC_011593.1:2598858-2601929	NB551033:109:HG7V5BGX9:1:21109:20713:15742#0/1	100.000	67	0	0	1	67	67	1	6.29e-26	124
NC_011593.1:2598858-2601929	NB551033:109:HG7V5BGX9:4:13603:26271:14312#0/2	98.438	64	1	0	137	200	64	1	1.36e-22	113
NC_011593.1:2598858-2601929	NB551033:109:HG7V5BGX9:4:13603:26271:14312#0/1	98.438	64	1	0	137	200	1	64	1.36e-22	113
NC_011593.1:2598858-2601929	NB551033:109:HG7V5BGX9:1:23205:7776:13133#0/2	95.652	69	3	0	3004	3072	1	69	4.90e-22	111
NC_011593.1:2598858-2601929	NB551033:109:HG7V5BGX9:1:23205:7776:13133#0/1	96.970	66	2	0	3007	3072	121	56	4.90e-22	111
NC_011593.1:2598858-2601929	NB551033:109:HG7V5BGX9:2:13206:24578:6455#0/2	96.875	64	2	0	3009	3072	1	64	6.33e-21	108
NC_011593.1:2598858-2601929	NB551033:109:HG7V5BGX9:3:13511:16496:2194#0/2	96.825	63	2	0	2724	2786	63	1	2.28e-20	106
NC_011593.1:2598858-2601929	NB551033:109:HG7V5BGX9:3:13511:16496:2194#0/1	96.825	63	2	0	2724	2786	1	63	2.28e-20	106
NC_011593.1:2598858-2601929	NB551033:109:HG7V5BGX9:4:21602:10237:7004#0/2	98.148	54	1	0	1190	1243	1	54	4.93e-17	95.3
NC_011593.1:2598858-2601929	NB551033:109:HG7V5BGX9:4:12602:4784:3489#0/2	96.429	56	2	0	3017	3072	1	56	1.77e-16	93.5
NC_011593.1:2598858-2601929	NB551033:109:HG7V5BGX9:3:23612:2500:6067#0/2	96.429	56	2	0	3017	3072	1	56	1.77e-16	93.5
NC_011593.1:2598858-2601929	NB551033:109:HG7V5BGX9:4:12602:4784:3489#0/1	96.429	56	2	0	3017	3072	120	65	1.77e-16	93.5
NC_011593.1:2598858-2601929	NB551033:109:HG7V5BGX9:3:22512:13177:5620#0/1	96.429	56	2	0	3017	3072	1	56	1.77e-16	93.5
NC_011593.1:2598858-2601929	NB551033:109:HG7V5BGX9:1:11202:8780:10740#0/2	96.364	55	2	0	3018	3072	1	55	6.38e-16	91.6
NC_011593.1:2598858-2601929	NB551033:109:HG7V5BGX9:1:11202:8780:10740#0/1	96.296	54	2	0	3019	3072	109	56	2.29e-15	89.8
NC_011593.1:2598858-2601929	NB551033:109:HG7V5BGX9:4:11603:24557:15699#0/2	96.226	53	2	0	1677	1729	1	53	8.25e-15	87.9
NC_011593.1:2598858-2601929	NB551033:109:HG7V5BGX9:4:11603:24557:15699#0/1	96.226	53	2	0	1677	1729	53	1	8.25e-15	87.9
NC_011593.1:2598858-2601929	NB551033:109:HG7V5BGX9:4:11503:1559:1590#0/1	97.917	48	1	0	3015	3062	1	48	1.07e-13	84.2
NC_011593.1:2598858-2601929	NB551033:109:HG7V5BGX9:3:22612:6969:19820#0/2	100.000	29	0	0	1	29	39	67	8.37e-05	54.7
NC_011593.1:2598858-2601929	NB551033:109:HG7V5BGX9:3:22612:6969:19820#0/1	100.000	29	0	0	1	29	29	1	8.37e-05	54.7
# BLASTN 2.9.0+
# Query: NC_011593.1:c2604454-2602106 Bifidobacterium longum subsp. infantis ATCC 15697, complete genome
# Database: db/blast_M0685-1E-1A_S14.faa
# 0 hits found
# BLASTN 2.9.0+
# Query: NC_011593.1:c2605922-2604486 Bifidobacterium longum subsp. infantis ATCC 15697, complete genome
# Database: db/blast_M0685-1E-1A_S14.faa
# 0 hits found
# BLASTN 2.9.0+
# Query: NC_011593.1:c2606381-2605944 Bifidobacterium longum subsp. infantis ATCC 15697, complete genome
# Database: db/blast_M0685-1E-1A_S14.faa
# 0 hits found
# BLASTN 2.9.0+
# Query: NC_011593.1:c2607314-2606418 Bifidobacterium longum subsp. infantis ATCC 15697, complete genome
# Database: db/blast_M0685-1E-1A_S14.faa
# 0 hits found
# BLASTN 2.9.0+
# Query: NC_011593.1:c2608249-2607458 Bifidobacterium longum subsp. infantis ATCC 15697, complete genome
# Database: db/blast_M0685-1E-1A_S14.faa
# 0 hits found
# BLASTN 2.9.0+
# Query: NC_011593.1:c2609546-2608269 Bifidobacterium longum subsp. infantis ATCC 15697, complete genome
# Database: db/blast_M0685-1E-1A_S14.faa
# Fields: query acc.ver, subject acc.ver, % identity, alignment length, mismatches, gap opens, q. start, q. end, s. start, s. end, evalue, bit score
# 3 hits found
NC_011593.1:c2609546-2608269	NB551033:109:HG7V5BGX9:4:11410:21494:3231#0/1	95.455	66	3	0	279	344	70	5	9.48e-21	106
NC_011593.1:c2609546-2608269	NB551033:109:HG7V5BGX9:4:21604:9484:18106#0/2	98.182	55	1	0	290	344	150	96	5.70e-18	97.1
NC_011593.1:c2609546-2608269	NB551033:109:HG7V5BGX9:2:11302:20152:18039#0/2	98.148	54	1	0	291	344	1	54	2.05e-17	95.3
# BLASTN 2.9.0+
# Query: NC_011593.1:c2610356-2609697 Bifidobacterium longum subsp. infantis ATCC 15697, complete genome
# Database: db/blast_M0685-1E-1A_S14.faa
# 0 hits found
# BLASTN 2.9.0+
# Query: NC_011593.1:c2611458-2610496 Bifidobacterium longum subsp. infantis ATCC 15697, complete genome
# Database: db/blast_M0685-1E-1A_S14.faa
# 0 hits found
# BLASTN 2.9.0+
# Query: NC_011593.1:c2612430-2611477 Bifidobacterium longum subsp. infantis ATCC 15697, complete genome
# Database: db/blast_M0685-1E-1A_S14.faa
# 0 hits found
# BLASTN 2.9.0+
# Query: NC_011593.1:c2614109-2612517 Bifidobacterium longum subsp. infantis ATCC 15697, complete genome
# Database: db/blast_M0685-1E-1A_S14.faa
# 0 hits found
# BLASTN 2.9.0+
# Query: NC_011593.1:c2615274-2614312 Bifidobacterium longum subsp. infantis ATCC 15697, complete genome
# Database: db/blast_M0685-1E-1A_S14.faa
# 0 hits found
# BLASTN 2.9.0+
# Query: NC_011593.1:c2616246-2615293 Bifidobacterium longum subsp. infantis ATCC 15697, complete genome
# Database: db/blast_M0685-1E-1A_S14.faa
# 0 hits found
# BLASTN 2.9.0+
# Query: NC_011593.1:c2617928-2616333 Bifidobacterium longum subsp. infantis ATCC 15697, complete genome
# Database: db/blast_M0685-1E-1A_S14.faa
# 0 hits found
# BLASTN 2.9.0+
# Query: NC_011593.1:c2619247-2618063 Bifidobacterium longum subsp. infantis ATCC 15697, complete genome
# Database: db/blast_M0685-1E-1A_S14.faa
# 0 hits found
# BLASTN 2.9.0+
# Query: NC_011593.1:c2620369-2619413 Bifidobacterium longum subsp. infantis ATCC 15697, complete genome
# Database: db/blast_M0685-1E-1A_S14.faa
# 0 hits found
# BLASTN 2.9.0+
# Query: NC_011593.1:c2622143-2620551 Bifidobacterium longum subsp. infantis ATCC 15697, complete genome
# Database: db/blast_M0685-1E-1A_S14.faa
# 0 hits found
# BLASTN 2.9.0+
# Query: NC_011593.1:c2624124-2622520 Bifidobacterium longum subsp. infantis ATCC 15697, complete genome
# Database: db/blast_M0685-1E-1A_S14.faa
# 0 hits found
# BLASTN 2.9.0+
# Query: NC_011593.1:c2626110-2624512 Bifidobacterium longum subsp. infantis ATCC 15697, complete genome
# Database: db/blast_M0685-1E-1A_S14.faa
# Fields: query acc.ver, subject acc.ver, % identity, alignment length, mismatches, gap opens, q. start, q. end, s. start, s. end, evalue, bit score
# 14 hits found
NC_011593.1:c2626110-2624512	NB551033:109:HG7V5BGX9:4:22412:23143:6645#0/2	100.000	30	0	0	1555	1584	76	47	1.22e-05	56.5
NC_011593.1:c2626110-2624512	NB551033:109:HG7V5BGX9:4:13504:7788:2993#0/2	100.000	30	0	0	1555	1584	42	13	1.22e-05	56.5
NC_011593.1:c2626110-2624512	NB551033:109:HG7V5BGX9:4:11406:14018:18123#0/2	100.000	30	0	0	1555	1584	61	90	1.22e-05	56.5
NC_011593.1:c2626110-2624512	NB551033:109:HG7V5BGX9:3:22511:13102:18413#0/2	100.000	30	0	0	1555	1584	39	68	1.22e-05	56.5
NC_011593.1:c2626110-2624512	NB551033:109:HG7V5BGX9:3:11609:7614:12893#0/2	100.000	30	0	0	1555	1584	115	144	1.22e-05	56.5
NC_011593.1:c2626110-2624512	NB551033:109:HG7V5BGX9:2:11302:13517:5782#0/2	100.000	30	0	0	1555	1584	113	142	1.22e-05	56.5
NC_011593.1:c2626110-2624512	NB551033:109:HG7V5BGX9:1:11112:18099:7172#0/2	100.000	30	0	0	1555	1584	56	85	1.22e-05	56.5
NC_011593.1:c2626110-2624512	NB551033:109:HG7V5BGX9:4:12502:8773:16205#0/1	100.000	30	0	0	1555	1584	76	47	1.22e-05	56.5
NC_011593.1:c2626110-2624512	NB551033:109:HG7V5BGX9:4:11406:14018:18123#0/1	100.000	30	0	0	1555	1584	82	53	1.22e-05	56.5
NC_011593.1:c2626110-2624512	NB551033:109:HG7V5BGX9:3:22511:13102:18413#0/1	100.000	30	0	0	1555	1584	134	105	1.22e-05	56.5
NC_011593.1:c2626110-2624512	NB551033:109:HG7V5BGX9:3:11609:7614:12893#0/1	100.000	30	0	0	1555	1584	106	77	1.22e-05	56.5
NC_011593.1:c2626110-2624512	NB551033:109:HG7V5BGX9:1:12111:6385:13924#0/1	100.000	30	0	0	1555	1584	79	108	1.22e-05	56.5
NC_011593.1:c2626110-2624512	NB551033:109:HG7V5BGX9:1:11112:18099:7172#0/1	100.000	30	0	0	1555	1584	131	102	1.22e-05	56.5
NC_011593.1:c2626110-2624512	NB551033:109:HG7V5BGX9:2:22109:22505:15519#0/1	100.000	28	0	0	1557	1584	1	28	1.57e-04	52.8
# BLASTN 2.9.0+
# Query: NC_011593.1:c2626386-2626264 Bifidobacterium longum subsp. infantis ATCC 15697, complete genome
# Database: db/blast_M0685-1E-1A_S14.faa
# 0 hits found
# BLASTN 2.9.0+
# Query: NC_011593.1:c2628158-2626563 Bifidobacterium longum subsp. infantis ATCC 15697, complete genome
# Database: db/blast_M0685-1E-1A_S14.faa
# 0 hits found
# BLASTN 2.9.0+
# Query: NC_011593.1:c2630269-2628314 Bifidobacterium longum subsp. infantis ATCC 15697, complete genome
# Database: db/blast_M0685-1E-1A_S14.faa
# 0 hits found
# BLASTN 2.9.0+
# Query: NC_011593.1:c2631106-2630366 Bifidobacterium longum subsp. infantis ATCC 15697, complete genome
# Database: db/blast_M0685-1E-1A_S14.faa
# 0 hits found
# BLASTN 2.9.0+
# Query: NC_011593.1:c2632432-2631140 Bifidobacterium longum subsp. infantis ATCC 15697, complete genome
# Database: db/blast_M0685-1E-1A_S14.faa
# 0 hits found
# BLASTN 2.9.0+
# Query: NC_011593.1:c2633881-2632562 Bifidobacterium longum subsp. infantis ATCC 15697, complete genome
# Database: db/blast_M0685-1E-1A_S14.faa
# 0 hits found
# BLASTN 2.9.0+
# Query: NC_011593.1:c2634683-2633865 Bifidobacterium longum subsp. infantis ATCC 15697, complete genome
# Database: db/blast_M0685-1E-1A_S14.faa
# 0 hits found
# BLASTN 2.9.0+
# Query: NC_011593.1:c2635627-2634680 Bifidobacterium longum subsp. infantis ATCC 15697, complete genome
# Database: db/blast_M0685-1E-1A_S14.faa
# 0 hits found
# BLASTN 2.9.0+
# Query: NC_011593.1:c2636747-2635629 Bifidobacterium longum subsp. infantis ATCC 15697, complete genome
# Database: db/blast_M0685-1E-1A_S14.faa
# 0 hits found
# BLAST processed 31 queries
