# BLASTN 2.9.0+
# Query: NC_011593.1:c2595355-2593832 Bifidobacterium longum subsp. infantis ATCC 15697, complete genome
# Database: db/blast_M0790-3F-1A_S18.faa
# Fields: query acc.ver, subject acc.ver, % identity, alignment length, mismatches, gap opens, q. start, q. end, s. start, s. end, evalue, bit score
# 99 hits found
NC_011593.1:c2595355-2593832	NB551033:137:HK33LBGX9:1:22207:9543:16332#0/1	99.338	151	1	0	931	1081	151	1	8.55e-71	274
NC_011593.1:c2595355-2593832	NB551033:137:HK33LBGX9:2:13202:3599:11929#0/2	99.333	150	1	0	941	1090	150	1	3.07e-70	272
NC_011593.1:c2595355-2593832	NB551033:137:HK33LBGX9:1:13105:3540:18166#0/1	99.333	150	1	0	1010	1159	151	2	3.07e-70	272
NC_011593.1:c2595355-2593832	NB551033:137:HK33LBGX9:4:23401:18399:8676#0/2	98.675	151	2	0	410	560	151	1	3.98e-69	268
NC_011593.1:c2595355-2593832	NB551033:137:HK33LBGX9:1:23211:26568:7924#0/2	99.324	148	1	0	1032	1179	148	1	3.98e-69	268
NC_011593.1:c2595355-2593832	NB551033:137:HK33LBGX9:1:23210:1139:7931#0/2	99.324	148	1	0	1032	1179	148	1	3.98e-69	268
NC_011593.1:c2595355-2593832	NB551033:137:HK33LBGX9:4:13406:3980:5463#0/1	98.675	151	2	0	1043	1193	151	1	3.98e-69	268
NC_011593.1:c2595355-2593832	NB551033:137:HK33LBGX9:3:13406:17865:12196#0/1	98.675	151	2	0	480	630	151	1	3.98e-69	268
NC_011593.1:c2595355-2593832	NB551033:137:HK33LBGX9:2:11312:14750:2614#0/1	98.675	151	2	0	492	642	151	1	3.98e-69	268
NC_011593.1:c2595355-2593832	NB551033:137:HK33LBGX9:1:23211:26568:7924#0/1	99.324	148	1	0	1032	1179	1	148	3.98e-69	268
NC_011593.1:c2595355-2593832	NB551033:137:HK33LBGX9:1:23210:1139:7931#0/1	99.324	148	1	0	1032	1179	1	148	3.98e-69	268
NC_011593.1:c2595355-2593832	NB551033:137:HK33LBGX9:4:23401:18399:8676#0/1	98.667	150	2	0	372	521	1	150	1.43e-68	267
NC_011593.1:c2595355-2593832	NB551033:137:HK33LBGX9:3:22609:2454:8272#0/1	98.667	150	2	0	419	568	150	1	1.43e-68	267
NC_011593.1:c2595355-2593832	NB551033:137:HK33LBGX9:1:21309:7948:2108#0/1	98.667	150	2	0	360	509	150	1	1.43e-68	267
NC_011593.1:c2595355-2593832	NB551033:137:HK33LBGX9:3:11410:10944:5898#0/1	98.649	148	2	0	477	624	1	148	1.85e-67	263
NC_011593.1:c2595355-2593832	NB551033:137:HK33LBGX9:1:21204:17455:9013#0/1	98.013	151	3	0	1090	1240	1	151	1.85e-67	263
NC_011593.1:c2595355-2593832	NB551033:137:HK33LBGX9:2:23311:15972:9942#0/2	98.000	150	3	0	529	678	1	150	6.66e-67	261
NC_011593.1:c2595355-2593832	NB551033:137:HK33LBGX9:3:12603:15599:7566#0/1	98.000	150	3	0	546	695	1	150	6.66e-67	261
NC_011593.1:c2595355-2593832	NB551033:137:HK33LBGX9:3:12509:12311:19511#0/2	97.987	149	3	0	1092	1240	1	149	2.39e-66	259
NC_011593.1:c2595355-2593832	NB551033:137:HK33LBGX9:2:12311:10692:12114#0/2	97.351	151	4	0	795	945	151	1	8.61e-66	257
NC_011593.1:c2595355-2593832	NB551033:137:HK33LBGX9:1:13105:3540:18166#0/2	97.351	151	4	0	847	997	1	151	8.61e-66	257
NC_011593.1:c2595355-2593832	NB551033:137:HK33LBGX9:1:12103:17404:1634#0/2	97.351	151	4	0	558	708	151	1	8.61e-66	257
NC_011593.1:c2595355-2593832	NB551033:137:HK33LBGX9:4:13402:7497:19256#0/2	97.333	150	4	0	796	945	1	150	3.10e-65	255
NC_011593.1:c2595355-2593832	NB551033:137:HK33LBGX9:3:22609:7628:12241#0/2	97.333	150	4	0	768	917	1	150	3.10e-65	255
NC_011593.1:c2595355-2593832	NB551033:137:HK33LBGX9:3:21608:20358:19350#0/2	97.333	150	4	0	94	243	1	150	3.10e-65	255
NC_011593.1:c2595355-2593832	NB551033:137:HK33LBGX9:2:13312:8723:7999#0/2	97.333	150	4	0	1309	1458	1	150	3.10e-65	255
NC_011593.1:c2595355-2593832	NB551033:137:HK33LBGX9:1:11206:18030:15613#0/2	97.333	150	4	0	181	330	151	2	3.10e-65	255
NC_011593.1:c2595355-2593832	NB551033:137:HK33LBGX9:4:13402:7497:19256#0/1	97.333	150	4	0	826	975	150	1	3.10e-65	255
NC_011593.1:c2595355-2593832	NB551033:137:HK33LBGX9:3:22609:7628:12241#0/1	97.333	150	4	0	803	952	150	1	3.10e-65	255
NC_011593.1:c2595355-2593832	NB551033:137:HK33LBGX9:1:12107:5893:17615#0/2	97.315	149	4	0	1322	1470	151	3	1.11e-64	254
NC_011593.1:c2595355-2593832	NB551033:137:HK33LBGX9:4:13406:3980:5463#0/2	96.689	151	5	0	847	997	1	151	4.01e-64	252
NC_011593.1:c2595355-2593832	NB551033:137:HK33LBGX9:3:22609:2454:8272#0/2	96.689	151	5	0	293	443	1	151	4.01e-64	252
NC_011593.1:c2595355-2593832	NB551033:137:HK33LBGX9:3:13406:17865:12196#0/2	96.689	151	5	0	64	214	1	151	4.01e-64	252
NC_011593.1:c2595355-2593832	NB551033:137:HK33LBGX9:2:11312:14750:2614#0/2	96.689	151	5	0	194	344	1	151	4.01e-64	252
NC_011593.1:c2595355-2593832	NB551033:137:HK33LBGX9:1:22207:9543:16332#0/2	96.689	151	5	0	848	998	1	151	4.01e-64	252
NC_011593.1:c2595355-2593832	NB551033:137:HK33LBGX9:4:11609:8416:7334#0/1	96.689	151	5	0	1311	1461	1	151	4.01e-64	252
NC_011593.1:c2595355-2593832	NB551033:137:HK33LBGX9:1:12107:5893:17615#0/1	96.689	151	5	0	1282	1432	1	151	4.01e-64	252
NC_011593.1:c2595355-2593832	NB551033:137:HK33LBGX9:4:21412:6931:9587#0/1	96.667	150	5	0	53	202	150	1	1.44e-63	250
NC_011593.1:c2595355-2593832	NB551033:137:HK33LBGX9:2:13202:3599:11929#0/1	96.667	150	5	0	849	998	1	150	1.44e-63	250
NC_011593.1:c2595355-2593832	NB551033:137:HK33LBGX9:4:22609:7528:18472#0/2	96.644	149	5	0	175	323	1	149	5.18e-63	248
NC_011593.1:c2595355-2593832	NB551033:137:HK33LBGX9:4:22609:7528:18472#0/1	96.026	151	6	0	291	441	151	1	1.86e-62	246
NC_011593.1:c2595355-2593832	NB551033:137:HK33LBGX9:4:22506:26617:5693#0/1	96.026	151	6	0	847	997	1	151	1.86e-62	246
NC_011593.1:c2595355-2593832	NB551033:137:HK33LBGX9:2:23311:15972:9942#0/1	96.026	151	6	0	585	735	151	1	1.86e-62	246
NC_011593.1:c2595355-2593832	NB551033:137:HK33LBGX9:2:12310:6484:17688#0/1	96.026	151	6	0	62	212	151	1	1.86e-62	246
NC_011593.1:c2595355-2593832	NB551033:137:HK33LBGX9:3:12603:15599:7566#0/2	96.000	150	6	0	660	809	150	1	6.70e-62	244
NC_011593.1:c2595355-2593832	NB551033:137:HK33LBGX9:2:23303:18909:4908#0/2	96.000	150	6	0	650	799	150	1	6.70e-62	244
NC_011593.1:c2595355-2593832	NB551033:137:HK33LBGX9:1:21309:7948:2108#0/2	96.000	150	6	0	165	314	1	150	6.70e-62	244
NC_011593.1:c2595355-2593832	NB551033:137:HK33LBGX9:3:21608:20358:19350#0/1	96.599	147	5	0	162	308	147	1	6.70e-62	244
NC_011593.1:c2595355-2593832	NB551033:137:HK33LBGX9:3:21604:23389:17525#0/1	96.000	150	6	0	126	275	150	1	6.70e-62	244
NC_011593.1:c2595355-2593832	NB551033:137:HK33LBGX9:2:12311:10692:12114#0/1	96.000	150	6	0	666	815	1	150	6.70e-62	244
NC_011593.1:c2595355-2593832	NB551033:137:HK33LBGX9:1:12103:17404:1634#0/1	98.551	138	2	0	540	677	1	138	6.70e-62	244
NC_011593.1:c2595355-2593832	NB551033:137:HK33LBGX9:3:11410:10944:5898#0/2	95.973	149	6	0	579	727	149	1	2.41e-61	243
NC_011593.1:c2595355-2593832	NB551033:137:HK33LBGX9:3:23501:26003:4713#0/1	95.973	149	6	0	198	346	149	1	2.41e-61	243
NC_011593.1:c2595355-2593832	NB551033:137:HK33LBGX9:2:23303:18909:4908#0/1	95.973	149	6	0	635	783	1	149	2.41e-61	243
NC_011593.1:c2595355-2593832	NB551033:137:HK33LBGX9:1:22311:11926:2240#0/1	96.552	145	5	0	1286	1430	145	1	8.67e-61	241
NC_011593.1:c2595355-2593832	NB551033:137:HK33LBGX9:3:21411:17172:10388#0/1	95.333	150	7	0	397	546	150	1	3.12e-60	239
NC_011593.1:c2595355-2593832	NB551033:137:HK33LBGX9:4:13602:2929:12543#0/2	95.270	148	7	0	671	818	148	1	4.03e-59	235
NC_011593.1:c2595355-2593832	NB551033:137:HK33LBGX9:4:13602:2929:12543#0/1	95.270	148	7	0	671	818	1	148	4.03e-59	235
NC_011593.1:c2595355-2593832	NB551033:137:HK33LBGX9:2:13303:16210:16649#0/2	95.804	143	6	0	222	364	143	1	5.22e-58	231
NC_011593.1:c2595355-2593832	NB551033:137:HK33LBGX9:3:21512:13104:16293#0/2	98.450	129	2	0	410	538	1	129	6.75e-57	228
NC_011593.1:c2595355-2593832	NB551033:137:HK33LBGX9:3:21512:13104:16293#0/1	98.450	129	2	0	410	538	129	1	6.75e-57	228
NC_011593.1:c2595355-2593832	NB551033:137:HK33LBGX9:2:13303:16210:16649#0/1	97.037	135	4	0	94	228	1	135	6.75e-57	228
NC_011593.1:c2595355-2593832	NB551033:137:HK33LBGX9:3:13406:23255:9812#0/2	96.350	137	5	0	165	301	137	1	2.43e-56	226
NC_011593.1:c2595355-2593832	NB551033:137:HK33LBGX9:3:13406:23255:9812#0/1	96.350	137	5	0	165	301	1	137	2.43e-56	226
NC_011593.1:c2595355-2593832	NB551033:137:HK33LBGX9:4:21505:23627:9892#0/2	95.620	137	6	0	694	830	3	139	1.13e-54	220
NC_011593.1:c2595355-2593832	NB551033:137:HK33LBGX9:3:12504:20757:2460#0/2	95.556	135	6	0	377	511	135	1	1.46e-53	217
NC_011593.1:c2595355-2593832	NB551033:137:HK33LBGX9:3:12504:20757:2460#0/1	95.556	135	6	0	377	511	1	135	1.46e-53	217
NC_011593.1:c2595355-2593832	NB551033:137:HK33LBGX9:1:21308:9518:16990#0/2	98.305	118	2	0	1274	1391	120	3	8.79e-51	207
NC_011593.1:c2595355-2593832	NB551033:137:HK33LBGX9:1:21308:9518:16990#0/1	97.521	121	3	0	1182	1302	1	121	8.79e-51	207
NC_011593.1:c2595355-2593832	NB551033:137:HK33LBGX9:1:21301:24228:15727#0/2	96.694	121	4	0	768	888	121	1	4.09e-49	202
NC_011593.1:c2595355-2593832	NB551033:137:HK33LBGX9:4:11503:24052:12620#0/2	95.833	120	5	0	1	120	120	1	6.85e-47	195
NC_011593.1:c2595355-2593832	NB551033:137:HK33LBGX9:3:12405:23320:19521#0/2	95.122	123	6	0	654	776	123	1	6.85e-47	195
NC_011593.1:c2595355-2593832	NB551033:137:HK33LBGX9:4:11503:24052:12620#0/1	95.833	120	5	0	1	120	19	138	6.85e-47	195
NC_011593.1:c2595355-2593832	NB551033:137:HK33LBGX9:2:11310:4324:10998#0/2	96.460	113	4	0	382	494	115	3	1.15e-44	187
NC_011593.1:c2595355-2593832	NB551033:137:HK33LBGX9:2:11310:4324:10998#0/1	96.460	113	4	0	382	494	1	113	1.15e-44	187
NC_011593.1:c2595355-2593832	NB551033:137:HK33LBGX9:4:21412:6931:9587#0/2	95.575	113	5	0	1	113	39	151	5.33e-43	182
NC_011593.1:c2595355-2593832	NB551033:137:HK33LBGX9:1:22311:11926:2240#0/2	97.143	105	3	0	1286	1390	1	105	6.90e-42	178
NC_011593.1:c2595355-2593832	NB551033:137:HK33LBGX9:1:21110:13595:4955#0/2	97.980	99	2	0	1149	1247	1	99	3.21e-40	172
NC_011593.1:c2595355-2593832	NB551033:137:HK33LBGX9:1:21110:13595:4955#0/1	97.980	99	2	0	1149	1247	99	1	3.21e-40	172
NC_011593.1:c2595355-2593832	NB551033:137:HK33LBGX9:3:12504:14087:17453#0/2	97.959	98	2	0	432	529	98	1	1.15e-39	171
NC_011593.1:c2595355-2593832	NB551033:137:HK33LBGX9:4:22506:26617:5693#0/2	96.939	98	3	0	1274	1371	98	1	5.37e-38	165
NC_011593.1:c2595355-2593832	NB551033:137:HK33LBGX9:3:12509:12311:19511#0/1	96.939	98	3	0	1274	1371	98	1	5.37e-38	165
NC_011593.1:c2595355-2593832	NB551033:137:HK33LBGX9:4:22507:1160:5689#0/2	95.918	98	4	0	1274	1371	98	1	2.50e-36	159
NC_011593.1:c2595355-2593832	NB551033:137:HK33LBGX9:2:21203:5745:2648#0/2	95.876	97	4	0	854	950	1	97	8.98e-36	158
NC_011593.1:c2595355-2593832	NB551033:137:HK33LBGX9:4:22507:1160:5689#0/1	95.876	97	4	0	847	943	1	97	8.98e-36	158
NC_011593.1:c2595355-2593832	NB551033:137:HK33LBGX9:2:21203:5745:2648#0/1	95.876	97	4	0	854	950	97	1	8.98e-36	158
NC_011593.1:c2595355-2593832	NB551033:137:HK33LBGX9:3:12405:23320:19521#0/1	100.000	79	0	0	429	507	1	79	1.94e-32	147
NC_011593.1:c2595355-2593832	NB551033:137:HK33LBGX9:3:21608:7369:11122#0/2	98.765	81	1	0	1149	1229	81	1	6.99e-32	145
NC_011593.1:c2595355-2593832	NB551033:137:HK33LBGX9:1:21204:17455:9013#0/2	97.561	82	2	0	1274	1355	82	1	9.05e-31	141
NC_011593.1:c2595355-2593832	NB551033:137:HK33LBGX9:3:12504:14087:17453#0/1	95.455	88	4	0	31	118	1	88	9.05e-31	141
NC_011593.1:c2595355-2593832	NB551033:137:HK33LBGX9:3:11607:7104:18524#0/2	96.429	84	3	0	625	708	84	1	3.25e-30	139
NC_011593.1:c2595355-2593832	NB551033:137:HK33LBGX9:1:12111:8520:11749#0/2	97.531	81	2	0	94	174	1	81	3.25e-30	139
NC_011593.1:c2595355-2593832	NB551033:137:HK33LBGX9:3:21608:7369:11122#0/1	97.531	81	2	0	1149	1229	1	81	3.25e-30	139
NC_011593.1:c2595355-2593832	NB551033:137:HK33LBGX9:3:11607:7104:18524#0/1	96.429	84	3	0	625	708	1	84	3.25e-30	139
NC_011593.1:c2595355-2593832	NB551033:137:HK33LBGX9:1:12111:8520:11749#0/1	97.531	81	2	0	94	174	81	1	3.25e-30	139
NC_011593.1:c2595355-2593832	NB551033:137:HK33LBGX9:1:13111:9460:15096#0/1	97.183	71	2	0	1	71	72	2	1.18e-24	121
NC_011593.1:c2595355-2593832	NB551033:137:HK33LBGX9:2:12302:5591:4222#0/2	97.143	70	2	0	1	70	70	1	4.24e-24	119
NC_011593.1:c2595355-2593832	NB551033:137:HK33LBGX9:2:13207:4705:12073#0/2	98.485	66	1	0	1405	1470	1	66	1.52e-23	117
NC_011593.1:c2595355-2593832	NB551033:137:HK33LBGX9:1:13108:8777:17961#0/2	98.305	59	1	0	1412	1470	1	59	1.19e-19	104
# BLASTN 2.9.0+
# Query: NC_011593.1:c2597106-2595574 Bifidobacterium longum subsp. infantis ATCC 15697, complete genome
# Database: db/blast_M0790-3F-1A_S18.faa
# Fields: query acc.ver, subject acc.ver, % identity, alignment length, mismatches, gap opens, q. start, q. end, s. start, s. end, evalue, bit score
# 11 hits found
NC_011593.1:c2597106-2595574	NB551033:137:HK33LBGX9:3:21512:13104:16293#0/2	96.124	129	5	0	410	538	1	129	6.84e-52	211
NC_011593.1:c2597106-2595574	NB551033:137:HK33LBGX9:3:21512:13104:16293#0/1	96.124	129	5	0	410	538	129	1	6.84e-52	211
NC_011593.1:c2597106-2595574	NB551033:137:HK33LBGX9:2:11312:14750:2614#0/2	95.726	117	5	0	214	330	21	137	3.20e-45	189
NC_011593.1:c2597106-2595574	NB551033:137:HK33LBGX9:3:23501:26003:4713#0/1	95.000	120	6	0	214	333	133	14	3.20e-45	189
NC_011593.1:c2597106-2595574	NB551033:137:HK33LBGX9:3:23604:24618:11032#0/1	95.192	104	5	0	1	104	104	1	5.40e-38	165
NC_011593.1:c2597106-2595574	NB551033:137:HK33LBGX9:2:22206:6685:17622#0/2	95.833	96	4	0	771	866	96	1	3.25e-35	156
NC_011593.1:c2597106-2595574	NB551033:137:HK33LBGX9:2:22206:6685:17622#0/1	95.833	96	4	0	771	866	1	96	3.25e-35	156
NC_011593.1:c2597106-2595574	NB551033:137:HK33LBGX9:3:12405:23320:19521#0/1	98.734	79	1	0	429	507	1	79	9.10e-31	141
NC_011593.1:c2597106-2595574	NB551033:137:HK33LBGX9:3:12407:21383:18130#0/1	97.368	76	2	0	6	81	78	3	1.97e-27	130
NC_011593.1:c2597106-2595574	NB551033:137:HK33LBGX9:2:13207:4705:12073#0/2	98.485	66	1	0	1405	1470	1	66	1.53e-23	117
NC_011593.1:c2597106-2595574	NB551033:137:HK33LBGX9:1:13108:8777:17961#0/2	98.305	59	1	0	1412	1470	1	59	1.19e-19	104
# BLASTN 2.9.0+
# Query: NC_011593.1:c2598562-2597207 Bifidobacterium longum subsp. infantis ATCC 15697, complete genome
# Database: db/blast_M0790-3F-1A_S18.faa
# Fields: query acc.ver, subject acc.ver, % identity, alignment length, mismatches, gap opens, q. start, q. end, s. start, s. end, evalue, bit score
# 91 hits found
NC_011593.1:c2598562-2597207	NB551033:137:HK33LBGX9:4:22511:20316:13825#0/2	100.000	151	0	0	641	791	1	151	1.63e-72	279
NC_011593.1:c2598562-2597207	NB551033:137:HK33LBGX9:4:21503:1410:14009#0/2	100.000	151	0	0	1123	1273	151	1	1.63e-72	279
NC_011593.1:c2598562-2597207	NB551033:137:HK33LBGX9:2:23104:7371:14102#0/2	100.000	151	0	0	898	1048	151	1	1.63e-72	279
NC_011593.1:c2598562-2597207	NB551033:137:HK33LBGX9:2:22305:20699:16355#0/2	100.000	151	0	0	845	995	151	1	1.63e-72	279
NC_011593.1:c2598562-2597207	NB551033:137:HK33LBGX9:1:12211:24476:6341#0/2	100.000	151	0	0	960	1110	1	151	1.63e-72	279
NC_011593.1:c2598562-2597207	NB551033:137:HK33LBGX9:4:21503:1410:14009#0/1	100.000	151	0	0	1034	1184	1	151	1.63e-72	279
NC_011593.1:c2598562-2597207	NB551033:137:HK33LBGX9:3:13611:2033:15792#0/1	100.000	151	0	0	641	791	1	151	1.63e-72	279
NC_011593.1:c2598562-2597207	NB551033:137:HK33LBGX9:2:22305:20699:16355#0/1	100.000	151	0	0	767	917	1	151	1.63e-72	279
NC_011593.1:c2598562-2597207	NB551033:137:HK33LBGX9:1:21110:15882:16926#0/1	100.000	151	0	0	773	923	151	1	1.63e-72	279
NC_011593.1:c2598562-2597207	NB551033:137:HK33LBGX9:1:12211:24476:6341#0/1	100.000	151	0	0	1123	1273	151	1	1.63e-72	279
NC_011593.1:c2598562-2597207	NB551033:137:HK33LBGX9:3:13611:2033:15792#0/2	100.000	150	0	0	819	968	150	1	5.87e-72	278
NC_011593.1:c2598562-2597207	NB551033:137:HK33LBGX9:2:13301:18726:7803#0/2	100.000	150	0	0	819	968	1	150	5.87e-72	278
NC_011593.1:c2598562-2597207	NB551033:137:HK33LBGX9:1:21310:3287:14078#0/2	100.000	150	0	0	613	762	150	1	5.87e-72	278
NC_011593.1:c2598562-2597207	NB551033:137:HK33LBGX9:1:21110:15882:16926#0/2	100.000	150	0	0	709	858	1	150	5.87e-72	278
NC_011593.1:c2598562-2597207	NB551033:137:HK33LBGX9:2:23104:7371:14102#0/1	100.000	150	0	0	734	883	1	150	5.87e-72	278
NC_011593.1:c2598562-2597207	NB551033:137:HK33LBGX9:2:13301:18726:7803#0/1	100.000	150	0	0	819	968	150	1	5.87e-72	278
NC_011593.1:c2598562-2597207	NB551033:137:HK33LBGX9:1:21310:3287:14078#0/1	100.000	150	0	0	479	628	1	150	5.87e-72	278
NC_011593.1:c2598562-2597207	NB551033:137:HK33LBGX9:1:11305:16178:14659#0/1	100.000	150	0	0	1101	1250	1	150	5.87e-72	278
NC_011593.1:c2598562-2597207	NB551033:137:HK33LBGX9:4:12405:24885:6783#0/2	99.338	151	1	0	1101	1251	1	151	7.59e-71	274
NC_011593.1:c2598562-2597207	NB551033:137:HK33LBGX9:3:11507:12153:14543#0/2	99.338	151	1	0	1195	1345	151	1	7.59e-71	274
NC_011593.1:c2598562-2597207	NB551033:137:HK33LBGX9:2:22104:6578:16550#0/2	99.338	151	1	0	247	397	151	1	7.59e-71	274
NC_011593.1:c2598562-2597207	NB551033:137:HK33LBGX9:2:21105:3407:12402#0/2	99.338	151	1	0	186	336	1	151	7.59e-71	274
NC_011593.1:c2598562-2597207	NB551033:137:HK33LBGX9:2:13212:9329:15631#0/2	99.338	151	1	0	742	892	151	1	7.59e-71	274
NC_011593.1:c2598562-2597207	NB551033:137:HK33LBGX9:2:11312:24811:2248#0/2	99.338	151	1	0	1177	1327	151	1	7.59e-71	274
NC_011593.1:c2598562-2597207	NB551033:137:HK33LBGX9:4:21510:17305:18139#0/1	99.338	151	1	0	451	601	1	151	7.59e-71	274
NC_011593.1:c2598562-2597207	NB551033:137:HK33LBGX9:3:21402:12472:19862#0/1	99.338	151	1	0	367	517	1	151	7.59e-71	274
NC_011593.1:c2598562-2597207	NB551033:137:HK33LBGX9:3:11604:18776:3083#0/1	99.338	151	1	0	1198	1348	1	151	7.59e-71	274
NC_011593.1:c2598562-2597207	NB551033:137:HK33LBGX9:3:11507:12153:14543#0/1	99.338	151	1	0	1193	1343	1	151	7.59e-71	274
NC_011593.1:c2598562-2597207	NB551033:137:HK33LBGX9:2:13212:9329:15631#0/1	99.338	151	1	0	726	876	1	151	7.59e-71	274
NC_011593.1:c2598562-2597207	NB551033:137:HK33LBGX9:1:21201:10453:8417#0/1	99.338	151	1	0	452	602	1	151	7.59e-71	274
NC_011593.1:c2598562-2597207	NB551033:137:HK33LBGX9:4:21510:17305:18139#0/2	99.333	150	1	0	753	902	150	1	2.73e-70	272
NC_011593.1:c2598562-2597207	NB551033:137:HK33LBGX9:1:21201:10453:8417#0/2	99.333	150	1	0	459	608	150	1	2.73e-70	272
NC_011593.1:c2598562-2597207	NB551033:137:HK33LBGX9:3:22404:12605:18501#0/1	99.333	150	1	0	414	563	1	150	2.73e-70	272
NC_011593.1:c2598562-2597207	NB551033:137:HK33LBGX9:3:21609:23582:17899#0/1	99.333	150	1	0	795	944	1	150	2.73e-70	272
NC_011593.1:c2598562-2597207	NB551033:137:HK33LBGX9:2:21105:3407:12402#0/1	99.333	150	1	0	327	476	150	1	2.73e-70	272
NC_011593.1:c2598562-2597207	NB551033:137:HK33LBGX9:2:12309:24540:18367#0/2	99.329	149	1	0	1118	1266	1	149	9.82e-70	270
NC_011593.1:c2598562-2597207	NB551033:137:HK33LBGX9:1:11312:22125:7357#0/2	98.675	151	2	0	1195	1345	151	1	3.53e-69	268
NC_011593.1:c2598562-2597207	NB551033:137:HK33LBGX9:1:21106:2139:5837#0/2	100.000	144	0	0	749	892	1	144	1.27e-68	267
NC_011593.1:c2598562-2597207	NB551033:137:HK33LBGX9:2:11312:24811:2248#0/1	100.000	144	0	0	1060	1203	8	151	1.27e-68	267
NC_011593.1:c2598562-2597207	NB551033:137:HK33LBGX9:1:21106:2139:5837#0/1	100.000	144	0	0	749	892	144	1	1.27e-68	267
NC_011593.1:c2598562-2597207	NB551033:137:HK33LBGX9:3:21609:23582:17899#0/2	100.000	143	0	0	922	1064	150	8	4.57e-68	265
NC_011593.1:c2598562-2597207	NB551033:137:HK33LBGX9:1:22205:13895:9136#0/2	99.301	143	1	0	520	662	143	1	2.12e-66	259
NC_011593.1:c2598562-2597207	NB551033:137:HK33LBGX9:1:22205:13895:9136#0/1	97.351	151	4	0	171	321	1	151	7.64e-66	257
NC_011593.1:c2598562-2597207	NB551033:137:HK33LBGX9:3:11612:1125:17647#0/2	100.000	134	0	0	931	1064	1	134	4.60e-63	248
NC_011593.1:c2598562-2597207	NB551033:137:HK33LBGX9:3:11611:26617:17645#0/2	100.000	134	0	0	931	1064	1	134	4.60e-63	248
NC_011593.1:c2598562-2597207	NB551033:137:HK33LBGX9:3:11612:1125:17647#0/1	100.000	133	0	0	932	1064	150	18	1.65e-62	246
NC_011593.1:c2598562-2597207	NB551033:137:HK33LBGX9:3:11611:26617:17645#0/1	100.000	133	0	0	932	1064	150	18	1.65e-62	246
NC_011593.1:c2598562-2597207	NB551033:137:HK33LBGX9:4:11611:8825:5439#0/2	99.242	132	1	0	1225	1356	1	132	2.77e-60	239
NC_011593.1:c2598562-2597207	NB551033:137:HK33LBGX9:1:11305:16178:14659#0/2	100.000	122	0	0	1235	1356	150	29	2.16e-56	226
NC_011593.1:c2598562-2597207	NB551033:137:HK33LBGX9:3:12406:4573:16555#0/1	100.000	122	0	0	290	411	1	122	2.16e-56	226
NC_011593.1:c2598562-2597207	NB551033:137:HK33LBGX9:4:22504:21271:16745#0/1	100.000	121	0	0	865	985	1	121	7.75e-56	224
NC_011593.1:c2598562-2597207	NB551033:137:HK33LBGX9:3:23402:23799:15158#0/2	100.000	117	0	0	1240	1356	1	117	1.30e-53	217
NC_011593.1:c2598562-2597207	NB551033:137:HK33LBGX9:3:21402:12472:19862#0/2	99.153	118	1	0	496	613	118	1	1.68e-52	213
NC_011593.1:c2598562-2597207	NB551033:137:HK33LBGX9:3:12406:4573:16555#0/2	98.333	120	2	0	499	618	120	1	6.03e-52	211
NC_011593.1:c2598562-2597207	NB551033:137:HK33LBGX9:2:22104:6578:16550#0/1	100.000	114	0	0	138	251	37	150	6.03e-52	211
NC_011593.1:c2598562-2597207	NB551033:137:HK33LBGX9:2:11104:14139:7917#0/2	100.000	112	0	0	138	249	40	151	7.81e-51	207
NC_011593.1:c2598562-2597207	NB551033:137:HK33LBGX9:2:11104:14139:7917#0/1	99.099	111	1	0	498	608	111	1	1.31e-48	200
NC_011593.1:c2598562-2597207	NB551033:137:HK33LBGX9:2:21110:24409:6857#0/2	99.083	109	1	0	259	367	1	109	1.69e-47	196
NC_011593.1:c2598562-2597207	NB551033:137:HK33LBGX9:4:21611:4265:7235#0/2	100.000	105	0	0	1119	1223	105	1	6.08e-47	195
NC_011593.1:c2598562-2597207	NB551033:137:HK33LBGX9:3:13612:8482:12981#0/2	100.000	105	0	0	960	1064	1	105	6.08e-47	195
NC_011593.1:c2598562-2597207	NB551033:137:HK33LBGX9:3:13612:8482:12981#0/1	100.000	105	0	0	960	1064	117	13	6.08e-47	195
NC_011593.1:c2598562-2597207	NB551033:137:HK33LBGX9:2:22206:17042:4856#0/1	100.000	105	0	0	960	1064	1	105	6.08e-47	195
NC_011593.1:c2598562-2597207	NB551033:137:HK33LBGX9:2:21110:24409:6857#0/1	99.074	108	1	0	260	367	108	1	6.08e-47	195
NC_011593.1:c2598562-2597207	NB551033:137:HK33LBGX9:2:22301:11198:7381#0/2	99.048	105	1	0	1136	1240	105	1	2.83e-45	189
NC_011593.1:c2598562-2597207	NB551033:137:HK33LBGX9:2:22301:11198:7381#0/1	99.048	105	1	0	1136	1240	1	105	2.83e-45	189
NC_011593.1:c2598562-2597207	NB551033:137:HK33LBGX9:2:13311:6128:15561#0/1	99.029	103	1	0	231	333	103	1	3.66e-44	185
NC_011593.1:c2598562-2597207	NB551033:137:HK33LBGX9:2:13210:24407:6737#0/1	100.000	93	0	0	1264	1356	1	93	2.85e-40	172
NC_011593.1:c2598562-2597207	NB551033:137:HK33LBGX9:1:11312:22125:7357#0/1	100.000	93	0	0	1060	1152	58	150	2.85e-40	172
NC_011593.1:c2598562-2597207	NB551033:137:HK33LBGX9:4:13609:3123:13663#0/2	97.802	91	2	0	205	295	1	91	7.97e-36	158
NC_011593.1:c2598562-2597207	NB551033:137:HK33LBGX9:4:13609:3123:13663#0/1	97.802	91	2	0	205	295	91	1	7.97e-36	158
NC_011593.1:c2598562-2597207	NB551033:137:HK33LBGX9:4:22511:11474:14012#0/2	100.000	84	0	0	456	539	84	1	2.87e-35	156
NC_011593.1:c2598562-2597207	NB551033:137:HK33LBGX9:4:22511:11474:14012#0/1	100.000	84	0	0	456	539	1	84	2.87e-35	156
NC_011593.1:c2598562-2597207	NB551033:137:HK33LBGX9:2:22309:19638:3087#0/2	100.000	79	0	0	1278	1356	1	79	1.73e-32	147
NC_011593.1:c2598562-2597207	NB551033:137:HK33LBGX9:2:22309:19638:3087#0/1	100.000	79	0	0	1278	1356	102	24	1.73e-32	147
NC_011593.1:c2598562-2597207	NB551033:137:HK33LBGX9:3:22404:12605:18501#0/2	100.000	76	0	0	660	735	76	1	8.03e-31	141
NC_011593.1:c2598562-2597207	NB551033:137:HK33LBGX9:2:13111:3393:5450#0/2	100.000	76	0	0	138	213	76	1	8.03e-31	141
NC_011593.1:c2598562-2597207	NB551033:137:HK33LBGX9:2:12204:19525:14446#0/1	98.507	67	1	0	1060	1126	67	1	3.76e-24	119
NC_011593.1:c2598562-2597207	NB551033:137:HK33LBGX9:1:11103:8587:7914#0/1	100.000	64	0	0	1293	1356	151	88	3.76e-24	119
NC_011593.1:c2598562-2597207	NB551033:137:HK33LBGX9:2:22311:12725:5765#0/1	100.000	61	0	0	1004	1064	1	61	1.75e-22	113
NC_011593.1:c2598562-2597207	NB551033:137:HK33LBGX9:1:11103:8587:7914#0/2	100.000	56	0	0	1060	1115	96	151	1.05e-19	104
NC_011593.1:c2598562-2597207	NB551033:137:HK33LBGX9:4:11611:8825:5439#0/1	100.000	55	0	0	1302	1356	150	96	3.79e-19	102
NC_011593.1:c2598562-2597207	NB551033:137:HK33LBGX9:2:11103:9605:18520#0/2	100.000	54	0	0	1011	1064	1	54	1.36e-18	100
NC_011593.1:c2598562-2597207	NB551033:137:HK33LBGX9:2:11103:9605:18520#0/1	100.000	54	0	0	1011	1064	95	42	1.36e-18	100
NC_011593.1:c2598562-2597207	NB551033:137:HK33LBGX9:2:22202:15720:1174#0/2	100.000	47	0	0	1310	1356	1	47	1.06e-14	87.9
NC_011593.1:c2598562-2597207	NB551033:137:HK33LBGX9:4:22608:7068:2069#0/1	100.000	47	0	0	1310	1356	1	47	1.06e-14	87.9
NC_011593.1:c2598562-2597207	NB551033:137:HK33LBGX9:4:11401:20398:16775#0/1	100.000	42	0	0	1	42	42	1	6.39e-12	78.7
NC_011593.1:c2598562-2597207	NB551033:137:HK33LBGX9:4:22511:20316:13825#0/1	100.000	40	0	0	1025	1064	151	112	8.26e-11	75.0
NC_011593.1:c2598562-2597207	NB551033:137:HK33LBGX9:4:12405:24885:6783#0/1	100.000	40	0	0	1317	1356	151	112	8.26e-11	75.0
NC_011593.1:c2598562-2597207	NB551033:137:HK33LBGX9:4:21407:11512:1440#0/2	100.000	29	0	0	138	166	29	1	1.08e-04	54.7
NC_011593.1:c2598562-2597207	NB551033:137:HK33LBGX9:4:21407:11512:1440#0/1	100.000	29	0	0	138	166	85	113	1.08e-04	54.7
NC_011593.1:c2598562-2597207	NB551033:137:HK33LBGX9:1:13107:9420:14594#0/1	100.000	28	0	0	1329	1356	1	28	3.87e-04	52.8
# BLASTN 2.9.0+
# Query: NC_011593.1:2598858-2601929 Bifidobacterium longum subsp. infantis ATCC 15697, complete genome
# Database: db/blast_M0790-3F-1A_S18.faa
# Fields: query acc.ver, subject acc.ver, % identity, alignment length, mismatches, gap opens, q. start, q. end, s. start, s. end, evalue, bit score
# 161 hits found
NC_011593.1:2598858-2601929	NB551033:137:HK33LBGX9:4:11510:21798:1224#0/2	100.000	151	0	0	1598	1748	151	1	3.71e-72	279
NC_011593.1:2598858-2601929	NB551033:137:HK33LBGX9:3:13608:21845:4860#0/2	100.000	151	0	0	965	1115	151	1	3.71e-72	279
NC_011593.1:2598858-2601929	NB551033:137:HK33LBGX9:1:23210:15979:5667#0/1	100.000	151	0	0	1970	2120	151	1	3.71e-72	279
NC_011593.1:2598858-2601929	NB551033:137:HK33LBGX9:1:22105:15517:6817#0/1	100.000	151	0	0	1598	1748	151	1	3.71e-72	279
NC_011593.1:2598858-2601929	NB551033:137:HK33LBGX9:4:11411:2763:8782#0/2	100.000	150	0	0	1772	1921	150	1	1.33e-71	278
NC_011593.1:2598858-2601929	NB551033:137:HK33LBGX9:1:23210:15979:5667#0/2	100.000	150	0	0	1946	2095	1	150	1.33e-71	278
NC_011593.1:2598858-2601929	NB551033:137:HK33LBGX9:4:23502:10564:13064#0/1	100.000	150	0	0	1952	2101	1	150	1.33e-71	278
NC_011593.1:2598858-2601929	NB551033:137:HK33LBGX9:3:22610:16096:2108#0/1	100.000	150	0	0	1941	2090	1	150	1.33e-71	278
NC_011593.1:2598858-2601929	NB551033:137:HK33LBGX9:3:21609:8318:10467#0/1	100.000	150	0	0	259	408	150	1	1.33e-71	278
NC_011593.1:2598858-2601929	NB551033:137:HK33LBGX9:3:21411:23310:15283#0/1	100.000	150	0	0	1566	1715	1	150	1.33e-71	278
NC_011593.1:2598858-2601929	NB551033:137:HK33LBGX9:4:22404:20217:16890#0/2	100.000	149	0	0	208	356	149	1	4.79e-71	276
NC_011593.1:2598858-2601929	NB551033:137:HK33LBGX9:4:13607:9225:8499#0/2	100.000	149	0	0	2213	2361	1	149	4.79e-71	276
NC_011593.1:2598858-2601929	NB551033:137:HK33LBGX9:4:23509:2809:14121#0/2	99.338	151	1	0	1118	1268	151	1	1.72e-70	274
NC_011593.1:2598858-2601929	NB551033:137:HK33LBGX9:4:22610:25696:8063#0/2	99.338	151	1	0	128	278	151	1	1.72e-70	274
NC_011593.1:2598858-2601929	NB551033:137:HK33LBGX9:3:21609:8318:10467#0/2	99.338	151	1	0	107	257	1	151	1.72e-70	274
NC_011593.1:2598858-2601929	NB551033:137:HK33LBGX9:3:11603:18528:2728#0/2	99.338	151	1	0	905	1055	151	1	1.72e-70	274
NC_011593.1:2598858-2601929	NB551033:137:HK33LBGX9:2:21311:21667:3195#0/2	99.338	151	1	0	168	318	1	151	1.72e-70	274
NC_011593.1:2598858-2601929	NB551033:137:HK33LBGX9:2:12111:18028:20064#0/2	99.338	151	1	0	1693	1843	1	151	1.72e-70	274
NC_011593.1:2598858-2601929	NB551033:137:HK33LBGX9:1:23105:19590:4640#0/2	99.338	151	1	0	1239	1389	151	1	1.72e-70	274
NC_011593.1:2598858-2601929	NB551033:137:HK33LBGX9:1:22210:23736:11987#0/2	99.338	151	1	0	1839	1989	151	1	1.72e-70	274
NC_011593.1:2598858-2601929	NB551033:137:HK33LBGX9:4:23609:21009:8633#0/1	99.338	151	1	0	1150	1300	151	1	1.72e-70	274
NC_011593.1:2598858-2601929	NB551033:137:HK33LBGX9:4:23607:21073:16805#0/1	99.338	151	1	0	905	1055	151	1	1.72e-70	274
NC_011593.1:2598858-2601929	NB551033:137:HK33LBGX9:4:23509:2809:14121#0/1	99.338	151	1	0	1032	1182	1	151	1.72e-70	274
NC_011593.1:2598858-2601929	NB551033:137:HK33LBGX9:4:11411:2763:8782#0/1	99.338	151	1	0	1760	1910	1	151	1.72e-70	274
NC_011593.1:2598858-2601929	NB551033:137:HK33LBGX9:2:21107:15886:2727#0/1	100.000	148	0	0	1713	1860	1	148	1.72e-70	274
NC_011593.1:2598858-2601929	NB551033:137:HK33LBGX9:2:12111:18028:20064#0/1	100.000	148	0	0	1805	1952	150	3	1.72e-70	274
NC_011593.1:2598858-2601929	NB551033:137:HK33LBGX9:4:23609:21009:8633#0/2	99.333	150	1	0	1107	1256	1	150	6.20e-70	272
NC_011593.1:2598858-2601929	NB551033:137:HK33LBGX9:4:23406:11607:3385#0/2	99.333	150	1	0	1381	1530	1	150	6.20e-70	272
NC_011593.1:2598858-2601929	NB551033:137:HK33LBGX9:3:23408:7694:12670#0/2	99.333	150	1	0	904	1053	150	1	6.20e-70	272
NC_011593.1:2598858-2601929	NB551033:137:HK33LBGX9:3:21411:23310:15283#0/2	99.333	150	1	0	1805	1954	150	1	6.20e-70	272
NC_011593.1:2598858-2601929	NB551033:137:HK33LBGX9:2:13112:14920:5742#0/2	99.333	150	1	0	1392	1541	150	1	6.20e-70	272
NC_011593.1:2598858-2601929	NB551033:137:HK33LBGX9:4:21406:18115:11475#0/1	99.333	150	1	0	1732	1881	150	1	6.20e-70	272
NC_011593.1:2598858-2601929	NB551033:137:HK33LBGX9:4:11409:19402:11997#0/1	99.333	150	1	0	685	834	150	1	6.20e-70	272
NC_011593.1:2598858-2601929	NB551033:137:HK33LBGX9:3:11603:18528:2728#0/1	99.333	150	1	0	710	859	1	150	6.20e-70	272
NC_011593.1:2598858-2601929	NB551033:137:HK33LBGX9:1:13309:6870:4013#0/1	99.333	150	1	0	300	449	1	150	6.20e-70	272
NC_011593.1:2598858-2601929	NB551033:137:HK33LBGX9:4:21406:18115:11475#0/2	99.329	149	1	0	1717	1865	1	149	2.23e-69	270
NC_011593.1:2598858-2601929	NB551033:137:HK33LBGX9:3:23510:14235:8401#0/1	99.329	149	1	0	171	319	149	1	2.23e-69	270
NC_011593.1:2598858-2601929	NB551033:137:HK33LBGX9:2:21311:21667:3195#0/1	99.329	149	1	0	226	374	149	1	2.23e-69	270
NC_011593.1:2598858-2601929	NB551033:137:HK33LBGX9:4:23607:21073:16805#0/2	98.675	151	2	0	887	1037	1	151	8.02e-69	268
NC_011593.1:2598858-2601929	NB551033:137:HK33LBGX9:4:12507:15302:14578#0/2	98.675	151	2	0	2513	2663	1	151	8.02e-69	268
NC_011593.1:2598858-2601929	NB551033:137:HK33LBGX9:4:12404:7710:10034#0/2	98.675	151	2	0	2804	2954	1	151	8.02e-69	268
NC_011593.1:2598858-2601929	NB551033:137:HK33LBGX9:1:12307:6675:10004#0/2	98.675	151	2	0	1278	1428	151	1	8.02e-69	268
NC_011593.1:2598858-2601929	NB551033:137:HK33LBGX9:4:12404:7710:10034#0/1	98.675	151	2	0	2815	2965	151	1	8.02e-69	268
NC_011593.1:2598858-2601929	NB551033:137:HK33LBGX9:3:23408:7694:12670#0/1	98.675	151	2	0	877	1027	1	151	8.02e-69	268
NC_011593.1:2598858-2601929	NB551033:137:HK33LBGX9:1:23105:19590:4640#0/1	98.675	151	2	0	1190	1340	1	151	8.02e-69	268
NC_011593.1:2598858-2601929	NB551033:137:HK33LBGX9:1:22305:8368:9363#0/1	98.675	151	2	0	657	807	151	1	8.02e-69	268
NC_011593.1:2598858-2601929	NB551033:137:HK33LBGX9:1:12307:6675:10004#0/1	98.675	151	2	0	880	1030	1	151	8.02e-69	268
NC_011593.1:2598858-2601929	NB551033:137:HK33LBGX9:1:12201:16396:2854#0/1	98.675	151	2	0	677	827	1	151	8.02e-69	268
NC_011593.1:2598858-2601929	NB551033:137:HK33LBGX9:3:21408:3886:7120#0/2	98.667	150	2	0	2764	2913	150	1	2.89e-68	267
NC_011593.1:2598858-2601929	NB551033:137:HK33LBGX9:2:22302:6145:7766#0/2	98.667	150	2	0	2018	2167	1	150	2.89e-68	267
NC_011593.1:2598858-2601929	NB551033:137:HK33LBGX9:2:13303:11575:18094#0/2	98.667	150	2	0	1190	1339	1	150	2.89e-68	267
NC_011593.1:2598858-2601929	NB551033:137:HK33LBGX9:1:22105:15517:6817#0/2	98.667	150	2	0	1459	1608	1	150	2.89e-68	267
NC_011593.1:2598858-2601929	NB551033:137:HK33LBGX9:1:22105:8716:5831#0/2	100.000	144	0	0	1209	1352	144	1	2.89e-68	267
NC_011593.1:2598858-2601929	NB551033:137:HK33LBGX9:1:13309:6870:4013#0/2	98.667	150	2	0	305	454	150	1	2.89e-68	267
NC_011593.1:2598858-2601929	NB551033:137:HK33LBGX9:4:23406:11607:3385#0/1	98.667	150	2	0	1448	1597	150	1	2.89e-68	267
NC_011593.1:2598858-2601929	NB551033:137:HK33LBGX9:4:11410:2182:1836#0/1	98.667	150	2	0	2802	2951	1	150	2.89e-68	267
NC_011593.1:2598858-2601929	NB551033:137:HK33LBGX9:3:22601:2609:12687#0/1	98.667	150	2	0	1049	1198	150	1	2.89e-68	267
NC_011593.1:2598858-2601929	NB551033:137:HK33LBGX9:1:22105:8716:5831#0/1	100.000	144	0	0	1209	1352	1	144	2.89e-68	267
NC_011593.1:2598858-2601929	NB551033:137:HK33LBGX9:1:13211:4726:8480#0/1	98.667	150	2	0	2894	3043	1	150	2.89e-68	267
NC_011593.1:2598858-2601929	NB551033:137:HK33LBGX9:4:22410:4611:5655#0/2	99.315	146	1	0	100	245	1	146	1.04e-67	265
NC_011593.1:2598858-2601929	NB551033:137:HK33LBGX9:4:22410:4611:5655#0/1	99.315	146	1	0	100	245	146	1	1.04e-67	265
NC_011593.1:2598858-2601929	NB551033:137:HK33LBGX9:4:12507:15302:14578#0/1	98.658	149	2	0	2770	2918	149	1	1.04e-67	265
NC_011593.1:2598858-2601929	NB551033:137:HK33LBGX9:2:13112:14920:5742#0/1	98.658	149	2	0	1330	1478	1	149	1.04e-67	265
NC_011593.1:2598858-2601929	NB551033:137:HK33LBGX9:1:22208:10263:14395#0/1	98.658	149	2	0	2908	3056	1	149	1.04e-67	265
NC_011593.1:2598858-2601929	NB551033:137:HK33LBGX9:4:21608:5681:18383#0/2	98.013	151	3	0	1390	1540	151	1	3.73e-67	263
NC_011593.1:2598858-2601929	NB551033:137:HK33LBGX9:4:11410:2182:1836#0/2	98.013	151	3	0	2919	3069	151	1	3.73e-67	263
NC_011593.1:2598858-2601929	NB551033:137:HK33LBGX9:3:12409:8905:14754#0/2	100.000	142	0	0	921	1062	1	142	3.73e-67	263
NC_011593.1:2598858-2601929	NB551033:137:HK33LBGX9:2:13108:21605:13389#0/2	98.013	151	3	0	2105	2255	1	151	3.73e-67	263
NC_011593.1:2598858-2601929	NB551033:137:HK33LBGX9:2:11303:5322:12466#0/2	98.013	151	3	0	1335	1485	151	1	3.73e-67	263
NC_011593.1:2598858-2601929	NB551033:137:HK33LBGX9:1:12104:2820:17676#0/2	98.013	151	3	0	1295	1445	151	1	3.73e-67	263
NC_011593.1:2598858-2601929	NB551033:137:HK33LBGX9:4:11510:21798:1224#0/1	100.000	142	0	0	1596	1737	1	142	3.73e-67	263
NC_011593.1:2598858-2601929	NB551033:137:HK33LBGX9:3:12409:8905:14754#0/1	100.000	142	0	0	921	1062	142	1	3.73e-67	263
NC_011593.1:2598858-2601929	NB551033:137:HK33LBGX9:2:11303:5322:12466#0/1	98.013	151	3	0	1266	1416	1	151	3.73e-67	263
NC_011593.1:2598858-2601929	NB551033:137:HK33LBGX9:4:23502:10564:13064#0/2	98.000	150	3	0	2017	2166	150	1	1.34e-66	261
NC_011593.1:2598858-2601929	NB551033:137:HK33LBGX9:2:21107:15886:2727#0/2	98.000	150	3	0	2098	2247	150	1	1.34e-66	261
NC_011593.1:2598858-2601929	NB551033:137:HK33LBGX9:2:12103:13491:16482#0/2	98.000	150	3	0	2331	2480	150	1	1.34e-66	261
NC_011593.1:2598858-2601929	NB551033:137:HK33LBGX9:1:22208:10263:14395#0/2	98.000	150	3	0	2911	3060	150	1	1.34e-66	261
NC_011593.1:2598858-2601929	NB551033:137:HK33LBGX9:4:21608:5681:18383#0/1	98.000	150	3	0	1190	1339	1	150	1.34e-66	261
NC_011593.1:2598858-2601929	NB551033:137:HK33LBGX9:4:13607:9225:8499#0/1	98.000	150	3	0	2263	2412	150	1	1.34e-66	261
NC_011593.1:2598858-2601929	NB551033:137:HK33LBGX9:3:23401:9979:7796#0/1	98.000	150	3	0	2481	2630	1	150	1.34e-66	261
NC_011593.1:2598858-2601929	NB551033:137:HK33LBGX9:2:22302:6145:7766#0/1	100.000	141	0	0	2161	2301	143	3	1.34e-66	261
NC_011593.1:2598858-2601929	NB551033:137:HK33LBGX9:2:12103:13491:16482#0/1	98.000	150	3	0	2323	2472	1	150	1.34e-66	261
NC_011593.1:2598858-2601929	NB551033:137:HK33LBGX9:1:12104:2820:17676#0/1	98.000	150	3	0	1146	1295	1	150	1.34e-66	261
NC_011593.1:2598858-2601929	NB551033:137:HK33LBGX9:3:23401:9979:7796#0/2	97.987	149	3	0	2521	2669	149	1	4.83e-66	259
NC_011593.1:2598858-2601929	NB551033:137:HK33LBGX9:4:23409:19672:2911#0/2	99.296	142	1	0	974	1115	1	142	1.74e-65	257
NC_011593.1:2598858-2601929	NB551033:137:HK33LBGX9:4:11409:19402:11997#0/2	97.351	151	4	0	401	551	1	151	1.74e-65	257
NC_011593.1:2598858-2601929	NB551033:137:HK33LBGX9:2:11212:8950:11525#0/2	97.351	151	4	0	2655	2805	1	151	1.74e-65	257
NC_011593.1:2598858-2601929	NB551033:137:HK33LBGX9:1:22211:7738:17553#0/2	99.296	142	1	0	29	170	142	1	1.74e-65	257
NC_011593.1:2598858-2601929	NB551033:137:HK33LBGX9:4:23409:19672:2911#0/1	99.296	142	1	0	974	1115	142	1	1.74e-65	257
NC_011593.1:2598858-2601929	NB551033:137:HK33LBGX9:3:13608:21845:4860#0/1	97.351	151	4	0	826	976	1	151	1.74e-65	257
NC_011593.1:2598858-2601929	NB551033:137:HK33LBGX9:2:13303:11575:18094#0/1	97.973	148	3	0	1308	1455	148	1	1.74e-65	257
NC_011593.1:2598858-2601929	NB551033:137:HK33LBGX9:1:22211:7738:17553#0/1	99.296	142	1	0	29	170	1	142	1.74e-65	257
NC_011593.1:2598858-2601929	NB551033:137:HK33LBGX9:4:22610:7104:17015#0/2	97.333	150	4	0	2612	2761	150	1	6.24e-65	255
NC_011593.1:2598858-2601929	NB551033:137:HK33LBGX9:3:22610:16096:2108#0/2	97.333	150	4	0	2293	2442	150	1	6.24e-65	255
NC_011593.1:2598858-2601929	NB551033:137:HK33LBGX9:3:22503:23218:4520#0/2	97.333	150	4	0	2598	2747	1	150	6.24e-65	255
NC_011593.1:2598858-2601929	NB551033:137:HK33LBGX9:3:11612:12570:2741#0/2	97.333	150	4	0	2593	2742	1	150	6.24e-65	255
NC_011593.1:2598858-2601929	NB551033:137:HK33LBGX9:4:22610:7104:17015#0/1	97.333	150	4	0	2297	2446	1	150	6.24e-65	255
NC_011593.1:2598858-2601929	NB551033:137:HK33LBGX9:3:11612:12570:2741#0/1	97.333	150	4	0	2644	2793	150	1	6.24e-65	255
NC_011593.1:2598858-2601929	NB551033:137:HK33LBGX9:2:13108:21605:13389#0/1	97.333	150	4	0	2255	2404	150	1	6.24e-65	255
NC_011593.1:2598858-2601929	NB551033:137:HK33LBGX9:2:11212:8950:11525#0/1	97.959	147	3	0	2679	2825	147	1	6.24e-65	255
NC_011593.1:2598858-2601929	NB551033:137:HK33LBGX9:3:12401:1511:6085#0/2	100.000	136	0	0	1613	1748	136	1	8.08e-64	252
NC_011593.1:2598858-2601929	NB551033:137:HK33LBGX9:1:22305:8368:9363#0/2	96.689	151	5	0	465	615	1	151	8.08e-64	252
NC_011593.1:2598858-2601929	NB551033:137:HK33LBGX9:4:12502:15289:7393#0/1	97.297	148	4	0	536	683	150	3	8.08e-64	252
NC_011593.1:2598858-2601929	NB551033:137:HK33LBGX9:3:21508:18185:15254#0/1	96.689	151	5	0	2291	2441	151	1	8.08e-64	252
NC_011593.1:2598858-2601929	NB551033:137:HK33LBGX9:3:12401:1511:6085#0/1	100.000	136	0	0	1613	1748	1	136	8.08e-64	252
NC_011593.1:2598858-2601929	NB551033:137:HK33LBGX9:4:12502:15289:7393#0/2	96.667	150	5	0	456	605	1	150	2.91e-63	250
NC_011593.1:2598858-2601929	NB551033:137:HK33LBGX9:3:22601:2609:12687#0/2	96.667	150	5	0	799	948	1	150	2.91e-63	250
NC_011593.1:2598858-2601929	NB551033:137:HK33LBGX9:1:11109:12241:17135#0/2	96.644	149	5	0	484	632	1	149	1.04e-62	248
NC_011593.1:2598858-2601929	NB551033:137:HK33LBGX9:1:11109:12241:17135#0/1	96.644	149	5	0	490	638	151	3	1.04e-62	248
NC_011593.1:2598858-2601929	NB551033:137:HK33LBGX9:4:21601:8023:16371#0/2	99.265	136	1	0	127	262	136	1	3.76e-62	246
NC_011593.1:2598858-2601929	NB551033:137:HK33LBGX9:1:12201:16396:2854#0/2	96.026	151	6	0	753	903	151	1	3.76e-62	246
NC_011593.1:2598858-2601929	NB551033:137:HK33LBGX9:4:21601:8023:16371#0/1	98.529	136	2	0	127	262	1	136	1.75e-60	241
NC_011593.1:2598858-2601929	NB551033:137:HK33LBGX9:1:23307:7643:2946#0/2	97.163	141	4	0	667	807	141	1	6.29e-60	239
NC_011593.1:2598858-2601929	NB551033:137:HK33LBGX9:1:22210:23736:11987#0/1	99.231	130	1	0	1837	1966	1	130	8.14e-59	235
NC_011593.1:2598858-2601929	NB551033:137:HK33LBGX9:2:13312:11032:19438#0/2	100.000	126	0	0	198	323	126	1	2.93e-58	233
NC_011593.1:2598858-2601929	NB551033:137:HK33LBGX9:1:23109:1629:14135#0/2	99.225	129	1	0	139	267	129	1	2.93e-58	233
NC_011593.1:2598858-2601929	NB551033:137:HK33LBGX9:2:13312:11032:19438#0/1	100.000	126	0	0	198	323	1	126	2.93e-58	233
NC_011593.1:2598858-2601929	NB551033:137:HK33LBGX9:1:23109:1629:14135#0/1	99.225	129	1	0	139	267	1	129	2.93e-58	233
NC_011593.1:2598858-2601929	NB551033:137:HK33LBGX9:3:21508:18185:15254#0/2	99.219	128	1	0	2124	2251	1	128	1.05e-57	231
NC_011593.1:2598858-2601929	NB551033:137:HK33LBGX9:1:23303:13040:19958#0/2	99.219	128	1	0	1	128	128	1	1.05e-57	231
NC_011593.1:2598858-2601929	NB551033:137:HK33LBGX9:1:13312:15825:8553#0/2	98.387	124	2	0	2263	2386	124	1	8.19e-54	219
NC_011593.1:2598858-2601929	NB551033:137:HK33LBGX9:1:13312:15825:8553#0/1	98.387	124	2	0	2263	2386	1	124	8.19e-54	219
NC_011593.1:2598858-2601929	NB551033:137:HK33LBGX9:3:21408:3886:7120#0/1	97.581	124	3	0	2523	2646	1	124	3.81e-52	213
NC_011593.1:2598858-2601929	NB551033:137:HK33LBGX9:3:23409:9957:5797#0/2	98.319	119	2	0	595	713	119	1	4.93e-51	209
NC_011593.1:2598858-2601929	NB551033:137:HK33LBGX9:3:23409:9957:5797#0/1	98.319	119	2	0	595	713	1	119	4.93e-51	209
NC_011593.1:2598858-2601929	NB551033:137:HK33LBGX9:2:23308:9230:8665#0/1	97.521	121	3	0	2952	3072	1	121	1.77e-50	207
NC_011593.1:2598858-2601929	NB551033:137:HK33LBGX9:1:23307:7643:2946#0/1	98.291	117	2	0	574	690	1	117	6.38e-50	206
NC_011593.1:2598858-2601929	NB551033:137:HK33LBGX9:2:13107:19638:1291#0/2	99.091	110	1	0	26	135	110	1	1.07e-47	198
NC_011593.1:2598858-2601929	NB551033:137:HK33LBGX9:2:13107:19638:1291#0/1	99.091	110	1	0	26	135	1	110	1.07e-47	198
NC_011593.1:2598858-2601929	NB551033:137:HK33LBGX9:4:22509:7299:19559#0/2	99.083	109	1	0	2389	2497	2	110	3.84e-47	196
NC_011593.1:2598858-2601929	NB551033:137:HK33LBGX9:3:23607:3607:19937#0/2	100.000	106	0	0	1596	1701	1	106	3.84e-47	196
NC_011593.1:2598858-2601929	NB551033:137:HK33LBGX9:4:22509:7299:19559#0/1	100.000	106	0	0	2392	2497	106	1	3.84e-47	196
NC_011593.1:2598858-2601929	NB551033:137:HK33LBGX9:3:23607:3607:19937#0/1	100.000	106	0	0	1596	1701	106	1	3.84e-47	196
NC_011593.1:2598858-2601929	NB551033:137:HK33LBGX9:3:12410:26196:15290#0/2	96.581	117	4	0	165	281	117	1	1.38e-46	195
NC_011593.1:2598858-2601929	NB551033:137:HK33LBGX9:4:13402:7441:3529#0/2	98.113	106	2	0	2147	2252	106	1	8.31e-44	185
NC_011593.1:2598858-2601929	NB551033:137:HK33LBGX9:4:13402:7441:3529#0/1	98.113	106	2	0	2147	2252	1	106	8.31e-44	185
NC_011593.1:2598858-2601929	NB551033:137:HK33LBGX9:4:11512:16334:1304#0/2	97.222	108	3	0	2965	3072	1	108	2.99e-43	183
NC_011593.1:2598858-2601929	NB551033:137:HK33LBGX9:2:13203:11508:19614#0/1	100.000	96	0	0	259	354	1	96	1.39e-41	178
NC_011593.1:2598858-2601929	NB551033:137:HK33LBGX9:3:13507:18680:7997#0/2	98.000	100	2	0	591	690	100	1	1.80e-40	174
NC_011593.1:2598858-2601929	NB551033:137:HK33LBGX9:1:12308:20622:16505#0/2	98.969	97	1	0	2851	2947	3	99	1.80e-40	174
NC_011593.1:2598858-2601929	NB551033:137:HK33LBGX9:3:13507:18680:7997#0/1	98.000	100	2	0	591	690	1	100	1.80e-40	174
NC_011593.1:2598858-2601929	NB551033:137:HK33LBGX9:1:12308:20622:16505#0/1	98.969	97	1	0	2851	2947	97	1	1.80e-40	174
NC_011593.1:2598858-2601929	NB551033:137:HK33LBGX9:2:23303:18021:9471#0/2	97.000	100	3	0	509	608	100	1	8.37e-39	169
NC_011593.1:2598858-2601929	NB551033:137:HK33LBGX9:2:23303:18021:9471#0/1	97.000	100	3	0	509	608	1	100	8.37e-39	169
NC_011593.1:2598858-2601929	NB551033:137:HK33LBGX9:1:11105:3873:1183#0/1	98.925	93	1	0	48	140	93	1	3.01e-38	167
NC_011593.1:2598858-2601929	NB551033:137:HK33LBGX9:2:13203:11508:19614#0/2	100.000	89	0	0	299	387	89	1	1.08e-37	165
NC_011593.1:2598858-2601929	NB551033:137:HK33LBGX9:3:21604:23389:17525#0/2	97.849	93	2	0	60	152	93	1	1.40e-36	161
NC_011593.1:2598858-2601929	NB551033:137:HK33LBGX9:2:13209:7811:9491#0/2	100.000	77	0	0	1635	1711	77	1	5.07e-31	143
NC_011593.1:2598858-2601929	NB551033:137:HK33LBGX9:2:13209:7811:9491#0/1	100.000	77	0	0	1635	1711	1	77	5.07e-31	143
NC_011593.1:2598858-2601929	NB551033:137:HK33LBGX9:3:22401:9592:8481#0/2	98.718	78	1	0	2389	2466	1	78	6.56e-30	139
NC_011593.1:2598858-2601929	NB551033:137:HK33LBGX9:3:22401:9592:8481#0/1	100.000	75	0	0	2392	2466	75	1	6.56e-30	139
NC_011593.1:2598858-2601929	NB551033:137:HK33LBGX9:1:11105:3873:1183#0/2	100.000	74	0	0	1	74	3	76	2.36e-29	137
NC_011593.1:2598858-2601929	NB551033:137:HK33LBGX9:1:12206:11165:7381#0/1	95.238	84	4	0	2989	3072	2	85	3.05e-28	134
NC_011593.1:2598858-2601929	NB551033:137:HK33LBGX9:3:23410:7822:18632#0/2	100.000	68	0	0	1	68	68	1	5.11e-26	126
NC_011593.1:2598858-2601929	NB551033:137:HK33LBGX9:3:23410:7822:18632#0/1	100.000	68	0	0	1	68	59	126	5.11e-26	126
NC_011593.1:2598858-2601929	NB551033:137:HK33LBGX9:1:12206:11165:7381#0/2	96.970	66	2	0	3007	3072	147	82	1.43e-21	111
NC_011593.1:2598858-2601929	NB551033:137:HK33LBGX9:2:12205:22710:18211#0/2	95.312	64	3	0	3009	3072	1	64	8.61e-19	102
NC_011593.1:2598858-2601929	NB551033:137:HK33LBGX9:3:11501:10789:5480#0/2	95.000	60	2	1	3013	3072	2	60	5.18e-16	93.5
NC_011593.1:2598858-2601929	NB551033:137:HK33LBGX9:3:11501:10789:5480#0/1	95.000	60	2	1	3013	3072	107	49	5.18e-16	93.5
NC_011593.1:2598858-2601929	NB551033:137:HK33LBGX9:3:22407:26500:11840#0/2	97.674	43	1	0	1	43	43	1	1.88e-10	75.0
NC_011593.1:2598858-2601929	NB551033:137:HK33LBGX9:1:22107:8782:15628#0/1	100.000	28	0	0	1028	1055	120	147	8.79e-04	52.8
# BLASTN 2.9.0+
# Query: NC_011593.1:c2604454-2602106 Bifidobacterium longum subsp. infantis ATCC 15697, complete genome
# Database: db/blast_M0790-3F-1A_S18.faa
# 0 hits found
# BLASTN 2.9.0+
# Query: NC_011593.1:c2605922-2604486 Bifidobacterium longum subsp. infantis ATCC 15697, complete genome
# Database: db/blast_M0790-3F-1A_S18.faa
# 0 hits found
# BLASTN 2.9.0+
# Query: NC_011593.1:c2606381-2605944 Bifidobacterium longum subsp. infantis ATCC 15697, complete genome
# Database: db/blast_M0790-3F-1A_S18.faa
# 0 hits found
# BLASTN 2.9.0+
# Query: NC_011593.1:c2607314-2606418 Bifidobacterium longum subsp. infantis ATCC 15697, complete genome
# Database: db/blast_M0790-3F-1A_S18.faa
# Fields: query acc.ver, subject acc.ver, % identity, alignment length, mismatches, gap opens, q. start, q. end, s. start, s. end, evalue, bit score
# 2 hits found
NC_011593.1:c2607314-2606418	NB551033:137:HK33LBGX9:3:22603:11543:13990#0/2	97.297	37	1	0	19	55	37	1	1.17e-07	63.9
NC_011593.1:c2607314-2606418	NB551033:137:HK33LBGX9:4:11510:15048:12430#0/2	100.000	29	0	0	19	47	29	1	7.04e-05	54.7
# BLASTN 2.9.0+
# Query: NC_011593.1:c2608249-2607458 Bifidobacterium longum subsp. infantis ATCC 15697, complete genome
# Database: db/blast_M0790-3F-1A_S18.faa
# 0 hits found
# BLASTN 2.9.0+
# Query: NC_011593.1:c2609546-2608269 Bifidobacterium longum subsp. infantis ATCC 15697, complete genome
# Database: db/blast_M0790-3F-1A_S18.faa
# 0 hits found
# BLASTN 2.9.0+
# Query: NC_011593.1:c2610356-2609697 Bifidobacterium longum subsp. infantis ATCC 15697, complete genome
# Database: db/blast_M0790-3F-1A_S18.faa
# 0 hits found
# BLASTN 2.9.0+
# Query: NC_011593.1:c2611458-2610496 Bifidobacterium longum subsp. infantis ATCC 15697, complete genome
# Database: db/blast_M0790-3F-1A_S18.faa
# 0 hits found
# BLASTN 2.9.0+
# Query: NC_011593.1:c2612430-2611477 Bifidobacterium longum subsp. infantis ATCC 15697, complete genome
# Database: db/blast_M0790-3F-1A_S18.faa
# 0 hits found
# BLASTN 2.9.0+
# Query: NC_011593.1:c2614109-2612517 Bifidobacterium longum subsp. infantis ATCC 15697, complete genome
# Database: db/blast_M0790-3F-1A_S18.faa
# 0 hits found
# BLASTN 2.9.0+
# Query: NC_011593.1:c2615274-2614312 Bifidobacterium longum subsp. infantis ATCC 15697, complete genome
# Database: db/blast_M0790-3F-1A_S18.faa
# 0 hits found
# BLASTN 2.9.0+
# Query: NC_011593.1:c2616246-2615293 Bifidobacterium longum subsp. infantis ATCC 15697, complete genome
# Database: db/blast_M0790-3F-1A_S18.faa
# 0 hits found
# BLASTN 2.9.0+
# Query: NC_011593.1:c2617928-2616333 Bifidobacterium longum subsp. infantis ATCC 15697, complete genome
# Database: db/blast_M0790-3F-1A_S18.faa
# Fields: query acc.ver, subject acc.ver, % identity, alignment length, mismatches, gap opens, q. start, q. end, s. start, s. end, evalue, bit score
# 3 hits found
NC_011593.1:c2617928-2616333	NB551033:137:HK33LBGX9:2:21305:13690:18109#0/2	100.000	35	0	0	493	527	36	2	5.87e-08	65.8
NC_011593.1:c2617928-2616333	NB551033:137:HK33LBGX9:2:21102:26590:12194#0/1	97.368	38	1	0	493	530	39	2	5.87e-08	65.8
NC_011593.1:c2617928-2616333	NB551033:137:HK33LBGX9:4:21603:22442:17222#0/2	100.000	31	0	0	493	523	31	1	9.82e-06	58.4
# BLASTN 2.9.0+
# Query: NC_011593.1:c2619247-2618063 Bifidobacterium longum subsp. infantis ATCC 15697, complete genome
# Database: db/blast_M0790-3F-1A_S18.faa
# 0 hits found
# BLASTN 2.9.0+
# Query: NC_011593.1:c2620369-2619413 Bifidobacterium longum subsp. infantis ATCC 15697, complete genome
# Database: db/blast_M0790-3F-1A_S18.faa
# 0 hits found
# BLASTN 2.9.0+
# Query: NC_011593.1:c2622143-2620551 Bifidobacterium longum subsp. infantis ATCC 15697, complete genome
# Database: db/blast_M0790-3F-1A_S18.faa
# Fields: query acc.ver, subject acc.ver, % identity, alignment length, mismatches, gap opens, q. start, q. end, s. start, s. end, evalue, bit score
# 1 hits found
NC_011593.1:c2622143-2620551	NB551033:137:HK33LBGX9:2:22105:17959:18160#0/2	97.059	34	0	1	594	627	80	112	3.53e-05	56.5
# BLASTN 2.9.0+
# Query: NC_011593.1:c2624124-2622520 Bifidobacterium longum subsp. infantis ATCC 15697, complete genome
# Database: db/blast_M0790-3F-1A_S18.faa
# 0 hits found
# BLASTN 2.9.0+
# Query: NC_011593.1:c2626110-2624512 Bifidobacterium longum subsp. infantis ATCC 15697, complete genome
# Database: db/blast_M0790-3F-1A_S18.faa
# Fields: query acc.ver, subject acc.ver, % identity, alignment length, mismatches, gap opens, q. start, q. end, s. start, s. end, evalue, bit score
# 10 hits found
NC_011593.1:c2626110-2624512	NB551033:137:HK33LBGX9:4:23601:14882:8017#0/2	100.000	30	0	0	1555	1584	30	59	3.54e-05	56.5
NC_011593.1:c2626110-2624512	NB551033:137:HK33LBGX9:4:23408:8608:2262#0/2	100.000	30	0	0	1555	1584	140	111	3.54e-05	56.5
NC_011593.1:c2626110-2624512	NB551033:137:HK33LBGX9:2:22105:17959:18160#0/2	97.059	34	0	1	594	627	80	112	3.54e-05	56.5
NC_011593.1:c2626110-2624512	NB551033:137:HK33LBGX9:2:13108:6825:1318#0/2	100.000	30	0	0	1555	1584	38	9	3.54e-05	56.5
NC_011593.1:c2626110-2624512	NB551033:137:HK33LBGX9:1:23301:7940:19309#0/2	100.000	30	0	0	1555	1584	58	29	3.54e-05	56.5
NC_011593.1:c2626110-2624512	NB551033:137:HK33LBGX9:1:22110:11002:10020#0/2	100.000	30	0	0	1555	1584	55	84	3.54e-05	56.5
NC_011593.1:c2626110-2624512	NB551033:137:HK33LBGX9:4:23408:8608:2262#0/1	100.000	30	0	0	1555	1584	31	60	3.54e-05	56.5
NC_011593.1:c2626110-2624512	NB551033:137:HK33LBGX9:4:11408:3868:8660#0/1	100.000	30	0	0	1555	1584	38	9	3.54e-05	56.5
NC_011593.1:c2626110-2624512	NB551033:137:HK33LBGX9:1:23301:7940:19309#0/1	100.000	30	0	0	1555	1584	60	89	3.54e-05	56.5
NC_011593.1:c2626110-2624512	NB551033:137:HK33LBGX9:1:13202:17248:17722#0/1	100.000	28	0	0	1557	1584	1	28	4.58e-04	52.8
# BLASTN 2.9.0+
# Query: NC_011593.1:c2626386-2626264 Bifidobacterium longum subsp. infantis ATCC 15697, complete genome
# Database: db/blast_M0790-3F-1A_S18.faa
# 0 hits found
# BLASTN 2.9.0+
# Query: NC_011593.1:c2628158-2626563 Bifidobacterium longum subsp. infantis ATCC 15697, complete genome
# Database: db/blast_M0790-3F-1A_S18.faa
# 0 hits found
# BLASTN 2.9.0+
# Query: NC_011593.1:c2630269-2628314 Bifidobacterium longum subsp. infantis ATCC 15697, complete genome
# Database: db/blast_M0790-3F-1A_S18.faa
# 0 hits found
# BLASTN 2.9.0+
# Query: NC_011593.1:c2631106-2630366 Bifidobacterium longum subsp. infantis ATCC 15697, complete genome
# Database: db/blast_M0790-3F-1A_S18.faa
# 0 hits found
# BLASTN 2.9.0+
# Query: NC_011593.1:c2632432-2631140 Bifidobacterium longum subsp. infantis ATCC 15697, complete genome
# Database: db/blast_M0790-3F-1A_S18.faa
# 0 hits found
# BLASTN 2.9.0+
# Query: NC_011593.1:c2633881-2632562 Bifidobacterium longum subsp. infantis ATCC 15697, complete genome
# Database: db/blast_M0790-3F-1A_S18.faa
# 0 hits found
# BLASTN 2.9.0+
# Query: NC_011593.1:c2634683-2633865 Bifidobacterium longum subsp. infantis ATCC 15697, complete genome
# Database: db/blast_M0790-3F-1A_S18.faa
# 0 hits found
# BLASTN 2.9.0+
# Query: NC_011593.1:c2635627-2634680 Bifidobacterium longum subsp. infantis ATCC 15697, complete genome
# Database: db/blast_M0790-3F-1A_S18.faa
# 0 hits found
# BLASTN 2.9.0+
# Query: NC_011593.1:c2636747-2635629 Bifidobacterium longum subsp. infantis ATCC 15697, complete genome
# Database: db/blast_M0790-3F-1A_S18.faa
# 0 hits found
# BLAST processed 31 queries
