# BLASTN 2.9.0+
# Query: NC_011593.1:c2595355-2593832 Bifidobacterium longum subsp. infantis ATCC 15697, complete genome
# Database: db/blast_M0790-2F-1A_S17.faa
# Fields: query acc.ver, subject acc.ver, % identity, alignment length, mismatches, gap opens, q. start, q. end, s. start, s. end, evalue, bit score
# 103 hits found
NC_011593.1:c2595355-2593832	NB551033:131:HK2T7BGX9:3:21603:14340:10166#0/1	99.338	151	1	0	359	509	151	1	4.35e-71	274
NC_011593.1:c2595355-2593832	NB551033:131:HK2T7BGX9:4:21510:24320:1885#0/2	99.333	150	1	0	955	1104	150	1	1.57e-70	272
NC_011593.1:c2595355-2593832	NB551033:131:HK2T7BGX9:2:13106:9535:6063#0/1	99.333	150	1	0	727	876	1	150	1.57e-70	272
NC_011593.1:c2595355-2593832	NB551033:131:HK2T7BGX9:1:23101:21085:10132#0/1	98.675	151	2	0	488	638	1	151	2.03e-69	268
NC_011593.1:c2595355-2593832	NB551033:131:HK2T7BGX9:1:12205:21542:18201#0/1	98.675	151	2	0	1064	1214	151	1	2.03e-69	268
NC_011593.1:c2595355-2593832	NB551033:131:HK2T7BGX9:3:21604:16707:13436#0/2	98.667	150	2	0	1054	1203	150	1	7.29e-69	267
NC_011593.1:c2595355-2593832	NB551033:131:HK2T7BGX9:1:13305:17029:16644#0/1	98.667	150	2	0	1080	1229	150	1	7.29e-69	267
NC_011593.1:c2595355-2593832	NB551033:131:HK2T7BGX9:3:13412:20476:15763#0/1	98.658	149	2	0	377	525	1	149	2.62e-68	265
NC_011593.1:c2595355-2593832	NB551033:131:HK2T7BGX9:4:12504:5521:2382#0/1	98.013	151	3	0	801	951	1	151	9.43e-68	263
NC_011593.1:c2595355-2593832	NB551033:131:HK2T7BGX9:3:22402:14160:3670#0/2	98.000	150	3	0	94	243	1	150	3.39e-67	261
NC_011593.1:c2595355-2593832	NB551033:131:HK2T7BGX9:3:11401:22729:18656#0/2	98.000	150	3	0	975	1124	150	1	3.39e-67	261
NC_011593.1:c2595355-2593832	NB551033:131:HK2T7BGX9:2:23311:6059:7013#0/1	98.000	150	3	0	1117	1266	150	1	3.39e-67	261
NC_011593.1:c2595355-2593832	NB551033:131:HK2T7BGX9:2:23311:6059:7013#0/2	97.351	151	4	0	1087	1237	1	151	4.39e-66	257
NC_011593.1:c2595355-2593832	NB551033:131:HK2T7BGX9:2:13106:9535:6063#0/2	97.351	151	4	0	760	910	151	1	4.39e-66	257
NC_011593.1:c2595355-2593832	NB551033:131:HK2T7BGX9:2:11106:23629:15691#0/2	97.351	151	4	0	801	951	1	151	4.39e-66	257
NC_011593.1:c2595355-2593832	NB551033:131:HK2T7BGX9:1:21111:26524:18576#0/2	97.351	151	4	0	80	230	1	151	4.39e-66	257
NC_011593.1:c2595355-2593832	NB551033:131:HK2T7BGX9:1:13305:17029:16644#0/2	97.351	151	4	0	801	951	1	151	4.39e-66	257
NC_011593.1:c2595355-2593832	NB551033:131:HK2T7BGX9:3:22402:14160:3670#0/1	97.351	151	4	0	135	285	151	1	4.39e-66	257
NC_011593.1:c2595355-2593832	NB551033:131:HK2T7BGX9:1:21111:26524:18576#0/1	97.351	151	4	0	125	275	151	1	4.39e-66	257
NC_011593.1:c2595355-2593832	NB551033:131:HK2T7BGX9:4:12504:5521:2382#0/2	97.333	150	4	0	870	1019	150	1	1.58e-65	255
NC_011593.1:c2595355-2593832	NB551033:131:HK2T7BGX9:2:11106:23629:15691#0/1	97.333	150	4	0	830	979	150	1	1.58e-65	255
NC_011593.1:c2595355-2593832	NB551033:131:HK2T7BGX9:1:23106:13213:2925#0/1	98.601	143	2	0	507	649	143	1	5.67e-65	254
NC_011593.1:c2595355-2593832	NB551033:131:HK2T7BGX9:3:13412:20476:15763#0/2	97.931	145	3	0	766	910	145	1	2.04e-64	252
NC_011593.1:c2595355-2593832	NB551033:131:HK2T7BGX9:1:11105:23947:2037#0/2	96.689	151	5	0	586	736	1	151	2.04e-64	252
NC_011593.1:c2595355-2593832	NB551033:131:HK2T7BGX9:4:11512:4148:13501#0/2	96.667	150	5	0	1130	1279	1	150	7.34e-64	250
NC_011593.1:c2595355-2593832	NB551033:131:HK2T7BGX9:3:21603:14340:10166#0/2	96.667	150	5	0	39	188	1	150	7.34e-64	250
NC_011593.1:c2595355-2593832	NB551033:131:HK2T7BGX9:1:12205:21542:18201#0/2	98.582	141	2	0	1053	1193	1	141	7.34e-64	250
NC_011593.1:c2595355-2593832	NB551033:131:HK2T7BGX9:3:11405:16495:12215#0/1	99.275	138	1	0	908	1045	138	1	7.34e-64	250
NC_011593.1:c2595355-2593832	NB551033:131:HK2T7BGX9:2:11305:4236:13441#0/1	96.667	150	5	0	1312	1461	1	150	7.34e-64	250
NC_011593.1:c2595355-2593832	NB551033:131:HK2T7BGX9:1:21207:19443:4314#0/1	97.260	146	4	0	181	326	146	1	2.64e-63	248
NC_011593.1:c2595355-2593832	NB551033:131:HK2T7BGX9:3:21510:15223:3053#0/2	96.026	151	6	0	585	735	151	1	9.49e-63	246
NC_011593.1:c2595355-2593832	NB551033:131:HK2T7BGX9:4:21510:24320:1885#0/1	96.026	151	6	0	844	994	1	151	9.49e-63	246
NC_011593.1:c2595355-2593832	NB551033:131:HK2T7BGX9:3:22611:24071:19417#0/1	96.622	148	5	0	77	224	148	1	9.49e-63	246
NC_011593.1:c2595355-2593832	NB551033:131:HK2T7BGX9:3:11511:21479:14788#0/1	96.026	151	6	0	66	216	151	1	9.49e-63	246
NC_011593.1:c2595355-2593832	NB551033:131:HK2T7BGX9:3:21507:4496:6242#0/2	98.551	138	2	0	842	979	138	1	3.41e-62	244
NC_011593.1:c2595355-2593832	NB551033:131:HK2T7BGX9:1:23101:21085:10132#0/2	96.000	150	6	0	576	725	150	1	3.41e-62	244
NC_011593.1:c2595355-2593832	NB551033:131:HK2T7BGX9:3:21510:15223:3053#0/1	96.000	150	6	0	581	730	1	150	3.41e-62	244
NC_011593.1:c2595355-2593832	NB551033:131:HK2T7BGX9:3:11401:22729:18656#0/1	96.000	150	6	0	849	998	1	150	3.41e-62	244
NC_011593.1:c2595355-2593832	NB551033:131:HK2T7BGX9:2:11311:19527:2764#0/2	95.973	149	6	0	424	572	149	1	1.23e-61	243
NC_011593.1:c2595355-2593832	NB551033:131:HK2T7BGX9:1:23306:11694:11867#0/1	99.254	134	1	0	372	505	1	134	1.23e-61	243
NC_011593.1:c2595355-2593832	NB551033:131:HK2T7BGX9:3:11511:21479:14788#0/2	96.528	144	5	0	1	144	7	150	1.59e-60	239
NC_011593.1:c2595355-2593832	NB551033:131:HK2T7BGX9:2:23106:14921:11150#0/2	95.333	150	7	0	419	568	1	150	1.59e-60	239
NC_011593.1:c2595355-2593832	NB551033:131:HK2T7BGX9:3:21507:4496:6242#0/1	97.826	138	3	0	842	979	1	138	1.59e-60	239
NC_011593.1:c2595355-2593832	NB551033:131:HK2T7BGX9:1:21202:26411:5266#0/2	95.270	148	7	0	372	519	1	148	2.05e-59	235
NC_011593.1:c2595355-2593832	NB551033:131:HK2T7BGX9:2:11311:19527:2764#0/1	95.270	148	7	0	372	519	1	148	2.05e-59	235
NC_011593.1:c2595355-2593832	NB551033:131:HK2T7BGX9:3:23402:25810:16448#0/2	99.225	129	1	0	971	1099	129	1	7.39e-59	233
NC_011593.1:c2595355-2593832	NB551033:131:HK2T7BGX9:4:11603:10320:13300#0/1	96.454	141	5	0	690	830	145	5	7.39e-59	233
NC_011593.1:c2595355-2593832	NB551033:131:HK2T7BGX9:2:21202:2890:4269#0/1	95.205	146	7	0	685	830	1	146	2.66e-58	231
NC_011593.1:c2595355-2593832	NB551033:131:HK2T7BGX9:4:12407:24861:17375#0/2	95.105	143	7	0	445	587	143	1	1.24e-56	226
NC_011593.1:c2595355-2593832	NB551033:131:HK2T7BGX9:4:23409:8875:8523#0/2	95.683	139	6	0	692	830	1	139	4.45e-56	224
NC_011593.1:c2595355-2593832	NB551033:131:HK2T7BGX9:4:22603:14388:9060#0/2	95.000	140	7	0	670	809	140	1	5.75e-55	220
NC_011593.1:c2595355-2593832	NB551033:131:HK2T7BGX9:4:13410:24968:17296#0/1	95.620	137	6	0	694	830	3	139	5.75e-55	220
NC_011593.1:c2595355-2593832	NB551033:131:HK2T7BGX9:3:12605:25728:3136#0/1	96.269	134	5	0	680	813	134	1	5.75e-55	220
NC_011593.1:c2595355-2593832	NB551033:131:HK2T7BGX9:1:23106:13213:2925#0/2	95.522	134	6	0	267	400	1	134	2.68e-53	215
NC_011593.1:c2595355-2593832	NB551033:131:HK2T7BGX9:1:23306:11694:11867#0/2	100.000	106	0	0	404	509	106	1	9.70e-48	196
NC_011593.1:c2595355-2593832	NB551033:131:HK2T7BGX9:1:11105:23947:2037#0/1	95.868	121	5	0	867	987	121	1	9.70e-48	196
NC_011593.1:c2595355-2593832	NB551033:131:HK2T7BGX9:4:23401:26230:7906#0/1	95.798	119	5	0	1	119	119	1	1.25e-46	193
NC_011593.1:c2595355-2593832	NB551033:131:HK2T7BGX9:1:23111:12868:6323#0/2	97.297	111	3	0	699	809	1	111	1.62e-45	189
NC_011593.1:c2595355-2593832	NB551033:131:HK2T7BGX9:1:23111:12868:6323#0/1	97.297	111	3	0	699	809	111	1	1.62e-45	189
NC_011593.1:c2595355-2593832	NB551033:131:HK2T7BGX9:4:22409:1401:4708#0/2	95.614	114	5	0	1219	1332	1	114	7.55e-44	183
NC_011593.1:c2595355-2593832	NB551033:131:HK2T7BGX9:3:11602:10231:7319#0/1	96.396	111	4	0	64	174	1	111	7.55e-44	183
NC_011593.1:c2595355-2593832	NB551033:131:HK2T7BGX9:4:22609:21759:13621#0/1	99.010	101	1	0	1127	1227	101	1	2.71e-43	182
NC_011593.1:c2595355-2593832	NB551033:131:HK2T7BGX9:3:12511:25053:8915#0/2	97.170	106	3	0	801	906	1	106	9.76e-43	180
NC_011593.1:c2595355-2593832	NB551033:131:HK2T7BGX9:3:11602:10231:7319#0/2	95.495	111	5	0	64	174	111	1	3.51e-42	178
NC_011593.1:c2595355-2593832	NB551033:131:HK2T7BGX9:1:13307:25150:7831#0/1	95.495	111	5	0	477	587	111	1	3.51e-42	178
NC_011593.1:c2595355-2593832	NB551033:131:HK2T7BGX9:2:23305:25942:14785#0/2	96.190	105	4	0	726	830	1	105	1.63e-40	172
NC_011593.1:c2595355-2593832	NB551033:131:HK2T7BGX9:4:22508:3821:17956#0/2	96.970	99	3	0	849	947	99	1	7.60e-39	167
NC_011593.1:c2595355-2593832	NB551033:131:HK2T7BGX9:4:22508:3821:17956#0/1	96.970	99	3	0	849	947	1	99	7.60e-39	167
NC_011593.1:c2595355-2593832	NB551033:131:HK2T7BGX9:4:22609:21759:13621#0/2	98.913	92	1	0	1127	1218	1	92	2.73e-38	165
NC_011593.1:c2595355-2593832	NB551033:131:HK2T7BGX9:1:11303:20299:15281#0/2	96.907	97	3	0	715	811	1	97	9.83e-38	163
NC_011593.1:c2595355-2593832	NB551033:131:HK2T7BGX9:1:11303:20299:15281#0/1	96.907	97	3	0	715	811	97	1	9.83e-38	163
NC_011593.1:c2595355-2593832	NB551033:131:HK2T7BGX9:3:21604:24089:9281#0/1	95.960	99	4	0	177	275	99	1	3.54e-37	161
NC_011593.1:c2595355-2593832	NB551033:131:HK2T7BGX9:3:11511:25990:16687#0/1	97.849	93	2	0	1178	1270	1	93	3.54e-37	161
NC_011593.1:c2595355-2593832	NB551033:131:HK2T7BGX9:1:22111:13567:18463#0/2	95.050	101	5	0	694	794	3	103	1.27e-36	159
NC_011593.1:c2595355-2593832	NB551033:131:HK2T7BGX9:1:22111:13567:18463#0/1	95.918	98	4	0	697	794	98	1	1.27e-36	159
NC_011593.1:c2595355-2593832	NB551033:131:HK2T7BGX9:1:13309:26765:12235#0/2	95.789	95	4	0	373	467	2	96	5.92e-35	154
NC_011593.1:c2595355-2593832	NB551033:131:HK2T7BGX9:1:13308:1295:12241#0/2	95.789	95	4	0	373	467	2	96	5.92e-35	154
NC_011593.1:c2595355-2593832	NB551033:131:HK2T7BGX9:3:12511:25053:8915#0/1	95.789	95	4	0	858	952	95	1	5.92e-35	154
NC_011593.1:c2595355-2593832	NB551033:131:HK2T7BGX9:1:21306:18858:19827#0/1	95.789	95	4	0	700	794	95	1	5.92e-35	154
NC_011593.1:c2595355-2593832	NB551033:131:HK2T7BGX9:1:13308:1295:12241#0/1	96.739	92	3	0	376	467	93	2	5.92e-35	154
NC_011593.1:c2595355-2593832	NB551033:131:HK2T7BGX9:1:12211:1801:9919#0/1	97.727	88	2	0	1282	1369	1	88	2.13e-34	152
NC_011593.1:c2595355-2593832	NB551033:131:HK2T7BGX9:1:21207:19443:4314#0/2	95.699	93	4	0	178	270	1	93	7.66e-34	150
NC_011593.1:c2595355-2593832	NB551033:131:HK2T7BGX9:1:13309:26765:12235#0/1	95.652	92	4	0	376	467	93	2	2.75e-33	148
NC_011593.1:c2595355-2593832	NB551033:131:HK2T7BGX9:2:13307:5220:9503#0/2	97.647	85	2	0	211	295	1	85	9.90e-33	147
NC_011593.1:c2595355-2593832	NB551033:131:HK2T7BGX9:2:13307:5220:9503#0/1	97.647	85	2	0	211	295	85	1	9.90e-33	147
NC_011593.1:c2595355-2593832	NB551033:131:HK2T7BGX9:2:11305:4236:13441#0/2	96.429	84	3	0	1387	1470	149	66	1.66e-30	139
NC_011593.1:c2595355-2593832	NB551033:131:HK2T7BGX9:1:13307:25150:7831#0/2	96.341	82	3	0	477	558	1	82	2.14e-29	135
NC_011593.1:c2595355-2593832	NB551033:131:HK2T7BGX9:4:11512:4148:13501#0/1	97.403	77	2	0	1274	1350	77	1	2.77e-28	132
NC_011593.1:c2595355-2593832	NB551033:131:HK2T7BGX9:1:12101:4574:18088#0/1	97.183	71	2	0	1	71	72	2	6.00e-25	121
NC_011593.1:c2595355-2593832	NB551033:131:HK2T7BGX9:2:21209:4525:3182#0/2	100.000	64	0	0	1021	1084	1	64	2.16e-24	119
NC_011593.1:c2595355-2593832	NB551033:131:HK2T7BGX9:2:22209:11408:10232#0/2	95.775	71	3	0	389	459	1	71	2.79e-23	115
NC_011593.1:c2595355-2593832	NB551033:131:HK2T7BGX9:2:22209:11408:10232#0/1	95.775	71	3	0	389	459	71	1	2.79e-23	115
NC_011593.1:c2595355-2593832	NB551033:131:HK2T7BGX9:2:13108:16128:13559#0/2	95.714	70	3	0	707	776	70	1	1.00e-22	113
NC_011593.1:c2595355-2593832	NB551033:131:HK2T7BGX9:2:13108:16128:13559#0/1	95.714	70	3	0	707	776	1	70	1.00e-22	113
NC_011593.1:c2595355-2593832	NB551033:131:HK2T7BGX9:3:22609:26418:11579#0/1	96.825	63	2	0	496	558	2	64	1.68e-20	106
NC_011593.1:c2595355-2593832	NB551033:131:HK2T7BGX9:3:12503:21881:16959#0/1	98.305	59	1	0	500	558	1	59	6.05e-20	104
NC_011593.1:c2595355-2593832	NB551033:131:HK2T7BGX9:3:21602:10524:18481#0/2	98.148	54	1	0	756	809	54	1	3.64e-17	95.3
NC_011593.1:c2595355-2593832	NB551033:131:HK2T7BGX9:3:21602:10524:18481#0/1	98.148	54	1	0	756	809	1	54	3.64e-17	95.3
NC_011593.1:c2595355-2593832	NB551033:131:HK2T7BGX9:3:23402:25810:16448#0/1	97.872	47	1	0	844	890	1	47	2.83e-13	82.4
NC_011593.1:c2595355-2593832	NB551033:131:HK2T7BGX9:3:21604:16707:13436#0/1	100.000	44	0	0	1013	1056	1	44	2.83e-13	82.4
NC_011593.1:c2595355-2593832	NB551033:131:HK2T7BGX9:2:11311:23190:11917#0/1	95.918	49	2	0	262	310	9	57	1.02e-12	80.5
NC_011593.1:c2595355-2593832	NB551033:131:HK2T7BGX9:1:23111:10799:3993#0/2	95.833	48	2	0	783	830	1	48	3.66e-12	78.7
NC_011593.1:c2595355-2593832	NB551033:131:HK2T7BGX9:4:23501:21113:11445#0/1	97.674	43	1	0	705	747	1	43	4.74e-11	75.0
# BLASTN 2.9.0+
# Query: NC_011593.1:c2597106-2595574 Bifidobacterium longum subsp. infantis ATCC 15697, complete genome
# Database: db/blast_M0790-2F-1A_S17.faa
# Fields: query acc.ver, subject acc.ver, % identity, alignment length, mismatches, gap opens, q. start, q. end, s. start, s. end, evalue, bit score
# 11 hits found
NC_011593.1:c2597106-2595574	NB551033:131:HK2T7BGX9:1:23306:11694:11867#0/2	99.057	106	1	0	404	509	106	1	4.54e-46	191
NC_011593.1:c2597106-2595574	NB551033:131:HK2T7BGX9:3:11407:10659:1854#0/2	95.536	112	5	0	398	509	112	1	9.82e-43	180
NC_011593.1:c2597106-2595574	NB551033:131:HK2T7BGX9:2:11305:4236:13441#0/2	97.436	78	2	0	1393	1470	143	66	7.76e-29	134
NC_011593.1:c2597106-2595574	NB551033:131:HK2T7BGX9:4:21409:5562:4022#0/2	95.000	80	4	0	768	847	1	80	1.30e-26	126
NC_011593.1:c2597106-2595574	NB551033:131:HK2T7BGX9:3:21403:22847:17706#0/2	96.053	76	3	0	773	848	83	8	4.67e-26	124
NC_011593.1:c2597106-2595574	NB551033:131:HK2T7BGX9:3:21403:22847:17706#0/1	96.053	76	3	0	773	848	1	76	4.67e-26	124
NC_011593.1:c2597106-2595574	NB551033:131:HK2T7BGX9:4:12408:22765:17563#0/2	98.413	63	1	0	1110	1172	63	1	3.63e-22	111
NC_011593.1:c2597106-2595574	NB551033:131:HK2T7BGX9:4:12408:22765:17563#0/1	98.413	63	1	0	1110	1172	5	67	3.63e-22	111
NC_011593.1:c2597106-2595574	NB551033:131:HK2T7BGX9:3:21602:10524:18481#0/2	96.296	54	2	0	756	809	54	1	1.70e-15	89.8
NC_011593.1:c2597106-2595574	NB551033:131:HK2T7BGX9:3:21602:10524:18481#0/1	96.296	54	2	0	756	809	1	54	1.70e-15	89.8
NC_011593.1:c2597106-2595574	NB551033:131:HK2T7BGX9:3:22611:24071:19417#0/2	97.917	48	1	0	34	81	1	48	7.92e-14	84.2
# BLASTN 2.9.0+
# Query: NC_011593.1:c2598562-2597207 Bifidobacterium longum subsp. infantis ATCC 15697, complete genome
# Database: db/blast_M0790-2F-1A_S17.faa
# Fields: query acc.ver, subject acc.ver, % identity, alignment length, mismatches, gap opens, q. start, q. end, s. start, s. end, evalue, bit score
# 78 hits found
NC_011593.1:c2598562-2597207	NB551033:131:HK2T7BGX9:4:22609:5225:10189#0/1	100.000	151	0	0	766	916	1	151	8.31e-73	279
NC_011593.1:c2598562-2597207	NB551033:131:HK2T7BGX9:1:23210:3196:18883#0/1	100.000	151	0	0	894	1044	1	151	8.31e-73	279
NC_011593.1:c2598562-2597207	NB551033:131:HK2T7BGX9:3:12606:21536:7322#0/2	100.000	150	0	0	743	892	150	1	2.99e-72	278
NC_011593.1:c2598562-2597207	NB551033:131:HK2T7BGX9:4:23405:14793:11346#0/1	100.000	150	0	0	645	794	1	150	2.99e-72	278
NC_011593.1:c2598562-2597207	NB551033:131:HK2T7BGX9:3:12606:21536:7322#0/1	100.000	150	0	0	535	684	2	151	2.99e-72	278
NC_011593.1:c2598562-2597207	NB551033:131:HK2T7BGX9:1:12105:12428:17193#0/1	100.000	150	0	0	1168	1317	1	150	2.99e-72	278
NC_011593.1:c2598562-2597207	NB551033:131:HK2T7BGX9:4:23405:14793:11346#0/2	100.000	149	0	0	820	968	149	1	1.07e-71	276
NC_011593.1:c2598562-2597207	NB551033:131:HK2T7BGX9:4:22609:5225:10189#0/2	100.000	149	0	0	820	968	149	1	1.07e-71	276
NC_011593.1:c2598562-2597207	NB551033:131:HK2T7BGX9:2:23102:18702:1681#0/1	100.000	149	0	0	716	864	1	149	1.07e-71	276
NC_011593.1:c2598562-2597207	NB551033:131:HK2T7BGX9:1:23301:18961:1092#0/1	100.000	149	0	0	895	1043	149	1	1.07e-71	276
NC_011593.1:c2598562-2597207	NB551033:131:HK2T7BGX9:1:22105:13886:3512#0/2	99.338	151	1	0	256	406	1	151	3.86e-71	274
NC_011593.1:c2598562-2597207	NB551033:131:HK2T7BGX9:4:21407:23280:6171#0/1	99.338	151	1	0	181	331	1	151	3.86e-71	274
NC_011593.1:c2598562-2597207	NB551033:131:HK2T7BGX9:4:13601:9767:18669#0/2	100.000	147	0	0	287	433	1	147	1.39e-70	272
NC_011593.1:c2598562-2597207	NB551033:131:HK2T7BGX9:3:21606:10631:4464#0/2	99.333	150	1	0	467	616	1	150	1.39e-70	272
NC_011593.1:c2598562-2597207	NB551033:131:HK2T7BGX9:2:22304:10322:16399#0/2	99.333	150	1	0	293	442	1	150	1.39e-70	272
NC_011593.1:c2598562-2597207	NB551033:131:HK2T7BGX9:2:12212:9305:10715#0/2	99.333	150	1	0	381	530	1	150	1.39e-70	272
NC_011593.1:c2598562-2597207	NB551033:131:HK2T7BGX9:3:12412:23225:13597#0/1	99.333	150	1	0	620	769	150	1	1.39e-70	272
NC_011593.1:c2598562-2597207	NB551033:131:HK2T7BGX9:1:23301:18961:1092#0/2	98.667	150	2	0	645	794	1	150	5.00e-70	270
NC_011593.1:c2598562-2597207	NB551033:131:HK2T7BGX9:1:22105:13886:3512#0/1	99.329	149	1	0	335	483	149	1	5.00e-70	270
NC_011593.1:c2598562-2597207	NB551033:131:HK2T7BGX9:4:23502:4597:16666#0/2	99.286	140	1	0	159	298	1	140	5.03e-65	254
NC_011593.1:c2598562-2597207	NB551033:131:HK2T7BGX9:2:23307:18826:11424#0/2	98.592	142	2	0	301	442	1	142	1.81e-64	252
NC_011593.1:c2598562-2597207	NB551033:131:HK2T7BGX9:1:11208:20341:15631#0/2	100.000	130	0	0	915	1044	130	1	3.92e-61	241
NC_011593.1:c2598562-2597207	NB551033:131:HK2T7BGX9:4:12408:9946:2915#0/2	100.000	129	0	0	261	389	1	129	1.41e-60	239
NC_011593.1:c2598562-2597207	NB551033:131:HK2T7BGX9:1:11208:20341:15631#0/1	100.000	129	0	0	915	1043	1	129	1.41e-60	239
NC_011593.1:c2598562-2597207	NB551033:131:HK2T7BGX9:3:12412:23225:13597#0/2	100.000	128	0	0	567	694	1	128	5.07e-60	237
NC_011593.1:c2598562-2597207	NB551033:131:HK2T7BGX9:1:23210:3196:18883#0/2	100.000	127	0	0	938	1064	150	24	1.82e-59	235
NC_011593.1:c2598562-2597207	NB551033:131:HK2T7BGX9:1:22205:15627:12536#0/2	98.496	133	2	0	225	357	133	1	1.82e-59	235
NC_011593.1:c2598562-2597207	NB551033:131:HK2T7BGX9:2:23209:19100:13459#0/1	100.000	120	0	0	311	430	1	120	1.42e-55	222
NC_011593.1:c2598562-2597207	NB551033:131:HK2T7BGX9:2:23209:19100:13459#0/2	100.000	118	0	0	313	430	118	1	1.84e-54	219
NC_011593.1:c2598562-2597207	NB551033:131:HK2T7BGX9:2:23102:18702:1681#0/2	100.000	113	0	0	766	878	113	1	1.11e-51	209
NC_011593.1:c2598562-2597207	NB551033:131:HK2T7BGX9:3:23606:4811:5413#0/2	99.099	111	1	0	1149	1259	111	1	6.65e-49	200
NC_011593.1:c2598562-2597207	NB551033:131:HK2T7BGX9:1:12105:12428:17193#0/2	100.000	107	0	0	1250	1356	150	44	2.39e-48	198
NC_011593.1:c2598562-2597207	NB551033:131:HK2T7BGX9:3:21606:10631:4464#0/1	100.000	106	0	0	592	697	106	1	8.61e-48	196
NC_011593.1:c2598562-2597207	NB551033:131:HK2T7BGX9:2:12206:14929:10413#0/2	100.000	105	0	0	960	1064	146	42	3.10e-47	195
NC_011593.1:c2598562-2597207	NB551033:131:HK2T7BGX9:4:11406:11328:5682#0/1	99.074	108	1	0	600	707	1	108	3.10e-47	195
NC_011593.1:c2598562-2597207	NB551033:131:HK2T7BGX9:3:12409:22809:14834#0/1	100.000	105	0	0	1252	1356	1	105	3.10e-47	195
NC_011593.1:c2598562-2597207	NB551033:131:HK2T7BGX9:2:12206:14929:10413#0/1	100.000	105	0	0	960	1064	1	105	3.10e-47	195
NC_011593.1:c2598562-2597207	NB551033:131:HK2T7BGX9:3:22404:5701:13271#0/2	99.048	105	1	0	1195	1299	105	1	1.44e-45	189
NC_011593.1:c2598562-2597207	NB551033:131:HK2T7BGX9:3:22404:5701:13271#0/1	99.048	105	1	0	1195	1299	1	105	1.44e-45	189
NC_011593.1:c2598562-2597207	NB551033:131:HK2T7BGX9:4:13601:9767:18669#0/1	99.038	104	1	0	343	446	104	1	5.18e-45	187
NC_011593.1:c2598562-2597207	NB551033:131:HK2T7BGX9:1:21303:9163:16879#0/2	98.980	98	1	0	967	1064	1	98	1.12e-41	176
NC_011593.1:c2598562-2597207	NB551033:131:HK2T7BGX9:2:22312:5897:9290#0/2	100.000	92	0	0	1265	1356	1	92	5.22e-40	171
NC_011593.1:c2598562-2597207	NB551033:131:HK2T7BGX9:2:22304:10322:16399#0/1	100.000	91	0	0	577	667	91	1	1.88e-39	169
NC_011593.1:c2598562-2597207	NB551033:131:HK2T7BGX9:1:11310:4159:13244#0/2	98.913	92	1	0	1060	1151	25	116	2.43e-38	165
NC_011593.1:c2598562-2597207	NB551033:131:HK2T7BGX9:3:23412:23668:7394#0/2	100.000	88	0	0	1232	1319	88	1	8.73e-38	163
NC_011593.1:c2598562-2597207	NB551033:131:HK2T7BGX9:3:23412:23668:7394#0/1	100.000	88	0	0	1232	1319	1	88	8.73e-38	163
NC_011593.1:c2598562-2597207	NB551033:131:HK2T7BGX9:3:11407:3366:3521#0/1	100.000	82	0	0	138	219	82	1	1.89e-34	152
NC_011593.1:c2598562-2597207	NB551033:131:HK2T7BGX9:3:13404:2816:14549#0/2	100.000	81	0	0	1064	1144	81	1	6.80e-34	150
NC_011593.1:c2598562-2597207	NB551033:131:HK2T7BGX9:4:12608:11043:9550#0/1	98.780	82	1	0	138	219	82	1	8.79e-33	147
NC_011593.1:c2598562-2597207	NB551033:131:HK2T7BGX9:3:11407:3366:3521#0/2	98.750	80	1	0	138	217	70	149	1.14e-31	143
NC_011593.1:c2598562-2597207	NB551033:131:HK2T7BGX9:4:12408:9946:2915#0/1	100.000	75	0	0	315	389	75	1	1.47e-30	139
NC_011593.1:c2598562-2597207	NB551033:131:HK2T7BGX9:4:21407:23280:6171#0/2	100.000	74	0	0	571	644	74	1	5.29e-30	137
NC_011593.1:c2598562-2597207	NB551033:131:HK2T7BGX9:3:22608:10523:5054#0/2	98.630	73	1	0	225	297	73	1	8.85e-28	130
NC_011593.1:c2598562-2597207	NB551033:131:HK2T7BGX9:2:12105:25480:13118#0/2	100.000	67	0	0	658	724	1	67	4.12e-26	124
NC_011593.1:c2598562-2597207	NB551033:131:HK2T7BGX9:1:21104:7094:4728#0/2	100.000	67	0	0	889	955	67	1	4.12e-26	124
NC_011593.1:c2598562-2597207	NB551033:131:HK2T7BGX9:2:12105:25480:13118#0/1	100.000	67	0	0	658	724	67	1	4.12e-26	124
NC_011593.1:c2598562-2597207	NB551033:131:HK2T7BGX9:1:21104:7094:4728#0/1	100.000	67	0	0	889	955	1	67	4.12e-26	124
NC_011593.1:c2598562-2597207	NB551033:131:HK2T7BGX9:2:11211:5103:6045#0/2	98.507	67	1	0	229	295	67	1	1.92e-24	119
NC_011593.1:c2598562-2597207	NB551033:131:HK2T7BGX9:4:23502:4597:16666#0/1	98.507	67	1	0	232	298	67	1	1.92e-24	119
NC_011593.1:c2598562-2597207	NB551033:131:HK2T7BGX9:2:11111:10048:3548#0/2	100.000	62	0	0	138	199	62	1	2.48e-23	115
NC_011593.1:c2598562-2597207	NB551033:131:HK2T7BGX9:2:11111:10048:3548#0/1	100.000	62	0	0	138	199	25	86	2.48e-23	115
NC_011593.1:c2598562-2597207	NB551033:131:HK2T7BGX9:4:11501:22524:5916#0/2	100.000	61	0	0	1060	1120	61	1	8.92e-23	113
NC_011593.1:c2598562-2597207	NB551033:131:HK2T7BGX9:3:23508:7637:16184#0/2	100.000	61	0	0	1004	1064	1	61	8.92e-23	113
NC_011593.1:c2598562-2597207	NB551033:131:HK2T7BGX9:1:23202:25963:5368#0/2	100.000	60	0	0	1060	1119	89	148	3.21e-22	111
NC_011593.1:c2598562-2597207	NB551033:131:HK2T7BGX9:1:13212:24753:14129#0/1	100.000	60	0	0	1060	1119	89	148	3.21e-22	111
NC_011593.1:c2598562-2597207	NB551033:131:HK2T7BGX9:2:22205:25866:4447#0/1	100.000	57	0	0	1299	1355	1	57	1.49e-20	106
NC_011593.1:c2598562-2597207	NB551033:131:HK2T7BGX9:2:21303:24960:16044#0/2	100.000	54	0	0	1011	1064	1	54	6.94e-19	100
NC_011593.1:c2598562-2597207	NB551033:131:HK2T7BGX9:3:22608:10523:5054#0/1	100.000	54	0	0	138	191	91	144	6.94e-19	100
NC_011593.1:c2598562-2597207	NB551033:131:HK2T7BGX9:2:21303:24960:16044#0/1	100.000	54	0	0	1011	1064	71	18	6.94e-19	100
NC_011593.1:c2598562-2597207	NB551033:131:HK2T7BGX9:2:23307:18826:11424#0/1	100.000	50	0	0	440	489	50	1	1.16e-16	93.5
NC_011593.1:c2598562-2597207	NB551033:131:HK2T7BGX9:1:21312:3298:11364#0/2	100.000	47	0	0	1310	1356	1	47	5.40e-15	87.9
NC_011593.1:c2598562-2597207	NB551033:131:HK2T7BGX9:1:21312:3298:11364#0/1	100.000	47	0	0	1310	1356	134	88	5.40e-15	87.9
NC_011593.1:c2598562-2597207	NB551033:131:HK2T7BGX9:2:12212:9305:10715#0/1	100.000	43	0	0	573	615	43	1	9.04e-13	80.5
NC_011593.1:c2598562-2597207	NB551033:131:HK2T7BGX9:4:12610:21878:6285#0/2	100.000	42	0	0	1080	1121	42	1	3.25e-12	78.7
NC_011593.1:c2598562-2597207	NB551033:131:HK2T7BGX9:4:12610:21878:6285#0/1	100.000	42	0	0	1080	1121	1	42	3.25e-12	78.7
NC_011593.1:c2598562-2597207	NB551033:131:HK2T7BGX9:4:23405:5898:7282#0/2	100.000	39	0	0	138	176	39	1	1.51e-10	73.1
NC_011593.1:c2598562-2597207	NB551033:131:HK2T7BGX9:4:13504:7046:10432#0/2	100.000	34	0	0	1060	1093	45	78	9.11e-08	63.9
NC_011593.1:c2598562-2597207	NB551033:131:HK2T7BGX9:4:13504:7046:10432#0/1	100.000	34	0	0	1060	1093	34	1	9.11e-08	63.9
# BLASTN 2.9.0+
# Query: NC_011593.1:2598858-2601929 Bifidobacterium longum subsp. infantis ATCC 15697, complete genome
# Database: db/blast_M0790-2F-1A_S17.faa
# Fields: query acc.ver, subject acc.ver, % identity, alignment length, mismatches, gap opens, q. start, q. end, s. start, s. end, evalue, bit score
# 166 hits found
NC_011593.1:2598858-2601929	NB551033:131:HK2T7BGX9:3:23501:9970:17895#0/2	100.000	151	0	0	1693	1843	1	151	1.91e-72	279
NC_011593.1:2598858-2601929	NB551033:131:HK2T7BGX9:3:23412:19021:10401#0/1	100.000	150	0	0	248	397	1	150	6.85e-72	278
NC_011593.1:2598858-2601929	NB551033:131:HK2T7BGX9:1:22308:13903:16825#0/1	100.000	150	0	0	1783	1932	150	1	6.85e-72	278
NC_011593.1:2598858-2601929	NB551033:131:HK2T7BGX9:3:11508:16565:18752#0/1	100.000	149	0	0	1677	1825	1	149	2.47e-71	276
NC_011593.1:2598858-2601929	NB551033:131:HK2T7BGX9:3:11508:16565:18752#0/2	100.000	148	0	0	1714	1861	148	1	8.87e-71	274
NC_011593.1:2598858-2601929	NB551033:131:HK2T7BGX9:1:12101:4574:18088#0/2	99.338	151	1	0	221	371	151	1	8.87e-71	274
NC_011593.1:2598858-2601929	NB551033:131:HK2T7BGX9:2:13103:20284:10251#0/1	99.338	151	1	0	73	223	151	1	8.87e-71	274
NC_011593.1:2598858-2601929	NB551033:131:HK2T7BGX9:4:21505:11783:5439#0/2	99.333	150	1	0	1842	1991	1	150	3.19e-70	272
NC_011593.1:2598858-2601929	NB551033:131:HK2T7BGX9:4:11406:18669:1889#0/2	99.333	150	1	0	1049	1198	150	1	3.19e-70	272
NC_011593.1:2598858-2601929	NB551033:131:HK2T7BGX9:4:23606:24676:6607#0/1	99.333	150	1	0	2746	2895	1	150	3.19e-70	272
NC_011593.1:2598858-2601929	NB551033:131:HK2T7BGX9:4:22510:25732:6430#0/1	99.333	150	1	0	139	288	1	150	3.19e-70	272
NC_011593.1:2598858-2601929	NB551033:131:HK2T7BGX9:4:11406:18669:1889#0/1	99.333	150	1	0	1031	1180	1	150	3.19e-70	272
NC_011593.1:2598858-2601929	NB551033:131:HK2T7BGX9:2:12211:7285:11919#0/1	99.333	150	1	0	961	1110	1	150	3.19e-70	272
NC_011593.1:2598858-2601929	NB551033:131:HK2T7BGX9:1:22305:3992:1466#0/1	99.333	150	1	0	1858	2007	1	150	3.19e-70	272
NC_011593.1:2598858-2601929	NB551033:131:HK2T7BGX9:3:12408:24292:6922#0/2	100.000	146	0	0	2211	2356	1	146	1.15e-69	270
NC_011593.1:2598858-2601929	NB551033:131:HK2T7BGX9:1:22308:13903:16825#0/2	100.000	146	0	0	1611	1756	1	146	1.15e-69	270
NC_011593.1:2598858-2601929	NB551033:131:HK2T7BGX9:1:12308:3972:1993#0/2	100.000	146	0	0	2392	2537	146	1	1.15e-69	270
NC_011593.1:2598858-2601929	NB551033:131:HK2T7BGX9:4:21505:11783:5439#0/1	99.329	149	1	0	2052	2200	149	1	1.15e-69	270
NC_011593.1:2598858-2601929	NB551033:131:HK2T7BGX9:3:12408:24292:6922#0/1	100.000	146	0	0	2211	2356	146	1	1.15e-69	270
NC_011593.1:2598858-2601929	NB551033:131:HK2T7BGX9:4:21612:4555:13129#0/2	99.324	148	1	0	259	406	148	1	4.12e-69	268
NC_011593.1:2598858-2601929	NB551033:131:HK2T7BGX9:4:21506:9366:10732#0/2	98.675	151	2	0	2868	3018	151	1	4.12e-69	268
NC_011593.1:2598858-2601929	NB551033:131:HK2T7BGX9:3:23412:19021:10401#0/2	98.675	151	2	0	357	507	151	1	4.12e-69	268
NC_011593.1:2598858-2601929	NB551033:131:HK2T7BGX9:3:12404:15243:19272#0/2	98.675	151	2	0	1493	1643	151	1	4.12e-69	268
NC_011593.1:2598858-2601929	NB551033:131:HK2T7BGX9:2:13301:24492:5030#0/2	98.675	151	2	0	2772	2922	1	151	4.12e-69	268
NC_011593.1:2598858-2601929	NB551033:131:HK2T7BGX9:2:12110:9450:9783#0/1	98.675	151	2	0	1368	1518	151	1	4.12e-69	268
NC_011593.1:2598858-2601929	NB551033:131:HK2T7BGX9:1:13110:10750:4388#0/1	98.675	151	2	0	2239	2389	1	151	4.12e-69	268
NC_011593.1:2598858-2601929	NB551033:131:HK2T7BGX9:2:22110:5985:17523#0/2	98.667	150	2	0	1529	1678	150	1	1.48e-68	267
NC_011593.1:2598858-2601929	NB551033:131:HK2T7BGX9:1:21104:10541:1947#0/2	98.667	150	2	0	2869	3018	150	1	1.48e-68	267
NC_011593.1:2598858-2601929	NB551033:131:HK2T7BGX9:4:21506:9366:10732#0/1	98.667	150	2	0	2777	2926	1	150	1.48e-68	267
NC_011593.1:2598858-2601929	NB551033:131:HK2T7BGX9:3:23501:9970:17895#0/1	99.320	147	1	0	2011	2157	150	4	1.48e-68	267
NC_011593.1:2598858-2601929	NB551033:131:HK2T7BGX9:1:21311:26613:12238#0/1	98.667	150	2	0	682	831	1	150	1.48e-68	267
NC_011593.1:2598858-2601929	NB551033:131:HK2T7BGX9:4:21612:4555:13129#0/1	98.658	149	2	0	50	198	1	149	5.34e-68	265
NC_011593.1:2598858-2601929	NB551033:131:HK2T7BGX9:2:12211:7285:11919#0/2	98.013	151	3	0	1150	1300	151	1	1.92e-67	263
NC_011593.1:2598858-2601929	NB551033:131:HK2T7BGX9:2:12110:9450:9783#0/2	98.013	151	3	0	1292	1442	1	151	1.92e-67	263
NC_011593.1:2598858-2601929	NB551033:131:HK2T7BGX9:2:22110:5985:17523#0/1	98.013	151	3	0	1435	1585	1	151	1.92e-67	263
NC_011593.1:2598858-2601929	NB551033:131:HK2T7BGX9:1:22103:13617:9702#0/1	98.013	151	3	0	2493	2643	151	1	1.92e-67	263
NC_011593.1:2598858-2601929	NB551033:131:HK2T7BGX9:4:13504:22690:12816#0/2	98.000	150	3	0	2078	2227	150	1	6.90e-67	261
NC_011593.1:2598858-2601929	NB551033:131:HK2T7BGX9:3:11407:15109:11768#0/2	98.000	150	3	0	659	808	1	150	6.90e-67	261
NC_011593.1:2598858-2601929	NB551033:131:HK2T7BGX9:2:22108:10048:18584#0/2	98.000	150	3	0	2543	2692	1	150	6.90e-67	261
NC_011593.1:2598858-2601929	NB551033:131:HK2T7BGX9:1:22305:3992:1466#0/2	98.000	150	3	0	2120	2269	150	1	6.90e-67	261
NC_011593.1:2598858-2601929	NB551033:131:HK2T7BGX9:1:22206:9733:5824#0/2	98.000	150	3	0	2637	2786	150	1	6.90e-67	261
NC_011593.1:2598858-2601929	NB551033:131:HK2T7BGX9:1:13110:10750:4388#0/2	98.000	150	3	0	2383	2532	150	1	6.90e-67	261
NC_011593.1:2598858-2601929	NB551033:131:HK2T7BGX9:4:13504:22690:12816#0/1	98.000	150	3	0	2046	2195	1	150	6.90e-67	261
NC_011593.1:2598858-2601929	NB551033:131:HK2T7BGX9:3:11602:23014:14669#0/1	98.000	150	3	0	739	888	150	1	6.90e-67	261
NC_011593.1:2598858-2601929	NB551033:131:HK2T7BGX9:1:22206:9733:5824#0/1	98.000	150	3	0	2534	2683	1	150	6.90e-67	261
NC_011593.1:2598858-2601929	NB551033:131:HK2T7BGX9:1:22107:17589:3000#0/1	98.639	147	2	0	651	797	147	1	6.90e-67	261
NC_011593.1:2598858-2601929	NB551033:131:HK2T7BGX9:1:21110:23233:17814#0/1	98.000	150	3	0	1461	1610	1	150	6.90e-67	261
NC_011593.1:2598858-2601929	NB551033:131:HK2T7BGX9:1:13309:22699:3475#0/1	98.639	147	2	0	729	875	1	147	6.90e-67	261
NC_011593.1:2598858-2601929	NB551033:131:HK2T7BGX9:4:22510:25732:6430#0/2	99.301	143	1	0	280	422	143	1	2.48e-66	259
NC_011593.1:2598858-2601929	NB551033:131:HK2T7BGX9:1:22107:17589:3000#0/2	98.630	146	2	0	651	796	1	146	2.48e-66	259
NC_011593.1:2598858-2601929	NB551033:131:HK2T7BGX9:1:21311:26613:12238#0/2	97.987	149	3	0	776	924	149	1	2.48e-66	259
NC_011593.1:2598858-2601929	NB551033:131:HK2T7BGX9:4:11405:7987:2575#0/1	97.987	149	3	0	2679	2827	149	1	2.48e-66	259
NC_011593.1:2598858-2601929	NB551033:131:HK2T7BGX9:2:22108:10048:18584#0/1	97.987	149	3	0	2679	2827	149	1	2.48e-66	259
NC_011593.1:2598858-2601929	NB551033:131:HK2T7BGX9:1:12308:3972:1993#0/1	97.987	149	3	0	2324	2472	1	149	2.48e-66	259
NC_011593.1:2598858-2601929	NB551033:131:HK2T7BGX9:2:12309:9024:13892#0/2	97.351	151	4	0	2718	2868	1	151	8.93e-66	257
NC_011593.1:2598858-2601929	NB551033:131:HK2T7BGX9:1:21108:22480:14718#0/2	100.000	138	0	0	190	327	1	138	3.21e-65	255
NC_011593.1:2598858-2601929	NB551033:131:HK2T7BGX9:4:11602:25367:13271#0/1	97.333	150	4	0	2654	2803	150	1	3.21e-65	255
NC_011593.1:2598858-2601929	NB551033:131:HK2T7BGX9:3:12404:15243:19272#0/1	97.333	150	4	0	1190	1339	1	150	3.21e-65	255
NC_011593.1:2598858-2601929	NB551033:131:HK2T7BGX9:1:12301:17947:14395#0/1	97.333	150	4	0	505	654	150	1	3.21e-65	255
NC_011593.1:2598858-2601929	NB551033:131:HK2T7BGX9:1:13206:25275:4319#0/1	97.315	149	4	0	2295	2443	1	149	1.16e-64	254
NC_011593.1:2598858-2601929	NB551033:131:HK2T7BGX9:3:11602:23014:14669#0/2	96.667	150	5	0	547	696	1	150	1.49e-63	250
NC_011593.1:2598858-2601929	NB551033:131:HK2T7BGX9:2:22304:8816:6577#0/2	96.667	150	5	0	441	590	1	150	1.49e-63	250
NC_011593.1:2598858-2601929	NB551033:131:HK2T7BGX9:1:22103:13617:9702#0/2	96.667	150	5	0	2323	2472	1	150	1.49e-63	250
NC_011593.1:2598858-2601929	NB551033:131:HK2T7BGX9:1:22102:15249:13245#0/2	96.667	150	5	0	2355	2504	150	1	1.49e-63	250
NC_011593.1:2598858-2601929	NB551033:131:HK2T7BGX9:4:11509:6812:12891#0/1	96.667	150	5	0	816	965	1	150	1.49e-63	250
NC_011593.1:2598858-2601929	NB551033:131:HK2T7BGX9:2:13201:4361:3996#0/2	98.571	140	2	0	895	1034	4	143	5.37e-63	248
NC_011593.1:2598858-2601929	NB551033:131:HK2T7BGX9:1:13309:22699:3475#0/2	96.644	149	5	0	776	924	149	1	5.37e-63	248
NC_011593.1:2598858-2601929	NB551033:131:HK2T7BGX9:4:21505:11904:1116#0/1	97.902	143	3	0	2361	2503	1	143	5.37e-63	248
NC_011593.1:2598858-2601929	NB551033:131:HK2T7BGX9:1:22102:15249:13245#0/1	96.644	149	5	0	2348	2496	1	149	5.37e-63	248
NC_011593.1:2598858-2601929	NB551033:131:HK2T7BGX9:2:13209:26614:12942#0/2	100.000	133	0	0	1713	1845	133	1	1.93e-62	246
NC_011593.1:2598858-2601929	NB551033:131:HK2T7BGX9:2:13208:1240:12943#0/2	100.000	133	0	0	1713	1845	133	1	1.93e-62	246
NC_011593.1:2598858-2601929	NB551033:131:HK2T7BGX9:2:13208:1240:12943#0/1	100.000	133	0	0	1713	1845	1	133	1.93e-62	246
NC_011593.1:2598858-2601929	NB551033:131:HK2T7BGX9:1:12208:23902:5419#0/2	100.000	132	0	0	1604	1735	1	132	6.95e-62	244
NC_011593.1:2598858-2601929	NB551033:131:HK2T7BGX9:2:13303:9306:2176#0/2	99.254	134	1	0	2753	2886	1	134	2.50e-61	243
NC_011593.1:2598858-2601929	NB551033:131:HK2T7BGX9:2:13303:9306:2176#0/1	99.254	134	1	0	2753	2886	134	1	2.50e-61	243
NC_011593.1:2598858-2601929	NB551033:131:HK2T7BGX9:2:23110:11931:14859#0/2	99.248	133	1	0	1	133	18	150	8.99e-61	241
NC_011593.1:2598858-2601929	NB551033:131:HK2T7BGX9:2:22304:8816:6577#0/1	95.364	151	7	0	769	919	151	1	8.99e-61	241
NC_011593.1:2598858-2601929	NB551033:131:HK2T7BGX9:1:12105:15857:19290#0/2	99.242	132	1	0	1740	1871	1	132	3.23e-60	239
NC_011593.1:2598858-2601929	NB551033:131:HK2T7BGX9:2:13301:24492:5030#0/1	97.826	138	3	0	2935	3072	150	13	3.23e-60	239
NC_011593.1:2598858-2601929	NB551033:131:HK2T7BGX9:1:12105:15857:19290#0/1	99.242	132	1	0	1740	1871	132	1	3.23e-60	239
NC_011593.1:2598858-2601929	NB551033:131:HK2T7BGX9:2:12109:19773:12657#0/2	98.496	133	2	0	1481	1613	1	133	4.18e-59	235
NC_011593.1:2598858-2601929	NB551033:131:HK2T7BGX9:4:12507:14602:10725#0/2	99.225	129	1	0	2241	2369	129	1	1.50e-58	233
NC_011593.1:2598858-2601929	NB551033:131:HK2T7BGX9:2:12305:23331:12161#0/2	96.454	141	5	0	794	934	141	1	1.50e-58	233
NC_011593.1:2598858-2601929	NB551033:131:HK2T7BGX9:4:12507:14602:10725#0/1	98.450	129	2	0	2241	2369	1	129	7.00e-57	228
NC_011593.1:2598858-2601929	NB551033:131:HK2T7BGX9:1:23204:3590:15713#0/2	97.710	131	3	0	2682	2812	1	131	2.52e-56	226
NC_011593.1:2598858-2601929	NB551033:131:HK2T7BGX9:3:12407:10501:20275#0/1	96.324	136	5	0	2651	2786	136	1	9.06e-56	224
NC_011593.1:2598858-2601929	NB551033:131:HK2T7BGX9:3:11407:15109:11768#0/1	96.992	133	4	0	763	895	133	1	9.06e-56	224
NC_011593.1:2598858-2601929	NB551033:131:HK2T7BGX9:2:13201:4361:3996#0/1	98.400	125	2	0	1051	1175	125	1	1.17e-54	220
NC_011593.1:2598858-2601929	NB551033:131:HK2T7BGX9:2:21212:23538:6002#0/1	98.387	124	2	0	1454	1577	124	1	4.21e-54	219
NC_011593.1:2598858-2601929	NB551033:131:HK2T7BGX9:4:23606:24676:6607#0/2	97.619	126	3	0	2947	3072	151	26	1.52e-53	217
NC_011593.1:2598858-2601929	NB551033:131:HK2T7BGX9:1:12301:17947:14395#0/2	100.000	117	0	0	300	416	1	117	1.52e-53	217
NC_011593.1:2598858-2601929	NB551033:131:HK2T7BGX9:4:11602:1788:15684#0/1	97.581	124	3	0	2529	2652	1	124	1.96e-52	213
NC_011593.1:2598858-2601929	NB551033:131:HK2T7BGX9:4:11602:25367:13271#0/2	98.291	117	2	0	2389	2505	2	118	3.28e-50	206
NC_011593.1:2598858-2601929	NB551033:131:HK2T7BGX9:1:22208:16326:6320#0/1	96.748	123	4	0	1	123	123	1	3.28e-50	206
NC_011593.1:2598858-2601929	NB551033:131:HK2T7BGX9:1:13111:1366:6527#0/2	99.115	113	1	0	2766	2878	113	1	1.18e-49	204
NC_011593.1:2598858-2601929	NB551033:131:HK2T7BGX9:4:11502:8861:1774#0/2	99.107	112	1	0	1760	1871	112	1	4.24e-49	202
NC_011593.1:2598858-2601929	NB551033:131:HK2T7BGX9:1:12101:13791:12449#0/2	99.107	112	1	0	685	796	112	1	4.24e-49	202
NC_011593.1:2598858-2601929	NB551033:131:HK2T7BGX9:4:11502:8861:1774#0/1	99.107	112	1	0	1760	1871	1	112	4.24e-49	202
NC_011593.1:2598858-2601929	NB551033:131:HK2T7BGX9:1:12101:13791:12449#0/1	98.261	115	2	0	682	796	1	115	4.24e-49	202
NC_011593.1:2598858-2601929	NB551033:131:HK2T7BGX9:2:12305:23331:12161#0/1	98.246	114	2	0	682	795	1	114	1.53e-48	200
NC_011593.1:2598858-2601929	NB551033:131:HK2T7BGX9:4:11509:6812:12891#0/2	96.581	117	4	0	866	982	117	1	7.10e-47	195
NC_011593.1:2598858-2601929	NB551033:131:HK2T7BGX9:1:23203:8430:13960#0/2	100.000	104	0	0	391	494	1	104	2.55e-46	193
NC_011593.1:2598858-2601929	NB551033:131:HK2T7BGX9:1:23203:8430:13960#0/1	100.000	104	0	0	391	494	104	1	2.55e-46	193
NC_011593.1:2598858-2601929	NB551033:131:HK2T7BGX9:3:21510:23063:1209#0/2	97.248	109	3	0	354	462	109	1	4.27e-44	185
NC_011593.1:2598858-2601929	NB551033:131:HK2T7BGX9:1:21104:10541:1947#0/1	96.429	112	4	0	2632	2743	1	112	4.27e-44	185
NC_011593.1:2598858-2601929	NB551033:131:HK2T7BGX9:3:12407:10501:20275#0/2	98.095	105	2	0	2263	2367	1	105	1.54e-43	183
NC_011593.1:2598858-2601929	NB551033:131:HK2T7BGX9:1:12208:23902:5419#0/1	100.000	98	0	0	1771	1868	98	1	5.53e-43	182
NC_011593.1:2598858-2601929	NB551033:131:HK2T7BGX9:1:13111:1366:6527#0/1	97.143	105	3	0	2682	2786	1	105	7.15e-42	178
NC_011593.1:2598858-2601929	NB551033:131:HK2T7BGX9:4:21510:7596:17666#0/1	97.059	102	3	0	2685	2786	1	102	3.33e-40	172
NC_011593.1:2598858-2601929	NB551033:131:HK2T7BGX9:3:13407:13166:13996#0/1	97.059	102	3	0	800	901	1	102	3.33e-40	172
NC_011593.1:2598858-2601929	NB551033:131:HK2T7BGX9:3:21510:15231:10732#0/2	97.000	100	3	0	419	518	1	100	4.30e-39	169
NC_011593.1:2598858-2601929	NB551033:131:HK2T7BGX9:2:13303:25299:9216#0/2	97.917	96	2	0	1200	1295	1	96	1.55e-38	167
NC_011593.1:2598858-2601929	NB551033:131:HK2T7BGX9:2:13303:25299:9216#0/1	97.917	96	2	0	1200	1295	96	1	1.55e-38	167
NC_011593.1:2598858-2601929	NB551033:131:HK2T7BGX9:4:22612:12999:9974#0/2	98.913	92	1	0	2213	2304	92	1	5.57e-38	165
NC_011593.1:2598858-2601929	NB551033:131:HK2T7BGX9:4:22612:12999:9974#0/1	98.913	92	1	0	2213	2304	1	92	5.57e-38	165
NC_011593.1:2598858-2601929	NB551033:131:HK2T7BGX9:2:22108:9115:19892#0/2	100.000	88	0	0	2481	2568	88	1	2.00e-37	163
NC_011593.1:2598858-2601929	NB551033:131:HK2T7BGX9:1:21110:23233:17814#0/2	98.901	91	1	0	1857	1947	91	1	2.00e-37	163
NC_011593.1:2598858-2601929	NB551033:131:HK2T7BGX9:1:21106:14221:7055#0/2	100.000	88	0	0	2254	2341	1	88	2.00e-37	163
NC_011593.1:2598858-2601929	NB551033:131:HK2T7BGX9:2:22108:9115:19892#0/1	100.000	88	0	0	2481	2568	1	88	2.00e-37	163
NC_011593.1:2598858-2601929	NB551033:131:HK2T7BGX9:1:21106:14221:7055#0/1	100.000	88	0	0	2254	2341	88	1	2.00e-37	163
NC_011593.1:2598858-2601929	NB551033:131:HK2T7BGX9:1:21108:22480:14718#0/1	100.000	82	0	0	246	327	82	1	4.33e-34	152
NC_011593.1:2598858-2601929	NB551033:131:HK2T7BGX9:3:22508:22086:17037#0/1	100.000	73	0	0	1	73	73	1	4.37e-29	135
NC_011593.1:2598858-2601929	NB551033:131:HK2T7BGX9:2:13209:26614:12942#0/1	98.684	76	1	0	1713	1788	1	76	4.37e-29	135
NC_011593.1:2598858-2601929	NB551033:131:HK2T7BGX9:4:11602:1788:15684#0/2	98.667	75	1	0	2811	2885	75	1	1.57e-28	134
NC_011593.1:2598858-2601929	NB551033:131:HK2T7BGX9:3:13505:25563:9387#0/1	95.238	84	4	0	2989	3072	2	85	1.57e-28	134
NC_011593.1:2598858-2601929	NB551033:131:HK2T7BGX9:1:11311:23179:13325#0/1	95.238	84	4	0	2989	3072	2	85	1.57e-28	134
NC_011593.1:2598858-2601929	NB551033:131:HK2T7BGX9:4:12601:9422:19235#0/2	98.649	74	1	0	919	992	1	74	5.65e-28	132
NC_011593.1:2598858-2601929	NB551033:131:HK2T7BGX9:4:12601:9422:19235#0/1	98.649	74	1	0	919	992	74	1	5.65e-28	132
NC_011593.1:2598858-2601929	NB551033:131:HK2T7BGX9:4:21510:7596:17666#0/2	96.154	78	3	0	2709	2786	78	1	7.30e-27	128
NC_011593.1:2598858-2601929	NB551033:131:HK2T7BGX9:3:21406:11761:2155#0/1	100.000	69	0	0	976	1044	1	69	7.30e-27	128
NC_011593.1:2598858-2601929	NB551033:131:HK2T7BGX9:3:22612:14912:3851#0/1	100.000	67	0	0	1	67	67	1	9.45e-26	124
NC_011593.1:2598858-2601929	NB551033:131:HK2T7BGX9:2:13302:6678:17993#0/1	100.000	67	0	0	1	67	67	1	9.45e-26	124
NC_011593.1:2598858-2601929	NB551033:131:HK2T7BGX9:2:21107:3224:2204#0/2	96.000	75	3	0	2323	2397	1	75	3.40e-25	122
NC_011593.1:2598858-2601929	NB551033:131:HK2T7BGX9:2:21107:3224:2204#0/1	96.000	75	3	0	2323	2397	75	1	3.40e-25	122
NC_011593.1:2598858-2601929	NB551033:131:HK2T7BGX9:3:22508:22086:17037#0/2	98.507	67	1	0	1	67	84	150	4.40e-24	119
NC_011593.1:2598858-2601929	NB551033:131:HK2T7BGX9:4:11406:10095:18698#0/1	97.101	69	2	0	3004	3072	1	69	1.58e-23	117
NC_011593.1:2598858-2601929	NB551033:131:HK2T7BGX9:3:13407:13166:13996#0/2	95.652	69	3	0	834	902	69	1	7.36e-22	111
NC_011593.1:2598858-2601929	NB551033:131:HK2T7BGX9:1:11301:8734:8277#0/1	95.652	69	3	0	3004	3072	1	69	7.36e-22	111
NC_011593.1:2598858-2601929	NB551033:131:HK2T7BGX9:4:21505:11904:1116#0/2	100.000	59	0	0	2489	2547	59	1	2.65e-21	110
NC_011593.1:2598858-2601929	NB551033:131:HK2T7BGX9:1:23204:3590:15713#0/1	98.387	62	1	0	2796	2857	62	1	2.65e-21	110
NC_011593.1:2598858-2601929	NB551033:131:HK2T7BGX9:2:12109:19773:12657#0/1	100.000	58	0	0	1628	1685	58	1	9.52e-21	108
NC_011593.1:2598858-2601929	NB551033:131:HK2T7BGX9:1:13206:25275:4319#0/2	96.825	63	2	0	2564	2626	63	1	3.42e-20	106
NC_011593.1:2598858-2601929	NB551033:131:HK2T7BGX9:3:23506:10094:5769#0/2	95.312	64	3	0	3009	3072	1	64	4.43e-19	102
NC_011593.1:2598858-2601929	NB551033:131:HK2T7BGX9:4:12605:10914:4516#0/2	100.000	54	0	0	454	507	54	1	1.59e-18	100
NC_011593.1:2598858-2601929	NB551033:131:HK2T7BGX9:3:21406:11761:2155#0/2	98.246	57	1	0	1244	1300	57	1	1.59e-18	100
NC_011593.1:2598858-2601929	NB551033:131:HK2T7BGX9:4:12605:10914:4516#0/1	100.000	54	0	0	454	507	1	54	1.59e-18	100
NC_011593.1:2598858-2601929	NB551033:131:HK2T7BGX9:1:23302:2006:3055#0/2	96.552	58	2	0	3015	3072	1	58	2.06e-17	97.1
NC_011593.1:2598858-2601929	NB551033:131:HK2T7BGX9:1:12210:24912:15773#0/2	96.552	58	2	0	3015	3072	1	58	2.06e-17	97.1
NC_011593.1:2598858-2601929	NB551033:131:HK2T7BGX9:2:23110:11931:14859#0/1	100.000	52	0	0	175	226	52	1	2.06e-17	97.1
NC_011593.1:2598858-2601929	NB551033:131:HK2T7BGX9:2:23110:23149:4307#0/2	100.000	44	0	0	475	518	1	44	5.77e-13	82.4
NC_011593.1:2598858-2601929	NB551033:131:HK2T7BGX9:2:21206:7442:7913#0/2	100.000	44	0	0	1	44	44	1	5.77e-13	82.4
NC_011593.1:2598858-2601929	NB551033:131:HK2T7BGX9:2:12210:7371:6646#0/2	100.000	44	0	0	729	772	1	44	5.77e-13	82.4
NC_011593.1:2598858-2601929	NB551033:131:HK2T7BGX9:2:23110:23149:4307#0/1	100.000	44	0	0	475	518	45	2	5.77e-13	82.4
NC_011593.1:2598858-2601929	NB551033:131:HK2T7BGX9:2:21206:7442:7913#0/1	100.000	44	0	0	1	44	46	89	5.77e-13	82.4
NC_011593.1:2598858-2601929	NB551033:131:HK2T7BGX9:2:12210:7371:6646#0/1	100.000	44	0	0	729	772	44	1	5.77e-13	82.4
NC_011593.1:2598858-2601929	NB551033:131:HK2T7BGX9:4:21512:7665:18147#0/2	97.826	46	1	0	168	213	1	46	2.07e-12	80.5
NC_011593.1:2598858-2601929	NB551033:131:HK2T7BGX9:4:21512:7665:18147#0/1	97.826	46	1	0	168	213	46	1	2.07e-12	80.5
NC_011593.1:2598858-2601929	NB551033:131:HK2T7BGX9:3:21510:15231:10732#0/1	100.000	43	0	0	794	836	43	1	2.07e-12	80.5
NC_011593.1:2598858-2601929	NB551033:131:HK2T7BGX9:3:21507:23517:18870#0/1	97.727	44	1	0	1	44	44	1	2.68e-11	76.8
NC_011593.1:2598858-2601929	NB551033:131:HK2T7BGX9:4:11405:7987:2575#0/2	97.619	42	1	0	2543	2584	1	42	3.47e-10	73.1
NC_011593.1:2598858-2601929	NB551033:131:HK2T7BGX9:2:13103:20284:10251#0/2	97.561	41	1	0	1	41	111	151	1.25e-09	71.3
NC_011593.1:2598858-2601929	NB551033:131:HK2T7BGX9:3:21510:23063:1209#0/1	100.000	36	0	0	197	232	1	36	1.62e-08	67.6
NC_011593.1:2598858-2601929	NB551033:131:HK2T7BGX9:3:11609:14465:17266#0/2	100.000	28	0	0	1028	1055	28	1	4.52e-04	52.8
NC_011593.1:2598858-2601929	NB551033:131:HK2T7BGX9:2:22307:3020:11299#0/2	100.000	28	0	0	1028	1055	102	129	4.52e-04	52.8
NC_011593.1:2598858-2601929	NB551033:131:HK2T7BGX9:3:11609:14465:17266#0/1	100.000	28	0	0	1028	1055	38	65	4.52e-04	52.8
NC_011593.1:2598858-2601929	NB551033:131:HK2T7BGX9:2:22307:3020:11299#0/1	100.000	28	0	0	1028	1055	28	1	4.52e-04	52.8
# BLASTN 2.9.0+
# Query: NC_011593.1:c2604454-2602106 Bifidobacterium longum subsp. infantis ATCC 15697, complete genome
# Database: db/blast_M0790-2F-1A_S17.faa
# 0 hits found
# BLASTN 2.9.0+
# Query: NC_011593.1:c2605922-2604486 Bifidobacterium longum subsp. infantis ATCC 15697, complete genome
# Database: db/blast_M0790-2F-1A_S17.faa
# 0 hits found
# BLASTN 2.9.0+
# Query: NC_011593.1:c2606381-2605944 Bifidobacterium longum subsp. infantis ATCC 15697, complete genome
# Database: db/blast_M0790-2F-1A_S17.faa
# 0 hits found
# BLASTN 2.9.0+
# Query: NC_011593.1:c2607314-2606418 Bifidobacterium longum subsp. infantis ATCC 15697, complete genome
# Database: db/blast_M0790-2F-1A_S17.faa
# Fields: query acc.ver, subject acc.ver, % identity, alignment length, mismatches, gap opens, q. start, q. end, s. start, s. end, evalue, bit score
# 3 hits found
NC_011593.1:c2607314-2606418	NB551033:131:HK2T7BGX9:3:11412:18154:2153#0/2	95.000	40	2	0	562	601	1	40	6.03e-08	63.9
NC_011593.1:c2607314-2606418	NB551033:131:HK2T7BGX9:2:13308:26622:1637#0/1	97.297	37	1	0	565	601	38	2	6.03e-08	63.9
NC_011593.1:c2607314-2606418	NB551033:131:HK2T7BGX9:3:22412:19055:5370#0/2	100.000	29	0	0	19	47	29	1	3.63e-05	54.7
# BLASTN 2.9.0+
# Query: NC_011593.1:c2608249-2607458 Bifidobacterium longum subsp. infantis ATCC 15697, complete genome
# Database: db/blast_M0790-2F-1A_S17.faa
# 0 hits found
# BLASTN 2.9.0+
# Query: NC_011593.1:c2609546-2608269 Bifidobacterium longum subsp. infantis ATCC 15697, complete genome
# Database: db/blast_M0790-2F-1A_S17.faa
# 0 hits found
# BLASTN 2.9.0+
# Query: NC_011593.1:c2610356-2609697 Bifidobacterium longum subsp. infantis ATCC 15697, complete genome
# Database: db/blast_M0790-2F-1A_S17.faa
# 0 hits found
# BLASTN 2.9.0+
# Query: NC_011593.1:c2611458-2610496 Bifidobacterium longum subsp. infantis ATCC 15697, complete genome
# Database: db/blast_M0790-2F-1A_S17.faa
# 0 hits found
# BLASTN 2.9.0+
# Query: NC_011593.1:c2612430-2611477 Bifidobacterium longum subsp. infantis ATCC 15697, complete genome
# Database: db/blast_M0790-2F-1A_S17.faa
# 0 hits found
# BLASTN 2.9.0+
# Query: NC_011593.1:c2614109-2612517 Bifidobacterium longum subsp. infantis ATCC 15697, complete genome
# Database: db/blast_M0790-2F-1A_S17.faa
# 0 hits found
# BLASTN 2.9.0+
# Query: NC_011593.1:c2615274-2614312 Bifidobacterium longum subsp. infantis ATCC 15697, complete genome
# Database: db/blast_M0790-2F-1A_S17.faa
# 0 hits found
# BLASTN 2.9.0+
# Query: NC_011593.1:c2616246-2615293 Bifidobacterium longum subsp. infantis ATCC 15697, complete genome
# Database: db/blast_M0790-2F-1A_S17.faa
# 0 hits found
# BLASTN 2.9.0+
# Query: NC_011593.1:c2617928-2616333 Bifidobacterium longum subsp. infantis ATCC 15697, complete genome
# Database: db/blast_M0790-2F-1A_S17.faa
# Fields: query acc.ver, subject acc.ver, % identity, alignment length, mismatches, gap opens, q. start, q. end, s. start, s. end, evalue, bit score
# 3 hits found
NC_011593.1:c2617928-2616333	NB551033:131:HK2T7BGX9:3:23402:2326:15416#0/2	97.368	38	1	0	493	530	40	3	2.99e-08	65.8
NC_011593.1:c2617928-2616333	NB551033:131:HK2T7BGX9:2:23206:17026:16975#0/2	100.000	31	0	0	493	523	21	51	5.00e-06	58.4
NC_011593.1:c2617928-2616333	NB551033:131:HK2T7BGX9:2:23206:17026:16975#0/1	100.000	31	0	0	493	523	31	1	5.00e-06	58.4
# BLASTN 2.9.0+
# Query: NC_011593.1:c2619247-2618063 Bifidobacterium longum subsp. infantis ATCC 15697, complete genome
# Database: db/blast_M0790-2F-1A_S17.faa
# 0 hits found
# BLASTN 2.9.0+
# Query: NC_011593.1:c2620369-2619413 Bifidobacterium longum subsp. infantis ATCC 15697, complete genome
# Database: db/blast_M0790-2F-1A_S17.faa
# 0 hits found
# BLASTN 2.9.0+
# Query: NC_011593.1:c2622143-2620551 Bifidobacterium longum subsp. infantis ATCC 15697, complete genome
# Database: db/blast_M0790-2F-1A_S17.faa
# 0 hits found
# BLASTN 2.9.0+
# Query: NC_011593.1:c2624124-2622520 Bifidobacterium longum subsp. infantis ATCC 15697, complete genome
# Database: db/blast_M0790-2F-1A_S17.faa
# 0 hits found
# BLASTN 2.9.0+
# Query: NC_011593.1:c2626110-2624512 Bifidobacterium longum subsp. infantis ATCC 15697, complete genome
# Database: db/blast_M0790-2F-1A_S17.faa
# Fields: query acc.ver, subject acc.ver, % identity, alignment length, mismatches, gap opens, q. start, q. end, s. start, s. end, evalue, bit score
# 9 hits found
NC_011593.1:c2626110-2624512	NB551033:131:HK2T7BGX9:3:22508:21563:7769#0/2	100.000	30	0	0	1555	1584	56	27	1.80e-05	56.5
NC_011593.1:c2626110-2624512	NB551033:131:HK2T7BGX9:3:21609:18905:13160#0/2	100.000	30	0	0	1555	1584	145	116	1.80e-05	56.5
NC_011593.1:c2626110-2624512	NB551033:131:HK2T7BGX9:1:23204:24143:3633#0/2	100.000	30	0	0	1555	1584	79	108	1.80e-05	56.5
NC_011593.1:c2626110-2624512	NB551033:131:HK2T7BGX9:4:13606:23939:14788#0/1	100.000	30	0	0	1555	1584	56	85	1.80e-05	56.5
NC_011593.1:c2626110-2624512	NB551033:131:HK2T7BGX9:3:22508:21563:7769#0/1	100.000	30	0	0	1555	1584	55	84	1.80e-05	56.5
NC_011593.1:c2626110-2624512	NB551033:131:HK2T7BGX9:3:21609:18905:13160#0/1	100.000	30	0	0	1555	1584	12	41	1.80e-05	56.5
NC_011593.1:c2626110-2624512	NB551033:131:HK2T7BGX9:3:12409:12184:15164#0/1	100.000	30	0	0	1555	1584	79	108	1.80e-05	56.5
NC_011593.1:c2626110-2624512	NB551033:131:HK2T7BGX9:1:23201:24667:13288#0/1	100.000	30	0	0	1555	1584	56	85	1.80e-05	56.5
NC_011593.1:c2626110-2624512	NB551033:131:HK2T7BGX9:1:13106:14897:8865#0/1	100.000	30	0	0	1555	1584	12	41	1.80e-05	56.5
# BLASTN 2.9.0+
# Query: NC_011593.1:c2626386-2626264 Bifidobacterium longum subsp. infantis ATCC 15697, complete genome
# Database: db/blast_M0790-2F-1A_S17.faa
# 0 hits found
# BLASTN 2.9.0+
# Query: NC_011593.1:c2628158-2626563 Bifidobacterium longum subsp. infantis ATCC 15697, complete genome
# Database: db/blast_M0790-2F-1A_S17.faa
# 0 hits found
# BLASTN 2.9.0+
# Query: NC_011593.1:c2630269-2628314 Bifidobacterium longum subsp. infantis ATCC 15697, complete genome
# Database: db/blast_M0790-2F-1A_S17.faa
# 0 hits found
# BLASTN 2.9.0+
# Query: NC_011593.1:c2631106-2630366 Bifidobacterium longum subsp. infantis ATCC 15697, complete genome
# Database: db/blast_M0790-2F-1A_S17.faa
# 0 hits found
# BLASTN 2.9.0+
# Query: NC_011593.1:c2632432-2631140 Bifidobacterium longum subsp. infantis ATCC 15697, complete genome
# Database: db/blast_M0790-2F-1A_S17.faa
# 0 hits found
# BLASTN 2.9.0+
# Query: NC_011593.1:c2633881-2632562 Bifidobacterium longum subsp. infantis ATCC 15697, complete genome
# Database: db/blast_M0790-2F-1A_S17.faa
# 0 hits found
# BLASTN 2.9.0+
# Query: NC_011593.1:c2634683-2633865 Bifidobacterium longum subsp. infantis ATCC 15697, complete genome
# Database: db/blast_M0790-2F-1A_S17.faa
# 0 hits found
# BLASTN 2.9.0+
# Query: NC_011593.1:c2635627-2634680 Bifidobacterium longum subsp. infantis ATCC 15697, complete genome
# Database: db/blast_M0790-2F-1A_S17.faa
# 0 hits found
# BLASTN 2.9.0+
# Query: NC_011593.1:c2636747-2635629 Bifidobacterium longum subsp. infantis ATCC 15697, complete genome
# Database: db/blast_M0790-2F-1A_S17.faa
# 0 hits found
# BLAST processed 31 queries
