# BLASTN 2.9.0+
# Query: NC_011593.1:c2595355-2593832 Bifidobacterium longum subsp. infantis ATCC 15697, complete genome
# Database: db/blast_M0834-1E-1A_S12.faa
# Fields: query acc.ver, subject acc.ver, % identity, alignment length, mismatches, gap opens, q. start, q. end, s. start, s. end, evalue, bit score
# 108 hits found
NC_011593.1:c2595355-2593832	NB551033:109:HG7V5BGX9:2:21310:12805:16349#0/1	100.000	150	0	0	357	506	1	150	3.66e-72	278
NC_011593.1:c2595355-2593832	NB551033:109:HG7V5BGX9:4:12608:5725:13718#0/2	99.338	151	1	0	929	1079	151	1	4.73e-71	274
NC_011593.1:c2595355-2593832	NB551033:109:HG7V5BGX9:1:22108:16640:10590#0/2	99.338	151	1	0	355	505	151	1	4.73e-71	274
NC_011593.1:c2595355-2593832	NB551033:109:HG7V5BGX9:1:13203:13134:1572#0/2	99.338	151	1	0	356	506	1	151	4.73e-71	274
NC_011593.1:c2595355-2593832	NB551033:109:HG7V5BGX9:2:11110:8194:4031#0/2	99.333	150	1	0	986	1135	150	1	1.70e-70	272
NC_011593.1:c2595355-2593832	NB551033:109:HG7V5BGX9:2:11110:8194:4031#0/1	99.333	150	1	0	942	1091	1	150	1.70e-70	272
NC_011593.1:c2595355-2593832	NB551033:109:HG7V5BGX9:4:11611:9574:9289#0/2	98.675	151	2	0	439	589	151	1	2.20e-69	268
NC_011593.1:c2595355-2593832	NB551033:109:HG7V5BGX9:2:21310:12805:16349#0/2	98.675	151	2	0	468	618	151	1	2.20e-69	268
NC_011593.1:c2595355-2593832	NB551033:109:HG7V5BGX9:1:13306:16462:9918#0/2	98.675	151	2	0	488	638	151	1	2.20e-69	268
NC_011593.1:c2595355-2593832	NB551033:109:HG7V5BGX9:1:13102:1838:13399#0/1	98.675	151	2	0	715	865	1	151	2.20e-69	268
NC_011593.1:c2595355-2593832	NB551033:109:HG7V5BGX9:2:13209:18680:8352#0/2	98.667	150	2	0	447	596	1	150	7.92e-69	267
NC_011593.1:c2595355-2593832	NB551033:109:HG7V5BGX9:1:12101:16898:4485#0/2	99.315	146	1	0	949	1094	1	146	2.85e-68	265
NC_011593.1:c2595355-2593832	NB551033:109:HG7V5BGX9:1:13304:25441:7318#0/2	98.013	151	3	0	1178	1328	1	151	1.02e-67	263
NC_011593.1:c2595355-2593832	NB551033:109:HG7V5BGX9:2:11210:5499:17340#0/2	98.000	150	3	0	768	917	1	150	3.68e-67	261
NC_011593.1:c2595355-2593832	NB551033:109:HG7V5BGX9:4:22410:8888:8344#0/1	98.000	150	3	0	750	899	150	1	3.68e-67	261
NC_011593.1:c2595355-2593832	NB551033:109:HG7V5BGX9:1:13102:1838:13399#0/2	97.351	151	4	0	760	910	151	1	4.76e-66	257
NC_011593.1:c2595355-2593832	NB551033:109:HG7V5BGX9:1:11108:16111:19981#0/2	97.351	151	4	0	143	293	1	151	4.76e-66	257
NC_011593.1:c2595355-2593832	NB551033:109:HG7V5BGX9:4:21401:1828:8809#0/1	97.351	151	4	0	308	458	151	1	4.76e-66	257
NC_011593.1:c2595355-2593832	NB551033:109:HG7V5BGX9:4:11611:9574:9289#0/1	97.973	148	3	0	347	494	1	148	4.76e-66	257
NC_011593.1:c2595355-2593832	NB551033:109:HG7V5BGX9:3:23601:11030:5916#0/1	97.351	151	4	0	140	290	1	151	4.76e-66	257
NC_011593.1:c2595355-2593832	NB551033:109:HG7V5BGX9:3:11504:26621:13339#0/1	97.973	148	3	0	338	485	148	1	4.76e-66	257
NC_011593.1:c2595355-2593832	NB551033:109:HG7V5BGX9:4:13606:2119:3206#0/1	97.333	150	4	0	1206	1355	1	150	1.71e-65	255
NC_011593.1:c2595355-2593832	NB551033:109:HG7V5BGX9:2:11210:5499:17340#0/1	97.333	150	4	0	850	999	150	1	1.71e-65	255
NC_011593.1:c2595355-2593832	NB551033:109:HG7V5BGX9:4:13606:2119:3206#0/2	97.315	149	4	0	1322	1470	151	3	6.16e-65	254
NC_011593.1:c2595355-2593832	NB551033:109:HG7V5BGX9:4:21401:1828:8809#0/2	96.689	151	5	0	262	412	1	151	2.22e-64	252
NC_011593.1:c2595355-2593832	NB551033:109:HG7V5BGX9:1:21112:10474:18650#0/1	96.689	151	5	0	586	736	1	151	2.22e-64	252
NC_011593.1:c2595355-2593832	NB551033:109:HG7V5BGX9:1:22108:16640:10590#0/1	96.667	150	5	0	287	436	1	150	7.97e-64	250
NC_011593.1:c2595355-2593832	NB551033:109:HG7V5BGX9:1:21112:10474:18650#0/2	96.644	149	5	0	616	764	149	1	2.87e-63	248
NC_011593.1:c2595355-2593832	NB551033:109:HG7V5BGX9:3:11505:1153:13339#0/2	96.000	150	6	0	267	416	1	150	3.71e-62	244
NC_011593.1:c2595355-2593832	NB551033:109:HG7V5BGX9:3:11504:26621:13339#0/2	96.000	150	6	0	267	416	1	150	3.71e-62	244
NC_011593.1:c2595355-2593832	NB551033:109:HG7V5BGX9:1:21112:13371:1353#0/2	95.973	149	6	0	846	994	1	149	1.33e-61	243
NC_011593.1:c2595355-2593832	NB551033:109:HG7V5BGX9:1:21112:13371:1353#0/1	95.973	149	6	0	846	994	149	1	1.33e-61	243
NC_011593.1:c2595355-2593832	NB551033:109:HG7V5BGX9:3:21609:24670:6130#0/1	95.946	148	6	0	265	412	148	1	4.80e-61	241
NC_011593.1:c2595355-2593832	NB551033:109:HG7V5BGX9:2:21101:22789:1479#0/1	95.364	151	7	0	379	529	151	1	4.80e-61	241
NC_011593.1:c2595355-2593832	NB551033:109:HG7V5BGX9:3:23601:11030:5916#0/2	95.333	150	7	0	258	407	150	1	1.73e-60	239
NC_011593.1:c2595355-2593832	NB551033:109:HG7V5BGX9:3:22602:24735:4984#0/2	95.333	150	7	0	388	537	150	1	1.73e-60	239
NC_011593.1:c2595355-2593832	NB551033:109:HG7V5BGX9:1:13104:6053:20109#0/1	95.333	150	7	0	377	526	1	150	1.73e-60	239
NC_011593.1:c2595355-2593832	NB551033:109:HG7V5BGX9:1:23205:15048:15119#0/2	97.810	137	3	0	1334	1470	149	13	6.21e-60	237
NC_011593.1:c2595355-2593832	NB551033:109:HG7V5BGX9:1:12108:13321:16259#0/1	95.270	148	7	0	372	519	1	148	2.23e-59	235
NC_011593.1:c2595355-2593832	NB551033:109:HG7V5BGX9:2:22212:10489:3565#0/2	97.037	135	4	0	68	202	135	1	3.74e-57	228
NC_011593.1:c2595355-2593832	NB551033:109:HG7V5BGX9:2:23112:16957:15846#0/1	98.450	129	2	0	560	688	129	1	3.74e-57	228
NC_011593.1:c2595355-2593832	NB551033:109:HG7V5BGX9:4:12609:21251:2051#0/2	97.710	131	3	0	578	708	131	1	1.34e-56	226
NC_011593.1:c2595355-2593832	NB551033:109:HG7V5BGX9:2:23112:16957:15846#0/2	98.438	128	2	0	560	687	1	128	1.34e-56	226
NC_011593.1:c2595355-2593832	NB551033:109:HG7V5BGX9:2:23312:14275:4353#0/1	97.692	130	3	0	891	1020	1	130	4.83e-56	224
NC_011593.1:c2595355-2593832	NB551033:109:HG7V5BGX9:3:21511:9065:6788#0/2	99.180	122	1	0	934	1055	1	122	6.25e-55	220
NC_011593.1:c2595355-2593832	NB551033:109:HG7V5BGX9:3:21511:9065:6788#0/1	99.180	122	1	0	934	1055	122	1	6.25e-55	220
NC_011593.1:c2595355-2593832	NB551033:109:HG7V5BGX9:4:12602:13544:1090#0/2	98.387	124	2	0	500	623	124	1	2.25e-54	219
NC_011593.1:c2595355-2593832	NB551033:109:HG7V5BGX9:2:12205:3698:3475#0/2	96.923	130	4	0	429	558	1	130	2.25e-54	219
NC_011593.1:c2595355-2593832	NB551033:109:HG7V5BGX9:4:12602:13544:1090#0/1	98.387	124	2	0	500	623	1	124	2.25e-54	219
NC_011593.1:c2595355-2593832	NB551033:109:HG7V5BGX9:2:23311:13764:11620#0/2	96.212	132	5	0	699	830	1	132	8.09e-54	217
NC_011593.1:c2595355-2593832	NB551033:109:HG7V5BGX9:3:21409:24808:6405#0/2	98.347	121	2	0	111	231	1	121	1.05e-52	213
NC_011593.1:c2595355-2593832	NB551033:109:HG7V5BGX9:3:21409:24808:6405#0/1	98.347	121	2	0	111	231	121	1	1.05e-52	213
NC_011593.1:c2595355-2593832	NB551033:109:HG7V5BGX9:1:13306:16462:9918#0/1	99.153	118	1	0	366	483	1	118	1.05e-52	213
NC_011593.1:c2595355-2593832	NB551033:109:HG7V5BGX9:1:13203:13134:1572#0/1	99.138	116	1	0	563	678	118	3	1.35e-51	209
NC_011593.1:c2595355-2593832	NB551033:109:HG7V5BGX9:4:12608:5725:13718#0/1	98.305	118	2	0	904	1021	3	120	4.87e-51	207
NC_011593.1:c2595355-2593832	NB551033:109:HG7V5BGX9:3:11509:14652:5043#0/1	99.130	115	1	0	382	496	1	115	4.87e-51	207
NC_011593.1:c2595355-2593832	NB551033:109:HG7V5BGX9:1:11108:16111:19981#0/1	95.385	130	6	0	256	385	130	1	4.87e-51	207
NC_011593.1:c2595355-2593832	NB551033:109:HG7V5BGX9:4:22410:8888:8344#0/2	95.312	128	6	0	707	834	1	128	6.30e-50	204
NC_011593.1:c2595355-2593832	NB551033:109:HG7V5BGX9:2:13209:18680:8352#0/1	98.198	111	2	0	497	607	121	11	3.79e-47	195
NC_011593.1:c2595355-2593832	NB551033:109:HG7V5BGX9:1:22106:17467:19808#0/2	95.798	119	5	0	319	437	119	1	1.36e-46	193
NC_011593.1:c2595355-2593832	NB551033:109:HG7V5BGX9:1:11105:14321:17051#0/2	97.297	111	3	0	869	979	1	111	1.76e-45	189
NC_011593.1:c2595355-2593832	NB551033:109:HG7V5BGX9:1:11105:14321:17051#0/1	97.297	111	3	0	869	979	111	1	1.76e-45	189
NC_011593.1:c2595355-2593832	NB551033:109:HG7V5BGX9:2:12212:6746:20044#0/2	97.248	109	3	0	600	708	109	1	2.28e-44	185
NC_011593.1:c2595355-2593832	NB551033:109:HG7V5BGX9:2:22305:8441:15137#0/2	95.536	112	5	0	616	727	1	112	1.06e-42	180
NC_011593.1:c2595355-2593832	NB551033:109:HG7V5BGX9:1:22104:8790:11375#0/2	97.170	106	3	0	847	952	106	1	1.06e-42	180
NC_011593.1:c2595355-2593832	NB551033:109:HG7V5BGX9:3:23503:20868:3303#0/1	97.170	106	3	0	338	443	106	1	1.06e-42	180
NC_011593.1:c2595355-2593832	NB551033:109:HG7V5BGX9:2:22305:8441:15137#0/1	95.536	112	5	0	617	728	112	1	1.06e-42	180
NC_011593.1:c2595355-2593832	NB551033:109:HG7V5BGX9:4:11411:4851:8756#0/2	100.000	94	0	0	1011	1104	94	1	4.94e-41	174
NC_011593.1:c2595355-2593832	NB551033:109:HG7V5BGX9:3:11509:14652:5043#0/2	100.000	93	0	0	412	504	93	1	1.78e-40	172
NC_011593.1:c2595355-2593832	NB551033:109:HG7V5BGX9:3:22412:20844:16479#0/1	96.190	105	4	0	705	809	1	105	1.78e-40	172
NC_011593.1:c2595355-2593832	NB551033:109:HG7V5BGX9:3:13411:3734:4027#0/2	96.117	103	4	0	707	809	103	1	2.30e-39	169
NC_011593.1:c2595355-2593832	NB551033:109:HG7V5BGX9:3:21607:15340:13366#0/2	97.895	95	2	0	452	546	95	1	2.97e-38	165
NC_011593.1:c2595355-2593832	NB551033:109:HG7V5BGX9:3:21607:15340:13366#0/1	97.895	95	2	0	452	546	1	95	2.97e-38	165
NC_011593.1:c2595355-2593832	NB551033:109:HG7V5BGX9:2:22208:1627:8739#0/1	95.960	99	4	0	370	468	99	1	3.84e-37	161
NC_011593.1:c2595355-2593832	NB551033:109:HG7V5BGX9:3:22501:19946:20128#0/1	96.809	94	3	0	692	785	1	94	4.97e-36	158
NC_011593.1:c2595355-2593832	NB551033:109:HG7V5BGX9:1:22106:17467:19808#0/1	95.000	100	5	0	319	418	1	100	4.97e-36	158
NC_011593.1:c2595355-2593832	NB551033:109:HG7V5BGX9:1:21205:3617:14292#0/2	100.000	84	0	0	560	643	1	84	1.79e-35	156
NC_011593.1:c2595355-2593832	NB551033:109:HG7V5BGX9:3:11505:1153:13339#0/1	98.851	87	1	0	399	485	87	1	1.79e-35	156
NC_011593.1:c2595355-2593832	NB551033:109:HG7V5BGX9:1:21205:3617:14292#0/1	100.000	84	0	0	560	643	84	1	1.79e-35	156
NC_011593.1:c2595355-2593832	NB551033:109:HG7V5BGX9:3:22501:19946:20128#0/2	96.739	92	3	0	694	785	93	2	6.43e-35	154
NC_011593.1:c2595355-2593832	NB551033:109:HG7V5BGX9:3:22412:20844:16479#0/2	96.739	92	3	0	718	809	92	1	6.43e-35	154
NC_011593.1:c2595355-2593832	NB551033:109:HG7V5BGX9:2:23312:14275:4353#0/2	98.824	85	1	0	937	1021	85	1	2.31e-34	152
NC_011593.1:c2595355-2593832	NB551033:109:HG7V5BGX9:4:12609:21251:2051#0/1	100.000	81	0	0	578	658	1	81	8.32e-34	150
NC_011593.1:c2595355-2593832	NB551033:109:HG7V5BGX9:1:22202:7021:4011#0/2	97.561	82	2	0	821	902	1	82	5.01e-31	141
NC_011593.1:c2595355-2593832	NB551033:109:HG7V5BGX9:4:13606:18592:6327#0/2	96.341	82	3	0	713	794	82	1	2.33e-29	135
NC_011593.1:c2595355-2593832	NB551033:109:HG7V5BGX9:2:12212:6746:20044#0/1	98.630	73	1	0	450	522	1	73	1.08e-27	130
NC_011593.1:c2595355-2593832	NB551033:109:HG7V5BGX9:4:12406:18511:16020#0/1	98.611	72	1	0	747	818	72	1	3.90e-27	128
NC_011593.1:c2595355-2593832	NB551033:109:HG7V5BGX9:3:12609:4290:8305#0/2	97.297	74	2	0	100	173	74	1	1.40e-26	126
NC_011593.1:c2595355-2593832	NB551033:109:HG7V5BGX9:3:13411:3734:4027#0/1	100.000	66	0	0	599	664	1	66	1.81e-25	122
NC_011593.1:c2595355-2593832	NB551033:109:HG7V5BGX9:1:22109:11122:15611#0/2	97.183	71	2	0	256	326	71	1	6.52e-25	121
NC_011593.1:c2595355-2593832	NB551033:109:HG7V5BGX9:1:13304:25441:7318#0/1	97.183	71	2	0	1400	1470	151	81	6.52e-25	121
NC_011593.1:c2595355-2593832	NB551033:109:HG7V5BGX9:1:22202:7021:4011#0/1	95.890	73	3	0	833	905	73	1	2.35e-24	119
NC_011593.1:c2595355-2593832	NB551033:109:HG7V5BGX9:1:23205:15048:15119#0/1	98.387	62	1	0	1238	1299	1	62	1.41e-21	110
NC_011593.1:c2595355-2593832	NB551033:109:HG7V5BGX9:4:23609:9829:17733#0/2	98.361	61	1	0	1410	1470	1	61	5.08e-21	108
NC_011593.1:c2595355-2593832	NB551033:109:HG7V5BGX9:4:13606:18592:6327#0/1	96.875	64	2	0	585	648	1	64	5.08e-21	108
NC_011593.1:c2595355-2593832	NB551033:109:HG7V5BGX9:4:11411:4851:8756#0/1	100.000	58	0	0	1011	1068	1	58	5.08e-21	108
NC_011593.1:c2595355-2593832	NB551033:109:HG7V5BGX9:4:12406:18511:16020#0/2	96.774	62	2	0	700	761	1	62	6.57e-20	104
NC_011593.1:c2595355-2593832	NB551033:109:HG7V5BGX9:3:23406:9202:7372#0/2	95.385	65	3	0	199	263	66	2	6.57e-20	104
NC_011593.1:c2595355-2593832	NB551033:109:HG7V5BGX9:3:23406:9202:7372#0/1	95.385	65	3	0	199	263	1	65	6.57e-20	104
NC_011593.1:c2595355-2593832	NB551033:109:HG7V5BGX9:3:11609:5870:2476#0/1	98.305	59	1	0	1412	1470	1	59	6.57e-20	104
NC_011593.1:c2595355-2593832	NB551033:109:HG7V5BGX9:3:23503:20868:3303#0/2	96.610	59	2	0	338	396	2	60	3.06e-18	99.0
NC_011593.1:c2595355-2593832	NB551033:109:HG7V5BGX9:4:23506:19518:2188#0/1	95.161	62	3	0	395	456	62	1	3.06e-18	99.0
NC_011593.1:c2595355-2593832	NB551033:109:HG7V5BGX9:1:22109:11122:15611#0/1	96.429	56	2	0	177	232	3	58	1.42e-16	93.5
NC_011593.1:c2595355-2593832	NB551033:109:HG7V5BGX9:1:22104:8790:11375#0/1	96.364	55	2	0	847	901	1	55	5.11e-16	91.6
NC_011593.1:c2595355-2593832	NB551033:109:HG7V5BGX9:2:13210:18710:14414#0/2	98.039	51	1	0	52	102	6	56	1.84e-15	89.8
NC_011593.1:c2595355-2593832	NB551033:109:HG7V5BGX9:2:13210:18710:14414#0/1	98.039	51	1	0	52	102	51	1	1.84e-15	89.8
NC_011593.1:c2595355-2593832	NB551033:109:HG7V5BGX9:3:23511:17261:2088#0/1	96.226	53	2	0	778	830	1	53	6.62e-15	87.9
NC_011593.1:c2595355-2593832	NB551033:109:HG7V5BGX9:4:23609:9829:17733#0/1	100.000	46	0	0	1425	1470	121	76	2.38e-14	86.1
# BLASTN 2.9.0+
# Query: NC_011593.1:c2597106-2595574 Bifidobacterium longum subsp. infantis ATCC 15697, complete genome
# Database: db/blast_M0834-1E-1A_S12.faa
# Fields: query acc.ver, subject acc.ver, % identity, alignment length, mismatches, gap opens, q. start, q. end, s. start, s. end, evalue, bit score
# 24 hits found
NC_011593.1:c2597106-2595574	NB551033:109:HG7V5BGX9:2:12205:3698:3475#0/2	95.276	127	6	0	429	555	1	127	2.28e-49	202
NC_011593.1:c2597106-2595574	NB551033:109:HG7V5BGX9:3:11509:14652:5043#0/1	97.248	109	3	0	386	494	5	113	2.29e-44	185
NC_011593.1:c2597106-2595574	NB551033:109:HG7V5BGX9:3:11509:14652:5043#0/2	98.925	93	1	0	412	504	93	1	8.31e-39	167
NC_011593.1:c2597106-2595574	NB551033:109:HG7V5BGX9:4:21605:18478:11456#0/2	95.098	102	5	0	1	102	102	1	3.87e-37	161
NC_011593.1:c2597106-2595574	NB551033:109:HG7V5BGX9:4:21605:18478:11456#0/1	95.098	102	5	0	1	102	17	118	3.87e-37	161
NC_011593.1:c2597106-2595574	NB551033:109:HG7V5BGX9:3:11505:1153:13339#0/1	98.851	87	1	0	399	485	87	1	1.80e-35	156
NC_011593.1:c2597106-2595574	NB551033:109:HG7V5BGX9:1:22309:10928:13990#0/1	95.556	90	4	0	140	229	2	91	3.89e-32	145
NC_011593.1:c2597106-2595574	NB551033:109:HG7V5BGX9:1:13304:25441:7318#0/1	97.183	71	2	0	1400	1470	151	81	6.56e-25	121
NC_011593.1:c2597106-2595574	NB551033:109:HG7V5BGX9:4:12406:18511:16020#0/1	97.015	67	2	0	752	818	67	1	1.10e-22	113
NC_011593.1:c2597106-2595574	NB551033:109:HG7V5BGX9:2:12212:6746:20044#0/1	95.714	70	3	0	450	519	1	70	1.10e-22	113
NC_011593.1:c2597106-2595574	NB551033:109:HG7V5BGX9:1:22109:11122:15611#0/2	95.588	68	3	0	259	326	68	1	1.42e-21	110
NC_011593.1:c2597106-2595574	NB551033:109:HG7V5BGX9:4:23609:9829:17733#0/2	98.361	61	1	0	1410	1470	1	61	5.11e-21	108
NC_011593.1:c2597106-2595574	NB551033:109:HG7V5BGX9:4:21605:5825:1159#0/2	95.522	67	3	0	472	538	1	67	5.11e-21	108
NC_011593.1:c2597106-2595574	NB551033:109:HG7V5BGX9:3:12412:21337:12324#0/2	96.875	64	2	0	140	203	2	65	5.11e-21	108
NC_011593.1:c2597106-2595574	NB551033:109:HG7V5BGX9:4:21605:5825:1159#0/1	95.522	67	3	0	472	538	67	1	5.11e-21	108
NC_011593.1:c2597106-2595574	NB551033:109:HG7V5BGX9:3:12412:21337:12324#0/1	96.875	64	2	0	140	203	64	1	5.11e-21	108
NC_011593.1:c2597106-2595574	NB551033:109:HG7V5BGX9:2:22212:10489:3565#0/1	100.000	57	0	0	1	57	27	83	1.84e-20	106
NC_011593.1:c2597106-2595574	NB551033:109:HG7V5BGX9:3:11609:5870:2476#0/1	98.305	59	1	0	1412	1470	1	59	6.61e-20	104
NC_011593.1:c2597106-2595574	NB551033:109:HG7V5BGX9:3:22510:2064:9611#0/2	100.000	55	0	0	11	65	1	55	2.38e-19	102
NC_011593.1:c2597106-2595574	NB551033:109:HG7V5BGX9:3:22510:2064:9611#0/1	100.000	55	0	0	11	65	55	1	2.38e-19	102
NC_011593.1:c2597106-2595574	NB551033:109:HG7V5BGX9:3:23511:17261:2088#0/1	95.238	63	3	0	778	840	1	63	8.55e-19	100
NC_011593.1:c2597106-2595574	NB551033:109:HG7V5BGX9:1:21310:2542:5248#0/2	96.364	55	2	0	154	208	1	55	5.15e-16	91.6
NC_011593.1:c2597106-2595574	NB551033:109:HG7V5BGX9:1:21310:2542:5248#0/1	96.364	55	2	0	154	208	55	1	5.15e-16	91.6
NC_011593.1:c2597106-2595574	NB551033:109:HG7V5BGX9:4:23609:9829:17733#0/1	100.000	46	0	0	1425	1470	121	76	2.39e-14	86.1
# BLASTN 2.9.0+
# Query: NC_011593.1:c2598562-2597207 Bifidobacterium longum subsp. infantis ATCC 15697, complete genome
# Database: db/blast_M0834-1E-1A_S12.faa
# Fields: query acc.ver, subject acc.ver, % identity, alignment length, mismatches, gap opens, q. start, q. end, s. start, s. end, evalue, bit score
# 125 hits found
NC_011593.1:c2598562-2597207	NB551033:109:HG7V5BGX9:4:23512:16447:6123#0/2	100.000	151	0	0	784	934	1	151	9.03e-73	279
NC_011593.1:c2598562-2597207	NB551033:109:HG7V5BGX9:3:12412:16431:5561#0/2	100.000	151	0	0	727	877	1	151	9.03e-73	279
NC_011593.1:c2598562-2597207	NB551033:109:HG7V5BGX9:2:22209:20977:15433#0/2	100.000	151	0	0	909	1059	1	151	9.03e-73	279
NC_011593.1:c2598562-2597207	NB551033:109:HG7V5BGX9:2:13211:2433:5763#0/2	100.000	151	0	0	116	266	1	151	9.03e-73	279
NC_011593.1:c2598562-2597207	NB551033:109:HG7V5BGX9:2:21203:10407:1474#0/1	100.000	151	0	0	566	716	1	151	9.03e-73	279
NC_011593.1:c2598562-2597207	NB551033:109:HG7V5BGX9:1:23202:14209:1160#0/1	100.000	151	0	0	514	664	1	151	9.03e-73	279
NC_011593.1:c2598562-2597207	NB551033:109:HG7V5BGX9:4:22407:24619:7235#0/2	100.000	150	0	0	793	942	150	1	3.25e-72	278
NC_011593.1:c2598562-2597207	NB551033:109:HG7V5BGX9:3:13502:9819:7762#0/2	100.000	150	0	0	689	838	150	1	3.25e-72	278
NC_011593.1:c2598562-2597207	NB551033:109:HG7V5BGX9:2:21306:2193:7177#0/2	100.000	150	0	0	159	308	1	150	3.25e-72	278
NC_011593.1:c2598562-2597207	NB551033:109:HG7V5BGX9:1:22312:15561:15912#0/2	100.000	150	0	0	699	848	1	150	3.25e-72	278
NC_011593.1:c2598562-2597207	NB551033:109:HG7V5BGX9:1:11204:15602:7827#0/2	100.000	150	0	0	689	838	150	1	3.25e-72	278
NC_011593.1:c2598562-2597207	NB551033:109:HG7V5BGX9:4:22407:24619:7235#0/1	100.000	150	0	0	747	896	1	150	3.25e-72	278
NC_011593.1:c2598562-2597207	NB551033:109:HG7V5BGX9:3:23607:2443:13323#0/1	100.000	150	0	0	45	194	150	1	3.25e-72	278
NC_011593.1:c2598562-2597207	NB551033:109:HG7V5BGX9:1:22312:15561:15912#0/1	100.000	150	0	0	729	878	150	1	3.25e-72	278
NC_011593.1:c2598562-2597207	NB551033:109:HG7V5BGX9:1:11204:15602:7827#0/1	100.000	150	0	0	622	771	1	150	3.25e-72	278
NC_011593.1:c2598562-2597207	NB551033:109:HG7V5BGX9:2:12212:25369:9848#0/2	100.000	149	0	0	93	241	1	149	1.17e-71	276
NC_011593.1:c2598562-2597207	NB551033:109:HG7V5BGX9:2:11206:16131:1652#0/2	100.000	149	0	0	752	900	1	149	1.17e-71	276
NC_011593.1:c2598562-2597207	NB551033:109:HG7V5BGX9:3:23607:2443:13323#0/2	99.338	151	1	0	10	160	1	151	4.20e-71	274
NC_011593.1:c2598562-2597207	NB551033:109:HG7V5BGX9:3:12511:20333:4086#0/1	99.338	151	1	0	1161	1311	1	151	4.20e-71	274
NC_011593.1:c2598562-2597207	NB551033:109:HG7V5BGX9:4:12401:2028:15619#0/2	99.338	151	0	1	288	438	1	150	1.51e-70	272
NC_011593.1:c2598562-2597207	NB551033:109:HG7V5BGX9:3:12509:15200:6406#0/2	100.000	147	0	0	732	878	147	1	1.51e-70	272
NC_011593.1:c2598562-2597207	NB551033:109:HG7V5BGX9:1:23202:14209:1160#0/2	99.333	150	1	0	646	795	150	1	1.51e-70	272
NC_011593.1:c2598562-2597207	NB551033:109:HG7V5BGX9:3:12509:15200:6406#0/1	99.333	150	1	0	709	858	1	150	1.51e-70	272
NC_011593.1:c2598562-2597207	NB551033:109:HG7V5BGX9:1:12110:16290:16968#0/1	99.333	150	1	0	645	794	1	150	1.51e-70	272
NC_011593.1:c2598562-2597207	NB551033:109:HG7V5BGX9:2:11103:17926:16147#0/2	98.675	151	2	0	1150	1300	1	151	1.95e-69	268
NC_011593.1:c2598562-2597207	NB551033:109:HG7V5BGX9:4:21505:24228:18265#0/2	98.667	150	2	0	314	463	1	150	7.03e-69	267
NC_011593.1:c2598562-2597207	NB551033:109:HG7V5BGX9:3:12511:20333:4086#0/2	98.667	150	2	0	1170	1319	150	1	7.03e-69	267
NC_011593.1:c2598562-2597207	NB551033:109:HG7V5BGX9:1:12306:2445:19628#0/2	100.000	139	0	0	626	764	1	139	4.23e-66	257
NC_011593.1:c2598562-2597207	NB551033:109:HG7V5BGX9:1:12306:2445:19628#0/1	100.000	138	0	0	627	764	138	1	1.52e-65	255
NC_011593.1:c2598562-2597207	NB551033:109:HG7V5BGX9:4:23512:16447:6123#0/1	98.582	141	2	0	921	1061	141	1	7.08e-64	250
NC_011593.1:c2598562-2597207	NB551033:109:HG7V5BGX9:3:12509:11888:11454#0/1	100.000	134	0	0	931	1064	1	134	2.55e-63	248
NC_011593.1:c2598562-2597207	NB551033:109:HG7V5BGX9:2:21305:7374:16280#0/2	100.000	132	0	0	1193	1324	1	132	3.29e-62	244
NC_011593.1:c2598562-2597207	NB551033:109:HG7V5BGX9:2:21305:7374:16280#0/1	100.000	132	0	0	1193	1324	132	1	3.29e-62	244
NC_011593.1:c2598562-2597207	NB551033:109:HG7V5BGX9:1:21309:11183:19759#0/2	100.000	131	0	0	934	1064	1	131	1.18e-61	243
NC_011593.1:c2598562-2597207	NB551033:109:HG7V5BGX9:4:22503:1149:7339#0/2	100.000	130	0	0	645	774	130	1	4.26e-61	241
NC_011593.1:c2598562-2597207	NB551033:109:HG7V5BGX9:4:22502:26678:7353#0/2	100.000	130	0	0	645	774	130	1	4.26e-61	241
NC_011593.1:c2598562-2597207	NB551033:109:HG7V5BGX9:4:22503:1149:7339#0/1	100.000	130	0	0	645	774	1	130	4.26e-61	241
NC_011593.1:c2598562-2597207	NB551033:109:HG7V5BGX9:2:23205:24210:19716#0/1	99.254	134	0	1	311	444	1	133	4.26e-61	241
NC_011593.1:c2598562-2597207	NB551033:109:HG7V5BGX9:4:22502:26678:7353#0/1	100.000	129	0	0	645	773	1	129	1.53e-60	239
NC_011593.1:c2598562-2597207	NB551033:109:HG7V5BGX9:3:13405:7510:13464#0/2	100.000	127	0	0	566	692	1	127	1.98e-59	235
NC_011593.1:c2598562-2597207	NB551033:109:HG7V5BGX9:3:12403:15839:19980#0/2	100.000	123	0	0	846	968	1	123	3.32e-57	228
NC_011593.1:c2598562-2597207	NB551033:109:HG7V5BGX9:3:12403:15839:19980#0/1	100.000	123	0	0	846	968	123	1	3.32e-57	228
NC_011593.1:c2598562-2597207	NB551033:109:HG7V5BGX9:3:13502:9819:7762#0/1	100.000	122	0	0	661	782	1	122	1.19e-56	226
NC_011593.1:c2598562-2597207	NB551033:109:HG7V5BGX9:3:22607:7152:16863#0/1	100.000	118	0	0	580	697	118	1	2.00e-54	219
NC_011593.1:c2598562-2597207	NB551033:109:HG7V5BGX9:4:12401:2028:15619#0/1	100.000	116	0	0	591	706	116	1	2.58e-53	215
NC_011593.1:c2598562-2597207	NB551033:109:HG7V5BGX9:3:13405:7510:13464#0/1	100.000	116	0	0	577	692	116	1	2.58e-53	215
NC_011593.1:c2598562-2597207	NB551033:109:HG7V5BGX9:2:21203:10407:1474#0/2	99.099	111	1	0	744	854	111	1	7.23e-49	200
NC_011593.1:c2598562-2597207	NB551033:109:HG7V5BGX9:3:12412:16431:5561#0/1	100.000	107	0	0	926	1032	107	1	2.60e-48	198
NC_011593.1:c2598562-2597207	NB551033:109:HG7V5BGX9:2:23208:16155:11568#0/2	100.000	106	0	0	892	997	106	1	9.35e-48	196
NC_011593.1:c2598562-2597207	NB551033:109:HG7V5BGX9:2:23208:16155:11568#0/1	100.000	106	0	0	892	997	1	106	9.35e-48	196
NC_011593.1:c2598562-2597207	NB551033:109:HG7V5BGX9:2:12201:20191:19638#0/1	100.000	105	0	0	960	1064	146	42	3.36e-47	195
NC_011593.1:c2598562-2597207	NB551033:109:HG7V5BGX9:1:13306:4333:11966#0/1	99.074	108	0	1	388	495	1	107	1.21e-46	193
NC_011593.1:c2598562-2597207	NB551033:109:HG7V5BGX9:4:13509:25836:19804#0/2	100.000	103	0	0	461	563	103	1	4.35e-46	191
NC_011593.1:c2598562-2597207	NB551033:109:HG7V5BGX9:4:13509:25836:19804#0/1	100.000	103	0	0	461	563	1	103	4.35e-46	191
NC_011593.1:c2598562-2597207	NB551033:109:HG7V5BGX9:2:13308:6461:16961#0/1	99.048	105	1	0	1252	1356	1	105	1.56e-45	189
NC_011593.1:c2598562-2597207	NB551033:109:HG7V5BGX9:2:11212:25900:16980#0/1	100.000	101	0	0	1	101	101	1	5.63e-45	187
NC_011593.1:c2598562-2597207	NB551033:109:HG7V5BGX9:4:13611:4595:9543#0/1	99.020	102	1	0	39	140	102	1	7.28e-44	183
NC_011593.1:c2598562-2597207	NB551033:109:HG7V5BGX9:2:11308:13559:19964#0/2	100.000	96	0	0	1261	1356	97	2	3.39e-42	178
NC_011593.1:c2598562-2597207	NB551033:109:HG7V5BGX9:2:11308:13559:19964#0/1	100.000	96	0	0	1261	1356	1	96	3.39e-42	178
NC_011593.1:c2598562-2597207	NB551033:109:HG7V5BGX9:4:11511:15029:10206#0/1	98.936	94	1	0	971	1064	127	34	2.04e-39	169
NC_011593.1:c2598562-2597207	NB551033:109:HG7V5BGX9:2:13211:2433:5763#0/1	100.000	91	0	0	229	319	91	1	2.04e-39	169
NC_011593.1:c2598562-2597207	NB551033:109:HG7V5BGX9:2:11103:17926:16147#0/1	100.000	90	0	0	1240	1329	90	1	7.33e-39	167
NC_011593.1:c2598562-2597207	NB551033:109:HG7V5BGX9:2:23306:3310:16851#0/2	100.000	89	0	0	1136	1224	89	1	2.64e-38	165
NC_011593.1:c2598562-2597207	NB551033:109:HG7V5BGX9:4:23401:15897:16855#0/2	98.901	91	1	0	229	319	91	1	9.48e-38	163
NC_011593.1:c2598562-2597207	NB551033:109:HG7V5BGX9:2:22303:25516:8617#0/2	100.000	88	0	0	1139	1226	88	1	9.48e-38	163
NC_011593.1:c2598562-2597207	NB551033:109:HG7V5BGX9:3:11403:8453:16456#0/2	98.889	90	1	0	278	367	90	1	3.41e-37	161
NC_011593.1:c2598562-2597207	NB551033:109:HG7V5BGX9:4:23409:15824:18403#0/2	100.000	86	0	0	1188	1273	86	1	1.23e-36	159
NC_011593.1:c2598562-2597207	NB551033:109:HG7V5BGX9:4:23409:15824:18403#0/1	100.000	86	0	0	1188	1273	1	86	1.23e-36	159
NC_011593.1:c2598562-2597207	NB551033:109:HG7V5BGX9:2:23306:3310:16851#0/1	98.876	89	1	0	1136	1224	1	89	1.23e-36	159
NC_011593.1:c2598562-2597207	NB551033:109:HG7V5BGX9:2:22209:20977:15433#0/1	100.000	85	0	0	980	1064	150	66	4.41e-36	158
NC_011593.1:c2598562-2597207	NB551033:109:HG7V5BGX9:1:23104:25149:12093#0/1	100.000	85	0	0	1060	1144	85	1	4.41e-36	158
NC_011593.1:c2598562-2597207	NB551033:109:HG7V5BGX9:4:11511:15029:10206#0/2	100.000	83	0	0	915	997	1	83	5.71e-35	154
NC_011593.1:c2598562-2597207	NB551033:109:HG7V5BGX9:4:11403:19539:7717#0/2	100.000	82	0	0	1	82	82	1	2.05e-34	152
NC_011593.1:c2598562-2597207	NB551033:109:HG7V5BGX9:1:21303:12481:18550#0/2	100.000	81	0	0	290	370	81	1	7.38e-34	150
NC_011593.1:c2598562-2597207	NB551033:109:HG7V5BGX9:1:21303:12481:18550#0/1	100.000	81	0	0	290	370	1	81	7.38e-34	150
NC_011593.1:c2598562-2597207	NB551033:109:HG7V5BGX9:4:13506:13923:9747#0/2	100.000	80	0	0	870	949	80	1	2.66e-33	148
NC_011593.1:c2598562-2597207	NB551033:109:HG7V5BGX9:3:23603:17048:11076#0/2	100.000	80	0	0	985	1064	116	37	2.66e-33	148
NC_011593.1:c2598562-2597207	NB551033:109:HG7V5BGX9:4:13506:13923:9747#0/1	100.000	80	0	0	870	949	1	80	2.66e-33	148
NC_011593.1:c2598562-2597207	NB551033:109:HG7V5BGX9:3:23603:17048:11076#0/1	100.000	80	0	0	985	1064	1	80	2.66e-33	148
NC_011593.1:c2598562-2597207	NB551033:109:HG7V5BGX9:1:11107:19518:3794#0/1	100.000	79	0	0	986	1064	1	79	9.55e-33	147
NC_011593.1:c2598562-2597207	NB551033:109:HG7V5BGX9:3:22607:7152:16863#0/2	98.765	81	1	0	424	504	1	81	3.44e-32	145
NC_011593.1:c2598562-2597207	NB551033:109:HG7V5BGX9:1:11107:19518:3794#0/2	100.000	78	0	0	987	1064	95	18	3.44e-32	145
NC_011593.1:c2598562-2597207	NB551033:109:HG7V5BGX9:3:22512:7720:3616#0/2	98.750	80	1	0	1060	1139	25	104	1.24e-31	143
NC_011593.1:c2598562-2597207	NB551033:109:HG7V5BGX9:2:21105:12495:12753#0/2	100.000	76	0	0	138	213	76	1	4.44e-31	141
NC_011593.1:c2598562-2597207	NB551033:109:HG7V5BGX9:3:22611:3395:18432#0/1	100.000	76	0	0	138	213	76	1	4.44e-31	141
NC_011593.1:c2598562-2597207	NB551033:109:HG7V5BGX9:4:11512:12135:14499#0/2	100.000	75	0	0	1060	1134	75	1	1.60e-30	139
NC_011593.1:c2598562-2597207	NB551033:109:HG7V5BGX9:2:23306:21180:3001#0/2	98.718	78	1	0	1252	1329	1	78	1.60e-30	139
NC_011593.1:c2598562-2597207	NB551033:109:HG7V5BGX9:2:23306:21180:3001#0/1	98.718	78	1	0	1252	1329	78	1	1.60e-30	139
NC_011593.1:c2598562-2597207	NB551033:109:HG7V5BGX9:2:12201:20191:19638#0/2	98.701	77	1	0	960	1036	1	77	5.75e-30	137
NC_011593.1:c2598562-2597207	NB551033:109:HG7V5BGX9:1:13306:4333:11966#0/2	98.701	77	1	0	498	574	77	1	5.75e-30	137
NC_011593.1:c2598562-2597207	NB551033:109:HG7V5BGX9:1:11111:7606:18603#0/1	100.000	74	0	0	28	101	74	1	5.75e-30	137
NC_011593.1:c2598562-2597207	NB551033:109:HG7V5BGX9:4:23401:15897:16855#0/1	100.000	72	0	0	138	209	80	151	7.44e-29	134
NC_011593.1:c2598562-2597207	NB551033:109:HG7V5BGX9:2:21306:2193:7177#0/1	100.000	72	0	0	318	389	72	1	7.44e-29	134
NC_011593.1:c2598562-2597207	NB551033:109:HG7V5BGX9:2:12212:25369:9848#0/1	100.000	71	0	0	231	301	71	1	2.67e-28	132
NC_011593.1:c2598562-2597207	NB551033:109:HG7V5BGX9:4:21505:24228:18265#0/1	98.592	71	1	0	498	568	71	1	1.24e-26	126
NC_011593.1:c2598562-2597207	NB551033:109:HG7V5BGX9:3:21601:10693:12491#0/1	100.000	66	0	0	1264	1329	1	66	1.61e-25	122
NC_011593.1:c2598562-2597207	NB551033:109:HG7V5BGX9:1:13206:15119:16362#0/1	100.000	66	0	0	498	563	66	1	1.61e-25	122
NC_011593.1:c2598562-2597207	NB551033:109:HG7V5BGX9:3:21601:10693:12491#0/2	100.000	65	0	0	1265	1329	65	1	5.79e-25	121
NC_011593.1:c2598562-2597207	NB551033:109:HG7V5BGX9:2:13303:25868:9937#0/1	100.000	64	0	0	156	219	64	1	2.08e-24	119
NC_011593.1:c2598562-2597207	NB551033:109:HG7V5BGX9:2:13303:25868:9937#0/2	100.000	63	0	0	156	218	1	63	7.49e-24	117
NC_011593.1:c2598562-2597207	NB551033:109:HG7V5BGX9:2:12106:7510:5780#0/1	100.000	63	0	0	1064	1126	63	1	7.49e-24	117
NC_011593.1:c2598562-2597207	NB551033:109:HG7V5BGX9:3:11509:16217:5097#0/2	100.000	61	0	0	1	61	61	1	9.69e-23	113
NC_011593.1:c2598562-2597207	NB551033:109:HG7V5BGX9:2:12101:10049:16940#0/2	100.000	61	0	0	230	290	61	1	9.69e-23	113
NC_011593.1:c2598562-2597207	NB551033:109:HG7V5BGX9:1:11303:3883:15610#0/2	100.000	61	0	0	1296	1356	98	38	9.69e-23	113
NC_011593.1:c2598562-2597207	NB551033:109:HG7V5BGX9:2:11206:16131:1652#0/1	100.000	61	0	0	1004	1064	122	62	9.69e-23	113
NC_011593.1:c2598562-2597207	NB551033:109:HG7V5BGX9:1:11303:3883:15610#0/1	100.000	61	0	0	1296	1356	1	61	9.69e-23	113
NC_011593.1:c2598562-2597207	NB551033:109:HG7V5BGX9:3:13505:4096:4787#0/2	100.000	59	0	0	1	59	59	1	1.25e-21	110
NC_011593.1:c2598562-2597207	NB551033:109:HG7V5BGX9:2:23205:24210:19716#0/2	100.000	55	0	0	415	469	55	1	2.10e-19	102
NC_011593.1:c2598562-2597207	NB551033:109:HG7V5BGX9:2:21205:19683:6469#0/1	100.000	55	0	0	440	494	55	1	2.10e-19	102
NC_011593.1:c2598562-2597207	NB551033:109:HG7V5BGX9:3:23608:22952:2174#0/2	98.214	56	1	0	1301	1356	1	56	2.71e-18	99.0
NC_011593.1:c2598562-2597207	NB551033:109:HG7V5BGX9:3:23608:22952:2174#0/1	98.214	56	1	0	1301	1356	117	62	2.71e-18	99.0
NC_011593.1:c2598562-2597207	NB551033:109:HG7V5BGX9:2:21205:19683:6469#0/2	100.000	51	0	0	1	51	71	121	3.51e-17	95.3
NC_011593.1:c2598562-2597207	NB551033:109:HG7V5BGX9:1:11310:13810:3501#0/2	100.000	51	0	0	1306	1356	1	51	3.51e-17	95.3
NC_011593.1:c2598562-2597207	NB551033:109:HG7V5BGX9:3:22512:7720:3616#0/1	96.491	57	2	0	1204	1260	57	1	3.51e-17	95.3
NC_011593.1:c2598562-2597207	NB551033:109:HG7V5BGX9:1:11310:13810:3501#0/1	100.000	51	0	0	1306	1356	126	76	3.51e-17	95.3
NC_011593.1:c2598562-2597207	NB551033:109:HG7V5BGX9:1:11111:7606:18603#0/2	100.000	50	0	0	1	50	15	64	1.26e-16	93.5
NC_011593.1:c2598562-2597207	NB551033:109:HG7V5BGX9:2:12106:7510:5780#0/2	96.364	55	2	0	1060	1114	76	130	4.54e-16	91.6
NC_011593.1:c2598562-2597207	NB551033:109:HG7V5BGX9:3:11403:8453:16456#0/1	100.000	49	0	0	1	49	102	150	4.54e-16	91.6
NC_011593.1:c2598562-2597207	NB551033:109:HG7V5BGX9:2:11212:25900:16980#0/2	100.000	44	0	0	1	44	108	151	2.73e-13	82.4
NC_011593.1:c2598562-2597207	NB551033:109:HG7V5BGX9:2:23301:12147:6806#0/2	100.000	41	0	0	1024	1064	149	109	1.27e-11	76.8
NC_011593.1:c2598562-2597207	NB551033:109:HG7V5BGX9:2:23301:12147:6806#0/1	100.000	41	0	0	1024	1064	1	41	1.27e-11	76.8
NC_011593.1:c2598562-2597207	NB551033:109:HG7V5BGX9:1:21309:11183:19759#0/1	100.000	40	0	0	1025	1064	151	112	4.57e-11	75.0
NC_011593.1:c2598562-2597207	NB551033:109:HG7V5BGX9:3:13505:4096:4787#0/1	100.000	34	0	0	1	34	40	73	9.90e-08	63.9
NC_011593.1:c2598562-2597207	NB551033:109:HG7V5BGX9:2:13308:6461:16961#0/2	100.000	29	0	0	1328	1356	151	123	5.96e-05	54.7
NC_011593.1:c2598562-2597207	NB551033:109:HG7V5BGX9:4:11512:12135:14499#0/1	100.000	28	0	0	1060	1087	124	151	2.14e-04	52.8
# BLASTN 2.9.0+
# Query: NC_011593.1:2598858-2601929 Bifidobacterium longum subsp. infantis ATCC 15697, complete genome
# Database: db/blast_M0834-1E-1A_S12.faa
# Fields: query acc.ver, subject acc.ver, % identity, alignment length, mismatches, gap opens, q. start, q. end, s. start, s. end, evalue, bit score
# 220 hits found
NC_011593.1:2598858-2601929	NB551033:109:HG7V5BGX9:3:12607:14987:12141#0/1	100.000	151	0	0	2402	2552	1	151	2.04e-72	279
NC_011593.1:2598858-2601929	NB551033:109:HG7V5BGX9:1:12212:10841:19583#0/2	100.000	150	0	0	183	332	150	1	7.35e-72	278
NC_011593.1:2598858-2601929	NB551033:109:HG7V5BGX9:4:13504:15215:17245#0/1	100.000	150	0	0	1696	1845	150	1	7.35e-72	278
NC_011593.1:2598858-2601929	NB551033:109:HG7V5BGX9:2:11206:14674:10998#0/1	100.000	150	0	0	1960	2109	150	1	7.35e-72	278
NC_011593.1:2598858-2601929	NB551033:109:HG7V5BGX9:3:12609:18993:10470#0/1	100.000	149	0	0	2402	2550	1	149	2.64e-71	276
NC_011593.1:2598858-2601929	NB551033:109:HG7V5BGX9:4:21412:11382:8843#0/2	99.338	151	1	0	1797	1947	151	1	9.51e-71	274
NC_011593.1:2598858-2601929	NB551033:109:HG7V5BGX9:1:21105:26245:12763#0/2	99.338	151	1	0	905	1055	151	1	9.51e-71	274
NC_011593.1:2598858-2601929	NB551033:109:HG7V5BGX9:4:13401:2891:16858#0/2	99.333	150	1	0	380	529	150	1	3.42e-70	272
NC_011593.1:2598858-2601929	NB551033:109:HG7V5BGX9:3:13606:26757:8550#0/2	99.333	150	1	0	12	161	1	150	3.42e-70	272
NC_011593.1:2598858-2601929	NB551033:109:HG7V5BGX9:3:13512:15090:3344#0/2	99.333	150	1	0	225	374	1	150	3.42e-70	272
NC_011593.1:2598858-2601929	NB551033:109:HG7V5BGX9:2:11206:14674:10998#0/2	99.333	150	1	0	1858	2007	1	150	3.42e-70	272
NC_011593.1:2598858-2601929	NB551033:109:HG7V5BGX9:1:11202:18181:8590#0/2	99.333	150	1	0	286	435	1	150	3.42e-70	272
NC_011593.1:2598858-2601929	NB551033:109:HG7V5BGX9:4:13410:4106:7668#0/1	99.333	150	1	0	1858	2007	1	150	3.42e-70	272
NC_011593.1:2598858-2601929	NB551033:109:HG7V5BGX9:4:13401:2891:16858#0/1	99.333	150	1	0	376	525	1	150	3.42e-70	272
NC_011593.1:2598858-2601929	NB551033:109:HG7V5BGX9:3:13601:25554:12434#0/1	99.333	150	1	0	985	1134	150	1	3.42e-70	272
NC_011593.1:2598858-2601929	NB551033:109:HG7V5BGX9:3:13512:15090:3344#0/1	99.333	150	1	0	320	469	150	1	3.42e-70	272
NC_011593.1:2598858-2601929	NB551033:109:HG7V5BGX9:1:12212:10841:19583#0/1	99.333	150	1	0	132	281	1	150	3.42e-70	272
NC_011593.1:2598858-2601929	NB551033:109:HG7V5BGX9:1:11202:18181:8590#0/1	99.333	150	1	0	301	450	150	1	3.42e-70	272
NC_011593.1:2598858-2601929	NB551033:109:HG7V5BGX9:1:21301:1526:11005#0/2	100.000	146	0	0	2392	2537	146	1	1.23e-69	270
NC_011593.1:2598858-2601929	NB551033:109:HG7V5BGX9:2:23112:15344:9896#0/1	99.329	149	1	0	2399	2547	149	1	1.23e-69	270
NC_011593.1:2598858-2601929	NB551033:109:HG7V5BGX9:3:23512:9551:16613#0/2	98.675	151	2	0	1067	1217	151	1	4.43e-69	268
NC_011593.1:2598858-2601929	NB551033:109:HG7V5BGX9:3:12607:14987:12141#0/2	98.675	151	2	0	2463	2613	151	1	4.43e-69	268
NC_011593.1:2598858-2601929	NB551033:109:HG7V5BGX9:2:23112:15344:9896#0/2	99.324	148	1	0	2400	2547	1	148	4.43e-69	268
NC_011593.1:2598858-2601929	NB551033:109:HG7V5BGX9:4:13501:26309:6020#0/1	98.675	151	2	0	587	737	151	1	4.43e-69	268
NC_011593.1:2598858-2601929	NB551033:109:HG7V5BGX9:4:12606:8000:9414#0/1	99.324	148	1	0	2851	2998	3	150	4.43e-69	268
NC_011593.1:2598858-2601929	NB551033:109:HG7V5BGX9:4:11401:11473:10638#0/1	98.675	151	2	0	1381	1531	1	151	4.43e-69	268
NC_011593.1:2598858-2601929	NB551033:109:HG7V5BGX9:2:11212:13832:11943#0/1	99.324	148	1	0	2211	2358	1	148	4.43e-69	268
NC_011593.1:2598858-2601929	NB551033:109:HG7V5BGX9:1:11311:3691:4860#0/1	98.675	151	2	0	2000	2150	1	151	4.43e-69	268
NC_011593.1:2598858-2601929	NB551033:109:HG7V5BGX9:4:13504:15215:17245#0/2	98.667	150	2	0	1525	1674	1	150	1.59e-68	267
NC_011593.1:2598858-2601929	NB551033:109:HG7V5BGX9:4:12606:8000:9414#0/2	98.667	150	2	0	2864	3013	150	1	1.59e-68	267
NC_011593.1:2598858-2601929	NB551033:109:HG7V5BGX9:4:11501:9449:19219#0/2	98.667	150	2	0	953	1102	150	1	1.59e-68	267
NC_011593.1:2598858-2601929	NB551033:109:HG7V5BGX9:2:23109:2131:20200#0/2	98.667	150	2	0	82	231	1	150	1.59e-68	267
NC_011593.1:2598858-2601929	NB551033:109:HG7V5BGX9:2:21207:17622:13778#0/2	98.667	150	2	0	1081	1230	1	150	1.59e-68	267
NC_011593.1:2598858-2601929	NB551033:109:HG7V5BGX9:1:13307:23906:15925#0/2	98.667	150	2	0	2447	2596	150	1	1.59e-68	267
NC_011593.1:2598858-2601929	NB551033:109:HG7V5BGX9:4:12605:8841:10060#0/1	98.667	150	2	0	2511	2660	1	150	1.59e-68	267
NC_011593.1:2598858-2601929	NB551033:109:HG7V5BGX9:3:23512:9551:16613#0/1	98.667	150	2	0	1045	1194	1	150	1.59e-68	267
NC_011593.1:2598858-2601929	NB551033:109:HG7V5BGX9:2:21108:16011:19471#0/1	98.667	150	2	0	1488	1637	150	1	1.59e-68	267
NC_011593.1:2598858-2601929	NB551033:109:HG7V5BGX9:1:12311:23701:4446#0/1	98.667	150	2	0	1398	1547	150	1	1.59e-68	267
NC_011593.1:2598858-2601929	NB551033:109:HG7V5BGX9:1:11303:3334:15198#0/1	98.667	150	2	0	578	727	150	1	1.59e-68	267
NC_011593.1:2598858-2601929	NB551033:109:HG7V5BGX9:4:22401:15585:6613#0/2	98.658	149	2	0	1992	2140	149	1	5.73e-68	265
NC_011593.1:2598858-2601929	NB551033:109:HG7V5BGX9:2:13311:20508:3091#0/1	99.315	146	1	0	1	146	5	150	5.73e-68	265
NC_011593.1:2598858-2601929	NB551033:109:HG7V5BGX9:4:12605:8841:10060#0/2	98.013	151	3	0	2540	2690	151	1	2.06e-67	263
NC_011593.1:2598858-2601929	NB551033:109:HG7V5BGX9:3:12609:18993:10470#0/2	98.649	148	2	0	2766	2913	148	1	2.06e-67	263
NC_011593.1:2598858-2601929	NB551033:109:HG7V5BGX9:1:12311:23701:4446#0/2	98.649	148	2	0	1331	1478	1	148	2.06e-67	263
NC_011593.1:2598858-2601929	NB551033:109:HG7V5BGX9:2:13102:11183:4100#0/1	98.649	148	2	0	2533	2680	148	1	2.06e-67	263
NC_011593.1:2598858-2601929	NB551033:109:HG7V5BGX9:4:23508:11909:5740#0/2	98.000	150	3	0	946	1095	1	150	7.41e-67	261
NC_011593.1:2598858-2601929	NB551033:109:HG7V5BGX9:4:13410:4106:7668#0/2	98.000	150	3	0	2136	2285	150	1	7.41e-67	261
NC_011593.1:2598858-2601929	NB551033:109:HG7V5BGX9:3:12610:9451:12138#0/2	98.000	150	3	0	2627	2776	1	150	7.41e-67	261
NC_011593.1:2598858-2601929	NB551033:109:HG7V5BGX9:3:12408:14884:3663#0/2	98.000	150	3	0	1873	2022	1	150	7.41e-67	261
NC_011593.1:2598858-2601929	NB551033:109:HG7V5BGX9:1:21302:15910:7515#0/2	98.639	147	2	0	2772	2918	1	147	7.41e-67	261
NC_011593.1:2598858-2601929	NB551033:109:HG7V5BGX9:1:13304:20012:11114#0/2	99.306	144	1	0	2012	2155	144	1	7.41e-67	261
NC_011593.1:2598858-2601929	NB551033:109:HG7V5BGX9:1:11311:3691:4860#0/2	98.000	150	3	0	2017	2166	150	1	7.41e-67	261
NC_011593.1:2598858-2601929	NB551033:109:HG7V5BGX9:4:13501:18271:2642#0/1	98.000	150	3	0	2317	2466	150	1	7.41e-67	261
NC_011593.1:2598858-2601929	NB551033:109:HG7V5BGX9:3:22607:5110:3665#0/1	98.000	150	3	0	2331	2480	150	1	7.41e-67	261
NC_011593.1:2598858-2601929	NB551033:109:HG7V5BGX9:2:22302:14143:8198#0/1	98.000	150	3	0	2331	2480	150	1	7.41e-67	261
NC_011593.1:2598858-2601929	NB551033:109:HG7V5BGX9:2:21207:17622:13778#0/1	98.000	150	3	0	1108	1257	150	1	7.41e-67	261
NC_011593.1:2598858-2601929	NB551033:109:HG7V5BGX9:2:12109:22951:13373#0/1	98.639	147	2	0	2531	2677	1	147	7.41e-67	261
NC_011593.1:2598858-2601929	NB551033:109:HG7V5BGX9:1:23303:24872:12598#0/1	98.639	147	2	0	1306	1452	147	1	7.41e-67	261
NC_011593.1:2598858-2601929	NB551033:109:HG7V5BGX9:1:23202:10051:19857#0/1	99.306	144	1	0	2188	2331	144	1	7.41e-67	261
NC_011593.1:2598858-2601929	NB551033:109:HG7V5BGX9:1:13304:20012:11114#0/1	99.306	144	1	0	2012	2155	1	144	7.41e-67	261
NC_011593.1:2598858-2601929	NB551033:109:HG7V5BGX9:3:13607:17174:1556#0/2	98.630	146	2	0	2830	2975	146	1	2.66e-66	259
NC_011593.1:2598858-2601929	NB551033:109:HG7V5BGX9:2:23112:9984:14013#0/2	97.987	149	3	0	630	778	1	149	2.66e-66	259
NC_011593.1:2598858-2601929	NB551033:109:HG7V5BGX9:3:13607:17174:1556#0/1	98.630	146	2	0	2830	2975	1	146	2.66e-66	259
NC_011593.1:2598858-2601929	NB551033:109:HG7V5BGX9:2:22302:14143:8198#0/2	97.351	151	4	0	2298	2448	1	151	9.58e-66	257
NC_011593.1:2598858-2601929	NB551033:109:HG7V5BGX9:2:21303:13932:3458#0/2	98.621	145	2	0	1	145	145	1	9.58e-66	257
NC_011593.1:2598858-2601929	NB551033:109:HG7V5BGX9:1:23303:24872:12598#0/2	97.973	148	3	0	1013	1160	1	148	9.58e-66	257
NC_011593.1:2598858-2601929	NB551033:109:HG7V5BGX9:2:23311:2394:9196#0/1	97.351	151	4	0	2653	2803	151	1	9.58e-66	257
NC_011593.1:2598858-2601929	NB551033:109:HG7V5BGX9:1:21311:19042:11175#0/1	97.351	151	4	0	2347	2497	151	1	9.58e-66	257
NC_011593.1:2598858-2601929	NB551033:109:HG7V5BGX9:1:13307:23906:15925#0/1	97.351	151	4	0	2297	2447	1	151	9.58e-66	257
NC_011593.1:2598858-2601929	NB551033:109:HG7V5BGX9:4:13501:26309:6020#0/2	97.959	147	3	0	553	699	4	150	3.45e-65	255
NC_011593.1:2598858-2601929	NB551033:109:HG7V5BGX9:4:13501:18271:2642#0/2	97.333	150	4	0	2295	2444	1	150	3.45e-65	255
NC_011593.1:2598858-2601929	NB551033:109:HG7V5BGX9:2:12109:22951:13373#0/2	97.333	150	4	0	2612	2761	150	1	3.45e-65	255
NC_011593.1:2598858-2601929	NB551033:109:HG7V5BGX9:1:23202:10051:19857#0/2	98.611	144	2	0	2187	2330	1	144	3.45e-65	255
NC_011593.1:2598858-2601929	NB551033:109:HG7V5BGX9:3:11501:14517:8317#0/1	97.959	147	3	0	606	752	147	1	3.45e-65	255
NC_011593.1:2598858-2601929	NB551033:109:HG7V5BGX9:2:12105:11945:13065#0/2	97.315	149	4	0	744	892	1	149	1.24e-64	254
NC_011593.1:2598858-2601929	NB551033:109:HG7V5BGX9:3:13601:25554:12434#0/2	96.689	151	5	0	826	976	1	151	4.46e-64	252
NC_011593.1:2598858-2601929	NB551033:109:HG7V5BGX9:2:13111:3649:9144#0/2	96.689	151	5	0	856	1006	1	151	4.46e-64	252
NC_011593.1:2598858-2601929	NB551033:109:HG7V5BGX9:2:23102:22168:7731#0/1	96.689	151	5	0	784	934	1	151	4.46e-64	252
NC_011593.1:2598858-2601929	NB551033:109:HG7V5BGX9:3:22607:5110:3665#0/2	96.667	150	5	0	2283	2432	1	150	1.60e-63	250
NC_011593.1:2598858-2601929	NB551033:109:HG7V5BGX9:3:22409:5860:13553#0/2	96.667	150	5	0	481	630	150	1	1.60e-63	250
NC_011593.1:2598858-2601929	NB551033:109:HG7V5BGX9:2:23311:2394:9196#0/2	96.667	150	5	0	2581	2730	1	150	1.60e-63	250
NC_011593.1:2598858-2601929	NB551033:109:HG7V5BGX9:2:13104:12991:7247#0/2	96.667	150	5	0	481	630	150	1	1.60e-63	250
NC_011593.1:2598858-2601929	NB551033:109:HG7V5BGX9:3:22409:5860:13553#0/1	96.667	150	5	0	461	610	1	150	1.60e-63	250
NC_011593.1:2598858-2601929	NB551033:109:HG7V5BGX9:3:22604:1536:3855#0/2	96.644	149	5	0	461	609	1	149	5.77e-63	248
NC_011593.1:2598858-2601929	NB551033:109:HG7V5BGX9:2:13104:12991:7247#0/1	96.644	149	5	0	442	590	1	149	5.77e-63	248
NC_011593.1:2598858-2601929	NB551033:109:HG7V5BGX9:3:13603:26007:20344#0/2	96.000	150	6	0	527	676	1	150	7.46e-62	244
NC_011593.1:2598858-2601929	NB551033:109:HG7V5BGX9:1:11303:3334:15198#0/2	96.000	150	6	0	545	694	1	150	7.46e-62	244
NC_011593.1:2598858-2601929	NB551033:109:HG7V5BGX9:4:11501:9449:19219#0/1	97.222	144	4	0	880	1023	1	144	7.46e-62	244
NC_011593.1:2598858-2601929	NB551033:109:HG7V5BGX9:3:13603:26007:20344#0/1	98.540	137	2	0	577	713	137	1	2.68e-61	243
NC_011593.1:2598858-2601929	NB551033:109:HG7V5BGX9:3:21507:23893:19784#0/2	99.248	133	1	0	276	408	133	1	9.65e-61	241
NC_011593.1:2598858-2601929	NB551033:109:HG7V5BGX9:3:13403:25527:2028#0/2	97.826	138	3	0	1437	1574	1	138	3.47e-60	239
NC_011593.1:2598858-2601929	NB551033:109:HG7V5BGX9:2:23102:22168:7731#0/2	96.528	144	5	0	798	941	144	1	3.47e-60	239
NC_011593.1:2598858-2601929	NB551033:109:HG7V5BGX9:2:21105:5497:2566#0/2	97.163	141	4	0	877	1017	1	141	3.47e-60	239
NC_011593.1:2598858-2601929	NB551033:109:HG7V5BGX9:3:13403:25527:2028#0/1	97.826	138	3	0	1437	1574	138	1	3.47e-60	239
NC_011593.1:2598858-2601929	NB551033:109:HG7V5BGX9:2:22204:19742:3580#0/2	99.225	129	1	0	273	401	129	1	1.61e-58	233
NC_011593.1:2598858-2601929	NB551033:109:HG7V5BGX9:2:22204:19742:3580#0/1	99.225	129	1	0	273	401	1	129	1.61e-58	233
NC_011593.1:2598858-2601929	NB551033:109:HG7V5BGX9:3:12606:17702:8669#0/2	97.080	137	4	0	2638	2774	1	137	5.81e-58	231
NC_011593.1:2598858-2601929	NB551033:109:HG7V5BGX9:4:22404:6614:12591#0/1	100.000	125	0	0	1739	1863	125	1	5.81e-58	231
NC_011593.1:2598858-2601929	NB551033:109:HG7V5BGX9:3:12606:17702:8669#0/1	97.080	137	4	0	2638	2774	137	1	5.81e-58	231
NC_011593.1:2598858-2601929	NB551033:109:HG7V5BGX9:3:23601:15190:9318#0/1	100.000	124	0	0	1640	1763	124	1	2.09e-57	230
NC_011593.1:2598858-2601929	NB551033:109:HG7V5BGX9:4:22404:6614:12591#0/2	100.000	123	0	0	1739	1861	1	123	7.51e-57	228
NC_011593.1:2598858-2601929	NB551033:109:HG7V5BGX9:3:23601:15190:9318#0/2	100.000	123	0	0	1640	1762	1	123	7.51e-57	228
NC_011593.1:2598858-2601929	NB551033:109:HG7V5BGX9:2:11212:17468:8217#0/2	98.450	129	2	0	2598	2726	129	1	7.51e-57	228
NC_011593.1:2598858-2601929	NB551033:109:HG7V5BGX9:1:13201:16662:14782#0/2	99.206	126	1	0	1087	1212	126	1	7.51e-57	228
NC_011593.1:2598858-2601929	NB551033:109:HG7V5BGX9:2:21108:16011:19471#0/2	97.710	131	3	0	1275	1405	1	131	2.70e-56	226
NC_011593.1:2598858-2601929	NB551033:109:HG7V5BGX9:1:12207:26703:17578#0/2	97.710	131	3	0	1239	1369	1	131	2.70e-56	226
NC_011593.1:2598858-2601929	NB551033:109:HG7V5BGX9:2:13311:20508:3091#0/2	98.387	124	2	0	53	176	124	1	4.52e-54	219
NC_011593.1:2598858-2601929	NB551033:109:HG7V5BGX9:2:12212:21372:16964#0/2	100.000	117	0	0	939	1055	1	117	1.63e-53	217
NC_011593.1:2598858-2601929	NB551033:109:HG7V5BGX9:2:12212:21372:16964#0/1	100.000	117	0	0	939	1055	117	1	1.63e-53	217
NC_011593.1:2598858-2601929	NB551033:109:HG7V5BGX9:1:21302:15910:7515#0/1	98.374	123	2	0	2796	2918	123	1	1.63e-53	217
NC_011593.1:2598858-2601929	NB551033:109:HG7V5BGX9:4:12410:17906:10212#0/2	96.875	128	4	0	1275	1402	1	128	5.85e-53	215
NC_011593.1:2598858-2601929	NB551033:109:HG7V5BGX9:3:22604:1536:3855#0/1	97.600	125	3	0	768	892	133	9	5.85e-53	215
NC_011593.1:2598858-2601929	NB551033:109:HG7V5BGX9:3:12610:9451:12138#0/1	99.160	119	1	0	2815	2933	119	1	5.85e-53	215
NC_011593.1:2598858-2601929	NB551033:109:HG7V5BGX9:1:21301:1526:11005#0/1	96.875	128	4	0	2311	2438	1	128	5.85e-53	215
NC_011593.1:2598858-2601929	NB551033:109:HG7V5BGX9:2:13303:12691:5078#0/2	98.333	120	2	0	1326	1445	120	1	7.56e-52	211
NC_011593.1:2598858-2601929	NB551033:109:HG7V5BGX9:2:13111:3649:9144#0/1	97.541	122	3	0	886	1007	122	1	2.72e-51	209
NC_011593.1:2598858-2601929	NB551033:109:HG7V5BGX9:4:21412:11382:8843#0/1	99.130	115	1	0	1726	1840	1	115	9.79e-51	207
NC_011593.1:2598858-2601929	NB551033:109:HG7V5BGX9:4:22401:15585:6613#0/1	100.000	111	0	0	1740	1850	1	111	3.52e-50	206
NC_011593.1:2598858-2601929	NB551033:109:HG7V5BGX9:1:12207:26703:17578#0/1	98.276	116	2	0	1279	1394	116	1	1.27e-49	204
NC_011593.1:2598858-2601929	NB551033:109:HG7V5BGX9:4:13612:12416:13115#0/2	98.261	115	2	0	2529	2643	1	115	4.55e-49	202
NC_011593.1:2598858-2601929	NB551033:109:HG7V5BGX9:4:13612:12416:13115#0/1	98.261	115	2	0	2529	2643	115	1	4.55e-49	202
NC_011593.1:2598858-2601929	NB551033:109:HG7V5BGX9:1:13212:2184:8567#0/2	97.436	117	3	0	2479	2595	117	1	1.64e-48	200
NC_011593.1:2598858-2601929	NB551033:109:HG7V5BGX9:4:21510:12603:10372#0/2	98.230	113	2	0	1497	1609	1	113	5.89e-48	198
NC_011593.1:2598858-2601929	NB551033:109:HG7V5BGX9:2:11212:13832:11943#0/2	97.414	116	3	0	2354	2469	116	1	5.89e-48	198
NC_011593.1:2598858-2601929	NB551033:109:HG7V5BGX9:4:12509:21808:20083#0/2	97.391	115	3	0	2684	2798	115	1	2.12e-47	196
NC_011593.1:2598858-2601929	NB551033:109:HG7V5BGX9:3:11501:14517:8317#0/2	96.610	118	4	0	414	531	1	118	2.12e-47	196
NC_011593.1:2598858-2601929	NB551033:109:HG7V5BGX9:1:21205:3660:4546#0/2	95.122	123	6	0	862	984	123	1	7.62e-47	195
NC_011593.1:2598858-2601929	NB551033:109:HG7V5BGX9:4:12412:16920:5855#0/1	95.122	123	6	0	516	638	123	1	7.62e-47	195
NC_011593.1:2598858-2601929	NB551033:109:HG7V5BGX9:2:21105:5497:2566#0/1	99.074	108	1	0	1027	1134	108	1	7.62e-47	195
NC_011593.1:2598858-2601929	NB551033:109:HG7V5BGX9:2:13303:12691:5078#0/1	98.182	110	2	0	1326	1435	1	110	2.74e-46	193
NC_011593.1:2598858-2601929	NB551033:109:HG7V5BGX9:1:23111:10704:18084#0/2	98.148	108	2	0	2489	2596	1	108	3.54e-45	189
NC_011593.1:2598858-2601929	NB551033:109:HG7V5BGX9:4:12412:16920:5855#0/2	96.460	113	4	0	520	632	5	117	1.27e-44	187
NC_011593.1:2598858-2601929	NB551033:109:HG7V5BGX9:2:12209:18221:4299#0/2	99.029	103	1	0	1398	1500	103	1	4.59e-44	185
NC_011593.1:2598858-2601929	NB551033:109:HG7V5BGX9:2:12209:18221:4299#0/1	99.029	103	1	0	1398	1500	1	103	4.59e-44	185
NC_011593.1:2598858-2601929	NB551033:109:HG7V5BGX9:1:12306:14067:10923#0/1	99.020	102	1	0	2589	2690	102	1	1.65e-43	183
NC_011593.1:2598858-2601929	NB551033:109:HG7V5BGX9:1:12306:14067:10923#0/2	98.039	102	2	0	2589	2690	1	102	7.67e-42	178
NC_011593.1:2598858-2601929	NB551033:109:HG7V5BGX9:3:12601:19123:8299#0/1	100.000	96	0	0	1562	1657	1	96	7.67e-42	178
NC_011593.1:2598858-2601929	NB551033:109:HG7V5BGX9:2:13202:18268:10251#0/2	100.000	92	0	0	1777	1868	1	92	1.28e-39	171
NC_011593.1:2598858-2601929	NB551033:109:HG7V5BGX9:2:13202:18268:10251#0/1	100.000	92	0	0	1777	1868	92	1	1.28e-39	171
NC_011593.1:2598858-2601929	NB551033:109:HG7V5BGX9:4:11507:12517:4720#0/2	97.938	97	2	0	553	649	1	97	4.62e-39	169
NC_011593.1:2598858-2601929	NB551033:109:HG7V5BGX9:4:23508:11909:5740#0/1	97.000	100	3	0	1299	1398	100	1	4.62e-39	169
NC_011593.1:2598858-2601929	NB551033:109:HG7V5BGX9:4:11507:12517:4720#0/1	97.938	97	2	0	553	649	97	1	4.62e-39	169
NC_011593.1:2598858-2601929	NB551033:109:HG7V5BGX9:2:23307:13451:17059#0/2	97.917	96	2	0	2819	2914	96	1	1.66e-38	167
NC_011593.1:2598858-2601929	NB551033:109:HG7V5BGX9:1:12205:19773:3823#0/2	95.238	105	5	0	457	561	105	1	1.66e-38	167
NC_011593.1:2598858-2601929	NB551033:109:HG7V5BGX9:2:23307:13451:17059#0/1	97.917	96	2	0	2819	2914	1	96	1.66e-38	167
NC_011593.1:2598858-2601929	NB551033:109:HG7V5BGX9:4:23510:17092:3405#0/2	97.895	95	2	0	1177	1271	1	95	5.97e-38	165
NC_011593.1:2598858-2601929	NB551033:109:HG7V5BGX9:2:13208:11375:14454#0/2	100.000	89	0	0	1	89	89	1	5.97e-38	165
NC_011593.1:2598858-2601929	NB551033:109:HG7V5BGX9:4:12410:17906:10212#0/1	100.000	89	0	0	1633	1721	89	1	5.97e-38	165
NC_011593.1:2598858-2601929	NB551033:109:HG7V5BGX9:4:23601:21883:8636#0/1	98.901	91	1	0	122	212	1	91	2.15e-37	163
NC_011593.1:2598858-2601929	NB551033:109:HG7V5BGX9:3:12408:14884:3663#0/1	97.872	94	2	0	2212	2305	94	1	2.15e-37	163
NC_011593.1:2598858-2601929	NB551033:109:HG7V5BGX9:4:23502:13181:14010#0/2	100.000	87	0	0	364	450	87	1	7.73e-37	161
NC_011593.1:2598858-2601929	NB551033:109:HG7V5BGX9:1:21311:19042:11175#0/2	96.875	96	3	0	2279	2374	1	96	7.73e-37	161
NC_011593.1:2598858-2601929	NB551033:109:HG7V5BGX9:4:23502:13181:14010#0/1	100.000	87	0	0	364	450	2	88	7.73e-37	161
NC_011593.1:2598858-2601929	NB551033:109:HG7V5BGX9:2:13208:11375:14454#0/1	100.000	86	0	0	1	86	49	134	2.78e-36	159
NC_011593.1:2598858-2601929	NB551033:109:HG7V5BGX9:4:23601:21883:8636#0/2	97.802	91	2	0	122	212	91	1	1.00e-35	158
NC_011593.1:2598858-2601929	NB551033:109:HG7V5BGX9:4:11401:11473:10638#0/2	97.802	91	2	0	1487	1577	91	1	1.00e-35	158
NC_011593.1:2598858-2601929	NB551033:109:HG7V5BGX9:4:23608:2323:12756#0/2	96.739	92	3	0	2124	2215	1	92	1.29e-34	154
NC_011593.1:2598858-2601929	NB551033:109:HG7V5BGX9:3:22509:3694:4786#0/2	100.000	82	0	0	1209	1290	82	1	4.65e-34	152
NC_011593.1:2598858-2601929	NB551033:109:HG7V5BGX9:4:12509:21808:20083#0/1	96.703	91	3	0	2684	2774	1	91	4.65e-34	152
NC_011593.1:2598858-2601929	NB551033:109:HG7V5BGX9:3:22509:3694:4786#0/1	100.000	82	0	0	1209	1290	1	82	4.65e-34	152
NC_011593.1:2598858-2601929	NB551033:109:HG7V5BGX9:2:21306:14163:12717#0/2	97.674	86	2	0	1492	1577	1	86	6.02e-33	148
NC_011593.1:2598858-2601929	NB551033:109:HG7V5BGX9:1:12204:25543:19738#0/2	100.000	80	0	0	2402	2481	1	80	6.02e-33	148
NC_011593.1:2598858-2601929	NB551033:109:HG7V5BGX9:3:11509:13594:3766#0/1	97.674	86	2	0	2987	3072	1	86	6.02e-33	148
NC_011593.1:2598858-2601929	NB551033:109:HG7V5BGX9:2:21306:14163:12717#0/1	97.674	86	2	0	1492	1577	86	1	6.02e-33	148
NC_011593.1:2598858-2601929	NB551033:109:HG7V5BGX9:4:21510:12603:10372#0/1	100.000	78	0	0	1624	1701	78	1	7.78e-32	145
NC_011593.1:2598858-2601929	NB551033:109:HG7V5BGX9:3:23508:1336:9860#0/1	98.765	81	1	0	2880	2960	81	1	7.78e-32	145
NC_011593.1:2598858-2601929	NB551033:109:HG7V5BGX9:3:23508:1336:9860#0/2	98.750	80	1	0	2880	2959	1	80	2.80e-31	143
NC_011593.1:2598858-2601929	NB551033:109:HG7V5BGX9:3:23609:7654:16600#0/1	98.718	78	1	0	1363	1440	78	1	3.62e-30	139
NC_011593.1:2598858-2601929	NB551033:109:HG7V5BGX9:3:21410:17762:9219#0/2	98.701	77	1	0	1381	1457	77	1	1.30e-29	137
NC_011593.1:2598858-2601929	NB551033:109:HG7V5BGX9:3:11509:13594:3766#0/2	97.500	80	2	0	2993	3072	92	13	1.30e-29	137
NC_011593.1:2598858-2601929	NB551033:109:HG7V5BGX9:3:21507:23893:19784#0/1	97.500	80	2	0	137	216	1	80	1.30e-29	137
NC_011593.1:2598858-2601929	NB551033:109:HG7V5BGX9:3:21410:17762:9219#0/1	98.701	77	1	0	1381	1457	1	77	1.30e-29	137
NC_011593.1:2598858-2601929	NB551033:109:HG7V5BGX9:2:11212:17468:8217#0/1	96.386	83	3	0	2587	2669	1	83	1.30e-29	137
NC_011593.1:2598858-2601929	NB551033:109:HG7V5BGX9:3:12601:19123:8299#0/2	100.000	73	0	0	1585	1657	73	1	4.68e-29	135
NC_011593.1:2598858-2601929	NB551033:109:HG7V5BGX9:1:23309:3961:5417#0/2	100.000	73	0	0	2465	2537	1	73	4.68e-29	135
NC_011593.1:2598858-2601929	NB551033:109:HG7V5BGX9:1:23309:3961:5417#0/1	100.000	73	0	0	2465	2537	73	1	4.68e-29	135
NC_011593.1:2598858-2601929	NB551033:109:HG7V5BGX9:1:12204:25543:19738#0/1	100.000	73	0	0	2409	2481	73	1	4.68e-29	135
NC_011593.1:2598858-2601929	NB551033:109:HG7V5BGX9:1:21305:15186:11332#0/2	98.667	75	1	0	2392	2466	75	1	1.68e-28	134
NC_011593.1:2598858-2601929	NB551033:109:HG7V5BGX9:4:23402:8614:12199#0/1	100.000	71	0	0	1933	2003	1	71	6.06e-28	132
NC_011593.1:2598858-2601929	NB551033:109:HG7V5BGX9:4:23402:8614:12199#0/2	95.122	82	4	0	2052	2133	82	1	2.18e-27	130
NC_011593.1:2598858-2601929	NB551033:109:HG7V5BGX9:4:21603:3560:9939#0/2	100.000	70	0	0	2392	2461	3	72	2.18e-27	130
NC_011593.1:2598858-2601929	NB551033:109:HG7V5BGX9:3:22409:12861:16767#0/2	98.630	73	1	0	1	73	46	118	2.18e-27	130
NC_011593.1:2598858-2601929	NB551033:109:HG7V5BGX9:3:22409:12861:16767#0/1	98.630	73	1	0	1	73	73	1	2.18e-27	130
NC_011593.1:2598858-2601929	NB551033:109:HG7V5BGX9:2:23112:9984:14013#0/1	98.630	73	1	0	730	802	73	1	2.18e-27	130
NC_011593.1:2598858-2601929	NB551033:109:HG7V5BGX9:2:11112:20173:15459#0/1	97.333	75	2	0	107	181	1	75	7.84e-27	128
NC_011593.1:2598858-2601929	NB551033:109:HG7V5BGX9:1:21105:26245:12763#0/1	95.062	81	4	0	739	819	1	81	7.84e-27	128
NC_011593.1:2598858-2601929	NB551033:109:HG7V5BGX9:1:13212:2184:8567#0/1	96.104	77	3	0	2361	2437	1	77	2.82e-26	126
NC_011593.1:2598858-2601929	NB551033:109:HG7V5BGX9:3:22410:5961:10284#0/2	97.260	73	2	0	2534	2606	73	1	1.01e-25	124
NC_011593.1:2598858-2601929	NB551033:109:HG7V5BGX9:2:22212:2969:15817#0/2	97.260	73	2	0	2539	2611	1	73	1.01e-25	124
NC_011593.1:2598858-2601929	NB551033:109:HG7V5BGX9:1:13303:16891:19617#0/2	97.260	73	2	0	2841	2913	73	1	1.01e-25	124
NC_011593.1:2598858-2601929	NB551033:109:HG7V5BGX9:2:22212:2969:15817#0/1	97.260	73	2	0	2539	2611	73	1	1.01e-25	124
NC_011593.1:2598858-2601929	NB551033:109:HG7V5BGX9:1:13303:16891:19617#0/1	97.222	72	2	0	2841	2912	1	72	3.65e-25	122
NC_011593.1:2598858-2601929	NB551033:109:HG7V5BGX9:2:12109:18895:4441#0/2	100.000	65	0	0	1568	1632	1	65	1.31e-24	121
NC_011593.1:2598858-2601929	NB551033:109:HG7V5BGX9:2:23109:2131:20200#0/1	98.529	68	1	0	178	245	68	1	1.31e-24	121
NC_011593.1:2598858-2601929	NB551033:109:HG7V5BGX9:2:12109:18895:4441#0/1	100.000	65	0	0	1568	1632	65	1	1.31e-24	121
NC_011593.1:2598858-2601929	NB551033:109:HG7V5BGX9:3:22410:5961:10284#0/1	95.890	73	3	0	2534	2606	1	73	4.72e-24	119
NC_011593.1:2598858-2601929	NB551033:109:HG7V5BGX9:4:23505:1226:13930#0/2	100.000	63	0	0	1623	1685	1	63	1.70e-23	117
NC_011593.1:2598858-2601929	NB551033:109:HG7V5BGX9:4:12604:21726:13156#0/2	100.000	63	0	0	1688	1750	1	63	1.70e-23	117
NC_011593.1:2598858-2601929	NB551033:109:HG7V5BGX9:4:12604:21726:13156#0/1	100.000	63	0	0	1688	1750	63	1	1.70e-23	117
NC_011593.1:2598858-2601929	NB551033:109:HG7V5BGX9:1:23111:10704:18084#0/1	97.059	68	2	0	2529	2596	68	1	6.10e-23	115
NC_011593.1:2598858-2601929	NB551033:109:HG7V5BGX9:1:12205:19773:3823#0/1	100.000	62	0	0	252	313	1	62	6.10e-23	115
NC_011593.1:2598858-2601929	NB551033:109:HG7V5BGX9:4:13507:10166:2208#0/1	97.015	67	2	0	724	790	1	67	2.19e-22	113
NC_011593.1:2598858-2601929	NB551033:109:HG7V5BGX9:2:13102:11183:4100#0/2	100.000	59	0	0	2402	2460	1	59	2.84e-21	110
NC_011593.1:2598858-2601929	NB551033:109:HG7V5BGX9:3:23609:7654:16600#0/2	98.361	61	1	0	1330	1390	1	61	1.02e-20	108
NC_011593.1:2598858-2601929	NB551033:109:HG7V5BGX9:3:21607:3016:18715#0/2	100.000	57	0	0	1812	1868	1	57	3.67e-20	106
NC_011593.1:2598858-2601929	NB551033:109:HG7V5BGX9:4:23510:17092:3405#0/1	96.825	63	2	0	1217	1279	63	1	3.67e-20	106
NC_011593.1:2598858-2601929	NB551033:109:HG7V5BGX9:3:21607:3016:18715#0/1	100.000	57	0	0	1812	1868	57	1	3.67e-20	106
NC_011593.1:2598858-2601929	NB551033:109:HG7V5BGX9:4:23409:7876:19153#0/2	98.276	58	1	0	1388	1445	58	1	4.75e-19	102
NC_011593.1:2598858-2601929	NB551033:109:HG7V5BGX9:4:23409:7876:19153#0/1	98.276	58	1	0	1388	1445	1	58	4.75e-19	102
NC_011593.1:2598858-2601929	NB551033:109:HG7V5BGX9:2:11112:20173:15459#0/2	98.246	57	1	0	125	181	57	1	1.71e-18	100
NC_011593.1:2598858-2601929	NB551033:109:HG7V5BGX9:4:13507:10166:2208#0/2	96.610	59	2	0	830	888	59	1	6.14e-18	99.0
NC_011593.1:2598858-2601929	NB551033:109:HG7V5BGX9:4:23608:2323:12756#0/1	100.000	53	0	0	2163	2215	53	1	6.14e-18	99.0
NC_011593.1:2598858-2601929	NB551033:109:HG7V5BGX9:4:23505:1226:13930#0/1	100.000	53	0	0	1633	1685	53	1	6.14e-18	99.0
NC_011593.1:2598858-2601929	NB551033:109:HG7V5BGX9:1:21205:3660:4546#0/1	96.610	59	2	0	744	802	1	59	6.14e-18	99.0
NC_011593.1:2598858-2601929	NB551033:109:HG7V5BGX9:4:23410:10944:17027#0/1	96.552	58	2	0	3015	3072	1	58	2.21e-17	97.1
NC_011593.1:2598858-2601929	NB551033:109:HG7V5BGX9:2:23103:19049:18875#0/1	96.552	58	2	0	3015	3072	1	58	2.21e-17	97.1
NC_011593.1:2598858-2601929	NB551033:109:HG7V5BGX9:4:21603:3560:9939#0/1	98.148	54	1	0	2531	2584	54	1	7.95e-17	95.3
NC_011593.1:2598858-2601929	NB551033:109:HG7V5BGX9:1:13201:16662:14782#0/1	98.148	54	1	0	1045	1098	1	54	7.95e-17	95.3
NC_011593.1:2598858-2601929	NB551033:109:HG7V5BGX9:2:21207:9808:5128#0/1	96.000	50	2	0	3023	3072	1	50	6.19e-13	82.4
NC_011593.1:2598858-2601929	NB551033:109:HG7V5BGX9:2:21207:9808:5128#0/2	95.918	49	2	0	3024	3072	111	63	2.23e-12	80.5
# BLASTN 2.9.0+
# Query: NC_011593.1:c2604454-2602106 Bifidobacterium longum subsp. infantis ATCC 15697, complete genome
# Database: db/blast_M0834-1E-1A_S12.faa
# 0 hits found
# BLASTN 2.9.0+
# Query: NC_011593.1:c2605922-2604486 Bifidobacterium longum subsp. infantis ATCC 15697, complete genome
# Database: db/blast_M0834-1E-1A_S12.faa
# 0 hits found
# BLASTN 2.9.0+
# Query: NC_011593.1:c2606381-2605944 Bifidobacterium longum subsp. infantis ATCC 15697, complete genome
# Database: db/blast_M0834-1E-1A_S12.faa
# 0 hits found
# BLASTN 2.9.0+
# Query: NC_011593.1:c2607314-2606418 Bifidobacterium longum subsp. infantis ATCC 15697, complete genome
# Database: db/blast_M0834-1E-1A_S12.faa
# 0 hits found
# BLASTN 2.9.0+
# Query: NC_011593.1:c2608249-2607458 Bifidobacterium longum subsp. infantis ATCC 15697, complete genome
# Database: db/blast_M0834-1E-1A_S12.faa
# 0 hits found
# BLASTN 2.9.0+
# Query: NC_011593.1:c2609546-2608269 Bifidobacterium longum subsp. infantis ATCC 15697, complete genome
# Database: db/blast_M0834-1E-1A_S12.faa
# Fields: query acc.ver, subject acc.ver, % identity, alignment length, mismatches, gap opens, q. start, q. end, s. start, s. end, evalue, bit score
# 4 hits found
NC_011593.1:c2609546-2608269	NB551033:109:HG7V5BGX9:1:11211:8026:15373#0/1	96.364	55	2	0	290	344	111	57	4.27e-16	91.6
NC_011593.1:c2609546-2608269	NB551033:109:HG7V5BGX9:4:12603:5239:9986#0/2	100.000	38	0	0	307	344	94	57	5.57e-10	71.3
NC_011593.1:c2609546-2608269	NB551033:109:HG7V5BGX9:4:12603:5239:9986#0/1	100.000	38	0	0	307	344	1	38	5.57e-10	71.3
NC_011593.1:c2609546-2608269	NB551033:109:HG7V5BGX9:1:22102:16707:10319#0/1	100.000	38	0	0	307	344	2	39	5.57e-10	71.3
# BLASTN 2.9.0+
# Query: NC_011593.1:c2610356-2609697 Bifidobacterium longum subsp. infantis ATCC 15697, complete genome
# Database: db/blast_M0834-1E-1A_S12.faa
# 0 hits found
# BLASTN 2.9.0+
# Query: NC_011593.1:c2611458-2610496 Bifidobacterium longum subsp. infantis ATCC 15697, complete genome
# Database: db/blast_M0834-1E-1A_S12.faa
# 0 hits found
# BLASTN 2.9.0+
# Query: NC_011593.1:c2612430-2611477 Bifidobacterium longum subsp. infantis ATCC 15697, complete genome
# Database: db/blast_M0834-1E-1A_S12.faa
# 0 hits found
# BLASTN 2.9.0+
# Query: NC_011593.1:c2614109-2612517 Bifidobacterium longum subsp. infantis ATCC 15697, complete genome
# Database: db/blast_M0834-1E-1A_S12.faa
# 0 hits found
# BLASTN 2.9.0+
# Query: NC_011593.1:c2615274-2614312 Bifidobacterium longum subsp. infantis ATCC 15697, complete genome
# Database: db/blast_M0834-1E-1A_S12.faa
# 0 hits found
# BLASTN 2.9.0+
# Query: NC_011593.1:c2616246-2615293 Bifidobacterium longum subsp. infantis ATCC 15697, complete genome
# Database: db/blast_M0834-1E-1A_S12.faa
# 0 hits found
# BLASTN 2.9.0+
# Query: NC_011593.1:c2617928-2616333 Bifidobacterium longum subsp. infantis ATCC 15697, complete genome
# Database: db/blast_M0834-1E-1A_S12.faa
# 0 hits found
# BLASTN 2.9.0+
# Query: NC_011593.1:c2619247-2618063 Bifidobacterium longum subsp. infantis ATCC 15697, complete genome
# Database: db/blast_M0834-1E-1A_S12.faa
# 0 hits found
# BLASTN 2.9.0+
# Query: NC_011593.1:c2620369-2619413 Bifidobacterium longum subsp. infantis ATCC 15697, complete genome
# Database: db/blast_M0834-1E-1A_S12.faa
# 0 hits found
# BLASTN 2.9.0+
# Query: NC_011593.1:c2622143-2620551 Bifidobacterium longum subsp. infantis ATCC 15697, complete genome
# Database: db/blast_M0834-1E-1A_S12.faa
# 0 hits found
# BLASTN 2.9.0+
# Query: NC_011593.1:c2624124-2622520 Bifidobacterium longum subsp. infantis ATCC 15697, complete genome
# Database: db/blast_M0834-1E-1A_S12.faa
# 0 hits found
# BLASTN 2.9.0+
# Query: NC_011593.1:c2626110-2624512 Bifidobacterium longum subsp. infantis ATCC 15697, complete genome
# Database: db/blast_M0834-1E-1A_S12.faa
# 0 hits found
# BLASTN 2.9.0+
# Query: NC_011593.1:c2626386-2626264 Bifidobacterium longum subsp. infantis ATCC 15697, complete genome
# Database: db/blast_M0834-1E-1A_S12.faa
# 0 hits found
# BLASTN 2.9.0+
# Query: NC_011593.1:c2628158-2626563 Bifidobacterium longum subsp. infantis ATCC 15697, complete genome
# Database: db/blast_M0834-1E-1A_S12.faa
# 0 hits found
# BLASTN 2.9.0+
# Query: NC_011593.1:c2630269-2628314 Bifidobacterium longum subsp. infantis ATCC 15697, complete genome
# Database: db/blast_M0834-1E-1A_S12.faa
# 0 hits found
# BLASTN 2.9.0+
# Query: NC_011593.1:c2631106-2630366 Bifidobacterium longum subsp. infantis ATCC 15697, complete genome
# Database: db/blast_M0834-1E-1A_S12.faa
# 0 hits found
# BLASTN 2.9.0+
# Query: NC_011593.1:c2632432-2631140 Bifidobacterium longum subsp. infantis ATCC 15697, complete genome
# Database: db/blast_M0834-1E-1A_S12.faa
# 0 hits found
# BLASTN 2.9.0+
# Query: NC_011593.1:c2633881-2632562 Bifidobacterium longum subsp. infantis ATCC 15697, complete genome
# Database: db/blast_M0834-1E-1A_S12.faa
# 0 hits found
# BLASTN 2.9.0+
# Query: NC_011593.1:c2634683-2633865 Bifidobacterium longum subsp. infantis ATCC 15697, complete genome
# Database: db/blast_M0834-1E-1A_S12.faa
# 0 hits found
# BLASTN 2.9.0+
# Query: NC_011593.1:c2635627-2634680 Bifidobacterium longum subsp. infantis ATCC 15697, complete genome
# Database: db/blast_M0834-1E-1A_S12.faa
# 0 hits found
# BLASTN 2.9.0+
# Query: NC_011593.1:c2636747-2635629 Bifidobacterium longum subsp. infantis ATCC 15697, complete genome
# Database: db/blast_M0834-1E-1A_S12.faa
# 0 hits found
# BLAST processed 31 queries
