# BLASTN 2.9.0+
# Query: NC_011593.1:c2595355-2593832 Bifidobacterium longum subsp. infantis ATCC 15697, complete genome
# Database: db/blast_M0863-1F-1A_S26.faa
# Fields: query acc.ver, subject acc.ver, % identity, alignment length, mismatches, gap opens, q. start, q. end, s. start, s. end, evalue, bit score
# 102 hits found
NC_011593.1:c2595355-2593832	NB551033:131:HK2T7BGX9:2:21311:6992:17348#0/2	99.333	150	1	0	949	1098	1	150	1.68e-70	272
NC_011593.1:c2595355-2593832	NB551033:131:HK2T7BGX9:1:11102:5894:8169#0/2	99.329	149	1	0	957	1105	1	149	6.04e-70	270
NC_011593.1:c2595355-2593832	NB551033:131:HK2T7BGX9:4:21412:20054:6726#0/1	98.675	151	2	0	369	519	151	1	2.17e-69	268
NC_011593.1:c2595355-2593832	NB551033:131:HK2T7BGX9:4:12602:18030:4631#0/1	98.675	151	2	0	406	556	151	1	2.17e-69	268
NC_011593.1:c2595355-2593832	NB551033:131:HK2T7BGX9:4:22403:3215:10599#0/1	98.667	150	2	0	474	623	150	1	7.81e-69	267
NC_011593.1:c2595355-2593832	NB551033:131:HK2T7BGX9:4:13609:19710:13596#0/1	98.667	150	2	0	540	689	1	150	7.81e-69	267
NC_011593.1:c2595355-2593832	NB551033:131:HK2T7BGX9:2:13307:24118:7126#0/1	98.667	150	2	0	429	578	1	150	7.81e-69	267
NC_011593.1:c2595355-2593832	NB551033:131:HK2T7BGX9:4:21512:11263:14875#0/2	98.013	151	3	0	1125	1275	151	1	1.01e-67	263
NC_011593.1:c2595355-2593832	NB551033:131:HK2T7BGX9:2:13307:24118:7126#0/2	98.649	148	2	0	531	678	150	3	1.01e-67	263
NC_011593.1:c2595355-2593832	NB551033:131:HK2T7BGX9:2:21311:6992:17348#0/1	98.013	151	3	0	1077	1227	151	1	1.01e-67	263
NC_011593.1:c2595355-2593832	NB551033:131:HK2T7BGX9:4:22403:3215:10599#0/2	98.000	150	3	0	399	548	1	150	3.63e-67	261
NC_011593.1:c2595355-2593832	NB551033:131:HK2T7BGX9:4:12602:18030:4631#0/2	98.000	150	3	0	399	548	1	150	3.63e-67	261
NC_011593.1:c2595355-2593832	NB551033:131:HK2T7BGX9:4:12405:18296:5948#0/2	98.000	150	3	0	803	952	150	1	3.63e-67	261
NC_011593.1:c2595355-2593832	NB551033:131:HK2T7BGX9:4:11606:24107:13346#0/2	98.000	150	3	0	94	243	1	150	3.63e-67	261
NC_011593.1:c2595355-2593832	NB551033:131:HK2T7BGX9:4:11508:1368:4764#0/2	98.000	150	3	0	94	243	1	150	3.63e-67	261
NC_011593.1:c2595355-2593832	NB551033:131:HK2T7BGX9:4:21512:11263:14875#0/1	98.000	150	3	0	1077	1226	1	150	3.63e-67	261
NC_011593.1:c2595355-2593832	NB551033:131:HK2T7BGX9:4:12405:18296:5948#0/1	98.000	150	3	0	786	935	1	150	3.63e-67	261
NC_011593.1:c2595355-2593832	NB551033:131:HK2T7BGX9:2:13210:19805:5629#0/1	97.987	149	3	0	1122	1270	1	149	1.31e-66	259
NC_011593.1:c2595355-2593832	NB551033:131:HK2T7BGX9:1:23104:25508:15526#0/1	97.987	149	3	0	109	257	149	1	1.31e-66	259
NC_011593.1:c2595355-2593832	NB551033:131:HK2T7BGX9:2:11310:1568:17426#0/2	97.351	151	4	0	854	1004	1	151	4.70e-66	257
NC_011593.1:c2595355-2593832	NB551033:131:HK2T7BGX9:2:21107:8917:6127#0/1	97.351	151	4	0	158	308	1	151	4.70e-66	257
NC_011593.1:c2595355-2593832	NB551033:131:HK2T7BGX9:4:21612:8452:12011#0/2	97.333	150	4	0	1106	1255	1	150	1.69e-65	255
NC_011593.1:c2595355-2593832	NB551033:131:HK2T7BGX9:4:21610:23255:13414#0/2	97.333	150	4	0	1092	1241	1	150	1.69e-65	255
NC_011593.1:c2595355-2593832	NB551033:131:HK2T7BGX9:4:11508:1368:4764#0/1	97.333	150	4	0	118	267	150	1	1.69e-65	255
NC_011593.1:c2595355-2593832	NB551033:131:HK2T7BGX9:3:23412:12041:14972#0/1	97.333	150	4	0	147	296	1	150	1.69e-65	255
NC_011593.1:c2595355-2593832	NB551033:131:HK2T7BGX9:3:11611:18332:12169#0/1	97.333	150	4	0	58	207	150	1	1.69e-65	255
NC_011593.1:c2595355-2593832	NB551033:131:HK2T7BGX9:2:11310:1568:17426#0/1	97.333	150	4	0	858	1007	150	1	1.69e-65	255
NC_011593.1:c2595355-2593832	NB551033:131:HK2T7BGX9:4:21412:20054:6726#0/2	96.667	150	5	0	318	467	1	150	7.86e-64	250
NC_011593.1:c2595355-2593832	NB551033:131:HK2T7BGX9:3:23412:12041:14972#0/2	96.667	150	5	0	172	321	150	1	7.86e-64	250
NC_011593.1:c2595355-2593832	NB551033:131:HK2T7BGX9:4:23402:10458:4749#0/1	96.644	149	5	0	1286	1434	1	149	2.83e-63	248
NC_011593.1:c2595355-2593832	NB551033:131:HK2T7BGX9:1:22207:11845:8748#0/2	96.026	151	6	0	644	794	151	1	1.02e-62	246
NC_011593.1:c2595355-2593832	NB551033:131:HK2T7BGX9:4:11606:24107:13346#0/1	96.026	151	6	0	196	346	151	1	1.02e-62	246
NC_011593.1:c2595355-2593832	NB551033:131:HK2T7BGX9:4:21405:1640:14057#0/2	96.000	150	6	0	425	574	150	1	3.66e-62	244
NC_011593.1:c2595355-2593832	NB551033:131:HK2T7BGX9:2:23206:25579:2452#0/1	97.222	144	4	0	52	195	6	149	3.66e-62	244
NC_011593.1:c2595355-2593832	NB551033:131:HK2T7BGX9:1:22207:11845:8748#0/1	96.000	150	6	0	634	783	1	150	3.66e-62	244
NC_011593.1:c2595355-2593832	NB551033:131:HK2T7BGX9:4:11412:21452:2264#0/2	95.364	151	7	0	33	183	151	1	4.73e-61	241
NC_011593.1:c2595355-2593832	NB551033:131:HK2T7BGX9:2:21107:8917:6127#0/2	95.364	151	7	0	257	407	151	1	4.73e-61	241
NC_011593.1:c2595355-2593832	NB551033:131:HK2T7BGX9:1:21101:21315:12137#0/1	95.364	151	7	0	394	544	1	151	4.73e-61	241
NC_011593.1:c2595355-2593832	NB551033:131:HK2T7BGX9:4:13609:19710:13596#0/2	95.333	150	7	0	627	776	150	1	1.70e-60	239
NC_011593.1:c2595355-2593832	NB551033:131:HK2T7BGX9:4:13602:5879:16392#0/1	95.918	147	6	0	412	558	3	149	1.70e-60	239
NC_011593.1:c2595355-2593832	NB551033:131:HK2T7BGX9:1:11102:5894:8169#0/1	97.826	138	3	0	1092	1229	138	1	1.70e-60	239
NC_011593.1:c2595355-2593832	NB551033:131:HK2T7BGX9:4:13603:10202:11880#0/2	95.890	146	6	0	245	390	2	147	6.12e-60	237
NC_011593.1:c2595355-2593832	NB551033:131:HK2T7BGX9:4:13603:10202:11880#0/1	95.890	146	6	0	245	390	146	1	6.12e-60	237
NC_011593.1:c2595355-2593832	NB551033:131:HK2T7BGX9:3:22501:5626:4203#0/2	97.761	134	3	0	560	693	134	1	2.85e-58	231
NC_011593.1:c2595355-2593832	NB551033:131:HK2T7BGX9:4:22406:10489:17055#0/2	96.403	139	5	0	692	830	1	139	1.02e-57	230
NC_011593.1:c2595355-2593832	NB551033:131:HK2T7BGX9:3:22501:5626:4203#0/1	98.462	130	2	0	560	689	1	130	1.02e-57	230
NC_011593.1:c2595355-2593832	NB551033:131:HK2T7BGX9:2:13210:19805:5629#0/2	97.037	135	4	0	1274	1408	135	1	3.68e-57	228
NC_011593.1:c2595355-2593832	NB551033:131:HK2T7BGX9:2:12212:3539:16612#0/2	97.727	132	3	0	1339	1470	144	13	3.68e-57	228
NC_011593.1:c2595355-2593832	NB551033:131:HK2T7BGX9:4:11610:12505:5084#0/1	95.000	140	7	0	670	809	140	1	6.17e-55	220
NC_011593.1:c2595355-2593832	NB551033:131:HK2T7BGX9:4:21611:23137:18914#0/2	97.581	124	3	0	1347	1470	1	124	1.03e-52	213
NC_011593.1:c2595355-2593832	NB551033:131:HK2T7BGX9:4:21610:23255:13414#0/1	98.276	116	2	0	1273	1388	116	1	6.21e-50	204
NC_011593.1:c2595355-2593832	NB551033:131:HK2T7BGX9:2:21309:21129:8070#0/1	99.107	112	1	0	949	1060	1	112	2.23e-49	202
NC_011593.1:c2595355-2593832	NB551033:131:HK2T7BGX9:1:22110:22226:9108#0/1	98.214	112	2	0	501	612	112	1	1.04e-47	196
NC_011593.1:c2595355-2593832	NB551033:131:HK2T7BGX9:1:22110:22226:9108#0/2	98.198	111	2	0	501	611	1	111	3.74e-47	195
NC_011593.1:c2595355-2593832	NB551033:131:HK2T7BGX9:2:12107:22964:17296#0/2	95.082	122	6	0	311	432	122	1	1.34e-46	193
NC_011593.1:c2595355-2593832	NB551033:131:HK2T7BGX9:2:12107:22964:17296#0/1	95.082	122	6	0	311	432	1	122	1.34e-46	193
NC_011593.1:c2595355-2593832	NB551033:131:HK2T7BGX9:1:23102:12484:4516#0/2	98.165	109	2	0	485	593	109	1	4.83e-46	191
NC_011593.1:c2595355-2593832	NB551033:131:HK2T7BGX9:1:23102:12484:4516#0/1	98.165	109	2	0	485	593	1	109	4.83e-46	191
NC_011593.1:c2595355-2593832	NB551033:131:HK2T7BGX9:4:12403:13594:12697#0/2	95.726	117	5	0	272	388	117	1	1.74e-45	189
NC_011593.1:c2595355-2593832	NB551033:131:HK2T7BGX9:2:21305:23878:13568#0/2	97.297	111	3	0	699	809	1	111	1.74e-45	189
NC_011593.1:c2595355-2593832	NB551033:131:HK2T7BGX9:4:12403:13594:12697#0/1	95.726	117	5	0	272	388	1	117	1.74e-45	189
NC_011593.1:c2595355-2593832	NB551033:131:HK2T7BGX9:2:21305:23878:13568#0/1	97.297	111	3	0	699	809	111	1	1.74e-45	189
NC_011593.1:c2595355-2593832	NB551033:131:HK2T7BGX9:4:21611:23137:18914#0/1	97.143	105	3	0	1366	1470	150	46	3.76e-42	178
NC_011593.1:c2595355-2593832	NB551033:131:HK2T7BGX9:4:12604:25626:17831#0/2	98.913	92	1	0	587	678	1	92	2.93e-38	165
NC_011593.1:c2595355-2593832	NB551033:131:HK2T7BGX9:4:12604:25626:17831#0/1	97.895	95	2	0	587	681	95	1	2.93e-38	165
NC_011593.1:c2595355-2593832	NB551033:131:HK2T7BGX9:3:13412:20837:16626#0/2	96.907	97	3	0	1312	1408	97	1	1.05e-37	163
NC_011593.1:c2595355-2593832	NB551033:131:HK2T7BGX9:1:13204:11784:5011#0/2	96.703	91	3	0	429	519	91	1	2.28e-34	152
NC_011593.1:c2595355-2593832	NB551033:131:HK2T7BGX9:1:13204:11784:5011#0/1	96.703	91	3	0	429	519	1	91	2.28e-34	152
NC_011593.1:c2595355-2593832	NB551033:131:HK2T7BGX9:2:11207:26204:9870#0/1	97.619	84	2	0	816	899	84	1	3.82e-32	145
NC_011593.1:c2595355-2593832	NB551033:131:HK2T7BGX9:4:12602:16955:7157#0/2	97.561	82	2	0	1337	1418	84	3	4.94e-31	141
NC_011593.1:c2595355-2593832	NB551033:131:HK2T7BGX9:2:23206:25579:2452#0/2	95.455	88	4	0	340	427	88	1	4.94e-31	141
NC_011593.1:c2595355-2593832	NB551033:131:HK2T7BGX9:4:11512:24267:19030#0/2	95.349	86	4	0	630	715	1	86	6.39e-30	137
NC_011593.1:c2595355-2593832	NB551033:131:HK2T7BGX9:4:11512:24267:19030#0/1	95.349	86	4	0	630	715	86	1	6.39e-30	137
NC_011593.1:c2595355-2593832	NB551033:131:HK2T7BGX9:2:22208:17170:17251#0/2	96.341	82	3	0	501	582	1	82	2.30e-29	135
NC_011593.1:c2595355-2593832	NB551033:131:HK2T7BGX9:4:21612:8452:12011#0/1	96.341	82	3	0	1377	1458	82	1	2.30e-29	135
NC_011593.1:c2595355-2593832	NB551033:131:HK2T7BGX9:4:12402:16302:3188#0/2	96.250	80	3	0	842	921	1	80	2.97e-28	132
NC_011593.1:c2595355-2593832	NB551033:131:HK2T7BGX9:4:12402:16302:3188#0/1	96.250	80	3	0	842	921	80	1	2.97e-28	132
NC_011593.1:c2595355-2593832	NB551033:131:HK2T7BGX9:3:12505:10739:8682#0/2	96.203	79	3	0	60	138	1	79	1.07e-27	130
NC_011593.1:c2595355-2593832	NB551033:131:HK2T7BGX9:3:12505:10739:8682#0/1	96.203	79	3	0	60	138	79	1	1.07e-27	130
NC_011593.1:c2595355-2593832	NB551033:131:HK2T7BGX9:3:12605:23865:4373#0/2	97.297	74	2	0	1397	1470	1	74	1.38e-26	126
NC_011593.1:c2595355-2593832	NB551033:131:HK2T7BGX9:2:22307:22032:2366#0/2	97.297	74	2	0	757	830	1	74	1.38e-26	126
NC_011593.1:c2595355-2593832	NB551033:131:HK2T7BGX9:2:13301:11230:5732#0/2	98.592	71	1	0	459	529	1	71	1.38e-26	126
NC_011593.1:c2595355-2593832	NB551033:131:HK2T7BGX9:2:13301:11230:5732#0/1	98.592	71	1	0	459	529	71	1	1.38e-26	126
NC_011593.1:c2595355-2593832	NB551033:131:HK2T7BGX9:2:11104:7895:7993#0/1	100.000	68	0	0	1001	1068	1	68	1.38e-26	126
NC_011593.1:c2595355-2593832	NB551033:131:HK2T7BGX9:3:21507:7610:12056#0/2	97.183	71	2	0	1400	1470	1	71	6.43e-25	121
NC_011593.1:c2595355-2593832	NB551033:131:HK2T7BGX9:2:11207:26204:9870#0/2	100.000	65	0	0	429	493	1	65	6.43e-25	121
NC_011593.1:c2595355-2593832	NB551033:131:HK2T7BGX9:1:21307:16067:2205#0/2	98.413	63	1	0	756	818	63	1	3.87e-22	111
NC_011593.1:c2595355-2593832	NB551033:131:HK2T7BGX9:1:22207:4393:1483#0/1	95.652	69	3	0	395	463	69	1	3.87e-22	111
NC_011593.1:c2595355-2593832	NB551033:131:HK2T7BGX9:1:21307:16067:2205#0/1	98.413	63	1	0	756	818	1	63	3.87e-22	111
NC_011593.1:c2595355-2593832	NB551033:131:HK2T7BGX9:3:13412:20837:16626#0/1	98.305	59	1	0	1312	1370	1	59	6.48e-20	104
NC_011593.1:c2595355-2593832	NB551033:131:HK2T7BGX9:3:23610:20828:10857#0/2	96.721	61	2	0	749	809	61	1	2.33e-19	102
NC_011593.1:c2595355-2593832	NB551033:131:HK2T7BGX9:4:12602:16955:7157#0/1	100.000	55	0	0	1337	1391	1	55	2.33e-19	102
NC_011593.1:c2595355-2593832	NB551033:131:HK2T7BGX9:3:23610:20828:10857#0/1	98.276	58	1	0	501	558	1	58	2.33e-19	102
NC_011593.1:c2595355-2593832	NB551033:131:HK2T7BGX9:4:12609:21220:2472#0/2	100.000	52	0	0	429	480	52	1	1.08e-17	97.1
NC_011593.1:c2595355-2593832	NB551033:131:HK2T7BGX9:4:12609:21220:2472#0/1	100.000	52	0	0	429	480	1	52	1.08e-17	97.1
NC_011593.1:c2595355-2593832	NB551033:131:HK2T7BGX9:2:11104:7895:7993#0/2	100.000	51	0	0	1420	1470	98	48	3.90e-17	95.3
NC_011593.1:c2595355-2593832	NB551033:131:HK2T7BGX9:2:12212:3539:16612#0/1	100.000	50	0	0	1339	1388	1	50	1.40e-16	93.5
NC_011593.1:c2595355-2593832	NB551033:131:HK2T7BGX9:3:12606:8384:6247#0/2	96.364	55	2	0	1130	1184	55	1	5.04e-16	91.6
NC_011593.1:c2595355-2593832	NB551033:131:HK2T7BGX9:3:12606:8384:6247#0/1	96.364	55	2	0	1130	1184	1	55	5.04e-16	91.6
NC_011593.1:c2595355-2593832	NB551033:131:HK2T7BGX9:1:23212:9068:11272#0/1	100.000	49	0	0	1422	1470	1	49	5.04e-16	91.6
NC_011593.1:c2595355-2593832	NB551033:131:HK2T7BGX9:1:13102:9966:3821#0/2	100.000	46	0	0	1420	1465	46	1	2.35e-14	86.1
NC_011593.1:c2595355-2593832	NB551033:131:HK2T7BGX9:1:13102:9966:3821#0/1	97.959	49	1	0	1417	1465	1	49	2.35e-14	86.1
# BLASTN 2.9.0+
# Query: NC_011593.1:c2597106-2595574 Bifidobacterium longum subsp. infantis ATCC 15697, complete genome
# Database: db/blast_M0863-1F-1A_S26.faa
# Fields: query acc.ver, subject acc.ver, % identity, alignment length, mismatches, gap opens, q. start, q. end, s. start, s. end, evalue, bit score
# 19 hits found
NC_011593.1:c2597106-2595574	NB551033:131:HK2T7BGX9:1:21101:21315:12137#0/1	95.804	143	6	0	398	540	5	147	2.87e-58	231
NC_011593.1:c2597106-2595574	NB551033:131:HK2T7BGX9:3:11611:18332:12169#0/2	95.935	123	5	0	1	123	27	149	8.08e-49	200
NC_011593.1:c2597106-2595574	NB551033:131:HK2T7BGX9:1:23104:25508:15526#0/2	95.763	118	5	0	1	118	34	151	4.86e-46	191
NC_011593.1:c2597106-2595574	NB551033:131:HK2T7BGX9:4:11606:24107:13346#0/1	95.000	120	6	0	214	333	133	14	1.75e-45	189
NC_011593.1:c2597106-2595574	NB551033:131:HK2T7BGX9:1:13204:11784:5011#0/2	96.703	91	3	0	429	519	91	1	2.29e-34	152
NC_011593.1:c2597106-2595574	NB551033:131:HK2T7BGX9:1:13204:11784:5011#0/1	96.703	91	3	0	429	519	1	91	2.29e-34	152
NC_011593.1:c2597106-2595574	NB551033:131:HK2T7BGX9:3:12605:23865:4373#0/2	97.297	74	2	0	1397	1470	1	74	1.39e-26	126
NC_011593.1:c2597106-2595574	NB551033:131:HK2T7BGX9:3:21507:7610:12056#0/2	97.183	71	2	0	1400	1470	1	71	6.47e-25	121
NC_011593.1:c2597106-2595574	NB551033:131:HK2T7BGX9:2:11207:26204:9870#0/2	100.000	65	0	0	429	493	1	65	6.47e-25	121
NC_011593.1:c2597106-2595574	NB551033:131:HK2T7BGX9:1:21307:16067:2205#0/2	96.825	63	2	0	756	818	63	1	1.81e-20	106
NC_011593.1:c2597106-2595574	NB551033:131:HK2T7BGX9:1:22207:4393:1483#0/1	95.455	66	3	0	398	463	66	1	1.81e-20	106
NC_011593.1:c2597106-2595574	NB551033:131:HK2T7BGX9:1:21307:16067:2205#0/1	96.825	63	2	0	756	818	1	63	1.81e-20	106
NC_011593.1:c2597106-2595574	NB551033:131:HK2T7BGX9:4:12609:21220:2472#0/2	100.000	52	0	0	429	480	52	1	1.09e-17	97.1
NC_011593.1:c2597106-2595574	NB551033:131:HK2T7BGX9:4:12609:21220:2472#0/1	100.000	52	0	0	429	480	1	52	1.09e-17	97.1
NC_011593.1:c2597106-2595574	NB551033:131:HK2T7BGX9:2:11104:7895:7993#0/2	100.000	51	0	0	1420	1470	98	48	3.92e-17	95.3
NC_011593.1:c2597106-2595574	NB551033:131:HK2T7BGX9:1:23212:9068:11272#0/1	100.000	49	0	0	1422	1470	1	49	5.07e-16	91.6
NC_011593.1:c2597106-2595574	NB551033:131:HK2T7BGX9:1:13102:9966:3821#0/2	100.000	46	0	0	1420	1465	46	1	2.36e-14	86.1
NC_011593.1:c2597106-2595574	NB551033:131:HK2T7BGX9:1:13102:9966:3821#0/1	97.959	49	1	0	1417	1465	1	49	2.36e-14	86.1
NC_011593.1:c2597106-2595574	NB551033:131:HK2T7BGX9:3:12606:8384:6247#0/1	97.826	46	1	0	1130	1175	1	46	1.10e-12	80.5
# BLASTN 2.9.0+
# Query: NC_011593.1:c2598562-2597207 Bifidobacterium longum subsp. infantis ATCC 15697, complete genome
# Database: db/blast_M0863-1F-1A_S26.faa
# Fields: query acc.ver, subject acc.ver, % identity, alignment length, mismatches, gap opens, q. start, q. end, s. start, s. end, evalue, bit score
# 119 hits found
NC_011593.1:c2598562-2597207	NB551033:131:HK2T7BGX9:4:13604:3568:14211#0/2	100.000	151	0	0	626	776	1	151	8.90e-73	279
NC_011593.1:c2598562-2597207	NB551033:131:HK2T7BGX9:2:22109:25113:7538#0/2	100.000	151	0	0	626	776	1	151	8.90e-73	279
NC_011593.1:c2598562-2597207	NB551033:131:HK2T7BGX9:2:11202:2754:12639#0/2	100.000	151	0	0	261	411	1	151	8.90e-73	279
NC_011593.1:c2598562-2597207	NB551033:131:HK2T7BGX9:4:12408:11600:5823#0/1	100.000	151	0	0	868	1018	151	1	8.90e-73	279
NC_011593.1:c2598562-2597207	NB551033:131:HK2T7BGX9:1:22308:21051:15584#0/1	100.000	151	0	0	600	750	1	151	8.90e-73	279
NC_011593.1:c2598562-2597207	NB551033:131:HK2T7BGX9:1:21107:25600:5875#0/1	100.000	151	0	0	394	544	1	151	8.90e-73	279
NC_011593.1:c2598562-2597207	NB551033:131:HK2T7BGX9:4:12408:11600:5823#0/2	100.000	150	0	0	561	710	1	150	3.20e-72	278
NC_011593.1:c2598562-2597207	NB551033:131:HK2T7BGX9:3:12407:10306:3449#0/2	100.000	150	0	0	253	402	1	150	3.20e-72	278
NC_011593.1:c2598562-2597207	NB551033:131:HK2T7BGX9:2:23211:18961:7151#0/2	100.000	150	0	0	174	323	1	150	3.20e-72	278
NC_011593.1:c2598562-2597207	NB551033:131:HK2T7BGX9:2:21306:7195:19304#0/2	100.000	150	0	0	645	794	1	150	3.20e-72	278
NC_011593.1:c2598562-2597207	NB551033:131:HK2T7BGX9:1:22206:21218:3895#0/2	100.000	150	0	0	504	653	150	1	3.20e-72	278
NC_011593.1:c2598562-2597207	NB551033:131:HK2T7BGX9:1:21201:15878:17355#0/2	100.000	150	0	0	678	827	150	1	3.20e-72	278
NC_011593.1:c2598562-2597207	NB551033:131:HK2T7BGX9:1:11211:11435:15833#0/2	100.000	150	0	0	553	702	1	150	3.20e-72	278
NC_011593.1:c2598562-2597207	NB551033:131:HK2T7BGX9:3:22402:23063:16545#0/1	100.000	150	0	0	753	902	150	1	3.20e-72	278
NC_011593.1:c2598562-2597207	NB551033:131:HK2T7BGX9:3:13504:2568:7957#0/1	100.000	150	0	0	645	794	1	150	3.20e-72	278
NC_011593.1:c2598562-2597207	NB551033:131:HK2T7BGX9:3:12607:22369:7437#0/1	100.000	150	0	0	826	975	150	1	3.20e-72	278
NC_011593.1:c2598562-2597207	NB551033:131:HK2T7BGX9:3:12511:13830:2625#0/1	100.000	150	0	0	779	928	1	150	3.20e-72	278
NC_011593.1:c2598562-2597207	NB551033:131:HK2T7BGX9:2:22109:25113:7538#0/1	100.000	150	0	0	768	917	150	1	3.20e-72	278
NC_011593.1:c2598562-2597207	NB551033:131:HK2T7BGX9:1:22206:21218:3895#0/1	100.000	150	0	0	479	628	1	150	3.20e-72	278
NC_011593.1:c2598562-2597207	NB551033:131:HK2T7BGX9:1:21201:15878:17355#0/1	100.000	150	0	0	479	628	1	150	3.20e-72	278
NC_011593.1:c2598562-2597207	NB551033:131:HK2T7BGX9:1:13304:8680:2490#0/1	100.000	150	0	0	888	1037	150	1	3.20e-72	278
NC_011593.1:c2598562-2597207	NB551033:131:HK2T7BGX9:1:11303:11685:2105#0/1	100.000	150	0	0	307	456	1	150	3.20e-72	278
NC_011593.1:c2598562-2597207	NB551033:131:HK2T7BGX9:1:11211:11435:15833#0/1	100.000	150	0	0	705	854	150	1	3.20e-72	278
NC_011593.1:c2598562-2597207	NB551033:131:HK2T7BGX9:1:22308:21051:15584#0/2	100.000	149	0	0	646	794	149	1	1.15e-71	276
NC_011593.1:c2598562-2597207	NB551033:131:HK2T7BGX9:1:13304:8680:2490#0/2	100.000	149	0	0	818	966	1	149	1.15e-71	276
NC_011593.1:c2598562-2597207	NB551033:131:HK2T7BGX9:4:13604:3568:14211#0/1	100.000	149	0	0	649	797	149	1	1.15e-71	276
NC_011593.1:c2598562-2597207	NB551033:131:HK2T7BGX9:3:23604:8824:18856#0/1	100.000	149	0	0	876	1024	1	149	1.15e-71	276
NC_011593.1:c2598562-2597207	NB551033:131:HK2T7BGX9:2:21306:7195:19304#0/1	100.000	149	0	0	820	968	149	1	1.15e-71	276
NC_011593.1:c2598562-2597207	NB551033:131:HK2T7BGX9:2:13307:24488:4016#0/1	100.000	149	0	0	820	968	149	1	1.15e-71	276
NC_011593.1:c2598562-2597207	NB551033:131:HK2T7BGX9:2:11202:2754:12639#0/1	100.000	149	0	0	300	448	149	1	1.15e-71	276
NC_011593.1:c2598562-2597207	NB551033:131:HK2T7BGX9:4:11603:22039:19857#0/2	99.338	151	1	0	509	659	1	151	4.14e-71	274
NC_011593.1:c2598562-2597207	NB551033:131:HK2T7BGX9:3:23604:8824:18856#0/2	99.338	151	1	0	901	1051	151	1	4.14e-71	274
NC_011593.1:c2598562-2597207	NB551033:131:HK2T7BGX9:2:13307:24488:4016#0/2	99.338	151	1	0	481	631	1	151	4.14e-71	274
NC_011593.1:c2598562-2597207	NB551033:131:HK2T7BGX9:2:11201:15408:17870#0/2	100.000	148	0	0	147	294	1	148	4.14e-71	274
NC_011593.1:c2598562-2597207	NB551033:131:HK2T7BGX9:4:13606:11038:6995#0/1	99.338	151	1	0	678	828	151	1	4.14e-71	274
NC_011593.1:c2598562-2597207	NB551033:131:HK2T7BGX9:4:13606:11038:6995#0/2	99.333	150	1	0	645	794	1	150	1.49e-70	272
NC_011593.1:c2598562-2597207	NB551033:131:HK2T7BGX9:1:11208:23463:10134#0/2	100.000	147	0	0	181	327	1	147	1.49e-70	272
NC_011593.1:c2598562-2597207	NB551033:131:HK2T7BGX9:2:11210:16212:1452#0/2	100.000	140	0	0	514	653	1	140	1.16e-66	259
NC_011593.1:c2598562-2597207	NB551033:131:HK2T7BGX9:3:12501:3176:7652#0/1	97.333	150	4	0	724	873	150	1	1.50e-65	255
NC_011593.1:c2598562-2597207	NB551033:131:HK2T7BGX9:2:11210:16212:1452#0/1	100.000	138	0	0	516	653	138	1	1.50e-65	255
NC_011593.1:c2598562-2597207	NB551033:131:HK2T7BGX9:3:22505:21010:15927#0/2	100.000	136	0	0	907	1042	1	136	1.94e-64	252
NC_011593.1:c2598562-2597207	NB551033:131:HK2T7BGX9:3:22505:21010:15927#0/1	100.000	136	0	0	907	1042	136	1	1.94e-64	252
NC_011593.1:c2598562-2597207	NB551033:131:HK2T7BGX9:3:12607:22369:7437#0/2	100.000	135	0	0	694	828	1	135	6.98e-64	250
NC_011593.1:c2598562-2597207	NB551033:131:HK2T7BGX9:3:13504:2568:7957#0/2	100.000	133	0	0	745	877	133	1	9.03e-63	246
NC_011593.1:c2598562-2597207	NB551033:131:HK2T7BGX9:3:22504:1776:9329#0/2	100.000	132	0	0	752	883	1	132	3.25e-62	244
NC_011593.1:c2598562-2597207	NB551033:131:HK2T7BGX9:3:22504:1776:9329#0/1	100.000	132	0	0	752	883	132	1	3.25e-62	244
NC_011593.1:c2598562-2597207	NB551033:131:HK2T7BGX9:3:12501:3176:7652#0/2	100.000	131	0	0	422	552	1	131	1.17e-61	243
NC_011593.1:c2598562-2597207	NB551033:131:HK2T7BGX9:1:12311:5741:11931#0/2	100.000	127	0	0	548	674	127	1	1.95e-59	235
NC_011593.1:c2598562-2597207	NB551033:131:HK2T7BGX9:1:12311:5741:11931#0/1	100.000	127	0	0	548	674	1	127	1.95e-59	235
NC_011593.1:c2598562-2597207	NB551033:131:HK2T7BGX9:3:12510:11380:18169#0/2	100.000	126	0	0	1194	1319	126	1	7.03e-59	233
NC_011593.1:c2598562-2597207	NB551033:131:HK2T7BGX9:3:11611:17330:20153#0/2	100.000	124	0	0	1058	1181	28	151	9.09e-58	230
NC_011593.1:c2598562-2597207	NB551033:131:HK2T7BGX9:2:23104:9195:3766#0/2	100.000	119	0	0	789	907	1	119	5.47e-55	220
NC_011593.1:c2598562-2597207	NB551033:131:HK2T7BGX9:2:23104:9195:3766#0/1	100.000	119	0	0	789	907	119	1	5.47e-55	220
NC_011593.1:c2598562-2597207	NB551033:131:HK2T7BGX9:4:23607:4665:14766#0/2	99.167	120	1	0	1064	1183	132	13	7.08e-54	217
NC_011593.1:c2598562-2597207	NB551033:131:HK2T7BGX9:4:21501:2890:13169#0/2	99.167	120	1	0	534	653	120	1	7.08e-54	217
NC_011593.1:c2598562-2597207	NB551033:131:HK2T7BGX9:4:21501:2890:13169#0/1	100.000	116	0	0	404	519	1	116	2.55e-53	215
NC_011593.1:c2598562-2597207	NB551033:131:HK2T7BGX9:1:13111:17328:11173#0/1	100.000	105	0	0	1252	1356	1	105	3.32e-47	195
NC_011593.1:c2598562-2597207	NB551033:131:HK2T7BGX9:3:21511:21200:2779#0/2	100.000	100	0	0	1064	1163	100	1	2.00e-44	185
NC_011593.1:c2598562-2597207	NB551033:131:HK2T7BGX9:4:13509:15227:10334#0/2	99.010	101	1	0	297	397	101	1	2.58e-43	182
NC_011593.1:c2598562-2597207	NB551033:131:HK2T7BGX9:4:23602:15026:3526#0/2	100.000	96	0	0	473	568	96	1	3.34e-42	178
NC_011593.1:c2598562-2597207	NB551033:131:HK2T7BGX9:1:12201:16535:18162#0/2	100.000	95	0	0	1058	1152	95	1	1.20e-41	176
NC_011593.1:c2598562-2597207	NB551033:131:HK2T7BGX9:4:23602:15026:3526#0/1	98.958	96	1	0	473	568	1	96	1.55e-40	172
NC_011593.1:c2598562-2597207	NB551033:131:HK2T7BGX9:2:12110:13160:17251#0/1	100.000	93	0	0	315	407	93	1	1.55e-40	172
NC_011593.1:c2598562-2597207	NB551033:131:HK2T7BGX9:2:23211:18961:7151#0/1	100.000	88	0	0	390	477	88	1	9.35e-38	163
NC_011593.1:c2598562-2597207	NB551033:131:HK2T7BGX9:4:11603:22039:19857#0/1	100.000	86	0	0	586	671	86	1	1.21e-36	159
NC_011593.1:c2598562-2597207	NB551033:131:HK2T7BGX9:4:23608:17756:2118#0/2	100.000	85	0	0	1058	1142	67	151	4.35e-36	158
NC_011593.1:c2598562-2597207	NB551033:131:HK2T7BGX9:1:23204:1316:16624#0/1	100.000	85	0	0	228	312	85	1	4.35e-36	158
NC_011593.1:c2598562-2597207	NB551033:131:HK2T7BGX9:3:22402:23063:16545#0/2	100.000	84	0	0	658	741	1	84	1.57e-35	156
NC_011593.1:c2598562-2597207	NB551033:131:HK2T7BGX9:1:23312:19686:8525#0/2	100.000	84	0	0	875	958	1	84	1.57e-35	156
NC_011593.1:c2598562-2597207	NB551033:131:HK2T7BGX9:1:23312:19686:8525#0/1	100.000	84	0	0	875	958	84	1	1.57e-35	156
NC_011593.1:c2598562-2597207	NB551033:131:HK2T7BGX9:1:23205:26780:16625#0/1	100.000	83	0	0	230	312	83	1	5.63e-35	154
NC_011593.1:c2598562-2597207	NB551033:131:HK2T7BGX9:2:13102:23498:15101#0/2	100.000	82	0	0	138	219	82	1	2.02e-34	152
NC_011593.1:c2598562-2597207	NB551033:131:HK2T7BGX9:2:22308:12595:16916#0/1	100.000	81	0	0	231	311	81	1	7.28e-34	150
NC_011593.1:c2598562-2597207	NB551033:131:HK2T7BGX9:1:21311:18650:2309#0/1	100.000	81	0	0	698	778	81	1	7.28e-34	150
NC_011593.1:c2598562-2597207	NB551033:131:HK2T7BGX9:2:11201:15408:17870#0/1	100.000	77	0	0	315	391	77	1	1.22e-31	143
NC_011593.1:c2598562-2597207	NB551033:131:HK2T7BGX9:2:13102:23498:15101#0/1	100.000	76	0	0	138	213	75	150	4.38e-31	141
NC_011593.1:c2598562-2597207	NB551033:131:HK2T7BGX9:2:11306:4535:14019#0/1	100.000	76	0	0	138	213	76	1	4.38e-31	141
NC_011593.1:c2598562-2597207	NB551033:131:HK2T7BGX9:1:21311:18650:2309#0/2	100.000	75	0	0	698	772	1	75	1.58e-30	139
NC_011593.1:c2598562-2597207	NB551033:131:HK2T7BGX9:1:21107:25600:5875#0/2	100.000	75	0	0	544	618	75	1	1.58e-30	139
NC_011593.1:c2598562-2597207	NB551033:131:HK2T7BGX9:2:12104:2280:5724#0/2	95.181	83	4	0	1	83	62	144	2.64e-28	132
NC_011593.1:c2598562-2597207	NB551033:131:HK2T7BGX9:1:11208:23463:10134#0/1	96.250	80	3	0	369	448	80	1	2.64e-28	132
NC_011593.1:c2598562-2597207	NB551033:131:HK2T7BGX9:3:11411:22986:18949#0/2	100.000	70	0	0	995	1064	1	70	9.49e-28	130
NC_011593.1:c2598562-2597207	NB551033:131:HK2T7BGX9:3:11411:22986:18949#0/1	100.000	70	0	0	995	1064	131	62	9.49e-28	130
NC_011593.1:c2598562-2597207	NB551033:131:HK2T7BGX9:2:21105:9211:15223#0/2	98.611	72	1	0	1	72	78	149	3.41e-27	128
NC_011593.1:c2598562-2597207	NB551033:131:HK2T7BGX9:3:21406:19808:4423#0/2	100.000	68	0	0	156	223	1	68	1.23e-26	126
NC_011593.1:c2598562-2597207	NB551033:131:HK2T7BGX9:3:21406:19808:4423#0/1	100.000	68	0	0	157	224	68	1	1.23e-26	126
NC_011593.1:c2598562-2597207	NB551033:131:HK2T7BGX9:1:23204:1316:16624#0/2	100.000	67	0	0	138	204	85	151	4.41e-26	124
NC_011593.1:c2598562-2597207	NB551033:131:HK2T7BGX9:3:11611:17330:20153#0/1	100.000	67	0	0	1117	1183	79	13	4.41e-26	124
NC_011593.1:c2598562-2597207	NB551033:131:HK2T7BGX9:2:23101:14350:8036#0/2	98.551	69	1	0	249	317	69	1	1.59e-25	122
NC_011593.1:c2598562-2597207	NB551033:131:HK2T7BGX9:3:11604:26184:1400#0/1	100.000	65	0	0	1062	1126	65	1	5.71e-25	121
NC_011593.1:c2598562-2597207	NB551033:131:HK2T7BGX9:3:21511:21200:2779#0/1	100.000	62	0	0	1058	1119	87	148	2.66e-23	115
NC_011593.1:c2598562-2597207	NB551033:131:HK2T7BGX9:4:22406:25678:14636#0/2	100.000	61	0	0	1061	1121	61	1	9.55e-23	113
NC_011593.1:c2598562-2597207	NB551033:131:HK2T7BGX9:3:22405:20475:18784#0/2	100.000	61	0	0	1004	1064	1	61	9.55e-23	113
NC_011593.1:c2598562-2597207	NB551033:131:HK2T7BGX9:2:12110:13160:17251#0/2	100.000	60	0	0	138	197	91	150	3.44e-22	111
NC_011593.1:c2598562-2597207	NB551033:131:HK2T7BGX9:4:23607:4665:14766#0/1	100.000	59	0	0	1058	1116	92	150	1.24e-21	110
NC_011593.1:c2598562-2597207	NB551033:131:HK2T7BGX9:3:12407:10306:3449#0/1	100.000	59	0	0	498	556	59	1	1.24e-21	110
NC_011593.1:c2598562-2597207	NB551033:131:HK2T7BGX9:3:22407:11455:20038#0/2	100.000	57	0	0	943	999	1	57	1.60e-20	106
NC_011593.1:c2598562-2597207	NB551033:131:HK2T7BGX9:4:23502:9301:14486#0/2	98.305	59	1	0	1	59	59	1	5.75e-20	104
NC_011593.1:c2598562-2597207	NB551033:131:HK2T7BGX9:1:13206:12868:18136#0/2	98.305	59	1	0	1	59	59	1	5.75e-20	104
NC_011593.1:c2598562-2597207	NB551033:131:HK2T7BGX9:4:23502:9301:14486#0/1	98.305	59	1	0	1	59	7	65	5.75e-20	104
NC_011593.1:c2598562-2597207	NB551033:131:HK2T7BGX9:1:13206:12868:18136#0/1	98.305	59	1	0	1	59	57	115	5.75e-20	104
NC_011593.1:c2598562-2597207	NB551033:131:HK2T7BGX9:3:12511:13830:2625#0/2	100.000	54	0	0	1011	1064	151	98	7.44e-19	100
NC_011593.1:c2598562-2597207	NB551033:131:HK2T7BGX9:1:11303:11685:2105#0/2	100.000	54	0	0	440	493	54	1	7.44e-19	100
NC_011593.1:c2598562-2597207	NB551033:131:HK2T7BGX9:3:12604:9987:2476#0/1	96.667	60	2	0	1	60	64	123	7.44e-19	100
NC_011593.1:c2598562-2597207	NB551033:131:HK2T7BGX9:4:13603:8456:4486#0/2	100.000	52	0	0	1305	1356	1	52	9.62e-18	97.1
NC_011593.1:c2598562-2597207	NB551033:131:HK2T7BGX9:4:11606:12793:6965#0/2	100.000	52	0	0	138	189	52	1	9.62e-18	97.1
NC_011593.1:c2598562-2597207	NB551033:131:HK2T7BGX9:3:23404:2995:5217#0/2	100.000	47	0	0	1310	1356	1	47	5.79e-15	87.9
NC_011593.1:c2598562-2597207	NB551033:131:HK2T7BGX9:1:11109:13767:9865#0/2	100.000	43	0	0	138	180	43	1	9.69e-13	80.5
NC_011593.1:c2598562-2597207	NB551033:131:HK2T7BGX9:3:23404:2995:5217#0/1	100.000	41	0	0	1316	1356	69	29	1.25e-11	76.8
NC_011593.1:c2598562-2597207	NB551033:131:HK2T7BGX9:1:12209:23378:10640#0/2	100.000	37	0	0	1028	1064	1	37	2.10e-09	69.4
NC_011593.1:c2598562-2597207	NB551033:131:HK2T7BGX9:1:12209:23378:10640#0/1	100.000	37	0	0	1028	1064	54	18	2.10e-09	69.4
NC_011593.1:c2598562-2597207	NB551033:131:HK2T7BGX9:2:13209:20004:16036#0/2	100.000	36	0	0	1321	1356	1	36	7.54e-09	67.6
NC_011593.1:c2598562-2597207	NB551033:131:HK2T7BGX9:2:11204:2520:13994#0/2	100.000	36	0	0	1321	1356	1	36	7.54e-09	67.6
NC_011593.1:c2598562-2597207	NB551033:131:HK2T7BGX9:2:13209:20004:16036#0/1	100.000	36	0	0	1321	1356	115	80	7.54e-09	67.6
NC_011593.1:c2598562-2597207	NB551033:131:HK2T7BGX9:3:21607:25757:6006#0/2	100.000	35	0	0	138	172	35	1	2.71e-08	65.8
NC_011593.1:c2598562-2597207	NB551033:131:HK2T7BGX9:3:21607:25757:6006#0/1	100.000	35	0	0	138	172	75	109	2.71e-08	65.8
NC_011593.1:c2598562-2597207	NB551033:131:HK2T7BGX9:1:23205:26780:16625#0/2	100.000	30	0	0	138	167	85	114	1.63e-05	56.5
NC_011593.1:c2598562-2597207	NB551033:131:HK2T7BGX9:1:21309:25082:13271#0/2	100.000	29	0	0	138	166	60	88	5.87e-05	54.7
NC_011593.1:c2598562-2597207	NB551033:131:HK2T7BGX9:1:21309:25082:13271#0/1	100.000	29	0	0	138	166	29	1	5.87e-05	54.7
# BLASTN 2.9.0+
# Query: NC_011593.1:2598858-2601929 Bifidobacterium longum subsp. infantis ATCC 15697, complete genome
# Database: db/blast_M0863-1F-1A_S26.faa
# Fields: query acc.ver, subject acc.ver, % identity, alignment length, mismatches, gap opens, q. start, q. end, s. start, s. end, evalue, bit score
# 236 hits found
NC_011593.1:2598858-2601929	NB551033:131:HK2T7BGX9:4:22406:19674:16405#0/2	100.000	151	0	0	1596	1746	1	151	2.02e-72	279
NC_011593.1:2598858-2601929	NB551033:131:HK2T7BGX9:3:12605:8759:3715#0/2	100.000	151	0	0	1904	2054	151	1	2.02e-72	279
NC_011593.1:2598858-2601929	NB551033:131:HK2T7BGX9:2:22312:5005:13270#0/2	100.000	151	0	0	1613	1763	151	1	2.02e-72	279
NC_011593.1:2598858-2601929	NB551033:131:HK2T7BGX9:3:22407:24880:1088#0/1	100.000	151	0	0	1963	2113	151	1	2.02e-72	279
NC_011593.1:2598858-2601929	NB551033:131:HK2T7BGX9:2:22312:5005:13270#0/1	100.000	151	0	0	1607	1757	1	151	2.02e-72	279
NC_011593.1:2598858-2601929	NB551033:131:HK2T7BGX9:1:21104:24337:14181#0/1	100.000	151	0	0	1941	2091	151	1	2.02e-72	279
NC_011593.1:2598858-2601929	NB551033:131:HK2T7BGX9:1:21104:18180:13877#0/1	100.000	151	0	0	919	1069	151	1	2.02e-72	279
NC_011593.1:2598858-2601929	NB551033:131:HK2T7BGX9:4:22402:5459:17362#0/2	100.000	150	0	0	2398	2547	150	1	7.26e-72	278
NC_011593.1:2598858-2601929	NB551033:131:HK2T7BGX9:4:21412:24110:10789#0/2	100.000	150	0	0	197	346	1	150	7.26e-72	278
NC_011593.1:2598858-2601929	NB551033:131:HK2T7BGX9:2:22303:1773:5697#0/2	100.000	150	0	0	904	1053	150	1	7.26e-72	278
NC_011593.1:2598858-2601929	NB551033:131:HK2T7BGX9:4:23403:12508:13200#0/1	100.000	150	0	0	916	1065	1	150	7.26e-72	278
NC_011593.1:2598858-2601929	NB551033:131:HK2T7BGX9:4:22612:22984:11899#0/1	100.000	150	0	0	1653	1802	150	1	7.26e-72	278
NC_011593.1:2598858-2601929	NB551033:131:HK2T7BGX9:4:22406:19674:16405#0/1	100.000	150	0	0	1666	1815	150	1	7.26e-72	278
NC_011593.1:2598858-2601929	NB551033:131:HK2T7BGX9:3:11507:1427:14868#0/1	100.000	150	0	0	2406	2555	1	150	7.26e-72	278
NC_011593.1:2598858-2601929	NB551033:131:HK2T7BGX9:2:22206:8752:16024#0/2	100.000	149	0	0	1747	1895	150	2	2.61e-71	276
NC_011593.1:2598858-2601929	NB551033:131:HK2T7BGX9:1:22201:9673:8910#0/2	100.000	149	0	0	1747	1895	1	149	2.61e-71	276
NC_011593.1:2598858-2601929	NB551033:131:HK2T7BGX9:1:11306:22582:11791#0/2	100.000	149	0	0	1717	1865	1	149	2.61e-71	276
NC_011593.1:2598858-2601929	NB551033:131:HK2T7BGX9:2:13111:6702:15614#0/1	100.000	149	0	0	1568	1716	149	1	2.61e-71	276
NC_011593.1:2598858-2601929	NB551033:131:HK2T7BGX9:1:13109:10419:8866#0/1	100.000	149	0	0	2392	2540	2	150	2.61e-71	276
NC_011593.1:2598858-2601929	NB551033:131:HK2T7BGX9:1:11306:22582:11791#0/1	100.000	149	0	0	1747	1895	150	2	2.61e-71	276
NC_011593.1:2598858-2601929	NB551033:131:HK2T7BGX9:4:23403:12508:13200#0/2	99.338	151	1	0	965	1115	151	1	9.40e-71	274
NC_011593.1:2598858-2601929	NB551033:131:HK2T7BGX9:4:22612:22984:11899#0/2	99.338	151	1	0	1645	1795	1	151	9.40e-71	274
NC_011593.1:2598858-2601929	NB551033:131:HK2T7BGX9:3:21507:10293:3390#0/2	99.338	151	1	0	2747	2897	151	1	9.40e-71	274
NC_011593.1:2598858-2601929	NB551033:131:HK2T7BGX9:2:13304:11532:11146#0/2	99.338	151	1	0	243	393	1	151	9.40e-71	274
NC_011593.1:2598858-2601929	NB551033:131:HK2T7BGX9:1:21312:17338:4080#0/2	99.338	151	1	0	333	483	151	1	9.40e-71	274
NC_011593.1:2598858-2601929	NB551033:131:HK2T7BGX9:4:21412:24110:10789#0/1	99.338	151	1	0	344	494	151	1	9.40e-71	274
NC_011593.1:2598858-2601929	NB551033:131:HK2T7BGX9:2:23111:8599:16320#0/1	99.338	151	1	0	311	461	1	151	9.40e-71	274
NC_011593.1:2598858-2601929	NB551033:131:HK2T7BGX9:2:22206:8752:16024#0/1	99.338	151	1	0	1607	1757	1	151	9.40e-71	274
NC_011593.1:2598858-2601929	NB551033:131:HK2T7BGX9:2:13304:11532:11146#0/1	99.338	151	1	0	287	437	151	1	9.40e-71	274
NC_011593.1:2598858-2601929	NB551033:131:HK2T7BGX9:1:13208:17687:9744#0/1	99.338	151	1	0	337	487	151	1	9.40e-71	274
NC_011593.1:2598858-2601929	NB551033:131:HK2T7BGX9:1:12211:10764:6431#0/1	99.338	151	1	0	1776	1926	151	1	9.40e-71	274
NC_011593.1:2598858-2601929	NB551033:131:HK2T7BGX9:1:12201:9427:10394#0/1	99.338	151	1	0	1866	2016	151	1	9.40e-71	274
NC_011593.1:2598858-2601929	NB551033:131:HK2T7BGX9:4:21409:8436:14172#0/2	99.333	150	1	0	259	408	150	1	3.38e-70	272
NC_011593.1:2598858-2601929	NB551033:131:HK2T7BGX9:3:22407:24880:1088#0/2	99.333	150	1	0	1878	2027	1	150	3.38e-70	272
NC_011593.1:2598858-2601929	NB551033:131:HK2T7BGX9:3:21508:9000:5476#0/2	99.333	150	1	0	2442	2591	1	150	3.38e-70	272
NC_011593.1:2598858-2601929	NB551033:131:HK2T7BGX9:2:12106:4851:11689#0/2	99.333	150	1	0	301	450	150	1	3.38e-70	272
NC_011593.1:2598858-2601929	NB551033:131:HK2T7BGX9:1:21104:24337:14181#0/2	99.333	150	1	0	1873	2022	1	150	3.38e-70	272
NC_011593.1:2598858-2601929	NB551033:131:HK2T7BGX9:1:12310:13729:12849#0/2	99.333	150	1	0	1807	1956	1	150	3.38e-70	272
NC_011593.1:2598858-2601929	NB551033:131:HK2T7BGX9:4:21409:8436:14172#0/1	99.333	150	1	0	229	378	1	150	3.38e-70	272
NC_011593.1:2598858-2601929	NB551033:131:HK2T7BGX9:4:12610:8142:7597#0/1	99.333	150	1	0	685	834	150	1	3.38e-70	272
NC_011593.1:2598858-2601929	NB551033:131:HK2T7BGX9:3:12605:8759:3715#0/1	99.333	150	1	0	1824	1973	1	150	3.38e-70	272
NC_011593.1:2598858-2601929	NB551033:131:HK2T7BGX9:2:23107:23762:11883#0/1	99.333	150	1	0	2206	2355	1	150	3.38e-70	272
NC_011593.1:2598858-2601929	NB551033:131:HK2T7BGX9:1:22201:9673:8910#0/1	99.333	150	1	0	1805	1954	150	1	3.38e-70	272
NC_011593.1:2598858-2601929	NB551033:131:HK2T7BGX9:1:21312:17338:4080#0/1	99.333	150	1	0	309	458	1	150	3.38e-70	272
NC_011593.1:2598858-2601929	NB551033:131:HK2T7BGX9:3:23412:16831:20035#0/2	100.000	146	0	0	2392	2537	146	1	1.22e-69	270
NC_011593.1:2598858-2601929	NB551033:131:HK2T7BGX9:3:23412:16831:20035#0/1	99.329	149	1	0	2389	2537	2	150	1.22e-69	270
NC_011593.1:2598858-2601929	NB551033:131:HK2T7BGX9:1:12110:15529:9528#0/1	99.329	149	1	0	1845	1993	2	150	1.22e-69	270
NC_011593.1:2598858-2601929	NB551033:131:HK2T7BGX9:4:22408:25250:11438#0/2	98.675	151	2	0	2868	3018	151	1	4.37e-69	268
NC_011593.1:2598858-2601929	NB551033:131:HK2T7BGX9:4:12409:14802:17327#0/2	99.324	148	1	0	2008	2155	148	1	4.37e-69	268
NC_011593.1:2598858-2601929	NB551033:131:HK2T7BGX9:3:21508:23741:19047#0/2	98.675	151	2	0	1239	1389	151	1	4.37e-69	268
NC_011593.1:2598858-2601929	NB551033:131:HK2T7BGX9:1:21103:14054:14314#0/2	98.675	151	2	0	2513	2663	1	151	4.37e-69	268
NC_011593.1:2598858-2601929	NB551033:131:HK2T7BGX9:1:12110:15529:9528#0/2	99.324	148	1	0	1861	2008	148	1	4.37e-69	268
NC_011593.1:2598858-2601929	NB551033:131:HK2T7BGX9:4:23502:9622:2465#0/1	98.675	151	2	0	602	752	151	1	4.37e-69	268
NC_011593.1:2598858-2601929	NB551033:131:HK2T7BGX9:4:22408:25250:11438#0/1	98.675	151	2	0	2778	2928	1	151	4.37e-69	268
NC_011593.1:2598858-2601929	NB551033:131:HK2T7BGX9:3:21508:9000:5476#0/1	98.675	151	2	0	2501	2651	151	1	4.37e-69	268
NC_011593.1:2598858-2601929	NB551033:131:HK2T7BGX9:1:12206:15741:4568#0/1	98.675	151	2	0	1481	1631	151	1	4.37e-69	268
NC_011593.1:2598858-2601929	NB551033:131:HK2T7BGX9:1:11104:13718:6395#0/1	98.675	151	2	0	1496	1646	151	1	4.37e-69	268
NC_011593.1:2598858-2601929	NB551033:131:HK2T7BGX9:4:23602:3253:7087#0/2	98.667	150	2	0	237	386	1	150	1.57e-68	267
NC_011593.1:2598858-2601929	NB551033:131:HK2T7BGX9:4:23502:9622:2465#0/2	98.667	150	2	0	575	724	1	150	1.57e-68	267
NC_011593.1:2598858-2601929	NB551033:131:HK2T7BGX9:4:13407:25404:3720#0/2	98.667	150	2	0	43	192	150	1	1.57e-68	267
NC_011593.1:2598858-2601929	NB551033:131:HK2T7BGX9:4:12610:8142:7597#0/2	98.667	150	2	0	646	795	1	150	1.57e-68	267
NC_011593.1:2598858-2601929	NB551033:131:HK2T7BGX9:4:11501:15329:10146#0/2	98.667	150	2	0	2874	3023	150	1	1.57e-68	267
NC_011593.1:2598858-2601929	NB551033:131:HK2T7BGX9:3:13402:16291:16623#0/2	98.667	150	2	0	2874	3023	150	1	1.57e-68	267
NC_011593.1:2598858-2601929	NB551033:131:HK2T7BGX9:3:12401:3732:6185#0/2	98.667	150	2	0	2151	2300	1	150	1.57e-68	267
NC_011593.1:2598858-2601929	NB551033:131:HK2T7BGX9:3:11507:1427:14868#0/2	98.667	150	2	0	2447	2596	150	1	1.57e-68	267
NC_011593.1:2598858-2601929	NB551033:131:HK2T7BGX9:2:13108:2924:16661#0/2	98.667	150	2	0	2486	2635	1	150	1.57e-68	267
NC_011593.1:2598858-2601929	NB551033:131:HK2T7BGX9:1:23109:14737:14765#0/2	98.667	150	2	0	1060	1209	150	1	1.57e-68	267
NC_011593.1:2598858-2601929	NB551033:131:HK2T7BGX9:1:21209:24067:19174#0/2	98.667	150	2	0	1991	2140	150	1	1.57e-68	267
NC_011593.1:2598858-2601929	NB551033:131:HK2T7BGX9:1:13308:8323:9780#0/2	98.667	150	2	0	36	185	1	150	1.57e-68	267
NC_011593.1:2598858-2601929	NB551033:131:HK2T7BGX9:1:13208:17687:9744#0/2	98.667	150	2	0	77	226	1	150	1.57e-68	267
NC_011593.1:2598858-2601929	NB551033:131:HK2T7BGX9:1:11107:6244:16014#0/2	98.667	150	2	0	721	870	150	1	1.57e-68	267
NC_011593.1:2598858-2601929	NB551033:131:HK2T7BGX9:4:13501:1370:7079#0/1	98.667	150	2	0	651	800	1	150	1.57e-68	267
NC_011593.1:2598858-2601929	NB551033:131:HK2T7BGX9:4:12601:16300:6792#0/1	98.667	150	2	0	1081	1230	1	150	1.57e-68	267
NC_011593.1:2598858-2601929	NB551033:131:HK2T7BGX9:3:13402:16291:16623#0/1	98.667	150	2	0	2785	2934	1	150	1.57e-68	267
NC_011593.1:2598858-2601929	NB551033:131:HK2T7BGX9:2:22110:15329:18631#0/1	98.667	150	2	0	2218	2367	1	150	1.57e-68	267
NC_011593.1:2598858-2601929	NB551033:131:HK2T7BGX9:1:23305:19656:8974#0/1	98.667	150	2	0	2784	2933	1	150	1.57e-68	267
NC_011593.1:2598858-2601929	NB551033:131:HK2T7BGX9:1:23109:14737:14765#0/1	98.667	150	2	0	1045	1194	1	150	1.57e-68	267
NC_011593.1:2598858-2601929	NB551033:131:HK2T7BGX9:1:23105:15060:19200#0/1	98.667	150	2	0	2385	2534	1	150	1.57e-68	267
NC_011593.1:2598858-2601929	NB551033:131:HK2T7BGX9:1:21103:14054:14314#0/1	98.667	150	2	0	2798	2947	150	1	1.57e-68	267
NC_011593.1:2598858-2601929	NB551033:131:HK2T7BGX9:1:13308:8323:9780#0/1	98.667	150	2	0	51	200	150	1	1.57e-68	267
NC_011593.1:2598858-2601929	NB551033:131:HK2T7BGX9:1:11107:6244:16014#0/1	98.667	150	2	0	682	831	1	150	1.57e-68	267
NC_011593.1:2598858-2601929	NB551033:131:HK2T7BGX9:4:23501:4248:2567#0/2	99.315	146	1	0	2746	2891	1	146	5.66e-68	265
NC_011593.1:2598858-2601929	NB551033:131:HK2T7BGX9:1:23305:19656:8974#0/2	98.658	149	2	0	2803	2951	149	1	5.66e-68	265
NC_011593.1:2598858-2601929	NB551033:131:HK2T7BGX9:4:23501:4248:2567#0/1	99.315	146	1	0	2746	2891	146	1	5.66e-68	265
NC_011593.1:2598858-2601929	NB551033:131:HK2T7BGX9:3:21508:23741:19047#0/1	98.658	149	2	0	1069	1217	1	149	5.66e-68	265
NC_011593.1:2598858-2601929	NB551033:131:HK2T7BGX9:4:23410:13527:18350#0/2	98.013	151	3	0	880	1030	1	151	2.03e-67	263
NC_011593.1:2598858-2601929	NB551033:131:HK2T7BGX9:4:12601:16300:6792#0/2	98.013	151	3	0	1150	1300	151	1	2.03e-67	263
NC_011593.1:2598858-2601929	NB551033:131:HK2T7BGX9:3:21502:8644:13376#0/2	98.013	151	3	0	1435	1585	1	151	2.03e-67	263
NC_011593.1:2598858-2601929	NB551033:131:HK2T7BGX9:2:23307:13165:10772#0/2	98.013	151	3	0	1295	1445	151	1	2.03e-67	263
NC_011593.1:2598858-2601929	NB551033:131:HK2T7BGX9:2:23105:11131:11897#0/2	98.013	151	3	0	1293	1443	151	1	2.03e-67	263
NC_011593.1:2598858-2601929	NB551033:131:HK2T7BGX9:1:23103:13134:1993#0/2	98.013	151	3	0	1264	1414	151	1	2.03e-67	263
NC_011593.1:2598858-2601929	NB551033:131:HK2T7BGX9:1:21104:18180:13877#0/2	98.649	148	2	0	609	756	1	148	2.03e-67	263
NC_011593.1:2598858-2601929	NB551033:131:HK2T7BGX9:1:13109:10419:8866#0/2	98.013	151	3	0	2568	2718	151	1	2.03e-67	263
NC_011593.1:2598858-2601929	NB551033:131:HK2T7BGX9:1:12206:15741:4568#0/2	98.013	151	3	0	1459	1609	1	151	2.03e-67	263
NC_011593.1:2598858-2601929	NB551033:131:HK2T7BGX9:2:21301:23621:17110#0/1	98.649	148	2	0	2211	2358	1	148	2.03e-67	263
NC_011593.1:2598858-2601929	NB551033:131:HK2T7BGX9:4:11408:9501:14659#0/2	98.000	150	3	0	2031	2180	1	150	7.32e-67	261
NC_011593.1:2598858-2601929	NB551033:131:HK2T7BGX9:3:23411:25734:3540#0/2	98.639	147	2	0	1879	2025	147	1	7.32e-67	261
NC_011593.1:2598858-2601929	NB551033:131:HK2T7BGX9:3:13607:3811:15622#0/2	98.000	150	3	0	1092	1241	150	1	7.32e-67	261
NC_011593.1:2598858-2601929	NB551033:131:HK2T7BGX9:2:22110:15329:18631#0/2	98.000	150	3	0	2348	2497	150	1	7.32e-67	261
NC_011593.1:2598858-2601929	NB551033:131:HK2T7BGX9:4:21410:7355:16129#0/1	98.000	150	3	0	56	205	150	1	7.32e-67	261
NC_011593.1:2598858-2601929	NB551033:131:HK2T7BGX9:2:23309:17009:2174#0/1	98.000	150	3	0	1130	1279	150	1	7.32e-67	261
NC_011593.1:2598858-2601929	NB551033:131:HK2T7BGX9:2:23307:13165:10772#0/1	98.000	150	3	0	1209	1358	1	150	7.32e-67	261
NC_011593.1:2598858-2601929	NB551033:131:HK2T7BGX9:2:23107:23762:11883#0/2	97.987	149	3	0	2242	2390	150	2	2.63e-66	259
NC_011593.1:2598858-2601929	NB551033:131:HK2T7BGX9:1:23307:4870:8258#0/2	97.987	149	3	0	1551	1699	1	149	2.63e-66	259
NC_011593.1:2598858-2601929	NB551033:131:HK2T7BGX9:4:11408:9501:14659#0/1	99.301	143	1	0	2161	2303	143	1	2.63e-66	259
NC_011593.1:2598858-2601929	NB551033:131:HK2T7BGX9:3:12602:26338:12800#0/1	97.987	149	3	0	1458	1606	149	1	2.63e-66	259
NC_011593.1:2598858-2601929	NB551033:131:HK2T7BGX9:3:12401:3732:6185#0/1	99.301	143	1	0	2161	2303	143	1	2.63e-66	259
NC_011593.1:2598858-2601929	NB551033:131:HK2T7BGX9:2:23105:11131:11897#0/1	97.987	149	3	0	1140	1288	1	149	2.63e-66	259
NC_011593.1:2598858-2601929	NB551033:131:HK2T7BGX9:2:21304:9805:17164#0/1	97.987	149	3	0	2724	2872	149	1	2.63e-66	259
NC_011593.1:2598858-2601929	NB551033:131:HK2T7BGX9:4:23506:26345:8340#0/2	97.973	148	3	0	2053	2200	1	148	9.46e-66	257
NC_011593.1:2598858-2601929	NB551033:131:HK2T7BGX9:4:13511:25596:5205#0/2	97.973	148	3	0	2688	2835	3	150	9.46e-66	257
NC_011593.1:2598858-2601929	NB551033:131:HK2T7BGX9:3:12602:26338:12800#0/2	97.351	151	4	0	1435	1585	1	151	9.46e-66	257
NC_011593.1:2598858-2601929	NB551033:131:HK2T7BGX9:2:13108:2924:16661#0/1	97.351	151	4	0	2605	2755	151	1	9.46e-66	257
NC_011593.1:2598858-2601929	NB551033:131:HK2T7BGX9:1:23103:13134:1993#0/1	97.351	151	4	0	1209	1359	1	151	9.46e-66	257
NC_011593.1:2598858-2601929	NB551033:131:HK2T7BGX9:1:13305:7124:1715#0/1	97.351	151	4	0	674	824	151	1	9.46e-66	257
NC_011593.1:2598858-2601929	NB551033:131:HK2T7BGX9:2:21304:9805:17164#0/2	97.333	150	4	0	2643	2792	1	150	3.40e-65	255
NC_011593.1:2598858-2601929	NB551033:131:HK2T7BGX9:1:23105:15060:19200#0/2	97.333	150	4	0	2644	2793	150	1	3.40e-65	255
NC_011593.1:2598858-2601929	NB551033:131:HK2T7BGX9:4:22402:5459:17362#0/1	97.333	150	4	0	2279	2428	1	150	3.40e-65	255
NC_011593.1:2598858-2601929	NB551033:131:HK2T7BGX9:4:12409:14802:17327#0/1	97.333	150	4	0	1946	2095	1	150	3.40e-65	255
NC_011593.1:2598858-2601929	NB551033:131:HK2T7BGX9:3:21507:10293:3390#0/1	97.959	147	3	0	2576	2722	1	147	3.40e-65	255
NC_011593.1:2598858-2601929	NB551033:131:HK2T7BGX9:2:13111:6702:15614#0/2	98.601	143	2	0	1532	1674	1	143	1.22e-64	254
NC_011593.1:2598858-2601929	NB551033:131:HK2T7BGX9:2:22304:8424:20098#0/1	97.931	145	3	0	1455	1599	145	1	4.40e-64	252
NC_011593.1:2598858-2601929	NB551033:131:HK2T7BGX9:1:11312:5108:12398#0/1	99.281	139	1	0	1	139	139	1	4.40e-64	252
NC_011593.1:2598858-2601929	NB551033:131:HK2T7BGX9:4:13501:1370:7079#0/2	96.667	150	5	0	785	934	150	1	1.58e-63	250
NC_011593.1:2598858-2601929	NB551033:131:HK2T7BGX9:2:23309:17009:2174#0/2	96.667	150	5	0	801	950	1	150	1.58e-63	250
NC_011593.1:2598858-2601929	NB551033:131:HK2T7BGX9:2:21301:23621:17110#0/2	96.667	150	5	0	2261	2410	150	1	1.58e-63	250
NC_011593.1:2598858-2601929	NB551033:131:HK2T7BGX9:1:13305:7124:1715#0/2	98.582	141	2	0	614	754	1	141	1.58e-63	250
NC_011593.1:2598858-2601929	NB551033:131:HK2T7BGX9:3:21502:8644:13376#0/1	96.667	150	5	0	1516	1665	150	1	1.58e-63	250
NC_011593.1:2598858-2601929	NB551033:131:HK2T7BGX9:3:13607:3811:15622#0/1	96.667	150	5	0	816	965	1	150	1.58e-63	250
NC_011593.1:2598858-2601929	NB551033:131:HK2T7BGX9:3:12409:22575:5879#0/1	96.667	150	5	0	850	999	1	150	1.58e-63	250
NC_011593.1:2598858-2601929	NB551033:131:HK2T7BGX9:2:22303:1773:5697#0/1	96.667	150	5	0	799	948	1	150	1.58e-63	250
NC_011593.1:2598858-2601929	NB551033:131:HK2T7BGX9:4:21611:11920:8851#0/2	98.571	140	2	0	2778	2917	1	140	5.70e-63	248
NC_011593.1:2598858-2601929	NB551033:131:HK2T7BGX9:2:22304:8424:20098#0/2	97.260	146	4	0	1454	1599	1	146	5.70e-63	248
NC_011593.1:2598858-2601929	NB551033:131:HK2T7BGX9:4:21611:11920:8851#0/1	98.571	140	2	0	2778	2917	141	2	5.70e-63	248
NC_011593.1:2598858-2601929	NB551033:131:HK2T7BGX9:2:12306:22149:7093#0/2	96.622	148	5	0	835	982	148	1	2.05e-62	246
NC_011593.1:2598858-2601929	NB551033:131:HK2T7BGX9:3:22507:8931:5561#0/2	96.000	150	6	0	437	586	1	150	7.37e-62	244
NC_011593.1:2598858-2601929	NB551033:131:HK2T7BGX9:3:21404:20918:16450#0/2	96.552	145	5	0	437	581	1	145	9.53e-61	241
NC_011593.1:2598858-2601929	NB551033:131:HK2T7BGX9:4:23501:20852:18226#0/1	98.529	136	2	0	596	731	136	1	9.53e-61	241
NC_011593.1:2598858-2601929	NB551033:131:HK2T7BGX9:2:23111:8599:16320#0/2	95.333	150	7	0	505	654	150	1	3.43e-60	239
NC_011593.1:2598858-2601929	NB551033:131:HK2T7BGX9:2:11110:4807:11730#0/1	100.000	128	0	0	1693	1820	128	1	1.23e-59	237
NC_011593.1:2598858-2601929	NB551033:131:HK2T7BGX9:3:23611:22175:8311#0/2	100.000	127	0	0	1740	1866	127	1	4.43e-59	235
NC_011593.1:2598858-2601929	NB551033:131:HK2T7BGX9:3:12409:22575:5879#0/2	98.496	133	2	0	1047	1179	133	1	4.43e-59	235
NC_011593.1:2598858-2601929	NB551033:131:HK2T7BGX9:3:23611:22175:8311#0/1	100.000	127	0	0	1740	1866	1	127	4.43e-59	235
NC_011593.1:2598858-2601929	NB551033:131:HK2T7BGX9:4:21609:19460:19391#0/2	97.101	138	4	0	2318	2455	138	1	1.59e-58	233
NC_011593.1:2598858-2601929	NB551033:131:HK2T7BGX9:4:21609:19460:19391#0/1	97.101	138	4	0	2318	2455	1	138	1.59e-58	233
NC_011593.1:2598858-2601929	NB551033:131:HK2T7BGX9:1:23307:4870:8258#0/1	98.438	128	2	0	1953	2080	128	1	2.67e-56	226
NC_011593.1:2598858-2601929	NB551033:131:HK2T7BGX9:2:11110:4807:11730#0/2	100.000	121	0	0	1693	1813	1	121	9.60e-56	224
NC_011593.1:2598858-2601929	NB551033:131:HK2T7BGX9:4:12501:17064:18822#0/1	99.194	124	1	0	264	387	124	1	9.60e-56	224
NC_011593.1:2598858-2601929	NB551033:131:HK2T7BGX9:3:12402:24694:15338#0/2	99.187	123	1	0	1	123	123	1	3.45e-55	222
NC_011593.1:2598858-2601929	NB551033:131:HK2T7BGX9:3:21610:18399:18091#0/1	99.180	122	1	0	328	449	1	122	1.24e-54	220
NC_011593.1:2598858-2601929	NB551033:131:HK2T7BGX9:3:21610:18399:18091#0/2	99.174	121	1	0	329	449	121	1	4.47e-54	219
NC_011593.1:2598858-2601929	NB551033:131:HK2T7BGX9:2:11111:26101:14920#0/2	98.387	124	2	0	1492	1615	124	1	4.47e-54	219
NC_011593.1:2598858-2601929	NB551033:131:HK2T7BGX9:2:11111:26101:14920#0/1	98.387	124	2	0	1492	1615	1	124	4.47e-54	219
NC_011593.1:2598858-2601929	NB551033:131:HK2T7BGX9:4:11602:7167:7442#0/2	97.600	125	3	0	1214	1338	125	1	5.78e-53	215
NC_011593.1:2598858-2601929	NB551033:131:HK2T7BGX9:1:12201:9427:10394#0/2	99.160	119	1	0	1812	1930	1	119	5.78e-53	215
NC_011593.1:2598858-2601929	NB551033:131:HK2T7BGX9:4:11602:7167:7442#0/1	97.600	125	3	0	1214	1338	1	125	5.78e-53	215
NC_011593.1:2598858-2601929	NB551033:131:HK2T7BGX9:3:21404:20918:16450#0/1	96.183	131	5	0	451	581	131	1	5.78e-53	215
NC_011593.1:2598858-2601929	NB551033:131:HK2T7BGX9:2:22305:13342:9932#0/2	99.153	118	1	0	2908	3025	118	1	2.08e-52	213
NC_011593.1:2598858-2601929	NB551033:131:HK2T7BGX9:2:22305:13342:9932#0/1	98.347	121	2	0	2905	3025	1	121	2.08e-52	213
NC_011593.1:2598858-2601929	NB551033:131:HK2T7BGX9:1:13110:18718:18029#0/2	96.825	126	4	0	2661	2786	126	1	7.47e-52	211
NC_011593.1:2598858-2601929	NB551033:131:HK2T7BGX9:3:23411:25734:3540#0/1	99.138	116	1	0	1740	1855	1	116	2.69e-51	209
NC_011593.1:2598858-2601929	NB551033:131:HK2T7BGX9:2:12209:26313:4986#0/2	97.521	121	3	0	2106	2226	121	1	9.67e-51	207
NC_011593.1:2598858-2601929	NB551033:131:HK2T7BGX9:4:11501:15329:10146#0/1	98.305	118	2	0	2817	2934	1	118	9.67e-51	207
NC_011593.1:2598858-2601929	NB551033:131:HK2T7BGX9:4:21512:6584:10831#0/1	96.000	125	5	0	479	603	1	125	1.25e-49	204
NC_011593.1:2598858-2601929	NB551033:131:HK2T7BGX9:2:12209:26313:4986#0/1	96.721	122	4	0	2105	2226	1	122	1.25e-49	204
NC_011593.1:2598858-2601929	NB551033:131:HK2T7BGX9:3:23410:18945:14691#0/2	98.261	115	2	0	1275	1389	115	1	4.50e-49	202
NC_011593.1:2598858-2601929	NB551033:131:HK2T7BGX9:3:23410:18945:14691#0/1	98.261	115	2	0	1275	1389	1	115	4.50e-49	202
NC_011593.1:2598858-2601929	NB551033:131:HK2T7BGX9:4:21512:6584:10831#0/2	95.200	125	6	0	479	603	125	1	5.82e-48	198
NC_011593.1:2598858-2601929	NB551033:131:HK2T7BGX9:2:22207:12731:6094#0/2	98.230	113	2	0	364	476	2	114	5.82e-48	198
NC_011593.1:2598858-2601929	NB551033:131:HK2T7BGX9:4:12506:13455:14603#0/2	98.214	112	2	0	1317	1428	1	112	2.09e-47	196
NC_011593.1:2598858-2601929	NB551033:131:HK2T7BGX9:4:23508:9149:20067#0/1	98.214	112	2	0	2807	2918	112	1	2.09e-47	196
NC_011593.1:2598858-2601929	NB551033:131:HK2T7BGX9:2:21202:24857:14757#0/2	100.000	105	0	0	1740	1844	1	105	7.53e-47	195
NC_011593.1:2598858-2601929	NB551033:131:HK2T7BGX9:2:21202:24857:14757#0/1	100.000	105	0	0	1740	1844	105	1	7.53e-47	195
NC_011593.1:2598858-2601929	NB551033:131:HK2T7BGX9:4:12501:17064:18822#0/2	99.065	107	1	0	131	237	1	107	2.71e-46	193
NC_011593.1:2598858-2601929	NB551033:131:HK2T7BGX9:1:21209:24067:19174#0/1	99.057	106	1	0	1831	1936	1	106	9.74e-46	191
NC_011593.1:2598858-2601929	NB551033:131:HK2T7BGX9:4:21502:19617:17140#0/1	98.148	108	2	0	2489	2596	1	108	3.50e-45	189
NC_011593.1:2598858-2601929	NB551033:131:HK2T7BGX9:1:13110:18718:18029#0/1	96.491	114	4	0	2661	2774	1	114	3.50e-45	189
NC_011593.1:2598858-2601929	NB551033:131:HK2T7BGX9:1:23104:21512:1765#0/1	96.429	112	4	0	2633	2744	1	112	4.53e-44	185
NC_011593.1:2598858-2601929	NB551033:131:HK2T7BGX9:4:21502:19617:17140#0/2	97.222	108	3	0	2489	2596	108	1	1.63e-43	183
NC_011593.1:2598858-2601929	NB551033:131:HK2T7BGX9:2:22109:24143:19162#0/2	97.222	108	3	0	2472	2579	1	108	1.63e-43	183
NC_011593.1:2598858-2601929	NB551033:131:HK2T7BGX9:1:21103:4387:2399#0/2	100.000	99	0	0	1623	1721	1	99	1.63e-43	183
NC_011593.1:2598858-2601929	NB551033:131:HK2T7BGX9:1:12305:10495:17933#0/2	98.095	105	2	0	175	279	105	1	1.63e-43	183
NC_011593.1:2598858-2601929	NB551033:131:HK2T7BGX9:1:21103:4387:2399#0/1	100.000	99	0	0	1623	1721	99	1	1.63e-43	183
NC_011593.1:2598858-2601929	NB551033:131:HK2T7BGX9:4:23602:3253:7087#0/1	98.058	103	2	0	306	408	103	1	2.11e-42	180
NC_011593.1:2598858-2601929	NB551033:131:HK2T7BGX9:1:12111:20666:12906#0/2	100.000	94	0	0	366	459	1	94	9.80e-41	174
NC_011593.1:2598858-2601929	NB551033:131:HK2T7BGX9:1:12111:20666:12906#0/1	100.000	94	0	0	366	459	94	1	9.80e-41	174
NC_011593.1:2598858-2601929	NB551033:131:HK2T7BGX9:1:11104:13718:6395#0/2	97.980	99	2	0	1190	1288	1	99	3.53e-40	172
NC_011593.1:2598858-2601929	NB551033:131:HK2T7BGX9:2:12106:4851:11689#0/1	98.958	96	1	0	139	234	1	96	3.53e-40	172
NC_011593.1:2598858-2601929	NB551033:131:HK2T7BGX9:3:12402:24694:15338#0/1	100.000	92	0	0	1	92	59	150	1.27e-39	171
NC_011593.1:2598858-2601929	NB551033:131:HK2T7BGX9:2:21211:26290:4342#0/2	98.936	94	1	0	680	773	1	94	4.56e-39	169
NC_011593.1:2598858-2601929	NB551033:131:HK2T7BGX9:1:23104:21512:1765#0/2	100.000	91	0	0	2740	2830	91	1	4.56e-39	169
NC_011593.1:2598858-2601929	NB551033:131:HK2T7BGX9:2:21211:26290:4342#0/1	98.936	94	1	0	680	773	94	1	4.56e-39	169
NC_011593.1:2598858-2601929	NB551033:131:HK2T7BGX9:4:12506:13455:14603#0/1	97.917	96	2	0	1333	1428	96	1	1.64e-38	167
NC_011593.1:2598858-2601929	NB551033:131:HK2T7BGX9:4:22602:25829:10147#0/1	97.826	92	2	0	605	696	1	92	2.75e-36	159
NC_011593.1:2598858-2601929	NB551033:131:HK2T7BGX9:4:23410:13527:18350#0/1	97.802	91	2	0	1189	1279	91	1	9.87e-36	158
NC_011593.1:2598858-2601929	NB551033:131:HK2T7BGX9:3:21509:16517:11119#0/1	95.876	97	4	0	2218	2314	1	97	9.87e-36	158
NC_011593.1:2598858-2601929	NB551033:131:HK2T7BGX9:4:23503:26398:5877#0/2	97.753	89	2	0	1207	1295	1	89	1.28e-34	154
NC_011593.1:2598858-2601929	NB551033:131:HK2T7BGX9:4:23503:26398:5877#0/1	97.753	89	2	0	1207	1295	89	1	1.28e-34	154
NC_011593.1:2598858-2601929	NB551033:131:HK2T7BGX9:4:13511:25596:5205#0/1	97.753	89	2	0	2784	2872	89	1	1.28e-34	154
NC_011593.1:2598858-2601929	NB551033:131:HK2T7BGX9:4:22602:25829:10147#0/2	98.824	85	1	0	1087	1171	85	1	4.59e-34	152
NC_011593.1:2598858-2601929	NB551033:131:HK2T7BGX9:1:11110:3455:13776#0/1	100.000	80	0	0	1398	1477	1	80	5.94e-33	148
NC_011593.1:2598858-2601929	NB551033:131:HK2T7BGX9:1:12310:13729:12849#0/1	96.591	88	3	0	2096	2183	88	1	2.14e-32	147
NC_011593.1:2598858-2601929	NB551033:131:HK2T7BGX9:1:11110:3455:13776#0/2	100.000	78	0	0	1400	1477	78	1	7.69e-32	145
NC_011593.1:2598858-2601929	NB551033:131:HK2T7BGX9:2:13109:21728:4753#0/2	98.718	78	1	0	1121	1198	78	1	3.58e-30	139
NC_011593.1:2598858-2601929	NB551033:131:HK2T7BGX9:2:13109:21728:4753#0/1	98.718	78	1	0	1121	1198	1	78	3.58e-30	139
NC_011593.1:2598858-2601929	NB551033:131:HK2T7BGX9:4:23508:9149:20067#0/2	100.000	74	0	0	2489	2562	1	74	1.29e-29	137
NC_011593.1:2598858-2601929	NB551033:131:HK2T7BGX9:1:13309:17971:19563#0/2	100.000	74	0	0	268	341	74	1	1.29e-29	137
NC_011593.1:2598858-2601929	NB551033:131:HK2T7BGX9:1:13309:17971:19563#0/1	100.000	74	0	0	268	341	1	74	1.29e-29	137
NC_011593.1:2598858-2601929	NB551033:131:HK2T7BGX9:3:21612:11433:4519#0/2	98.667	75	1	0	168	242	1	75	1.66e-28	134
NC_011593.1:2598858-2601929	NB551033:131:HK2T7BGX9:3:22507:8931:5561#0/1	96.203	79	3	0	729	807	79	1	2.15e-27	130
NC_011593.1:2598858-2601929	NB551033:131:HK2T7BGX9:4:22611:15875:16546#0/2	97.333	75	2	0	465	539	1	75	7.74e-27	128
NC_011593.1:2598858-2601929	NB551033:131:HK2T7BGX9:4:22611:15875:16546#0/1	97.333	75	2	0	465	539	75	1	7.74e-27	128
NC_011593.1:2598858-2601929	NB551033:131:HK2T7BGX9:3:21509:16517:11119#0/2	100.000	68	0	0	2475	2542	68	1	2.78e-26	126
NC_011593.1:2598858-2601929	NB551033:131:HK2T7BGX9:1:12211:10764:6431#0/2	100.000	67	0	0	1740	1806	1	67	1.00e-25	124
NC_011593.1:2598858-2601929	NB551033:131:HK2T7BGX9:1:12105:8427:13080#0/1	100.000	67	0	0	1	67	67	1	1.00e-25	124
NC_011593.1:2598858-2601929	NB551033:131:HK2T7BGX9:3:13407:10029:15426#0/2	98.462	65	1	0	2932	2996	1	65	6.03e-23	115
NC_011593.1:2598858-2601929	NB551033:131:HK2T7BGX9:4:11610:18108:7801#0/1	100.000	62	0	0	1776	1837	62	1	6.03e-23	115
NC_011593.1:2598858-2601929	NB551033:131:HK2T7BGX9:3:13407:10029:15426#0/1	98.462	65	1	0	2932	2996	65	1	6.03e-23	115
NC_011593.1:2598858-2601929	NB551033:131:HK2T7BGX9:3:13501:21298:6840#0/2	98.387	62	1	0	622	683	1	62	2.80e-21	110
NC_011593.1:2598858-2601929	NB551033:131:HK2T7BGX9:4:11402:1078:2589#0/2	100.000	58	0	0	1	58	54	111	1.01e-20	108
NC_011593.1:2598858-2601929	NB551033:131:HK2T7BGX9:4:11402:1078:2589#0/1	100.000	58	0	0	1	58	58	1	1.01e-20	108
NC_011593.1:2598858-2601929	NB551033:131:HK2T7BGX9:3:11411:8500:11356#0/2	100.000	52	0	0	376	427	52	1	2.18e-17	97.1
NC_011593.1:2598858-2601929	NB551033:131:HK2T7BGX9:3:11411:8500:11356#0/1	100.000	52	0	0	376	427	1	52	2.18e-17	97.1
NC_011593.1:2598858-2601929	NB551033:131:HK2T7BGX9:4:23501:20852:18226#0/2	98.113	53	1	0	283	335	1	53	2.82e-16	93.5
NC_011593.1:2598858-2601929	NB551033:131:HK2T7BGX9:2:22109:24143:19162#0/1	96.429	56	2	0	2977	3032	56	1	2.82e-16	93.5
NC_011593.1:2598858-2601929	NB551033:131:HK2T7BGX9:4:11610:18108:7801#0/2	100.000	49	0	0	1776	1824	1	49	1.02e-15	91.6
NC_011593.1:2598858-2601929	NB551033:131:HK2T7BGX9:1:13211:13252:12990#0/2	96.364	55	2	0	3018	3072	149	95	1.02e-15	91.6
NC_011593.1:2598858-2601929	NB551033:131:HK2T7BGX9:4:23506:26345:8340#0/1	100.000	49	0	0	2223	2271	49	1	1.02e-15	91.6
NC_011593.1:2598858-2601929	NB551033:131:HK2T7BGX9:1:13211:13252:12990#0/1	96.364	55	2	0	3018	3072	1	55	1.02e-15	91.6
NC_011593.1:2598858-2601929	NB551033:131:HK2T7BGX9:4:13407:25404:3720#0/1	100.000	46	0	0	1	46	106	151	4.73e-14	86.1
NC_011593.1:2598858-2601929	NB551033:131:HK2T7BGX9:3:21612:11433:4519#0/1	97.959	49	1	0	236	284	49	1	4.73e-14	86.1
NC_011593.1:2598858-2601929	NB551033:131:HK2T7BGX9:3:13501:21298:6840#0/1	97.959	49	1	0	825	873	49	1	4.73e-14	86.1
NC_011593.1:2598858-2601929	NB551033:131:HK2T7BGX9:1:12305:10495:17933#0/1	97.959	49	1	0	36	84	1	49	4.73e-14	86.1
NC_011593.1:2598858-2601929	NB551033:131:HK2T7BGX9:2:22207:12731:6094#0/1	96.078	51	2	0	810	860	51	1	1.70e-13	84.2
NC_011593.1:2598858-2601929	NB551033:131:HK2T7BGX9:4:22605:4680:5627#0/1	100.000	28	0	0	1028	1055	28	1	4.79e-04	52.8
NC_011593.1:2598858-2601929	NB551033:131:HK2T7BGX9:2:21310:24651:6848#0/1	100.000	28	0	0	1028	1055	120	147	4.79e-04	52.8
# BLASTN 2.9.0+
# Query: NC_011593.1:c2604454-2602106 Bifidobacterium longum subsp. infantis ATCC 15697, complete genome
# Database: db/blast_M0863-1F-1A_S26.faa
# 0 hits found
# BLASTN 2.9.0+
# Query: NC_011593.1:c2605922-2604486 Bifidobacterium longum subsp. infantis ATCC 15697, complete genome
# Database: db/blast_M0863-1F-1A_S26.faa
# 0 hits found
# BLASTN 2.9.0+
# Query: NC_011593.1:c2606381-2605944 Bifidobacterium longum subsp. infantis ATCC 15697, complete genome
# Database: db/blast_M0863-1F-1A_S26.faa
# 0 hits found
# BLASTN 2.9.0+
# Query: NC_011593.1:c2607314-2606418 Bifidobacterium longum subsp. infantis ATCC 15697, complete genome
# Database: db/blast_M0863-1F-1A_S26.faa
# 0 hits found
# BLASTN 2.9.0+
# Query: NC_011593.1:c2608249-2607458 Bifidobacterium longum subsp. infantis ATCC 15697, complete genome
# Database: db/blast_M0863-1F-1A_S26.faa
# 0 hits found
# BLASTN 2.9.0+
# Query: NC_011593.1:c2609546-2608269 Bifidobacterium longum subsp. infantis ATCC 15697, complete genome
# Database: db/blast_M0863-1F-1A_S26.faa
# Fields: query acc.ver, subject acc.ver, % identity, alignment length, mismatches, gap opens, q. start, q. end, s. start, s. end, evalue, bit score
# 1 hits found
NC_011593.1:c2609546-2608269	NB551033:131:HK2T7BGX9:1:11302:11053:19195#0/1	95.349	43	2	0	302	344	1	43	1.97e-09	69.4
# BLASTN 2.9.0+
# Query: NC_011593.1:c2610356-2609697 Bifidobacterium longum subsp. infantis ATCC 15697, complete genome
# Database: db/blast_M0863-1F-1A_S26.faa
# 0 hits found
# BLASTN 2.9.0+
# Query: NC_011593.1:c2611458-2610496 Bifidobacterium longum subsp. infantis ATCC 15697, complete genome
# Database: db/blast_M0863-1F-1A_S26.faa
# 0 hits found
# BLASTN 2.9.0+
# Query: NC_011593.1:c2612430-2611477 Bifidobacterium longum subsp. infantis ATCC 15697, complete genome
# Database: db/blast_M0863-1F-1A_S26.faa
# 0 hits found
# BLASTN 2.9.0+
# Query: NC_011593.1:c2614109-2612517 Bifidobacterium longum subsp. infantis ATCC 15697, complete genome
# Database: db/blast_M0863-1F-1A_S26.faa
# 0 hits found
# BLASTN 2.9.0+
# Query: NC_011593.1:c2615274-2614312 Bifidobacterium longum subsp. infantis ATCC 15697, complete genome
# Database: db/blast_M0863-1F-1A_S26.faa
# 0 hits found
# BLASTN 2.9.0+
# Query: NC_011593.1:c2616246-2615293 Bifidobacterium longum subsp. infantis ATCC 15697, complete genome
# Database: db/blast_M0863-1F-1A_S26.faa
# 0 hits found
# BLASTN 2.9.0+
# Query: NC_011593.1:c2617928-2616333 Bifidobacterium longum subsp. infantis ATCC 15697, complete genome
# Database: db/blast_M0863-1F-1A_S26.faa
# 0 hits found
# BLASTN 2.9.0+
# Query: NC_011593.1:c2619247-2618063 Bifidobacterium longum subsp. infantis ATCC 15697, complete genome
# Database: db/blast_M0863-1F-1A_S26.faa
# 0 hits found
# BLASTN 2.9.0+
# Query: NC_011593.1:c2620369-2619413 Bifidobacterium longum subsp. infantis ATCC 15697, complete genome
# Database: db/blast_M0863-1F-1A_S26.faa
# 0 hits found
# BLASTN 2.9.0+
# Query: NC_011593.1:c2622143-2620551 Bifidobacterium longum subsp. infantis ATCC 15697, complete genome
# Database: db/blast_M0863-1F-1A_S26.faa
# 0 hits found
# BLASTN 2.9.0+
# Query: NC_011593.1:c2624124-2622520 Bifidobacterium longum subsp. infantis ATCC 15697, complete genome
# Database: db/blast_M0863-1F-1A_S26.faa
# 0 hits found
# BLASTN 2.9.0+
# Query: NC_011593.1:c2626110-2624512 Bifidobacterium longum subsp. infantis ATCC 15697, complete genome
# Database: db/blast_M0863-1F-1A_S26.faa
# Fields: query acc.ver, subject acc.ver, % identity, alignment length, mismatches, gap opens, q. start, q. end, s. start, s. end, evalue, bit score
# 3 hits found
NC_011593.1:c2626110-2624512	NB551033:131:HK2T7BGX9:4:12505:10008:8003#0/2	100.000	30	0	0	1555	1584	29	58	1.93e-05	56.5
NC_011593.1:c2626110-2624512	NB551033:131:HK2T7BGX9:2:11302:10749:2333#0/2	100.000	30	0	0	1555	1584	56	85	1.93e-05	56.5
NC_011593.1:c2626110-2624512	NB551033:131:HK2T7BGX9:2:11302:10749:2333#0/1	100.000	30	0	0	1555	1584	58	29	1.93e-05	56.5
# BLASTN 2.9.0+
# Query: NC_011593.1:c2626386-2626264 Bifidobacterium longum subsp. infantis ATCC 15697, complete genome
# Database: db/blast_M0863-1F-1A_S26.faa
# 0 hits found
# BLASTN 2.9.0+
# Query: NC_011593.1:c2628158-2626563 Bifidobacterium longum subsp. infantis ATCC 15697, complete genome
# Database: db/blast_M0863-1F-1A_S26.faa
# 0 hits found
# BLASTN 2.9.0+
# Query: NC_011593.1:c2630269-2628314 Bifidobacterium longum subsp. infantis ATCC 15697, complete genome
# Database: db/blast_M0863-1F-1A_S26.faa
# 0 hits found
# BLASTN 2.9.0+
# Query: NC_011593.1:c2631106-2630366 Bifidobacterium longum subsp. infantis ATCC 15697, complete genome
# Database: db/blast_M0863-1F-1A_S26.faa
# 0 hits found
# BLASTN 2.9.0+
# Query: NC_011593.1:c2632432-2631140 Bifidobacterium longum subsp. infantis ATCC 15697, complete genome
# Database: db/blast_M0863-1F-1A_S26.faa
# 0 hits found
# BLASTN 2.9.0+
# Query: NC_011593.1:c2633881-2632562 Bifidobacterium longum subsp. infantis ATCC 15697, complete genome
# Database: db/blast_M0863-1F-1A_S26.faa
# 0 hits found
# BLASTN 2.9.0+
# Query: NC_011593.1:c2634683-2633865 Bifidobacterium longum subsp. infantis ATCC 15697, complete genome
# Database: db/blast_M0863-1F-1A_S26.faa
# 0 hits found
# BLASTN 2.9.0+
# Query: NC_011593.1:c2635627-2634680 Bifidobacterium longum subsp. infantis ATCC 15697, complete genome
# Database: db/blast_M0863-1F-1A_S26.faa
# 0 hits found
# BLASTN 2.9.0+
# Query: NC_011593.1:c2636747-2635629 Bifidobacterium longum subsp. infantis ATCC 15697, complete genome
# Database: db/blast_M0863-1F-1A_S26.faa
# 0 hits found
# BLAST processed 31 queries
