# BLASTN 2.9.0+
# Query: NC_011593.1:c2595355-2593832 Bifidobacterium longum subsp. infantis ATCC 15697, complete genome
# Database: db/blast_M0863-3F-1A_S81.faa
# Fields: query acc.ver, subject acc.ver, % identity, alignment length, mismatches, gap opens, q. start, q. end, s. start, s. end, evalue, bit score
# 101 hits found
NC_011593.1:c2595355-2593832	NB551033:137:HK33LBGX9:1:23105:13433:13471#0/1	99.338	151	1	0	359	509	151	1	3.77e-71	274
NC_011593.1:c2595355-2593832	NB551033:137:HK33LBGX9:4:23507:22241:15565#0/2	99.324	148	1	0	999	1146	1	148	1.75e-69	268
NC_011593.1:c2595355-2593832	NB551033:137:HK33LBGX9:3:22410:12947:17413#0/2	98.675	151	2	0	945	1095	151	1	1.75e-69	268
NC_011593.1:c2595355-2593832	NB551033:137:HK33LBGX9:2:23301:16847:11402#0/2	98.675	151	2	0	1013	1163	1	151	1.75e-69	268
NC_011593.1:c2595355-2593832	NB551033:137:HK33LBGX9:2:22305:24553:8076#0/2	98.675	151	2	0	371	521	151	1	1.75e-69	268
NC_011593.1:c2595355-2593832	NB551033:137:HK33LBGX9:4:21608:1375:13640#0/1	98.675	151	2	0	488	638	151	1	1.75e-69	268
NC_011593.1:c2595355-2593832	NB551033:137:HK33LBGX9:3:21511:6211:11900#0/1	99.324	148	1	0	999	1146	1	148	1.75e-69	268
NC_011593.1:c2595355-2593832	NB551033:137:HK33LBGX9:2:22306:6300:15211#0/1	98.675	151	2	0	715	865	1	151	1.75e-69	268
NC_011593.1:c2595355-2593832	NB551033:137:HK33LBGX9:2:22301:22545:18167#0/1	98.675	151	2	0	713	863	151	1	1.75e-69	268
NC_011593.1:c2595355-2593832	NB551033:137:HK33LBGX9:2:21212:12024:13775#0/1	98.675	151	2	0	468	618	151	1	1.75e-69	268
NC_011593.1:c2595355-2593832	NB551033:137:HK33LBGX9:2:21212:12024:13775#0/2	98.667	150	2	0	429	578	1	150	6.30e-69	267
NC_011593.1:c2595355-2593832	NB551033:137:HK33LBGX9:4:23405:17925:13576#0/1	98.667	150	2	0	429	578	1	150	6.30e-69	267
NC_011593.1:c2595355-2593832	NB551033:137:HK33LBGX9:2:22301:22545:18167#0/2	98.658	149	2	0	530	678	1	149	2.27e-68	265
NC_011593.1:c2595355-2593832	NB551033:137:HK33LBGX9:4:23405:17925:13576#0/2	98.649	148	2	0	531	678	150	3	8.15e-68	263
NC_011593.1:c2595355-2593832	NB551033:137:HK33LBGX9:1:23105:13433:13471#0/2	98.013	151	3	0	109	259	1	151	8.15e-68	263
NC_011593.1:c2595355-2593832	NB551033:137:HK33LBGX9:1:13305:8137:11668#0/2	98.013	151	3	0	707	857	151	1	8.15e-68	263
NC_011593.1:c2595355-2593832	NB551033:137:HK33LBGX9:3:22507:2955:13554#0/1	98.013	151	3	0	111	261	1	151	8.15e-68	263
NC_011593.1:c2595355-2593832	NB551033:137:HK33LBGX9:2:23301:16847:11402#0/1	98.013	151	3	0	1079	1229	151	1	8.15e-68	263
NC_011593.1:c2595355-2593832	NB551033:137:HK33LBGX9:1:11107:20185:9692#0/1	98.013	151	3	0	890	1040	151	1	8.15e-68	263
NC_011593.1:c2595355-2593832	NB551033:137:HK33LBGX9:2:22306:6300:15211#0/2	98.000	150	3	0	803	952	150	1	2.93e-67	261
NC_011593.1:c2595355-2593832	NB551033:137:HK33LBGX9:2:22212:14407:15073#0/2	98.000	150	3	0	1073	1222	1	150	2.93e-67	261
NC_011593.1:c2595355-2593832	NB551033:137:HK33LBGX9:1:22208:19135:19710#0/2	98.000	150	3	0	1127	1276	1	150	2.93e-67	261
NC_011593.1:c2595355-2593832	NB551033:137:HK33LBGX9:1:12108:10058:9720#0/2	98.000	150	3	0	768	917	1	150	2.93e-67	261
NC_011593.1:c2595355-2593832	NB551033:137:HK33LBGX9:1:11102:26220:13625#0/1	98.000	150	3	0	94	243	1	150	2.93e-67	261
NC_011593.1:c2595355-2593832	NB551033:137:HK33LBGX9:3:21612:7845:17270#0/2	97.351	151	4	0	1318	1468	151	1	3.79e-66	257
NC_011593.1:c2595355-2593832	NB551033:137:HK33LBGX9:3:21511:6211:11900#0/2	97.973	148	3	0	1114	1261	148	1	3.79e-66	257
NC_011593.1:c2595355-2593832	NB551033:137:HK33LBGX9:1:22209:11075:18910#0/2	97.351	151	4	0	1096	1246	1	151	3.79e-66	257
NC_011593.1:c2595355-2593832	NB551033:137:HK33LBGX9:4:12503:14951:13740#0/1	97.351	151	4	0	801	951	1	151	3.79e-66	257
NC_011593.1:c2595355-2593832	NB551033:137:HK33LBGX9:4:12402:16626:7870#0/1	97.351	151	4	0	847	997	1	151	3.79e-66	257
NC_011593.1:c2595355-2593832	NB551033:137:HK33LBGX9:3:22410:12947:17413#0/1	97.351	151	4	0	847	997	1	151	3.79e-66	257
NC_011593.1:c2595355-2593832	NB551033:137:HK33LBGX9:3:12503:6553:16944#0/1	97.351	151	4	0	842	992	1	151	3.79e-66	257
NC_011593.1:c2595355-2593832	NB551033:137:HK33LBGX9:4:12402:16626:7870#0/2	97.333	150	4	0	858	1007	150	1	1.36e-65	255
NC_011593.1:c2595355-2593832	NB551033:137:HK33LBGX9:3:21402:12364:12959#0/2	97.333	150	4	0	126	275	150	1	1.36e-65	255
NC_011593.1:c2595355-2593832	NB551033:137:HK33LBGX9:3:12503:6553:16944#0/2	97.333	150	4	0	865	1014	150	1	1.36e-65	255
NC_011593.1:c2595355-2593832	NB551033:137:HK33LBGX9:2:11110:14754:14913#0/2	97.333	150	4	0	288	437	150	1	1.36e-65	255
NC_011593.1:c2595355-2593832	NB551033:137:HK33LBGX9:1:11107:20185:9692#0/2	97.959	147	3	0	756	902	1	147	1.36e-65	255
NC_011593.1:c2595355-2593832	NB551033:137:HK33LBGX9:3:21612:7845:17270#0/1	97.333	150	4	0	1092	1241	1	150	1.36e-65	255
NC_011593.1:c2595355-2593832	NB551033:137:HK33LBGX9:1:12108:10058:9720#0/1	97.333	150	4	0	850	999	150	1	1.36e-65	255
NC_011593.1:c2595355-2593832	NB551033:137:HK33LBGX9:3:13604:10766:10926#0/1	97.315	149	4	0	1171	1319	1	149	4.91e-65	254
NC_011593.1:c2595355-2593832	NB551033:137:HK33LBGX9:3:23612:16561:1596#0/2	96.689	151	5	0	316	466	151	1	1.76e-64	252
NC_011593.1:c2595355-2593832	NB551033:137:HK33LBGX9:3:23605:26504:16872#0/2	96.689	151	5	0	64	214	1	151	1.76e-64	252
NC_011593.1:c2595355-2593832	NB551033:137:HK33LBGX9:1:12104:7155:18955#0/2	97.931	145	3	0	99	243	1	145	1.76e-64	252
NC_011593.1:c2595355-2593832	NB551033:137:HK33LBGX9:3:23605:26504:16872#0/1	96.689	151	5	0	66	216	151	1	1.76e-64	252
NC_011593.1:c2595355-2593832	NB551033:137:HK33LBGX9:1:12104:7155:18955#0/1	96.689	151	5	0	176	326	151	1	1.76e-64	252
NC_011593.1:c2595355-2593832	NB551033:137:HK33LBGX9:4:22505:10337:7439#0/2	96.667	150	5	0	1295	1444	1	150	6.35e-64	250
NC_011593.1:c2595355-2593832	NB551033:137:HK33LBGX9:4:21608:1375:13640#0/2	96.667	150	5	0	318	467	1	150	6.35e-64	250
NC_011593.1:c2595355-2593832	NB551033:137:HK33LBGX9:4:12503:14951:13740#0/2	96.667	150	5	0	858	1007	150	1	6.35e-64	250
NC_011593.1:c2595355-2593832	NB551033:137:HK33LBGX9:2:22305:24553:8076#0/1	96.667	150	5	0	323	472	1	150	6.35e-64	250
NC_011593.1:c2595355-2593832	NB551033:137:HK33LBGX9:2:11110:14754:14913#0/1	96.667	150	5	0	192	341	1	150	6.35e-64	250
NC_011593.1:c2595355-2593832	NB551033:137:HK33LBGX9:4:11512:20069:6423#0/2	97.241	145	4	0	52	196	6	150	8.21e-63	246
NC_011593.1:c2595355-2593832	NB551033:137:HK33LBGX9:3:13610:7969:10716#0/2	96.026	151	6	0	1301	1451	151	1	8.21e-63	246
NC_011593.1:c2595355-2593832	NB551033:137:HK33LBGX9:4:11512:20069:6423#0/1	96.026	151	6	0	307	457	151	1	8.21e-63	246
NC_011593.1:c2595355-2593832	NB551033:137:HK33LBGX9:1:22209:11075:18910#0/1	97.887	142	3	0	1124	1265	142	1	8.21e-63	246
NC_011593.1:c2595355-2593832	NB551033:137:HK33LBGX9:3:22507:2955:13554#0/2	96.000	150	6	0	304	453	150	1	2.95e-62	244
NC_011593.1:c2595355-2593832	NB551033:137:HK33LBGX9:2:22302:21668:12164#0/2	96.000	150	6	0	267	416	1	150	2.95e-62	244
NC_011593.1:c2595355-2593832	NB551033:137:HK33LBGX9:2:22302:21668:12164#0/1	96.000	150	6	0	288	437	150	1	2.95e-62	244
NC_011593.1:c2595355-2593832	NB551033:137:HK33LBGX9:1:13305:8137:11668#0/1	95.973	149	6	0	657	805	1	149	1.06e-61	243
NC_011593.1:c2595355-2593832	NB551033:137:HK33LBGX9:3:12402:17888:8630#0/2	95.364	151	7	0	673	823	1	151	3.82e-61	241
NC_011593.1:c2595355-2593832	NB551033:137:HK33LBGX9:1:11102:26220:13625#0/2	95.364	151	7	0	233	383	151	1	3.82e-61	241
NC_011593.1:c2595355-2593832	NB551033:137:HK33LBGX9:3:11406:7088:7019#0/1	95.364	151	7	0	214	364	151	1	3.82e-61	241
NC_011593.1:c2595355-2593832	NB551033:137:HK33LBGX9:1:22106:4305:19803#0/2	95.918	147	6	0	412	558	151	5	1.37e-60	239
NC_011593.1:c2595355-2593832	NB551033:137:HK33LBGX9:1:22106:4305:19803#0/1	95.918	147	6	0	412	558	3	149	1.37e-60	239
NC_011593.1:c2595355-2593832	NB551033:137:HK33LBGX9:3:11406:7088:7019#0/2	95.302	149	7	0	211	359	3	151	4.94e-60	237
NC_011593.1:c2595355-2593832	NB551033:137:HK33LBGX9:3:22503:9375:7580#0/2	98.496	133	2	0	1238	1370	1	133	1.78e-59	235
NC_011593.1:c2595355-2593832	NB551033:137:HK33LBGX9:4:13406:12042:5000#0/2	99.200	125	1	0	525	649	125	1	1.07e-56	226
NC_011593.1:c2595355-2593832	NB551033:137:HK33LBGX9:4:13406:12042:5000#0/1	99.200	125	1	0	525	649	1	125	1.07e-56	226
NC_011593.1:c2595355-2593832	NB551033:137:HK33LBGX9:1:22208:19135:19710#0/1	97.692	130	3	0	1274	1403	132	3	3.85e-56	224
NC_011593.1:c2595355-2593832	NB551033:137:HK33LBGX9:2:22308:20450:19245#0/2	95.000	140	7	0	670	809	140	1	4.98e-55	220
NC_011593.1:c2595355-2593832	NB551033:137:HK33LBGX9:3:13610:7969:10716#0/1	96.947	131	4	0	1251	1381	1	131	4.98e-55	220
NC_011593.1:c2595355-2593832	NB551033:137:HK33LBGX9:1:11203:16206:12340#0/1	96.032	126	5	0	705	830	1	126	1.39e-50	206
NC_011593.1:c2595355-2593832	NB551033:137:HK33LBGX9:4:13607:13334:5942#0/2	98.246	114	2	0	1116	1229	114	1	6.48e-49	200
NC_011593.1:c2595355-2593832	NB551033:137:HK33LBGX9:4:13607:13334:5942#0/1	98.246	114	2	0	1116	1229	1	114	6.48e-49	200
NC_011593.1:c2595355-2593832	NB551033:137:HK33LBGX9:3:21405:5499:10273#0/2	95.041	121	6	0	389	509	121	1	3.90e-46	191
NC_011593.1:c2595355-2593832	NB551033:137:HK33LBGX9:3:11602:23760:9204#0/2	96.522	115	4	0	705	819	115	1	3.90e-46	191
NC_011593.1:c2595355-2593832	NB551033:137:HK33LBGX9:3:21405:5499:10273#0/1	95.041	121	6	0	389	509	1	121	3.90e-46	191
NC_011593.1:c2595355-2593832	NB551033:137:HK33LBGX9:3:11602:23760:9204#0/1	96.522	115	4	0	705	819	1	115	3.90e-46	191
NC_011593.1:c2595355-2593832	NB551033:137:HK33LBGX9:3:22507:26149:15001#0/2	97.273	110	3	0	1090	1199	1	110	5.05e-45	187
NC_011593.1:c2595355-2593832	NB551033:137:HK33LBGX9:3:22507:26149:15001#0/1	97.273	110	3	0	1090	1199	110	1	5.05e-45	187
NC_011593.1:c2595355-2593832	NB551033:137:HK33LBGX9:4:12508:8649:18162#0/2	98.095	105	2	0	1284	1388	105	1	6.53e-44	183
NC_011593.1:c2595355-2593832	NB551033:137:HK33LBGX9:4:12508:8649:18162#0/1	98.095	105	2	0	1284	1388	1	105	6.53e-44	183
NC_011593.1:c2595355-2593832	NB551033:137:HK33LBGX9:2:12305:2723:14526#0/2	97.143	105	3	0	1366	1470	130	26	3.04e-42	178
NC_011593.1:c2595355-2593832	NB551033:137:HK33LBGX9:1:22212:13146:15435#0/2	96.296	108	4	0	711	818	1	108	3.04e-42	178
NC_011593.1:c2595355-2593832	NB551033:137:HK33LBGX9:1:12305:8080:2929#0/2	95.495	111	5	0	625	735	111	1	3.04e-42	178
NC_011593.1:c2595355-2593832	NB551033:137:HK33LBGX9:2:12305:2723:14526#0/1	97.143	105	3	0	1366	1470	1	105	3.04e-42	178
NC_011593.1:c2595355-2593832	NB551033:137:HK33LBGX9:1:22212:13146:15435#0/1	96.296	108	4	0	711	818	108	1	3.04e-42	178
NC_011593.1:c2595355-2593832	NB551033:137:HK33LBGX9:1:12305:8080:2929#0/1	95.495	111	5	0	625	735	1	111	3.04e-42	178
NC_011593.1:c2595355-2593832	NB551033:137:HK33LBGX9:1:22306:11032:4846#0/2	95.413	109	5	0	372	480	109	1	3.93e-41	174
NC_011593.1:c2595355-2593832	NB551033:137:HK33LBGX9:1:22306:11032:4846#0/1	95.413	109	5	0	372	480	1	109	3.93e-41	174
NC_011593.1:c2595355-2593832	NB551033:137:HK33LBGX9:3:22608:2292:4334#0/2	97.030	101	3	0	810	910	1	101	5.08e-40	171
NC_011593.1:c2595355-2593832	NB551033:137:HK33LBGX9:3:22608:2292:4334#0/1	97.030	101	3	0	810	910	101	1	5.08e-40	171
NC_011593.1:c2595355-2593832	NB551033:137:HK33LBGX9:2:21108:25986:8965#0/1	96.939	98	3	0	1373	1470	1	98	2.36e-38	165
NC_011593.1:c2595355-2593832	NB551033:137:HK33LBGX9:1:12305:26165:11956#0/2	98.901	91	1	0	796	886	91	1	8.51e-38	163
NC_011593.1:c2595355-2593832	NB551033:137:HK33LBGX9:1:12305:26165:11956#0/1	98.901	91	1	0	796	886	1	91	8.51e-38	163
NC_011593.1:c2595355-2593832	NB551033:137:HK33LBGX9:4:23507:22241:15565#0/1	97.701	87	2	0	1274	1360	87	1	6.62e-34	150
NC_011593.1:c2595355-2593832	NB551033:137:HK33LBGX9:3:23610:18386:8480#0/2	98.765	81	1	0	389	469	1	81	3.08e-32	145
NC_011593.1:c2595355-2593832	NB551033:137:HK33LBGX9:3:23610:18386:8480#0/1	98.765	81	1	0	389	469	81	1	3.08e-32	145
NC_011593.1:c2595355-2593832	NB551033:137:HK33LBGX9:2:21307:10364:11446#0/2	96.512	86	3	0	500	585	1	86	1.11e-31	143
NC_011593.1:c2595355-2593832	NB551033:137:HK33LBGX9:2:23212:16536:7243#0/2	96.386	83	3	0	254	336	83	1	5.16e-30	137
NC_011593.1:c2595355-2593832	NB551033:137:HK33LBGX9:2:22308:20450:19245#0/1	95.238	84	4	0	511	594	1	84	6.67e-29	134
NC_011593.1:c2595355-2593832	NB551033:137:HK33LBGX9:2:23212:16536:7243#0/1	97.403	77	2	0	254	330	1	77	2.40e-28	132
NC_011593.1:c2595355-2593832	NB551033:137:HK33LBGX9:4:22505:10337:7439#0/1	100.000	32	0	0	1439	1470	151	120	1.15e-06	60.2
# BLASTN 2.9.0+
# Query: NC_011593.1:c2597106-2595574 Bifidobacterium longum subsp. infantis ATCC 15697, complete genome
# Database: db/blast_M0863-3F-1A_S81.faa
# Fields: query acc.ver, subject acc.ver, % identity, alignment length, mismatches, gap opens, q. start, q. end, s. start, s. end, evalue, bit score
# 16 hits found
NC_011593.1:c2597106-2595574	NB551033:137:HK33LBGX9:3:11406:7088:7019#0/2	95.726	117	5	0	214	330	6	122	1.41e-45	189
NC_011593.1:c2597106-2595574	NB551033:137:HK33LBGX9:3:11406:7088:7019#0/1	95.000	120	6	0	214	333	151	32	1.41e-45	189
NC_011593.1:c2597106-2595574	NB551033:137:HK33LBGX9:3:21402:12364:12959#0/1	95.283	106	5	0	1	106	45	150	1.84e-39	169
NC_011593.1:c2597106-2595574	NB551033:137:HK33LBGX9:1:21307:10480:3625#0/2	95.960	99	4	0	768	866	1	99	3.08e-37	161
NC_011593.1:c2597106-2595574	NB551033:137:HK33LBGX9:1:21307:10480:3625#0/1	95.960	99	4	0	768	866	99	1	3.08e-37	161
NC_011593.1:c2597106-2595574	NB551033:137:HK33LBGX9:3:23610:18386:8480#0/2	96.296	81	3	0	389	469	1	81	6.71e-29	134
NC_011593.1:c2597106-2595574	NB551033:137:HK33LBGX9:1:21107:7232:1549#0/2	100.000	72	0	0	1	72	72	1	6.71e-29	134
NC_011593.1:c2597106-2595574	NB551033:137:HK33LBGX9:3:23610:18386:8480#0/1	96.296	81	3	0	389	469	81	1	6.71e-29	134
NC_011593.1:c2597106-2595574	NB551033:137:HK33LBGX9:3:23612:16561:1596#0/1	100.000	62	0	0	1	62	89	150	2.43e-23	115
NC_011593.1:c2597106-2595574	NB551033:137:HK33LBGX9:3:11602:23760:9204#0/2	95.588	68	3	0	752	819	68	1	1.13e-21	110
NC_011593.1:c2597106-2595574	NB551033:137:HK33LBGX9:3:11602:23760:9204#0/1	95.588	68	3	0	752	819	48	115	1.13e-21	110
NC_011593.1:c2597106-2595574	NB551033:137:HK33LBGX9:1:22212:13146:15435#0/2	95.522	67	3	0	752	818	42	108	4.07e-21	108
NC_011593.1:c2597106-2595574	NB551033:137:HK33LBGX9:1:22212:13146:15435#0/1	95.522	67	3	0	752	818	67	1	4.07e-21	108
NC_011593.1:c2597106-2595574	NB551033:137:HK33LBGX9:3:12609:5932:2786#0/2	100.000	55	0	0	1	55	55	1	1.89e-19	102
NC_011593.1:c2597106-2595574	NB551033:137:HK33LBGX9:1:22206:8221:11741#0/2	100.000	55	0	0	1	55	55	1	1.89e-19	102
NC_011593.1:c2597106-2595574	NB551033:137:HK33LBGX9:4:22505:10337:7439#0/1	100.000	32	0	0	1439	1470	151	120	1.15e-06	60.2
# BLASTN 2.9.0+
# Query: NC_011593.1:c2598562-2597207 Bifidobacterium longum subsp. infantis ATCC 15697, complete genome
# Database: db/blast_M0863-3F-1A_S81.faa
# Fields: query acc.ver, subject acc.ver, % identity, alignment length, mismatches, gap opens, q. start, q. end, s. start, s. end, evalue, bit score
# 96 hits found
NC_011593.1:c2598562-2597207	NB551033:137:HK33LBGX9:4:21606:12235:11201#0/2	100.000	151	0	0	399	549	1	151	7.18e-73	279
NC_011593.1:c2598562-2597207	NB551033:137:HK33LBGX9:4:13505:25476:9939#0/2	100.000	151	0	0	358	508	1	151	7.18e-73	279
NC_011593.1:c2598562-2597207	NB551033:137:HK33LBGX9:3:21603:6298:18480#0/2	100.000	151	0	0	509	659	1	151	7.18e-73	279
NC_011593.1:c2598562-2597207	NB551033:137:HK33LBGX9:2:21112:3722:12793#0/2	100.000	151	0	0	909	1059	1	151	7.18e-73	279
NC_011593.1:c2598562-2597207	NB551033:137:HK33LBGX9:4:12511:8582:19544#0/1	100.000	151	0	0	1195	1345	151	1	7.18e-73	279
NC_011593.1:c2598562-2597207	NB551033:137:HK33LBGX9:4:12402:26626:11739#0/1	100.000	151	0	0	533	683	1	151	7.18e-73	279
NC_011593.1:c2598562-2597207	NB551033:137:HK33LBGX9:2:13305:8446:13244#0/1	100.000	151	0	0	367	517	1	151	7.18e-73	279
NC_011593.1:c2598562-2597207	NB551033:137:HK33LBGX9:1:23212:18720:16581#0/1	100.000	151	0	0	511	661	1	151	7.18e-73	279
NC_011593.1:c2598562-2597207	NB551033:137:HK33LBGX9:1:21208:7721:17697#0/1	100.000	151	0	0	883	1033	1	151	7.18e-73	279
NC_011593.1:c2598562-2597207	NB551033:137:HK33LBGX9:1:13204:22778:10405#0/1	100.000	151	0	0	368	518	1	151	7.18e-73	279
NC_011593.1:c2598562-2597207	NB551033:137:HK33LBGX9:4:12403:1114:11723#0/2	100.000	150	0	0	790	939	150	1	2.58e-72	278
NC_011593.1:c2598562-2597207	NB551033:137:HK33LBGX9:4:12402:26626:11739#0/2	100.000	150	0	0	790	939	150	1	2.58e-72	278
NC_011593.1:c2598562-2597207	NB551033:137:HK33LBGX9:3:22602:14953:17379#0/2	100.000	150	0	0	220	369	1	150	2.58e-72	278
NC_011593.1:c2598562-2597207	NB551033:137:HK33LBGX9:3:22504:17837:8045#0/2	100.000	150	0	0	256	405	1	150	2.58e-72	278
NC_011593.1:c2598562-2597207	NB551033:137:HK33LBGX9:2:13305:8446:13244#0/2	100.000	150	0	0	527	676	150	1	2.58e-72	278
NC_011593.1:c2598562-2597207	NB551033:137:HK33LBGX9:2:11210:19476:4710#0/2	100.000	150	0	0	887	1036	1	150	2.58e-72	278
NC_011593.1:c2598562-2597207	NB551033:137:HK33LBGX9:1:23305:5057:12212#0/2	100.000	150	0	0	253	402	150	1	2.58e-72	278
NC_011593.1:c2598562-2597207	NB551033:137:HK33LBGX9:1:23212:18720:16581#0/2	100.000	150	0	0	648	797	150	1	2.58e-72	278
NC_011593.1:c2598562-2597207	NB551033:137:HK33LBGX9:1:23107:11646:18360#0/2	100.000	150	0	0	615	764	150	1	2.58e-72	278
NC_011593.1:c2598562-2597207	NB551033:137:HK33LBGX9:1:13204:22778:10405#0/2	100.000	150	0	0	548	697	150	1	2.58e-72	278
NC_011593.1:c2598562-2597207	NB551033:137:HK33LBGX9:1:12208:24684:7840#0/2	100.000	150	0	0	258	407	1	150	2.58e-72	278
NC_011593.1:c2598562-2597207	NB551033:137:HK33LBGX9:4:23610:2644:7905#0/1	100.000	150	0	0	615	764	150	1	2.58e-72	278
NC_011593.1:c2598562-2597207	NB551033:137:HK33LBGX9:4:12403:1114:11723#0/1	100.000	150	0	0	533	682	1	150	2.58e-72	278
NC_011593.1:c2598562-2597207	NB551033:137:HK33LBGX9:3:12605:3179:16329#0/1	100.000	150	0	0	869	1018	1	150	2.58e-72	278
NC_011593.1:c2598562-2597207	NB551033:137:HK33LBGX9:1:23107:11646:18360#0/1	100.000	150	0	0	262	411	1	150	2.58e-72	278
NC_011593.1:c2598562-2597207	NB551033:137:HK33LBGX9:1:12208:24684:7840#0/1	100.000	150	0	0	340	489	150	1	2.58e-72	278
NC_011593.1:c2598562-2597207	NB551033:137:HK33LBGX9:4:23610:2644:7905#0/2	99.338	151	1	0	548	698	1	151	3.34e-71	274
NC_011593.1:c2598562-2597207	NB551033:137:HK33LBGX9:4:11401:6194:7718#0/1	99.338	151	1	0	1195	1345	151	1	3.34e-71	274
NC_011593.1:c2598562-2597207	NB551033:137:HK33LBGX9:3:12504:10900:11706#0/1	99.338	151	1	0	211	361	1	151	3.34e-71	274
NC_011593.1:c2598562-2597207	NB551033:137:HK33LBGX9:1:22108:10959:4758#0/1	100.000	148	0	0	486	633	1	148	3.34e-71	274
NC_011593.1:c2598562-2597207	NB551033:137:HK33LBGX9:1:21304:1476:10448#0/2	99.333	150	1	0	829	978	150	1	1.20e-70	272
NC_011593.1:c2598562-2597207	NB551033:137:HK33LBGX9:1:11106:8464:17898#0/2	99.333	150	1	0	766	915	150	1	1.20e-70	272
NC_011593.1:c2598562-2597207	NB551033:137:HK33LBGX9:1:11106:8464:17898#0/1	99.333	150	1	0	721	870	1	150	1.20e-70	272
NC_011593.1:c2598562-2597207	NB551033:137:HK33LBGX9:4:23402:21229:18733#0/2	98.675	151	2	0	764	914	1	151	1.56e-69	268
NC_011593.1:c2598562-2597207	NB551033:137:HK33LBGX9:4:23402:21229:18733#0/1	98.667	150	2	0	779	928	150	1	5.59e-69	267
NC_011593.1:c2598562-2597207	NB551033:137:HK33LBGX9:4:21606:12235:11201#0/1	98.675	151	1	1	624	774	150	1	5.59e-69	267
NC_011593.1:c2598562-2597207	NB551033:137:HK33LBGX9:3:11608:22404:4524#0/1	100.000	144	0	0	138	281	8	151	5.59e-69	267
NC_011593.1:c2598562-2597207	NB551033:137:HK33LBGX9:1:22108:10959:4758#0/2	100.000	142	0	0	512	653	142	1	7.24e-68	263
NC_011593.1:c2598562-2597207	NB551033:137:HK33LBGX9:3:12504:10900:11706#0/2	98.000	150	3	0	258	407	150	1	2.60e-67	261
NC_011593.1:c2598562-2597207	NB551033:137:HK33LBGX9:2:11104:14193:11081#0/1	97.973	148	3	0	242	389	148	1	3.37e-66	257
NC_011593.1:c2598562-2597207	NB551033:137:HK33LBGX9:2:22202:18957:10351#0/2	100.000	138	0	0	636	773	1	138	1.21e-65	255
NC_011593.1:c2598562-2597207	NB551033:137:HK33LBGX9:1:21312:3881:14255#0/2	100.000	138	0	0	666	803	138	1	1.21e-65	255
NC_011593.1:c2598562-2597207	NB551033:137:HK33LBGX9:3:22504:17837:8045#0/1	100.000	138	0	0	270	407	138	1	1.21e-65	255
NC_011593.1:c2598562-2597207	NB551033:137:HK33LBGX9:1:21312:3881:14255#0/1	99.286	140	1	0	664	803	1	140	4.35e-65	254
NC_011593.1:c2598562-2597207	NB551033:137:HK33LBGX9:3:22602:14953:17379#0/1	98.592	142	2	0	521	662	142	1	1.57e-64	252
NC_011593.1:c2598562-2597207	NB551033:137:HK33LBGX9:1:21310:2127:5590#0/2	100.000	128	0	0	645	772	128	1	4.39e-60	237
NC_011593.1:c2598562-2597207	NB551033:137:HK33LBGX9:4:11409:20829:20000#0/1	99.237	131	1	0	915	1045	1	131	4.39e-60	237
NC_011593.1:c2598562-2597207	NB551033:137:HK33LBGX9:1:21310:2127:5590#0/1	100.000	128	0	0	645	772	1	128	4.39e-60	237
NC_011593.1:c2598562-2597207	NB551033:137:HK33LBGX9:4:11401:6194:7718#0/2	100.000	126	0	0	1058	1183	6	131	5.67e-59	233
NC_011593.1:c2598562-2597207	NB551033:137:HK33LBGX9:2:21312:25269:2362#0/2	100.000	126	0	0	1194	1319	126	1	5.67e-59	233
NC_011593.1:c2598562-2597207	NB551033:137:HK33LBGX9:3:12511:22120:6057#0/1	100.000	126	0	0	1058	1183	6	131	5.67e-59	233
NC_011593.1:c2598562-2597207	NB551033:137:HK33LBGX9:2:23209:19836:14545#0/1	100.000	125	0	0	1232	1356	1	125	2.04e-58	231
NC_011593.1:c2598562-2597207	NB551033:137:HK33LBGX9:3:12405:1660:4894#0/2	98.438	128	2	0	915	1042	1	128	9.49e-57	226
NC_011593.1:c2598562-2597207	NB551033:137:HK33LBGX9:4:11606:14641:16632#0/2	100.000	121	0	0	533	653	121	1	3.41e-56	224
NC_011593.1:c2598562-2597207	NB551033:137:HK33LBGX9:4:11606:14641:16632#0/1	100.000	121	0	0	533	653	1	121	3.41e-56	224
NC_011593.1:c2598562-2597207	NB551033:137:HK33LBGX9:4:21609:15464:8102#0/2	100.000	120	0	0	1194	1313	120	1	1.23e-55	222
NC_011593.1:c2598562-2597207	NB551033:137:HK33LBGX9:4:21609:15464:8102#0/1	100.000	120	0	0	1194	1313	5	124	1.23e-55	222
NC_011593.1:c2598562-2597207	NB551033:137:HK33LBGX9:4:13505:25476:9939#0/1	100.000	118	0	0	498	615	118	1	1.59e-54	219
NC_011593.1:c2598562-2597207	NB551033:137:HK33LBGX9:2:22302:1695:1238#0/2	100.000	117	0	0	1229	1345	117	1	5.71e-54	217
NC_011593.1:c2598562-2597207	NB551033:137:HK33LBGX9:1:23305:5057:12212#0/1	100.000	114	0	0	138	251	37	150	2.66e-52	211
NC_011593.1:c2598562-2597207	NB551033:137:HK33LBGX9:3:12402:26370:18792#0/2	99.115	113	1	0	1058	1170	6	118	4.45e-50	204
NC_011593.1:c2598562-2597207	NB551033:137:HK33LBGX9:4:22504:6682:14615#0/2	100.000	105	0	0	960	1064	1	105	2.68e-47	195
NC_011593.1:c2598562-2597207	NB551033:137:HK33LBGX9:4:11409:20829:20000#0/2	100.000	105	0	0	960	1064	151	47	2.68e-47	195
NC_011593.1:c2598562-2597207	NB551033:137:HK33LBGX9:1:13310:14758:13592#0/1	100.000	105	0	0	960	1064	1	105	2.68e-47	195
NC_011593.1:c2598562-2597207	NB551033:137:HK33LBGX9:4:13502:6476:1447#0/1	99.065	107	1	0	1250	1356	150	44	9.63e-47	193
NC_011593.1:c2598562-2597207	NB551033:137:HK33LBGX9:3:11608:22404:4524#0/2	100.000	100	0	0	202	301	100	1	1.61e-44	185
NC_011593.1:c2598562-2597207	NB551033:137:HK33LBGX9:1:21208:7721:17697#0/2	98.947	95	1	0	970	1064	151	57	4.51e-40	171
NC_011593.1:c2598562-2597207	NB551033:137:HK33LBGX9:3:23508:10454:13587#0/1	100.000	90	0	0	1225	1314	1	90	5.84e-39	167
NC_011593.1:c2598562-2597207	NB551033:137:HK33LBGX9:3:21603:6298:18480#0/1	100.000	90	0	0	958	1047	90	1	5.84e-39	167
NC_011593.1:c2598562-2597207	NB551033:137:HK33LBGX9:2:11210:19476:4710#0/1	100.000	89	0	0	976	1064	150	62	2.10e-38	165
NC_011593.1:c2598562-2597207	NB551033:137:HK33LBGX9:1:21304:1476:10448#0/1	100.000	89	0	0	461	549	1	89	2.10e-38	165
NC_011593.1:c2598562-2597207	NB551033:137:HK33LBGX9:4:23409:25916:7009#0/2	100.000	87	0	0	1058	1144	87	1	2.72e-37	161
NC_011593.1:c2598562-2597207	NB551033:137:HK33LBGX9:1:22203:20851:15497#0/2	100.000	87	0	0	1059	1145	87	1	2.72e-37	161
NC_011593.1:c2598562-2597207	NB551033:137:HK33LBGX9:4:13504:6666:16481#0/2	100.000	85	0	0	1058	1142	67	151	3.51e-36	158
NC_011593.1:c2598562-2597207	NB551033:137:HK33LBGX9:4:11407:3118:3694#0/2	100.000	84	0	0	960	1043	1	84	1.26e-35	156
NC_011593.1:c2598562-2597207	NB551033:137:HK33LBGX9:3:23510:25043:1235#0/2	100.000	76	0	0	138	213	76	1	3.54e-31	141
NC_011593.1:c2598562-2597207	NB551033:137:HK33LBGX9:4:12402:18723:17446#0/1	100.000	76	0	0	989	1064	1	76	3.54e-31	141
NC_011593.1:c2598562-2597207	NB551033:137:HK33LBGX9:4:23611:2708:2202#0/1	100.000	75	0	0	315	389	75	1	1.27e-30	139
NC_011593.1:c2598562-2597207	NB551033:137:HK33LBGX9:3:12511:22120:6057#0/2	100.000	72	0	0	1285	1356	151	80	5.92e-29	134
NC_011593.1:c2598562-2597207	NB551033:137:HK33LBGX9:3:21602:20223:18150#0/2	98.611	72	1	0	1	72	74	145	2.75e-27	128
NC_011593.1:c2598562-2597207	NB551033:137:HK33LBGX9:4:22504:6682:14615#0/1	100.000	68	0	0	997	1064	150	83	9.91e-27	126
NC_011593.1:c2598562-2597207	NB551033:137:HK33LBGX9:4:12402:18723:17446#0/2	100.000	67	0	0	998	1064	151	85	3.56e-26	124
NC_011593.1:c2598562-2597207	NB551033:137:HK33LBGX9:2:11205:16044:3607#0/2	100.000	59	0	0	1298	1356	1	59	9.98e-22	110
NC_011593.1:c2598562-2597207	NB551033:137:HK33LBGX9:4:13504:6666:16481#0/1	100.000	58	0	0	1299	1356	137	80	3.59e-21	108
NC_011593.1:c2598562-2597207	NB551033:137:HK33LBGX9:2:12208:21399:2833#0/2	100.000	56	0	0	1301	1356	150	95	4.64e-20	104
NC_011593.1:c2598562-2597207	NB551033:137:HK33LBGX9:4:22612:14635:18034#0/1	100.000	56	0	0	1301	1356	84	29	4.64e-20	104
NC_011593.1:c2598562-2597207	NB551033:137:HK33LBGX9:2:21106:11892:11179#0/2	100.000	55	0	0	138	192	57	3	1.67e-19	102
NC_011593.1:c2598562-2597207	NB551033:137:HK33LBGX9:3:12605:3179:16329#0/2	100.000	49	0	0	1016	1064	150	102	3.61e-16	91.6
NC_011593.1:c2598562-2597207	NB551033:137:HK33LBGX9:1:23211:15497:1911#0/2	100.000	47	0	0	1310	1356	116	70	4.67e-15	87.9
NC_011593.1:c2598562-2597207	NB551033:137:HK33LBGX9:4:23411:23590:5445#0/1	100.000	47	0	0	1310	1356	1	47	4.67e-15	87.9
NC_011593.1:c2598562-2597207	NB551033:137:HK33LBGX9:1:23211:15497:1911#0/1	100.000	47	0	0	1310	1356	1	47	4.67e-15	87.9
NC_011593.1:c2598562-2597207	NB551033:137:HK33LBGX9:4:12405:23442:7118#0/2	100.000	46	0	0	1311	1356	1	46	1.68e-14	86.1
NC_011593.1:c2598562-2597207	NB551033:137:HK33LBGX9:2:23212:1142:17699#0/2	97.872	47	1	0	1	47	47	1	2.17e-13	82.4
NC_011593.1:c2598562-2597207	NB551033:137:HK33LBGX9:3:21608:12977:19045#0/1	100.000	38	0	0	1319	1356	1	38	4.71e-10	71.3
NC_011593.1:c2598562-2597207	NB551033:137:HK33LBGX9:1:11302:25737:8880#0/1	100.000	30	0	0	1327	1356	151	122	1.32e-05	56.5
NC_011593.1:c2598562-2597207	NB551033:137:HK33LBGX9:2:23209:19836:14545#0/2	100.000	29	0	0	1328	1356	150	122	4.74e-05	54.7
# BLASTN 2.9.0+
# Query: NC_011593.1:2598858-2601929 Bifidobacterium longum subsp. infantis ATCC 15697, complete genome
# Database: db/blast_M0863-3F-1A_S81.faa
# Fields: query acc.ver, subject acc.ver, % identity, alignment length, mismatches, gap opens, q. start, q. end, s. start, s. end, evalue, bit score
# 217 hits found
NC_011593.1:2598858-2601929	NB551033:137:HK33LBGX9:4:13501:24695:2599#0/2	100.000	151	0	0	1558	1708	1	151	1.63e-72	279
NC_011593.1:2598858-2601929	NB551033:137:HK33LBGX9:3:13403:20960:16050#0/2	100.000	151	0	0	1941	2091	1	151	1.63e-72	279
NC_011593.1:2598858-2601929	NB551033:137:HK33LBGX9:2:23312:4661:14111#0/2	100.000	151	0	0	1721	1871	1	151	1.63e-72	279
NC_011593.1:2598858-2601929	NB551033:137:HK33LBGX9:4:13403:17217:20141#0/1	100.000	151	0	0	1655	1805	151	1	1.63e-72	279
NC_011593.1:2598858-2601929	NB551033:137:HK33LBGX9:3:21409:3158:5955#0/1	100.000	151	0	0	923	1073	151	1	1.63e-72	279
NC_011593.1:2598858-2601929	NB551033:137:HK33LBGX9:1:13302:11180:1320#0/1	100.000	151	0	0	1742	1892	1	151	1.63e-72	279
NC_011593.1:2598858-2601929	NB551033:137:HK33LBGX9:1:11108:17582:12263#0/1	100.000	151	0	0	1961	2111	1	151	1.63e-72	279
NC_011593.1:2598858-2601929	NB551033:137:HK33LBGX9:4:13403:17217:20141#0/2	100.000	150	0	0	1569	1718	1	150	5.87e-72	278
NC_011593.1:2598858-2601929	NB551033:137:HK33LBGX9:3:11407:2925:11279#0/2	100.000	150	0	0	2399	2548	150	1	5.87e-72	278
NC_011593.1:2598858-2601929	NB551033:137:HK33LBGX9:1:23106:2259:10081#0/2	100.000	150	0	0	1939	2088	1	150	5.87e-72	278
NC_011593.1:2598858-2601929	NB551033:137:HK33LBGX9:1:21102:24571:15100#0/2	100.000	150	0	0	1599	1748	150	1	5.87e-72	278
NC_011593.1:2598858-2601929	NB551033:137:HK33LBGX9:1:13302:11180:1320#0/2	100.000	150	0	0	1907	2056	150	1	5.87e-72	278
NC_011593.1:2598858-2601929	NB551033:137:HK33LBGX9:4:22402:7015:19568#0/1	100.000	150	0	0	1920	2069	1	150	5.87e-72	278
NC_011593.1:2598858-2601929	NB551033:137:HK33LBGX9:3:23405:22016:9349#0/1	100.000	150	0	0	1719	1868	150	1	5.87e-72	278
NC_011593.1:2598858-2601929	NB551033:137:HK33LBGX9:3:11611:25112:14707#0/1	100.000	150	0	0	919	1068	1	150	5.87e-72	278
NC_011593.1:2598858-2601929	NB551033:137:HK33LBGX9:2:21311:14328:14796#0/1	100.000	150	0	0	1623	1772	150	1	5.87e-72	278
NC_011593.1:2598858-2601929	NB551033:137:HK33LBGX9:1:21102:24571:15100#0/1	100.000	150	0	0	1583	1732	1	150	5.87e-72	278
NC_011593.1:2598858-2601929	NB551033:137:HK33LBGX9:4:23401:2371:5365#0/1	100.000	149	0	0	1712	1860	1	149	2.11e-71	276
NC_011593.1:2598858-2601929	NB551033:137:HK33LBGX9:1:23106:2259:10081#0/1	100.000	149	0	0	1978	2126	149	1	2.11e-71	276
NC_011593.1:2598858-2601929	NB551033:137:HK33LBGX9:4:23401:2371:5365#0/2	99.338	151	1	0	1875	2025	151	1	7.59e-71	274
NC_011593.1:2598858-2601929	NB551033:137:HK33LBGX9:3:21408:11181:7342#0/2	100.000	148	0	0	1569	1716	1	148	7.59e-71	274
NC_011593.1:2598858-2601929	NB551033:137:HK33LBGX9:3:13411:21242:16907#0/2	99.338	151	1	0	1806	1956	151	1	7.59e-71	274
NC_011593.1:2598858-2601929	NB551033:137:HK33LBGX9:3:11611:25112:14707#0/2	99.338	151	1	0	965	1115	151	1	7.59e-71	274
NC_011593.1:2598858-2601929	NB551033:137:HK33LBGX9:3:11610:4031:8742#0/2	99.338	151	1	0	1845	1995	151	1	7.59e-71	274
NC_011593.1:2598858-2601929	NB551033:137:HK33LBGX9:2:21311:14328:14796#0/2	99.338	151	1	0	1537	1687	1	151	7.59e-71	274
NC_011593.1:2598858-2601929	NB551033:137:HK33LBGX9:2:13107:20758:13302#0/2	99.338	151	1	0	2433	2583	1	151	7.59e-71	274
NC_011593.1:2598858-2601929	NB551033:137:HK33LBGX9:1:12306:5472:19488#0/2	99.338	151	1	0	1860	2010	1	151	7.59e-71	274
NC_011593.1:2598858-2601929	NB551033:137:HK33LBGX9:1:11303:13757:13923#0/2	99.338	151	1	0	1952	2102	1	151	7.59e-71	274
NC_011593.1:2598858-2601929	NB551033:137:HK33LBGX9:3:21408:11181:7342#0/1	100.000	148	0	0	1944	2091	148	1	7.59e-71	274
NC_011593.1:2598858-2601929	NB551033:137:HK33LBGX9:3:13411:21242:16907#0/1	100.000	148	0	0	1713	1860	1	148	7.59e-71	274
NC_011593.1:2598858-2601929	NB551033:137:HK33LBGX9:2:23304:14713:13527#0/1	99.338	151	1	0	348	498	1	151	7.59e-71	274
NC_011593.1:2598858-2601929	NB551033:137:HK33LBGX9:2:23206:24216:9353#0/1	99.338	151	1	0	332	482	151	1	7.59e-71	274
NC_011593.1:2598858-2601929	NB551033:137:HK33LBGX9:4:23506:2871:8688#0/2	99.333	150	1	0	222	371	150	1	2.73e-70	272
NC_011593.1:2598858-2601929	NB551033:137:HK33LBGX9:4:21510:3337:9134#0/2	99.333	150	1	0	1010	1159	150	1	2.73e-70	272
NC_011593.1:2598858-2601929	NB551033:137:HK33LBGX9:3:23405:22016:9349#0/2	99.333	150	1	0	1539	1688	1	150	2.73e-70	272
NC_011593.1:2598858-2601929	NB551033:137:HK33LBGX9:2:23206:24216:9353#0/2	99.333	150	1	0	259	408	1	150	2.73e-70	272
NC_011593.1:2598858-2601929	NB551033:137:HK33LBGX9:2:12311:4353:8155#0/2	99.333	150	1	0	237	386	1	150	2.73e-70	272
NC_011593.1:2598858-2601929	NB551033:137:HK33LBGX9:1:21301:26417:12726#0/2	99.333	150	1	0	1870	2019	150	1	2.73e-70	272
NC_011593.1:2598858-2601929	NB551033:137:HK33LBGX9:1:13109:6012:7874#0/2	99.333	150	1	0	919	1068	1	150	2.73e-70	272
NC_011593.1:2598858-2601929	NB551033:137:HK33LBGX9:1:12110:26321:4345#0/2	99.333	150	1	0	1989	2138	1	150	2.73e-70	272
NC_011593.1:2598858-2601929	NB551033:137:HK33LBGX9:1:11206:19765:4413#0/2	99.333	150	1	0	1585	1734	150	1	2.73e-70	272
NC_011593.1:2598858-2601929	NB551033:137:HK33LBGX9:4:12611:20814:6137#0/1	99.333	150	1	0	1824	1973	1	150	2.73e-70	272
NC_011593.1:2598858-2601929	NB551033:137:HK33LBGX9:3:11610:4031:8742#0/1	99.333	150	1	0	1765	1914	1	150	2.73e-70	272
NC_011593.1:2598858-2601929	NB551033:137:HK33LBGX9:2:23312:4661:14111#0/1	100.000	147	0	0	2011	2157	151	5	2.73e-70	272
NC_011593.1:2598858-2601929	NB551033:137:HK33LBGX9:2:13107:20758:13302#0/1	99.333	150	1	0	2442	2591	151	2	2.73e-70	272
NC_011593.1:2598858-2601929	NB551033:137:HK33LBGX9:1:22311:14173:7070#0/1	99.333	150	1	0	2220	2369	150	1	2.73e-70	272
NC_011593.1:2598858-2601929	NB551033:137:HK33LBGX9:1:13201:13228:13905#0/1	99.333	150	1	0	2442	2591	151	2	2.73e-70	272
NC_011593.1:2598858-2601929	NB551033:137:HK33LBGX9:1:11206:19765:4413#0/1	99.333	150	1	0	1580	1729	1	150	2.73e-70	272
NC_011593.1:2598858-2601929	NB551033:137:HK33LBGX9:3:21608:24619:6859#0/2	99.329	149	1	0	301	449	149	1	9.82e-70	270
NC_011593.1:2598858-2601929	NB551033:137:HK33LBGX9:2:21102:17791:9307#0/2	99.329	149	1	0	171	319	149	1	9.82e-70	270
NC_011593.1:2598858-2601929	NB551033:137:HK33LBGX9:4:21402:14800:19533#0/1	100.000	146	0	0	2392	2537	146	1	9.82e-70	270
NC_011593.1:2598858-2601929	NB551033:137:HK33LBGX9:3:11609:12422:12515#0/1	99.329	149	1	0	2389	2537	1	149	9.82e-70	270
NC_011593.1:2598858-2601929	NB551033:137:HK33LBGX9:2:12311:4353:8155#0/1	99.329	149	1	0	385	533	151	3	9.82e-70	270
NC_011593.1:2598858-2601929	NB551033:137:HK33LBGX9:4:21402:14800:19533#0/2	99.324	148	1	0	2161	2308	3	150	3.53e-69	268
NC_011593.1:2598858-2601929	NB551033:137:HK33LBGX9:4:11407:19780:8203#0/2	98.675	151	2	0	1492	1642	1	151	3.53e-69	268
NC_011593.1:2598858-2601929	NB551033:137:HK33LBGX9:3:22404:5919:3061#0/2	98.675	151	2	0	1045	1195	1	151	3.53e-69	268
NC_011593.1:2598858-2601929	NB551033:137:HK33LBGX9:2:21309:6568:7279#0/2	98.675	151	2	0	1239	1389	151	1	3.53e-69	268
NC_011593.1:2598858-2601929	NB551033:137:HK33LBGX9:2:21204:23675:18100#0/2	98.675	151	2	0	640	790	1	151	3.53e-69	268
NC_011593.1:2598858-2601929	NB551033:137:HK33LBGX9:2:11104:22129:15281#0/2	98.675	151	2	0	71	221	151	1	3.53e-69	268
NC_011593.1:2598858-2601929	NB551033:137:HK33LBGX9:1:12206:19512:15751#0/2	98.675	151	2	0	1492	1642	1	151	3.53e-69	268
NC_011593.1:2598858-2601929	NB551033:137:HK33LBGX9:4:12401:22814:14444#0/1	98.675	151	2	0	2481	2631	1	151	3.53e-69	268
NC_011593.1:2598858-2601929	NB551033:137:HK33LBGX9:4:11407:19780:8203#0/1	98.684	152	0	1	1937	2088	150	1	3.53e-69	268
NC_011593.1:2598858-2601929	NB551033:137:HK33LBGX9:2:13301:4460:15281#0/1	98.675	151	2	0	1013	1163	151	1	3.53e-69	268
NC_011593.1:2598858-2601929	NB551033:137:HK33LBGX9:1:23110:2523:12725#0/1	98.675	151	2	0	2491	2641	151	1	3.53e-69	268
NC_011593.1:2598858-2601929	NB551033:137:HK33LBGX9:1:23110:6353:3838#0/1	98.675	151	2	0	2868	3018	151	1	3.53e-69	268
NC_011593.1:2598858-2601929	NB551033:137:HK33LBGX9:1:21301:26417:12726#0/1	99.324	148	1	0	1835	1982	1	148	3.53e-69	268
NC_011593.1:2598858-2601929	NB551033:137:HK33LBGX9:1:13109:6012:7874#0/1	98.675	151	2	0	965	1115	151	1	3.53e-69	268
NC_011593.1:2598858-2601929	NB551033:137:HK33LBGX9:1:12206:19512:15751#0/1	98.675	151	2	0	1498	1648	151	1	3.53e-69	268
NC_011593.1:2598858-2601929	NB551033:137:HK33LBGX9:1:12110:26321:4345#0/1	98.675	151	2	0	2175	2325	151	1	3.53e-69	268
NC_011593.1:2598858-2601929	NB551033:137:HK33LBGX9:4:11502:14845:3159#0/2	98.667	150	2	0	37	186	150	1	1.27e-68	267
NC_011593.1:2598858-2601929	NB551033:137:HK33LBGX9:3:23602:9132:7883#0/2	98.667	150	2	0	2790	2939	150	1	1.27e-68	267
NC_011593.1:2598858-2601929	NB551033:137:HK33LBGX9:2:21106:23913:10264#0/2	98.667	150	2	0	96	245	150	1	1.27e-68	267
NC_011593.1:2598858-2601929	NB551033:137:HK33LBGX9:2:11104:13600:19166#0/2	98.667	150	2	0	1063	1212	1	150	1.27e-68	267
NC_011593.1:2598858-2601929	NB551033:137:HK33LBGX9:1:22311:14173:7070#0/2	98.667	150	2	0	2140	2289	1	150	1.27e-68	267
NC_011593.1:2598858-2601929	NB551033:137:HK33LBGX9:1:21103:12697:14260#0/2	98.667	150	2	0	682	831	1	150	1.27e-68	267
NC_011593.1:2598858-2601929	NB551033:137:HK33LBGX9:1:11303:12014:13455#0/2	98.667	150	2	0	1018	1167	1	150	1.27e-68	267
NC_011593.1:2598858-2601929	NB551033:137:HK33LBGX9:1:11108:17582:12263#0/2	98.667	150	2	0	2138	2287	150	1	1.27e-68	267
NC_011593.1:2598858-2601929	NB551033:137:HK33LBGX9:4:23605:6047:1685#0/1	98.667	150	2	0	2436	2585	150	1	1.27e-68	267
NC_011593.1:2598858-2601929	NB551033:137:HK33LBGX9:4:23506:2871:8688#0/1	98.667	150	2	0	77	226	1	150	1.27e-68	267
NC_011593.1:2598858-2601929	NB551033:137:HK33LBGX9:4:13508:19728:13538#0/1	98.667	150	2	0	2492	2641	150	1	1.27e-68	267
NC_011593.1:2598858-2601929	NB551033:137:HK33LBGX9:4:12506:3592:9221#0/1	99.320	147	1	0	2211	2357	1	147	1.27e-68	267
NC_011593.1:2598858-2601929	NB551033:137:HK33LBGX9:3:21602:7044:13651#0/1	99.320	147	1	0	2740	2886	147	1	1.27e-68	267
NC_011593.1:2598858-2601929	NB551033:137:HK33LBGX9:2:21102:17791:9307#0/1	98.667	150	2	0	45	194	1	150	1.27e-68	267
NC_011593.1:2598858-2601929	NB551033:137:HK33LBGX9:2:12207:16104:18590#0/1	98.667	150	2	0	64	213	150	1	1.27e-68	267
NC_011593.1:2598858-2601929	NB551033:137:HK33LBGX9:1:13312:7043:1307#0/1	98.667	150	2	0	1517	1666	150	1	1.27e-68	267
NC_011593.1:2598858-2601929	NB551033:137:HK33LBGX9:1:11303:13757:13923#0/1	98.667	150	2	0	2070	2219	150	1	1.27e-68	267
NC_011593.1:2598858-2601929	NB551033:137:HK33LBGX9:4:22410:10385:8378#0/2	98.658	149	2	0	2770	2918	149	1	4.57e-68	265
NC_011593.1:2598858-2601929	NB551033:137:HK33LBGX9:4:21401:24176:10891#0/2	99.315	146	1	0	895	1040	6	151	4.57e-68	265
NC_011593.1:2598858-2601929	NB551033:137:HK33LBGX9:4:11601:18241:6021#0/2	100.000	143	0	0	2161	2303	143	1	4.57e-68	265
NC_011593.1:2598858-2601929	NB551033:137:HK33LBGX9:3:21405:3573:11614#0/2	98.658	149	2	0	1069	1217	1	149	4.57e-68	265
NC_011593.1:2598858-2601929	NB551033:137:HK33LBGX9:4:21510:3337:9134#0/1	98.658	149	2	0	595	743	1	149	4.57e-68	265
NC_011593.1:2598858-2601929	NB551033:137:HK33LBGX9:4:11601:18241:6021#0/1	98.658	149	2	0	2120	2268	1	149	4.57e-68	265
NC_011593.1:2598858-2601929	NB551033:137:HK33LBGX9:3:21405:3573:11614#0/1	98.658	149	2	0	1069	1217	149	1	4.57e-68	265
NC_011593.1:2598858-2601929	NB551033:137:HK33LBGX9:3:12602:15186:18667#0/1	98.658	149	2	0	1875	2023	149	1	4.57e-68	265
NC_011593.1:2598858-2601929	NB551033:137:HK33LBGX9:2:21106:23913:10264#0/1	98.658	149	2	0	87	235	1	149	4.57e-68	265
NC_011593.1:2598858-2601929	NB551033:137:HK33LBGX9:4:23411:14396:7489#0/2	98.013	151	3	0	1172	1322	1	151	1.64e-67	263
NC_011593.1:2598858-2601929	NB551033:137:HK33LBGX9:4:12506:3592:9221#0/2	98.013	151	3	0	2342	2492	151	1	1.64e-67	263
NC_011593.1:2598858-2601929	NB551033:137:HK33LBGX9:4:12405:15067:18551#0/2	98.013	151	3	0	657	807	151	1	1.64e-67	263
NC_011593.1:2598858-2601929	NB551033:137:HK33LBGX9:3:11504:14182:11712#0/2	98.013	151	3	0	2331	2481	151	1	1.64e-67	263
NC_011593.1:2598858-2601929	NB551033:137:HK33LBGX9:2:23311:20799:19372#0/2	98.013	151	3	0	1452	1602	151	1	1.64e-67	263
NC_011593.1:2598858-2601929	NB551033:137:HK33LBGX9:2:23310:3140:6051#0/2	98.013	151	3	0	2501	2651	151	1	1.64e-67	263
NC_011593.1:2598858-2601929	NB551033:137:HK33LBGX9:2:13208:22319:7845#0/2	98.649	148	2	0	2851	2998	3	150	1.64e-67	263
NC_011593.1:2598858-2601929	NB551033:137:HK33LBGX9:2:12203:21919:6500#0/2	98.013	151	3	0	1135	1285	151	1	1.64e-67	263
NC_011593.1:2598858-2601929	NB551033:137:HK33LBGX9:4:21407:4438:2389#0/1	98.013	151	3	0	1350	1500	151	1	1.64e-67	263
NC_011593.1:2598858-2601929	NB551033:137:HK33LBGX9:4:21401:24176:10891#0/1	98.013	151	3	0	1072	1222	151	1	1.64e-67	263
NC_011593.1:2598858-2601929	NB551033:137:HK33LBGX9:3:23506:24494:13997#0/1	98.013	151	3	0	1293	1443	151	1	1.64e-67	263
NC_011593.1:2598858-2601929	NB551033:137:HK33LBGX9:3:11604:7825:15407#0/1	98.013	151	3	0	1295	1445	151	1	1.64e-67	263
NC_011593.1:2598858-2601929	NB551033:137:HK33LBGX9:2:23310:3140:6051#0/1	98.013	151	3	0	2105	2255	1	151	1.64e-67	263
NC_011593.1:2598858-2601929	NB551033:137:HK33LBGX9:2:21309:6568:7279#0/1	98.013	151	3	0	961	1111	1	151	1.64e-67	263
NC_011593.1:2598858-2601929	NB551033:137:HK33LBGX9:2:11301:12985:2941#0/1	98.013	151	3	0	1145	1295	151	1	1.64e-67	263
NC_011593.1:2598858-2601929	NB551033:137:HK33LBGX9:2:11104:13600:19166#0/1	98.013	151	3	0	1199	1349	151	1	1.64e-67	263
NC_011593.1:2598858-2601929	NB551033:137:HK33LBGX9:1:13106:16859:15279#0/1	99.310	145	1	0	1	145	145	1	1.64e-67	263
NC_011593.1:2598858-2601929	NB551033:137:HK33LBGX9:4:22402:7015:19568#0/2	98.000	150	3	0	2116	2265	150	1	5.91e-67	261
NC_011593.1:2598858-2601929	NB551033:137:HK33LBGX9:4:21409:3370:14106#0/2	98.000	150	3	0	2323	2472	1	150	5.91e-67	261
NC_011593.1:2598858-2601929	NB551033:137:HK33LBGX9:4:21407:4438:2389#0/2	98.000	150	3	0	1190	1339	1	150	5.91e-67	261
NC_011593.1:2598858-2601929	NB551033:137:HK33LBGX9:4:12611:20814:6137#0/2	98.000	150	3	0	2077	2226	150	1	5.91e-67	261
NC_011593.1:2598858-2601929	NB551033:137:HK33LBGX9:3:23506:24494:13997#0/2	98.000	150	3	0	1207	1356	1	150	5.91e-67	261
NC_011593.1:2598858-2601929	NB551033:137:HK33LBGX9:3:11604:7825:15407#0/2	98.000	150	3	0	1190	1339	1	150	5.91e-67	261
NC_011593.1:2598858-2601929	NB551033:137:HK33LBGX9:2:23304:14713:13527#0/2	98.639	147	2	0	404	550	150	4	5.91e-67	261
NC_011593.1:2598858-2601929	NB551033:137:HK33LBGX9:2:12301:6061:11030#0/2	98.639	147	2	0	661	807	147	1	5.91e-67	261
NC_011593.1:2598858-2601929	NB551033:137:HK33LBGX9:1:23110:2523:12725#0/2	98.639	147	2	0	2489	2635	1	147	5.91e-67	261
NC_011593.1:2598858-2601929	NB551033:137:HK33LBGX9:1:21104:22957:19480#0/2	98.000	150	3	0	1107	1256	1	150	5.91e-67	261
NC_011593.1:2598858-2601929	NB551033:137:HK33LBGX9:1:13201:13228:13905#0/2	98.000	150	3	0	2017	2166	1	150	5.91e-67	261
NC_011593.1:2598858-2601929	NB551033:137:HK33LBGX9:4:11505:4530:17752#0/1	98.000	150	3	0	1144	1293	150	1	5.91e-67	261
NC_011593.1:2598858-2601929	NB551033:137:HK33LBGX9:3:22404:5919:3061#0/1	98.000	150	3	0	1296	1445	150	1	5.91e-67	261
NC_011593.1:2598858-2601929	NB551033:137:HK33LBGX9:3:13403:20960:16050#0/1	98.000	150	3	0	2329	2478	150	1	5.91e-67	261
NC_011593.1:2598858-2601929	NB551033:137:HK33LBGX9:3:11407:2925:11279#0/1	98.000	150	3	0	2106	2255	1	150	5.91e-67	261
NC_011593.1:2598858-2601929	NB551033:137:HK33LBGX9:2:23311:20799:19372#0/1	98.000	150	3	0	1437	1586	1	150	5.91e-67	261
NC_011593.1:2598858-2601929	NB551033:137:HK33LBGX9:2:21204:23675:18100#0/1	98.000	150	3	0	739	888	150	1	5.91e-67	261
NC_011593.1:2598858-2601929	NB551033:137:HK33LBGX9:2:12203:21919:6500#0/1	98.000	150	3	0	1107	1256	1	150	5.91e-67	261
NC_011593.1:2598858-2601929	NB551033:137:HK33LBGX9:1:23304:7086:11493#0/1	98.000	150	3	0	2331	2480	150	1	5.91e-67	261
NC_011593.1:2598858-2601929	NB551033:137:HK33LBGX9:1:21204:26479:5941#0/1	98.000	150	3	0	2355	2504	150	1	5.91e-67	261
NC_011593.1:2598858-2601929	NB551033:137:HK33LBGX9:1:21104:22957:19480#0/1	98.000	150	3	0	1108	1257	150	1	5.91e-67	261
NC_011593.1:2598858-2601929	NB551033:137:HK33LBGX9:1:11303:12014:13455#0/1	98.000	150	3	0	1134	1283	150	1	5.91e-67	261
NC_011593.1:2598858-2601929	NB551033:137:HK33LBGX9:4:22508:19802:1080#0/2	98.630	146	2	0	1018	1163	146	1	2.13e-66	259
NC_011593.1:2598858-2601929	NB551033:137:HK33LBGX9:4:12401:22814:14444#0/2	97.987	149	3	0	2581	2729	149	1	2.13e-66	259
NC_011593.1:2598858-2601929	NB551033:137:HK33LBGX9:3:23508:24762:9631#0/2	99.301	143	1	0	1894	2036	1	143	2.13e-66	259
NC_011593.1:2598858-2601929	NB551033:137:HK33LBGX9:1:23110:6353:3838#0/2	97.987	149	3	0	2529	2677	1	149	2.13e-66	259
NC_011593.1:2598858-2601929	NB551033:137:HK33LBGX9:1:11202:7691:8430#0/2	97.987	149	3	0	2302	2450	149	1	2.13e-66	259
NC_011593.1:2598858-2601929	NB551033:137:HK33LBGX9:4:22508:19802:1080#0/1	99.301	143	1	0	1018	1160	1	143	2.13e-66	259
NC_011593.1:2598858-2601929	NB551033:137:HK33LBGX9:4:23605:6047:1685#0/2	97.351	151	4	0	2297	2447	1	151	7.65e-66	257
NC_011593.1:2598858-2601929	NB551033:137:HK33LBGX9:4:13508:19728:13538#0/2	98.630	146	1	1	2161	2306	6	150	7.65e-66	257
NC_011593.1:2598858-2601929	NB551033:137:HK33LBGX9:3:21602:7044:13651#0/2	97.351	151	4	0	2716	2866	1	151	7.65e-66	257
NC_011593.1:2598858-2601929	NB551033:137:HK33LBGX9:2:13301:4460:15281#0/2	99.296	142	1	0	921	1062	1	142	7.65e-66	257
NC_011593.1:2598858-2601929	NB551033:137:HK33LBGX9:1:23209:24153:5314#0/2	99.296	142	1	0	168	309	1	142	7.65e-66	257
NC_011593.1:2598858-2601929	NB551033:137:HK33LBGX9:4:22410:10385:8378#0/1	97.351	151	4	0	2635	2785	1	151	7.65e-66	257
NC_011593.1:2598858-2601929	NB551033:137:HK33LBGX9:4:21409:3370:14106#0/1	97.351	151	4	0	2648	2798	151	1	7.65e-66	257
NC_011593.1:2598858-2601929	NB551033:137:HK33LBGX9:4:12405:15067:18551#0/1	97.351	151	4	0	656	806	1	151	7.65e-66	257
NC_011593.1:2598858-2601929	NB551033:137:HK33LBGX9:3:11504:14182:11712#0/1	97.351	151	4	0	2297	2447	1	151	7.65e-66	257
NC_011593.1:2598858-2601929	NB551033:137:HK33LBGX9:2:21107:4835:10344#0/1	97.351	151	4	0	2263	2413	1	151	7.65e-66	257
NC_011593.1:2598858-2601929	NB551033:137:HK33LBGX9:3:11502:18674:7771#0/2	97.333	150	4	0	2661	2810	150	1	2.75e-65	255
NC_011593.1:2598858-2601929	NB551033:137:HK33LBGX9:2:21107:4835:10344#0/2	97.333	150	4	0	2293	2442	150	1	2.75e-65	255
NC_011593.1:2598858-2601929	NB551033:137:HK33LBGX9:1:23304:7086:11493#0/2	97.333	150	4	0	2279	2428	1	150	2.75e-65	255
NC_011593.1:2598858-2601929	NB551033:137:HK33LBGX9:1:13312:7043:1307#0/2	97.333	150	4	0	1339	1488	1	150	2.75e-65	255
NC_011593.1:2598858-2601929	NB551033:137:HK33LBGX9:3:11502:18674:7771#0/1	97.959	147	3	0	2489	2635	1	147	2.75e-65	255
NC_011593.1:2598858-2601929	NB551033:137:HK33LBGX9:2:12301:6061:11030#0/1	97.959	147	3	0	661	807	1	147	2.75e-65	255
NC_011593.1:2598858-2601929	NB551033:137:HK33LBGX9:1:11202:7691:8430#0/1	97.333	150	4	0	2295	2444	1	150	2.75e-65	255
NC_011593.1:2598858-2601929	NB551033:137:HK33LBGX9:4:23411:14396:7489#0/1	97.315	149	4	0	1227	1375	149	1	9.89e-65	254
NC_011593.1:2598858-2601929	NB551033:137:HK33LBGX9:4:11505:4530:17752#0/2	99.281	139	1	0	1092	1230	1	139	3.56e-64	252
NC_011593.1:2598858-2601929	NB551033:137:HK33LBGX9:3:23404:12848:9348#0/1	96.689	151	5	0	2346	2496	151	1	3.56e-64	252
NC_011593.1:2598858-2601929	NB551033:137:HK33LBGX9:4:11405:1773:1927#0/2	96.667	150	5	0	521	670	1	150	1.28e-63	250
NC_011593.1:2598858-2601929	NB551033:137:HK33LBGX9:3:21409:3158:5955#0/2	96.667	150	5	0	776	925	2	151	1.28e-63	250
NC_011593.1:2598858-2601929	NB551033:137:HK33LBGX9:2:12207:16104:18590#0/2	99.275	138	1	0	1	138	13	150	1.28e-63	250
NC_011593.1:2598858-2601929	NB551033:137:HK33LBGX9:4:11405:1773:1927#0/1	96.667	150	5	0	847	996	150	1	1.28e-63	250
NC_011593.1:2598858-2601929	NB551033:137:HK33LBGX9:1:21103:12697:14260#0/1	96.667	150	5	0	785	934	150	1	1.28e-63	250
NC_011593.1:2598858-2601929	NB551033:137:HK33LBGX9:3:23404:12848:9348#0/2	96.000	150	6	0	2295	2444	1	150	5.95e-62	244
NC_011593.1:2598858-2601929	NB551033:137:HK33LBGX9:3:21608:24619:6859#0/1	98.551	138	2	0	1	138	13	150	5.95e-62	244
NC_011593.1:2598858-2601929	NB551033:137:HK33LBGX9:1:12306:5472:19488#0/1	96.599	147	5	0	2123	2269	147	1	5.95e-62	244
NC_011593.1:2598858-2601929	NB551033:137:HK33LBGX9:1:13106:16859:15279#0/2	99.248	133	1	0	1	133	19	151	7.70e-61	241
NC_011593.1:2598858-2601929	NB551033:137:HK33LBGX9:1:23209:24153:5314#0/1	100.000	128	0	0	182	309	128	1	9.96e-60	237
NC_011593.1:2598858-2601929	NB551033:137:HK33LBGX9:2:11301:12985:2941#0/2	97.794	136	3	0	685	820	2	137	3.58e-59	235
NC_011593.1:2598858-2601929	NB551033:137:HK33LBGX9:2:11212:26298:19275#0/1	100.000	127	0	0	1897	2023	127	1	3.58e-59	235
NC_011593.1:2598858-2601929	NB551033:137:HK33LBGX9:2:11212:26298:19275#0/2	100.000	126	0	0	1897	2022	2	127	1.29e-58	233
NC_011593.1:2598858-2601929	NB551033:137:HK33LBGX9:4:11607:2099:6288#0/2	100.000	122	0	0	213	334	1	122	2.16e-56	226
NC_011593.1:2598858-2601929	NB551033:137:HK33LBGX9:2:22107:11779:18449#0/2	100.000	122	0	0	2400	2521	1	122	2.16e-56	226
NC_011593.1:2598858-2601929	NB551033:137:HK33LBGX9:2:22107:11779:18449#0/1	100.000	122	0	0	2400	2521	122	1	2.16e-56	226
NC_011593.1:2598858-2601929	NB551033:137:HK33LBGX9:3:13609:10653:13275#0/2	99.187	123	1	0	1	123	123	1	2.79e-55	222
NC_011593.1:2598858-2601929	NB551033:137:HK33LBGX9:4:13501:24695:2599#0/1	99.187	123	1	0	1798	1920	123	1	2.79e-55	222
NC_011593.1:2598858-2601929	NB551033:137:HK33LBGX9:2:22101:2108:2278#0/2	96.241	133	5	0	527	659	133	1	3.61e-54	219
NC_011593.1:2598858-2601929	NB551033:137:HK33LBGX9:2:22101:2108:2278#0/1	96.241	133	5	0	527	659	1	133	3.61e-54	219
NC_011593.1:2598858-2601929	NB551033:137:HK33LBGX9:3:23511:15307:2944#0/1	98.361	122	2	0	686	807	122	1	4.67e-53	215
NC_011593.1:2598858-2601929	NB551033:137:HK33LBGX9:4:23511:21743:5581#0/1	96.800	125	4	0	535	659	125	1	2.17e-51	209
NC_011593.1:2598858-2601929	NB551033:137:HK33LBGX9:2:21112:26103:4287#0/2	97.521	121	3	0	1214	1334	121	1	7.81e-51	207
NC_011593.1:2598858-2601929	NB551033:137:HK33LBGX9:2:21112:26103:4287#0/1	97.521	121	3	0	1214	1334	1	121	7.81e-51	207
NC_011593.1:2598858-2601929	NB551033:137:HK33LBGX9:3:23508:24762:9631#0/1	97.414	116	3	0	2104	2219	116	1	4.70e-48	198
NC_011593.1:2598858-2601929	NB551033:137:HK33LBGX9:3:23403:7417:7045#0/1	99.091	110	1	0	145	254	110	1	4.70e-48	198
NC_011593.1:2598858-2601929	NB551033:137:HK33LBGX9:2:11308:1666:10914#0/2	96.610	118	4	0	441	558	118	1	1.69e-47	196
NC_011593.1:2598858-2601929	NB551033:137:HK33LBGX9:2:11308:1666:10914#0/1	96.610	118	4	0	441	558	1	118	1.69e-47	196
NC_011593.1:2598858-2601929	NB551033:137:HK33LBGX9:1:22111:8162:5310#0/2	99.074	108	1	0	16	123	1	108	6.08e-47	195
NC_011593.1:2598858-2601929	NB551033:137:HK33LBGX9:1:22111:8162:5310#0/1	99.074	108	1	0	16	123	108	1	6.08e-47	195
NC_011593.1:2598858-2601929	NB551033:137:HK33LBGX9:3:13603:6228:18439#0/2	98.165	109	2	0	2496	2604	1	109	7.87e-46	191
NC_011593.1:2598858-2601929	NB551033:137:HK33LBGX9:3:13603:6228:18439#0/1	98.165	109	2	0	2496	2604	109	1	7.87e-46	191
NC_011593.1:2598858-2601929	NB551033:137:HK33LBGX9:4:23511:21743:5581#0/2	96.460	113	4	0	535	647	1	113	1.02e-44	187
NC_011593.1:2598858-2601929	NB551033:137:HK33LBGX9:4:11607:2099:6288#0/1	96.364	110	4	0	526	635	110	1	4.73e-43	182
NC_011593.1:2598858-2601929	NB551033:137:HK33LBGX9:2:11101:11896:19646#0/2	99.000	100	1	0	63	162	100	1	1.70e-42	180
NC_011593.1:2598858-2601929	NB551033:137:HK33LBGX9:2:13208:22319:7845#0/1	97.143	105	3	0	2968	3072	147	43	6.12e-42	178
NC_011593.1:2598858-2601929	NB551033:137:HK33LBGX9:3:12602:15186:18667#0/2	97.980	99	2	0	1432	1530	1	99	2.85e-40	172
NC_011593.1:2598858-2601929	NB551033:137:HK33LBGX9:3:23403:7417:7045#0/2	100.000	92	0	0	1	92	59	150	1.02e-39	171
NC_011593.1:2598858-2601929	NB551033:137:HK33LBGX9:2:11104:22129:15281#0/1	100.000	92	0	0	1	92	59	150	1.02e-39	171
NC_011593.1:2598858-2601929	NB551033:137:HK33LBGX9:3:11609:12422:12515#0/2	97.938	97	2	0	2540	2636	97	1	3.69e-39	169
NC_011593.1:2598858-2601929	NB551033:137:HK33LBGX9:1:21204:26479:5941#0/2	98.936	94	1	0	2277	2370	1	94	3.69e-39	169
NC_011593.1:2598858-2601929	NB551033:137:HK33LBGX9:2:22311:8821:4669#0/2	98.851	87	1	0	661	747	87	1	2.87e-35	156
NC_011593.1:2598858-2601929	NB551033:137:HK33LBGX9:2:22311:8821:4669#0/1	98.851	87	1	0	661	747	1	87	2.87e-35	156
NC_011593.1:2598858-2601929	NB551033:137:HK33LBGX9:3:23602:9132:7883#0/1	96.739	92	3	0	2640	2731	1	92	1.03e-34	154
NC_011593.1:2598858-2601929	NB551033:137:HK33LBGX9:2:12208:4910:16292#0/2	96.703	91	3	0	2703	2793	1	91	3.71e-34	152
NC_011593.1:2598858-2601929	NB551033:137:HK33LBGX9:2:12208:4910:16292#0/1	96.703	91	3	0	2703	2793	91	1	3.71e-34	152
NC_011593.1:2598858-2601929	NB551033:137:HK33LBGX9:2:12102:10985:10854#0/2	100.000	77	0	0	1	77	77	1	2.23e-31	143
NC_011593.1:2598858-2601929	NB551033:137:HK33LBGX9:1:21206:14779:17033#0/2	100.000	77	0	0	1569	1645	1	77	2.23e-31	143
NC_011593.1:2598858-2601929	NB551033:137:HK33LBGX9:1:21206:14779:17033#0/1	100.000	77	0	0	1947	2023	77	1	2.23e-31	143
NC_011593.1:2598858-2601929	NB551033:137:HK33LBGX9:4:23406:17858:14142#0/1	95.294	85	4	0	1177	1261	1	85	3.74e-29	135
NC_011593.1:2598858-2601929	NB551033:137:HK33LBGX9:3:11501:19087:15729#0/2	97.436	78	2	0	294	371	1	78	1.34e-28	134
NC_011593.1:2598858-2601929	NB551033:137:HK33LBGX9:3:11501:19087:15729#0/1	97.436	78	2	0	294	371	78	1	1.34e-28	134
NC_011593.1:2598858-2601929	NB551033:137:HK33LBGX9:3:11612:21961:4166#0/1	95.122	82	4	0	1190	1271	1	82	1.74e-27	130
NC_011593.1:2598858-2601929	NB551033:137:HK33LBGX9:1:11208:2487:4428#0/1	100.000	44	0	0	1	44	44	1	4.94e-13	82.4
NC_011593.1:2598858-2601929	NB551033:137:HK33LBGX9:1:21103:16088:15265#0/2	100.000	28	0	0	1028	1055	28	1	3.87e-04	52.8
NC_011593.1:2598858-2601929	NB551033:137:HK33LBGX9:1:11109:9230:3093#0/2	100.000	28	0	0	1028	1055	110	137	3.87e-04	52.8
NC_011593.1:2598858-2601929	NB551033:137:HK33LBGX9:1:11109:9230:3093#0/1	100.000	28	0	0	1028	1055	28	1	3.87e-04	52.8
# BLASTN 2.9.0+
# Query: NC_011593.1:c2604454-2602106 Bifidobacterium longum subsp. infantis ATCC 15697, complete genome
# Database: db/blast_M0863-3F-1A_S81.faa
# 0 hits found
# BLASTN 2.9.0+
# Query: NC_011593.1:c2605922-2604486 Bifidobacterium longum subsp. infantis ATCC 15697, complete genome
# Database: db/blast_M0863-3F-1A_S81.faa
# 0 hits found
# BLASTN 2.9.0+
# Query: NC_011593.1:c2606381-2605944 Bifidobacterium longum subsp. infantis ATCC 15697, complete genome
# Database: db/blast_M0863-3F-1A_S81.faa
# 0 hits found
# BLASTN 2.9.0+
# Query: NC_011593.1:c2607314-2606418 Bifidobacterium longum subsp. infantis ATCC 15697, complete genome
# Database: db/blast_M0863-3F-1A_S81.faa
# 0 hits found
# BLASTN 2.9.0+
# Query: NC_011593.1:c2608249-2607458 Bifidobacterium longum subsp. infantis ATCC 15697, complete genome
# Database: db/blast_M0863-3F-1A_S81.faa
# 0 hits found
# BLASTN 2.9.0+
# Query: NC_011593.1:c2609546-2608269 Bifidobacterium longum subsp. infantis ATCC 15697, complete genome
# Database: db/blast_M0863-3F-1A_S81.faa
# Fields: query acc.ver, subject acc.ver, % identity, alignment length, mismatches, gap opens, q. start, q. end, s. start, s. end, evalue, bit score
# 4 hits found
NC_011593.1:c2609546-2608269	NB551033:137:HK33LBGX9:2:11302:26767:13989#0/1	96.610	59	2	0	286	344	145	87	2.03e-18	99.0
NC_011593.1:c2609546-2608269	NB551033:137:HK33LBGX9:2:11301:1242:13993#0/1	96.610	59	2	0	286	344	145	87	2.03e-18	99.0
NC_011593.1:c2609546-2608269	NB551033:137:HK33LBGX9:1:21103:5240:16297#0/2	96.364	55	2	0	290	344	150	96	3.40e-16	91.6
NC_011593.1:c2609546-2608269	NB551033:137:HK33LBGX9:4:11601:8343:4059#0/2	96.000	50	2	0	295	344	150	101	2.05e-13	82.4
# BLASTN 2.9.0+
# Query: NC_011593.1:c2610356-2609697 Bifidobacterium longum subsp. infantis ATCC 15697, complete genome
# Database: db/blast_M0863-3F-1A_S81.faa
# 0 hits found
# BLASTN 2.9.0+
# Query: NC_011593.1:c2611458-2610496 Bifidobacterium longum subsp. infantis ATCC 15697, complete genome
# Database: db/blast_M0863-3F-1A_S81.faa
# 0 hits found
# BLASTN 2.9.0+
# Query: NC_011593.1:c2612430-2611477 Bifidobacterium longum subsp. infantis ATCC 15697, complete genome
# Database: db/blast_M0863-3F-1A_S81.faa
# 0 hits found
# BLASTN 2.9.0+
# Query: NC_011593.1:c2614109-2612517 Bifidobacterium longum subsp. infantis ATCC 15697, complete genome
# Database: db/blast_M0863-3F-1A_S81.faa
# 0 hits found
# BLASTN 2.9.0+
# Query: NC_011593.1:c2615274-2614312 Bifidobacterium longum subsp. infantis ATCC 15697, complete genome
# Database: db/blast_M0863-3F-1A_S81.faa
# 0 hits found
# BLASTN 2.9.0+
# Query: NC_011593.1:c2616246-2615293 Bifidobacterium longum subsp. infantis ATCC 15697, complete genome
# Database: db/blast_M0863-3F-1A_S81.faa
# 0 hits found
# BLASTN 2.9.0+
# Query: NC_011593.1:c2617928-2616333 Bifidobacterium longum subsp. infantis ATCC 15697, complete genome
# Database: db/blast_M0863-3F-1A_S81.faa
# 0 hits found
# BLASTN 2.9.0+
# Query: NC_011593.1:c2619247-2618063 Bifidobacterium longum subsp. infantis ATCC 15697, complete genome
# Database: db/blast_M0863-3F-1A_S81.faa
# 0 hits found
# BLASTN 2.9.0+
# Query: NC_011593.1:c2620369-2619413 Bifidobacterium longum subsp. infantis ATCC 15697, complete genome
# Database: db/blast_M0863-3F-1A_S81.faa
# 0 hits found
# BLASTN 2.9.0+
# Query: NC_011593.1:c2622143-2620551 Bifidobacterium longum subsp. infantis ATCC 15697, complete genome
# Database: db/blast_M0863-3F-1A_S81.faa
# 0 hits found
# BLASTN 2.9.0+
# Query: NC_011593.1:c2624124-2622520 Bifidobacterium longum subsp. infantis ATCC 15697, complete genome
# Database: db/blast_M0863-3F-1A_S81.faa
# 0 hits found
# BLASTN 2.9.0+
# Query: NC_011593.1:c2626110-2624512 Bifidobacterium longum subsp. infantis ATCC 15697, complete genome
# Database: db/blast_M0863-3F-1A_S81.faa
# Fields: query acc.ver, subject acc.ver, % identity, alignment length, mismatches, gap opens, q. start, q. end, s. start, s. end, evalue, bit score
# 7 hits found
NC_011593.1:c2626110-2624512	NB551033:137:HK33LBGX9:4:21505:17391:1793#0/2	100.000	30	0	0	1555	1584	113	142	1.54e-05	56.5
NC_011593.1:c2626110-2624512	NB551033:137:HK33LBGX9:4:11604:17539:2580#0/2	100.000	30	0	0	1555	1584	56	85	1.54e-05	56.5
NC_011593.1:c2626110-2624512	NB551033:137:HK33LBGX9:1:11112:10772:15422#0/2	100.000	30	0	0	1555	1584	61	90	1.54e-05	56.5
NC_011593.1:c2626110-2624512	NB551033:137:HK33LBGX9:4:22509:2161:7559#0/1	100.000	30	0	0	1555	1584	30	59	1.54e-05	56.5
NC_011593.1:c2626110-2624512	NB551033:137:HK33LBGX9:4:21505:17391:1793#0/1	100.000	30	0	0	1555	1584	56	27	1.54e-05	56.5
NC_011593.1:c2626110-2624512	NB551033:137:HK33LBGX9:2:23204:9216:4340#0/1	100.000	30	0	0	1555	1584	79	108	1.54e-05	56.5
NC_011593.1:c2626110-2624512	NB551033:137:HK33LBGX9:2:22105:6986:3381#0/1	100.000	30	0	0	1555	1584	79	108	1.54e-05	56.5
# BLASTN 2.9.0+
# Query: NC_011593.1:c2626386-2626264 Bifidobacterium longum subsp. infantis ATCC 15697, complete genome
# Database: db/blast_M0863-3F-1A_S81.faa
# 0 hits found
# BLASTN 2.9.0+
# Query: NC_011593.1:c2628158-2626563 Bifidobacterium longum subsp. infantis ATCC 15697, complete genome
# Database: db/blast_M0863-3F-1A_S81.faa
# 0 hits found
# BLASTN 2.9.0+
# Query: NC_011593.1:c2630269-2628314 Bifidobacterium longum subsp. infantis ATCC 15697, complete genome
# Database: db/blast_M0863-3F-1A_S81.faa
# 0 hits found
# BLASTN 2.9.0+
# Query: NC_011593.1:c2631106-2630366 Bifidobacterium longum subsp. infantis ATCC 15697, complete genome
# Database: db/blast_M0863-3F-1A_S81.faa
# 0 hits found
# BLASTN 2.9.0+
# Query: NC_011593.1:c2632432-2631140 Bifidobacterium longum subsp. infantis ATCC 15697, complete genome
# Database: db/blast_M0863-3F-1A_S81.faa
# 0 hits found
# BLASTN 2.9.0+
# Query: NC_011593.1:c2633881-2632562 Bifidobacterium longum subsp. infantis ATCC 15697, complete genome
# Database: db/blast_M0863-3F-1A_S81.faa
# 0 hits found
# BLASTN 2.9.0+
# Query: NC_011593.1:c2634683-2633865 Bifidobacterium longum subsp. infantis ATCC 15697, complete genome
# Database: db/blast_M0863-3F-1A_S81.faa
# 0 hits found
# BLASTN 2.9.0+
# Query: NC_011593.1:c2635627-2634680 Bifidobacterium longum subsp. infantis ATCC 15697, complete genome
# Database: db/blast_M0863-3F-1A_S81.faa
# 0 hits found
# BLASTN 2.9.0+
# Query: NC_011593.1:c2636747-2635629 Bifidobacterium longum subsp. infantis ATCC 15697, complete genome
# Database: db/blast_M0863-3F-1A_S81.faa
# 0 hits found
# BLAST processed 31 queries
