# BLASTN 2.9.0+
# Query: NC_011593.1:c2595355-2593832 Bifidobacterium longum subsp. infantis ATCC 15697, complete genome
# Database: db/blast_M0888-3F-1A_S32.faa
# Fields: query acc.ver, subject acc.ver, % identity, alignment length, mismatches, gap opens, q. start, q. end, s. start, s. end, evalue, bit score
# 101 hits found
NC_011593.1:c2595355-2593832	NB551033:151:HCYCWBGXB:2:13105:24512:8387#0/1	99.338	151	1	0	993	1143	151	1	3.73e-71	274
NC_011593.1:c2595355-2593832	NB551033:151:HCYCWBGXB:3:11603:18895:14235#0/2	99.333	150	1	0	1023	1172	150	1	1.34e-70	272
NC_011593.1:c2595355-2593832	NB551033:151:HCYCWBGXB:1:13108:14078:13751#0/1	99.329	149	1	0	722	870	1	149	4.83e-70	270
NC_011593.1:c2595355-2593832	NB551033:151:HCYCWBGXB:2:12111:17644:7354#0/1	98.675	151	2	0	1079	1229	151	1	1.74e-69	268
NC_011593.1:c2595355-2593832	NB551033:151:HCYCWBGXB:1:21310:9659:11413#0/1	98.675	151	2	0	479	629	151	1	1.74e-69	268
NC_011593.1:c2595355-2593832	NB551033:151:HCYCWBGXB:4:13411:16659:5215#0/2	98.667	150	2	0	715	864	150	1	6.25e-69	267
NC_011593.1:c2595355-2593832	NB551033:151:HCYCWBGXB:1:12307:18592:3976#0/2	98.667	150	2	0	511	660	1	150	6.25e-69	267
NC_011593.1:c2595355-2593832	NB551033:151:HCYCWBGXB:4:22607:17827:3688#0/1	98.667	150	2	0	407	556	150	1	6.25e-69	267
NC_011593.1:c2595355-2593832	NB551033:151:HCYCWBGXB:3:12608:14750:2241#0/1	98.667	150	2	0	1050	1199	150	1	6.25e-69	267
NC_011593.1:c2595355-2593832	NB551033:151:HCYCWBGXB:2:12305:16071:15806#0/1	98.667	150	2	0	366	515	1	150	6.25e-69	267
NC_011593.1:c2595355-2593832	NB551033:151:HCYCWBGXB:2:13105:24512:8387#0/2	98.658	149	2	0	971	1119	1	149	2.25e-68	265
NC_011593.1:c2595355-2593832	NB551033:151:HCYCWBGXB:2:12111:17644:7354#0/2	99.315	146	1	0	967	1112	1	146	2.25e-68	265
NC_011593.1:c2595355-2593832	NB551033:151:HCYCWBGXB:2:12305:16071:15806#0/2	98.013	151	3	0	545	695	151	1	8.08e-68	263
NC_011593.1:c2595355-2593832	NB551033:151:HCYCWBGXB:1:11211:7655:13658#0/2	99.310	145	1	0	922	1066	1	145	8.08e-68	263
NC_011593.1:c2595355-2593832	NB551033:151:HCYCWBGXB:2:21306:7581:5816#0/1	98.013	151	3	0	815	965	151	1	8.08e-68	263
NC_011593.1:c2595355-2593832	NB551033:151:HCYCWBGXB:1:12102:11040:11409#0/1	98.013	151	3	0	705	855	151	1	8.08e-68	263
NC_011593.1:c2595355-2593832	NB551033:151:HCYCWBGXB:1:11211:7655:13658#0/1	99.310	145	1	0	922	1066	145	1	8.08e-68	263
NC_011593.1:c2595355-2593832	NB551033:151:HCYCWBGXB:1:13108:14078:13751#0/2	98.000	150	3	0	891	1040	150	1	2.91e-67	261
NC_011593.1:c2595355-2593832	NB551033:151:HCYCWBGXB:4:22608:12444:13193#0/1	98.000	150	3	0	419	568	150	1	2.91e-67	261
NC_011593.1:c2595355-2593832	NB551033:151:HCYCWBGXB:2:23207:2705:18405#0/1	98.000	150	3	0	1135	1284	1	150	2.91e-67	261
NC_011593.1:c2595355-2593832	NB551033:151:HCYCWBGXB:2:13105:22746:19910#0/1	98.000	150	3	0	511	660	1	150	2.91e-67	261
NC_011593.1:c2595355-2593832	NB551033:151:HCYCWBGXB:3:12608:14750:2241#0/2	97.987	149	3	0	811	959	1	149	1.05e-66	259
NC_011593.1:c2595355-2593832	NB551033:151:HCYCWBGXB:1:21310:9659:11413#0/2	97.351	151	4	0	80	230	1	151	3.76e-66	257
NC_011593.1:c2595355-2593832	NB551033:151:HCYCWBGXB:2:21307:4770:13191#0/2	97.333	150	4	0	114	263	151	2	1.35e-65	255
NC_011593.1:c2595355-2593832	NB551033:151:HCYCWBGXB:2:13105:22746:19910#0/2	96.689	151	5	0	585	735	151	1	1.75e-64	252
NC_011593.1:c2595355-2593832	NB551033:151:HCYCWBGXB:4:22511:17994:18735#0/1	96.689	151	5	0	195	345	151	1	1.75e-64	252
NC_011593.1:c2595355-2593832	NB551033:151:HCYCWBGXB:1:12307:18592:3976#0/1	96.689	151	5	0	585	735	151	1	1.75e-64	252
NC_011593.1:c2595355-2593832	NB551033:151:HCYCWBGXB:2:21306:7581:5816#0/2	96.667	150	5	0	672	821	1	150	6.29e-64	250
NC_011593.1:c2595355-2593832	NB551033:151:HCYCWBGXB:1:12102:11040:11409#0/2	96.667	150	5	0	615	764	1	150	6.29e-64	250
NC_011593.1:c2595355-2593832	NB551033:151:HCYCWBGXB:3:11603:18895:14235#0/1	96.667	150	5	0	672	821	1	150	6.29e-64	250
NC_011593.1:c2595355-2593832	NB551033:151:HCYCWBGXB:4:22607:17827:3688#0/2	96.622	148	5	0	62	209	1	148	8.14e-63	246
NC_011593.1:c2595355-2593832	NB551033:151:HCYCWBGXB:4:22502:10468:11099#0/2	96.026	151	6	0	235	385	151	1	8.14e-63	246
NC_011593.1:c2595355-2593832	NB551033:151:HCYCWBGXB:2:21110:4063:15588#0/1	96.622	148	5	0	167	314	150	3	8.14e-63	246
NC_011593.1:c2595355-2593832	NB551033:151:HCYCWBGXB:1:22204:23397:12029#0/1	96.026	151	6	0	437	587	151	1	8.14e-63	246
NC_011593.1:c2595355-2593832	NB551033:151:HCYCWBGXB:4:22608:12444:13193#0/2	96.000	150	6	0	261	410	1	150	2.93e-62	244
NC_011593.1:c2595355-2593832	NB551033:151:HCYCWBGXB:3:21503:6139:14590#0/1	96.000	150	6	0	429	578	1	150	2.93e-62	244
NC_011593.1:c2595355-2593832	NB551033:151:HCYCWBGXB:3:11606:4584:9427#0/1	96.000	150	6	0	427	576	150	1	2.93e-62	244
NC_011593.1:c2595355-2593832	NB551033:151:HCYCWBGXB:1:23101:8860:12118#0/2	95.973	149	6	0	429	577	1	149	1.05e-61	243
NC_011593.1:c2595355-2593832	NB551033:151:HCYCWBGXB:4:22502:10468:11099#0/1	95.973	149	6	0	228	376	1	149	1.05e-61	243
NC_011593.1:c2595355-2593832	NB551033:151:HCYCWBGXB:4:13411:16659:5215#0/1	95.973	149	6	0	635	783	1	149	1.05e-61	243
NC_011593.1:c2595355-2593832	NB551033:151:HCYCWBGXB:2:22304:2656:17446#0/1	95.973	149	6	0	682	830	1	149	1.05e-61	243
NC_011593.1:c2595355-2593832	NB551033:151:HCYCWBGXB:4:22606:2435:5045#0/2	95.364	151	7	0	377	527	151	1	3.79e-61	241
NC_011593.1:c2595355-2593832	NB551033:151:HCYCWBGXB:4:11505:3426:6772#0/2	97.842	139	3	0	505	643	1	139	3.79e-61	241
NC_011593.1:c2595355-2593832	NB551033:151:HCYCWBGXB:1:21212:8115:9999#0/2	95.364	151	7	0	389	539	1	151	3.79e-61	241
NC_011593.1:c2595355-2593832	NB551033:151:HCYCWBGXB:4:11505:3426:6772#0/1	97.842	139	3	0	505	643	139	1	3.79e-61	241
NC_011593.1:c2595355-2593832	NB551033:151:HCYCWBGXB:3:11606:4584:9427#0/2	95.333	150	7	0	387	536	1	150	1.36e-60	239
NC_011593.1:c2595355-2593832	NB551033:151:HCYCWBGXB:1:22204:23397:12029#0/2	95.333	150	7	0	399	548	1	150	1.36e-60	239
NC_011593.1:c2595355-2593832	NB551033:151:HCYCWBGXB:4:23612:14527:18115#0/1	95.918	147	6	0	412	558	151	5	1.36e-60	239
NC_011593.1:c2595355-2593832	NB551033:151:HCYCWBGXB:1:22107:1348:18334#0/1	95.302	149	7	0	377	525	1	149	4.90e-60	237
NC_011593.1:c2595355-2593832	NB551033:151:HCYCWBGXB:4:12411:14457:4256#0/2	95.270	148	7	0	372	519	1	148	1.76e-59	235
NC_011593.1:c2595355-2593832	NB551033:151:HCYCWBGXB:4:12406:11817:13699#0/2	95.270	148	7	0	372	519	1	148	1.76e-59	235
NC_011593.1:c2595355-2593832	NB551033:151:HCYCWBGXB:3:22603:10811:2286#0/2	95.270	148	7	0	372	519	1	148	1.76e-59	235
NC_011593.1:c2595355-2593832	NB551033:151:HCYCWBGXB:2:23207:2705:18405#0/2	97.794	136	3	0	1335	1470	151	16	1.76e-59	235
NC_011593.1:c2595355-2593832	NB551033:151:HCYCWBGXB:3:22603:10811:2286#0/1	95.270	148	7	0	372	519	148	1	1.76e-59	235
NC_011593.1:c2595355-2593832	NB551033:151:HCYCWBGXB:3:12401:13744:8582#0/2	95.139	144	7	0	405	548	144	1	2.95e-57	228
NC_011593.1:c2595355-2593832	NB551033:151:HCYCWBGXB:2:23311:7161:10133#0/2	95.000	140	7	0	670	809	140	1	4.93e-55	220
NC_011593.1:c2595355-2593832	NB551033:151:HCYCWBGXB:1:11306:14954:19290#0/2	95.000	140	7	0	355	494	141	2	4.93e-55	220
NC_011593.1:c2595355-2593832	NB551033:151:HCYCWBGXB:4:11409:22506:2446#0/1	95.000	140	7	0	670	809	140	1	4.93e-55	220
NC_011593.1:c2595355-2593832	NB551033:151:HCYCWBGXB:1:23206:23229:18425#0/1	95.620	137	6	0	694	830	3	139	4.93e-55	220
NC_011593.1:c2595355-2593832	NB551033:151:HCYCWBGXB:1:23202:14919:8042#0/1	95.000	140	7	0	670	809	140	1	4.93e-55	220
NC_011593.1:c2595355-2593832	NB551033:151:HCYCWBGXB:4:21407:25881:18365#0/1	96.923	130	4	0	429	558	1	130	1.77e-54	219
NC_011593.1:c2595355-2593832	NB551033:151:HCYCWBGXB:2:23311:7161:10133#0/1	96.923	130	4	0	429	558	1	130	1.77e-54	219
NC_011593.1:c2595355-2593832	NB551033:151:HCYCWBGXB:2:12104:25999:7067#0/2	95.556	135	6	0	376	510	145	11	6.38e-54	217
NC_011593.1:c2595355-2593832	NB551033:151:HCYCWBGXB:3:13506:13160:19593#0/2	96.124	129	5	0	635	763	1	129	2.97e-52	211
NC_011593.1:c2595355-2593832	NB551033:151:HCYCWBGXB:1:22302:17189:11445#0/2	96.825	126	4	0	699	824	1	126	2.97e-52	211
NC_011593.1:c2595355-2593832	NB551033:151:HCYCWBGXB:3:13506:13160:19593#0/1	96.124	129	5	0	635	763	129	1	2.97e-52	211
NC_011593.1:c2595355-2593832	NB551033:151:HCYCWBGXB:2:21203:11381:6998#0/2	96.032	126	5	0	705	830	1	126	1.38e-50	206
NC_011593.1:c2595355-2593832	NB551033:151:HCYCWBGXB:2:23207:2222:10624#0/2	95.968	124	5	0	707	830	1	124	1.79e-49	202
NC_011593.1:c2595355-2593832	NB551033:151:HCYCWBGXB:2:11107:13854:6221#0/2	95.968	124	5	0	707	830	1	124	1.79e-49	202
NC_011593.1:c2595355-2593832	NB551033:151:HCYCWBGXB:4:21408:9684:6389#0/1	95.968	124	5	0	707	830	1	124	1.79e-49	202
NC_011593.1:c2595355-2593832	NB551033:151:HCYCWBGXB:4:12402:22045:16753#0/2	95.238	126	6	0	450	575	1	126	6.43e-49	200
NC_011593.1:c2595355-2593832	NB551033:151:HCYCWBGXB:1:13107:14368:17801#0/1	97.436	117	3	0	1354	1470	151	35	6.43e-49	200
NC_011593.1:c2595355-2593832	NB551033:151:HCYCWBGXB:2:13110:18758:12406#0/2	96.610	118	4	0	692	809	1	118	8.31e-48	196
NC_011593.1:c2595355-2593832	NB551033:151:HCYCWBGXB:2:13110:18758:12406#0/1	96.610	118	4	0	692	809	118	1	8.31e-48	196
NC_011593.1:c2595355-2593832	NB551033:151:HCYCWBGXB:4:21511:25804:5432#0/2	95.041	121	6	0	390	510	121	1	3.87e-46	191
NC_011593.1:c2595355-2593832	NB551033:151:HCYCWBGXB:4:21502:18152:8631#0/2	96.522	115	4	0	705	819	115	1	3.87e-46	191
NC_011593.1:c2595355-2593832	NB551033:151:HCYCWBGXB:4:21502:18152:8631#0/1	96.522	115	4	0	705	819	1	115	3.87e-46	191
NC_011593.1:c2595355-2593832	NB551033:151:HCYCWBGXB:2:22110:24612:16668#0/1	95.000	120	6	0	355	474	121	2	1.39e-45	189
NC_011593.1:c2595355-2593832	NB551033:151:HCYCWBGXB:4:23502:12211:11561#0/2	95.614	114	5	0	372	485	114	1	6.47e-44	183
NC_011593.1:c2595355-2593832	NB551033:151:HCYCWBGXB:2:13305:20468:6039#0/1	96.330	109	4	0	450	558	1	109	8.37e-43	180
NC_011593.1:c2595355-2593832	NB551033:151:HCYCWBGXB:4:11611:14053:12829#0/2	98.958	96	1	0	523	618	1	96	1.40e-40	172
NC_011593.1:c2595355-2593832	NB551033:151:HCYCWBGXB:3:21501:11406:10065#0/2	96.190	105	4	0	707	811	105	1	1.40e-40	172
NC_011593.1:c2595355-2593832	NB551033:151:HCYCWBGXB:4:11611:14053:12829#0/1	98.958	96	1	0	523	618	96	1	1.40e-40	172
NC_011593.1:c2595355-2593832	NB551033:151:HCYCWBGXB:3:23510:7184:5201#0/1	95.370	108	5	0	707	814	1	108	1.40e-40	172
NC_011593.1:c2595355-2593832	NB551033:151:HCYCWBGXB:3:21501:11406:10065#0/1	96.190	105	4	0	707	811	1	105	1.40e-40	172
NC_011593.1:c2595355-2593832	NB551033:151:HCYCWBGXB:2:21210:10536:11284#0/2	96.154	104	4	0	377	480	104	1	5.04e-40	171
NC_011593.1:c2595355-2593832	NB551033:151:HCYCWBGXB:2:21210:10536:11284#0/1	96.154	104	4	0	377	480	1	104	5.04e-40	171
NC_011593.1:c2595355-2593832	NB551033:151:HCYCWBGXB:3:12604:2121:11814#0/1	95.146	103	5	0	477	579	1	103	8.43e-38	163
NC_011593.1:c2595355-2593832	NB551033:151:HCYCWBGXB:1:13209:4342:8371#0/2	96.774	93	3	0	427	519	1	93	1.41e-35	156
NC_011593.1:c2595355-2593832	NB551033:151:HCYCWBGXB:1:13209:4342:8371#0/1	96.774	93	3	0	427	519	93	1	1.41e-35	156
NC_011593.1:c2595355-2593832	NB551033:151:HCYCWBGXB:1:23112:9954:6361#0/2	96.629	89	3	0	692	780	1	89	2.36e-33	148
NC_011593.1:c2595355-2593832	NB551033:151:HCYCWBGXB:1:23110:18771:2179#0/2	96.629	89	3	0	377	465	1	89	2.36e-33	148
NC_011593.1:c2595355-2593832	NB551033:151:HCYCWBGXB:1:13107:14368:17801#0/2	98.765	81	1	0	1311	1391	1	81	3.05e-32	145
NC_011593.1:c2595355-2593832	NB551033:151:HCYCWBGXB:3:11606:4719:13543#0/2	96.386	83	3	0	499	581	2	84	5.11e-30	137
NC_011593.1:c2595355-2593832	NB551033:151:HCYCWBGXB:3:11504:22633:18835#0/2	96.296	81	3	0	429	509	1	81	6.61e-29	134
NC_011593.1:c2595355-2593832	NB551033:151:HCYCWBGXB:3:11504:22633:18835#0/1	96.296	81	3	0	429	509	81	1	6.61e-29	134
NC_011593.1:c2595355-2593832	NB551033:151:HCYCWBGXB:4:21503:11386:17846#0/2	97.368	76	2	0	1395	1470	1	76	8.55e-28	130
NC_011593.1:c2595355-2593832	NB551033:151:HCYCWBGXB:2:21110:4063:15588#0/2	97.368	76	2	0	52	127	6	81	8.55e-28	130
NC_011593.1:c2595355-2593832	NB551033:151:HCYCWBGXB:4:11403:2650:5794#0/1	95.775	71	3	0	488	558	1	71	2.39e-23	115
NC_011593.1:c2595355-2593832	NB551033:151:HCYCWBGXB:3:23501:18892:17842#0/2	100.000	34	0	0	1437	1470	129	96	8.80e-08	63.9
NC_011593.1:c2595355-2593832	NB551033:151:HCYCWBGXB:3:23501:18892:17842#0/1	100.000	34	0	0	1437	1470	1	34	8.80e-08	63.9
# BLASTN 2.9.0+
# Query: NC_011593.1:c2597106-2595574 Bifidobacterium longum subsp. infantis ATCC 15697, complete genome
# Database: db/blast_M0888-3F-1A_S32.faa
# Fields: query acc.ver, subject acc.ver, % identity, alignment length, mismatches, gap opens, q. start, q. end, s. start, s. end, evalue, bit score
# 23 hits found
NC_011593.1:c2597106-2595574	NB551033:151:HCYCWBGXB:4:23402:6906:15844#0/2	95.302	149	7	0	1	149	149	1	4.93e-60	237
NC_011593.1:c2597106-2595574	NB551033:151:HCYCWBGXB:4:21407:25881:18365#0/1	95.276	127	6	0	429	555	1	127	1.80e-49	202
NC_011593.1:c2597106-2595574	NB551033:151:HCYCWBGXB:2:23311:7161:10133#0/1	95.276	127	6	0	429	555	1	127	1.80e-49	202
NC_011593.1:c2597106-2595574	NB551033:151:HCYCWBGXB:4:22511:17994:18735#0/1	95.000	120	6	0	214	333	132	13	1.40e-45	189
NC_011593.1:c2597106-2595574	NB551033:151:HCYCWBGXB:3:22508:14974:14981#0/1	95.536	112	5	0	398	509	113	2	8.42e-43	180
NC_011593.1:c2597106-2595574	NB551033:151:HCYCWBGXB:4:22609:8144:10438#0/2	96.078	102	4	0	1	102	102	1	6.56e-39	167
NC_011593.1:c2597106-2595574	NB551033:151:HCYCWBGXB:4:21605:22793:17664#0/1	96.078	102	4	0	1	102	102	1	6.56e-39	167
NC_011593.1:c2597106-2595574	NB551033:151:HCYCWBGXB:3:13407:7245:10689#0/1	95.146	103	5	0	427	529	103	1	8.48e-38	163
NC_011593.1:c2597106-2595574	NB551033:151:HCYCWBGXB:1:13209:4342:8371#0/2	96.774	93	3	0	427	519	1	93	1.42e-35	156
NC_011593.1:c2597106-2595574	NB551033:151:HCYCWBGXB:1:13209:4342:8371#0/1	96.774	93	3	0	427	519	93	1	1.42e-35	156
NC_011593.1:c2597106-2595574	NB551033:151:HCYCWBGXB:1:22101:3646:1839#0/2	96.703	91	3	0	450	540	1	91	1.84e-34	152
NC_011593.1:c2597106-2595574	NB551033:151:HCYCWBGXB:4:21605:22793:17664#0/2	98.765	81	1	0	1	81	67	147	3.07e-32	145
NC_011593.1:c2597106-2595574	NB551033:151:HCYCWBGXB:3:11504:22633:18835#0/2	97.531	81	2	0	429	509	1	81	1.43e-30	139
NC_011593.1:c2597106-2595574	NB551033:151:HCYCWBGXB:3:11504:22633:18835#0/1	97.531	81	2	0	429	509	81	1	1.43e-30	139
NC_011593.1:c2597106-2595574	NB551033:151:HCYCWBGXB:4:21503:11386:17846#0/2	97.368	76	2	0	1395	1470	1	76	8.60e-28	130
NC_011593.1:c2597106-2595574	NB551033:151:HCYCWBGXB:4:22609:8144:10438#0/1	100.000	68	0	0	1	68	83	150	1.11e-26	126
NC_011593.1:c2597106-2595574	NB551033:151:HCYCWBGXB:1:22302:17189:11445#0/2	95.890	73	3	0	752	824	54	126	1.86e-24	119
NC_011593.1:c2597106-2595574	NB551033:151:HCYCWBGXB:4:21502:18152:8631#0/2	95.588	68	3	0	752	819	68	1	1.12e-21	110
NC_011593.1:c2597106-2595574	NB551033:151:HCYCWBGXB:4:21502:18152:8631#0/1	95.588	68	3	0	752	819	48	115	1.12e-21	110
NC_011593.1:c2597106-2595574	NB551033:151:HCYCWBGXB:3:23508:18056:17949#0/2	100.000	55	0	0	1	55	55	1	1.88e-19	102
NC_011593.1:c2597106-2595574	NB551033:151:HCYCWBGXB:1:11203:25705:15053#0/2	100.000	41	0	0	1	41	41	1	1.14e-11	76.8
NC_011593.1:c2597106-2595574	NB551033:151:HCYCWBGXB:3:23501:18892:17842#0/2	100.000	34	0	0	1437	1470	129	96	8.85e-08	63.9
NC_011593.1:c2597106-2595574	NB551033:151:HCYCWBGXB:3:23501:18892:17842#0/1	100.000	34	0	0	1437	1470	1	34	8.85e-08	63.9
# BLASTN 2.9.0+
# Query: NC_011593.1:c2598562-2597207 Bifidobacterium longum subsp. infantis ATCC 15697, complete genome
# Database: db/blast_M0888-3F-1A_S32.faa
# Fields: query acc.ver, subject acc.ver, % identity, alignment length, mismatches, gap opens, q. start, q. end, s. start, s. end, evalue, bit score
# 77 hits found
NC_011593.1:c2598562-2597207	NB551033:151:HCYCWBGXB:4:21603:10532:6704#0/2	100.000	151	0	0	562	712	1	151	7.12e-73	279
NC_011593.1:c2598562-2597207	NB551033:151:HCYCWBGXB:3:22507:12980:7448#0/2	100.000	151	0	0	870	1020	1	151	7.12e-73	279
NC_011593.1:c2598562-2597207	NB551033:151:HCYCWBGXB:3:21604:13744:4661#0/2	100.000	151	0	0	600	750	1	151	7.12e-73	279
NC_011593.1:c2598562-2597207	NB551033:151:HCYCWBGXB:2:22201:18831:9689#0/2	100.000	151	0	0	639	789	1	151	7.12e-73	279
NC_011593.1:c2598562-2597207	NB551033:151:HCYCWBGXB:1:23203:2460:13070#0/2	100.000	151	0	0	1195	1345	151	1	7.12e-73	279
NC_011593.1:c2598562-2597207	NB551033:151:HCYCWBGXB:1:13204:23755:14597#0/2	100.000	151	0	0	282	432	1	151	7.12e-73	279
NC_011593.1:c2598562-2597207	NB551033:151:HCYCWBGXB:4:11605:24877:18739#0/1	100.000	151	0	0	862	1012	151	1	7.12e-73	279
NC_011593.1:c2598562-2597207	NB551033:151:HCYCWBGXB:3:12601:19527:9719#0/1	100.000	151	0	0	282	432	1	151	7.12e-73	279
NC_011593.1:c2598562-2597207	NB551033:151:HCYCWBGXB:2:23207:9405:12997#0/1	100.000	151	0	0	698	848	1	151	7.12e-73	279
NC_011593.1:c2598562-2597207	NB551033:151:HCYCWBGXB:2:13202:7088:13200#0/1	100.000	151	0	0	556	706	151	1	7.12e-73	279
NC_011593.1:c2598562-2597207	NB551033:151:HCYCWBGXB:2:11311:21435:2536#0/1	100.000	151	0	0	867	1017	151	1	7.12e-73	279
NC_011593.1:c2598562-2597207	NB551033:151:HCYCWBGXB:2:11206:2946:15702#0/1	100.000	151	0	0	254	404	1	151	7.12e-73	279
NC_011593.1:c2598562-2597207	NB551033:151:HCYCWBGXB:4:11609:11067:10698#0/2	100.000	150	0	0	547	696	1	150	2.56e-72	278
NC_011593.1:c2598562-2597207	NB551033:151:HCYCWBGXB:4:11502:17736:14702#0/2	100.000	150	0	0	645	794	1	150	2.56e-72	278
NC_011593.1:c2598562-2597207	NB551033:151:HCYCWBGXB:3:12601:19527:9719#0/2	100.000	150	0	0	821	970	150	1	2.56e-72	278
NC_011593.1:c2598562-2597207	NB551033:151:HCYCWBGXB:2:23207:9405:12997#0/2	100.000	150	0	0	724	873	150	1	2.56e-72	278
NC_011593.1:c2598562-2597207	NB551033:151:HCYCWBGXB:1:23203:24746:6811#0/2	100.000	150	0	0	547	696	1	150	2.56e-72	278
NC_011593.1:c2598562-2597207	NB551033:151:HCYCWBGXB:1:12210:17434:3902#0/2	100.000	150	0	0	743	892	150	1	2.56e-72	278
NC_011593.1:c2598562-2597207	NB551033:151:HCYCWBGXB:1:12202:7163:3973#0/2	100.000	150	0	0	515	664	150	1	2.56e-72	278
NC_011593.1:c2598562-2597207	NB551033:151:HCYCWBGXB:3:22507:12980:7448#0/1	100.000	150	0	0	910	1059	150	1	2.56e-72	278
NC_011593.1:c2598562-2597207	NB551033:151:HCYCWBGXB:3:21604:13744:4661#0/1	100.000	150	0	0	766	915	150	1	2.56e-72	278
NC_011593.1:c2598562-2597207	NB551033:151:HCYCWBGXB:1:23203:24746:6811#0/1	100.000	150	0	0	753	902	150	1	2.56e-72	278
NC_011593.1:c2598562-2597207	NB551033:151:HCYCWBGXB:1:13204:23755:14597#0/1	100.000	150	0	0	611	760	150	1	2.56e-72	278
NC_011593.1:c2598562-2597207	NB551033:151:HCYCWBGXB:1:12209:6632:10027#0/1	100.000	150	0	0	859	1008	1	150	2.56e-72	278
NC_011593.1:c2598562-2597207	NB551033:151:HCYCWBGXB:4:11605:24877:18739#0/2	100.000	149	0	0	749	897	1	149	9.22e-72	276
NC_011593.1:c2598562-2597207	NB551033:151:HCYCWBGXB:2:11311:21435:2536#0/2	100.000	149	0	0	814	962	1	149	9.22e-72	276
NC_011593.1:c2598562-2597207	NB551033:151:HCYCWBGXB:4:21603:10532:6704#0/1	100.000	149	0	0	646	794	149	1	9.22e-72	276
NC_011593.1:c2598562-2597207	NB551033:151:HCYCWBGXB:1:12210:17434:3902#0/1	100.000	148	0	0	636	783	1	148	3.31e-71	274
NC_011593.1:c2598562-2597207	NB551033:151:HCYCWBGXB:1:12203:16974:17618#0/1	99.338	151	1	0	176	326	1	151	3.31e-71	274
NC_011593.1:c2598562-2597207	NB551033:151:HCYCWBGXB:1:12202:7163:3973#0/1	99.338	151	1	0	330	480	1	151	3.31e-71	274
NC_011593.1:c2598562-2597207	NB551033:151:HCYCWBGXB:1:11102:21495:9152#0/1	99.338	151	1	0	503	653	151	1	3.31e-71	274
NC_011593.1:c2598562-2597207	NB551033:151:HCYCWBGXB:2:13202:7088:13200#0/2	99.333	150	1	0	381	530	1	150	1.19e-70	272
NC_011593.1:c2598562-2597207	NB551033:151:HCYCWBGXB:1:12203:16974:17618#0/2	99.333	150	1	0	459	608	150	1	1.19e-70	272
NC_011593.1:c2598562-2597207	NB551033:151:HCYCWBGXB:2:22201:18831:9689#0/1	99.333	150	1	0	668	817	150	1	1.19e-70	272
NC_011593.1:c2598562-2597207	NB551033:151:HCYCWBGXB:2:12312:2414:4802#0/1	99.333	150	1	0	719	868	150	1	1.19e-70	272
NC_011593.1:c2598562-2597207	NB551033:151:HCYCWBGXB:1:13103:10636:17900#0/2	99.329	149	1	0	382	530	1	149	4.29e-70	270
NC_011593.1:c2598562-2597207	NB551033:151:HCYCWBGXB:4:11609:11067:10698#0/1	99.329	149	1	0	820	968	149	1	4.29e-70	270
NC_011593.1:c2598562-2597207	NB551033:151:HCYCWBGXB:1:22308:1133:16669#0/2	100.000	141	0	0	1216	1356	1	141	2.58e-67	261
NC_011593.1:c2598562-2597207	NB551033:151:HCYCWBGXB:1:11102:21495:9152#0/2	100.000	141	0	0	138	278	10	150	2.58e-67	261
NC_011593.1:c2598562-2597207	NB551033:151:HCYCWBGXB:1:12305:8063:12657#0/2	100.000	140	0	0	1206	1345	140	1	9.28e-67	259
NC_011593.1:c2598562-2597207	NB551033:151:HCYCWBGXB:2:12108:1803:16834#0/1	99.248	133	1	0	932	1064	150	18	3.36e-61	241
NC_011593.1:c2598562-2597207	NB551033:151:HCYCWBGXB:2:23302:14982:6947#0/1	99.242	132	1	0	1225	1356	1	132	1.21e-60	239
NC_011593.1:c2598562-2597207	NB551033:151:HCYCWBGXB:1:21209:1388:19232#0/2	100.000	126	0	0	1058	1183	6	131	5.63e-59	233
NC_011593.1:c2598562-2597207	NB551033:151:HCYCWBGXB:3:11412:14286:11924#0/1	100.000	126	0	0	1058	1183	23	148	5.63e-59	233
NC_011593.1:c2598562-2597207	NB551033:151:HCYCWBGXB:3:22607:7434:14468#0/1	99.213	127	1	0	138	264	127	1	7.28e-58	230
NC_011593.1:c2598562-2597207	NB551033:151:HCYCWBGXB:4:11503:10989:1779#0/2	100.000	120	0	0	641	760	120	1	1.22e-55	222
NC_011593.1:c2598562-2597207	NB551033:151:HCYCWBGXB:3:11607:3108:8305#0/2	100.000	119	0	0	1058	1176	119	1	4.38e-55	220
NC_011593.1:c2598562-2597207	NB551033:151:HCYCWBGXB:4:11503:10989:1779#0/1	100.000	119	0	0	641	759	1	119	4.38e-55	220
NC_011593.1:c2598562-2597207	NB551033:151:HCYCWBGXB:3:22408:19951:14443#0/1	99.123	114	1	0	1058	1171	38	151	1.23e-50	206
NC_011593.1:c2598562-2597207	NB551033:151:HCYCWBGXB:2:21111:4463:18121#0/1	100.000	102	0	0	1058	1159	49	150	1.23e-45	189
NC_011593.1:c2598562-2597207	NB551033:151:HCYCWBGXB:4:12505:2096:12993#0/2	100.000	101	0	0	1058	1158	2	102	4.44e-45	187
NC_011593.1:c2598562-2597207	NB551033:151:HCYCWBGXB:4:12505:2096:12993#0/1	100.000	101	0	0	1058	1158	101	1	4.44e-45	187
NC_011593.1:c2598562-2597207	NB551033:151:HCYCWBGXB:4:22501:4300:19718#0/1	100.000	98	0	0	542	639	1	98	2.07e-43	182
NC_011593.1:c2598562-2597207	NB551033:151:HCYCWBGXB:4:22501:4300:19718#0/2	100.000	97	0	0	543	639	97	1	7.43e-43	180
NC_011593.1:c2598562-2597207	NB551033:151:HCYCWBGXB:2:11206:2946:15702#0/2	100.000	97	0	0	657	753	97	1	7.43e-43	180
NC_011593.1:c2598562-2597207	NB551033:151:HCYCWBGXB:1:13103:10636:17900#0/1	100.000	94	0	0	479	572	94	1	3.46e-41	174
NC_011593.1:c2598562-2597207	NB551033:151:HCYCWBGXB:4:11401:18131:19474#0/2	98.958	96	1	0	1063	1158	96	1	1.24e-40	172
NC_011593.1:c2598562-2597207	NB551033:151:HCYCWBGXB:2:21312:18440:7622#0/2	100.000	93	0	0	1264	1356	1	93	1.24e-40	172
NC_011593.1:c2598562-2597207	NB551033:151:HCYCWBGXB:2:12108:1803:16834#0/2	100.000	92	0	0	788	879	59	150	4.47e-40	171
NC_011593.1:c2598562-2597207	NB551033:151:HCYCWBGXB:4:23609:1149:1787#0/1	100.000	87	0	0	1270	1356	1	87	2.69e-37	161
NC_011593.1:c2598562-2597207	NB551033:151:HCYCWBGXB:4:23608:26576:1780#0/1	100.000	87	0	0	1270	1356	1	87	2.69e-37	161
NC_011593.1:c2598562-2597207	NB551033:151:HCYCWBGXB:4:12512:25708:6824#0/1	100.000	87	0	0	1058	1144	87	1	2.69e-37	161
NC_011593.1:c2598562-2597207	NB551033:151:HCYCWBGXB:4:23609:1149:1787#0/2	100.000	86	0	0	1271	1356	128	43	9.68e-37	159
NC_011593.1:c2598562-2597207	NB551033:151:HCYCWBGXB:4:23608:26576:1780#0/2	100.000	86	0	0	1271	1356	128	43	9.68e-37	159
NC_011593.1:c2598562-2597207	NB551033:151:HCYCWBGXB:4:22610:2158:4344#0/2	100.000	82	0	0	1275	1356	1	82	1.62e-34	152
NC_011593.1:c2598562-2597207	NB551033:151:HCYCWBGXB:4:22610:2158:4344#0/1	100.000	82	0	0	1275	1356	114	33	1.62e-34	152
NC_011593.1:c2598562-2597207	NB551033:151:HCYCWBGXB:4:12512:25708:6824#0/2	100.000	62	0	0	1058	1119	87	148	2.13e-23	115
NC_011593.1:c2598562-2597207	NB551033:151:HCYCWBGXB:3:11607:3108:8305#0/1	100.000	62	0	0	1058	1119	87	148	2.13e-23	115
NC_011593.1:c2598562-2597207	NB551033:151:HCYCWBGXB:2:13108:4318:8387#0/2	100.000	59	0	0	788	846	82	140	9.89e-22	110
NC_011593.1:c2598562-2597207	NB551033:151:HCYCWBGXB:2:13108:4318:8387#0/1	100.000	59	0	0	788	846	59	1	9.89e-22	110
NC_011593.1:c2598562-2597207	NB551033:151:HCYCWBGXB:2:12112:23467:9025#0/1	100.000	53	0	0	788	840	53	1	2.14e-18	99.0
NC_011593.1:c2598562-2597207	NB551033:151:HCYCWBGXB:4:22408:13260:11041#0/2	100.000	52	0	0	1305	1356	1	52	7.70e-18	97.1
NC_011593.1:c2598562-2597207	NB551033:151:HCYCWBGXB:3:22411:5493:11367#0/2	100.000	47	0	0	1310	1356	1	47	4.63e-15	87.9
NC_011593.1:c2598562-2597207	NB551033:151:HCYCWBGXB:4:22510:10215:11865#0/1	100.000	45	0	0	1058	1102	45	1	5.99e-14	84.2
NC_011593.1:c2598562-2597207	NB551033:151:HCYCWBGXB:1:12209:6632:10027#0/2	100.000	42	0	0	1023	1064	149	108	2.79e-12	78.7
NC_011593.1:c2598562-2597207	NB551033:151:HCYCWBGXB:3:21509:23100:19772#0/2	100.000	36	0	0	1029	1064	1	36	6.04e-09	67.6
NC_011593.1:c2598562-2597207	NB551033:151:HCYCWBGXB:1:22206:16788:3224#0/1	100.000	29	0	0	138	166	29	1	4.70e-05	54.7
# BLASTN 2.9.0+
# Query: NC_011593.1:2598858-2601929 Bifidobacterium longum subsp. infantis ATCC 15697, complete genome
# Database: db/blast_M0888-3F-1A_S32.faa
# Fields: query acc.ver, subject acc.ver, % identity, alignment length, mismatches, gap opens, q. start, q. end, s. start, s. end, evalue, bit score
# 144 hits found
NC_011593.1:2598858-2601929	NB551033:151:HCYCWBGXB:2:13209:19311:10635#0/2	100.000	151	0	0	239	389	151	1	1.62e-72	279
NC_011593.1:2598858-2601929	NB551033:151:HCYCWBGXB:1:11304:13178:9131#0/2	100.000	151	0	0	2392	2542	151	1	1.62e-72	279
NC_011593.1:2598858-2601929	NB551033:151:HCYCWBGXB:4:22503:21274:12710#0/2	100.000	150	0	0	1920	2069	1	150	5.82e-72	278
NC_011593.1:2598858-2601929	NB551033:151:HCYCWBGXB:3:13511:23926:9813#0/2	100.000	150	0	0	1677	1826	1	150	5.82e-72	278
NC_011593.1:2598858-2601929	NB551033:151:HCYCWBGXB:2:23311:11207:15721#0/2	100.000	150	0	0	1732	1881	150	1	5.82e-72	278
NC_011593.1:2598858-2601929	NB551033:151:HCYCWBGXB:1:23305:7854:3393#0/2	100.000	150	0	0	926	1075	1	150	5.82e-72	278
NC_011593.1:2598858-2601929	NB551033:151:HCYCWBGXB:1:21102:9321:3673#0/2	100.000	150	0	0	2398	2547	150	1	5.82e-72	278
NC_011593.1:2598858-2601929	NB551033:151:HCYCWBGXB:1:12306:12707:10072#0/2	100.000	150	0	0	926	1075	1	150	5.82e-72	278
NC_011593.1:2598858-2601929	NB551033:151:HCYCWBGXB:1:12103:19401:9563#0/2	100.000	150	0	0	1576	1725	150	1	5.82e-72	278
NC_011593.1:2598858-2601929	NB551033:151:HCYCWBGXB:1:11206:24412:18673#0/2	100.000	150	0	0	932	1081	1	150	5.82e-72	278
NC_011593.1:2598858-2601929	NB551033:151:HCYCWBGXB:4:23404:2270:9251#0/1	100.000	150	0	0	1585	1734	150	1	5.82e-72	278
NC_011593.1:2598858-2601929	NB551033:151:HCYCWBGXB:4:21402:20819:16877#0/1	100.000	150	0	0	1623	1772	1	150	5.82e-72	278
NC_011593.1:2598858-2601929	NB551033:151:HCYCWBGXB:2:23311:11207:15721#0/1	100.000	150	0	0	1687	1836	1	150	5.82e-72	278
NC_011593.1:2598858-2601929	NB551033:151:HCYCWBGXB:1:23111:23700:2943#0/1	100.000	150	0	0	1580	1729	150	1	5.82e-72	278
NC_011593.1:2598858-2601929	NB551033:151:HCYCWBGXB:1:22308:16743:6697#0/2	100.000	149	0	0	1558	1706	3	151	2.09e-71	276
NC_011593.1:2598858-2601929	NB551033:151:HCYCWBGXB:4:12410:15800:17131#0/1	100.000	149	0	0	1746	1894	1	149	2.09e-71	276
NC_011593.1:2598858-2601929	NB551033:151:HCYCWBGXB:3:13511:23926:9813#0/1	100.000	149	0	0	1732	1880	149	1	2.09e-71	276
NC_011593.1:2598858-2601929	NB551033:151:HCYCWBGXB:4:23401:7889:2898#0/2	99.338	151	1	0	2823	2973	151	1	7.53e-71	274
NC_011593.1:2598858-2601929	NB551033:151:HCYCWBGXB:2:13207:8202:1192#0/2	99.338	151	1	0	1121	1271	1	151	7.53e-71	274
NC_011593.1:2598858-2601929	NB551033:151:HCYCWBGXB:4:12411:6246:10399#0/1	99.338	151	1	0	218	368	1	151	7.53e-71	274
NC_011593.1:2598858-2601929	NB551033:151:HCYCWBGXB:3:12607:15162:8254#0/1	99.338	151	1	0	2868	3018	151	1	7.53e-71	274
NC_011593.1:2598858-2601929	NB551033:151:HCYCWBGXB:1:23201:21926:8640#0/1	99.338	151	1	0	2000	2150	1	151	7.53e-71	274
NC_011593.1:2598858-2601929	NB551033:151:HCYCWBGXB:4:22501:24767:14971#0/2	99.333	150	1	0	1005	1154	150	1	2.71e-70	272
NC_011593.1:2598858-2601929	NB551033:151:HCYCWBGXB:4:13408:25255:6800#0/2	99.333	150	1	0	2796	2945	150	1	2.71e-70	272
NC_011593.1:2598858-2601929	NB551033:151:HCYCWBGXB:1:23111:23700:2943#0/2	99.333	150	1	0	1569	1718	1	150	2.71e-70	272
NC_011593.1:2598858-2601929	NB551033:151:HCYCWBGXB:4:21602:10583:10365#0/1	99.333	150	1	0	2435	2584	150	1	2.71e-70	272
NC_011593.1:2598858-2601929	NB551033:151:HCYCWBGXB:3:11610:24021:9805#0/1	99.333	150	1	0	1960	2109	150	1	2.71e-70	272
NC_011593.1:2598858-2601929	NB551033:151:HCYCWBGXB:1:23305:7854:3393#0/1	99.333	150	1	0	999	1148	150	1	2.71e-70	272
NC_011593.1:2598858-2601929	NB551033:151:HCYCWBGXB:1:22308:16743:6697#0/1	99.333	150	1	0	1937	2086	150	1	2.71e-70	272
NC_011593.1:2598858-2601929	NB551033:151:HCYCWBGXB:1:13207:12270:11793#0/1	99.333	150	1	0	966	1115	150	1	2.71e-70	272
NC_011593.1:2598858-2601929	NB551033:151:HCYCWBGXB:1:12306:12707:10072#0/1	99.333	150	1	0	953	1102	150	1	2.71e-70	272
NC_011593.1:2598858-2601929	NB551033:151:HCYCWBGXB:4:21606:11917:15554#0/2	99.329	149	1	0	1246	1394	1	149	9.74e-70	270
NC_011593.1:2598858-2601929	NB551033:151:HCYCWBGXB:4:12508:14260:15814#0/1	99.329	149	1	0	1537	1685	149	1	9.74e-70	270
NC_011593.1:2598858-2601929	NB551033:151:HCYCWBGXB:1:11304:13178:9131#0/1	99.329	149	1	0	1834	1982	1	149	9.74e-70	270
NC_011593.1:2598858-2601929	NB551033:151:HCYCWBGXB:4:23505:11816:12023#0/2	98.675	151	2	0	602	752	151	1	3.50e-69	268
NC_011593.1:2598858-2601929	NB551033:151:HCYCWBGXB:4:21602:18124:5514#0/2	98.675	151	2	0	1030	1180	151	1	3.50e-69	268
NC_011593.1:2598858-2601929	NB551033:151:HCYCWBGXB:4:11406:10665:9164#0/2	99.324	148	1	0	2211	2358	1	148	3.50e-69	268
NC_011593.1:2598858-2601929	NB551033:151:HCYCWBGXB:3:22605:22740:9481#0/2	98.675	151	2	0	1880	2030	151	1	3.50e-69	268
NC_011593.1:2598858-2601929	NB551033:151:HCYCWBGXB:2:13208:18686:10599#0/2	98.675	151	2	0	2844	2994	151	1	3.50e-69	268
NC_011593.1:2598858-2601929	NB551033:151:HCYCWBGXB:3:22404:6736:8172#0/1	98.675	151	2	0	2820	2970	151	1	3.50e-69	268
NC_011593.1:2598858-2601929	NB551033:151:HCYCWBGXB:1:11206:24412:18673#0/1	98.675	151	2	0	1048	1198	151	1	3.50e-69	268
NC_011593.1:2598858-2601929	NB551033:151:HCYCWBGXB:4:23404:2270:9251#0/2	98.667	150	2	0	1386	1535	1	150	1.26e-68	267
NC_011593.1:2598858-2601929	NB551033:151:HCYCWBGXB:4:22509:1898:8388#0/2	99.320	147	1	0	135	281	147	1	1.26e-68	267
NC_011593.1:2598858-2601929	NB551033:151:HCYCWBGXB:4:21402:20819:16877#0/2	98.667	150	2	0	2137	2286	150	1	1.26e-68	267
NC_011593.1:2598858-2601929	NB551033:151:HCYCWBGXB:3:22605:26099:2453#0/2	98.667	150	2	0	2147	2296	1	150	1.26e-68	267
NC_011593.1:2598858-2601929	NB551033:151:HCYCWBGXB:3:22407:4835:14116#0/2	98.667	150	2	0	2509	2658	150	1	1.26e-68	267
NC_011593.1:2598858-2601929	NB551033:151:HCYCWBGXB:3:22404:6736:8172#0/2	98.667	150	2	0	2777	2926	1	150	1.26e-68	267
NC_011593.1:2598858-2601929	NB551033:151:HCYCWBGXB:3:11610:24021:9805#0/2	98.667	150	2	0	1865	2014	1	150	1.26e-68	267
NC_011593.1:2598858-2601929	NB551033:151:HCYCWBGXB:1:13207:12270:11793#0/2	98.667	150	2	0	590	739	1	150	1.26e-68	267
NC_011593.1:2598858-2601929	NB551033:151:HCYCWBGXB:4:23610:1640:1398#0/1	98.667	150	2	0	2832	2981	150	1	1.26e-68	267
NC_011593.1:2598858-2601929	NB551033:151:HCYCWBGXB:4:22509:1898:8388#0/1	98.667	150	2	0	81	230	1	150	1.26e-68	267
NC_011593.1:2598858-2601929	NB551033:151:HCYCWBGXB:3:22407:4835:14116#0/1	98.667	150	2	0	2501	2650	1	150	1.26e-68	267
NC_011593.1:2598858-2601929	NB551033:151:HCYCWBGXB:1:21106:15621:4762#0/1	98.667	150	2	0	393	542	1	150	1.26e-68	267
NC_011593.1:2598858-2601929	NB551033:151:HCYCWBGXB:2:23205:23128:2185#0/2	98.658	149	2	0	370	518	150	2	4.53e-68	265
NC_011593.1:2598858-2601929	NB551033:151:HCYCWBGXB:2:23205:4949:19508#0/1	99.315	146	1	0	1948	2093	146	1	4.53e-68	265
NC_011593.1:2598858-2601929	NB551033:151:HCYCWBGXB:4:12510:25507:4417#0/2	98.649	148	2	0	2072	2219	1	148	1.63e-67	263
NC_011593.1:2598858-2601929	NB551033:151:HCYCWBGXB:3:22605:22871:1080#0/2	98.649	148	2	0	1396	1543	148	1	1.63e-67	263
NC_011593.1:2598858-2601929	NB551033:151:HCYCWBGXB:2:23311:17589:1754#0/2	98.013	151	3	0	880	1030	1	151	1.63e-67	263
NC_011593.1:2598858-2601929	NB551033:151:HCYCWBGXB:2:23305:12264:7305#0/2	98.013	151	3	0	1350	1500	151	1	1.63e-67	263
NC_011593.1:2598858-2601929	NB551033:151:HCYCWBGXB:2:23205:4949:19508#0/2	99.310	145	1	0	1948	2092	1	145	1.63e-67	263
NC_011593.1:2598858-2601929	NB551033:151:HCYCWBGXB:1:23201:21926:8640#0/2	98.013	151	3	0	2331	2481	151	1	1.63e-67	263
NC_011593.1:2598858-2601929	NB551033:151:HCYCWBGXB:1:21206:12367:12467#0/2	99.310	145	1	0	1	145	145	1	1.63e-67	263
NC_011593.1:2598858-2601929	NB551033:151:HCYCWBGXB:4:23402:7386:2788#0/1	98.658	149	0	1	1981	2129	1	147	1.63e-67	263
NC_011593.1:2598858-2601929	NB551033:151:HCYCWBGXB:4:23401:15626:16450#0/1	98.013	151	3	0	1341	1491	1	151	1.63e-67	263
NC_011593.1:2598858-2601929	NB551033:151:HCYCWBGXB:4:13408:25255:6800#0/1	98.013	151	3	0	2677	2827	1	151	1.63e-67	263
NC_011593.1:2598858-2601929	NB551033:151:HCYCWBGXB:4:12510:25507:4417#0/1	98.649	148	2	0	2072	2219	148	1	1.63e-67	263
NC_011593.1:2598858-2601929	NB551033:151:HCYCWBGXB:3:22605:26099:2453#0/1	98.013	151	3	0	2359	2509	151	1	1.63e-67	263
NC_011593.1:2598858-2601929	NB551033:151:HCYCWBGXB:2:23311:17589:1754#0/1	98.013	151	3	0	1124	1274	151	1	1.63e-67	263
NC_011593.1:2598858-2601929	NB551033:151:HCYCWBGXB:2:23305:12264:7305#0/1	98.013	151	3	0	1287	1437	1	151	1.63e-67	263
NC_011593.1:2598858-2601929	NB551033:151:HCYCWBGXB:1:23209:15632:8357#0/1	98.013	151	3	0	1283	1433	151	1	1.63e-67	263
NC_011593.1:2598858-2601929	NB551033:151:HCYCWBGXB:1:12103:19401:9563#0/1	98.013	151	3	0	1444	1594	1	151	1.63e-67	263
NC_011593.1:2598858-2601929	NB551033:151:HCYCWBGXB:4:23610:1640:1398#0/2	98.000	150	3	0	2686	2835	1	150	5.86e-67	261
NC_011593.1:2598858-2601929	NB551033:151:HCYCWBGXB:4:21602:10583:10365#0/2	98.000	150	3	0	2147	2296	1	150	5.86e-67	261
NC_011593.1:2598858-2601929	NB551033:151:HCYCWBGXB:1:21108:21507:16769#0/2	98.000	150	3	0	1094	1243	150	1	5.86e-67	261
NC_011593.1:2598858-2601929	NB551033:151:HCYCWBGXB:1:13301:17303:19390#0/2	100.000	141	0	0	1731	1871	1	141	5.86e-67	261
NC_011593.1:2598858-2601929	NB551033:151:HCYCWBGXB:3:23411:16697:1722#0/1	98.000	150	3	0	2671	2820	1	150	5.86e-67	261
NC_011593.1:2598858-2601929	NB551033:151:HCYCWBGXB:3:22605:22871:1080#0/1	98.000	150	3	0	1140	1289	1	150	5.86e-67	261
NC_011593.1:2598858-2601929	NB551033:151:HCYCWBGXB:2:13208:18686:10599#0/1	98.639	147	2	0	2576	2722	1	147	5.86e-67	261
NC_011593.1:2598858-2601929	NB551033:151:HCYCWBGXB:2:13104:9294:5994#0/1	98.000	150	3	0	37	186	150	1	5.86e-67	261
NC_011593.1:2598858-2601929	NB551033:151:HCYCWBGXB:1:21110:3964:9473#0/1	98.000	150	3	0	27	176	150	1	5.86e-67	261
NC_011593.1:2598858-2601929	NB551033:151:HCYCWBGXB:1:21108:21507:16769#0/1	98.000	150	3	0	1094	1243	1	150	5.86e-67	261
NC_011593.1:2598858-2601929	NB551033:151:HCYCWBGXB:1:13301:17303:19390#0/1	100.000	141	0	0	1731	1871	141	1	5.86e-67	261
NC_011593.1:2598858-2601929	NB551033:151:HCYCWBGXB:4:12410:15800:17131#0/2	100.000	139	0	0	1956	2094	139	1	7.58e-66	257
NC_011593.1:2598858-2601929	NB551033:151:HCYCWBGXB:3:23411:16697:1722#0/2	97.973	148	3	0	2925	3072	150	3	7.58e-66	257
NC_011593.1:2598858-2601929	NB551033:151:HCYCWBGXB:4:23612:1414:16749#0/1	97.351	151	4	0	596	746	151	1	7.58e-66	257
NC_011593.1:2598858-2601929	NB551033:151:HCYCWBGXB:4:23612:1414:16749#0/2	97.333	150	4	0	448	597	1	150	2.73e-65	255
NC_011593.1:2598858-2601929	NB551033:151:HCYCWBGXB:4:23402:7386:2788#0/2	97.333	150	4	0	2355	2504	150	1	2.73e-65	255
NC_011593.1:2598858-2601929	NB551033:151:HCYCWBGXB:4:12411:6246:10399#0/2	97.333	150	4	0	407	556	150	1	2.73e-65	255
NC_011593.1:2598858-2601929	NB551033:151:HCYCWBGXB:3:12607:15162:8254#0/2	97.333	150	4	0	2446	2595	1	150	2.73e-65	255
NC_011593.1:2598858-2601929	NB551033:151:HCYCWBGXB:2:22308:24414:5574#0/2	97.959	147	3	0	2375	2521	147	1	2.73e-65	255
NC_011593.1:2598858-2601929	NB551033:151:HCYCWBGXB:1:13108:26512:20251#0/2	97.959	147	3	0	2725	2871	1	147	2.73e-65	255
NC_011593.1:2598858-2601929	NB551033:151:HCYCWBGXB:4:22503:21274:12710#0/1	98.611	144	2	0	2161	2304	144	1	2.73e-65	255
NC_011593.1:2598858-2601929	NB551033:151:HCYCWBGXB:4:13507:1430:13748#0/1	97.333	150	4	0	2593	2742	1	150	2.73e-65	255
NC_011593.1:2598858-2601929	NB551033:151:HCYCWBGXB:4:11406:10665:9164#0/1	97.333	150	4	0	2293	2442	150	1	2.73e-65	255
NC_011593.1:2598858-2601929	NB551033:151:HCYCWBGXB:2:13207:8202:1192#0/1	97.333	150	4	0	1458	1607	150	1	2.73e-65	255
NC_011593.1:2598858-2601929	NB551033:151:HCYCWBGXB:1:21102:9321:3673#0/1	97.333	150	4	0	2271	2420	1	150	2.73e-65	255
NC_011593.1:2598858-2601929	NB551033:151:HCYCWBGXB:3:22605:22740:9481#0/1	100.000	136	0	0	1740	1875	1	136	3.53e-64	252
NC_011593.1:2598858-2601929	NB551033:151:HCYCWBGXB:2:11307:18656:11845#0/1	99.281	139	1	0	1	139	139	1	3.53e-64	252
NC_011593.1:2598858-2601929	NB551033:151:HCYCWBGXB:4:22603:7947:16071#0/2	97.279	147	4	0	1364	1510	1	147	1.27e-63	250
NC_011593.1:2598858-2601929	NB551033:151:HCYCWBGXB:4:12508:14260:15814#0/2	96.667	150	5	0	1425	1574	1	150	1.27e-63	250
NC_011593.1:2598858-2601929	NB551033:151:HCYCWBGXB:2:23202:14443:19300#0/2	96.667	150	5	0	816	965	1	150	1.27e-63	250
NC_011593.1:2598858-2601929	NB551033:151:HCYCWBGXB:4:23505:11816:12023#0/1	96.667	150	5	0	529	678	1	150	1.27e-63	250
NC_011593.1:2598858-2601929	NB551033:151:HCYCWBGXB:4:22603:7947:16071#0/1	98.582	141	2	0	1528	1668	141	1	1.27e-63	250
NC_011593.1:2598858-2601929	NB551033:151:HCYCWBGXB:4:22501:24767:14971#0/1	96.667	150	5	0	784	933	1	150	1.27e-63	250
NC_011593.1:2598858-2601929	NB551033:151:HCYCWBGXB:4:21606:11917:15554#0/1	96.667	150	5	0	1427	1576	150	1	1.27e-63	250
NC_011593.1:2598858-2601929	NB551033:151:HCYCWBGXB:4:21602:18124:5514#0/1	96.667	150	5	0	816	965	1	150	1.27e-63	250
NC_011593.1:2598858-2601929	NB551033:151:HCYCWBGXB:1:21106:15621:4762#0/2	96.644	149	5	0	427	575	149	1	4.56e-63	248
NC_011593.1:2598858-2601929	NB551033:151:HCYCWBGXB:1:23209:15632:8357#0/2	96.000	150	6	0	759	908	1	150	5.90e-62	244
NC_011593.1:2598858-2601929	NB551033:151:HCYCWBGXB:1:22103:22930:1903#0/2	96.000	150	6	0	799	948	1	150	5.90e-62	244
NC_011593.1:2598858-2601929	NB551033:151:HCYCWBGXB:3:22502:22846:1196#0/1	97.810	137	3	0	1388	1524	1	137	9.87e-60	237
NC_011593.1:2598858-2601929	NB551033:151:HCYCWBGXB:4:23401:7889:2898#0/1	97.778	135	3	0	2529	2663	1	135	1.28e-58	233
NC_011593.1:2598858-2601929	NB551033:151:HCYCWBGXB:4:13507:1430:13748#0/2	97.059	136	4	0	2651	2786	136	1	1.65e-57	230
NC_011593.1:2598858-2601929	NB551033:151:HCYCWBGXB:2:23207:3951:12061#0/2	99.213	127	1	0	2	128	1	127	1.65e-57	230
NC_011593.1:2598858-2601929	NB551033:151:HCYCWBGXB:2:23207:3951:12061#0/1	99.213	127	1	0	2	128	127	1	1.65e-57	230
NC_011593.1:2598858-2601929	NB551033:151:HCYCWBGXB:1:22103:22930:1903#0/1	98.450	129	2	0	1048	1176	129	1	5.94e-57	228
NC_011593.1:2598858-2601929	NB551033:151:HCYCWBGXB:1:13204:5352:15431#0/2	98.413	126	2	0	1532	1657	1	126	2.76e-55	222
NC_011593.1:2598858-2601929	NB551033:151:HCYCWBGXB:3:23505:10962:19169#0/1	98.413	126	2	0	2894	3019	1	126	2.76e-55	222
NC_011593.1:2598858-2601929	NB551033:151:HCYCWBGXB:2:13209:19311:10635#0/1	98.347	121	2	0	1	121	31	151	1.66e-52	213
NC_011593.1:2598858-2601929	NB551033:151:HCYCWBGXB:1:13204:5352:15431#0/1	99.153	118	1	0	1540	1657	118	1	1.66e-52	213
NC_011593.1:2598858-2601929	NB551033:151:HCYCWBGXB:2:23202:14443:19300#0/1	98.291	117	2	0	1010	1126	117	1	2.78e-50	206
NC_011593.1:2598858-2601929	NB551033:151:HCYCWBGXB:1:12302:24568:19063#0/1	99.123	114	1	0	2042	2155	114	1	2.78e-50	206
NC_011593.1:2598858-2601929	NB551033:151:HCYCWBGXB:1:12302:24568:19063#0/2	97.479	119	3	0	1844	1962	1	119	1.00e-49	204
NC_011593.1:2598858-2601929	NB551033:151:HCYCWBGXB:2:23205:23128:2185#0/1	100.000	103	0	0	1	103	49	151	7.80e-46	191
NC_011593.1:2598858-2601929	NB551033:151:HCYCWBGXB:3:22508:19343:2797#0/1	100.000	100	0	0	1	100	100	1	3.63e-44	185
NC_011593.1:2598858-2601929	NB551033:151:HCYCWBGXB:2:13207:4407:14451#0/2	100.000	99	0	0	1	99	13	111	1.30e-43	183
NC_011593.1:2598858-2601929	NB551033:151:HCYCWBGXB:2:13207:4407:14451#0/1	100.000	99	0	0	1	99	99	1	1.30e-43	183
NC_011593.1:2598858-2601929	NB551033:151:HCYCWBGXB:3:21604:16998:11863#0/2	98.058	103	2	0	951	1053	1	103	1.69e-42	180
NC_011593.1:2598858-2601929	NB551033:151:HCYCWBGXB:3:12408:8513:6592#0/2	100.000	95	0	0	400	494	95	1	2.18e-41	176
NC_011593.1:2598858-2601929	NB551033:151:HCYCWBGXB:3:12408:8513:6592#0/1	100.000	95	0	0	400	494	1	95	2.18e-41	176
NC_011593.1:2598858-2601929	NB551033:151:HCYCWBGXB:3:21604:16998:11863#0/1	98.958	96	1	0	958	1053	96	1	2.82e-40	172
NC_011593.1:2598858-2601929	NB551033:151:HCYCWBGXB:3:22507:3266:3259#0/2	98.947	95	1	0	2211	2305	1	95	1.02e-39	171
NC_011593.1:2598858-2601929	NB551033:151:HCYCWBGXB:3:22507:3266:3259#0/1	98.947	95	1	0	2211	2305	95	1	1.02e-39	171
NC_011593.1:2598858-2601929	NB551033:151:HCYCWBGXB:4:22407:17909:16492#0/2	100.000	88	0	0	1623	1710	1	88	1.70e-37	163
NC_011593.1:2598858-2601929	NB551033:151:HCYCWBGXB:4:22407:17909:16492#0/1	100.000	88	0	0	1623	1710	88	1	1.70e-37	163
NC_011593.1:2598858-2601929	NB551033:151:HCYCWBGXB:2:22308:24414:5574#0/1	98.864	88	1	0	2226	2313	1	88	7.91e-36	158
NC_011593.1:2598858-2601929	NB551033:151:HCYCWBGXB:4:23401:15626:16450#0/2	95.833	96	4	0	1480	1575	96	1	2.84e-35	156
NC_011593.1:2598858-2601929	NB551033:151:HCYCWBGXB:3:22502:22846:1196#0/2	100.000	82	0	0	1567	1648	82	1	3.68e-34	152
NC_011593.1:2598858-2601929	NB551033:151:HCYCWBGXB:2:13303:10428:5712#0/2	98.795	83	1	0	2790	2872	1	83	4.76e-33	148
NC_011593.1:2598858-2601929	NB551033:151:HCYCWBGXB:2:13303:10428:5712#0/1	98.795	83	1	0	2790	2872	83	1	4.76e-33	148
NC_011593.1:2598858-2601929	NB551033:151:HCYCWBGXB:4:21601:4645:10990#0/2	95.294	85	4	0	1416	1500	85	1	3.71e-29	135
NC_011593.1:2598858-2601929	NB551033:151:HCYCWBGXB:1:21110:3964:9473#0/2	100.000	69	0	0	1	69	82	150	6.20e-27	128
NC_011593.1:2598858-2601929	NB551033:151:HCYCWBGXB:1:22104:19063:20007#0/1	96.875	64	2	0	3009	3072	1	64	8.08e-21	108
NC_011593.1:2598858-2601929	NB551033:151:HCYCWBGXB:2:13104:9294:5994#0/2	100.000	37	0	0	1	37	115	151	3.81e-09	69.4
NC_011593.1:2598858-2601929	NB551033:151:HCYCWBGXB:4:23610:17066:4563#0/1	96.875	32	1	0	1028	1059	33	2	1.07e-04	54.7
# BLASTN 2.9.0+
# Query: NC_011593.1:c2604454-2602106 Bifidobacterium longum subsp. infantis ATCC 15697, complete genome
# Database: db/blast_M0888-3F-1A_S32.faa
# 0 hits found
# BLASTN 2.9.0+
# Query: NC_011593.1:c2605922-2604486 Bifidobacterium longum subsp. infantis ATCC 15697, complete genome
# Database: db/blast_M0888-3F-1A_S32.faa
# 0 hits found
# BLASTN 2.9.0+
# Query: NC_011593.1:c2606381-2605944 Bifidobacterium longum subsp. infantis ATCC 15697, complete genome
# Database: db/blast_M0888-3F-1A_S32.faa
# 0 hits found
# BLASTN 2.9.0+
# Query: NC_011593.1:c2607314-2606418 Bifidobacterium longum subsp. infantis ATCC 15697, complete genome
# Database: db/blast_M0888-3F-1A_S32.faa
# 0 hits found
# BLASTN 2.9.0+
# Query: NC_011593.1:c2608249-2607458 Bifidobacterium longum subsp. infantis ATCC 15697, complete genome
# Database: db/blast_M0888-3F-1A_S32.faa
# 0 hits found
# BLASTN 2.9.0+
# Query: NC_011593.1:c2609546-2608269 Bifidobacterium longum subsp. infantis ATCC 15697, complete genome
# Database: db/blast_M0888-3F-1A_S32.faa
# Fields: query acc.ver, subject acc.ver, % identity, alignment length, mismatches, gap opens, q. start, q. end, s. start, s. end, evalue, bit score
# 3 hits found
NC_011593.1:c2609546-2608269	NB551033:151:HCYCWBGXB:3:13606:16453:9997#0/2	96.774	62	2	0	283	344	3	64	4.33e-20	104
NC_011593.1:c2609546-2608269	NB551033:151:HCYCWBGXB:3:11605:10691:12749#0/2	98.182	55	1	0	290	344	150	96	7.25e-18	97.1
NC_011593.1:c2609546-2608269	NB551033:151:HCYCWBGXB:3:21506:10210:19917#0/2	98.148	54	1	0	290	343	150	97	2.61e-17	95.3
# BLASTN 2.9.0+
# Query: NC_011593.1:c2610356-2609697 Bifidobacterium longum subsp. infantis ATCC 15697, complete genome
# Database: db/blast_M0888-3F-1A_S32.faa
# 0 hits found
# BLASTN 2.9.0+
# Query: NC_011593.1:c2611458-2610496 Bifidobacterium longum subsp. infantis ATCC 15697, complete genome
# Database: db/blast_M0888-3F-1A_S32.faa
# 0 hits found
# BLASTN 2.9.0+
# Query: NC_011593.1:c2612430-2611477 Bifidobacterium longum subsp. infantis ATCC 15697, complete genome
# Database: db/blast_M0888-3F-1A_S32.faa
# 0 hits found
# BLASTN 2.9.0+
# Query: NC_011593.1:c2614109-2612517 Bifidobacterium longum subsp. infantis ATCC 15697, complete genome
# Database: db/blast_M0888-3F-1A_S32.faa
# 0 hits found
# BLASTN 2.9.0+
# Query: NC_011593.1:c2615274-2614312 Bifidobacterium longum subsp. infantis ATCC 15697, complete genome
# Database: db/blast_M0888-3F-1A_S32.faa
# 0 hits found
# BLASTN 2.9.0+
# Query: NC_011593.1:c2616246-2615293 Bifidobacterium longum subsp. infantis ATCC 15697, complete genome
# Database: db/blast_M0888-3F-1A_S32.faa
# 0 hits found
# BLASTN 2.9.0+
# Query: NC_011593.1:c2617928-2616333 Bifidobacterium longum subsp. infantis ATCC 15697, complete genome
# Database: db/blast_M0888-3F-1A_S32.faa
# 0 hits found
# BLASTN 2.9.0+
# Query: NC_011593.1:c2619247-2618063 Bifidobacterium longum subsp. infantis ATCC 15697, complete genome
# Database: db/blast_M0888-3F-1A_S32.faa
# 0 hits found
# BLASTN 2.9.0+
# Query: NC_011593.1:c2620369-2619413 Bifidobacterium longum subsp. infantis ATCC 15697, complete genome
# Database: db/blast_M0888-3F-1A_S32.faa
# 0 hits found
# BLASTN 2.9.0+
# Query: NC_011593.1:c2622143-2620551 Bifidobacterium longum subsp. infantis ATCC 15697, complete genome
# Database: db/blast_M0888-3F-1A_S32.faa
# 0 hits found
# BLASTN 2.9.0+
# Query: NC_011593.1:c2624124-2622520 Bifidobacterium longum subsp. infantis ATCC 15697, complete genome
# Database: db/blast_M0888-3F-1A_S32.faa
# 0 hits found
# BLASTN 2.9.0+
# Query: NC_011593.1:c2626110-2624512 Bifidobacterium longum subsp. infantis ATCC 15697, complete genome
# Database: db/blast_M0888-3F-1A_S32.faa
# 0 hits found
# BLASTN 2.9.0+
# Query: NC_011593.1:c2626386-2626264 Bifidobacterium longum subsp. infantis ATCC 15697, complete genome
# Database: db/blast_M0888-3F-1A_S32.faa
# 0 hits found
# BLASTN 2.9.0+
# Query: NC_011593.1:c2628158-2626563 Bifidobacterium longum subsp. infantis ATCC 15697, complete genome
# Database: db/blast_M0888-3F-1A_S32.faa
# 0 hits found
# BLASTN 2.9.0+
# Query: NC_011593.1:c2630269-2628314 Bifidobacterium longum subsp. infantis ATCC 15697, complete genome
# Database: db/blast_M0888-3F-1A_S32.faa
# 0 hits found
# BLASTN 2.9.0+
# Query: NC_011593.1:c2631106-2630366 Bifidobacterium longum subsp. infantis ATCC 15697, complete genome
# Database: db/blast_M0888-3F-1A_S32.faa
# 0 hits found
# BLASTN 2.9.0+
# Query: NC_011593.1:c2632432-2631140 Bifidobacterium longum subsp. infantis ATCC 15697, complete genome
# Database: db/blast_M0888-3F-1A_S32.faa
# 0 hits found
# BLASTN 2.9.0+
# Query: NC_011593.1:c2633881-2632562 Bifidobacterium longum subsp. infantis ATCC 15697, complete genome
# Database: db/blast_M0888-3F-1A_S32.faa
# 0 hits found
# BLASTN 2.9.0+
# Query: NC_011593.1:c2634683-2633865 Bifidobacterium longum subsp. infantis ATCC 15697, complete genome
# Database: db/blast_M0888-3F-1A_S32.faa
# 0 hits found
# BLASTN 2.9.0+
# Query: NC_011593.1:c2635627-2634680 Bifidobacterium longum subsp. infantis ATCC 15697, complete genome
# Database: db/blast_M0888-3F-1A_S32.faa
# 0 hits found
# BLASTN 2.9.0+
# Query: NC_011593.1:c2636747-2635629 Bifidobacterium longum subsp. infantis ATCC 15697, complete genome
# Database: db/blast_M0888-3F-1A_S32.faa
# 0 hits found
# BLAST processed 31 queries
