# BLASTN 2.9.0+
# Query: NC_011593.1:c2595355-2593832 Bifidobacterium longum subsp. infantis ATCC 15697, complete genome
# Database: db/blast_M0893-1F-1A_S8.faa
# Fields: query acc.ver, subject acc.ver, % identity, alignment length, mismatches, gap opens, q. start, q. end, s. start, s. end, evalue, bit score
# 103 hits found
NC_011593.1:c2595355-2593832	NB551033:137:HK33LBGX9:4:13508:6519:2473#0/2	99.338	151	1	0	924	1074	151	1	2.09e-71	274
NC_011593.1:c2595355-2593832	NB551033:137:HK33LBGX9:3:12602:19626:9776#0/1	99.338	151	1	0	356	506	1	151	2.09e-71	274
NC_011593.1:c2595355-2593832	NB551033:137:HK33LBGX9:1:12104:13581:17531#0/2	99.333	150	1	0	728	877	150	1	7.53e-71	272
NC_011593.1:c2595355-2593832	NB551033:137:HK33LBGX9:3:12602:19626:9776#0/2	98.675	151	2	0	383	533	151	1	9.73e-70	268
NC_011593.1:c2595355-2593832	NB551033:137:HK33LBGX9:2:21103:20536:10710#0/1	98.675	151	2	0	406	556	151	1	9.73e-70	268
NC_011593.1:c2595355-2593832	NB551033:137:HK33LBGX9:4:21401:3104:3472#0/2	98.667	150	2	0	1014	1163	150	1	3.50e-69	267
NC_011593.1:c2595355-2593832	NB551033:137:HK33LBGX9:1:12312:13351:1163#0/1	98.667	150	2	0	429	578	1	150	3.50e-69	267
NC_011593.1:c2595355-2593832	NB551033:137:HK33LBGX9:3:13406:21627:8165#0/2	98.658	149	2	0	1030	1178	1	149	1.26e-68	265
NC_011593.1:c2595355-2593832	NB551033:137:HK33LBGX9:3:12406:3067:4936#0/1	98.658	149	2	0	976	1124	149	1	1.26e-68	265
NC_011593.1:c2595355-2593832	NB551033:137:HK33LBGX9:1:13206:11789:6866#0/1	98.658	149	2	0	1030	1178	1	149	1.26e-68	265
NC_011593.1:c2595355-2593832	NB551033:137:HK33LBGX9:4:21507:5654:14514#0/2	98.013	151	3	0	707	857	151	1	4.53e-68	263
NC_011593.1:c2595355-2593832	NB551033:137:HK33LBGX9:3:23603:6618:3761#0/2	98.013	151	3	0	113	263	1	151	4.53e-68	263
NC_011593.1:c2595355-2593832	NB551033:137:HK33LBGX9:3:23511:5257:1625#0/2	98.013	151	3	0	1049	1199	151	1	4.53e-68	263
NC_011593.1:c2595355-2593832	NB551033:137:HK33LBGX9:2:12103:2917:14779#0/2	98.013	151	3	0	1161	1311	1	151	4.53e-68	263
NC_011593.1:c2595355-2593832	NB551033:137:HK33LBGX9:4:11602:9080:2381#0/1	98.013	151	3	0	705	855	151	1	4.53e-68	263
NC_011593.1:c2595355-2593832	NB551033:137:HK33LBGX9:1:12105:25298:2936#0/1	98.013	151	3	0	821	971	1	151	4.53e-68	263
NC_011593.1:c2595355-2593832	NB551033:137:HK33LBGX9:2:12309:14516:5606#0/2	98.000	150	3	0	699	848	1	150	1.63e-67	261
NC_011593.1:c2595355-2593832	NB551033:137:HK33LBGX9:4:12406:16109:6084#0/1	98.000	150	3	0	701	850	150	1	1.63e-67	261
NC_011593.1:c2595355-2593832	NB551033:137:HK33LBGX9:4:11404:4265:8447#0/1	98.000	150	3	0	1077	1226	1	150	1.63e-67	261
NC_011593.1:c2595355-2593832	NB551033:137:HK33LBGX9:3:21511:3993:15031#0/1	98.000	150	3	0	1137	1286	1	150	1.63e-67	261
NC_011593.1:c2595355-2593832	NB551033:137:HK33LBGX9:3:13406:21627:8165#0/1	98.000	150	3	0	1059	1208	150	1	1.63e-67	261
NC_011593.1:c2595355-2593832	NB551033:137:HK33LBGX9:4:11602:9080:2381#0/2	97.987	149	3	0	429	577	1	149	5.86e-67	259
NC_011593.1:c2595355-2593832	NB551033:137:HK33LBGX9:3:12406:3067:4936#0/2	97.987	149	3	0	705	853	1	149	5.86e-67	259
NC_011593.1:c2595355-2593832	NB551033:137:HK33LBGX9:2:12309:14516:5606#0/1	97.987	149	3	0	831	979	149	1	5.86e-67	259
NC_011593.1:c2595355-2593832	NB551033:137:HK33LBGX9:1:22202:12328:15419#0/2	97.351	151	4	0	857	1007	151	1	2.11e-66	257
NC_011593.1:c2595355-2593832	NB551033:137:HK33LBGX9:1:11111:6583:6965#0/2	97.351	151	4	0	132	282	1	151	2.11e-66	257
NC_011593.1:c2595355-2593832	NB551033:137:HK33LBGX9:2:23205:5603:13852#0/1	97.351	151	4	0	1098	1248	151	1	2.11e-66	257
NC_011593.1:c2595355-2593832	NB551033:137:HK33LBGX9:1:22202:12328:15419#0/1	97.351	151	4	0	844	994	1	151	2.11e-66	257
NC_011593.1:c2595355-2593832	NB551033:137:HK33LBGX9:4:12406:16109:6084#0/2	97.333	150	4	0	687	836	1	150	7.58e-66	255
NC_011593.1:c2595355-2593832	NB551033:137:HK33LBGX9:3:11403:11979:2463#0/2	97.333	150	4	0	89	238	1	150	7.58e-66	255
NC_011593.1:c2595355-2593832	NB551033:137:HK33LBGX9:2:11312:5207:10468#0/2	97.333	150	4	0	82	231	150	1	7.58e-66	255
NC_011593.1:c2595355-2593832	NB551033:137:HK33LBGX9:1:13206:11789:6866#0/2	97.333	150	4	0	1088	1237	150	1	7.58e-66	255
NC_011593.1:c2595355-2593832	NB551033:137:HK33LBGX9:1:12105:25298:2936#0/2	97.333	150	4	0	875	1024	150	1	7.58e-66	255
NC_011593.1:c2595355-2593832	NB551033:137:HK33LBGX9:4:21401:3104:3472#0/1	97.333	150	4	0	849	998	1	150	7.58e-66	255
NC_011593.1:c2595355-2593832	NB551033:137:HK33LBGX9:1:13311:21896:10537#0/1	97.333	150	4	0	87	236	150	1	7.58e-66	255
NC_011593.1:c2595355-2593832	NB551033:137:HK33LBGX9:1:12105:9266:9011#0/1	97.333	150	4	0	159	308	1	150	7.58e-66	255
NC_011593.1:c2595355-2593832	NB551033:137:HK33LBGX9:4:13612:16437:15123#0/2	97.945	146	3	0	1219	1364	1	146	2.73e-65	254
NC_011593.1:c2595355-2593832	NB551033:137:HK33LBGX9:1:11305:15742:6292#0/2	96.689	151	5	0	596	746	151	1	9.80e-65	252
NC_011593.1:c2595355-2593832	NB551033:137:HK33LBGX9:4:12411:10653:1777#0/1	96.689	151	5	0	17	167	151	1	9.80e-65	252
NC_011593.1:c2595355-2593832	NB551033:137:HK33LBGX9:4:11501:14791:13734#0/1	96.689	151	5	0	67	217	151	1	9.80e-65	252
NC_011593.1:c2595355-2593832	NB551033:137:HK33LBGX9:1:12312:13351:1163#0/2	96.667	150	5	0	603	752	150	1	3.53e-64	250
NC_011593.1:c2595355-2593832	NB551033:137:HK33LBGX9:4:23508:8047:11529#0/1	96.667	150	5	0	1296	1445	1	150	3.53e-64	250
NC_011593.1:c2595355-2593832	NB551033:137:HK33LBGX9:2:11210:4261:13920#0/1	97.279	147	4	0	73	219	147	1	3.53e-64	250
NC_011593.1:c2595355-2593832	NB551033:137:HK33LBGX9:4:21507:5654:14514#0/1	96.644	149	5	0	616	764	1	149	1.27e-63	248
NC_011593.1:c2595355-2593832	NB551033:137:HK33LBGX9:4:21410:11370:10325#0/2	97.887	142	3	0	796	937	142	1	4.56e-63	246
NC_011593.1:c2595355-2593832	NB551033:137:HK33LBGX9:1:12105:9266:9011#0/2	96.026	151	6	0	268	418	151	1	4.56e-63	246
NC_011593.1:c2595355-2593832	NB551033:137:HK33LBGX9:4:21410:11370:10325#0/1	97.887	142	3	0	796	937	1	142	4.56e-63	246
NC_011593.1:c2595355-2593832	NB551033:137:HK33LBGX9:3:23511:5257:1625#0/1	96.026	151	6	0	610	760	1	151	4.56e-63	246
NC_011593.1:c2595355-2593832	NB551033:137:HK33LBGX9:3:11403:11979:2463#0/1	96.026	151	6	0	176	326	151	1	4.56e-63	246
NC_011593.1:c2595355-2593832	NB551033:137:HK33LBGX9:4:13508:6519:2473#0/1	96.000	150	6	0	647	796	1	150	1.64e-62	244
NC_011593.1:c2595355-2593832	NB551033:137:HK33LBGX9:3:23603:6618:3761#0/1	96.000	150	6	0	288	437	150	1	1.64e-62	244
NC_011593.1:c2595355-2593832	NB551033:137:HK33LBGX9:3:13508:6768:7945#0/1	96.000	150	6	0	288	437	150	1	1.64e-62	244
NC_011593.1:c2595355-2593832	NB551033:137:HK33LBGX9:2:12211:24518:18261#0/1	96.000	150	6	0	298	447	150	1	1.64e-62	244
NC_011593.1:c2595355-2593832	NB551033:137:HK33LBGX9:3:13508:6768:7945#0/2	95.973	149	6	0	254	402	1	149	5.90e-62	243
NC_011593.1:c2595355-2593832	NB551033:137:HK33LBGX9:2:11108:4547:2871#0/2	97.857	140	3	0	1090	1229	140	1	5.90e-62	243
NC_011593.1:c2595355-2593832	NB551033:137:HK33LBGX9:3:12611:24480:9138#0/1	95.973	149	6	0	651	799	149	1	5.90e-62	243
NC_011593.1:c2595355-2593832	NB551033:137:HK33LBGX9:2:11108:4547:2871#0/1	97.857	140	3	0	1090	1229	1	140	5.90e-62	243
NC_011593.1:c2595355-2593832	NB551033:137:HK33LBGX9:1:11111:6583:6965#0/1	95.364	151	7	0	230	380	151	1	2.12e-61	241
NC_011593.1:c2595355-2593832	NB551033:137:HK33LBGX9:3:12611:24480:9138#0/2	95.333	150	7	0	298	447	1	150	7.63e-61	239
NC_011593.1:c2595355-2593832	NB551033:137:HK33LBGX9:2:21103:20536:10710#0/2	95.918	147	6	0	204	350	1	147	7.63e-61	239
NC_011593.1:c2595355-2593832	NB551033:137:HK33LBGX9:3:12412:20006:12451#0/1	97.826	138	3	0	1092	1229	138	1	7.63e-61	239
NC_011593.1:c2595355-2593832	NB551033:137:HK33LBGX9:1:12104:13581:17531#0/1	95.302	149	7	0	635	783	1	149	2.75e-60	237
NC_011593.1:c2595355-2593832	NB551033:137:HK33LBGX9:4:23502:11550:1247#0/2	95.804	143	6	0	211	353	145	3	1.28e-58	231
NC_011593.1:c2595355-2593832	NB551033:137:HK33LBGX9:3:13504:7278:4957#0/2	97.080	137	4	0	159	295	1	137	1.28e-58	231
NC_011593.1:c2595355-2593832	NB551033:137:HK33LBGX9:4:23502:11550:1247#0/1	95.804	143	6	0	208	350	1	143	1.28e-58	231
NC_011593.1:c2595355-2593832	NB551033:137:HK33LBGX9:3:13504:7278:4957#0/1	97.080	137	4	0	159	295	137	1	1.28e-58	231
NC_011593.1:c2595355-2593832	NB551033:137:HK33LBGX9:2:13305:13402:5029#0/2	96.403	139	5	0	323	461	139	1	4.59e-58	230
NC_011593.1:c2595355-2593832	NB551033:137:HK33LBGX9:2:13305:13402:5029#0/1	96.403	139	5	0	323	461	1	139	4.59e-58	230
NC_011593.1:c2595355-2593832	NB551033:137:HK33LBGX9:1:13311:21896:10537#0/2	95.139	144	7	0	1	144	4	147	1.65e-57	228
NC_011593.1:c2595355-2593832	NB551033:137:HK33LBGX9:4:23408:1839:3342#0/2	99.194	124	1	0	727	850	124	1	2.14e-56	224
NC_011593.1:c2595355-2593832	NB551033:137:HK33LBGX9:3:22608:16378:9503#0/2	99.194	124	1	0	979	1102	1	124	2.14e-56	224
NC_011593.1:c2595355-2593832	NB551033:137:HK33LBGX9:4:23408:1839:3342#0/1	99.194	124	1	0	727	850	1	124	2.14e-56	224
NC_011593.1:c2595355-2593832	NB551033:137:HK33LBGX9:1:11305:15742:6292#0/1	98.387	124	2	0	450	573	1	124	9.94e-55	219
NC_011593.1:c2595355-2593832	NB551033:137:HK33LBGX9:2:23205:5603:13852#0/2	100.000	112	0	0	768	879	1	112	2.15e-51	207
NC_011593.1:c2595355-2593832	NB551033:137:HK33LBGX9:2:12103:2917:14779#0/1	98.276	116	2	0	1273	1388	116	1	2.78e-50	204
NC_011593.1:c2595355-2593832	NB551033:137:HK33LBGX9:4:13507:12533:7679#0/2	99.091	110	1	0	957	1066	1	110	1.30e-48	198
NC_011593.1:c2595355-2593832	NB551033:137:HK33LBGX9:4:13507:12533:7679#0/1	99.091	110	1	0	957	1066	110	1	1.30e-48	198
NC_011593.1:c2595355-2593832	NB551033:137:HK33LBGX9:4:23410:5991:9180#0/1	96.552	116	4	0	1155	1270	1	116	6.03e-47	193
NC_011593.1:c2595355-2593832	NB551033:137:HK33LBGX9:2:12311:23379:10969#0/1	97.345	113	3	0	1358	1470	1	113	6.03e-47	193
NC_011593.1:c2595355-2593832	NB551033:137:HK33LBGX9:2:22308:13014:19468#0/1	96.460	113	4	0	1311	1423	1	113	2.80e-45	187
NC_011593.1:c2595355-2593832	NB551033:137:HK33LBGX9:1:23301:4953:2487#0/2	97.196	107	3	0	151	257	107	1	1.30e-43	182
NC_011593.1:c2595355-2593832	NB551033:137:HK33LBGX9:4:23410:5991:9180#0/2	98.058	103	2	0	1274	1376	103	1	4.69e-43	180
NC_011593.1:c2595355-2593832	NB551033:137:HK33LBGX9:3:22608:16378:9503#0/1	98.058	103	2	0	1274	1376	103	1	4.69e-43	180
NC_011593.1:c2595355-2593832	NB551033:137:HK33LBGX9:4:21612:3156:10092#0/2	95.455	110	5	0	293	402	1	110	6.07e-42	176
NC_011593.1:c2595355-2593832	NB551033:137:HK33LBGX9:3:12412:20006:12451#0/2	98.969	97	1	0	1032	1128	1	97	2.18e-41	174
NC_011593.1:c2595355-2593832	NB551033:137:HK33LBGX9:2:23307:4736:1372#0/1	98.000	100	2	0	1069	1168	100	1	2.18e-41	174
NC_011593.1:c2595355-2593832	NB551033:137:HK33LBGX9:4:23508:8047:11529#0/2	97.000	100	3	0	1371	1470	151	52	1.02e-39	169
NC_011593.1:c2595355-2593832	NB551033:137:HK33LBGX9:4:11404:4265:8447#0/2	97.849	93	2	0	1274	1366	93	1	1.70e-37	161
NC_011593.1:c2595355-2593832	NB551033:137:HK33LBGX9:1:23103:19151:3324#0/2	97.802	91	2	0	717	807	1	91	2.20e-36	158
NC_011593.1:c2595355-2593832	NB551033:137:HK33LBGX9:4:13612:16437:15123#0/1	97.802	91	2	0	1274	1364	91	1	2.20e-36	158
NC_011593.1:c2595355-2593832	NB551033:137:HK33LBGX9:1:23103:19151:3324#0/1	96.703	91	3	0	717	807	91	1	1.02e-34	152
NC_011593.1:c2595355-2593832	NB551033:137:HK33LBGX9:4:11408:15175:4472#0/2	96.667	90	3	0	1381	1470	1	90	3.68e-34	150
NC_011593.1:c2595355-2593832	NB551033:137:HK33LBGX9:4:11408:15175:4472#0/1	96.667	90	3	0	1381	1470	137	48	3.68e-34	150
NC_011593.1:c2595355-2593832	NB551033:137:HK33LBGX9:2:11304:14355:16717#0/2	97.436	78	2	0	1122	1199	78	1	3.71e-29	134
NC_011593.1:c2595355-2593832	NB551033:137:HK33LBGX9:2:11304:14355:16717#0/1	97.436	78	2	0	1122	1199	1	78	3.71e-29	134
NC_011593.1:c2595355-2593832	NB551033:137:HK33LBGX9:2:11212:19476:4698#0/2	97.183	71	2	0	1400	1470	1	71	2.88e-25	121
NC_011593.1:c2595355-2593832	NB551033:137:HK33LBGX9:4:22505:12872:7221#0/2	98.305	59	1	0	1412	1470	1	59	2.91e-20	104
NC_011593.1:c2595355-2593832	NB551033:137:HK33LBGX9:4:22505:12872:7221#0/1	98.305	59	1	0	1412	1470	79	21	2.91e-20	104
NC_011593.1:c2595355-2593832	NB551033:137:HK33LBGX9:3:22508:13458:19468#0/1	98.305	59	1	0	1412	1470	1	59	2.91e-20	104
NC_011593.1:c2595355-2593832	NB551033:137:HK33LBGX9:4:23601:13086:15275#0/2	98.246	57	1	0	1414	1470	1	57	3.76e-19	100
NC_011593.1:c2595355-2593832	NB551033:137:HK33LBGX9:3:21511:3993:15031#0/2	98.214	56	1	0	1415	1470	150	95	1.35e-18	99.0
NC_011593.1:c2595355-2593832	NB551033:137:HK33LBGX9:3:22508:13458:19468#0/2	100.000	31	0	0	1440	1470	150	120	2.29e-06	58.4
NC_011593.1:c2595355-2593832	NB551033:137:HK33LBGX9:2:11212:19476:4698#0/1	100.000	31	0	0	1440	1470	150	120	2.29e-06	58.4
# BLASTN 2.9.0+
# Query: NC_011593.1:c2597106-2595574 Bifidobacterium longum subsp. infantis ATCC 15697, complete genome
# Database: db/blast_M0893-1F-1A_S8.faa
# Fields: query acc.ver, subject acc.ver, % identity, alignment length, mismatches, gap opens, q. start, q. end, s. start, s. end, evalue, bit score
# 15 hits found
NC_011593.1:c2597106-2595574	NB551033:137:HK33LBGX9:3:12602:19626:9776#0/2	95.270	148	7	0	386	533	148	1	9.93e-60	235
NC_011593.1:c2597106-2595574	NB551033:137:HK33LBGX9:1:21305:22095:6382#0/1	96.032	126	5	0	1	126	126	1	7.79e-51	206
NC_011593.1:c2597106-2595574	NB551033:137:HK33LBGX9:4:23502:11550:1247#0/2	95.000	120	6	0	214	333	142	23	7.84e-46	189
NC_011593.1:c2597106-2595574	NB551033:137:HK33LBGX9:2:21103:20536:10710#0/2	95.726	117	5	0	214	330	11	127	7.84e-46	189
NC_011593.1:c2597106-2595574	NB551033:137:HK33LBGX9:4:23502:11550:1247#0/1	95.726	117	5	0	214	330	7	123	7.84e-46	189
NC_011593.1:c2597106-2595574	NB551033:137:HK33LBGX9:2:11212:19476:4698#0/2	97.183	71	2	0	1400	1470	1	71	2.90e-25	121
NC_011593.1:c2597106-2595574	NB551033:137:HK33LBGX9:4:22505:12872:7221#0/2	98.305	59	1	0	1412	1470	1	59	2.92e-20	104
NC_011593.1:c2597106-2595574	NB551033:137:HK33LBGX9:4:22505:12872:7221#0/1	98.305	59	1	0	1412	1470	79	21	2.92e-20	104
NC_011593.1:c2597106-2595574	NB551033:137:HK33LBGX9:3:22508:13458:19468#0/1	98.305	59	1	0	1412	1470	1	59	2.92e-20	104
NC_011593.1:c2597106-2595574	NB551033:137:HK33LBGX9:4:12412:15156:4546#0/2	100.000	55	0	0	1	55	55	1	1.05e-19	102
NC_011593.1:c2597106-2595574	NB551033:137:HK33LBGX9:4:23601:13086:15275#0/2	98.246	57	1	0	1414	1470	1	57	3.78e-19	100
NC_011593.1:c2597106-2595574	NB551033:137:HK33LBGX9:3:21511:3993:15031#0/2	98.214	56	1	0	1415	1470	150	95	1.36e-18	99.0
NC_011593.1:c2597106-2595574	NB551033:137:HK33LBGX9:1:23103:19151:3324#0/1	96.429	56	2	0	752	807	56	1	6.33e-17	93.5
NC_011593.1:c2597106-2595574	NB551033:137:HK33LBGX9:3:22508:13458:19468#0/2	100.000	31	0	0	1440	1470	150	120	2.31e-06	58.4
NC_011593.1:c2597106-2595574	NB551033:137:HK33LBGX9:2:11212:19476:4698#0/1	100.000	31	0	0	1440	1470	150	120	2.31e-06	58.4
# BLASTN 2.9.0+
# Query: NC_011593.1:c2598562-2597207 Bifidobacterium longum subsp. infantis ATCC 15697, complete genome
# Database: db/blast_M0893-1F-1A_S8.faa
# 0 hits found
# BLASTN 2.9.0+
# Query: NC_011593.1:2598858-2601929 Bifidobacterium longum subsp. infantis ATCC 15697, complete genome
# Database: db/blast_M0893-1F-1A_S8.faa
# Fields: query acc.ver, subject acc.ver, % identity, alignment length, mismatches, gap opens, q. start, q. end, s. start, s. end, evalue, bit score
# 199 hits found
NC_011593.1:2598858-2601929	NB551033:137:HK33LBGX9:4:23512:16281:15839#0/2	100.000	151	0	0	12	162	1	151	9.06e-73	279
NC_011593.1:2598858-2601929	NB551033:137:HK33LBGX9:4:12411:11013:14242#0/1	100.000	151	0	0	197	347	151	1	9.06e-73	279
NC_011593.1:2598858-2601929	NB551033:137:HK33LBGX9:2:22310:3454:3298#0/1	100.000	151	0	0	1609	1759	1	151	9.06e-73	279
NC_011593.1:2598858-2601929	NB551033:137:HK33LBGX9:1:22107:4469:2370#0/1	100.000	151	0	0	199	349	151	1	9.06e-73	279
NC_011593.1:2598858-2601929	NB551033:137:HK33LBGX9:1:23111:13301:17182#0/2	100.000	150	0	0	1209	1358	1	150	3.26e-72	278
NC_011593.1:2598858-2601929	NB551033:137:HK33LBGX9:1:11305:17039:11867#0/2	100.000	150	0	0	1190	1339	1	150	3.26e-72	278
NC_011593.1:2598858-2601929	NB551033:137:HK33LBGX9:3:23509:10469:4691#0/1	100.000	150	0	0	16	165	1	150	3.26e-72	278
NC_011593.1:2598858-2601929	NB551033:137:HK33LBGX9:1:23301:2578:7455#0/1	100.000	150	0	0	2219	2368	1	150	3.26e-72	278
NC_011593.1:2598858-2601929	NB551033:137:HK33LBGX9:3:22607:16996:16696#0/2	100.000	149	0	0	177	325	149	1	1.17e-71	276
NC_011593.1:2598858-2601929	NB551033:137:HK33LBGX9:4:22610:20513:6730#0/2	99.338	151	1	0	1740	1890	1	151	4.22e-71	274
NC_011593.1:2598858-2601929	NB551033:137:HK33LBGX9:4:21412:10874:11492#0/2	99.338	151	1	0	244	394	1	151	4.22e-71	274
NC_011593.1:2598858-2601929	NB551033:137:HK33LBGX9:2:23302:4822:17607#0/2	99.338	151	1	0	383	533	1	151	4.22e-71	274
NC_011593.1:2598858-2601929	NB551033:137:HK33LBGX9:2:13307:10008:15630#0/2	99.338	151	1	0	40	190	1	151	4.22e-71	274
NC_011593.1:2598858-2601929	NB551033:137:HK33LBGX9:2:12102:16241:11514#0/2	99.338	151	1	0	1765	1915	1	151	4.22e-71	274
NC_011593.1:2598858-2601929	NB551033:137:HK33LBGX9:1:23310:6441:14952#0/2	99.338	151	1	0	1692	1842	1	151	4.22e-71	274
NC_011593.1:2598858-2601929	NB551033:137:HK33LBGX9:1:22107:4469:2370#0/2	99.338	151	1	0	58	208	1	151	4.22e-71	274
NC_011593.1:2598858-2601929	NB551033:137:HK33LBGX9:4:22610:20513:6730#0/1	99.338	151	1	0	1839	1989	151	1	4.22e-71	274
NC_011593.1:2598858-2601929	NB551033:137:HK33LBGX9:4:22607:23342:11256#0/1	99.338	151	1	0	1381	1531	1	151	4.22e-71	274
NC_011593.1:2598858-2601929	NB551033:137:HK33LBGX9:4:13602:9035:5958#0/1	99.338	151	1	0	168	318	1	151	4.22e-71	274
NC_011593.1:2598858-2601929	NB551033:137:HK33LBGX9:3:23505:11650:18688#0/1	99.338	151	1	0	1852	2002	1	151	4.22e-71	274
NC_011593.1:2598858-2601929	NB551033:137:HK33LBGX9:3:11501:9897:14843#0/1	99.338	151	1	0	1670	1820	151	1	4.22e-71	274
NC_011593.1:2598858-2601929	NB551033:137:HK33LBGX9:2:13307:10008:15630#0/1	99.338	151	1	0	43	193	151	1	4.22e-71	274
NC_011593.1:2598858-2601929	NB551033:137:HK33LBGX9:1:13106:15428:8319#0/1	99.338	151	1	0	1665	1815	151	1	4.22e-71	274
NC_011593.1:2598858-2601929	NB551033:137:HK33LBGX9:1:11105:22732:11260#0/1	99.338	151	1	0	333	483	151	1	4.22e-71	274
NC_011593.1:2598858-2601929	NB551033:137:HK33LBGX9:4:22607:23342:11256#0/2	99.333	150	1	0	1753	1902	150	1	1.52e-70	272
NC_011593.1:2598858-2601929	NB551033:137:HK33LBGX9:4:13602:9035:5958#0/2	99.333	150	1	0	252	401	150	1	1.52e-70	272
NC_011593.1:2598858-2601929	NB551033:137:HK33LBGX9:3:23505:11650:18688#0/2	99.333	150	1	0	2077	2226	150	1	1.52e-70	272
NC_011593.1:2598858-2601929	NB551033:137:HK33LBGX9:3:22505:10035:4871#0/2	99.333	150	1	0	1739	1888	1	150	1.52e-70	272
NC_011593.1:2598858-2601929	NB551033:137:HK33LBGX9:3:21610:15722:14664#0/2	99.333	150	1	0	904	1053	150	1	1.52e-70	272
NC_011593.1:2598858-2601929	NB551033:137:HK33LBGX9:3:13503:17772:14114#0/2	99.333	150	1	0	1105	1254	150	1	1.52e-70	272
NC_011593.1:2598858-2601929	NB551033:137:HK33LBGX9:3:11510:15380:11603#0/2	99.333	150	1	0	1114	1263	1	150	1.52e-70	272
NC_011593.1:2598858-2601929	NB551033:137:HK33LBGX9:2:12302:8303:18375#0/2	99.333	150	1	0	296	445	150	1	1.52e-70	272
NC_011593.1:2598858-2601929	NB551033:137:HK33LBGX9:2:12105:4341:3456#0/2	99.333	150	1	0	1045	1194	1	150	1.52e-70	272
NC_011593.1:2598858-2601929	NB551033:137:HK33LBGX9:1:11105:22732:11260#0/2	99.333	150	1	0	150	299	1	150	1.52e-70	272
NC_011593.1:2598858-2601929	NB551033:137:HK33LBGX9:3:22410:3960:12112#0/1	99.333	150	1	0	2746	2895	1	150	1.52e-70	272
NC_011593.1:2598858-2601929	NB551033:137:HK33LBGX9:3:21605:15049:8761#0/1	99.333	150	1	0	1863	2012	1	150	1.52e-70	272
NC_011593.1:2598858-2601929	NB551033:137:HK33LBGX9:3:12512:12234:11391#0/1	99.333	150	1	0	2092	2241	1	150	1.52e-70	272
NC_011593.1:2598858-2601929	NB551033:137:HK33LBGX9:3:12403:21052:1811#0/1	99.333	150	1	0	2147	2296	1	150	1.52e-70	272
NC_011593.1:2598858-2601929	NB551033:137:HK33LBGX9:3:11510:15380:11603#0/1	99.333	150	1	0	1146	1295	150	1	1.52e-70	272
NC_011593.1:2598858-2601929	NB551033:137:HK33LBGX9:2:21212:5295:5029#0/1	99.333	150	1	0	88	237	150	1	1.52e-70	272
NC_011593.1:2598858-2601929	NB551033:137:HK33LBGX9:2:12302:8303:18375#0/1	99.333	150	1	0	237	386	1	150	1.52e-70	272
NC_011593.1:2598858-2601929	NB551033:137:HK33LBGX9:1:13103:18762:9744#0/1	99.333	150	1	0	2036	2185	150	1	1.52e-70	272
NC_011593.1:2598858-2601929	NB551033:137:HK33LBGX9:1:13103:18465:5367#0/1	99.333	150	1	0	685	834	150	1	1.52e-70	272
NC_011593.1:2598858-2601929	NB551033:137:HK33LBGX9:3:23404:3110:2861#0/2	99.329	149	1	0	50	198	1	149	5.46e-70	270
NC_011593.1:2598858-2601929	NB551033:137:HK33LBGX9:3:12512:12234:11391#0/2	99.329	149	1	0	2104	2252	149	1	5.46e-70	270
NC_011593.1:2598858-2601929	NB551033:137:HK33LBGX9:2:11310:26343:5175#0/2	99.329	149	1	0	1732	1880	149	1	5.46e-70	270
NC_011593.1:2598858-2601929	NB551033:137:HK33LBGX9:3:23404:3110:2861#0/1	99.329	149	1	0	171	319	149	1	5.46e-70	270
NC_011593.1:2598858-2601929	NB551033:137:HK33LBGX9:4:22502:4019:20060#0/2	98.675	151	2	0	2870	3020	1	151	1.96e-69	268
NC_011593.1:2598858-2601929	NB551033:137:HK33LBGX9:4:13609:5505:3628#0/2	98.675	151	2	0	1866	2016	151	1	1.96e-69	268
NC_011593.1:2598858-2601929	NB551033:137:HK33LBGX9:3:21409:17167:5172#0/2	98.675	151	2	0	580	730	1	151	1.96e-69	268
NC_011593.1:2598858-2601929	NB551033:137:HK33LBGX9:2:22310:3454:3298#0/2	98.675	151	2	0	1693	1843	151	1	1.96e-69	268
NC_011593.1:2598858-2601929	NB551033:137:HK33LBGX9:1:13106:15428:8319#0/2	98.675	151	2	0	1492	1642	1	151	1.96e-69	268
NC_011593.1:2598858-2601929	NB551033:137:HK33LBGX9:2:12105:4341:3456#0/1	98.675	151	2	0	1239	1389	151	1	1.96e-69	268
NC_011593.1:2598858-2601929	NB551033:137:HK33LBGX9:1:23111:13301:17182#0/1	98.675	151	2	0	1226	1376	151	1	1.96e-69	268
NC_011593.1:2598858-2601929	NB551033:137:HK33LBGX9:1:11305:17039:11867#0/1	98.675	151	2	0	1317	1467	151	1	1.96e-69	268
NC_011593.1:2598858-2601929	NB551033:137:HK33LBGX9:3:21605:15049:8761#0/2	98.667	150	2	0	2016	2165	150	1	7.06e-69	267
NC_011593.1:2598858-2601929	NB551033:137:HK33LBGX9:3:13607:9237:11925#0/2	98.667	150	2	0	132	281	1	150	7.06e-69	267
NC_011593.1:2598858-2601929	NB551033:137:HK33LBGX9:3:11501:9897:14843#0/2	98.667	150	2	0	1435	1584	1	150	7.06e-69	267
NC_011593.1:2598858-2601929	NB551033:137:HK33LBGX9:2:21208:22348:13050#0/2	98.667	150	2	0	877	1026	150	1	7.06e-69	267
NC_011593.1:2598858-2601929	NB551033:137:HK33LBGX9:2:21103:26041:5507#0/2	98.667	150	2	0	619	768	150	1	7.06e-69	267
NC_011593.1:2598858-2601929	NB551033:137:HK33LBGX9:2:13304:23377:20272#0/2	99.320	147	1	0	225	371	147	1	7.06e-69	267
NC_011593.1:2598858-2601929	NB551033:137:HK33LBGX9:1:23211:16252:18661#0/2	98.667	150	2	0	2790	2939	1	150	7.06e-69	267
NC_011593.1:2598858-2601929	NB551033:137:HK33LBGX9:1:13103:18465:5367#0/2	98.667	150	2	0	682	831	1	150	7.06e-69	267
NC_011593.1:2598858-2601929	NB551033:137:HK33LBGX9:4:13609:5505:3628#0/1	98.667	150	2	0	1647	1796	1	150	7.06e-69	267
NC_011593.1:2598858-2601929	NB551033:137:HK33LBGX9:2:23203:10493:9859#0/1	98.667	150	2	0	901	1050	150	1	7.06e-69	267
NC_011593.1:2598858-2601929	NB551033:137:HK33LBGX9:2:12102:16241:11514#0/1	98.667	150	2	0	1994	2143	150	1	7.06e-69	267
NC_011593.1:2598858-2601929	NB551033:137:HK33LBGX9:1:23310:6441:14952#0/1	98.667	150	2	0	2006	2155	150	1	7.06e-69	267
NC_011593.1:2598858-2601929	NB551033:137:HK33LBGX9:1:23211:16252:18661#0/1	98.667	150	2	0	2797	2946	150	1	7.06e-69	267
NC_011593.1:2598858-2601929	NB551033:137:HK33LBGX9:1:22309:21571:7871#0/1	98.667	150	2	0	951	1100	150	1	7.06e-69	267
NC_011593.1:2598858-2601929	NB551033:137:HK33LBGX9:1:21111:9928:11175#0/1	98.667	150	2	0	2152	2301	1	150	7.06e-69	267
NC_011593.1:2598858-2601929	NB551033:137:HK33LBGX9:4:21503:20504:8104#0/2	100.000	143	0	0	31	173	1	143	2.54e-68	265
NC_011593.1:2598858-2601929	NB551033:137:HK33LBGX9:4:13611:23794:1971#0/2	98.658	149	2	0	1878	2026	1	149	2.54e-68	265
NC_011593.1:2598858-2601929	NB551033:137:HK33LBGX9:3:22410:3960:12112#0/2	98.658	149	2	0	2770	2918	149	1	2.54e-68	265
NC_011593.1:2598858-2601929	NB551033:137:HK33LBGX9:4:21503:20504:8104#0/1	99.315	146	1	0	31	176	146	1	2.54e-68	265
NC_011593.1:2598858-2601929	NB551033:137:HK33LBGX9:2:11310:26343:5175#0/1	98.658	149	2	0	1431	1579	1	149	2.54e-68	265
NC_011593.1:2598858-2601929	NB551033:137:HK33LBGX9:1:13105:6835:13467#0/1	99.315	146	1	0	1	146	5	150	2.54e-68	265
NC_011593.1:2598858-2601929	NB551033:137:HK33LBGX9:1:12205:11148:15109#0/2	99.310	145	1	0	2112	2256	145	1	9.13e-68	263
NC_011593.1:2598858-2601929	NB551033:137:HK33LBGX9:4:23410:8550:18511#0/1	98.649	148	2	0	640	787	148	1	9.13e-68	263
NC_011593.1:2598858-2601929	NB551033:137:HK33LBGX9:4:22502:4019:20060#0/1	98.013	151	3	0	2919	3069	151	1	9.13e-68	263
NC_011593.1:2598858-2601929	NB551033:137:HK33LBGX9:4:11606:19872:19755#0/1	98.013	151	3	0	2905	3055	1	151	9.13e-68	263
NC_011593.1:2598858-2601929	NB551033:137:HK33LBGX9:3:23603:8666:15674#0/1	98.013	151	3	0	2544	2694	151	1	9.13e-68	263
NC_011593.1:2598858-2601929	NB551033:137:HK33LBGX9:3:22505:10035:4871#0/1	98.013	151	3	0	1916	2066	151	1	9.13e-68	263
NC_011593.1:2598858-2601929	NB551033:137:HK33LBGX9:3:11407:7797:5905#0/1	98.013	151	3	0	2636	2786	151	1	9.13e-68	263
NC_011593.1:2598858-2601929	NB551033:137:HK33LBGX9:2:12202:10404:5371#0/1	98.013	151	3	0	2263	2413	1	151	9.13e-68	263
NC_011593.1:2598858-2601929	NB551033:137:HK33LBGX9:1:23307:19351:17393#0/1	98.013	151	3	0	2470	2620	1	151	9.13e-68	263
NC_011593.1:2598858-2601929	NB551033:137:HK33LBGX9:1:12205:11148:15109#0/1	99.310	145	1	0	2112	2256	1	145	9.13e-68	263
NC_011593.1:2598858-2601929	NB551033:137:HK33LBGX9:4:11404:15313:2474#0/2	98.000	150	3	0	1985	2134	1	150	3.28e-67	261
NC_011593.1:2598858-2601929	NB551033:137:HK33LBGX9:3:23603:8666:15674#0/2	98.000	150	3	0	1920	2069	1	150	3.28e-67	261
NC_011593.1:2598858-2601929	NB551033:137:HK33LBGX9:3:23510:13209:8079#0/2	98.000	150	3	0	2678	2827	150	1	3.28e-67	261
NC_011593.1:2598858-2601929	NB551033:137:HK33LBGX9:3:12505:7960:15362#0/2	98.000	150	3	0	2265	2414	150	1	3.28e-67	261
NC_011593.1:2598858-2601929	NB551033:137:HK33LBGX9:2:13207:9380:3243#0/2	98.639	147	2	0	628	774	1	147	3.28e-67	261
NC_011593.1:2598858-2601929	NB551033:137:HK33LBGX9:2:12202:10404:5371#0/2	98.000	150	3	0	2398	2547	150	1	3.28e-67	261
NC_011593.1:2598858-2601929	NB551033:137:HK33LBGX9:1:22108:24006:6921#0/2	98.000	150	3	0	2545	2694	150	1	3.28e-67	261
NC_011593.1:2598858-2601929	NB551033:137:HK33LBGX9:1:13103:18762:9744#0/2	98.000	150	3	0	1951	2100	1	150	3.28e-67	261
NC_011593.1:2598858-2601929	NB551033:137:HK33LBGX9:1:11110:25203:1839#0/2	98.000	150	3	0	2641	2790	150	1	3.28e-67	261
NC_011593.1:2598858-2601929	NB551033:137:HK33LBGX9:3:23510:13209:8079#0/1	98.000	150	3	0	2661	2810	1	150	3.28e-67	261
NC_011593.1:2598858-2601929	NB551033:137:HK33LBGX9:3:21510:2224:20172#0/1	98.000	150	3	0	2152	2301	1	150	3.28e-67	261
NC_011593.1:2598858-2601929	NB551033:137:HK33LBGX9:3:13503:17772:14114#0/1	98.000	150	3	0	867	1016	1	150	3.28e-67	261
NC_011593.1:2598858-2601929	NB551033:137:HK33LBGX9:2:21208:22348:13050#0/1	98.000	150	3	0	799	948	1	150	3.28e-67	261
NC_011593.1:2598858-2601929	NB551033:137:HK33LBGX9:1:22108:24006:6921#0/1	98.000	150	3	0	2539	2688	1	150	3.28e-67	261
NC_011593.1:2598858-2601929	NB551033:137:HK33LBGX9:1:21103:19015:1449#0/1	98.000	150	3	0	556	705	1	150	3.28e-67	261
NC_011593.1:2598858-2601929	NB551033:137:HK33LBGX9:4:11606:20434:8094#0/2	97.987	149	3	0	2724	2872	149	1	1.18e-66	259
NC_011593.1:2598858-2601929	NB551033:137:HK33LBGX9:1:22108:22538:12564#0/2	99.301	143	1	0	1381	1523	1	143	1.18e-66	259
NC_011593.1:2598858-2601929	NB551033:137:HK33LBGX9:4:11606:20434:8094#0/1	97.987	149	3	0	2724	2872	1	149	1.18e-66	259
NC_011593.1:2598858-2601929	NB551033:137:HK33LBGX9:1:22108:22538:12564#0/1	99.301	143	1	0	1381	1523	143	1	1.18e-66	259
NC_011593.1:2598858-2601929	NB551033:137:HK33LBGX9:1:11110:25203:1839#0/1	97.987	149	3	0	2627	2775	1	149	1.18e-66	259
NC_011593.1:2598858-2601929	NB551033:137:HK33LBGX9:3:23512:12618:10078#0/2	97.973	148	3	0	1331	1478	1	148	4.25e-66	257
NC_011593.1:2598858-2601929	NB551033:137:HK33LBGX9:2:23305:11611:13453#0/2	98.621	145	2	0	2734	2878	145	1	4.25e-66	257
NC_011593.1:2598858-2601929	NB551033:137:HK33LBGX9:1:23307:19351:17393#0/2	97.351	151	4	0	2491	2641	151	1	4.25e-66	257
NC_011593.1:2598858-2601929	NB551033:137:HK33LBGX9:1:21103:19015:1449#0/2	97.351	151	4	0	752	902	151	1	4.25e-66	257
NC_011593.1:2598858-2601929	NB551033:137:HK33LBGX9:2:23305:11611:13453#0/1	98.621	145	2	0	2734	2878	1	145	4.25e-66	257
NC_011593.1:2598858-2601929	NB551033:137:HK33LBGX9:2:23302:4822:17607#0/1	97.351	151	4	0	411	561	151	1	4.25e-66	257
NC_011593.1:2598858-2601929	NB551033:137:HK33LBGX9:1:23301:2578:7455#0/2	97.333	150	4	0	2348	2497	150	1	1.53e-65	255
NC_011593.1:2598858-2601929	NB551033:137:HK33LBGX9:2:13207:9380:3243#0/1	97.333	150	4	0	780	929	150	1	1.53e-65	255
NC_011593.1:2598858-2601929	NB551033:137:HK33LBGX9:3:21610:15722:14664#0/1	96.689	151	5	0	486	636	1	151	1.98e-64	252
NC_011593.1:2598858-2601929	NB551033:137:HK33LBGX9:3:12403:21052:1811#0/2	96.667	150	5	0	2332	2481	150	1	7.11e-64	250
NC_011593.1:2598858-2601929	NB551033:137:HK33LBGX9:1:11201:26681:15088#0/2	96.667	150	5	0	2562	2711	1	150	7.11e-64	250
NC_011593.1:2598858-2601929	NB551033:137:HK33LBGX9:4:13611:23794:1971#0/1	99.275	138	1	0	2097	2234	138	1	7.11e-64	250
NC_011593.1:2598858-2601929	NB551033:137:HK33LBGX9:1:11209:23539:8685#0/1	96.667	150	5	0	2341	2490	1	150	7.11e-64	250
NC_011593.1:2598858-2601929	NB551033:137:HK33LBGX9:1:11201:26681:15088#0/1	96.667	150	5	0	2703	2852	150	1	7.11e-64	250
NC_011593.1:2598858-2601929	NB551033:137:HK33LBGX9:3:21510:2224:20172#0/2	96.644	149	5	0	2356	2504	149	1	2.56e-63	248
NC_011593.1:2598858-2601929	NB551033:137:HK33LBGX9:4:21412:10874:11492#0/1	96.644	149	5	0	427	575	149	1	2.56e-63	248
NC_011593.1:2598858-2601929	NB551033:137:HK33LBGX9:4:23410:8550:18511#0/2	96.000	150	6	0	521	670	1	150	3.31e-62	244
NC_011593.1:2598858-2601929	NB551033:137:HK33LBGX9:4:11606:19872:19755#0/2	97.222	144	4	0	2929	3072	151	8	3.31e-62	244
NC_011593.1:2598858-2601929	NB551033:137:HK33LBGX9:3:13607:9237:11925#0/1	96.000	150	6	0	508	657	150	1	3.31e-62	244
NC_011593.1:2598858-2601929	NB551033:137:HK33LBGX9:2:21103:26041:5507#0/1	96.000	150	6	0	475	624	1	150	3.31e-62	244
NC_011593.1:2598858-2601929	NB551033:137:HK33LBGX9:4:21612:17673:17138#0/1	98.529	136	2	0	1238	1373	136	1	4.28e-61	241
NC_011593.1:2598858-2601929	NB551033:137:HK33LBGX9:4:21612:17673:17138#0/2	98.519	135	2	0	1238	1372	1	135	1.54e-60	239
NC_011593.1:2598858-2601929	NB551033:137:HK33LBGX9:3:23509:10469:4691#0/2	99.242	132	1	0	45	176	132	1	1.54e-60	239
NC_011593.1:2598858-2601929	NB551033:137:HK33LBGX9:3:22401:24923:11825#0/2	100.000	128	0	0	1824	1951	128	1	5.53e-60	237
NC_011593.1:2598858-2601929	NB551033:137:HK33LBGX9:2:21304:7753:7359#0/2	99.237	131	1	0	1767	1897	131	1	5.53e-60	237
NC_011593.1:2598858-2601929	NB551033:137:HK33LBGX9:3:22401:24923:11825#0/1	100.000	128	0	0	1824	1951	1	128	5.53e-60	237
NC_011593.1:2598858-2601929	NB551033:137:HK33LBGX9:2:21304:7753:7359#0/1	99.237	131	1	0	1767	1897	1	131	5.53e-60	237
NC_011593.1:2598858-2601929	NB551033:137:HK33LBGX9:4:21407:1549:15568#0/2	99.231	130	1	0	1721	1850	130	1	1.99e-59	235
NC_011593.1:2598858-2601929	NB551033:137:HK33LBGX9:2:23203:10493:9859#0/2	97.122	139	4	0	799	937	1	139	1.99e-59	235
NC_011593.1:2598858-2601929	NB551033:137:HK33LBGX9:4:21407:1549:15568#0/1	99.231	130	1	0	1721	1850	1	130	1.99e-59	235
NC_011593.1:2598858-2601929	NB551033:137:HK33LBGX9:2:23208:5854:3264#0/2	99.213	127	1	0	1863	1989	127	1	9.26e-58	230
NC_011593.1:2598858-2601929	NB551033:137:HK33LBGX9:2:23208:5854:3264#0/1	99.213	127	1	0	1863	1989	1	127	9.26e-58	230
NC_011593.1:2598858-2601929	NB551033:137:HK33LBGX9:4:22412:8254:10888#0/2	99.194	124	1	0	58	181	1	124	4.31e-56	224
NC_011593.1:2598858-2601929	NB551033:137:HK33LBGX9:4:22412:8254:10888#0/1	99.194	124	1	0	58	181	124	1	4.31e-56	224
NC_011593.1:2598858-2601929	NB551033:137:HK33LBGX9:1:12209:16185:15598#0/2	100.000	119	0	0	1650	1768	1	119	5.57e-55	220
NC_011593.1:2598858-2601929	NB551033:137:HK33LBGX9:1:12209:16185:15598#0/1	100.000	119	0	0	1650	1768	119	1	5.57e-55	220
NC_011593.1:2598858-2601929	NB551033:137:HK33LBGX9:3:21409:17167:5172#0/1	96.923	130	4	0	771	900	130	1	2.00e-54	219
NC_011593.1:2598858-2601929	NB551033:137:HK33LBGX9:2:13304:23377:20272#0/1	100.000	118	0	0	218	335	1	118	2.00e-54	219
NC_011593.1:2598858-2601929	NB551033:137:HK33LBGX9:1:12202:7352:3940#0/1	100.000	117	0	0	1619	1735	1	117	7.21e-54	217
NC_011593.1:2598858-2601929	NB551033:137:HK33LBGX9:1:22309:21571:7871#0/2	99.160	119	1	0	950	1068	1	119	2.59e-53	215
NC_011593.1:2598858-2601929	NB551033:137:HK33LBGX9:4:22610:19923:8536#0/2	99.138	116	1	0	1107	1222	116	1	1.21e-51	209
NC_011593.1:2598858-2601929	NB551033:137:HK33LBGX9:1:22301:19324:14645#0/2	99.138	116	1	0	1492	1607	116	1	1.21e-51	209
NC_011593.1:2598858-2601929	NB551033:137:HK33LBGX9:4:22610:19923:8536#0/1	99.138	116	1	0	1107	1222	1	116	1.21e-51	209
NC_011593.1:2598858-2601929	NB551033:137:HK33LBGX9:1:22301:19324:14645#0/1	99.138	116	1	0	1492	1607	1	116	1.21e-51	209
NC_011593.1:2598858-2601929	NB551033:137:HK33LBGX9:3:12505:7960:15362#0/1	95.349	129	6	0	1945	2073	1	129	1.56e-50	206
NC_011593.1:2598858-2601929	NB551033:137:HK33LBGX9:3:11608:10187:13113#0/2	99.107	112	1	0	1500	1611	1	112	2.02e-49	202
NC_011593.1:2598858-2601929	NB551033:137:HK33LBGX9:3:11608:10187:13113#0/1	99.107	112	1	0	1500	1611	112	1	2.02e-49	202
NC_011593.1:2598858-2601929	NB551033:137:HK33LBGX9:2:11310:23971:8093#0/2	100.000	108	0	0	1214	1321	108	1	7.26e-49	200
NC_011593.1:2598858-2601929	NB551033:137:HK33LBGX9:1:21111:9928:11175#0/2	95.868	121	5	0	2326	2446	121	1	9.39e-48	196
NC_011593.1:2598858-2601929	NB551033:137:HK33LBGX9:4:11404:15313:2474#0/1	97.391	115	3	0	2383	2497	115	1	9.39e-48	196
NC_011593.1:2598858-2601929	NB551033:137:HK33LBGX9:3:23512:12618:10078#0/1	99.083	109	1	0	1489	1597	109	1	9.39e-48	196
NC_011593.1:2598858-2601929	NB551033:137:HK33LBGX9:3:11407:7797:5905#0/2	96.522	115	4	0	2380	2494	3	117	4.37e-46	191
NC_011593.1:2598858-2601929	NB551033:137:HK33LBGX9:1:13105:6835:13467#0/2	99.048	105	1	0	152	256	105	1	1.57e-45	189
NC_011593.1:2598858-2601929	NB551033:137:HK33LBGX9:1:21302:18223:3120#0/1	97.297	111	3	0	2962	3072	1	111	1.57e-45	189
NC_011593.1:2598858-2601929	NB551033:137:HK33LBGX9:4:23402:22667:14132#0/2	99.038	104	1	0	1435	1538	1	104	5.65e-45	187
NC_011593.1:2598858-2601929	NB551033:137:HK33LBGX9:1:13207:16545:4165#0/2	99.038	104	1	0	1516	1619	104	1	5.65e-45	187
NC_011593.1:2598858-2601929	NB551033:137:HK33LBGX9:4:23402:22667:14132#0/1	99.038	104	1	0	1435	1538	104	1	5.65e-45	187
NC_011593.1:2598858-2601929	NB551033:137:HK33LBGX9:1:13207:16545:4165#0/1	99.038	104	1	0	1516	1619	1	104	5.65e-45	187
NC_011593.1:2598858-2601929	NB551033:137:HK33LBGX9:2:12301:8497:16407#0/2	100.000	98	0	0	2252	2349	98	1	2.63e-43	182
NC_011593.1:2598858-2601929	NB551033:137:HK33LBGX9:2:12301:8497:16407#0/1	100.000	98	0	0	2252	2349	1	98	2.63e-43	182
NC_011593.1:2598858-2601929	NB551033:137:HK33LBGX9:4:23507:16764:5157#0/2	100.000	94	0	0	2628	2721	1	94	4.40e-41	174
NC_011593.1:2598858-2601929	NB551033:137:HK33LBGX9:4:23507:16764:5157#0/1	100.000	94	0	0	2628	2721	94	1	4.40e-41	174
NC_011593.1:2598858-2601929	NB551033:137:HK33LBGX9:1:11209:23539:8685#0/2	98.958	96	1	0	2807	2902	96	1	1.58e-40	172
NC_011593.1:2598858-2601929	NB551033:137:HK33LBGX9:4:13604:20381:8959#0/2	97.000	100	3	0	2973	3072	128	29	2.05e-39	169
NC_011593.1:2598858-2601929	NB551033:137:HK33LBGX9:4:13604:20381:8959#0/1	97.000	100	3	0	2973	3072	1	100	2.05e-39	169
NC_011593.1:2598858-2601929	NB551033:137:HK33LBGX9:3:22607:16996:16696#0/1	98.913	92	1	0	1	92	59	150	2.65e-38	165
NC_011593.1:2598858-2601929	NB551033:137:HK33LBGX9:3:21609:6545:8574#0/1	98.913	92	1	0	90	181	92	1	2.65e-38	165
NC_011593.1:2598858-2601929	NB551033:137:HK33LBGX9:3:12505:21541:1943#0/2	97.872	94	2	0	889	982	1	94	9.52e-38	163
NC_011593.1:2598858-2601929	NB551033:137:HK33LBGX9:3:12505:21541:1943#0/1	97.872	94	2	0	889	982	94	1	9.52e-38	163
NC_011593.1:2598858-2601929	NB551033:137:HK33LBGX9:4:23512:4286:17264#0/2	98.889	90	1	0	1687	1776	1	90	3.43e-37	161
NC_011593.1:2598858-2601929	NB551033:137:HK33LBGX9:4:23512:4286:17264#0/1	98.889	90	1	0	1687	1776	90	1	3.43e-37	161
NC_011593.1:2598858-2601929	NB551033:137:HK33LBGX9:3:11603:19017:1336#0/2	100.000	85	0	0	237	321	1	85	4.43e-36	158
NC_011593.1:2598858-2601929	NB551033:137:HK33LBGX9:3:11603:19017:1336#0/1	100.000	85	0	0	237	321	85	1	4.43e-36	158
NC_011593.1:2598858-2601929	NB551033:137:HK33LBGX9:2:21210:7308:12629#0/2	97.701	87	2	0	2986	3072	112	26	7.42e-34	150
NC_011593.1:2598858-2601929	NB551033:137:HK33LBGX9:1:22212:14381:2829#0/2	98.810	84	1	0	31	114	84	1	7.42e-34	150
NC_011593.1:2598858-2601929	NB551033:137:HK33LBGX9:2:21210:7308:12629#0/1	97.701	87	2	0	2986	3072	1	87	7.42e-34	150
NC_011593.1:2598858-2601929	NB551033:137:HK33LBGX9:1:22212:14381:2829#0/1	98.810	84	1	0	31	114	1	84	7.42e-34	150
NC_011593.1:2598858-2601929	NB551033:137:HK33LBGX9:2:23109:6671:2154#0/1	100.000	80	0	0	1190	1269	1	80	2.67e-33	148
NC_011593.1:2598858-2601929	NB551033:137:HK33LBGX9:2:23109:6671:2154#0/2	100.000	79	0	0	1191	1269	79	1	9.59e-33	147
NC_011593.1:2598858-2601929	NB551033:137:HK33LBGX9:1:12202:7352:3940#0/2	97.647	85	2	0	1710	1794	85	1	9.59e-33	147
NC_011593.1:2598858-2601929	NB551033:137:HK33LBGX9:1:21302:18223:3120#0/2	97.619	84	2	0	2989	3072	151	68	3.45e-32	145
NC_011593.1:2598858-2601929	NB551033:137:HK33LBGX9:4:23608:10149:19145#0/2	100.000	77	0	0	1824	1900	77	1	1.24e-31	143
NC_011593.1:2598858-2601929	NB551033:137:HK33LBGX9:3:21609:6545:8574#0/2	100.000	77	0	0	12	88	1	77	1.24e-31	143
NC_011593.1:2598858-2601929	NB551033:137:HK33LBGX9:4:23608:10149:19145#0/1	100.000	77	0	0	1824	1900	1	77	1.24e-31	143
NC_011593.1:2598858-2601929	NB551033:137:HK33LBGX9:2:11310:23971:8093#0/1	100.000	77	0	0	1214	1290	1	77	1.24e-31	143
NC_011593.1:2598858-2601929	NB551033:137:HK33LBGX9:3:12509:21771:9356#0/2	100.000	76	0	0	8	83	1	76	4.46e-31	141
NC_011593.1:2598858-2601929	NB551033:137:HK33LBGX9:3:12509:21771:9356#0/1	100.000	76	0	0	8	83	76	1	4.46e-31	141
NC_011593.1:2598858-2601929	NB551033:137:HK33LBGX9:2:12107:12083:3264#0/1	96.203	79	3	0	2677	2755	1	79	9.66e-28	130
NC_011593.1:2598858-2601929	NB551033:137:HK33LBGX9:2:12107:12083:3264#0/2	96.154	78	3	0	2680	2757	78	1	3.47e-27	128
NC_011593.1:2598858-2601929	NB551033:137:HK33LBGX9:3:23509:22643:1695#0/2	97.101	69	2	0	3004	3072	116	48	7.52e-24	117
NC_011593.1:2598858-2601929	NB551033:137:HK33LBGX9:3:23509:22643:1695#0/1	97.101	69	2	0	3004	3072	1	69	7.52e-24	117
NC_011593.1:2598858-2601929	NB551033:137:HK33LBGX9:4:12411:11013:14242#0/2	100.000	48	0	0	96	143	1	48	1.64e-15	89.8
NC_011593.1:2598858-2601929	NB551033:137:HK33LBGX9:4:12411:10653:1777#0/2	97.917	48	1	0	1	48	48	1	7.63e-14	84.2
# BLASTN 2.9.0+
# Query: NC_011593.1:c2604454-2602106 Bifidobacterium longum subsp. infantis ATCC 15697, complete genome
# Database: db/blast_M0893-1F-1A_S8.faa
# 0 hits found
# BLASTN 2.9.0+
# Query: NC_011593.1:c2605922-2604486 Bifidobacterium longum subsp. infantis ATCC 15697, complete genome
# Database: db/blast_M0893-1F-1A_S8.faa
# 0 hits found
# BLASTN 2.9.0+
# Query: NC_011593.1:c2606381-2605944 Bifidobacterium longum subsp. infantis ATCC 15697, complete genome
# Database: db/blast_M0893-1F-1A_S8.faa
# 0 hits found
# BLASTN 2.9.0+
# Query: NC_011593.1:c2607314-2606418 Bifidobacterium longum subsp. infantis ATCC 15697, complete genome
# Database: db/blast_M0893-1F-1A_S8.faa
# 0 hits found
# BLASTN 2.9.0+
# Query: NC_011593.1:c2608249-2607458 Bifidobacterium longum subsp. infantis ATCC 15697, complete genome
# Database: db/blast_M0893-1F-1A_S8.faa
# 0 hits found
# BLASTN 2.9.0+
# Query: NC_011593.1:c2609546-2608269 Bifidobacterium longum subsp. infantis ATCC 15697, complete genome
# Database: db/blast_M0893-1F-1A_S8.faa
# 0 hits found
# BLASTN 2.9.0+
# Query: NC_011593.1:c2610356-2609697 Bifidobacterium longum subsp. infantis ATCC 15697, complete genome
# Database: db/blast_M0893-1F-1A_S8.faa
# 0 hits found
# BLASTN 2.9.0+
# Query: NC_011593.1:c2611458-2610496 Bifidobacterium longum subsp. infantis ATCC 15697, complete genome
# Database: db/blast_M0893-1F-1A_S8.faa
# 0 hits found
# BLASTN 2.9.0+
# Query: NC_011593.1:c2612430-2611477 Bifidobacterium longum subsp. infantis ATCC 15697, complete genome
# Database: db/blast_M0893-1F-1A_S8.faa
# 0 hits found
# BLASTN 2.9.0+
# Query: NC_011593.1:c2614109-2612517 Bifidobacterium longum subsp. infantis ATCC 15697, complete genome
# Database: db/blast_M0893-1F-1A_S8.faa
# 0 hits found
# BLASTN 2.9.0+
# Query: NC_011593.1:c2615274-2614312 Bifidobacterium longum subsp. infantis ATCC 15697, complete genome
# Database: db/blast_M0893-1F-1A_S8.faa
# 0 hits found
# BLASTN 2.9.0+
# Query: NC_011593.1:c2616246-2615293 Bifidobacterium longum subsp. infantis ATCC 15697, complete genome
# Database: db/blast_M0893-1F-1A_S8.faa
# 0 hits found
# BLASTN 2.9.0+
# Query: NC_011593.1:c2617928-2616333 Bifidobacterium longum subsp. infantis ATCC 15697, complete genome
# Database: db/blast_M0893-1F-1A_S8.faa
# 0 hits found
# BLASTN 2.9.0+
# Query: NC_011593.1:c2619247-2618063 Bifidobacterium longum subsp. infantis ATCC 15697, complete genome
# Database: db/blast_M0893-1F-1A_S8.faa
# 0 hits found
# BLASTN 2.9.0+
# Query: NC_011593.1:c2620369-2619413 Bifidobacterium longum subsp. infantis ATCC 15697, complete genome
# Database: db/blast_M0893-1F-1A_S8.faa
# 0 hits found
# BLASTN 2.9.0+
# Query: NC_011593.1:c2622143-2620551 Bifidobacterium longum subsp. infantis ATCC 15697, complete genome
# Database: db/blast_M0893-1F-1A_S8.faa
# 0 hits found
# BLASTN 2.9.0+
# Query: NC_011593.1:c2624124-2622520 Bifidobacterium longum subsp. infantis ATCC 15697, complete genome
# Database: db/blast_M0893-1F-1A_S8.faa
# 0 hits found
# BLASTN 2.9.0+
# Query: NC_011593.1:c2626110-2624512 Bifidobacterium longum subsp. infantis ATCC 15697, complete genome
# Database: db/blast_M0893-1F-1A_S8.faa
# 0 hits found
# BLASTN 2.9.0+
# Query: NC_011593.1:c2626386-2626264 Bifidobacterium longum subsp. infantis ATCC 15697, complete genome
# Database: db/blast_M0893-1F-1A_S8.faa
# 0 hits found
# BLASTN 2.9.0+
# Query: NC_011593.1:c2628158-2626563 Bifidobacterium longum subsp. infantis ATCC 15697, complete genome
# Database: db/blast_M0893-1F-1A_S8.faa
# 0 hits found
# BLASTN 2.9.0+
# Query: NC_011593.1:c2630269-2628314 Bifidobacterium longum subsp. infantis ATCC 15697, complete genome
# Database: db/blast_M0893-1F-1A_S8.faa
# 0 hits found
# BLASTN 2.9.0+
# Query: NC_011593.1:c2631106-2630366 Bifidobacterium longum subsp. infantis ATCC 15697, complete genome
# Database: db/blast_M0893-1F-1A_S8.faa
# 0 hits found
# BLASTN 2.9.0+
# Query: NC_011593.1:c2632432-2631140 Bifidobacterium longum subsp. infantis ATCC 15697, complete genome
# Database: db/blast_M0893-1F-1A_S8.faa
# 0 hits found
# BLASTN 2.9.0+
# Query: NC_011593.1:c2633881-2632562 Bifidobacterium longum subsp. infantis ATCC 15697, complete genome
# Database: db/blast_M0893-1F-1A_S8.faa
# 0 hits found
# BLASTN 2.9.0+
# Query: NC_011593.1:c2634683-2633865 Bifidobacterium longum subsp. infantis ATCC 15697, complete genome
# Database: db/blast_M0893-1F-1A_S8.faa
# 0 hits found
# BLASTN 2.9.0+
# Query: NC_011593.1:c2635627-2634680 Bifidobacterium longum subsp. infantis ATCC 15697, complete genome
# Database: db/blast_M0893-1F-1A_S8.faa
# 0 hits found
# BLASTN 2.9.0+
# Query: NC_011593.1:c2636747-2635629 Bifidobacterium longum subsp. infantis ATCC 15697, complete genome
# Database: db/blast_M0893-1F-1A_S8.faa
# 0 hits found
# BLAST processed 31 queries
