# BLASTN 2.9.0+
# Query: NC_011593.1:c2595355-2593832 Bifidobacterium longum subsp. infantis ATCC 15697, complete genome
# Database: db/blast_M0964-1F-1A_S80.faa
# Fields: query acc.ver, subject acc.ver, % identity, alignment length, mismatches, gap opens, q. start, q. end, s. start, s. end, evalue, bit score
# 107 hits found
NC_011593.1:c2595355-2593832	NB551033:137:HK33LBGX9:3:21605:20087:6316#0/1	99.338	151	1	0	722	872	151	1	3.07e-71	274
NC_011593.1:c2595355-2593832	NB551033:137:HK33LBGX9:1:22104:11805:2237#0/1	99.338	151	1	0	356	506	1	151	3.07e-71	274
NC_011593.1:c2595355-2593832	NB551033:137:HK33LBGX9:2:21203:6811:16919#0/2	98.675	151	2	0	1238	1388	1	151	1.43e-69	268
NC_011593.1:c2595355-2593832	NB551033:137:HK33LBGX9:2:12303:19859:9905#0/2	98.675	151	2	0	951	1101	151	1	1.43e-69	268
NC_011593.1:c2595355-2593832	NB551033:137:HK33LBGX9:3:22504:25008:19849#0/1	98.675	151	2	0	1122	1272	1	151	1.43e-69	268
NC_011593.1:c2595355-2593832	NB551033:137:HK33LBGX9:3:21411:23862:6767#0/1	98.675	151	2	0	523	673	151	1	1.43e-69	268
NC_011593.1:c2595355-2593832	NB551033:137:HK33LBGX9:3:22410:16120:7469#0/1	98.667	150	2	0	715	864	150	1	5.14e-69	267
NC_011593.1:c2595355-2593832	NB551033:137:HK33LBGX9:1:23312:6920:3241#0/1	98.667	150	2	0	713	862	150	1	5.14e-69	267
NC_011593.1:c2595355-2593832	NB551033:137:HK33LBGX9:4:23507:9739:4764#0/2	98.013	151	3	0	801	951	1	151	6.65e-68	263
NC_011593.1:c2595355-2593832	NB551033:137:HK33LBGX9:4:11601:23997:3138#0/2	98.013	151	3	0	112	262	1	151	6.65e-68	263
NC_011593.1:c2595355-2593832	NB551033:137:HK33LBGX9:1:22104:11805:2237#0/2	98.013	151	3	0	412	562	151	1	6.65e-68	263
NC_011593.1:c2595355-2593832	NB551033:137:HK33LBGX9:4:23507:9739:4764#0/1	98.013	151	3	0	1079	1229	151	1	6.65e-68	263
NC_011593.1:c2595355-2593832	NB551033:137:HK33LBGX9:4:21509:6246:9646#0/1	98.013	151	3	0	885	1035	151	1	6.65e-68	263
NC_011593.1:c2595355-2593832	NB551033:137:HK33LBGX9:4:11410:2784:12963#0/1	98.013	151	3	0	801	951	1	151	6.65e-68	263
NC_011593.1:c2595355-2593832	NB551033:137:HK33LBGX9:1:11206:25976:12579#0/1	98.013	151	3	0	801	951	1	151	6.65e-68	263
NC_011593.1:c2595355-2593832	NB551033:137:HK33LBGX9:4:21509:6246:9646#0/2	98.000	150	3	0	810	959	1	150	2.39e-67	261
NC_011593.1:c2595355-2593832	NB551033:137:HK33LBGX9:3:21411:23862:6767#0/2	98.000	150	3	0	394	543	1	150	2.39e-67	261
NC_011593.1:c2595355-2593832	NB551033:137:HK33LBGX9:3:12607:22651:4743#0/2	98.000	150	3	0	113	262	1	150	2.39e-67	261
NC_011593.1:c2595355-2593832	NB551033:137:HK33LBGX9:2:13110:22471:8783#0/2	98.000	150	3	0	429	578	1	150	2.39e-67	261
NC_011593.1:c2595355-2593832	NB551033:137:HK33LBGX9:2:11308:7459:7643#0/2	98.000	150	3	0	768	917	1	150	2.39e-67	261
NC_011593.1:c2595355-2593832	NB551033:137:HK33LBGX9:1:23312:6920:3241#0/2	98.000	150	3	0	450	599	1	150	2.39e-67	261
NC_011593.1:c2595355-2593832	NB551033:137:HK33LBGX9:1:11112:6513:12424#0/2	98.000	150	3	0	1035	1184	150	1	2.39e-67	261
NC_011593.1:c2595355-2593832	NB551033:137:HK33LBGX9:4:11601:23997:3138#0/1	98.000	150	3	0	114	263	151	2	2.39e-67	261
NC_011593.1:c2595355-2593832	NB551033:137:HK33LBGX9:3:12607:22651:4743#0/1	98.000	150	3	0	114	263	150	1	2.39e-67	261
NC_011593.1:c2595355-2593832	NB551033:137:HK33LBGX9:4:11512:11858:5289#0/2	97.351	151	4	0	127	277	151	1	3.10e-66	257
NC_011593.1:c2595355-2593832	NB551033:137:HK33LBGX9:4:11410:2784:12963#0/2	97.351	151	4	0	871	1021	151	1	3.10e-66	257
NC_011593.1:c2595355-2593832	NB551033:137:HK33LBGX9:3:22406:13289:2421#0/1	97.351	151	4	0	1312	1462	1	151	3.10e-66	257
NC_011593.1:c2595355-2593832	NB551033:137:HK33LBGX9:1:22103:23524:16711#0/2	97.959	147	3	0	338	484	2	148	1.11e-65	255
NC_011593.1:c2595355-2593832	NB551033:137:HK33LBGX9:1:22103:23524:16711#0/1	97.333	150	4	0	858	1007	150	1	1.11e-65	255
NC_011593.1:c2595355-2593832	NB551033:137:HK33LBGX9:1:11112:6513:12424#0/1	97.333	150	4	0	849	998	1	150	1.11e-65	255
NC_011593.1:c2595355-2593832	NB551033:137:HK33LBGX9:3:22504:25008:19849#0/2	97.315	149	4	0	1322	1470	151	3	4.00e-65	254
NC_011593.1:c2595355-2593832	NB551033:137:HK33LBGX9:1:11206:25976:12579#0/2	96.689	151	5	0	875	1025	151	1	1.44e-64	252
NC_011593.1:c2595355-2593832	NB551033:137:HK33LBGX9:4:12402:24969:14558#0/1	96.689	151	5	0	586	736	1	151	1.44e-64	252
NC_011593.1:c2595355-2593832	NB551033:137:HK33LBGX9:4:11512:11858:5289#0/1	96.689	151	5	0	64	214	1	151	1.44e-64	252
NC_011593.1:c2595355-2593832	NB551033:137:HK33LBGX9:3:11408:7480:10907#0/1	96.689	151	5	0	293	443	1	151	1.44e-64	252
NC_011593.1:c2595355-2593832	NB551033:137:HK33LBGX9:2:12303:19859:9905#0/1	96.689	151	5	0	842	992	1	151	1.44e-64	252
NC_011593.1:c2595355-2593832	NB551033:137:HK33LBGX9:2:11308:7459:7643#0/1	97.297	148	4	0	883	1030	148	1	1.44e-64	252
NC_011593.1:c2595355-2593832	NB551033:137:HK33LBGX9:4:12402:24969:14558#0/2	96.667	150	5	0	670	819	150	1	5.18e-64	250
NC_011593.1:c2595355-2593832	NB551033:137:HK33LBGX9:3:22410:16120:7469#0/2	96.667	150	5	0	672	821	1	150	5.18e-64	250
NC_011593.1:c2595355-2593832	NB551033:137:HK33LBGX9:3:11408:7480:10907#0/2	96.667	150	5	0	312	461	150	1	5.18e-64	250
NC_011593.1:c2595355-2593832	NB551033:137:HK33LBGX9:2:23105:23486:16984#0/2	96.667	150	5	0	100	249	150	1	5.18e-64	250
NC_011593.1:c2595355-2593832	NB551033:137:HK33LBGX9:2:12206:13469:9847#0/2	96.667	150	5	0	1296	1445	1	150	5.18e-64	250
NC_011593.1:c2595355-2593832	NB551033:137:HK33LBGX9:1:11302:18127:9814#0/2	96.667	150	5	0	605	754	150	1	5.18e-64	250
NC_011593.1:c2595355-2593832	NB551033:137:HK33LBGX9:1:11302:18127:9814#0/1	96.667	150	5	0	576	725	1	150	5.18e-64	250
NC_011593.1:c2595355-2593832	NB551033:137:HK33LBGX9:3:21406:9654:9479#0/2	97.902	143	3	0	768	910	143	1	1.86e-63	248
NC_011593.1:c2595355-2593832	NB551033:137:HK33LBGX9:3:21406:9654:9479#0/1	97.902	143	3	0	768	910	1	143	1.86e-63	248
NC_011593.1:c2595355-2593832	NB551033:137:HK33LBGX9:4:23602:6649:10899#0/2	96.026	151	6	0	659	809	151	1	6.70e-63	246
NC_011593.1:c2595355-2593832	NB551033:137:HK33LBGX9:2:22102:21273:10272#0/2	96.026	151	6	0	437	587	151	1	6.70e-63	246
NC_011593.1:c2595355-2593832	NB551033:137:HK33LBGX9:1:13301:5191:16171#0/1	98.561	139	2	0	1240	1378	1	139	6.70e-63	246
NC_011593.1:c2595355-2593832	NB551033:137:HK33LBGX9:4:21504:4638:1318#0/2	98.551	138	2	0	944	1081	138	1	2.41e-62	244
NC_011593.1:c2595355-2593832	NB551033:137:HK33LBGX9:3:21605:20087:6316#0/2	96.000	150	6	0	647	796	1	150	2.41e-62	244
NC_011593.1:c2595355-2593832	NB551033:137:HK33LBGX9:4:23602:6649:10899#0/1	96.000	150	6	0	657	806	1	150	2.41e-62	244
NC_011593.1:c2595355-2593832	NB551033:137:HK33LBGX9:4:21504:4638:1318#0/1	98.551	138	2	0	944	1081	1	138	2.41e-62	244
NC_011593.1:c2595355-2593832	NB551033:137:HK33LBGX9:2:13110:22471:8783#0/1	96.000	150	6	0	660	809	150	1	2.41e-62	244
NC_011593.1:c2595355-2593832	NB551033:137:HK33LBGX9:1:13309:12102:2578#0/1	95.973	149	6	0	289	437	149	1	8.67e-62	243
NC_011593.1:c2595355-2593832	NB551033:137:HK33LBGX9:4:22408:13796:5071#0/1	96.552	145	5	0	680	824	3	147	3.12e-61	241
NC_011593.1:c2595355-2593832	NB551033:137:HK33LBGX9:3:23509:25066:3311#0/2	95.333	150	7	0	211	360	150	1	1.12e-60	239
NC_011593.1:c2595355-2593832	NB551033:137:HK33LBGX9:1:12308:11320:17859#0/2	95.333	150	7	0	397	546	150	1	1.12e-60	239
NC_011593.1:c2595355-2593832	NB551033:137:HK33LBGX9:1:11311:24824:5226#0/1	95.333	150	7	0	673	822	1	150	1.12e-60	239
NC_011593.1:c2595355-2593832	NB551033:137:HK33LBGX9:1:13301:5191:16171#0/2	97.794	136	3	0	1335	1470	151	16	1.45e-59	235
NC_011593.1:c2595355-2593832	NB551033:137:HK33LBGX9:4:13611:21590:11381#0/1	95.862	145	6	0	248	392	145	1	1.45e-59	235
NC_011593.1:c2595355-2593832	NB551033:137:HK33LBGX9:4:12409:16682:4610#0/2	96.403	139	5	0	64	202	1	139	6.75e-58	230
NC_011593.1:c2595355-2593832	NB551033:137:HK33LBGX9:4:12409:16682:4610#0/1	96.403	139	5	0	64	202	139	1	6.75e-58	230
NC_011593.1:c2595355-2593832	NB551033:137:HK33LBGX9:2:13303:26592:3709#0/1	96.403	139	5	0	692	830	1	139	6.75e-58	230
NC_011593.1:c2595355-2593832	NB551033:137:HK33LBGX9:1:21309:21253:3131#0/2	96.350	137	5	0	1272	1408	137	1	8.73e-57	226
NC_011593.1:c2595355-2593832	NB551033:137:HK33LBGX9:1:21309:21253:3131#0/1	96.350	137	5	0	1272	1408	1	137	8.73e-57	226
NC_011593.1:c2595355-2593832	NB551033:137:HK33LBGX9:3:23604:9460:13225#0/2	98.425	127	2	0	974	1100	1	127	3.14e-56	224
NC_011593.1:c2595355-2593832	NB551033:137:HK33LBGX9:3:23604:9460:13225#0/1	98.425	127	2	0	974	1100	127	1	3.14e-56	224
NC_011593.1:c2595355-2593832	NB551033:137:HK33LBGX9:4:21510:6618:1244#0/2	95.035	141	7	0	256	396	1	141	1.13e-55	222
NC_011593.1:c2595355-2593832	NB551033:137:HK33LBGX9:2:22102:21273:10272#0/1	95.652	138	6	0	429	566	1	138	1.13e-55	222
NC_011593.1:c2595355-2593832	NB551033:137:HK33LBGX9:1:21210:3987:8148#0/2	95.588	136	6	0	245	380	136	1	1.46e-54	219
NC_011593.1:c2595355-2593832	NB551033:137:HK33LBGX9:1:21210:3987:8148#0/1	95.588	136	6	0	245	380	2	137	1.46e-54	219
NC_011593.1:c2595355-2593832	NB551033:137:HK33LBGX9:3:22406:13289:2421#0/2	97.619	126	3	0	1345	1470	151	26	5.25e-54	217
NC_011593.1:c2595355-2593832	NB551033:137:HK33LBGX9:1:13307:25014:15792#0/1	96.774	124	4	0	159	282	1	124	3.16e-51	207
NC_011593.1:c2595355-2593832	NB551033:137:HK33LBGX9:1:22307:9150:7233#0/2	96.032	126	5	0	223	348	1	126	1.14e-50	206
NC_011593.1:c2595355-2593832	NB551033:137:HK33LBGX9:1:22307:9150:7233#0/1	96.000	125	5	0	224	348	125	1	4.09e-50	204
NC_011593.1:c2595355-2593832	NB551033:137:HK33LBGX9:4:13508:23223:5374#0/2	95.968	124	5	0	707	830	1	124	1.47e-49	202
NC_011593.1:c2595355-2593832	NB551033:137:HK33LBGX9:2:12206:13469:9847#0/1	97.458	118	3	0	1353	1470	151	34	1.47e-49	202
NC_011593.1:c2595355-2593832	NB551033:137:HK33LBGX9:1:13307:25014:15792#0/2	96.610	118	4	0	204	321	118	1	6.84e-48	196
NC_011593.1:c2595355-2593832	NB551033:137:HK33LBGX9:1:23203:14128:19695#0/2	95.122	123	6	0	258	380	123	1	2.46e-47	195
NC_011593.1:c2595355-2593832	NB551033:137:HK33LBGX9:4:11405:1635:12785#0/2	95.726	117	5	0	372	488	1	117	1.15e-45	189
NC_011593.1:c2595355-2593832	NB551033:137:HK33LBGX9:4:11405:1635:12785#0/1	95.726	117	5	0	372	488	117	1	1.15e-45	189
NC_011593.1:c2595355-2593832	NB551033:137:HK33LBGX9:2:12309:23291:12136#0/2	97.170	106	3	0	111	216	106	1	6.89e-43	180
NC_011593.1:c2595355-2593832	NB551033:137:HK33LBGX9:2:12309:23291:12136#0/1	97.170	106	3	0	111	216	1	106	6.89e-43	180
NC_011593.1:c2595355-2593832	NB551033:137:HK33LBGX9:1:23203:14128:19695#0/1	97.170	106	3	0	194	299	1	106	6.89e-43	180
NC_011593.1:c2595355-2593832	NB551033:137:HK33LBGX9:1:21310:25887:19607#0/1	96.154	104	4	0	847	950	104	1	4.15e-40	171
NC_011593.1:c2595355-2593832	NB551033:137:HK33LBGX9:3:13503:13348:8055#0/2	97.938	97	2	0	460	556	1	97	1.49e-39	169
NC_011593.1:c2595355-2593832	NB551033:137:HK33LBGX9:3:13503:13348:8055#0/1	97.938	97	2	0	460	556	97	1	1.49e-39	169
NC_011593.1:c2595355-2593832	NB551033:137:HK33LBGX9:1:21310:25887:19607#0/2	95.192	104	5	0	847	950	1	104	1.93e-38	165
NC_011593.1:c2595355-2593832	NB551033:137:HK33LBGX9:2:22308:12663:8785#0/2	95.918	98	4	0	385	482	98	1	8.98e-37	159
NC_011593.1:c2595355-2593832	NB551033:137:HK33LBGX9:2:22308:12663:8785#0/1	95.918	98	4	0	385	482	1	98	8.98e-37	159
NC_011593.1:c2595355-2593832	NB551033:137:HK33LBGX9:1:11301:2358:8658#0/2	98.851	87	1	0	1063	1149	1	87	1.16e-35	156
NC_011593.1:c2595355-2593832	NB551033:137:HK33LBGX9:1:11301:2358:8658#0/1	98.851	87	1	0	1063	1149	87	1	1.16e-35	156
NC_011593.1:c2595355-2593832	NB551033:137:HK33LBGX9:4:21510:6618:1244#0/1	100.000	82	0	0	542	623	82	1	1.50e-34	152
NC_011593.1:c2595355-2593832	NB551033:137:HK33LBGX9:4:21511:16177:3073#0/2	96.667	90	3	0	52	141	1	90	5.40e-34	150
NC_011593.1:c2595355-2593832	NB551033:137:HK33LBGX9:4:21511:16177:3073#0/1	96.667	90	3	0	52	141	90	1	5.40e-34	150
NC_011593.1:c2595355-2593832	NB551033:137:HK33LBGX9:4:21602:7718:16809#0/1	95.402	87	4	0	1094	1180	87	1	1.17e-30	139
NC_011593.1:c2595355-2593832	NB551033:137:HK33LBGX9:4:23502:8543:5637#0/2	98.667	75	1	0	394	468	1	75	5.44e-29	134
NC_011593.1:c2595355-2593832	NB551033:137:HK33LBGX9:2:11301:24242:9425#0/2	96.296	81	3	0	625	705	81	1	5.44e-29	134
NC_011593.1:c2595355-2593832	NB551033:137:HK33LBGX9:1:22106:13638:5012#0/2	100.000	72	0	0	1006	1077	1	72	5.44e-29	134
NC_011593.1:c2595355-2593832	NB551033:137:HK33LBGX9:4:23502:8543:5637#0/1	98.667	75	1	0	394	468	75	1	5.44e-29	134
NC_011593.1:c2595355-2593832	NB551033:137:HK33LBGX9:1:22106:13638:5012#0/1	100.000	72	0	0	1006	1077	72	1	5.44e-29	134
NC_011593.1:c2595355-2593832	NB551033:137:HK33LBGX9:2:11301:24242:9425#0/1	95.062	81	4	0	625	705	1	81	2.53e-27	128
NC_011593.1:c2595355-2593832	NB551033:137:HK33LBGX9:1:21201:2097:13640#0/1	95.775	71	3	0	488	558	1	71	1.97e-23	115
NC_011593.1:c2595355-2593832	NB551033:137:HK33LBGX9:1:23103:5570:3633#0/1	95.652	69	3	0	502	570	1	69	2.55e-22	111
NC_011593.1:c2595355-2593832	NB551033:137:HK33LBGX9:3:23612:23550:14651#0/2	100.000	32	0	0	1439	1470	1	32	9.37e-07	60.2
NC_011593.1:c2595355-2593832	NB551033:137:HK33LBGX9:3:23612:23550:14651#0/1	100.000	32	0	0	1439	1470	77	46	9.37e-07	60.2
# BLASTN 2.9.0+
# Query: NC_011593.1:c2597106-2595574 Bifidobacterium longum subsp. infantis ATCC 15697, complete genome
# Database: db/blast_M0964-1F-1A_S80.faa
# Fields: query acc.ver, subject acc.ver, % identity, alignment length, mismatches, gap opens, q. start, q. end, s. start, s. end, evalue, bit score
# 22 hits found
NC_011593.1:c2597106-2595574	NB551033:137:HK33LBGX9:3:21411:23862:6767#0/2	95.804	143	6	0	398	540	5	147	1.89e-58	231
NC_011593.1:c2597106-2595574	NB551033:137:HK33LBGX9:2:22102:21273:10272#0/1	95.276	127	6	0	429	555	1	127	1.48e-49	202
NC_011593.1:c2597106-2595574	NB551033:137:HK33LBGX9:4:11503:9949:11311#0/2	95.833	120	5	0	1	120	120	1	2.48e-47	195
NC_011593.1:c2597106-2595574	NB551033:137:HK33LBGX9:3:23509:25066:3311#0/2	95.000	120	6	0	214	333	147	28	1.15e-45	189
NC_011593.1:c2597106-2595574	NB551033:137:HK33LBGX9:1:22307:9150:7233#0/2	95.370	108	5	0	223	330	1	108	1.16e-40	172
NC_011593.1:c2597106-2595574	NB551033:137:HK33LBGX9:1:13307:25014:15792#0/2	95.370	108	5	0	214	321	108	1	1.16e-40	172
NC_011593.1:c2597106-2595574	NB551033:137:HK33LBGX9:3:23509:25066:3311#0/1	98.765	81	1	0	1	81	62	142	2.53e-32	145
NC_011593.1:c2597106-2595574	NB551033:137:HK33LBGX9:4:11407:2483:17076#0/2	100.000	72	0	0	1	72	72	1	5.48e-29	134
NC_011593.1:c2597106-2595574	NB551033:137:HK33LBGX9:3:13610:15843:13274#0/2	100.000	72	0	0	1	72	72	1	5.48e-29	134
NC_011593.1:c2597106-2595574	NB551033:137:HK33LBGX9:1:12101:25422:16757#0/2	100.000	72	0	0	1	72	72	1	5.48e-29	134
NC_011593.1:c2597106-2595574	NB551033:137:HK33LBGX9:4:11407:2483:17076#0/1	100.000	72	0	0	1	72	27	98	5.48e-29	134
NC_011593.1:c2597106-2595574	NB551033:137:HK33LBGX9:3:13610:15843:13274#0/1	100.000	72	0	0	1	72	27	98	5.48e-29	134
NC_011593.1:c2597106-2595574	NB551033:137:HK33LBGX9:4:23502:8543:5637#0/2	98.592	71	1	0	398	468	5	75	9.16e-27	126
NC_011593.1:c2597106-2595574	NB551033:137:HK33LBGX9:4:23502:8543:5637#0/1	98.592	71	1	0	398	468	71	1	9.16e-27	126
NC_011593.1:c2597106-2595574	NB551033:137:HK33LBGX9:4:11503:9949:11311#0/1	100.000	62	0	0	1	62	90	151	1.98e-23	115
NC_011593.1:c2597106-2595574	NB551033:137:HK33LBGX9:1:13105:12520:11867#0/2	100.000	60	0	0	1	60	60	1	2.57e-22	111
NC_011593.1:c2597106-2595574	NB551033:137:HK33LBGX9:1:13105:12520:11867#0/1	100.000	60	0	0	1	60	67	126	2.57e-22	111
NC_011593.1:c2597106-2595574	NB551033:137:HK33LBGX9:4:12502:12038:2768#0/2	100.000	50	0	0	1	50	50	1	9.29e-17	93.5
NC_011593.1:c2597106-2595574	NB551033:137:HK33LBGX9:3:11509:1295:2887#0/2	100.000	50	0	0	1	50	50	1	9.29e-17	93.5
NC_011593.1:c2597106-2595574	NB551033:137:HK33LBGX9:3:11508:26708:2890#0/2	100.000	50	0	0	1	50	50	1	9.29e-17	93.5
NC_011593.1:c2597106-2595574	NB551033:137:HK33LBGX9:3:23612:23550:14651#0/2	100.000	32	0	0	1439	1470	1	32	9.42e-07	60.2
NC_011593.1:c2597106-2595574	NB551033:137:HK33LBGX9:3:23612:23550:14651#0/1	100.000	32	0	0	1439	1470	77	46	9.42e-07	60.2
# BLASTN 2.9.0+
# Query: NC_011593.1:c2598562-2597207 Bifidobacterium longum subsp. infantis ATCC 15697, complete genome
# Database: db/blast_M0964-1F-1A_S80.faa
# Fields: query acc.ver, subject acc.ver, % identity, alignment length, mismatches, gap opens, q. start, q. end, s. start, s. end, evalue, bit score
# 93 hits found
NC_011593.1:c2598562-2597207	NB551033:137:HK33LBGX9:4:11503:24358:17811#0/2	100.000	151	0	0	752	902	1	151	5.86e-73	279
NC_011593.1:c2598562-2597207	NB551033:137:HK33LBGX9:4:11406:19193:9939#0/2	100.000	151	0	0	908	1058	1	151	5.86e-73	279
NC_011593.1:c2598562-2597207	NB551033:137:HK33LBGX9:2:12102:17329:15435#0/2	100.000	151	0	0	847	997	1	151	5.86e-73	279
NC_011593.1:c2598562-2597207	NB551033:137:HK33LBGX9:1:23106:24604:15644#0/2	100.000	151	0	0	1089	1239	151	1	5.86e-73	279
NC_011593.1:c2598562-2597207	NB551033:137:HK33LBGX9:4:22501:20474:16098#0/1	100.000	151	0	0	1188	1338	1	151	5.86e-73	279
NC_011593.1:c2598562-2597207	NB551033:137:HK33LBGX9:3:23609:8341:15230#0/1	100.000	151	0	0	156	306	1	151	5.86e-73	279
NC_011593.1:c2598562-2597207	NB551033:137:HK33LBGX9:1:22106:22773:3489#0/1	100.000	151	0	0	980	1130	151	1	5.86e-73	279
NC_011593.1:c2598562-2597207	NB551033:137:HK33LBGX9:1:12302:24434:14897#0/1	100.000	151	0	0	253	403	1	151	5.86e-73	279
NC_011593.1:c2598562-2597207	NB551033:137:HK33LBGX9:4:21604:23214:19162#0/2	100.000	150	0	0	541	690	150	1	2.11e-72	278
NC_011593.1:c2598562-2597207	NB551033:137:HK33LBGX9:3:21502:14189:9374#0/2	100.000	150	0	0	321	470	150	1	2.11e-72	278
NC_011593.1:c2598562-2597207	NB551033:137:HK33LBGX9:3:12608:7631:19342#0/2	100.000	150	0	0	931	1080	1	150	2.11e-72	278
NC_011593.1:c2598562-2597207	NB551033:137:HK33LBGX9:3:11411:18738:9275#0/2	100.000	150	0	0	1164	1313	150	1	2.11e-72	278
NC_011593.1:c2598562-2597207	NB551033:137:HK33LBGX9:2:23107:12771:12017#0/2	100.000	150	0	0	367	516	1	150	2.11e-72	278
NC_011593.1:c2598562-2597207	NB551033:137:HK33LBGX9:2:21307:8156:14906#0/2	100.000	150	0	0	1103	1252	1	150	2.11e-72	278
NC_011593.1:c2598562-2597207	NB551033:137:HK33LBGX9:2:12211:24636:16314#0/2	100.000	150	0	0	381	530	1	150	2.11e-72	278
NC_011593.1:c2598562-2597207	NB551033:137:HK33LBGX9:4:21604:23214:19162#0/1	100.000	150	0	0	540	689	1	150	2.11e-72	278
NC_011593.1:c2598562-2597207	NB551033:137:HK33LBGX9:4:11503:24358:17811#0/1	100.000	150	0	0	814	963	150	1	2.11e-72	278
NC_011593.1:c2598562-2597207	NB551033:137:HK33LBGX9:4:11406:19193:9939#0/1	100.000	150	0	0	1096	1245	150	1	2.11e-72	278
NC_011593.1:c2598562-2597207	NB551033:137:HK33LBGX9:3:12608:7631:19342#0/1	100.000	150	0	0	932	1081	150	1	2.11e-72	278
NC_011593.1:c2598562-2597207	NB551033:137:HK33LBGX9:3:11411:18738:9275#0/1	100.000	150	0	0	1136	1285	1	150	2.11e-72	278
NC_011593.1:c2598562-2597207	NB551033:137:HK33LBGX9:2:23107:12771:12017#0/1	100.000	150	0	0	536	685	150	1	2.11e-72	278
NC_011593.1:c2598562-2597207	NB551033:137:HK33LBGX9:2:12211:24636:16314#0/1	100.000	150	0	0	654	803	150	1	2.11e-72	278
NC_011593.1:c2598562-2597207	NB551033:137:HK33LBGX9:1:23106:24604:15644#0/1	100.000	150	0	0	1086	1235	1	150	2.11e-72	278
NC_011593.1:c2598562-2597207	NB551033:137:HK33LBGX9:3:21502:14189:9374#0/1	100.000	149	0	0	254	402	1	149	7.58e-72	276
NC_011593.1:c2598562-2597207	NB551033:137:HK33LBGX9:1:23204:24621:6415#0/2	99.338	151	1	0	183	333	151	1	2.73e-71	274
NC_011593.1:c2598562-2597207	NB551033:137:HK33LBGX9:1:22106:22773:3489#0/2	99.342	152	0	1	747	898	1	151	2.73e-71	274
NC_011593.1:c2598562-2597207	NB551033:137:HK33LBGX9:1:23303:25699:2272#0/1	100.000	148	0	0	147	294	1	148	2.73e-71	274
NC_011593.1:c2598562-2597207	NB551033:137:HK33LBGX9:4:12407:6691:5675#0/2	100.000	145	0	0	899	1043	145	1	1.27e-69	268
NC_011593.1:c2598562-2597207	NB551033:137:HK33LBGX9:4:12407:6691:5675#0/1	100.000	145	0	0	899	1043	1	145	1.27e-69	268
NC_011593.1:c2598562-2597207	NB551033:137:HK33LBGX9:3:22511:10915:7398#0/1	100.000	144	0	0	1063	1206	144	1	4.56e-69	267
NC_011593.1:c2598562-2597207	NB551033:137:HK33LBGX9:1:23204:24621:6415#0/1	99.320	147	1	0	138	284	4	150	4.56e-69	267
NC_011593.1:c2598562-2597207	NB551033:137:HK33LBGX9:4:13502:7736:2924#0/1	100.000	142	0	0	1078	1219	142	1	5.91e-68	263
NC_011593.1:c2598562-2597207	NB551033:137:HK33LBGX9:4:11507:23992:2346#0/2	98.000	150	3	0	141	290	150	1	2.12e-67	261
NC_011593.1:c2598562-2597207	NB551033:137:HK33LBGX9:4:21501:8591:6266#0/1	100.000	140	0	0	1113	1252	1	140	7.64e-67	259
NC_011593.1:c2598562-2597207	NB551033:137:HK33LBGX9:2:22101:24796:16869#0/2	97.333	150	4	0	141	290	150	1	9.88e-66	255
NC_011593.1:c2598562-2597207	NB551033:137:HK33LBGX9:3:12501:9564:15128#0/1	97.333	150	4	0	152	301	150	1	9.88e-66	255
NC_011593.1:c2598562-2597207	NB551033:137:HK33LBGX9:2:21306:3575:11449#0/2	100.000	137	0	0	1220	1356	1	137	3.55e-65	254
NC_011593.1:c2598562-2597207	NB551033:137:HK33LBGX9:1:11101:20310:1733#0/1	100.000	136	0	0	439	574	1	136	1.28e-64	252
NC_011593.1:c2598562-2597207	NB551033:137:HK33LBGX9:1:13207:17721:13005#0/2	100.000	131	0	0	716	846	1	131	7.69e-62	243
NC_011593.1:c2598562-2597207	NB551033:137:HK33LBGX9:4:21508:1666:10580#0/1	100.000	131	0	0	259	389	131	1	7.69e-62	243
NC_011593.1:c2598562-2597207	NB551033:137:HK33LBGX9:1:13207:17721:13005#0/1	100.000	131	0	0	716	846	131	1	7.69e-62	243
NC_011593.1:c2598562-2597207	NB551033:137:HK33LBGX9:4:22501:20474:16098#0/2	100.000	130	0	0	1216	1345	130	1	2.77e-61	241
NC_011593.1:c2598562-2597207	NB551033:137:HK33LBGX9:3:22511:10915:7398#0/2	99.248	133	1	0	1060	1192	19	151	2.77e-61	241
NC_011593.1:c2598562-2597207	NB551033:137:HK33LBGX9:1:21306:11438:8454#0/1	95.238	147	7	0	80	226	147	1	4.63e-59	233
NC_011593.1:c2598562-2597207	NB551033:137:HK33LBGX9:2:11112:12959:2560#0/2	100.000	125	0	0	1232	1356	1	125	1.67e-58	231
NC_011593.1:c2598562-2597207	NB551033:137:HK33LBGX9:2:13108:2598:7764#0/1	100.000	115	0	0	950	1064	1	115	6.03e-53	213
NC_011593.1:c2598562-2597207	NB551033:137:HK33LBGX9:4:13502:7736:2924#0/2	100.000	111	0	0	1060	1170	40	150	1.01e-50	206
NC_011593.1:c2598562-2597207	NB551033:137:HK33LBGX9:2:13312:18675:4163#0/2	100.000	108	0	0	1249	1356	130	23	4.70e-49	200
NC_011593.1:c2598562-2597207	NB551033:137:HK33LBGX9:2:12211:26145:3551#0/2	100.000	108	0	0	1249	1356	36	143	4.70e-49	200
NC_011593.1:c2598562-2597207	NB551033:137:HK33LBGX9:2:13309:6406:16523#0/1	100.000	107	0	0	1122	1228	107	1	1.69e-48	198
NC_011593.1:c2598562-2597207	NB551033:137:HK33LBGX9:4:13502:20567:2591#0/2	100.000	105	0	0	1252	1356	1	105	2.18e-47	195
NC_011593.1:c2598562-2597207	NB551033:137:HK33LBGX9:3:23609:8341:15230#0/2	100.000	105	0	0	228	332	105	1	2.18e-47	195
NC_011593.1:c2598562-2597207	NB551033:137:HK33LBGX9:3:13408:24635:1773#0/2	100.000	102	0	0	1117	1218	1	102	1.02e-45	189
NC_011593.1:c2598562-2597207	NB551033:137:HK33LBGX9:3:13408:24635:1773#0/1	100.000	102	0	0	1117	1218	102	1	1.02e-45	189
NC_011593.1:c2598562-2597207	NB551033:137:HK33LBGX9:4:13502:20567:2591#0/1	100.000	98	0	0	1259	1356	150	53	1.70e-43	182
NC_011593.1:c2598562-2597207	NB551033:137:HK33LBGX9:2:12309:15203:11768#0/2	100.000	97	0	0	1249	1345	97	1	6.12e-43	180
NC_011593.1:c2598562-2597207	NB551033:137:HK33LBGX9:3:23404:24958:15652#0/2	100.000	96	0	0	1249	1344	54	149	2.20e-42	178
NC_011593.1:c2598562-2597207	NB551033:137:HK33LBGX9:1:21208:6223:13584#0/1	96.190	105	4	0	1072	1176	105	1	1.02e-40	172
NC_011593.1:c2598562-2597207	NB551033:137:HK33LBGX9:1:12302:24434:14897#0/2	100.000	88	0	0	338	425	88	1	6.16e-38	163
NC_011593.1:c2598562-2597207	NB551033:137:HK33LBGX9:4:21505:19881:19242#0/1	97.872	94	2	0	328	421	94	1	6.16e-38	163
NC_011593.1:c2598562-2597207	NB551033:137:HK33LBGX9:4:21501:8591:6266#0/2	100.000	86	0	0	1167	1252	151	66	7.97e-37	159
NC_011593.1:c2598562-2597207	NB551033:137:HK33LBGX9:1:23303:25699:2272#0/2	100.000	86	0	0	385	470	86	1	7.97e-37	159
NC_011593.1:c2598562-2597207	NB551033:137:HK33LBGX9:3:13412:15818:4940#0/2	100.000	82	0	0	1143	1224	1	82	1.33e-34	152
NC_011593.1:c2598562-2597207	NB551033:137:HK33LBGX9:3:11406:7974:15131#0/2	100.000	82	0	0	138	219	82	1	1.33e-34	152
NC_011593.1:c2598562-2597207	NB551033:137:HK33LBGX9:4:11609:2730:11636#0/1	96.703	91	3	0	174	264	91	1	1.33e-34	152
NC_011593.1:c2598562-2597207	NB551033:137:HK33LBGX9:3:13412:15818:4940#0/1	100.000	82	0	0	1143	1224	82	1	1.33e-34	152
NC_011593.1:c2598562-2597207	NB551033:137:HK33LBGX9:3:11406:7974:15131#0/1	100.000	82	0	0	138	219	27	108	1.33e-34	152
NC_011593.1:c2598562-2597207	NB551033:137:HK33LBGX9:4:13509:13170:18077#0/2	100.000	79	0	0	1278	1356	1	79	6.20e-33	147
NC_011593.1:c2598562-2597207	NB551033:137:HK33LBGX9:1:11101:20310:1733#0/2	100.000	79	0	0	496	574	79	1	6.20e-33	147
NC_011593.1:c2598562-2597207	NB551033:137:HK33LBGX9:4:13509:13170:18077#0/1	100.000	79	0	0	1278	1356	122	44	6.20e-33	147
NC_011593.1:c2598562-2597207	NB551033:137:HK33LBGX9:2:13309:6406:16523#0/2	100.000	73	0	0	1122	1194	1	73	1.34e-29	135
NC_011593.1:c2598562-2597207	NB551033:137:HK33LBGX9:2:21306:3575:11449#0/1	100.000	72	0	0	1285	1356	151	80	4.83e-29	134
NC_011593.1:c2598562-2597207	NB551033:137:HK33LBGX9:4:12407:12442:13172#0/1	100.000	71	0	0	1249	1319	71	1	1.74e-28	132
NC_011593.1:c2598562-2597207	NB551033:137:HK33LBGX9:1:22212:14574:15478#0/2	98.611	72	1	0	1	72	77	6	2.25e-27	128
NC_011593.1:c2598562-2597207	NB551033:137:HK33LBGX9:2:21201:20998:18179#0/1	100.000	69	0	0	138	206	70	2	2.25e-27	128
NC_011593.1:c2598562-2597207	NB551033:137:HK33LBGX9:3:13504:12002:9616#0/2	96.104	77	3	0	1150	1226	77	1	8.08e-27	126
NC_011593.1:c2598562-2597207	NB551033:137:HK33LBGX9:3:13504:12002:9616#0/1	96.104	77	3	0	1150	1226	1	77	8.08e-27	126
NC_011593.1:c2598562-2597207	NB551033:137:HK33LBGX9:1:22112:19093:4145#0/1	100.000	65	0	0	1249	1313	65	1	3.76e-25	121
NC_011593.1:c2598562-2597207	NB551033:137:HK33LBGX9:2:13111:10428:8200#0/2	98.507	67	1	0	1	67	67	1	1.35e-24	119
NC_011593.1:c2598562-2597207	NB551033:137:HK33LBGX9:4:21511:3209:3038#0/1	98.507	67	1	0	1	67	85	151	1.35e-24	119
NC_011593.1:c2598562-2597207	NB551033:137:HK33LBGX9:2:13111:10428:8200#0/1	98.507	67	1	0	1	67	73	139	1.35e-24	119
NC_011593.1:c2598562-2597207	NB551033:137:HK33LBGX9:4:13604:21341:17439#0/2	100.000	57	0	0	138	194	49	105	1.05e-20	106
NC_011593.1:c2598562-2597207	NB551033:137:HK33LBGX9:4:13604:21341:17439#0/1	100.000	57	0	0	138	194	57	1	1.05e-20	106
NC_011593.1:c2598562-2597207	NB551033:137:HK33LBGX9:3:23404:24958:15652#0/1	100.000	56	0	0	1301	1356	151	96	3.79e-20	104
NC_011593.1:c2598562-2597207	NB551033:137:HK33LBGX9:2:12102:17329:15435#0/1	100.000	54	0	0	1011	1064	150	97	4.90e-19	100
NC_011593.1:c2598562-2597207	NB551033:137:HK33LBGX9:2:12211:26145:3551#0/1	100.000	53	0	0	1304	1356	150	98	1.76e-18	99.0
NC_011593.1:c2598562-2597207	NB551033:137:HK33LBGX9:1:13307:5859:15516#0/1	100.000	52	0	0	1305	1356	1	52	6.34e-18	97.1
NC_011593.1:c2598562-2597207	NB551033:137:HK33LBGX9:4:12407:12442:13172#0/2	100.000	51	0	0	1249	1299	100	150	2.28e-17	95.3
NC_011593.1:c2598562-2597207	NB551033:137:HK33LBGX9:2:13311:16957:14508#0/2	100.000	44	0	0	1249	1292	44	1	1.77e-13	82.4
NC_011593.1:c2598562-2597207	NB551033:137:HK33LBGX9:2:11307:4566:8153#0/2	100.000	44	0	0	1	44	44	1	1.77e-13	82.4
NC_011593.1:c2598562-2597207	NB551033:137:HK33LBGX9:1:22112:19093:4145#0/2	100.000	40	0	0	1249	1288	112	151	2.97e-11	75.0
NC_011593.1:c2598562-2597207	NB551033:137:HK33LBGX9:4:23612:1814:8974#0/1	100.000	38	0	0	1215	1252	1	38	3.84e-10	71.3
NC_011593.1:c2598562-2597207	NB551033:137:HK33LBGX9:2:12301:24556:17525#0/2	100.000	30	0	0	138	167	30	1	1.08e-05	56.5
# BLASTN 2.9.0+
# Query: NC_011593.1:2598858-2601929 Bifidobacterium longum subsp. infantis ATCC 15697, complete genome
# Database: db/blast_M0964-1F-1A_S80.faa
# Fields: query acc.ver, subject acc.ver, % identity, alignment length, mismatches, gap opens, q. start, q. end, s. start, s. end, evalue, bit score
# 218 hits found
NC_011593.1:2598858-2601929	NB551033:137:HK33LBGX9:3:22507:23014:20165#0/2	100.000	151	0	0	965	1115	151	1	1.33e-72	279
NC_011593.1:2598858-2601929	NB551033:137:HK33LBGX9:3:12501:14629:6735#0/1	100.000	151	0	0	199	349	151	1	1.33e-72	279
NC_011593.1:2598858-2601929	NB551033:137:HK33LBGX9:2:13201:18817:12373#0/1	100.000	151	0	0	1740	1890	1	151	1.33e-72	279
NC_011593.1:2598858-2601929	NB551033:137:HK33LBGX9:1:23210:7641:4069#0/1	100.000	151	0	0	1700	1850	151	1	1.33e-72	279
NC_011593.1:2598858-2601929	NB551033:137:HK33LBGX9:1:13106:26222:5021#0/1	100.000	151	0	0	976	1126	1	151	1.33e-72	279
NC_011593.1:2598858-2601929	NB551033:137:HK33LBGX9:4:12512:3765:4761#0/2	100.000	150	0	0	177	326	150	1	4.79e-72	278
NC_011593.1:2598858-2601929	NB551033:137:HK33LBGX9:4:11507:8656:4914#0/2	100.000	150	0	0	1580	1729	150	1	4.79e-72	278
NC_011593.1:2598858-2601929	NB551033:137:HK33LBGX9:3:13609:24857:13894#0/2	100.000	150	0	0	1946	2095	1	150	4.79e-72	278
NC_011593.1:2598858-2601929	NB551033:137:HK33LBGX9:3:11609:18399:16862#0/2	100.000	150	0	0	1726	1875	1	150	4.79e-72	278
NC_011593.1:2598858-2601929	NB551033:137:HK33LBGX9:2:22107:11582:12050#0/2	100.000	150	0	0	1726	1875	1	150	4.79e-72	278
NC_011593.1:2598858-2601929	NB551033:137:HK33LBGX9:1:13106:26222:5021#0/2	100.000	150	0	0	1206	1355	150	1	4.79e-72	278
NC_011593.1:2598858-2601929	NB551033:137:HK33LBGX9:4:11509:10115:11603#0/1	100.000	150	0	0	369	518	151	2	4.79e-72	278
NC_011593.1:2598858-2601929	NB551033:137:HK33LBGX9:3:13609:24857:13894#0/1	100.000	150	0	0	1949	2098	150	1	4.79e-72	278
NC_011593.1:2598858-2601929	NB551033:137:HK33LBGX9:2:13210:11444:18404#0/1	100.000	150	0	0	916	1065	1	150	4.79e-72	278
NC_011593.1:2598858-2601929	NB551033:137:HK33LBGX9:2:11201:11201:17046#0/1	100.000	150	0	0	2419	2568	150	1	4.79e-72	278
NC_011593.1:2598858-2601929	NB551033:137:HK33LBGX9:4:12601:16940:18744#0/2	100.000	149	0	0	177	325	149	1	1.72e-71	276
NC_011593.1:2598858-2601929	NB551033:137:HK33LBGX9:2:11201:11201:17046#0/2	100.000	149	0	0	2383	2531	1	149	1.72e-71	276
NC_011593.1:2598858-2601929	NB551033:137:HK33LBGX9:4:22404:24335:5555#0/2	99.338	151	1	0	1048	1198	151	1	6.19e-71	274
NC_011593.1:2598858-2601929	NB551033:137:HK33LBGX9:4:13603:11002:16663#0/2	99.338	151	1	0	383	533	1	151	6.19e-71	274
NC_011593.1:2598858-2601929	NB551033:137:HK33LBGX9:3:22402:24307:13717#0/2	99.338	151	1	0	1398	1548	1	151	6.19e-71	274
NC_011593.1:2598858-2601929	NB551033:137:HK33LBGX9:3:13611:11630:9169#0/2	99.338	151	1	0	1145	1295	151	1	6.19e-71	274
NC_011593.1:2598858-2601929	NB551033:137:HK33LBGX9:2:21204:5639:17283#0/2	99.338	151	1	0	2387	2537	151	1	6.19e-71	274
NC_011593.1:2598858-2601929	NB551033:137:HK33LBGX9:2:13210:11444:18404#0/2	99.338	151	1	0	1025	1175	151	1	6.19e-71	274
NC_011593.1:2598858-2601929	NB551033:137:HK33LBGX9:2:13201:18817:12373#0/2	99.338	151	1	0	1781	1931	151	1	6.19e-71	274
NC_011593.1:2598858-2601929	NB551033:137:HK33LBGX9:1:23208:17825:9010#0/2	99.338	151	1	0	2434	2584	151	1	6.19e-71	274
NC_011593.1:2598858-2601929	NB551033:137:HK33LBGX9:1:23104:9519:15751#0/2	99.338	151	1	0	1503	1653	151	1	6.19e-71	274
NC_011593.1:2598858-2601929	NB551033:137:HK33LBGX9:1:23101:18327:5564#0/2	99.338	151	1	0	1726	1876	151	1	6.19e-71	274
NC_011593.1:2598858-2601929	NB551033:137:HK33LBGX9:3:22401:14165:6145#0/1	99.338	151	1	0	114	264	1	151	6.19e-71	274
NC_011593.1:2598858-2601929	NB551033:137:HK33LBGX9:3:12502:7235:13759#0/1	99.338	151	1	0	239	389	1	151	6.19e-71	274
NC_011593.1:2598858-2601929	NB551033:137:HK33LBGX9:2:21204:5639:17283#0/1	99.338	151	1	0	2384	2534	1	151	6.19e-71	274
NC_011593.1:2598858-2601929	NB551033:137:HK33LBGX9:1:23101:18327:5564#0/1	99.338	151	1	0	1525	1675	1	151	6.19e-71	274
NC_011593.1:2598858-2601929	NB551033:137:HK33LBGX9:4:11509:10115:11603#0/2	99.333	150	1	0	307	456	1	150	2.23e-70	272
NC_011593.1:2598858-2601929	NB551033:137:HK33LBGX9:3:22401:17355:8273#0/2	99.333	150	1	0	1696	1845	150	1	2.23e-70	272
NC_011593.1:2598858-2601929	NB551033:137:HK33LBGX9:3:22401:14165:6145#0/2	99.333	150	1	0	231	380	150	1	2.23e-70	272
NC_011593.1:2598858-2601929	NB551033:137:HK33LBGX9:3:12502:7235:13759#0/2	99.333	150	1	0	345	494	150	1	2.23e-70	272
NC_011593.1:2598858-2601929	NB551033:137:HK33LBGX9:3:11404:17328:10030#0/2	99.333	150	1	0	169	318	150	1	2.23e-70	272
NC_011593.1:2598858-2601929	NB551033:137:HK33LBGX9:2:21102:19975:17600#0/2	99.333	150	1	0	351	500	1	150	2.23e-70	272
NC_011593.1:2598858-2601929	NB551033:137:HK33LBGX9:2:12101:11350:13659#0/2	99.333	150	1	0	1384	1533	150	1	2.23e-70	272
NC_011593.1:2598858-2601929	NB551033:137:HK33LBGX9:1:23210:7641:4069#0/2	99.333	150	1	0	1539	1688	1	150	2.23e-70	272
NC_011593.1:2598858-2601929	NB551033:137:HK33LBGX9:1:13207:7377:9523#0/2	99.333	150	1	0	1609	1758	1	150	2.23e-70	272
NC_011593.1:2598858-2601929	NB551033:137:HK33LBGX9:4:22408:23202:19461#0/1	100.000	147	0	0	1560	1706	147	1	2.23e-70	272
NC_011593.1:2598858-2601929	NB551033:137:HK33LBGX9:4:21404:3409:11380#0/1	99.333	150	1	0	1649	1798	1	150	2.23e-70	272
NC_011593.1:2598858-2601929	NB551033:137:HK33LBGX9:4:11612:5894:9510#0/1	99.333	150	1	0	1635	1784	150	1	2.23e-70	272
NC_011593.1:2598858-2601929	NB551033:137:HK33LBGX9:3:22507:23014:20165#0/1	99.333	150	1	0	951	1100	1	150	2.23e-70	272
NC_011593.1:2598858-2601929	NB551033:137:HK33LBGX9:3:22402:24307:13717#0/1	99.333	150	1	0	1536	1685	150	1	2.23e-70	272
NC_011593.1:2598858-2601929	NB551033:137:HK33LBGX9:3:22401:17355:8273#0/1	99.333	150	1	0	1649	1798	1	150	2.23e-70	272
NC_011593.1:2598858-2601929	NB551033:137:HK33LBGX9:3:13611:11630:9169#0/1	99.333	150	1	0	1107	1256	1	150	2.23e-70	272
NC_011593.1:2598858-2601929	NB551033:137:HK33LBGX9:3:11609:18399:16862#0/1	99.333	150	1	0	1753	1902	150	1	2.23e-70	272
NC_011593.1:2598858-2601929	NB551033:137:HK33LBGX9:2:13108:24033:14084#0/1	99.333	150	1	0	1018	1167	1	150	2.23e-70	272
NC_011593.1:2598858-2601929	NB551033:137:HK33LBGX9:1:23104:9519:15751#0/1	99.333	150	1	0	1481	1630	1	150	2.23e-70	272
NC_011593.1:2598858-2601929	NB551033:137:HK33LBGX9:3:23405:2993:14509#0/2	99.329	149	1	0	1209	1357	149	1	8.01e-70	270
NC_011593.1:2598858-2601929	NB551033:137:HK33LBGX9:2:23102:8856:9266#0/2	99.329	149	1	0	952	1100	149	1	8.01e-70	270
NC_011593.1:2598858-2601929	NB551033:137:HK33LBGX9:4:11507:8656:4914#0/1	99.329	149	1	0	1480	1628	2	150	8.01e-70	270
NC_011593.1:2598858-2601929	NB551033:137:HK33LBGX9:4:11410:25397:12151#0/1	99.329	149	1	0	1802	1950	1	149	8.01e-70	270
NC_011593.1:2598858-2601929	NB551033:137:HK33LBGX9:3:23405:2993:14509#0/1	99.329	149	1	0	1209	1357	1	149	8.01e-70	270
NC_011593.1:2598858-2601929	NB551033:137:HK33LBGX9:3:13504:15945:11813#0/1	99.329	149	1	0	2380	2528	3	151	8.01e-70	270
NC_011593.1:2598858-2601929	NB551033:137:HK33LBGX9:2:21102:19975:17600#0/1	99.329	149	1	0	385	533	151	3	8.01e-70	270
NC_011593.1:2598858-2601929	NB551033:137:HK33LBGX9:4:23503:18684:19915#0/2	98.675	151	2	0	2318	2468	1	151	2.88e-69	268
NC_011593.1:2598858-2601929	NB551033:137:HK33LBGX9:3:23611:24823:5642#0/2	98.675	151	2	0	1048	1198	151	1	2.88e-69	268
NC_011593.1:2598858-2601929	NB551033:137:HK33LBGX9:3:21509:21290:5741#0/2	98.675	151	2	0	1859	2009	1	151	2.88e-69	268
NC_011593.1:2598858-2601929	NB551033:137:HK33LBGX9:3:13504:15945:11813#0/2	98.675	151	2	0	2491	2641	151	1	2.88e-69	268
NC_011593.1:2598858-2601929	NB551033:137:HK33LBGX9:2:23101:7107:14377#0/2	98.675	151	2	0	600	750	1	151	2.88e-69	268
NC_011593.1:2598858-2601929	NB551033:137:HK33LBGX9:2:22110:13693:14725#0/2	98.675	151	2	0	2780	2930	1	151	2.88e-69	268
NC_011593.1:2598858-2601929	NB551033:137:HK33LBGX9:1:23303:2157:11343#0/2	98.675	151	2	0	2369	2519	151	1	2.88e-69	268
NC_011593.1:2598858-2601929	NB551033:137:HK33LBGX9:1:22207:9804:12909#0/2	98.675	151	2	0	2799	2949	151	1	2.88e-69	268
NC_011593.1:2598858-2601929	NB551033:137:HK33LBGX9:4:11601:2333:2775#0/1	98.675	151	2	0	2871	3021	151	1	2.88e-69	268
NC_011593.1:2598858-2601929	NB551033:137:HK33LBGX9:4:11505:4247:9531#0/1	98.675	151	2	0	1438	1588	151	1	2.88e-69	268
NC_011593.1:2598858-2601929	NB551033:137:HK33LBGX9:3:23611:24823:5642#0/1	98.675	151	2	0	680	830	1	151	2.88e-69	268
NC_011593.1:2598858-2601929	NB551033:137:HK33LBGX9:1:23303:2157:11343#0/1	98.675	151	2	0	2361	2511	1	151	2.88e-69	268
NC_011593.1:2598858-2601929	NB551033:137:HK33LBGX9:1:23208:17825:9010#0/1	98.675	151	2	0	2192	2342	1	151	2.88e-69	268
NC_011593.1:2598858-2601929	NB551033:137:HK33LBGX9:4:23410:12376:17690#0/2	98.667	150	2	0	1746	1895	1	150	1.04e-68	267
NC_011593.1:2598858-2601929	NB551033:137:HK33LBGX9:4:11612:5894:9510#0/2	98.667	150	2	0	1368	1517	1	150	1.04e-68	267
NC_011593.1:2598858-2601929	NB551033:137:HK33LBGX9:3:23602:10818:11973#0/2	98.667	150	2	0	651	800	1	150	1.04e-68	267
NC_011593.1:2598858-2601929	NB551033:137:HK33LBGX9:3:12501:14629:6735#0/2	98.667	150	2	0	50	199	1	150	1.04e-68	267
NC_011593.1:2598858-2601929	NB551033:137:HK33LBGX9:3:11603:22540:9089#0/2	98.667	150	2	0	643	792	150	1	1.04e-68	267
NC_011593.1:2598858-2601929	NB551033:137:HK33LBGX9:2:22204:20743:12522#0/2	98.667	150	2	0	2550	2699	150	1	1.04e-68	267
NC_011593.1:2598858-2601929	NB551033:137:HK33LBGX9:2:11102:7900:18645#0/2	98.667	150	2	0	646	795	1	150	1.04e-68	267
NC_011593.1:2598858-2601929	NB551033:137:HK33LBGX9:4:23503:18684:19915#0/1	98.667	150	2	0	2331	2480	150	1	1.04e-68	267
NC_011593.1:2598858-2601929	NB551033:137:HK33LBGX9:4:23410:12376:17690#0/1	98.667	150	2	0	1805	1954	150	1	1.04e-68	267
NC_011593.1:2598858-2601929	NB551033:137:HK33LBGX9:4:21401:23683:5721#0/1	98.667	150	2	0	1787	1936	1	150	1.04e-68	267
NC_011593.1:2598858-2601929	NB551033:137:HK33LBGX9:3:22607:25141:17496#0/1	98.667	150	2	0	1956	2105	1	150	1.04e-68	267
NC_011593.1:2598858-2601929	NB551033:137:HK33LBGX9:3:21407:6315:9692#0/1	98.667	150	2	0	2777	2926	1	150	1.04e-68	267
NC_011593.1:2598858-2601929	NB551033:137:HK33LBGX9:2:22204:20743:12522#0/1	98.667	150	2	0	2511	2660	1	150	1.04e-68	267
NC_011593.1:2598858-2601929	NB551033:137:HK33LBGX9:2:22107:11582:12050#0/1	98.667	150	2	0	1749	1898	150	1	1.04e-68	267
NC_011593.1:2598858-2601929	NB551033:137:HK33LBGX9:1:23203:3695:3247#0/1	98.667	150	2	0	2524	2673	1	150	1.04e-68	267
NC_011593.1:2598858-2601929	NB551033:137:HK33LBGX9:4:21404:3409:11380#0/2	99.315	146	1	0	1834	1979	146	1	3.73e-68	265
NC_011593.1:2598858-2601929	NB551033:137:HK33LBGX9:4:21401:23683:5721#0/2	99.315	146	1	0	1834	1979	146	1	3.73e-68	265
NC_011593.1:2598858-2601929	NB551033:137:HK33LBGX9:2:13106:5473:13815#0/2	99.315	146	1	0	155	300	1	146	3.73e-68	265
NC_011593.1:2598858-2601929	NB551033:137:HK33LBGX9:1:12308:12810:14400#0/2	98.658	149	2	0	1233	1381	1	149	3.73e-68	265
NC_011593.1:2598858-2601929	NB551033:137:HK33LBGX9:4:12512:3765:4761#0/1	98.658	149	2	0	137	285	1	149	3.73e-68	265
NC_011593.1:2598858-2601929	NB551033:137:HK33LBGX9:3:21509:21290:5741#0/1	98.658	149	2	0	1875	2023	149	1	3.73e-68	265
NC_011593.1:2598858-2601929	NB551033:137:HK33LBGX9:2:22109:12927:2372#0/1	98.658	149	2	0	2770	2918	149	1	3.73e-68	265
NC_011593.1:2598858-2601929	NB551033:137:HK33LBGX9:2:13304:17183:11832#0/1	98.658	149	2	0	2455	2603	149	1	3.73e-68	265
NC_011593.1:2598858-2601929	NB551033:137:HK33LBGX9:1:12308:12810:14400#0/1	98.658	149	2	0	1233	1381	149	1	3.73e-68	265
NC_011593.1:2598858-2601929	NB551033:137:HK33LBGX9:4:22408:23202:19461#0/2	98.013	151	3	0	1435	1585	1	151	1.34e-67	263
NC_011593.1:2598858-2601929	NB551033:137:HK33LBGX9:3:22506:10908:7297#0/2	98.649	148	2	0	2489	2636	1	148	1.34e-67	263
NC_011593.1:2598858-2601929	NB551033:137:HK33LBGX9:3:11402:21767:12659#0/2	98.013	151	3	0	738	888	151	1	1.34e-67	263
NC_011593.1:2598858-2601929	NB551033:137:HK33LBGX9:2:23112:12088:1998#0/2	98.013	151	3	0	2683	2833	151	1	1.34e-67	263
NC_011593.1:2598858-2601929	NB551033:137:HK33LBGX9:2:23101:22783:12588#0/2	98.013	151	3	0	1277	1427	1	151	1.34e-67	263
NC_011593.1:2598858-2601929	NB551033:137:HK33LBGX9:2:13206:5065:3198#0/2	98.013	151	3	0	2083	2233	1	151	1.34e-67	263
NC_011593.1:2598858-2601929	NB551033:137:HK33LBGX9:1:23203:3695:3247#0/2	98.013	151	3	0	2648	2798	151	1	1.34e-67	263
NC_011593.1:2598858-2601929	NB551033:137:HK33LBGX9:3:22506:10908:7297#0/1	98.649	148	2	0	2489	2636	148	1	1.34e-67	263
NC_011593.1:2598858-2601929	NB551033:137:HK33LBGX9:2:23101:7107:14377#0/1	98.013	151	3	0	600	750	151	1	1.34e-67	263
NC_011593.1:2598858-2601929	NB551033:137:HK33LBGX9:2:23101:22783:12588#0/1	98.013	151	3	0	1350	1500	151	1	1.34e-67	263
NC_011593.1:2598858-2601929	NB551033:137:HK33LBGX9:2:12101:11350:13659#0/1	98.013	151	3	0	1341	1491	1	151	1.34e-67	263
NC_011593.1:2598858-2601929	NB551033:137:HK33LBGX9:1:13207:7377:9523#0/1	98.013	151	3	0	1875	2025	151	1	1.34e-67	263
NC_011593.1:2598858-2601929	NB551033:137:HK33LBGX9:4:11505:4247:9531#0/2	98.000	150	3	0	1254	1403	1	150	4.82e-67	261
NC_011593.1:2598858-2601929	NB551033:137:HK33LBGX9:3:22607:25141:17496#0/2	98.000	150	3	0	2051	2200	150	1	4.82e-67	261
NC_011593.1:2598858-2601929	NB551033:137:HK33LBGX9:2:11308:1594:13687#0/2	98.000	150	3	0	2295	2444	1	150	4.82e-67	261
NC_011593.1:2598858-2601929	NB551033:137:HK33LBGX9:1:22205:21274:19596#0/2	98.000	150	3	0	2496	2645	1	150	4.82e-67	261
NC_011593.1:2598858-2601929	NB551033:137:HK33LBGX9:1:12210:20270:4939#0/2	98.000	150	3	0	2796	2945	150	1	4.82e-67	261
NC_011593.1:2598858-2601929	NB551033:137:HK33LBGX9:4:12506:25189:2709#0/1	98.000	150	3	0	2778	2927	1	150	4.82e-67	261
NC_011593.1:2598858-2601929	NB551033:137:HK33LBGX9:1:12210:20270:4939#0/1	98.000	150	3	0	2778	2927	1	150	4.82e-67	261
NC_011593.1:2598858-2601929	NB551033:137:HK33LBGX9:3:13605:17929:9460#0/2	98.630	146	2	0	553	698	146	1	1.73e-66	259
NC_011593.1:2598858-2601929	NB551033:137:HK33LBGX9:4:22404:24335:5555#0/1	97.987	149	3	0	630	778	1	149	1.73e-66	259
NC_011593.1:2598858-2601929	NB551033:137:HK33LBGX9:2:22110:13693:14725#0/1	97.987	149	3	0	2785	2933	149	1	1.73e-66	259
NC_011593.1:2598858-2601929	NB551033:137:HK33LBGX9:2:13206:5065:3198#0/1	97.987	149	3	0	2257	2405	150	2	1.73e-66	259
NC_011593.1:2598858-2601929	NB551033:137:HK33LBGX9:2:21105:9568:18455#0/2	97.351	151	4	0	2623	2773	1	151	6.24e-66	257
NC_011593.1:2598858-2601929	NB551033:137:HK33LBGX9:4:13603:11002:16663#0/1	97.351	151	4	0	408	558	151	1	6.24e-66	257
NC_011593.1:2598858-2601929	NB551033:137:HK33LBGX9:2:23112:12088:1998#0/1	97.351	151	4	0	2643	2793	1	151	6.24e-66	257
NC_011593.1:2598858-2601929	NB551033:137:HK33LBGX9:2:13304:17183:11832#0/2	97.333	150	4	0	2268	2417	1	150	2.24e-65	255
NC_011593.1:2598858-2601929	NB551033:137:HK33LBGX9:2:13108:24033:14084#0/2	97.333	150	4	0	1353	1502	150	1	2.24e-65	255
NC_011593.1:2598858-2601929	NB551033:137:HK33LBGX9:1:13104:26701:17359#0/2	98.611	144	2	0	2323	2466	144	1	2.24e-65	255
NC_011593.1:2598858-2601929	NB551033:137:HK33LBGX9:1:13103:1213:17364#0/2	98.611	144	2	0	2323	2466	144	1	2.24e-65	255
NC_011593.1:2598858-2601929	NB551033:137:HK33LBGX9:1:11204:16179:5033#0/2	97.333	150	4	0	2690	2839	150	1	2.24e-65	255
NC_011593.1:2598858-2601929	NB551033:137:HK33LBGX9:2:21105:9568:18455#0/1	97.333	150	4	0	2637	2786	150	1	2.24e-65	255
NC_011593.1:2598858-2601929	NB551033:137:HK33LBGX9:1:22207:9804:12909#0/1	97.333	150	4	0	2686	2835	1	150	2.24e-65	255
NC_011593.1:2598858-2601929	NB551033:137:HK33LBGX9:1:21308:3579:14827#0/1	100.000	138	0	0	204	341	138	1	2.24e-65	255
NC_011593.1:2598858-2601929	NB551033:137:HK33LBGX9:1:13104:26701:17359#0/1	98.611	144	2	0	2323	2466	1	144	2.24e-65	255
NC_011593.1:2598858-2601929	NB551033:137:HK33LBGX9:1:13103:1213:17364#0/1	98.611	144	2	0	2323	2466	1	144	2.24e-65	255
NC_011593.1:2598858-2601929	NB551033:137:HK33LBGX9:1:11204:16179:5033#0/1	97.315	149	4	0	2638	2786	1	149	8.07e-65	254
NC_011593.1:2598858-2601929	NB551033:137:HK33LBGX9:1:11112:2110:12471#0/2	99.281	139	1	0	1	139	139	1	2.90e-64	252
NC_011593.1:2598858-2601929	NB551033:137:HK33LBGX9:3:11603:22540:9089#0/1	96.689	151	5	0	448	598	1	151	2.90e-64	252
NC_011593.1:2598858-2601929	NB551033:137:HK33LBGX9:3:11402:21767:12659#0/1	96.689	151	5	0	486	636	1	151	2.90e-64	252
NC_011593.1:2598858-2601929	NB551033:137:HK33LBGX9:2:23102:8856:9266#0/1	96.689	151	5	0	759	909	1	151	2.90e-64	252
NC_011593.1:2598858-2601929	NB551033:137:HK33LBGX9:4:11410:25397:12151#0/2	99.275	138	1	0	1989	2126	138	1	1.04e-63	250
NC_011593.1:2598858-2601929	NB551033:137:HK33LBGX9:1:21308:3579:14827#0/2	98.582	141	2	0	60	200	1	141	1.04e-63	250
NC_011593.1:2598858-2601929	NB551033:137:HK33LBGX9:4:12601:16940:18744#0/1	99.275	138	1	0	1	138	13	150	1.04e-63	250
NC_011593.1:2598858-2601929	NB551033:137:HK33LBGX9:3:13605:17929:9460#0/1	96.667	150	5	0	475	624	1	150	1.04e-63	250
NC_011593.1:2598858-2601929	NB551033:137:HK33LBGX9:2:11102:7900:18645#0/1	96.667	150	5	0	835	984	150	1	1.04e-63	250
NC_011593.1:2598858-2601929	NB551033:137:HK33LBGX9:4:23505:13795:3080#0/2	97.902	143	3	0	682	824	1	143	3.75e-63	248
NC_011593.1:2598858-2601929	NB551033:137:HK33LBGX9:2:22109:12927:2372#0/2	97.902	143	3	0	2700	2842	8	150	3.75e-63	248
NC_011593.1:2598858-2601929	NB551033:137:HK33LBGX9:4:23505:13795:3080#0/1	98.571	140	2	0	685	824	140	1	3.75e-63	248
NC_011593.1:2598858-2601929	NB551033:137:HK33LBGX9:3:23602:10818:11973#0/1	96.644	149	5	0	859	1007	149	1	3.75e-63	248
NC_011593.1:2598858-2601929	NB551033:137:HK33LBGX9:2:22105:4530:19741#0/2	99.231	130	1	0	1107	1236	130	1	2.92e-59	235
NC_011593.1:2598858-2601929	NB551033:137:HK33LBGX9:2:22105:4530:19741#0/1	99.231	130	1	0	1107	1236	1	130	2.92e-59	235
NC_011593.1:2598858-2601929	NB551033:137:HK33LBGX9:4:11601:2333:2775#0/2	98.473	131	2	0	2823	2953	1	131	3.78e-58	231
NC_011593.1:2598858-2601929	NB551033:137:HK33LBGX9:1:11107:15239:18148#0/2	97.761	134	3	0	2939	3072	141	8	3.78e-58	231
NC_011593.1:2598858-2601929	NB551033:137:HK33LBGX9:1:11107:15239:18148#0/1	97.761	134	3	0	2939	3072	1	134	3.78e-58	231
NC_011593.1:2598858-2601929	NB551033:137:HK33LBGX9:2:11308:1594:13687#0/1	97.059	136	4	0	2658	2793	136	1	1.36e-57	230
NC_011593.1:2598858-2601929	NB551033:137:HK33LBGX9:2:21107:12335:7940#0/2	98.450	129	2	0	2598	2726	1	129	4.89e-57	228
NC_011593.1:2598858-2601929	NB551033:137:HK33LBGX9:2:21107:12335:7940#0/1	98.450	129	2	0	2598	2726	129	1	4.89e-57	228
NC_011593.1:2598858-2601929	NB551033:137:HK33LBGX9:4:22411:17962:11064#0/1	98.438	128	2	0	2784	2911	1	128	1.76e-56	226
NC_011593.1:2598858-2601929	NB551033:137:HK33LBGX9:4:13407:9736:15230#0/2	97.656	128	3	0	2937	3064	1	128	8.19e-55	220
NC_011593.1:2598858-2601929	NB551033:137:HK33LBGX9:4:13407:9736:15230#0/1	97.656	128	3	0	2937	3064	128	1	8.19e-55	220
NC_011593.1:2598858-2601929	NB551033:137:HK33LBGX9:2:12312:20746:18636#0/2	100.000	117	0	0	1177	1293	117	1	1.06e-53	217
NC_011593.1:2598858-2601929	NB551033:137:HK33LBGX9:3:23406:23906:12652#0/1	100.000	117	0	0	246	362	119	3	1.06e-53	217
NC_011593.1:2598858-2601929	NB551033:137:HK33LBGX9:2:12312:20746:18636#0/1	100.000	117	0	0	1177	1293	1	117	1.06e-53	217
NC_011593.1:2598858-2601929	NB551033:137:HK33LBGX9:2:23307:14846:12530#0/2	98.333	120	2	0	1435	1554	120	1	4.93e-52	211
NC_011593.1:2598858-2601929	NB551033:137:HK33LBGX9:2:23307:14846:12530#0/1	98.333	120	2	0	1435	1554	1	120	4.93e-52	211
NC_011593.1:2598858-2601929	NB551033:137:HK33LBGX9:1:21105:7349:9247#0/1	99.145	117	1	0	1916	2032	117	1	4.93e-52	211
NC_011593.1:2598858-2601929	NB551033:137:HK33LBGX9:1:21105:7349:9247#0/2	99.138	116	1	0	1916	2031	1	116	1.77e-51	209
NC_011593.1:2598858-2601929	NB551033:137:HK33LBGX9:4:13607:12914:2332#0/2	99.130	115	1	0	294	408	115	1	6.37e-51	207
NC_011593.1:2598858-2601929	NB551033:137:HK33LBGX9:4:13607:12914:2332#0/1	99.130	115	1	0	294	408	1	115	6.37e-51	207
NC_011593.1:2598858-2601929	NB551033:137:HK33LBGX9:2:11212:15970:15925#0/2	96.748	123	4	0	1958	2080	123	1	2.29e-50	206
NC_011593.1:2598858-2601929	NB551033:137:HK33LBGX9:4:22610:22975:10658#0/2	98.276	116	2	0	8	123	1	116	8.24e-50	204
NC_011593.1:2598858-2601929	NB551033:137:HK33LBGX9:4:22610:22975:10658#0/1	98.276	116	2	0	8	123	116	1	8.24e-50	204
NC_011593.1:2598858-2601929	NB551033:137:HK33LBGX9:4:12409:8833:3858#0/2	98.261	115	2	0	2544	2658	1	115	2.96e-49	202
NC_011593.1:2598858-2601929	NB551033:137:HK33LBGX9:4:12409:8833:3858#0/1	98.261	115	2	0	2544	2658	115	1	2.96e-49	202
NC_011593.1:2598858-2601929	NB551033:137:HK33LBGX9:2:11212:15970:15925#0/1	99.091	110	1	0	1786	1895	1	110	3.84e-48	198
NC_011593.1:2598858-2601929	NB551033:137:HK33LBGX9:3:23406:23906:12652#0/2	99.074	108	1	0	127	234	1	108	4.96e-47	195
NC_011593.1:2598858-2601929	NB551033:137:HK33LBGX9:1:13205:22443:7407#0/2	98.198	111	2	0	2345	2455	1	111	4.96e-47	195
NC_011593.1:2598858-2601929	NB551033:137:HK33LBGX9:1:13205:22443:7407#0/1	98.198	111	2	0	2345	2455	111	1	4.96e-47	195
NC_011593.1:2598858-2601929	NB551033:137:HK33LBGX9:4:22411:17962:11064#0/2	97.297	111	3	0	2803	2913	111	1	2.31e-45	189
NC_011593.1:2598858-2601929	NB551033:137:HK33LBGX9:4:22505:25619:13950#0/1	98.131	107	2	0	682	788	1	107	8.30e-45	187
NC_011593.1:2598858-2601929	NB551033:137:HK33LBGX9:3:13610:18557:8268#0/2	98.113	106	2	0	1289	1394	1	106	2.99e-44	185
NC_011593.1:2598858-2601929	NB551033:137:HK33LBGX9:2:13103:10981:5919#0/2	99.029	103	1	0	690	792	103	1	2.99e-44	185
NC_011593.1:2598858-2601929	NB551033:137:HK33LBGX9:3:23409:7565:18793#0/1	100.000	100	0	0	1	100	100	1	2.99e-44	185
NC_011593.1:2598858-2601929	NB551033:137:HK33LBGX9:3:13610:18557:8268#0/1	98.113	106	2	0	1289	1394	106	1	2.99e-44	185
NC_011593.1:2598858-2601929	NB551033:137:HK33LBGX9:2:13103:10981:5919#0/1	99.029	103	1	0	690	792	1	103	2.99e-44	185
NC_011593.1:2598858-2601929	NB551033:137:HK33LBGX9:2:11301:7898:9935#0/2	100.000	99	0	0	2442	2540	1	99	1.07e-43	183
NC_011593.1:2598858-2601929	NB551033:137:HK33LBGX9:4:13410:17629:15329#0/2	98.077	104	2	0	2288	2391	1	104	3.86e-43	182
NC_011593.1:2598858-2601929	NB551033:137:HK33LBGX9:4:13410:17629:15329#0/1	98.077	104	2	0	2288	2391	104	1	3.86e-43	182
NC_011593.1:2598858-2601929	NB551033:137:HK33LBGX9:3:11405:16655:6564#0/2	97.143	105	3	0	880	984	1	105	5.00e-42	178
NC_011593.1:2598858-2601929	NB551033:137:HK33LBGX9:3:11405:16655:6564#0/1	97.143	105	3	0	880	984	105	1	5.00e-42	178
NC_011593.1:2598858-2601929	NB551033:137:HK33LBGX9:3:11605:11629:11500#0/2	98.980	98	1	0	1824	1921	98	1	1.80e-41	176
NC_011593.1:2598858-2601929	NB551033:137:HK33LBGX9:3:11605:11629:11500#0/1	98.980	98	1	0	1824	1921	1	98	1.80e-41	176
NC_011593.1:2598858-2601929	NB551033:137:HK33LBGX9:2:13106:5473:13815#0/1	100.000	95	0	0	206	300	95	1	1.80e-41	176
NC_011593.1:2598858-2601929	NB551033:137:HK33LBGX9:4:22505:25619:13950#0/2	98.969	97	1	0	711	807	97	1	6.46e-41	174
NC_011593.1:2598858-2601929	NB551033:137:HK33LBGX9:2:11301:7898:9935#0/1	98.969	97	1	0	2488	2584	97	1	6.46e-41	174
NC_011593.1:2598858-2601929	NB551033:137:HK33LBGX9:1:23310:19797:1808#0/2	100.000	93	0	0	1740	1832	1	93	2.32e-40	172
NC_011593.1:2598858-2601929	NB551033:137:HK33LBGX9:1:23310:19797:1808#0/1	100.000	93	0	0	1740	1832	93	1	2.32e-40	172
NC_011593.1:2598858-2601929	NB551033:137:HK33LBGX9:4:12503:9175:18504#0/2	98.925	93	1	0	600	692	93	1	1.08e-38	167
NC_011593.1:2598858-2601929	NB551033:137:HK33LBGX9:4:12503:9175:18504#0/1	98.925	93	1	0	600	692	1	93	1.08e-38	167
NC_011593.1:2598858-2601929	NB551033:137:HK33LBGX9:3:21510:4299:12168#0/2	97.872	94	2	0	1870	1963	1	94	1.40e-37	163
NC_011593.1:2598858-2601929	NB551033:137:HK33LBGX9:1:13109:16059:14070#0/2	100.000	88	0	0	1013	1100	1	88	1.40e-37	163
NC_011593.1:2598858-2601929	NB551033:137:HK33LBGX9:3:21510:4299:12168#0/1	97.872	94	2	0	1870	1963	94	1	1.40e-37	163
NC_011593.1:2598858-2601929	NB551033:137:HK33LBGX9:1:13109:16059:14070#0/1	100.000	88	0	0	1013	1100	88	1	1.40e-37	163
NC_011593.1:2598858-2601929	NB551033:137:HK33LBGX9:1:21210:9615:1327#0/1	100.000	87	0	0	1738	1824	1	87	5.03e-37	161
NC_011593.1:2598858-2601929	NB551033:137:HK33LBGX9:3:11504:2504:12031#0/2	100.000	84	0	0	1266	1349	84	1	2.34e-35	156
NC_011593.1:2598858-2601929	NB551033:137:HK33LBGX9:3:11504:2504:12031#0/1	100.000	84	0	0	1266	1349	1	84	2.34e-35	156
NC_011593.1:2598858-2601929	NB551033:137:HK33LBGX9:1:22205:21274:19596#0/1	96.739	92	3	0	2718	2809	92	1	8.42e-35	154
NC_011593.1:2598858-2601929	NB551033:137:HK33LBGX9:1:21210:9615:1327#0/2	97.674	86	2	0	1786	1871	86	1	3.92e-33	148
NC_011593.1:2598858-2601929	NB551033:137:HK33LBGX9:1:11208:24425:18208#0/2	98.780	82	1	0	1878	1959	82	1	1.41e-32	147
NC_011593.1:2598858-2601929	NB551033:137:HK33LBGX9:1:11208:24425:18208#0/1	98.780	82	1	0	1878	1959	1	82	1.41e-32	147
NC_011593.1:2598858-2601929	NB551033:137:HK33LBGX9:2:11109:15103:7534#0/2	95.455	88	4	0	1202	1289	89	2	6.56e-31	141
NC_011593.1:2598858-2601929	NB551033:137:HK33LBGX9:2:11109:15103:7534#0/1	95.455	88	4	0	1202	1289	1	88	6.56e-31	141
NC_011593.1:2598858-2601929	NB551033:137:HK33LBGX9:3:21408:23107:16723#0/2	100.000	75	0	0	2489	2563	75	1	2.36e-30	139
NC_011593.1:2598858-2601929	NB551033:137:HK33LBGX9:3:11501:9562:10338#0/2	98.718	78	1	0	961	1038	1	78	2.36e-30	139
NC_011593.1:2598858-2601929	NB551033:137:HK33LBGX9:3:21408:23107:16723#0/1	100.000	75	0	0	2489	2563	1	75	2.36e-30	139
NC_011593.1:2598858-2601929	NB551033:137:HK33LBGX9:4:11602:24290:1655#0/2	97.468	79	2	0	472	550	1	79	3.05e-29	135
NC_011593.1:2598858-2601929	NB551033:137:HK33LBGX9:4:11602:24290:1655#0/1	95.294	85	4	0	472	556	85	1	3.05e-29	135
NC_011593.1:2598858-2601929	NB551033:137:HK33LBGX9:3:11501:9562:10338#0/1	97.333	75	2	0	1354	1428	75	1	5.10e-27	128
NC_011593.1:2598858-2601929	NB551033:137:HK33LBGX9:3:11606:16825:3538#0/2	95.000	80	4	0	521	600	1	80	1.84e-26	126
NC_011593.1:2598858-2601929	NB551033:137:HK33LBGX9:3:11606:16825:3538#0/1	95.000	80	4	0	521	600	80	1	1.84e-26	126
NC_011593.1:2598858-2601929	NB551033:137:HK33LBGX9:2:23306:6001:7398#0/1	100.000	53	0	0	1	53	53	1	4.00e-18	99.0
NC_011593.1:2598858-2601929	NB551033:137:HK33LBGX9:3:11507:15041:13740#0/1	96.875	32	1	0	1028	1059	118	149	8.79e-05	54.7
NC_011593.1:2598858-2601929	NB551033:137:HK33LBGX9:2:23303:20904:7577#0/1	100.000	28	0	0	1028	1055	118	145	3.16e-04	52.8
# BLASTN 2.9.0+
# Query: NC_011593.1:c2604454-2602106 Bifidobacterium longum subsp. infantis ATCC 15697, complete genome
# Database: db/blast_M0964-1F-1A_S80.faa
# 0 hits found
# BLASTN 2.9.0+
# Query: NC_011593.1:c2605922-2604486 Bifidobacterium longum subsp. infantis ATCC 15697, complete genome
# Database: db/blast_M0964-1F-1A_S80.faa
# 0 hits found
# BLASTN 2.9.0+
# Query: NC_011593.1:c2606381-2605944 Bifidobacterium longum subsp. infantis ATCC 15697, complete genome
# Database: db/blast_M0964-1F-1A_S80.faa
# 0 hits found
# BLASTN 2.9.0+
# Query: NC_011593.1:c2607314-2606418 Bifidobacterium longum subsp. infantis ATCC 15697, complete genome
# Database: db/blast_M0964-1F-1A_S80.faa
# 0 hits found
# BLASTN 2.9.0+
# Query: NC_011593.1:c2608249-2607458 Bifidobacterium longum subsp. infantis ATCC 15697, complete genome
# Database: db/blast_M0964-1F-1A_S80.faa
# 0 hits found
# BLASTN 2.9.0+
# Query: NC_011593.1:c2609546-2608269 Bifidobacterium longum subsp. infantis ATCC 15697, complete genome
# Database: db/blast_M0964-1F-1A_S80.faa
# Fields: query acc.ver, subject acc.ver, % identity, alignment length, mismatches, gap opens, q. start, q. end, s. start, s. end, evalue, bit score
# 18 hits found
NC_011593.1:c2609546-2608269	NB551033:137:HK33LBGX9:4:21410:17582:10345#0/1	100.000	151	0	0	307	457	1	151	5.52e-73	279
NC_011593.1:c2609546-2608269	NB551033:137:HK33LBGX9:1:23208:16762:5239#0/1	100.000	150	0	0	304	453	1	150	1.98e-72	278
NC_011593.1:c2609546-2608269	NB551033:137:HK33LBGX9:1:13102:21752:6160#0/2	100.000	149	0	0	212	360	1	149	7.14e-72	276
NC_011593.1:c2609546-2608269	NB551033:137:HK33LBGX9:4:21410:17582:10345#0/2	99.333	150	1	0	329	478	150	1	9.23e-71	272
NC_011593.1:c2609546-2608269	NB551033:137:HK33LBGX9:2:23203:21271:2357#0/2	99.333	150	1	0	341	490	150	1	9.23e-71	272
NC_011593.1:c2609546-2608269	NB551033:137:HK33LBGX9:2:23203:21271:2357#0/1	100.000	147	0	0	205	351	1	147	9.23e-71	272
NC_011593.1:c2609546-2608269	NB551033:137:HK33LBGX9:1:23208:16762:5239#0/2	98.658	149	2	0	342	490	149	1	1.55e-68	265
NC_011593.1:c2609546-2608269	NB551033:137:HK33LBGX9:2:12307:6835:14522#0/2	99.296	142	1	0	158	299	142	1	2.59e-66	257
NC_011593.1:c2609546-2608269	NB551033:137:HK33LBGX9:2:12307:6835:14522#0/1	99.296	142	1	0	158	299	1	142	2.59e-66	257
NC_011593.1:c2609546-2608269	NB551033:137:HK33LBGX9:2:12207:11103:9438#0/2	96.000	150	6	0	916	1065	1	150	2.01e-62	244
NC_011593.1:c2609546-2608269	NB551033:137:HK33LBGX9:2:12207:11103:9438#0/1	96.000	150	6	0	917	1066	150	1	2.01e-62	244
NC_011593.1:c2609546-2608269	NB551033:137:HK33LBGX9:4:22412:20285:14125#0/2	95.333	150	7	0	1093	1242	150	1	9.37e-61	239
NC_011593.1:c2609546-2608269	NB551033:137:HK33LBGX9:2:22211:25234:2189#0/1	95.302	149	7	0	988	1136	149	1	3.37e-60	237
NC_011593.1:c2609546-2608269	NB551033:137:HK33LBGX9:1:13102:21752:6160#0/1	99.200	125	1	0	366	490	125	1	7.29e-57	226
NC_011593.1:c2609546-2608269	NB551033:137:HK33LBGX9:4:22603:11671:5721#0/2	95.041	121	6	0	589	709	121	1	2.66e-46	191
NC_011593.1:c2609546-2608269	NB551033:137:HK33LBGX9:4:22603:11671:5721#0/1	95.041	121	6	0	589	709	1	121	2.66e-46	191
NC_011593.1:c2609546-2608269	NB551033:137:HK33LBGX9:2:21308:14400:2314#0/2	95.714	70	3	0	689	758	70	1	5.92e-23	113
NC_011593.1:c2609546-2608269	NB551033:137:HK33LBGX9:2:21308:14400:2314#0/1	95.652	69	3	0	689	757	1	69	2.13e-22	111
# BLASTN 2.9.0+
# Query: NC_011593.1:c2610356-2609697 Bifidobacterium longum subsp. infantis ATCC 15697, complete genome
# Database: db/blast_M0964-1F-1A_S80.faa
# 0 hits found
# BLASTN 2.9.0+
# Query: NC_011593.1:c2611458-2610496 Bifidobacterium longum subsp. infantis ATCC 15697, complete genome
# Database: db/blast_M0964-1F-1A_S80.faa
# 0 hits found
# BLASTN 2.9.0+
# Query: NC_011593.1:c2612430-2611477 Bifidobacterium longum subsp. infantis ATCC 15697, complete genome
# Database: db/blast_M0964-1F-1A_S80.faa
# 0 hits found
# BLASTN 2.9.0+
# Query: NC_011593.1:c2614109-2612517 Bifidobacterium longum subsp. infantis ATCC 15697, complete genome
# Database: db/blast_M0964-1F-1A_S80.faa
# 0 hits found
# BLASTN 2.9.0+
# Query: NC_011593.1:c2615274-2614312 Bifidobacterium longum subsp. infantis ATCC 15697, complete genome
# Database: db/blast_M0964-1F-1A_S80.faa
# 0 hits found
# BLASTN 2.9.0+
# Query: NC_011593.1:c2616246-2615293 Bifidobacterium longum subsp. infantis ATCC 15697, complete genome
# Database: db/blast_M0964-1F-1A_S80.faa
# 0 hits found
# BLASTN 2.9.0+
# Query: NC_011593.1:c2617928-2616333 Bifidobacterium longum subsp. infantis ATCC 15697, complete genome
# Database: db/blast_M0964-1F-1A_S80.faa
# 0 hits found
# BLASTN 2.9.0+
# Query: NC_011593.1:c2619247-2618063 Bifidobacterium longum subsp. infantis ATCC 15697, complete genome
# Database: db/blast_M0964-1F-1A_S80.faa
# 0 hits found
# BLASTN 2.9.0+
# Query: NC_011593.1:c2620369-2619413 Bifidobacterium longum subsp. infantis ATCC 15697, complete genome
# Database: db/blast_M0964-1F-1A_S80.faa
# 0 hits found
# BLASTN 2.9.0+
# Query: NC_011593.1:c2622143-2620551 Bifidobacterium longum subsp. infantis ATCC 15697, complete genome
# Database: db/blast_M0964-1F-1A_S80.faa
# 0 hits found
# BLASTN 2.9.0+
# Query: NC_011593.1:c2624124-2622520 Bifidobacterium longum subsp. infantis ATCC 15697, complete genome
# Database: db/blast_M0964-1F-1A_S80.faa
# 0 hits found
# BLASTN 2.9.0+
# Query: NC_011593.1:c2626110-2624512 Bifidobacterium longum subsp. infantis ATCC 15697, complete genome
# Database: db/blast_M0964-1F-1A_S80.faa
# Fields: query acc.ver, subject acc.ver, % identity, alignment length, mismatches, gap opens, q. start, q. end, s. start, s. end, evalue, bit score
# 1 hits found
NC_011593.1:c2626110-2624512	NB551033:137:HK33LBGX9:1:21310:5135:16543#0/1	100.000	28	0	0	1555	1582	123	150	1.65e-04	52.8
# BLASTN 2.9.0+
# Query: NC_011593.1:c2626386-2626264 Bifidobacterium longum subsp. infantis ATCC 15697, complete genome
# Database: db/blast_M0964-1F-1A_S80.faa
# 0 hits found
# BLASTN 2.9.0+
# Query: NC_011593.1:c2628158-2626563 Bifidobacterium longum subsp. infantis ATCC 15697, complete genome
# Database: db/blast_M0964-1F-1A_S80.faa
# 0 hits found
# BLASTN 2.9.0+
# Query: NC_011593.1:c2630269-2628314 Bifidobacterium longum subsp. infantis ATCC 15697, complete genome
# Database: db/blast_M0964-1F-1A_S80.faa
# 0 hits found
# BLASTN 2.9.0+
# Query: NC_011593.1:c2631106-2630366 Bifidobacterium longum subsp. infantis ATCC 15697, complete genome
# Database: db/blast_M0964-1F-1A_S80.faa
# 0 hits found
# BLASTN 2.9.0+
# Query: NC_011593.1:c2632432-2631140 Bifidobacterium longum subsp. infantis ATCC 15697, complete genome
# Database: db/blast_M0964-1F-1A_S80.faa
# 0 hits found
# BLASTN 2.9.0+
# Query: NC_011593.1:c2633881-2632562 Bifidobacterium longum subsp. infantis ATCC 15697, complete genome
# Database: db/blast_M0964-1F-1A_S80.faa
# 0 hits found
# BLASTN 2.9.0+
# Query: NC_011593.1:c2634683-2633865 Bifidobacterium longum subsp. infantis ATCC 15697, complete genome
# Database: db/blast_M0964-1F-1A_S80.faa
# 0 hits found
# BLASTN 2.9.0+
# Query: NC_011593.1:c2635627-2634680 Bifidobacterium longum subsp. infantis ATCC 15697, complete genome
# Database: db/blast_M0964-1F-1A_S80.faa
# 0 hits found
# BLASTN 2.9.0+
# Query: NC_011593.1:c2636747-2635629 Bifidobacterium longum subsp. infantis ATCC 15697, complete genome
# Database: db/blast_M0964-1F-1A_S80.faa
# 0 hits found
# BLAST processed 31 queries
