# BLASTN 2.9.0+
# Query: NC_011593.1:c2595355-2593832 Bifidobacterium longum subsp. infantis ATCC 15697, complete genome
# Database: db/blast_M0996-2F-1A_S76.faa
# Fields: query acc.ver, subject acc.ver, % identity, alignment length, mismatches, gap opens, q. start, q. end, s. start, s. end, evalue, bit score
# 70 hits found
NC_011593.1:c2595355-2593832	NB551033:151:HCYCWBGXB:3:13602:7711:15171#0/2	98.675	151	2	0	1013	1163	1	151	1.62e-69	268
NC_011593.1:c2595355-2593832	NB551033:151:HCYCWBGXB:1:12103:25995:15057#0/2	98.675	151	2	0	412	562	151	1	1.62e-69	268
NC_011593.1:c2595355-2593832	NB551033:151:HCYCWBGXB:4:23401:16464:2606#0/1	98.675	151	2	0	715	865	1	151	1.62e-69	268
NC_011593.1:c2595355-2593832	NB551033:151:HCYCWBGXB:3:13602:7711:15171#0/1	98.675	151	2	0	1029	1179	151	1	1.62e-69	268
NC_011593.1:c2595355-2593832	NB551033:151:HCYCWBGXB:4:13407:2829:14533#0/2	98.013	151	3	0	834	984	151	1	7.55e-68	263
NC_011593.1:c2595355-2593832	NB551033:151:HCYCWBGXB:4:13407:2829:14533#0/1	98.013	151	3	0	801	951	1	151	7.55e-68	263
NC_011593.1:c2595355-2593832	NB551033:151:HCYCWBGXB:4:23401:16464:2606#0/2	98.000	150	3	0	981	1130	150	1	2.72e-67	261
NC_011593.1:c2595355-2593832	NB551033:151:HCYCWBGXB:4:11611:2270:18399#0/2	98.000	150	3	0	1078	1227	150	1	2.72e-67	261
NC_011593.1:c2595355-2593832	NB551033:151:HCYCWBGXB:2:11306:24366:12552#0/2	98.000	150	3	0	94	243	1	150	2.72e-67	261
NC_011593.1:c2595355-2593832	NB551033:151:HCYCWBGXB:2:11305:12102:6179#0/2	98.000	150	3	0	114	263	150	1	2.72e-67	261
NC_011593.1:c2595355-2593832	NB551033:151:HCYCWBGXB:2:21203:24493:18741#0/1	97.987	149	3	0	530	678	1	149	9.77e-67	259
NC_011593.1:c2595355-2593832	NB551033:151:HCYCWBGXB:3:11511:10437:6402#0/2	97.351	151	4	0	1228	1378	1	151	3.51e-66	257
NC_011593.1:c2595355-2593832	NB551033:151:HCYCWBGXB:3:13401:18656:7718#0/2	97.333	150	4	0	126	275	150	1	1.26e-65	255
NC_011593.1:c2595355-2593832	NB551033:151:HCYCWBGXB:2:13108:3856:18891#0/1	96.689	151	5	0	67	217	151	1	1.63e-64	252
NC_011593.1:c2595355-2593832	NB551033:151:HCYCWBGXB:2:11306:24366:12552#0/1	96.689	151	5	0	186	336	151	1	1.63e-64	252
NC_011593.1:c2595355-2593832	NB551033:151:HCYCWBGXB:4:11611:2270:18399#0/1	99.275	138	1	0	967	1104	1	138	5.88e-64	250
NC_011593.1:c2595355-2593832	NB551033:151:HCYCWBGXB:4:21412:10278:9287#0/2	96.026	151	6	0	680	830	151	1	7.60e-63	246
NC_011593.1:c2595355-2593832	NB551033:151:HCYCWBGXB:4:12603:5298:12723#0/2	96.026	151	6	0	195	345	151	1	7.60e-63	246
NC_011593.1:c2595355-2593832	NB551033:151:HCYCWBGXB:3:11511:10437:6402#0/1	96.026	151	6	0	1301	1451	151	1	7.60e-63	246
NC_011593.1:c2595355-2593832	NB551033:151:HCYCWBGXB:3:22603:22566:16545#0/2	96.000	150	6	0	429	578	1	150	2.73e-62	244
NC_011593.1:c2595355-2593832	NB551033:151:HCYCWBGXB:3:11405:8630:1534#0/2	96.000	150	6	0	309	458	150	1	2.73e-62	244
NC_011593.1:c2595355-2593832	NB551033:151:HCYCWBGXB:1:21102:3085:10675#0/2	96.000	150	6	0	1286	1435	1	150	2.73e-62	244
NC_011593.1:c2595355-2593832	NB551033:151:HCYCWBGXB:4:23507:8531:10940#0/1	96.599	147	5	0	190	336	1	147	2.73e-62	244
NC_011593.1:c2595355-2593832	NB551033:151:HCYCWBGXB:4:12603:5298:12723#0/1	96.000	150	6	0	194	343	1	150	2.73e-62	244
NC_011593.1:c2595355-2593832	NB551033:151:HCYCWBGXB:3:13401:18656:7718#0/1	96.000	150	6	0	42	191	1	150	2.73e-62	244
NC_011593.1:c2595355-2593832	NB551033:151:HCYCWBGXB:2:21203:24493:18741#0/2	95.364	151	7	0	644	794	151	1	3.54e-61	241
NC_011593.1:c2595355-2593832	NB551033:151:HCYCWBGXB:4:22610:4177:10021#0/1	95.364	151	7	0	406	556	151	1	3.54e-61	241
NC_011593.1:c2595355-2593832	NB551033:151:HCYCWBGXB:3:11405:8630:1534#0/1	95.364	151	7	0	262	412	1	151	3.54e-61	241
NC_011593.1:c2595355-2593832	NB551033:151:HCYCWBGXB:1:12103:25995:15057#0/1	95.364	151	7	0	261	411	1	151	3.54e-61	241
NC_011593.1:c2595355-2593832	NB551033:151:HCYCWBGXB:4:23507:8531:10940#0/2	95.333	150	7	0	258	407	150	1	1.27e-60	239
NC_011593.1:c2595355-2593832	NB551033:151:HCYCWBGXB:4:22610:4177:10021#0/2	95.333	150	7	0	397	546	1	150	1.27e-60	239
NC_011593.1:c2595355-2593832	NB551033:151:HCYCWBGXB:2:22102:3195:16150#0/2	95.918	147	6	0	412	558	151	5	1.27e-60	239
NC_011593.1:c2595355-2593832	NB551033:151:HCYCWBGXB:4:12510:25347:16107#0/1	95.333	150	7	0	403	552	1	150	1.27e-60	239
NC_011593.1:c2595355-2593832	NB551033:151:HCYCWBGXB:1:11105:23245:18638#0/2	95.890	146	6	0	429	574	1	146	4.58e-60	237
NC_011593.1:c2595355-2593832	NB551033:151:HCYCWBGXB:3:22408:6560:6905#0/2	97.080	137	4	0	80	216	137	1	2.13e-58	231
NC_011593.1:c2595355-2593832	NB551033:151:HCYCWBGXB:3:22408:6560:6905#0/1	97.080	137	4	0	80	216	1	137	2.13e-58	231
NC_011593.1:c2595355-2593832	NB551033:151:HCYCWBGXB:3:23602:11454:2882#0/2	99.206	126	1	0	384	509	126	1	2.75e-57	228
NC_011593.1:c2595355-2593832	NB551033:151:HCYCWBGXB:2:11105:18796:9513#0/2	95.588	136	6	0	429	564	136	1	1.66e-54	219
NC_011593.1:c2595355-2593832	NB551033:151:HCYCWBGXB:2:11105:18796:9513#0/1	96.923	130	4	0	429	558	1	130	1.66e-54	219
NC_011593.1:c2595355-2593832	NB551033:151:HCYCWBGXB:3:13502:17853:18115#0/2	97.600	125	3	0	1122	1246	1	125	2.14e-53	215
NC_011593.1:c2595355-2593832	NB551033:151:HCYCWBGXB:3:13502:17853:18115#0/1	97.600	125	3	0	1122	1246	125	1	2.14e-53	215
NC_011593.1:c2595355-2593832	NB551033:151:HCYCWBGXB:4:13612:25846:4190#0/2	95.312	128	6	0	452	579	128	1	4.64e-50	204
NC_011593.1:c2595355-2593832	NB551033:151:HCYCWBGXB:1:21102:3085:10675#0/1	97.436	117	3	0	1354	1470	151	35	6.00e-49	200
NC_011593.1:c2595355-2593832	NB551033:151:HCYCWBGXB:4:13409:8318:14893#0/1	97.345	113	3	0	124	236	113	1	1.00e-46	193
NC_011593.1:c2595355-2593832	NB551033:151:HCYCWBGXB:3:11401:13118:1397#0/1	96.491	114	4	0	717	830	1	114	1.30e-45	189
NC_011593.1:c2595355-2593832	NB551033:151:HCYCWBGXB:4:12601:3486:5982#0/1	97.222	108	3	0	1363	1470	1	108	6.05e-44	183
NC_011593.1:c2595355-2593832	NB551033:151:HCYCWBGXB:4:13612:25846:4190#0/1	96.262	107	4	0	452	558	1	107	1.01e-41	176
NC_011593.1:c2595355-2593832	NB551033:151:HCYCWBGXB:3:21408:11370:3487#0/2	97.087	103	3	0	1368	1470	113	11	3.64e-41	174
NC_011593.1:c2595355-2593832	NB551033:151:HCYCWBGXB:3:21408:11370:3487#0/1	97.087	103	3	0	1368	1470	1	103	3.64e-41	174
NC_011593.1:c2595355-2593832	NB551033:151:HCYCWBGXB:4:13404:9197:12781#0/2	96.154	104	4	0	727	830	1	104	4.71e-40	171
NC_011593.1:c2595355-2593832	NB551033:151:HCYCWBGXB:1:21201:20699:15303#0/1	97.030	101	3	0	1268	1368	1	101	4.71e-40	171
NC_011593.1:c2595355-2593832	NB551033:151:HCYCWBGXB:3:22505:24961:3272#0/2	96.667	90	3	0	64	153	90	1	6.13e-34	150
NC_011593.1:c2595355-2593832	NB551033:151:HCYCWBGXB:3:13509:4668:12639#0/2	95.699	93	4	0	707	799	1	93	6.13e-34	150
NC_011593.1:c2595355-2593832	NB551033:151:HCYCWBGXB:3:22505:24961:3272#0/1	96.667	90	3	0	64	153	1	90	6.13e-34	150
NC_011593.1:c2595355-2593832	NB551033:151:HCYCWBGXB:4:23602:3972:4638#0/2	98.765	81	1	0	94	174	1	81	2.85e-32	145
NC_011593.1:c2595355-2593832	NB551033:151:HCYCWBGXB:4:23602:3972:4638#0/1	98.765	81	1	0	94	174	81	1	2.85e-32	145
NC_011593.1:c2595355-2593832	NB551033:151:HCYCWBGXB:2:12305:10607:8954#0/2	96.386	83	3	0	427	509	83	1	4.77e-30	137
NC_011593.1:c2595355-2593832	NB551033:151:HCYCWBGXB:2:12305:10607:8954#0/1	96.386	83	3	0	427	509	1	83	4.77e-30	137
NC_011593.1:c2595355-2593832	NB551033:151:HCYCWBGXB:3:11407:18591:1110#0/1	96.341	82	3	0	477	558	1	82	1.72e-29	135
NC_011593.1:c2595355-2593832	NB551033:151:HCYCWBGXB:4:12612:15278:2957#0/2	98.361	61	1	0	1410	1470	1	61	3.74e-21	108
NC_011593.1:c2595355-2593832	NB551033:151:HCYCWBGXB:3:12508:9870:15647#0/2	98.305	59	1	0	416	474	60	2	4.84e-20	104
NC_011593.1:c2595355-2593832	NB551033:151:HCYCWBGXB:3:12508:9870:15647#0/1	96.774	62	2	0	413	474	1	62	4.84e-20	104
NC_011593.1:c2595355-2593832	NB551033:151:HCYCWBGXB:4:22608:13580:20102#0/2	96.721	61	2	0	1120	1180	61	1	1.74e-19	102
NC_011593.1:c2595355-2593832	NB551033:151:HCYCWBGXB:4:22608:13580:20102#0/1	95.312	64	3	0	1117	1180	2	65	1.74e-19	102
NC_011593.1:c2595355-2593832	NB551033:151:HCYCWBGXB:2:23203:13297:14778#0/1	95.238	63	3	0	732	794	63	1	6.26e-19	100
NC_011593.1:c2595355-2593832	NB551033:151:HCYCWBGXB:4:12601:3486:5982#0/2	98.214	56	1	0	1415	1470	150	95	2.25e-18	99.0
NC_011593.1:c2595355-2593832	NB551033:151:HCYCWBGXB:1:12303:16673:6474#0/1	98.214	56	1	0	503	558	1	56	2.25e-18	99.0
NC_011593.1:c2595355-2593832	NB551033:151:HCYCWBGXB:1:21105:5960:1407#0/2	95.082	61	3	0	377	437	1	61	8.10e-18	97.1
NC_011593.1:c2595355-2593832	NB551033:151:HCYCWBGXB:1:21105:5960:1407#0/1	95.082	61	3	0	377	437	61	1	8.10e-18	97.1
NC_011593.1:c2595355-2593832	NB551033:151:HCYCWBGXB:4:21412:10278:9287#0/1	95.918	49	2	0	521	569	1	49	8.16e-13	80.5
# BLASTN 2.9.0+
# Query: NC_011593.1:c2597106-2595574 Bifidobacterium longum subsp. infantis ATCC 15697, complete genome
# Database: db/blast_M0996-2F-1A_S76.faa
# Fields: query acc.ver, subject acc.ver, % identity, alignment length, mismatches, gap opens, q. start, q. end, s. start, s. end, evalue, bit score
# 19 hits found
NC_011593.1:c2597106-2595574	NB551033:151:HCYCWBGXB:4:22610:4177:10021#0/2	95.804	143	6	0	398	540	2	144	2.14e-58	231
NC_011593.1:c2597106-2595574	NB551033:151:HCYCWBGXB:3:23602:11454:2882#0/2	96.774	124	4	0	386	509	124	1	3.61e-51	207
NC_011593.1:c2597106-2595574	NB551033:151:HCYCWBGXB:2:11105:18796:9513#0/1	95.276	127	6	0	429	555	1	127	1.68e-49	202
NC_011593.1:c2597106-2595574	NB551033:151:HCYCWBGXB:4:12603:5298:12723#0/2	95.000	120	6	0	214	333	132	13	1.31e-45	189
NC_011593.1:c2597106-2595574	NB551033:151:HCYCWBGXB:4:12603:5298:12723#0/1	95.726	117	5	0	214	330	21	137	1.31e-45	189
NC_011593.1:c2597106-2595574	NB551033:151:HCYCWBGXB:2:13311:6317:4280#0/1	95.536	112	5	0	1	112	39	150	7.87e-43	180
NC_011593.1:c2597106-2595574	NB551033:151:HCYCWBGXB:1:13102:20608:16537#0/2	95.283	106	5	0	16	121	1	106	1.70e-39	169
NC_011593.1:c2597106-2595574	NB551033:151:HCYCWBGXB:2:12302:12251:7064#0/1	95.098	102	5	0	1	102	102	1	2.85e-37	161
NC_011593.1:c2597106-2595574	NB551033:151:HCYCWBGXB:2:12305:10607:8954#0/2	97.590	83	2	0	427	509	83	1	1.03e-31	143
NC_011593.1:c2597106-2595574	NB551033:151:HCYCWBGXB:2:12305:10607:8954#0/1	97.590	83	2	0	427	509	1	83	1.03e-31	143
NC_011593.1:c2597106-2595574	NB551033:151:HCYCWBGXB:4:12612:15278:2957#0/2	98.361	61	1	0	1410	1470	1	61	3.77e-21	108
NC_011593.1:c2597106-2595574	NB551033:151:HCYCWBGXB:4:22608:13580:20102#0/2	96.774	62	2	0	1117	1178	64	3	4.87e-20	104
NC_011593.1:c2597106-2595574	NB551033:151:HCYCWBGXB:3:12508:9870:15647#0/2	98.305	59	1	0	416	474	60	2	4.87e-20	104
NC_011593.1:c2597106-2595574	NB551033:151:HCYCWBGXB:4:22608:13580:20102#0/1	98.305	59	1	0	1117	1175	2	60	4.87e-20	104
NC_011593.1:c2597106-2595574	NB551033:151:HCYCWBGXB:3:12508:9870:15647#0/1	96.774	62	2	0	413	474	1	62	4.87e-20	104
NC_011593.1:c2597106-2595574	NB551033:151:HCYCWBGXB:2:13108:3856:18891#0/2	100.000	55	0	0	1	55	96	150	1.75e-19	102
NC_011593.1:c2597106-2595574	NB551033:151:HCYCWBGXB:2:11305:12102:6179#0/1	100.000	55	0	0	1	55	96	150	1.75e-19	102
NC_011593.1:c2597106-2595574	NB551033:151:HCYCWBGXB:4:12601:3486:5982#0/2	98.214	56	1	0	1415	1470	150	95	2.27e-18	99.0
NC_011593.1:c2597106-2595574	NB551033:151:HCYCWBGXB:3:11411:3780:4819#0/2	97.143	35	1	0	154	188	1	35	1.07e-06	60.2
# BLASTN 2.9.0+
# Query: NC_011593.1:c2598562-2597207 Bifidobacterium longum subsp. infantis ATCC 15697, complete genome
# Database: db/blast_M0996-2F-1A_S76.faa
# Fields: query acc.ver, subject acc.ver, % identity, alignment length, mismatches, gap opens, q. start, q. end, s. start, s. end, evalue, bit score
# 71 hits found
NC_011593.1:c2598562-2597207	NB551033:151:HCYCWBGXB:2:22205:15073:2403#0/2	100.000	151	0	0	158	308	1	151	6.65e-73	279
NC_011593.1:c2598562-2597207	NB551033:151:HCYCWBGXB:2:12112:11982:3250#0/2	100.000	151	0	0	716	866	1	151	6.65e-73	279
NC_011593.1:c2598562-2597207	NB551033:151:HCYCWBGXB:1:13304:18444:14094#0/2	100.000	151	0	0	1076	1226	151	1	6.65e-73	279
NC_011593.1:c2598562-2597207	NB551033:151:HCYCWBGXB:2:13312:14988:16275#0/1	100.000	151	0	0	883	1033	1	151	6.65e-73	279
NC_011593.1:c2598562-2597207	NB551033:151:HCYCWBGXB:2:21101:6022:5425#0/2	100.000	150	0	0	353	502	1	150	2.39e-72	278
NC_011593.1:c2598562-2597207	NB551033:151:HCYCWBGXB:1:21311:11884:15526#0/2	100.000	150	0	0	838	987	1	150	2.39e-72	278
NC_011593.1:c2598562-2597207	NB551033:151:HCYCWBGXB:1:21204:19547:12641#0/2	100.000	150	0	0	566	715	1	150	2.39e-72	278
NC_011593.1:c2598562-2597207	NB551033:151:HCYCWBGXB:1:13101:3304:3521#0/2	100.000	150	0	0	548	697	150	1	2.39e-72	278
NC_011593.1:c2598562-2597207	NB551033:151:HCYCWBGXB:2:13305:10297:5563#0/1	100.000	150	0	0	521	670	1	150	2.39e-72	278
NC_011593.1:c2598562-2597207	NB551033:151:HCYCWBGXB:2:12112:11982:3250#0/1	100.000	150	0	0	767	916	150	1	2.39e-72	278
NC_011593.1:c2598562-2597207	NB551033:151:HCYCWBGXB:1:13101:3304:3521#0/1	100.000	150	0	0	253	402	1	150	2.39e-72	278
NC_011593.1:c2598562-2597207	NB551033:151:HCYCWBGXB:4:13510:26082:7825#0/2	100.000	149	0	0	171	319	1	149	8.61e-72	276
NC_011593.1:c2598562-2597207	NB551033:151:HCYCWBGXB:3:13412:2862:3283#0/2	100.000	149	0	0	138	286	2	150	8.61e-72	276
NC_011593.1:c2598562-2597207	NB551033:151:HCYCWBGXB:1:11110:10123:19257#0/2	99.333	150	1	0	1101	1250	150	1	1.11e-70	272
NC_011593.1:c2598562-2597207	NB551033:151:HCYCWBGXB:3:23611:10529:18226#0/1	99.333	150	1	0	868	1017	1	150	1.11e-70	272
NC_011593.1:c2598562-2597207	NB551033:151:HCYCWBGXB:2:11102:7707:9924#0/1	100.000	142	0	0	1215	1356	1	142	6.70e-68	263
NC_011593.1:c2598562-2597207	NB551033:151:HCYCWBGXB:4:22601:21008:12523#0/2	100.000	134	0	0	931	1064	1	134	1.88e-63	248
NC_011593.1:c2598562-2597207	NB551033:151:HCYCWBGXB:1:13304:6022:4334#0/1	100.000	133	0	0	539	671	1	133	6.75e-63	246
NC_011593.1:c2598562-2597207	NB551033:151:HCYCWBGXB:3:21612:16002:6343#0/2	100.000	132	0	0	479	610	1	132	2.43e-62	244
NC_011593.1:c2598562-2597207	NB551033:151:HCYCWBGXB:2:13302:12799:1894#0/2	100.000	123	0	0	1145	1267	1	123	2.44e-57	228
NC_011593.1:c2598562-2597207	NB551033:151:HCYCWBGXB:2:13302:12799:1894#0/1	100.000	123	0	0	1145	1267	123	1	2.44e-57	228
NC_011593.1:c2598562-2597207	NB551033:151:HCYCWBGXB:3:21612:16002:6343#0/1	100.000	122	0	0	489	610	122	1	8.79e-57	226
NC_011593.1:c2598562-2597207	NB551033:151:HCYCWBGXB:2:13307:23604:4562#0/2	100.000	120	0	0	1237	1356	1	120	1.14e-55	222
NC_011593.1:c2598562-2597207	NB551033:151:HCYCWBGXB:2:13307:23604:4562#0/1	100.000	114	0	0	1243	1356	149	36	2.46e-52	211
NC_011593.1:c2598562-2597207	NB551033:151:HCYCWBGXB:3:11611:18318:14491#0/1	100.000	113	0	0	952	1064	1	113	8.85e-52	209
NC_011593.1:c2598562-2597207	NB551033:151:HCYCWBGXB:4:13507:19027:10973#0/1	100.000	111	0	0	154	264	1	111	1.15e-50	206
NC_011593.1:c2598562-2597207	NB551033:151:HCYCWBGXB:4:22403:17892:9141#0/2	100.000	110	0	0	955	1064	1	110	4.12e-50	204
NC_011593.1:c2598562-2597207	NB551033:151:HCYCWBGXB:2:11109:23812:3874#0/1	100.000	106	0	0	1144	1249	1	106	6.89e-48	196
NC_011593.1:c2598562-2597207	NB551033:151:HCYCWBGXB:1:13110:2568:18976#0/1	100.000	98	0	0	967	1064	1	98	1.93e-43	182
NC_011593.1:c2598562-2597207	NB551033:151:HCYCWBGXB:4:11511:1738:2776#0/1	100.000	96	0	0	1183	1278	1	96	2.50e-42	178
NC_011593.1:c2598562-2597207	NB551033:151:HCYCWBGXB:1:21111:3667:1863#0/1	100.000	95	0	0	744	838	95	1	8.98e-42	176
NC_011593.1:c2598562-2597207	NB551033:151:HCYCWBGXB:4:11511:1738:2776#0/2	98.936	94	1	0	1185	1278	94	1	1.50e-39	169
NC_011593.1:c2598562-2597207	NB551033:151:HCYCWBGXB:3:22604:17814:2422#0/1	100.000	85	0	0	980	1064	1	85	3.25e-36	158
NC_011593.1:c2598562-2597207	NB551033:151:HCYCWBGXB:4:12402:7307:1445#0/2	100.000	83	0	0	715	797	1	83	4.21e-35	154
NC_011593.1:c2598562-2597207	NB551033:151:HCYCWBGXB:4:12402:7307:1445#0/1	100.000	83	0	0	715	797	83	1	4.21e-35	154
NC_011593.1:c2598562-2597207	NB551033:151:HCYCWBGXB:3:11611:18318:14491#0/2	100.000	82	0	0	983	1064	151	70	1.51e-34	152
NC_011593.1:c2598562-2597207	NB551033:151:HCYCWBGXB:1:13304:6022:4334#0/2	98.824	85	1	0	980	1064	151	67	1.51e-34	152
NC_011593.1:c2598562-2597207	NB551033:151:HCYCWBGXB:4:13510:26082:7825#0/1	100.000	82	0	0	238	319	82	1	1.51e-34	152
NC_011593.1:c2598562-2597207	NB551033:151:HCYCWBGXB:3:21604:4086:19220#0/1	100.000	82	0	0	1063	1144	82	1	1.51e-34	152
NC_011593.1:c2598562-2597207	NB551033:151:HCYCWBGXB:4:23607:10770:10929#0/2	100.000	78	0	0	1215	1292	78	1	2.53e-32	145
NC_011593.1:c2598562-2597207	NB551033:151:HCYCWBGXB:4:23607:10770:10929#0/1	100.000	78	0	0	1215	1292	1	78	2.53e-32	145
NC_011593.1:c2598562-2597207	NB551033:151:HCYCWBGXB:3:23506:10002:17046#0/2	100.000	75	0	0	1218	1292	1	75	1.18e-30	139
NC_011593.1:c2598562-2597207	NB551033:151:HCYCWBGXB:3:11505:8832:13167#0/1	100.000	75	0	0	138	212	75	149	1.18e-30	139
NC_011593.1:c2598562-2597207	NB551033:151:HCYCWBGXB:1:23209:5923:15736#0/2	100.000	72	0	0	563	634	72	1	5.48e-29	134
NC_011593.1:c2598562-2597207	NB551033:151:HCYCWBGXB:3:23506:10002:17046#0/1	100.000	72	0	0	1228	1299	72	1	5.48e-29	134
NC_011593.1:c2598562-2597207	NB551033:151:HCYCWBGXB:1:23209:5923:15736#0/1	100.000	72	0	0	563	634	1	72	5.48e-29	134
NC_011593.1:c2598562-2597207	NB551033:151:HCYCWBGXB:2:11308:4479:6418#0/2	100.000	70	0	0	889	958	1	70	7.09e-28	130
NC_011593.1:c2598562-2597207	NB551033:151:HCYCWBGXB:3:13412:2862:3283#0/1	100.000	70	0	0	232	301	70	1	7.09e-28	130
NC_011593.1:c2598562-2597207	NB551033:151:HCYCWBGXB:2:11308:4479:6418#0/1	100.000	70	0	0	889	958	70	1	7.09e-28	130
NC_011593.1:c2598562-2597207	NB551033:151:HCYCWBGXB:1:22106:24222:20257#0/1	100.000	68	0	0	987	1054	68	1	9.17e-27	126
NC_011593.1:c2598562-2597207	NB551033:151:HCYCWBGXB:1:12306:19902:9415#0/1	100.000	67	0	0	231	297	67	1	3.30e-26	124
NC_011593.1:c2598562-2597207	NB551033:151:HCYCWBGXB:3:22604:17814:2422#0/2	100.000	66	0	0	999	1064	150	85	1.19e-25	122
NC_011593.1:c2598562-2597207	NB551033:151:HCYCWBGXB:3:13402:6253:3190#0/2	98.507	67	1	0	1060	1126	61	127	1.53e-24	119
NC_011593.1:c2598562-2597207	NB551033:151:HCYCWBGXB:3:13402:6253:3190#0/1	100.000	64	0	0	1063	1126	64	1	1.53e-24	119
NC_011593.1:c2598562-2597207	NB551033:151:HCYCWBGXB:1:22106:24222:20257#0/2	100.000	61	0	0	985	1045	1	61	7.14e-23	113
NC_011593.1:c2598562-2597207	NB551033:151:HCYCWBGXB:1:22211:12826:3010#0/2	98.413	63	1	0	1294	1356	150	88	2.57e-22	111
NC_011593.1:c2598562-2597207	NB551033:151:HCYCWBGXB:2:22205:15073:2403#0/1	100.000	57	0	0	281	337	57	1	1.19e-20	106
NC_011593.1:c2598562-2597207	NB551033:151:HCYCWBGXB:1:21311:11884:15526#0/1	100.000	54	0	0	1011	1064	151	98	5.56e-19	100
NC_011593.1:c2598562-2597207	NB551033:151:HCYCWBGXB:1:21204:19547:12641#0/1	100.000	49	0	0	781	829	49	1	3.35e-16	91.6
NC_011593.1:c2598562-2597207	NB551033:151:HCYCWBGXB:4:13507:19027:10973#0/2	100.000	48	0	0	217	264	48	1	1.20e-15	89.8
NC_011593.1:c2598562-2597207	NB551033:151:HCYCWBGXB:3:12410:23694:18173#0/1	97.959	49	1	0	1225	1273	1	49	1.56e-14	86.1
NC_011593.1:c2598562-2597207	NB551033:151:HCYCWBGXB:3:23611:10529:18226#0/2	100.000	43	0	0	1022	1064	150	108	7.24e-13	80.5
NC_011593.1:c2598562-2597207	NB551033:151:HCYCWBGXB:2:13107:8849:15232#0/2	100.000	43	0	0	138	180	43	1	7.24e-13	80.5
NC_011593.1:c2598562-2597207	NB551033:151:HCYCWBGXB:1:21111:3667:1863#0/2	100.000	42	0	0	216	257	1	42	2.61e-12	78.7
NC_011593.1:c2598562-2597207	NB551033:151:HCYCWBGXB:3:11505:8832:13167#0/2	100.000	40	0	0	223	262	40	1	3.37e-11	75.0
NC_011593.1:c2598562-2597207	NB551033:151:HCYCWBGXB:4:22603:21856:9830#0/2	100.000	38	0	0	1319	1356	1	38	4.36e-10	71.3
NC_011593.1:c2598562-2597207	NB551033:151:HCYCWBGXB:4:22611:23720:7260#0/1	100.000	36	0	0	1321	1356	1	36	5.64e-09	67.6
NC_011593.1:c2598562-2597207	NB551033:151:HCYCWBGXB:3:22506:7561:5230#0/1	100.000	36	0	0	229	264	36	1	5.64e-09	67.6
NC_011593.1:c2598562-2597207	NB551033:151:HCYCWBGXB:2:13312:14988:16275#0/2	100.000	35	0	0	1030	1064	85	51	2.03e-08	65.8
NC_011593.1:c2598562-2597207	NB551033:151:HCYCWBGXB:2:13305:10297:5563#0/2	100.000	35	0	0	769	803	35	1	2.03e-08	65.8
NC_011593.1:c2598562-2597207	NB551033:151:HCYCWBGXB:2:21101:6022:5425#0/1	100.000	35	0	0	495	529	35	1	2.03e-08	65.8
# BLASTN 2.9.0+
# Query: NC_011593.1:2598858-2601929 Bifidobacterium longum subsp. infantis ATCC 15697, complete genome
# Database: db/blast_M0996-2F-1A_S76.faa
# Fields: query acc.ver, subject acc.ver, % identity, alignment length, mismatches, gap opens, q. start, q. end, s. start, s. end, evalue, bit score
# 132 hits found
NC_011593.1:2598858-2601929	NB551033:151:HCYCWBGXB:2:13311:12073:1716#0/2	100.000	151	0	0	1860	2010	1	151	1.51e-72	279
NC_011593.1:2598858-2601929	NB551033:151:HCYCWBGXB:4:11404:5618:2829#0/1	100.000	151	0	0	1551	1701	151	1	1.51e-72	279
NC_011593.1:2598858-2601929	NB551033:151:HCYCWBGXB:3:22405:12436:4611#0/2	100.000	150	0	0	1914	2063	1	150	5.42e-72	278
NC_011593.1:2598858-2601929	NB551033:151:HCYCWBGXB:1:22102:4179:18742#0/2	100.000	150	0	0	1946	2095	1	150	5.42e-72	278
NC_011593.1:2598858-2601929	NB551033:151:HCYCWBGXB:1:13110:14873:19065#0/2	100.000	150	0	0	904	1053	150	1	5.42e-72	278
NC_011593.1:2598858-2601929	NB551033:151:HCYCWBGXB:3:23604:18260:2981#0/1	100.000	150	0	0	2182	2331	150	1	5.42e-72	278
NC_011593.1:2598858-2601929	NB551033:151:HCYCWBGXB:3:22405:12436:4611#0/1	100.000	150	0	0	1951	2100	150	1	5.42e-72	278
NC_011593.1:2598858-2601929	NB551033:151:HCYCWBGXB:4:11406:1438:18992#0/2	99.338	151	1	0	2218	2368	1	151	7.02e-71	274
NC_011593.1:2598858-2601929	NB551033:151:HCYCWBGXB:3:21507:6229:11368#0/2	99.338	151	1	0	1492	1642	1	151	7.02e-71	274
NC_011593.1:2598858-2601929	NB551033:151:HCYCWBGXB:2:21305:16648:4383#0/2	99.338	151	1	0	939	1089	151	1	7.02e-71	274
NC_011593.1:2598858-2601929	NB551033:151:HCYCWBGXB:1:23103:22444:3852#0/2	99.338	151	1	0	2392	2542	151	1	7.02e-71	274
NC_011593.1:2598858-2601929	NB551033:151:HCYCWBGXB:1:12301:10950:17932#0/2	99.338	151	1	0	149	299	1	151	7.02e-71	274
NC_011593.1:2598858-2601929	NB551033:151:HCYCWBGXB:3:21507:6229:11368#0/1	99.338	151	1	0	1498	1648	151	1	7.02e-71	274
NC_011593.1:2598858-2601929	NB551033:151:HCYCWBGXB:1:13110:14873:19065#0/1	99.338	151	1	0	690	840	1	151	7.02e-71	274
NC_011593.1:2598858-2601929	NB551033:151:HCYCWBGXB:4:13402:5559:4311#0/2	99.333	150	1	0	124	273	150	1	2.52e-70	272
NC_011593.1:2598858-2601929	NB551033:151:HCYCWBGXB:4:12409:22124:18145#0/1	100.000	147	0	0	175	321	147	1	2.52e-70	272
NC_011593.1:2598858-2601929	NB551033:151:HCYCWBGXB:1:23310:5231:9056#0/1	99.333	150	1	0	2435	2584	1	150	2.52e-70	272
NC_011593.1:2598858-2601929	NB551033:151:HCYCWBGXB:1:23103:22444:3852#0/1	99.333	150	1	0	2218	2367	1	150	2.52e-70	272
NC_011593.1:2598858-2601929	NB551033:151:HCYCWBGXB:1:12101:7574:17520#0/1	99.333	150	1	0	974	1123	1	150	2.52e-70	272
NC_011593.1:2598858-2601929	NB551033:151:HCYCWBGXB:4:21609:16499:4973#0/1	99.329	149	1	0	1012	1160	1	149	9.08e-70	270
NC_011593.1:2598858-2601929	NB551033:151:HCYCWBGXB:4:21609:16499:4973#0/2	98.675	151	2	0	1035	1185	151	1	3.26e-69	268
NC_011593.1:2598858-2601929	NB551033:151:HCYCWBGXB:1:23111:8499:1918#0/2	98.675	151	2	0	1076	1226	1	151	3.26e-69	268
NC_011593.1:2598858-2601929	NB551033:151:HCYCWBGXB:3:22408:21931:13143#0/1	98.675	151	2	0	1367	1517	1	151	3.26e-69	268
NC_011593.1:2598858-2601929	NB551033:151:HCYCWBGXB:2:12205:14001:16920#0/1	98.675	151	2	0	2136	2286	151	1	3.26e-69	268
NC_011593.1:2598858-2601929	NB551033:151:HCYCWBGXB:1:23202:13940:4547#0/1	98.675	151	2	0	1317	1467	151	1	3.26e-69	268
NC_011593.1:2598858-2601929	NB551033:151:HCYCWBGXB:1:13202:15926:16326#0/1	98.675	151	2	0	657	807	151	1	3.26e-69	268
NC_011593.1:2598858-2601929	NB551033:151:HCYCWBGXB:3:11508:18501:11630#0/2	98.667	150	2	0	1626	1775	150	1	1.17e-68	267
NC_011593.1:2598858-2601929	NB551033:151:HCYCWBGXB:2:21105:24929:10128#0/2	98.667	150	2	0	2124	2273	1	150	1.17e-68	267
NC_011593.1:2598858-2601929	NB551033:151:HCYCWBGXB:2:12205:14001:16920#0/2	98.667	150	2	0	2078	2227	1	150	1.17e-68	267
NC_011593.1:2598858-2601929	NB551033:151:HCYCWBGXB:1:23310:5231:9056#0/2	98.667	150	2	0	2499	2648	150	1	1.17e-68	267
NC_011593.1:2598858-2601929	NB551033:151:HCYCWBGXB:1:13202:15926:16326#0/2	98.667	150	2	0	642	791	1	150	1.17e-68	267
NC_011593.1:2598858-2601929	NB551033:151:HCYCWBGXB:1:13112:2352:9501#0/2	98.667	150	2	0	661	810	1	150	1.17e-68	267
NC_011593.1:2598858-2601929	NB551033:151:HCYCWBGXB:4:13402:5559:4311#0/1	98.667	150	2	0	96	245	1	150	1.17e-68	267
NC_011593.1:2598858-2601929	NB551033:151:HCYCWBGXB:2:13311:12073:1716#0/1	98.667	150	2	0	2070	2219	150	1	1.17e-68	267
NC_011593.1:2598858-2601929	NB551033:151:HCYCWBGXB:2:12206:12872:2320#0/1	98.667	150	2	0	2030	2179	1	150	1.17e-68	267
NC_011593.1:2598858-2601929	NB551033:151:HCYCWBGXB:1:23304:22940:1870#0/1	98.667	150	2	0	2864	3013	1	150	1.17e-68	267
NC_011593.1:2598858-2601929	NB551033:151:HCYCWBGXB:1:23102:23438:18594#0/1	98.667	150	2	0	1313	1462	150	1	1.17e-68	267
NC_011593.1:2598858-2601929	NB551033:151:HCYCWBGXB:1:22102:4179:18742#0/1	98.667	150	2	0	2077	2226	150	1	1.17e-68	267
NC_011593.1:2598858-2601929	NB551033:151:HCYCWBGXB:1:12104:10219:5494#0/1	98.667	150	2	0	1731	1880	1	150	1.17e-68	267
NC_011593.1:2598858-2601929	NB551033:151:HCYCWBGXB:3:13401:3025:16840#0/1	98.658	149	2	0	2770	2918	149	1	4.22e-68	265
NC_011593.1:2598858-2601929	NB551033:151:HCYCWBGXB:4:22504:23909:2510#0/2	98.013	151	3	0	71	221	151	1	1.52e-67	263
NC_011593.1:2598858-2601929	NB551033:151:HCYCWBGXB:3:11503:10068:20328#0/2	98.013	151	3	0	1293	1443	151	1	1.52e-67	263
NC_011593.1:2598858-2601929	NB551033:151:HCYCWBGXB:1:12101:7574:17520#0/2	98.013	151	3	0	1197	1347	151	1	1.52e-67	263
NC_011593.1:2598858-2601929	NB551033:151:HCYCWBGXB:4:13511:7306:14424#0/1	98.013	151	3	0	2544	2694	151	1	1.52e-67	263
NC_011593.1:2598858-2601929	NB551033:151:HCYCWBGXB:4:11406:1438:18992#0/1	98.013	151	3	0	2320	2470	151	1	1.52e-67	263
NC_011593.1:2598858-2601929	NB551033:151:HCYCWBGXB:1:22305:7861:8879#0/1	98.013	151	3	0	2465	2615	1	151	1.52e-67	263
NC_011593.1:2598858-2601929	NB551033:151:HCYCWBGXB:4:13511:7306:14424#0/2	98.639	147	2	0	2489	2635	1	147	5.46e-67	261
NC_011593.1:2598858-2601929	NB551033:151:HCYCWBGXB:3:22408:21931:13143#0/2	98.000	150	3	0	1391	1540	150	1	5.46e-67	261
NC_011593.1:2598858-2601929	NB551033:151:HCYCWBGXB:3:13401:3025:16840#0/2	98.000	150	3	0	2682	2831	1	150	5.46e-67	261
NC_011593.1:2598858-2601929	NB551033:151:HCYCWBGXB:1:23202:13940:4547#0/2	98.000	150	3	0	1155	1304	1	150	5.46e-67	261
NC_011593.1:2598858-2601929	NB551033:151:HCYCWBGXB:1:12104:10219:5494#0/2	98.000	150	3	0	2051	2200	150	1	5.46e-67	261
NC_011593.1:2598858-2601929	NB551033:151:HCYCWBGXB:3:22510:9591:14395#0/1	98.000	150	3	0	100	249	1	150	5.46e-67	261
NC_011593.1:2598858-2601929	NB551033:151:HCYCWBGXB:2:21105:24929:10128#0/1	98.000	150	3	0	2320	2469	150	1	5.46e-67	261
NC_011593.1:2598858-2601929	NB551033:151:HCYCWBGXB:1:23111:8499:1918#0/1	98.639	147	2	0	1235	1381	147	1	5.46e-67	261
NC_011593.1:2598858-2601929	NB551033:151:HCYCWBGXB:2:12206:12872:2320#0/2	97.987	149	3	0	2356	2504	149	1	1.96e-66	259
NC_011593.1:2598858-2601929	NB551033:151:HCYCWBGXB:1:22305:7861:8879#0/2	97.987	149	3	0	2546	2694	149	1	1.96e-66	259
NC_011593.1:2598858-2601929	NB551033:151:HCYCWBGXB:1:23102:23438:18594#0/2	97.333	150	4	0	1177	1326	1	150	2.54e-65	255
NC_011593.1:2598858-2601929	NB551033:151:HCYCWBGXB:2:13111:22211:4666#0/2	100.000	137	0	0	905	1041	1	137	9.14e-65	254
NC_011593.1:2598858-2601929	NB551033:151:HCYCWBGXB:3:11508:18501:11630#0/1	100.000	137	0	0	1594	1730	1	137	9.14e-65	254
NC_011593.1:2598858-2601929	NB551033:151:HCYCWBGXB:2:13111:22211:4666#0/1	100.000	137	0	0	905	1041	137	1	9.14e-65	254
NC_011593.1:2598858-2601929	NB551033:151:HCYCWBGXB:3:23604:18260:2981#0/2	100.000	136	0	0	1837	1972	1	136	3.29e-64	252
NC_011593.1:2598858-2601929	NB551033:151:HCYCWBGXB:3:22407:18743:16552#0/2	98.582	141	2	0	2463	2603	141	1	1.18e-63	250
NC_011593.1:2598858-2601929	NB551033:151:HCYCWBGXB:2:21305:16648:4383#0/1	96.667	150	5	0	799	948	1	150	1.18e-63	250
NC_011593.1:2598858-2601929	NB551033:151:HCYCWBGXB:1:23101:14681:18093#0/1	96.667	150	5	0	419	568	1	150	1.18e-63	250
NC_011593.1:2598858-2601929	NB551033:151:HCYCWBGXB:1:12301:10950:17932#0/1	96.667	150	5	0	424	573	150	1	1.18e-63	250
NC_011593.1:2598858-2601929	NB551033:151:HCYCWBGXB:1:23101:14681:18093#0/2	96.026	151	6	0	769	919	151	1	1.53e-62	246
NC_011593.1:2598858-2601929	NB551033:151:HCYCWBGXB:1:21205:13270:3568#0/2	96.026	151	6	0	465	615	1	151	1.53e-62	246
NC_011593.1:2598858-2601929	NB551033:151:HCYCWBGXB:1:13112:2352:9501#0/1	96.622	148	5	0	835	982	148	1	1.53e-62	246
NC_011593.1:2598858-2601929	NB551033:151:HCYCWBGXB:1:21205:13270:3568#0/1	96.000	150	6	0	473	622	150	1	5.50e-62	244
NC_011593.1:2598858-2601929	NB551033:151:HCYCWBGXB:2:21107:2512:11343#0/2	99.242	132	1	0	1693	1824	132	1	2.56e-60	239
NC_011593.1:2598858-2601929	NB551033:151:HCYCWBGXB:2:21107:2512:11343#0/1	99.242	132	1	0	1693	1824	1	132	2.56e-60	239
NC_011593.1:2598858-2601929	NB551033:151:HCYCWBGXB:4:11404:5618:2829#0/2	98.507	134	2	0	1050	1183	1	134	9.21e-60	237
NC_011593.1:2598858-2601929	NB551033:151:HCYCWBGXB:4:12512:17709:15803#0/2	98.473	131	2	0	60	190	1	131	4.28e-58	231
NC_011593.1:2598858-2601929	NB551033:151:HCYCWBGXB:2:12107:1773:16464#0/1	99.219	128	1	0	2595	2722	1	128	4.28e-58	231
NC_011593.1:2598858-2601929	NB551033:151:HCYCWBGXB:2:12101:8855:13648#0/2	98.438	128	2	0	2058	2185	128	1	1.99e-56	226
NC_011593.1:2598858-2601929	NB551033:151:HCYCWBGXB:2:12101:8855:13648#0/1	98.438	128	2	0	2058	2185	1	128	1.99e-56	226
NC_011593.1:2598858-2601929	NB551033:151:HCYCWBGXB:2:23106:5888:10116#0/2	100.000	121	0	0	959	1079	121	1	7.17e-56	224
NC_011593.1:2598858-2601929	NB551033:151:HCYCWBGXB:2:21210:26165:3454#0/2	100.000	121	0	0	1609	1729	121	1	7.17e-56	224
NC_011593.1:2598858-2601929	NB551033:151:HCYCWBGXB:2:23106:5888:10116#0/1	100.000	121	0	0	959	1079	1	121	7.17e-56	224
NC_011593.1:2598858-2601929	NB551033:151:HCYCWBGXB:2:21210:26165:3454#0/1	100.000	121	0	0	1609	1729	1	121	7.17e-56	224
NC_011593.1:2598858-2601929	NB551033:151:HCYCWBGXB:1:13207:22262:4754#0/2	98.374	123	2	0	2529	2651	123	1	1.20e-53	217
NC_011593.1:2598858-2601929	NB551033:151:HCYCWBGXB:4:22504:23909:2510#0/1	98.374	123	2	0	1	123	13	135	1.20e-53	217
NC_011593.1:2598858-2601929	NB551033:151:HCYCWBGXB:4:12512:17709:15803#0/1	98.374	123	2	0	262	384	123	1	1.20e-53	217
NC_011593.1:2598858-2601929	NB551033:151:HCYCWBGXB:1:13207:22262:4754#0/1	98.374	123	2	0	2529	2651	1	123	1.20e-53	217
NC_011593.1:2598858-2601929	NB551033:151:HCYCWBGXB:3:21507:15265:18381#0/2	100.000	116	0	0	1830	1945	116	1	4.31e-53	215
NC_011593.1:2598858-2601929	NB551033:151:HCYCWBGXB:3:21507:15265:18381#0/1	100.000	116	0	0	1830	1945	1	116	4.31e-53	215
NC_011593.1:2598858-2601929	NB551033:151:HCYCWBGXB:3:22407:18743:16552#0/1	100.000	115	0	0	2161	2275	4	118	1.55e-52	213
NC_011593.1:2598858-2601929	NB551033:151:HCYCWBGXB:1:21310:16231:13845#0/2	98.246	114	2	0	2581	2694	114	1	1.21e-48	200
NC_011593.1:2598858-2601929	NB551033:151:HCYCWBGXB:1:12306:6166:3213#0/2	98.246	114	2	0	2539	2652	114	1	1.21e-48	200
NC_011593.1:2598858-2601929	NB551033:151:HCYCWBGXB:1:21310:16231:13845#0/1	98.246	114	2	0	2581	2694	1	114	1.21e-48	200
NC_011593.1:2598858-2601929	NB551033:151:HCYCWBGXB:1:12306:6166:3213#0/1	98.246	114	2	0	2539	2652	1	114	1.21e-48	200
NC_011593.1:2598858-2601929	NB551033:151:HCYCWBGXB:3:12404:5879:10029#0/2	95.763	118	5	0	521	638	118	1	7.27e-46	191
NC_011593.1:2598858-2601929	NB551033:151:HCYCWBGXB:3:12404:5879:10029#0/1	95.763	118	5	0	521	638	1	118	7.27e-46	191
NC_011593.1:2598858-2601929	NB551033:151:HCYCWBGXB:2:12107:1773:16464#0/2	99.048	105	1	0	2871	2975	105	1	2.61e-45	189
NC_011593.1:2598858-2601929	NB551033:151:HCYCWBGXB:3:12501:26519:13251#0/1	98.077	104	2	0	2587	2690	104	1	4.38e-43	182
NC_011593.1:2598858-2601929	NB551033:151:HCYCWBGXB:1:11308:10590:18564#0/2	98.000	100	2	0	451	550	1	100	7.32e-41	174
NC_011593.1:2598858-2601929	NB551033:151:HCYCWBGXB:1:11308:10590:18564#0/1	98.000	100	2	0	451	550	103	4	7.32e-41	174
NC_011593.1:2598858-2601929	NB551033:151:HCYCWBGXB:3:11503:10068:20328#0/1	97.959	98	2	0	1047	1144	1	98	9.47e-40	171
NC_011593.1:2598858-2601929	NB551033:151:HCYCWBGXB:4:11504:26527:13929#0/2	97.938	97	2	0	2883	2979	1	97	3.41e-39	169
NC_011593.1:2598858-2601929	NB551033:151:HCYCWBGXB:4:11504:26527:13929#0/1	97.938	97	2	0	2883	2979	97	1	3.41e-39	169
NC_011593.1:2598858-2601929	NB551033:151:HCYCWBGXB:3:12501:26519:13251#0/2	100.000	87	0	0	2458	2544	1	87	5.70e-37	161
NC_011593.1:2598858-2601929	NB551033:151:HCYCWBGXB:2:22211:17459:7196#0/2	100.000	85	0	0	1645	1729	85	1	7.37e-36	158
NC_011593.1:2598858-2601929	NB551033:151:HCYCWBGXB:1:21206:2378:3885#0/1	98.824	85	1	0	1076	1160	1	85	3.43e-34	152
NC_011593.1:2598858-2601929	NB551033:151:HCYCWBGXB:1:21206:2378:3885#0/2	97.701	87	2	0	1077	1163	87	1	1.23e-33	150
NC_011593.1:2598858-2601929	NB551033:151:HCYCWBGXB:3:22512:22468:12817#0/2	100.000	80	0	0	2484	2563	1	80	4.44e-33	148
NC_011593.1:2598858-2601929	NB551033:151:HCYCWBGXB:3:22512:22468:12817#0/1	100.000	80	0	0	2484	2563	80	1	4.44e-33	148
NC_011593.1:2598858-2601929	NB551033:151:HCYCWBGXB:4:11402:18489:19671#0/2	98.718	78	1	0	580	657	1	78	2.67e-30	139
NC_011593.1:2598858-2601929	NB551033:151:HCYCWBGXB:4:11402:18489:19671#0/1	98.718	78	1	0	580	657	78	1	2.67e-30	139
NC_011593.1:2598858-2601929	NB551033:151:HCYCWBGXB:2:12203:17914:12376#0/2	97.403	77	2	0	1	77	77	1	4.47e-28	132
NC_011593.1:2598858-2601929	NB551033:151:HCYCWBGXB:3:11508:16021:17198#0/2	98.630	73	1	0	680	752	73	1	1.61e-27	130
NC_011593.1:2598858-2601929	NB551033:151:HCYCWBGXB:4:11409:20339:18675#0/2	100.000	62	0	0	799	860	1	62	4.50e-23	115
NC_011593.1:2598858-2601929	NB551033:151:HCYCWBGXB:4:21604:5540:5630#0/2	98.387	62	1	0	86	147	62	1	2.09e-21	110
NC_011593.1:2598858-2601929	NB551033:151:HCYCWBGXB:4:21604:5540:5630#0/1	98.387	62	1	0	86	147	1	62	2.09e-21	110
NC_011593.1:2598858-2601929	NB551033:151:HCYCWBGXB:4:22510:24541:15812#0/2	98.246	57	1	0	1416	1472	2	58	1.26e-18	100
NC_011593.1:2598858-2601929	NB551033:151:HCYCWBGXB:4:22510:24541:15812#0/1	98.246	57	1	0	1416	1472	57	1	1.26e-18	100
NC_011593.1:2598858-2601929	NB551033:151:HCYCWBGXB:2:22304:7044:13804#0/2	98.214	56	1	0	1045	1100	1	56	4.53e-18	99.0
NC_011593.1:2598858-2601929	NB551033:151:HCYCWBGXB:2:22304:7044:13804#0/1	98.214	56	1	0	1045	1100	56	1	4.53e-18	99.0
NC_011593.1:2598858-2601929	NB551033:151:HCYCWBGXB:4:11409:20339:18675#0/1	98.214	56	0	1	806	860	56	1	1.63e-17	97.1
NC_011593.1:2598858-2601929	NB551033:151:HCYCWBGXB:3:11508:16021:17198#0/1	98.113	53	1	0	680	732	1	53	2.11e-16	93.5
NC_011593.1:2598858-2601929	NB551033:151:HCYCWBGXB:2:22307:7295:11895#0/2	98.039	51	1	0	619	669	147	97	2.73e-15	89.8
NC_011593.1:2598858-2601929	NB551033:151:HCYCWBGXB:1:13107:22390:8557#0/2	100.000	47	0	0	2255	2301	1	47	9.81e-15	87.9
NC_011593.1:2598858-2601929	NB551033:151:HCYCWBGXB:1:13107:22390:8557#0/1	100.000	47	0	0	2255	2301	47	1	9.81e-15	87.9
NC_011593.1:2598858-2601929	NB551033:151:HCYCWBGXB:1:21203:15516:2662#0/1	95.745	47	1	1	974	1020	14	59	7.64e-11	75.0
NC_011593.1:2598858-2601929	NB551033:151:HCYCWBGXB:1:11205:9704:16108#0/2	100.000	39	0	0	1593	1631	1	39	2.75e-10	73.1
NC_011593.1:2598858-2601929	NB551033:151:HCYCWBGXB:1:11205:9704:16108#0/1	100.000	39	0	0	1593	1631	39	1	2.75e-10	73.1
NC_011593.1:2598858-2601929	NB551033:151:HCYCWBGXB:1:12111:17228:9276#0/2	95.349	43	2	0	1030	1072	107	149	3.55e-09	69.4
NC_011593.1:2598858-2601929	NB551033:151:HCYCWBGXB:1:11205:21273:16149#0/2	95.349	43	2	0	1030	1072	48	6	3.55e-09	69.4
NC_011593.1:2598858-2601929	NB551033:151:HCYCWBGXB:3:11509:16050:14218#0/2	95.122	41	2	0	985	1025	1	41	4.60e-08	65.8
NC_011593.1:2598858-2601929	NB551033:151:HCYCWBGXB:2:22211:17459:7196#0/1	100.000	34	0	0	1589	1622	1	34	1.65e-07	63.9
NC_011593.1:2598858-2601929	NB551033:151:HCYCWBGXB:3:22510:9591:14395#0/2	100.000	30	0	0	320	349	30	1	2.77e-05	56.5
NC_011593.1:2598858-2601929	NB551033:151:HCYCWBGXB:3:11512:9429:4547#0/1	100.000	28	0	0	1030	1057	117	144	3.58e-04	52.8
NC_011593.1:2598858-2601929	NB551033:151:HCYCWBGXB:2:13107:21573:18677#0/1	100.000	28	0	0	1028	1055	28	1	3.58e-04	52.8
# BLASTN 2.9.0+
# Query: NC_011593.1:c2604454-2602106 Bifidobacterium longum subsp. infantis ATCC 15697, complete genome
# Database: db/blast_M0996-2F-1A_S76.faa
# 0 hits found
# BLASTN 2.9.0+
# Query: NC_011593.1:c2605922-2604486 Bifidobacterium longum subsp. infantis ATCC 15697, complete genome
# Database: db/blast_M0996-2F-1A_S76.faa
# 0 hits found
# BLASTN 2.9.0+
# Query: NC_011593.1:c2606381-2605944 Bifidobacterium longum subsp. infantis ATCC 15697, complete genome
# Database: db/blast_M0996-2F-1A_S76.faa
# 0 hits found
# BLASTN 2.9.0+
# Query: NC_011593.1:c2607314-2606418 Bifidobacterium longum subsp. infantis ATCC 15697, complete genome
# Database: db/blast_M0996-2F-1A_S76.faa
# 0 hits found
# BLASTN 2.9.0+
# Query: NC_011593.1:c2608249-2607458 Bifidobacterium longum subsp. infantis ATCC 15697, complete genome
# Database: db/blast_M0996-2F-1A_S76.faa
# 0 hits found
# BLASTN 2.9.0+
# Query: NC_011593.1:c2609546-2608269 Bifidobacterium longum subsp. infantis ATCC 15697, complete genome
# Database: db/blast_M0996-2F-1A_S76.faa
# Fields: query acc.ver, subject acc.ver, % identity, alignment length, mismatches, gap opens, q. start, q. end, s. start, s. end, evalue, bit score
# 2 hits found
NC_011593.1:c2609546-2608269	NB551033:151:HCYCWBGXB:4:22509:8625:4621#0/1	95.455	66	3	0	279	344	82	17	1.12e-20	106
NC_011593.1:c2609546-2608269	NB551033:151:HCYCWBGXB:4:11609:26003:4352#0/1	97.674	43	1	0	302	344	1	43	3.17e-11	75.0
# BLASTN 2.9.0+
# Query: NC_011593.1:c2610356-2609697 Bifidobacterium longum subsp. infantis ATCC 15697, complete genome
# Database: db/blast_M0996-2F-1A_S76.faa
# 0 hits found
# BLASTN 2.9.0+
# Query: NC_011593.1:c2611458-2610496 Bifidobacterium longum subsp. infantis ATCC 15697, complete genome
# Database: db/blast_M0996-2F-1A_S76.faa
# 0 hits found
# BLASTN 2.9.0+
# Query: NC_011593.1:c2612430-2611477 Bifidobacterium longum subsp. infantis ATCC 15697, complete genome
# Database: db/blast_M0996-2F-1A_S76.faa
# 0 hits found
# BLASTN 2.9.0+
# Query: NC_011593.1:c2614109-2612517 Bifidobacterium longum subsp. infantis ATCC 15697, complete genome
# Database: db/blast_M0996-2F-1A_S76.faa
# 0 hits found
# BLASTN 2.9.0+
# Query: NC_011593.1:c2615274-2614312 Bifidobacterium longum subsp. infantis ATCC 15697, complete genome
# Database: db/blast_M0996-2F-1A_S76.faa
# 0 hits found
# BLASTN 2.9.0+
# Query: NC_011593.1:c2616246-2615293 Bifidobacterium longum subsp. infantis ATCC 15697, complete genome
# Database: db/blast_M0996-2F-1A_S76.faa
# 0 hits found
# BLASTN 2.9.0+
# Query: NC_011593.1:c2617928-2616333 Bifidobacterium longum subsp. infantis ATCC 15697, complete genome
# Database: db/blast_M0996-2F-1A_S76.faa
# 0 hits found
# BLASTN 2.9.0+
# Query: NC_011593.1:c2619247-2618063 Bifidobacterium longum subsp. infantis ATCC 15697, complete genome
# Database: db/blast_M0996-2F-1A_S76.faa
# 0 hits found
# BLASTN 2.9.0+
# Query: NC_011593.1:c2620369-2619413 Bifidobacterium longum subsp. infantis ATCC 15697, complete genome
# Database: db/blast_M0996-2F-1A_S76.faa
# 0 hits found
# BLASTN 2.9.0+
# Query: NC_011593.1:c2622143-2620551 Bifidobacterium longum subsp. infantis ATCC 15697, complete genome
# Database: db/blast_M0996-2F-1A_S76.faa
# 0 hits found
# BLASTN 2.9.0+
# Query: NC_011593.1:c2624124-2622520 Bifidobacterium longum subsp. infantis ATCC 15697, complete genome
# Database: db/blast_M0996-2F-1A_S76.faa
# 0 hits found
# BLASTN 2.9.0+
# Query: NC_011593.1:c2626110-2624512 Bifidobacterium longum subsp. infantis ATCC 15697, complete genome
# Database: db/blast_M0996-2F-1A_S76.faa
# 0 hits found
# BLASTN 2.9.0+
# Query: NC_011593.1:c2626386-2626264 Bifidobacterium longum subsp. infantis ATCC 15697, complete genome
# Database: db/blast_M0996-2F-1A_S76.faa
# 0 hits found
# BLASTN 2.9.0+
# Query: NC_011593.1:c2628158-2626563 Bifidobacterium longum subsp. infantis ATCC 15697, complete genome
# Database: db/blast_M0996-2F-1A_S76.faa
# 0 hits found
# BLASTN 2.9.0+
# Query: NC_011593.1:c2630269-2628314 Bifidobacterium longum subsp. infantis ATCC 15697, complete genome
# Database: db/blast_M0996-2F-1A_S76.faa
# 0 hits found
# BLASTN 2.9.0+
# Query: NC_011593.1:c2631106-2630366 Bifidobacterium longum subsp. infantis ATCC 15697, complete genome
# Database: db/blast_M0996-2F-1A_S76.faa
# 0 hits found
# BLASTN 2.9.0+
# Query: NC_011593.1:c2632432-2631140 Bifidobacterium longum subsp. infantis ATCC 15697, complete genome
# Database: db/blast_M0996-2F-1A_S76.faa
# 0 hits found
# BLASTN 2.9.0+
# Query: NC_011593.1:c2633881-2632562 Bifidobacterium longum subsp. infantis ATCC 15697, complete genome
# Database: db/blast_M0996-2F-1A_S76.faa
# 0 hits found
# BLASTN 2.9.0+
# Query: NC_011593.1:c2634683-2633865 Bifidobacterium longum subsp. infantis ATCC 15697, complete genome
# Database: db/blast_M0996-2F-1A_S76.faa
# 0 hits found
# BLASTN 2.9.0+
# Query: NC_011593.1:c2635627-2634680 Bifidobacterium longum subsp. infantis ATCC 15697, complete genome
# Database: db/blast_M0996-2F-1A_S76.faa
# 0 hits found
# BLASTN 2.9.0+
# Query: NC_011593.1:c2636747-2635629 Bifidobacterium longum subsp. infantis ATCC 15697, complete genome
# Database: db/blast_M0996-2F-1A_S76.faa
# 0 hits found
# BLAST processed 31 queries
