# BLASTN 2.9.0+
# Query: NC_011593.1:c2595355-2593832 Bifidobacterium longum subsp. infantis ATCC 15697, complete genome
# Database: db/blast_M0998-1F-1A_S25.faa
# Fields: query acc.ver, subject acc.ver, % identity, alignment length, mismatches, gap opens, q. start, q. end, s. start, s. end, evalue, bit score
# 42 hits found
NC_011593.1:c2595355-2593832	NB551033:151:HCYCWBGXB:3:12506:21092:3731#0/2	99.333	150	1	0	1016	1165	1	150	1.35e-70	272
NC_011593.1:c2595355-2593832	NB551033:151:HCYCWBGXB:4:12503:7344:17024#0/2	98.675	151	2	0	496	646	1	151	1.74e-69	268
NC_011593.1:c2595355-2593832	NB551033:151:HCYCWBGXB:3:23609:14890:4790#0/2	98.675	151	2	0	1049	1199	151	1	1.74e-69	268
NC_011593.1:c2595355-2593832	NB551033:151:HCYCWBGXB:3:23609:14890:4790#0/1	98.675	151	2	0	1035	1185	1	151	1.74e-69	268
NC_011593.1:c2595355-2593832	NB551033:151:HCYCWBGXB:3:12506:21092:3731#0/1	98.675	151	2	0	1064	1214	151	1	1.74e-69	268
NC_011593.1:c2595355-2593832	NB551033:151:HCYCWBGXB:4:22502:10682:15317#0/1	98.667	150	2	0	1063	1212	1	150	6.26e-69	267
NC_011593.1:c2595355-2593832	NB551033:151:HCYCWBGXB:4:13502:11459:13538#0/1	98.013	151	3	0	702	852	151	1	8.10e-68	263
NC_011593.1:c2595355-2593832	NB551033:151:HCYCWBGXB:2:12301:1077:11732#0/1	98.013	151	3	0	466	616	1	151	8.10e-68	263
NC_011593.1:c2595355-2593832	NB551033:151:HCYCWBGXB:3:23510:18265:3206#0/2	98.000	150	3	0	1092	1241	1	150	2.91e-67	261
NC_011593.1:c2595355-2593832	NB551033:151:HCYCWBGXB:4:12503:7344:17024#0/1	98.000	150	3	0	558	707	150	1	2.91e-67	261
NC_011593.1:c2595355-2593832	NB551033:151:HCYCWBGXB:2:23310:21865:17986#0/1	98.000	150	3	0	768	917	1	150	2.91e-67	261
NC_011593.1:c2595355-2593832	NB551033:151:HCYCWBGXB:4:13603:16220:4611#0/2	97.987	149	3	0	319	467	2	150	1.05e-66	259
NC_011593.1:c2595355-2593832	NB551033:151:HCYCWBGXB:1:22211:7964:15042#0/2	97.987	149	3	0	1190	1338	1	149	1.05e-66	259
NC_011593.1:c2595355-2593832	NB551033:151:HCYCWBGXB:1:13108:8417:15859#0/1	97.351	151	4	0	1311	1461	1	151	3.77e-66	257
NC_011593.1:c2595355-2593832	NB551033:151:HCYCWBGXB:1:21306:20161:8083#0/1	97.333	150	4	0	849	998	1	150	1.35e-65	255
NC_011593.1:c2595355-2593832	NB551033:151:HCYCWBGXB:4:13502:11459:13538#0/2	96.667	150	5	0	609	758	1	150	6.30e-64	250
NC_011593.1:c2595355-2593832	NB551033:151:HCYCWBGXB:1:21306:20161:8083#0/2	97.279	147	4	0	883	1029	147	1	6.30e-64	250
NC_011593.1:c2595355-2593832	NB551033:151:HCYCWBGXB:4:13603:16220:4611#0/1	95.973	149	6	0	661	809	149	1	1.05e-61	243
NC_011593.1:c2595355-2593832	NB551033:151:HCYCWBGXB:2:12301:1077:11732#0/2	95.333	150	7	0	660	809	150	1	1.36e-60	239
NC_011593.1:c2595355-2593832	NB551033:151:HCYCWBGXB:3:11505:25703:18566#0/2	98.374	123	2	0	949	1071	123	1	6.39e-54	217
NC_011593.1:c2595355-2593832	NB551033:151:HCYCWBGXB:3:11505:25703:18566#0/1	98.347	121	2	0	949	1069	1	121	8.27e-53	213
NC_011593.1:c2595355-2593832	NB551033:151:HCYCWBGXB:2:22112:13353:19421#0/1	97.458	118	3	0	1353	1470	1	118	1.79e-49	202
NC_011593.1:c2595355-2593832	NB551033:151:HCYCWBGXB:1:22211:7964:15042#0/1	98.261	115	2	0	1274	1388	115	1	1.79e-49	202
NC_011593.1:c2595355-2593832	NB551033:151:HCYCWBGXB:4:21412:10114:16207#0/2	97.030	101	3	0	318	418	1	101	5.05e-40	171
NC_011593.1:c2595355-2593832	NB551033:151:HCYCWBGXB:4:21412:10114:16207#0/1	97.030	101	3	0	318	418	101	1	5.05e-40	171
NC_011593.1:c2595355-2593832	NB551033:151:HCYCWBGXB:4:11601:22163:9792#0/2	97.917	96	2	0	924	1019	96	1	6.53e-39	167
NC_011593.1:c2595355-2593832	NB551033:151:HCYCWBGXB:4:11601:22163:9792#0/1	97.917	96	2	0	924	1019	1	96	6.53e-39	167
NC_011593.1:c2595355-2593832	NB551033:151:HCYCWBGXB:2:22112:13353:19421#0/2	96.939	98	3	0	1373	1470	149	52	2.35e-38	165
NC_011593.1:c2595355-2593832	NB551033:151:HCYCWBGXB:2:12302:26609:11723#0/1	96.875	96	3	0	466	561	1	96	3.04e-37	161
NC_011593.1:c2595355-2593832	NB551033:151:HCYCWBGXB:4:11406:20532:5529#0/2	96.739	92	3	0	161	252	92	1	5.08e-35	154
NC_011593.1:c2595355-2593832	NB551033:151:HCYCWBGXB:2:21309:16058:8245#0/2	96.703	91	3	0	1380	1470	1	91	1.83e-34	152
NC_011593.1:c2595355-2593832	NB551033:151:HCYCWBGXB:2:11304:17009:14931#0/2	96.703	91	3	0	1380	1470	1	91	1.83e-34	152
NC_011593.1:c2595355-2593832	NB551033:151:HCYCWBGXB:2:12302:26609:11723#0/2	96.629	89	3	0	721	809	89	1	2.37e-33	148
NC_011593.1:c2595355-2593832	NB551033:151:HCYCWBGXB:3:23510:18265:3206#0/1	97.674	86	2	0	1275	1360	86	1	2.37e-33	148
NC_011593.1:c2595355-2593832	NB551033:151:HCYCWBGXB:2:11304:17009:14931#0/1	96.591	88	3	0	1383	1470	90	3	8.51e-33	147
NC_011593.1:c2595355-2593832	NB551033:151:HCYCWBGXB:2:23310:21865:17986#0/2	97.468	79	2	0	962	1040	79	1	1.84e-29	135
NC_011593.1:c2595355-2593832	NB551033:151:HCYCWBGXB:4:21403:13687:15012#0/2	98.667	75	1	0	1191	1265	1	75	6.62e-29	134
NC_011593.1:c2595355-2593832	NB551033:151:HCYCWBGXB:4:21403:13687:15012#0/1	98.667	75	1	0	1191	1265	75	1	6.62e-29	134
NC_011593.1:c2595355-2593832	NB551033:151:HCYCWBGXB:1:22107:11950:12799#0/2	97.368	76	2	0	944	1019	1	76	8.57e-28	130
NC_011593.1:c2595355-2593832	NB551033:151:HCYCWBGXB:3:11412:18145:15731#0/1	97.368	76	2	0	1395	1470	1	76	8.57e-28	130
NC_011593.1:c2595355-2593832	NB551033:151:HCYCWBGXB:1:22107:11950:12799#0/1	97.368	76	2	0	944	1019	76	1	8.57e-28	130
NC_011593.1:c2595355-2593832	NB551033:151:HCYCWBGXB:4:12504:25530:7739#0/2	97.297	37	1	0	1434	1470	52	16	8.81e-08	63.9
# BLASTN 2.9.0+
# Query: NC_011593.1:c2597106-2595574 Bifidobacterium longum subsp. infantis ATCC 15697, complete genome
# Database: db/blast_M0998-1F-1A_S25.faa
# Fields: query acc.ver, subject acc.ver, % identity, alignment length, mismatches, gap opens, q. start, q. end, s. start, s. end, evalue, bit score
# 3 hits found
NC_011593.1:c2597106-2595574	NB551033:151:HCYCWBGXB:3:11412:18145:15731#0/1	97.368	76	2	0	1395	1470	1	76	8.62e-28	130
NC_011593.1:c2597106-2595574	NB551033:151:HCYCWBGXB:4:13603:8152:13971#0/1	100.000	55	0	0	1	55	55	1	1.88e-19	102
NC_011593.1:c2597106-2595574	NB551033:151:HCYCWBGXB:4:12504:25530:7739#0/2	97.297	37	1	0	1434	1470	52	16	8.87e-08	63.9
# BLASTN 2.9.0+
# Query: NC_011593.1:c2598562-2597207 Bifidobacterium longum subsp. infantis ATCC 15697, complete genome
# Database: db/blast_M0998-1F-1A_S25.faa
# Fields: query acc.ver, subject acc.ver, % identity, alignment length, mismatches, gap opens, q. start, q. end, s. start, s. end, evalue, bit score
# 140 hits found
NC_011593.1:c2598562-2597207	NB551033:151:HCYCWBGXB:4:21403:7817:1999#0/2	100.000	151	0	0	698	848	1	151	7.14e-73	279
NC_011593.1:c2598562-2597207	NB551033:151:HCYCWBGXB:4:11404:4176:13256#0/2	100.000	151	0	0	335	485	151	1	7.14e-73	279
NC_011593.1:c2598562-2597207	NB551033:151:HCYCWBGXB:2:22208:6938:18575#0/2	100.000	151	0	0	867	1017	151	1	7.14e-73	279
NC_011593.1:c2598562-2597207	NB551033:151:HCYCWBGXB:2:13309:15501:18643#0/2	100.000	151	0	0	547	697	1	151	7.14e-73	279
NC_011593.1:c2598562-2597207	NB551033:151:HCYCWBGXB:2:11309:3336:3528#0/2	100.000	151	0	0	522	672	151	1	7.14e-73	279
NC_011593.1:c2598562-2597207	NB551033:151:HCYCWBGXB:1:22310:16199:10896#0/2	100.000	151	0	0	562	712	1	151	7.14e-73	279
NC_011593.1:c2598562-2597207	NB551033:151:HCYCWBGXB:1:21201:19037:2978#0/2	100.000	151	0	0	773	923	151	1	7.14e-73	279
NC_011593.1:c2598562-2597207	NB551033:151:HCYCWBGXB:4:22405:23675:13159#0/1	100.000	151	0	0	764	914	1	151	7.14e-73	279
NC_011593.1:c2598562-2597207	NB551033:151:HCYCWBGXB:2:13309:15501:18643#0/1	100.000	151	0	0	605	755	151	1	7.14e-73	279
NC_011593.1:c2598562-2597207	NB551033:151:HCYCWBGXB:2:12211:11039:17619#0/1	100.000	151	0	0	693	843	1	151	7.14e-73	279
NC_011593.1:c2598562-2597207	NB551033:151:HCYCWBGXB:2:11309:3336:3528#0/1	100.000	151	0	0	254	404	1	151	7.14e-73	279
NC_011593.1:c2598562-2597207	NB551033:151:HCYCWBGXB:1:23201:24236:11137#0/1	100.000	151	0	0	908	1058	1	151	7.14e-73	279
NC_011593.1:c2598562-2597207	NB551033:151:HCYCWBGXB:1:11109:21756:10182#0/1	100.000	151	0	0	211	361	1	151	7.14e-73	279
NC_011593.1:c2598562-2597207	NB551033:151:HCYCWBGXB:4:11502:2692:10531#0/2	100.000	150	0	0	1074	1223	150	1	2.57e-72	278
NC_011593.1:c2598562-2597207	NB551033:151:HCYCWBGXB:2:22106:2535:3666#0/2	100.000	150	0	0	1074	1223	150	1	2.57e-72	278
NC_011593.1:c2598562-2597207	NB551033:151:HCYCWBGXB:1:23109:18163:17616#0/2	100.000	150	0	0	1063	1212	1	150	2.57e-72	278
NC_011593.1:c2598562-2597207	NB551033:151:HCYCWBGXB:1:13109:22695:3331#0/2	100.000	150	0	0	789	938	1	150	2.57e-72	278
NC_011593.1:c2598562-2597207	NB551033:151:HCYCWBGXB:1:13108:15562:14386#0/2	100.000	150	0	0	915	1064	1	150	2.57e-72	278
NC_011593.1:c2598562-2597207	NB551033:151:HCYCWBGXB:4:23601:5569:9183#0/1	100.000	150	0	0	735	884	150	1	2.57e-72	278
NC_011593.1:c2598562-2597207	NB551033:151:HCYCWBGXB:4:22509:21252:13263#0/1	100.000	150	0	0	767	916	150	1	2.57e-72	278
NC_011593.1:c2598562-2597207	NB551033:151:HCYCWBGXB:4:21501:21278:14577#0/1	100.000	150	0	0	1136	1285	1	150	2.57e-72	278
NC_011593.1:c2598562-2597207	NB551033:151:HCYCWBGXB:4:11509:20527:11184#0/1	100.000	150	0	0	767	916	150	1	2.57e-72	278
NC_011593.1:c2598562-2597207	NB551033:151:HCYCWBGXB:4:11404:4176:13256#0/1	100.000	150	0	0	287	436	1	150	2.57e-72	278
NC_011593.1:c2598562-2597207	NB551033:151:HCYCWBGXB:3:22410:18061:14430#0/1	100.000	150	0	0	593	742	150	1	2.57e-72	278
NC_011593.1:c2598562-2597207	NB551033:151:HCYCWBGXB:2:23110:6513:14511#0/1	100.000	150	0	0	766	915	150	1	2.57e-72	278
NC_011593.1:c2598562-2597207	NB551033:151:HCYCWBGXB:1:23109:18163:17616#0/1	100.000	150	0	0	1091	1240	150	1	2.57e-72	278
NC_011593.1:c2598562-2597207	NB551033:151:HCYCWBGXB:1:22310:16199:10896#0/1	100.000	150	0	0	758	907	150	1	2.57e-72	278
NC_011593.1:c2598562-2597207	NB551033:151:HCYCWBGXB:1:22207:20599:17530#0/1	100.000	150	0	0	736	885	150	1	2.57e-72	278
NC_011593.1:c2598562-2597207	NB551033:151:HCYCWBGXB:1:21201:19037:2978#0/1	100.000	150	0	0	555	704	1	150	2.57e-72	278
NC_011593.1:c2598562-2597207	NB551033:151:HCYCWBGXB:2:12211:11039:17619#0/2	100.000	149	0	0	735	883	149	1	9.23e-72	276
NC_011593.1:c2598562-2597207	NB551033:151:HCYCWBGXB:4:23601:5569:9183#0/2	99.338	151	1	0	600	750	1	151	3.32e-71	274
NC_011593.1:c2598562-2597207	NB551033:151:HCYCWBGXB:1:22207:20599:17530#0/2	99.338	151	1	0	600	750	1	151	3.32e-71	274
NC_011593.1:c2598562-2597207	NB551033:151:HCYCWBGXB:2:22208:6938:18575#0/1	99.338	151	1	0	656	806	1	151	3.32e-71	274
NC_011593.1:c2598562-2597207	NB551033:151:HCYCWBGXB:4:22509:21252:13263#0/2	100.000	147	0	0	533	679	1	147	1.19e-70	272
NC_011593.1:c2598562-2597207	NB551033:151:HCYCWBGXB:4:11509:20527:11184#0/2	99.333	150	1	0	613	762	1	150	1.19e-70	272
NC_011593.1:c2598562-2597207	NB551033:151:HCYCWBGXB:3:22410:18061:14430#0/2	99.333	150	1	0	477	626	1	150	1.19e-70	272
NC_011593.1:c2598562-2597207	NB551033:151:HCYCWBGXB:4:21403:7817:1999#0/1	99.333	150	1	0	819	968	150	1	1.19e-70	272
NC_011593.1:c2598562-2597207	NB551033:151:HCYCWBGXB:4:12507:6000:1969#0/1	99.333	150	1	0	372	521	1	150	1.19e-70	272
NC_011593.1:c2598562-2597207	NB551033:151:HCYCWBGXB:3:22407:22267:18891#0/1	100.000	147	0	0	298	444	1	147	1.19e-70	272
NC_011593.1:c2598562-2597207	NB551033:151:HCYCWBGXB:2:11107:9039:12948#0/1	100.000	147	0	0	1060	1206	147	1	1.19e-70	272
NC_011593.1:c2598562-2597207	NB551033:151:HCYCWBGXB:4:23508:19344:15610#0/2	99.320	147	1	0	1073	1219	147	1	5.56e-69	267
NC_011593.1:c2598562-2597207	NB551033:151:HCYCWBGXB:2:11107:9039:12948#0/2	100.000	144	0	0	1060	1203	8	151	5.56e-69	267
NC_011593.1:c2598562-2597207	NB551033:151:HCYCWBGXB:4:12507:6000:1969#0/2	98.658	149	2	0	649	797	149	1	2.00e-68	265
NC_011593.1:c2598562-2597207	NB551033:151:HCYCWBGXB:3:21409:11748:1757#0/2	100.000	142	0	0	750	891	142	1	7.19e-68	263
NC_011593.1:c2598562-2597207	NB551033:151:HCYCWBGXB:4:22511:11581:12025#0/2	97.987	149	3	0	923	1071	149	1	9.30e-67	259
NC_011593.1:c2598562-2597207	NB551033:151:HCYCWBGXB:4:22511:11581:12025#0/1	97.351	151	4	0	908	1058	1	151	3.34e-66	257
NC_011593.1:c2598562-2597207	NB551033:151:HCYCWBGXB:4:21502:15340:8514#0/2	100.000	137	0	0	289	425	1	137	4.33e-65	254
NC_011593.1:c2598562-2597207	NB551033:151:HCYCWBGXB:1:21110:19800:16992#0/2	100.000	135	0	0	660	794	135	1	5.60e-64	250
NC_011593.1:c2598562-2597207	NB551033:151:HCYCWBGXB:3:23402:21556:17021#0/1	96.667	150	5	0	826	975	150	1	5.60e-64	250
NC_011593.1:c2598562-2597207	NB551033:151:HCYCWBGXB:2:22211:9871:19234#0/1	100.000	135	0	0	1063	1197	135	1	5.60e-64	250
NC_011593.1:c2598562-2597207	NB551033:151:HCYCWBGXB:2:11304:24876:2321#0/1	100.000	134	0	0	1063	1196	134	1	2.01e-63	248
NC_011593.1:c2598562-2597207	NB551033:151:HCYCWBGXB:1:22101:3236:3304#0/2	100.000	131	0	0	1142	1272	131	1	9.36e-62	243
NC_011593.1:c2598562-2597207	NB551033:151:HCYCWBGXB:2:23110:6513:14511#0/2	100.000	130	0	0	698	827	1	130	3.37e-61	241
NC_011593.1:c2598562-2597207	NB551033:151:HCYCWBGXB:3:23505:3246:4850#0/1	100.000	129	0	0	181	309	1	129	1.21e-60	239
NC_011593.1:c2598562-2597207	NB551033:151:HCYCWBGXB:2:11304:24876:2321#0/2	99.206	126	1	0	1060	1185	25	150	2.62e-57	228
NC_011593.1:c2598562-2597207	NB551033:151:HCYCWBGXB:3:21409:11748:1757#0/1	99.194	124	1	0	645	768	1	124	3.39e-56	224
NC_011593.1:c2598562-2597207	NB551033:151:HCYCWBGXB:4:23410:6952:3935#0/2	99.167	120	1	0	641	760	120	1	5.67e-54	217
NC_011593.1:c2598562-2597207	NB551033:151:HCYCWBGXB:3:22602:19199:2431#0/2	100.000	117	0	0	1136	1252	1	117	5.67e-54	217
NC_011593.1:c2598562-2597207	NB551033:151:HCYCWBGXB:4:23410:6952:3935#0/1	99.167	120	1	0	641	760	1	120	5.67e-54	217
NC_011593.1:c2598562-2597207	NB551033:151:HCYCWBGXB:4:21502:15340:8514#0/1	100.000	117	0	0	309	425	117	1	5.67e-54	217
NC_011593.1:c2598562-2597207	NB551033:151:HCYCWBGXB:1:21110:19800:16992#0/1	100.000	115	0	0	138	252	37	151	7.34e-53	213
NC_011593.1:c2598562-2597207	NB551033:151:HCYCWBGXB:3:11501:3288:6007#0/2	96.124	129	5	0	1028	1156	1	129	2.64e-52	211
NC_011593.1:c2598562-2597207	NB551033:151:HCYCWBGXB:1:13109:22695:3331#0/1	98.333	120	2	0	945	1064	150	31	2.64e-52	211
NC_011593.1:c2598562-2597207	NB551033:151:HCYCWBGXB:2:23109:7397:15600#0/1	99.138	116	1	0	1	116	116	1	9.50e-52	209
NC_011593.1:c2598562-2597207	NB551033:151:HCYCWBGXB:1:23312:10009:18513#0/1	100.000	109	0	0	950	1058	1	109	1.59e-49	202
NC_011593.1:c2598562-2597207	NB551033:151:HCYCWBGXB:3:23402:21556:17021#0/2	96.667	120	4	0	808	927	31	150	5.72e-49	200
NC_011593.1:c2598562-2597207	NB551033:151:HCYCWBGXB:4:13405:12952:3217#0/1	100.000	108	0	0	1249	1356	28	135	5.72e-49	200
NC_011593.1:c2598562-2597207	NB551033:151:HCYCWBGXB:4:21505:25488:5033#0/2	100.000	105	0	0	960	1064	1	105	2.66e-47	195
NC_011593.1:c2598562-2597207	NB551033:151:HCYCWBGXB:4:21505:25488:5033#0/1	100.000	105	0	0	960	1064	111	7	2.66e-47	195
NC_011593.1:c2598562-2597207	NB551033:151:HCYCWBGXB:3:22407:22267:18891#0/2	99.065	107	1	0	359	465	107	1	9.56e-47	193
NC_011593.1:c2598562-2597207	NB551033:151:HCYCWBGXB:4:21402:16780:15899#0/2	97.321	112	3	0	908	1019	1	112	3.44e-46	191
NC_011593.1:c2598562-2597207	NB551033:151:HCYCWBGXB:4:21402:16780:15899#0/1	97.321	112	3	0	908	1019	112	1	3.44e-46	191
NC_011593.1:c2598562-2597207	NB551033:151:HCYCWBGXB:1:22202:12610:2499#0/2	100.000	101	0	0	393	493	101	1	4.45e-45	187
NC_011593.1:c2598562-2597207	NB551033:151:HCYCWBGXB:2:13108:5835:10663#0/1	100.000	101	0	0	1	101	101	1	4.45e-45	187
NC_011593.1:c2598562-2597207	NB551033:151:HCYCWBGXB:1:12106:11428:17608#0/1	100.000	99	0	0	1144	1242	1	99	5.76e-44	183
NC_011593.1:c2598562-2597207	NB551033:151:HCYCWBGXB:4:22405:23675:13159#0/2	98.077	104	2	0	961	1064	150	47	2.07e-43	182
NC_011593.1:c2598562-2597207	NB551033:151:HCYCWBGXB:1:23211:22931:7880#0/2	100.000	98	0	0	967	1064	129	32	2.07e-43	182
NC_011593.1:c2598562-2597207	NB551033:151:HCYCWBGXB:4:23410:3764:10708#0/2	100.000	92	0	0	967	1058	1	92	4.48e-40	171
NC_011593.1:c2598562-2597207	NB551033:151:HCYCWBGXB:4:23410:3764:10708#0/1	97.959	98	2	0	967	1064	105	8	4.48e-40	171
NC_011593.1:c2598562-2597207	NB551033:151:HCYCWBGXB:1:23312:10009:18513#0/2	97.938	97	2	0	968	1064	151	55	1.61e-39	169
NC_011593.1:c2598562-2597207	NB551033:151:HCYCWBGXB:1:23304:7119:2002#0/2	100.000	91	0	0	211	301	91	1	1.61e-39	169
NC_011593.1:c2598562-2597207	NB551033:151:HCYCWBGXB:3:23402:23674:2411#0/1	100.000	91	0	0	569	659	1	91	1.61e-39	169
NC_011593.1:c2598562-2597207	NB551033:151:HCYCWBGXB:3:11611:5626:5522#0/1	100.000	91	0	0	138	228	60	150	1.61e-39	169
NC_011593.1:c2598562-2597207	NB551033:151:HCYCWBGXB:1:23304:7119:2002#0/1	100.000	91	0	0	211	301	1	91	1.61e-39	169
NC_011593.1:c2598562-2597207	NB551033:151:HCYCWBGXB:3:23402:23674:2411#0/2	98.925	93	1	0	570	662	93	1	5.80e-39	167
NC_011593.1:c2598562-2597207	NB551033:151:HCYCWBGXB:3:12602:11458:4014#0/2	100.000	87	0	0	223	309	87	1	2.70e-37	161
NC_011593.1:c2598562-2597207	NB551033:151:HCYCWBGXB:1:13208:16811:2853#0/2	100.000	84	0	0	689	772	1	84	1.25e-35	156
NC_011593.1:c2598562-2597207	NB551033:151:HCYCWBGXB:1:13208:16811:2853#0/1	100.000	84	0	0	689	772	84	1	1.25e-35	156
NC_011593.1:c2598562-2597207	NB551033:151:HCYCWBGXB:2:12103:8611:15788#0/2	100.000	80	0	0	752	831	80	1	2.10e-33	148
NC_011593.1:c2598562-2597207	NB551033:151:HCYCWBGXB:2:12103:8611:15788#0/1	100.000	80	0	0	752	831	1	80	2.10e-33	148
NC_011593.1:c2598562-2597207	NB551033:151:HCYCWBGXB:3:23505:3246:4850#0/2	100.000	79	0	0	231	309	79	1	7.55e-33	147
NC_011593.1:c2598562-2597207	NB551033:151:HCYCWBGXB:2:23302:6186:7853#0/1	100.000	79	0	0	1249	1327	28	106	7.55e-33	147
NC_011593.1:c2598562-2597207	NB551033:151:HCYCWBGXB:2:21210:8585:1450#0/2	100.000	77	0	0	1	77	9	85	9.77e-32	143
NC_011593.1:c2598562-2597207	NB551033:151:HCYCWBGXB:2:21210:8585:1450#0/1	100.000	77	0	0	1	77	77	1	9.77e-32	143
NC_011593.1:c2598562-2597207	NB551033:151:HCYCWBGXB:2:12103:22771:20225#0/2	97.561	82	2	0	980	1061	82	1	3.51e-31	141
NC_011593.1:c2598562-2597207	NB551033:151:HCYCWBGXB:2:12103:22771:20225#0/1	97.561	82	2	0	980	1061	1	82	3.51e-31	141
NC_011593.1:c2598562-2597207	NB551033:151:HCYCWBGXB:1:11109:21756:10182#0/2	98.701	77	1	0	496	572	77	1	4.54e-30	137
NC_011593.1:c2598562-2597207	NB551033:151:HCYCWBGXB:3:11611:5626:5522#0/2	98.684	76	1	0	204	279	76	1	1.63e-29	135
NC_011593.1:c2598562-2597207	NB551033:151:HCYCWBGXB:4:21501:26440:10857#0/2	100.000	71	0	0	967	1037	1	71	2.11e-28	132
NC_011593.1:c2598562-2597207	NB551033:151:HCYCWBGXB:4:21501:26440:10857#0/1	100.000	71	0	0	967	1037	71	1	2.11e-28	132
NC_011593.1:c2598562-2597207	NB551033:151:HCYCWBGXB:3:23401:15189:18511#0/2	98.630	73	1	0	1284	1356	1	73	7.61e-28	130
NC_011593.1:c2598562-2597207	NB551033:151:HCYCWBGXB:4:21405:6925:12177#0/2	100.000	67	0	0	1065	1131	83	149	3.54e-26	124
NC_011593.1:c2598562-2597207	NB551033:151:HCYCWBGXB:2:21304:12719:10495#0/2	100.000	67	0	0	904	970	67	1	3.54e-26	124
NC_011593.1:c2598562-2597207	NB551033:151:HCYCWBGXB:2:21304:12719:10495#0/1	100.000	67	0	0	904	970	1	67	3.54e-26	124
NC_011593.1:c2598562-2597207	NB551033:151:HCYCWBGXB:2:12109:16167:19637#0/2	100.000	64	0	0	709	772	1	64	1.65e-24	119
NC_011593.1:c2598562-2597207	NB551033:151:HCYCWBGXB:1:11111:25659:17497#0/1	100.000	64	0	0	1063	1126	64	1	1.65e-24	119
NC_011593.1:c2598562-2597207	NB551033:151:HCYCWBGXB:4:13402:16014:4005#0/2	100.000	60	0	0	1249	1308	60	1	2.75e-22	111
NC_011593.1:c2598562-2597207	NB551033:151:HCYCWBGXB:3:11510:1172:14477#0/2	100.000	60	0	0	1060	1119	10	69	2.75e-22	111
NC_011593.1:c2598562-2597207	NB551033:151:HCYCWBGXB:3:11509:26656:14477#0/2	100.000	60	0	0	1060	1119	10	69	2.75e-22	111
NC_011593.1:c2598562-2597207	NB551033:151:HCYCWBGXB:3:11510:1172:14477#0/1	100.000	60	0	0	1060	1119	60	1	2.75e-22	111
NC_011593.1:c2598562-2597207	NB551033:151:HCYCWBGXB:3:11509:26656:14477#0/1	100.000	60	0	0	1060	1119	60	1	2.75e-22	111
NC_011593.1:c2598562-2597207	NB551033:151:HCYCWBGXB:1:23211:22931:7880#0/1	100.000	60	0	0	967	1026	1	60	2.75e-22	111
NC_011593.1:c2598562-2597207	NB551033:151:HCYCWBGXB:3:12406:24310:20375#0/2	100.000	59	0	0	1298	1356	60	2	9.91e-22	110
NC_011593.1:c2598562-2597207	NB551033:151:HCYCWBGXB:2:23302:6186:7853#0/2	100.000	59	0	0	1271	1329	59	1	9.91e-22	110
NC_011593.1:c2598562-2597207	NB551033:151:HCYCWBGXB:4:13501:10400:19028#0/1	100.000	59	0	0	1	59	59	1	9.91e-22	110
NC_011593.1:c2598562-2597207	NB551033:151:HCYCWBGXB:2:22106:2535:3666#0/1	98.333	60	1	0	1060	1119	89	148	1.28e-20	106
NC_011593.1:c2598562-2597207	NB551033:151:HCYCWBGXB:2:12109:16167:19637#0/1	100.000	56	0	0	748	803	56	1	4.61e-20	104
NC_011593.1:c2598562-2597207	NB551033:151:HCYCWBGXB:4:21612:19741:18748#0/2	100.000	55	0	0	904	958	1	55	1.66e-19	102
NC_011593.1:c2598562-2597207	NB551033:151:HCYCWBGXB:1:23108:17623:2018#0/2	100.000	55	0	0	1010	1064	97	43	1.66e-19	102
NC_011593.1:c2598562-2597207	NB551033:151:HCYCWBGXB:4:21612:19741:18748#0/1	100.000	55	0	0	904	958	55	1	1.66e-19	102
NC_011593.1:c2598562-2597207	NB551033:151:HCYCWBGXB:1:23108:17623:2018#0/1	100.000	55	0	0	1010	1064	1	55	1.66e-19	102
NC_011593.1:c2598562-2597207	NB551033:151:HCYCWBGXB:1:13108:15562:14386#0/1	100.000	54	0	0	1011	1064	150	97	5.96e-19	100
NC_011593.1:c2598562-2597207	NB551033:151:HCYCWBGXB:4:13407:13128:12721#0/2	98.182	55	1	0	458	512	1	55	7.71e-18	97.1
NC_011593.1:c2598562-2597207	NB551033:151:HCYCWBGXB:4:13407:13128:12721#0/1	98.182	55	1	0	458	512	55	1	7.71e-18	97.1
NC_011593.1:c2598562-2597207	NB551033:151:HCYCWBGXB:3:21405:15769:4293#0/1	100.000	50	0	0	319	368	50	1	9.98e-17	93.5
NC_011593.1:c2598562-2597207	NB551033:151:HCYCWBGXB:4:23507:10342:16349#0/1	98.077	52	1	0	1305	1356	1	52	3.59e-16	91.6
NC_011593.1:c2598562-2597207	NB551033:151:HCYCWBGXB:4:11402:25155:19015#0/1	100.000	47	0	0	495	541	47	1	4.64e-15	87.9
NC_011593.1:c2598562-2597207	NB551033:151:HCYCWBGXB:1:22202:12610:2499#0/1	100.000	47	0	0	138	184	105	151	4.64e-15	87.9
NC_011593.1:c2598562-2597207	NB551033:151:HCYCWBGXB:3:12512:13083:3020#0/1	100.000	46	0	0	1063	1108	46	1	1.67e-14	86.1
NC_011593.1:c2598562-2597207	NB551033:151:HCYCWBGXB:3:11412:9775:15310#0/1	100.000	41	0	0	1063	1103	41	1	1.00e-11	76.8
NC_011593.1:c2598562-2597207	NB551033:151:HCYCWBGXB:2:12110:23687:14554#0/1	100.000	41	0	0	1104	1144	41	1	1.00e-11	76.8
NC_011593.1:c2598562-2597207	NB551033:151:HCYCWBGXB:4:11402:25155:19015#0/2	97.674	43	1	0	439	481	1	43	3.61e-11	75.0
NC_011593.1:c2598562-2597207	NB551033:151:HCYCWBGXB:3:11403:4561:9436#0/2	100.000	38	0	0	1215	1252	1	38	4.68e-10	71.3
NC_011593.1:c2598562-2597207	NB551033:151:HCYCWBGXB:3:11403:4561:9436#0/1	100.000	37	0	0	1216	1252	53	17	1.68e-09	69.4
NC_011593.1:c2598562-2597207	NB551033:151:HCYCWBGXB:1:22109:6264:10515#0/1	100.000	35	0	0	1024	1058	1	35	2.18e-08	65.8
NC_011593.1:c2598562-2597207	NB551033:151:HCYCWBGXB:2:23203:15157:4686#0/2	97.297	37	1	0	429	465	36	72	7.82e-08	63.9
NC_011593.1:c2598562-2597207	NB551033:151:HCYCWBGXB:2:23203:15157:4686#0/1	97.297	37	1	0	429	465	37	1	7.82e-08	63.9
NC_011593.1:c2598562-2597207	NB551033:151:HCYCWBGXB:4:21501:21278:14577#0/2	100.000	33	0	0	1324	1356	151	119	2.81e-07	62.1
NC_011593.1:c2598562-2597207	NB551033:151:HCYCWBGXB:4:13512:7393:14068#0/2	100.000	29	0	0	1	29	29	1	4.71e-05	54.7
NC_011593.1:c2598562-2597207	NB551033:151:HCYCWBGXB:3:13606:12346:2294#0/2	100.000	28	0	0	1225	1252	1	28	1.69e-04	52.8
# BLASTN 2.9.0+
# Query: NC_011593.1:2598858-2601929 Bifidobacterium longum subsp. infantis ATCC 15697, complete genome
# Database: db/blast_M0998-1F-1A_S25.faa
# Fields: query acc.ver, subject acc.ver, % identity, alignment length, mismatches, gap opens, q. start, q. end, s. start, s. end, evalue, bit score
# 136 hits found
NC_011593.1:2598858-2601929	NB551033:151:HCYCWBGXB:4:11411:24908:11386#0/1	100.000	151	0	0	1721	1871	1	151	1.62e-72	279
NC_011593.1:2598858-2601929	NB551033:151:HCYCWBGXB:2:11307:15006:1916#0/1	100.000	149	0	0	1581	1729	1	149	2.09e-71	276
NC_011593.1:2598858-2601929	NB551033:151:HCYCWBGXB:4:22412:5636:1523#0/2	99.338	151	1	0	976	1126	1	151	7.53e-71	274
NC_011593.1:2598858-2601929	NB551033:151:HCYCWBGXB:4:13412:25326:1075#0/2	99.338	151	1	0	1872	2022	1	151	7.53e-71	274
NC_011593.1:2598858-2601929	NB551033:151:HCYCWBGXB:4:11602:7333:4606#0/2	99.338	151	1	0	1721	1871	1	151	7.53e-71	274
NC_011593.1:2598858-2601929	NB551033:151:HCYCWBGXB:1:12106:12395:19498#0/2	99.338	151	1	0	272	422	151	1	7.53e-71	274
NC_011593.1:2598858-2601929	NB551033:151:HCYCWBGXB:4:12411:14353:14280#0/1	99.338	151	1	0	965	1115	151	1	7.53e-71	274
NC_011593.1:2598858-2601929	NB551033:151:HCYCWBGXB:2:13212:15837:8706#0/1	99.338	151	1	0	117	267	151	1	7.53e-71	274
NC_011593.1:2598858-2601929	NB551033:151:HCYCWBGXB:4:11411:24908:11386#0/2	99.333	150	1	0	1772	1921	150	1	2.71e-70	272
NC_011593.1:2598858-2601929	NB551033:151:HCYCWBGXB:3:12509:5302:7332#0/2	99.333	150	1	0	237	386	1	150	2.71e-70	272
NC_011593.1:2598858-2601929	NB551033:151:HCYCWBGXB:2:13308:7356:15017#0/2	99.333	150	1	0	955	1104	150	1	2.71e-70	272
NC_011593.1:2598858-2601929	NB551033:151:HCYCWBGXB:1:23306:16421:13510#0/2	99.333	150	1	0	1830	1979	1	150	2.71e-70	272
NC_011593.1:2598858-2601929	NB551033:151:HCYCWBGXB:4:22403:25031:16308#0/1	99.333	150	1	0	1858	2007	1	150	2.71e-70	272
NC_011593.1:2598858-2601929	NB551033:151:HCYCWBGXB:1:23306:16421:13510#0/1	99.329	149	1	0	2007	2155	149	1	9.74e-70	270
NC_011593.1:2598858-2601929	NB551033:151:HCYCWBGXB:4:22401:15068:4297#0/2	98.675	151	2	0	1481	1631	151	1	3.50e-69	268
NC_011593.1:2598858-2601929	NB551033:151:HCYCWBGXB:4:21412:9541:4204#0/2	98.675	151	2	0	2873	3023	151	1	3.50e-69	268
NC_011593.1:2598858-2601929	NB551033:151:HCYCWBGXB:2:23211:8978:14791#0/2	99.324	148	1	0	2211	2358	1	148	3.50e-69	268
NC_011593.1:2598858-2601929	NB551033:151:HCYCWBGXB:4:22412:5636:1523#0/1	98.675	151	2	0	1239	1389	151	1	3.50e-69	268
NC_011593.1:2598858-2601929	NB551033:151:HCYCWBGXB:1:12106:12395:19498#0/1	98.675	151	2	0	60	210	1	151	3.50e-69	268
NC_011593.1:2598858-2601929	NB551033:151:HCYCWBGXB:4:22503:16251:4826#0/2	98.667	150	2	0	1384	1533	150	1	1.26e-68	267
NC_011593.1:2598858-2601929	NB551033:151:HCYCWBGXB:4:12502:23752:7869#0/2	98.667	150	2	0	682	831	1	150	1.26e-68	267
NC_011593.1:2598858-2601929	NB551033:151:HCYCWBGXB:2:13212:15837:8706#0/2	98.667	150	2	0	92	241	1	150	1.26e-68	267
NC_011593.1:2598858-2601929	NB551033:151:HCYCWBGXB:1:21312:13279:3241#0/2	98.667	150	2	0	1529	1678	150	1	1.26e-68	267
NC_011593.1:2598858-2601929	NB551033:151:HCYCWBGXB:4:11411:5110:15858#0/1	98.667	150	2	0	2147	2296	1	150	1.26e-68	267
NC_011593.1:2598858-2601929	NB551033:151:HCYCWBGXB:3:22405:5993:3098#0/1	98.667	150	2	0	659	808	1	150	1.26e-68	267
NC_011593.1:2598858-2601929	NB551033:151:HCYCWBGXB:3:13402:18557:7567#0/1	98.667	150	2	0	1363	1512	150	1	1.26e-68	267
NC_011593.1:2598858-2601929	NB551033:151:HCYCWBGXB:3:12412:10557:13148#0/1	98.667	150	2	0	1045	1194	1	150	1.26e-68	267
NC_011593.1:2598858-2601929	NB551033:151:HCYCWBGXB:2:23211:8978:14791#0/1	98.667	150	2	0	2509	2658	150	1	1.26e-68	267
NC_011593.1:2598858-2601929	NB551033:151:HCYCWBGXB:1:11210:26250:15967#0/2	100.000	143	0	0	1623	1765	1	143	4.53e-68	265
NC_011593.1:2598858-2601929	NB551033:151:HCYCWBGXB:4:22401:15068:4297#0/1	98.658	149	2	0	1480	1628	2	150	4.53e-68	265
NC_011593.1:2598858-2601929	NB551033:151:HCYCWBGXB:4:12504:13711:14852#0/2	98.013	151	3	0	1295	1445	151	1	1.63e-67	263
NC_011593.1:2598858-2601929	NB551033:151:HCYCWBGXB:1:21105:13575:7990#0/2	98.013	151	3	0	735	885	151	1	1.63e-67	263
NC_011593.1:2598858-2601929	NB551033:151:HCYCWBGXB:1:12111:6179:8179#0/2	98.013	151	3	0	1047	1197	1	151	1.63e-67	263
NC_011593.1:2598858-2601929	NB551033:151:HCYCWBGXB:4:21504:4906:16414#0/1	98.013	151	3	0	2316	2466	151	1	1.63e-67	263
NC_011593.1:2598858-2601929	NB551033:151:HCYCWBGXB:4:13412:25326:1075#0/1	98.013	151	3	0	2069	2219	151	1	1.63e-67	263
NC_011593.1:2598858-2601929	NB551033:151:HCYCWBGXB:4:12504:13711:14852#0/1	98.013	151	3	0	1287	1437	1	151	1.63e-67	263
NC_011593.1:2598858-2601929	NB551033:151:HCYCWBGXB:3:23604:14390:6186#0/1	98.013	151	3	0	553	703	151	1	1.63e-67	263
NC_011593.1:2598858-2601929	NB551033:151:HCYCWBGXB:3:12411:3830:8629#0/1	98.013	151	3	0	2372	2522	151	1	1.63e-67	263
NC_011593.1:2598858-2601929	NB551033:151:HCYCWBGXB:3:11402:26008:10215#0/1	98.013	151	3	0	2540	2690	151	1	1.63e-67	263
NC_011593.1:2598858-2601929	NB551033:151:HCYCWBGXB:1:21312:13279:3241#0/1	98.013	151	3	0	1337	1487	1	151	1.63e-67	263
NC_011593.1:2598858-2601929	NB551033:151:HCYCWBGXB:1:12111:6179:8179#0/1	98.013	151	3	0	1295	1445	151	1	1.63e-67	263
NC_011593.1:2598858-2601929	NB551033:151:HCYCWBGXB:4:13603:14876:8921#0/2	98.000	150	3	0	2343	2492	150	1	5.86e-67	261
NC_011593.1:2598858-2601929	NB551033:151:HCYCWBGXB:3:13402:18557:7567#0/2	98.000	150	3	0	1349	1498	1	150	5.86e-67	261
NC_011593.1:2598858-2601929	NB551033:151:HCYCWBGXB:3:12412:10557:13148#0/2	98.000	150	3	0	1203	1352	150	1	5.86e-67	261
NC_011593.1:2598858-2601929	NB551033:151:HCYCWBGXB:3:12411:3830:8629#0/2	98.000	150	3	0	2323	2472	1	150	5.86e-67	261
NC_011593.1:2598858-2601929	NB551033:151:HCYCWBGXB:3:11402:26008:10215#0/2	98.000	150	3	0	2539	2688	1	150	5.86e-67	261
NC_011593.1:2598858-2601929	NB551033:151:HCYCWBGXB:4:12502:23752:7869#0/1	98.000	150	3	0	739	888	150	1	5.86e-67	261
NC_011593.1:2598858-2601929	NB551033:151:HCYCWBGXB:4:11602:20138:2680#0/1	98.000	150	3	0	2539	2688	1	150	5.86e-67	261
NC_011593.1:2598858-2601929	NB551033:151:HCYCWBGXB:3:13401:12418:3477#0/1	98.000	150	3	0	1105	1254	150	1	5.86e-67	261
NC_011593.1:2598858-2601929	NB551033:151:HCYCWBGXB:2:13308:7356:15017#0/1	98.000	150	3	0	882	1031	1	150	5.86e-67	261
NC_011593.1:2598858-2601929	NB551033:151:HCYCWBGXB:2:12104:1712:17669#0/1	98.000	150	3	0	1107	1256	1	150	5.86e-67	261
NC_011593.1:2598858-2601929	NB551033:151:HCYCWBGXB:1:21105:13575:7990#0/1	98.000	150	3	0	637	786	1	150	5.86e-67	261
NC_011593.1:2598858-2601929	NB551033:151:HCYCWBGXB:3:12411:12077:5960#0/2	97.987	149	3	0	1050	1198	149	1	2.11e-66	259
NC_011593.1:2598858-2601929	NB551033:151:HCYCWBGXB:2:12104:1712:17669#0/2	97.987	149	3	0	1126	1274	149	1	2.11e-66	259
NC_011593.1:2598858-2601929	NB551033:151:HCYCWBGXB:3:11602:13645:3464#0/1	97.987	149	3	0	398	546	1	149	2.11e-66	259
NC_011593.1:2598858-2601929	NB551033:151:HCYCWBGXB:4:22403:25031:16308#0/2	100.000	139	0	0	1950	2088	139	1	7.58e-66	257
NC_011593.1:2598858-2601929	NB551033:151:HCYCWBGXB:3:13411:18470:3904#0/2	97.351	151	4	0	2288	2438	1	151	7.58e-66	257
NC_011593.1:2598858-2601929	NB551033:151:HCYCWBGXB:2:12207:6329:8833#0/2	98.621	145	2	0	2147	2291	1	145	7.58e-66	257
NC_011593.1:2598858-2601929	NB551033:151:HCYCWBGXB:4:13603:14876:8921#0/1	97.351	151	4	0	2297	2447	1	151	7.58e-66	257
NC_011593.1:2598858-2601929	NB551033:151:HCYCWBGXB:4:13408:3664:15827#0/1	97.973	148	3	0	553	700	4	151	7.58e-66	257
NC_011593.1:2598858-2601929	NB551033:151:HCYCWBGXB:3:13411:18470:3904#0/1	97.351	151	4	0	2297	2447	151	1	7.58e-66	257
NC_011593.1:2598858-2601929	NB551033:151:HCYCWBGXB:3:12411:12077:5960#0/1	97.351	151	4	0	880	1030	1	151	7.58e-66	257
NC_011593.1:2598858-2601929	NB551033:151:HCYCWBGXB:2:12207:6329:8833#0/1	98.621	145	2	0	2147	2291	145	1	7.58e-66	257
NC_011593.1:2598858-2601929	NB551033:151:HCYCWBGXB:4:21504:4906:16414#0/2	97.333	150	4	0	2273	2422	1	150	2.73e-65	255
NC_011593.1:2598858-2601929	NB551033:151:HCYCWBGXB:4:11602:20138:2680#0/2	97.333	150	4	0	2662	2811	150	1	2.73e-65	255
NC_011593.1:2598858-2601929	NB551033:151:HCYCWBGXB:4:11411:5110:15858#0/2	97.333	150	4	0	2618	2767	150	1	2.73e-65	255
NC_011593.1:2598858-2601929	NB551033:151:HCYCWBGXB:3:13606:9689:7207#0/2	97.333	150	4	0	2628	2777	1	150	2.73e-65	255
NC_011593.1:2598858-2601929	NB551033:151:HCYCWBGXB:4:23609:8138:5583#0/1	97.333	150	4	0	2046	2195	1	150	2.73e-65	255
NC_011593.1:2598858-2601929	NB551033:151:HCYCWBGXB:4:22503:16251:4826#0/1	97.333	150	4	0	1229	1378	1	150	2.73e-65	255
NC_011593.1:2598858-2601929	NB551033:151:HCYCWBGXB:3:13606:9689:7207#0/1	97.959	147	3	0	2679	2825	147	1	2.73e-65	255
NC_011593.1:2598858-2601929	NB551033:151:HCYCWBGXB:3:22605:3294:2534#0/2	99.281	139	1	0	2017	2155	1	139	3.53e-64	252
NC_011593.1:2598858-2601929	NB551033:151:HCYCWBGXB:4:13508:9712:6296#0/1	96.689	151	5	0	2624	2774	1	151	3.53e-64	252
NC_011593.1:2598858-2601929	NB551033:151:HCYCWBGXB:4:12505:20522:7107#0/1	97.931	145	3	0	2874	3018	145	1	3.53e-64	252
NC_011593.1:2598858-2601929	NB551033:151:HCYCWBGXB:3:12509:5302:7332#0/1	96.689	151	5	0	540	690	151	1	3.53e-64	252
NC_011593.1:2598858-2601929	NB551033:151:HCYCWBGXB:1:11210:26250:15967#0/1	96.689	151	5	0	2121	2271	151	1	3.53e-64	252
NC_011593.1:2598858-2601929	NB551033:151:HCYCWBGXB:1:11112:1424:4271#0/1	99.281	139	1	0	198	336	139	1	3.53e-64	252
NC_011593.1:2598858-2601929	NB551033:151:HCYCWBGXB:1:11106:13320:15526#0/1	96.689	151	5	0	467	617	151	1	3.53e-64	252
NC_011593.1:2598858-2601929	NB551033:151:HCYCWBGXB:4:13408:3664:15827#0/2	96.667	150	5	0	829	978	150	1	1.27e-63	250
NC_011593.1:2598858-2601929	NB551033:151:HCYCWBGXB:4:12411:14353:14280#0/2	96.667	150	5	0	799	948	1	150	1.27e-63	250
NC_011593.1:2598858-2601929	NB551033:151:HCYCWBGXB:3:22405:5993:3098#0/2	96.667	150	5	0	799	948	150	1	1.27e-63	250
NC_011593.1:2598858-2601929	NB551033:151:HCYCWBGXB:3:11602:13645:3464#0/2	96.667	150	5	0	780	929	150	1	1.27e-63	250
NC_011593.1:2598858-2601929	NB551033:151:HCYCWBGXB:1:11106:13320:15526#0/2	96.667	150	5	0	459	608	1	150	1.27e-63	250
NC_011593.1:2598858-2601929	NB551033:151:HCYCWBGXB:3:23604:14390:6186#0/2	96.000	150	6	0	506	655	1	150	5.90e-62	244
NC_011593.1:2598858-2601929	NB551033:151:HCYCWBGXB:3:13401:12418:3477#0/2	96.000	150	6	0	852	1001	1	150	5.90e-62	244
NC_011593.1:2598858-2601929	NB551033:151:HCYCWBGXB:4:23509:26215:2290#0/1	99.259	135	1	0	288	422	1	135	5.90e-62	244
NC_011593.1:2598858-2601929	NB551033:151:HCYCWBGXB:2:13108:5880:14879#0/2	98.529	136	2	0	65	200	1	136	7.64e-61	241
NC_011593.1:2598858-2601929	NB551033:151:HCYCWBGXB:3:22605:3294:2534#0/1	98.529	136	2	0	2020	2155	136	1	7.64e-61	241
NC_011593.1:2598858-2601929	NB551033:151:HCYCWBGXB:4:12505:20522:7107#0/2	96.528	144	5	0	2539	2682	1	144	2.75e-60	239
NC_011593.1:2598858-2601929	NB551033:151:HCYCWBGXB:2:13108:5880:14879#0/1	98.485	132	2	0	69	200	132	1	1.28e-58	233
NC_011593.1:2598858-2601929	NB551033:151:HCYCWBGXB:1:11306:4574:10689#0/1	100.000	125	0	0	1623	1747	125	1	4.60e-58	231
NC_011593.1:2598858-2601929	NB551033:151:HCYCWBGXB:1:13104:4655:7284#0/2	98.438	128	2	0	1420	1547	1	128	2.14e-56	226
NC_011593.1:2598858-2601929	NB551033:151:HCYCWBGXB:1:13104:4655:7284#0/1	98.438	128	2	0	1420	1547	128	1	2.14e-56	226
NC_011593.1:2598858-2601929	NB551033:151:HCYCWBGXB:4:12510:20646:17955#0/2	98.425	127	2	0	566	692	127	1	7.69e-56	224
NC_011593.1:2598858-2601929	NB551033:151:HCYCWBGXB:4:12510:20646:17955#0/1	98.425	127	2	0	566	692	1	127	7.69e-56	224
NC_011593.1:2598858-2601929	NB551033:151:HCYCWBGXB:4:13508:9712:6296#0/2	97.638	127	3	0	2946	3072	150	24	3.58e-54	219
NC_011593.1:2598858-2601929	NB551033:151:HCYCWBGXB:4:23609:8138:5583#0/2	97.581	124	3	0	2096	2219	124	1	1.66e-52	213
NC_011593.1:2598858-2601929	NB551033:151:HCYCWBGXB:1:23312:11294:13377#0/2	96.032	126	5	0	802	927	1	126	2.79e-50	206
NC_011593.1:2598858-2601929	NB551033:151:HCYCWBGXB:1:23312:11294:13377#0/1	96.032	126	5	0	802	927	126	1	2.79e-50	206
NC_011593.1:2598858-2601929	NB551033:151:HCYCWBGXB:1:11306:4574:10689#0/2	100.000	106	0	0	1623	1728	1	106	1.68e-47	196
NC_011593.1:2598858-2601929	NB551033:151:HCYCWBGXB:3:12412:2033:10978#0/2	100.000	101	0	0	1	101	101	1	1.01e-44	187
NC_011593.1:2598858-2601929	NB551033:151:HCYCWBGXB:2:11209:25981:3527#0/2	99.038	104	1	0	1364	1467	1	104	1.01e-44	187
NC_011593.1:2598858-2601929	NB551033:151:HCYCWBGXB:3:12412:2033:10978#0/1	100.000	101	0	0	1	101	5	105	1.01e-44	187
NC_011593.1:2598858-2601929	NB551033:151:HCYCWBGXB:2:11209:25981:3527#0/1	99.038	104	1	0	1364	1467	104	1	1.01e-44	187
NC_011593.1:2598858-2601929	NB551033:151:HCYCWBGXB:1:21205:7145:8326#0/2	98.969	97	1	0	2864	2960	97	1	7.86e-41	174
NC_011593.1:2598858-2601929	NB551033:151:HCYCWBGXB:1:21205:7145:8326#0/1	98.969	97	1	0	2864	2960	1	97	7.86e-41	174
NC_011593.1:2598858-2601929	NB551033:151:HCYCWBGXB:1:12302:25482:3564#0/2	100.000	92	0	0	2442	2533	1	92	1.02e-39	171
NC_011593.1:2598858-2601929	NB551033:151:HCYCWBGXB:1:11204:25300:12786#0/2	96.939	98	3	0	1477	1574	1	98	4.73e-38	165
NC_011593.1:2598858-2601929	NB551033:151:HCYCWBGXB:1:11204:25300:12786#0/1	97.895	95	2	0	1480	1574	95	1	4.73e-38	165
NC_011593.1:2598858-2601929	NB551033:151:HCYCWBGXB:2:11307:15006:1916#0/2	100.000	88	0	0	1733	1820	88	1	1.70e-37	163
NC_011593.1:2598858-2601929	NB551033:151:HCYCWBGXB:4:11605:11359:16356#0/1	98.889	90	1	0	1839	1928	90	1	6.12e-37	161
NC_011593.1:2598858-2601929	NB551033:151:HCYCWBGXB:2:23302:20564:5697#0/2	98.876	89	1	0	680	768	89	1	2.20e-36	159
NC_011593.1:2598858-2601929	NB551033:151:HCYCWBGXB:2:23302:20564:5697#0/1	98.876	89	1	0	680	768	1	89	2.20e-36	159
NC_011593.1:2598858-2601929	NB551033:151:HCYCWBGXB:4:21412:9541:4204#0/1	98.851	87	1	0	2802	2888	1	87	2.85e-35	156
NC_011593.1:2598858-2601929	NB551033:151:HCYCWBGXB:4:11602:7333:4606#0/1	98.824	85	1	0	1850	1934	85	1	3.68e-34	152
NC_011593.1:2598858-2601929	NB551033:151:HCYCWBGXB:3:22401:12227:13996#0/2	98.765	81	1	0	2605	2685	81	1	6.16e-32	145
NC_011593.1:2598858-2601929	NB551033:151:HCYCWBGXB:1:13102:2724:17269#0/2	100.000	78	0	0	249	326	78	1	6.16e-32	145
NC_011593.1:2598858-2601929	NB551033:151:HCYCWBGXB:3:22401:12227:13996#0/1	98.765	81	1	0	2605	2685	1	81	6.16e-32	145
NC_011593.1:2598858-2601929	NB551033:151:HCYCWBGXB:2:21107:14258:18505#0/2	100.000	76	0	0	974	1049	1	76	7.97e-31	141
NC_011593.1:2598858-2601929	NB551033:151:HCYCWBGXB:2:21107:14258:18505#0/1	100.000	76	0	0	974	1049	76	1	7.97e-31	141
NC_011593.1:2598858-2601929	NB551033:151:HCYCWBGXB:3:11611:16795:18280#0/2	98.718	78	1	0	1406	1483	1	78	2.87e-30	139
NC_011593.1:2598858-2601929	NB551033:151:HCYCWBGXB:3:11611:16795:18280#0/1	98.718	78	1	0	1406	1483	78	1	2.87e-30	139
NC_011593.1:2598858-2601929	NB551033:151:HCYCWBGXB:1:23208:12650:14615#0/2	100.000	70	0	0	784	853	70	1	1.72e-27	130
NC_011593.1:2598858-2601929	NB551033:151:HCYCWBGXB:1:23208:12650:14615#0/1	100.000	70	0	0	784	853	1	70	1.72e-27	130
NC_011593.1:2598858-2601929	NB551033:151:HCYCWBGXB:1:12310:14646:14044#0/2	100.000	59	0	0	1980	2038	1	59	2.25e-21	110
NC_011593.1:2598858-2601929	NB551033:151:HCYCWBGXB:1:12310:14646:14044#0/1	100.000	59	0	0	1980	2038	59	1	2.25e-21	110
NC_011593.1:2598858-2601929	NB551033:151:HCYCWBGXB:3:22501:24054:13908#0/2	100.000	58	0	0	1897	1954	58	1	8.08e-21	108
NC_011593.1:2598858-2601929	NB551033:151:HCYCWBGXB:4:21411:9048:12766#0/1	96.491	57	2	0	3009	3065	1	57	6.29e-17	95.3
NC_011593.1:2598858-2601929	NB551033:151:HCYCWBGXB:2:12112:24702:20214#0/1	100.000	51	0	0	810	860	51	1	6.29e-17	95.3
NC_011593.1:2598858-2601929	NB551033:151:HCYCWBGXB:4:11605:11359:16356#0/2	100.000	50	0	0	1713	1762	1	50	2.26e-16	93.5
NC_011593.1:2598858-2601929	NB551033:151:HCYCWBGXB:2:23307:23191:1761#0/2	96.226	53	2	0	3017	3069	53	1	1.05e-14	87.9
NC_011593.1:2598858-2601929	NB551033:151:HCYCWBGXB:3:22501:24054:13908#0/1	98.000	50	1	0	1893	1942	1	50	1.05e-14	87.9
NC_011593.1:2598858-2601929	NB551033:151:HCYCWBGXB:2:23307:23191:1761#0/1	96.226	53	2	0	3017	3069	1	53	1.05e-14	87.9
NC_011593.1:2598858-2601929	NB551033:151:HCYCWBGXB:2:22207:12383:12144#0/2	97.674	43	1	0	826	868	1	43	8.20e-11	75.0
NC_011593.1:2598858-2601929	NB551033:151:HCYCWBGXB:2:22207:12383:12144#0/1	97.674	43	1	0	826	868	43	1	8.20e-11	75.0
NC_011593.1:2598858-2601929	NB551033:151:HCYCWBGXB:4:11510:15816:4398#0/1	100.000	31	0	0	1	31	31	1	8.26e-06	58.4
NC_011593.1:2598858-2601929	NB551033:151:HCYCWBGXB:3:21612:10660:7985#0/1	100.000	28	0	0	1028	1055	28	1	3.84e-04	52.8
# BLASTN 2.9.0+
# Query: NC_011593.1:c2604454-2602106 Bifidobacterium longum subsp. infantis ATCC 15697, complete genome
# Database: db/blast_M0998-1F-1A_S25.faa
# 0 hits found
# BLASTN 2.9.0+
# Query: NC_011593.1:c2605922-2604486 Bifidobacterium longum subsp. infantis ATCC 15697, complete genome
# Database: db/blast_M0998-1F-1A_S25.faa
# 0 hits found
# BLASTN 2.9.0+
# Query: NC_011593.1:c2606381-2605944 Bifidobacterium longum subsp. infantis ATCC 15697, complete genome
# Database: db/blast_M0998-1F-1A_S25.faa
# 0 hits found
# BLASTN 2.9.0+
# Query: NC_011593.1:c2607314-2606418 Bifidobacterium longum subsp. infantis ATCC 15697, complete genome
# Database: db/blast_M0998-1F-1A_S25.faa
# 0 hits found
# BLASTN 2.9.0+
# Query: NC_011593.1:c2608249-2607458 Bifidobacterium longum subsp. infantis ATCC 15697, complete genome
# Database: db/blast_M0998-1F-1A_S25.faa
# 0 hits found
# BLASTN 2.9.0+
# Query: NC_011593.1:c2609546-2608269 Bifidobacterium longum subsp. infantis ATCC 15697, complete genome
# Database: db/blast_M0998-1F-1A_S25.faa
# Fields: query acc.ver, subject acc.ver, % identity, alignment length, mismatches, gap opens, q. start, q. end, s. start, s. end, evalue, bit score
# 3 hits found
NC_011593.1:c2609546-2608269	NB551033:151:HCYCWBGXB:2:11210:12571:14125#0/2	95.455	66	3	0	279	344	145	80	1.21e-20	106
NC_011593.1:c2609546-2608269	NB551033:151:HCYCWBGXB:4:11404:25598:14877#0/1	98.305	59	1	0	286	344	1	59	4.34e-20	104
NC_011593.1:c2609546-2608269	NB551033:151:HCYCWBGXB:2:22306:2476:16285#0/1	98.214	56	1	0	289	344	151	96	2.02e-18	99.0
# BLASTN 2.9.0+
# Query: NC_011593.1:c2610356-2609697 Bifidobacterium longum subsp. infantis ATCC 15697, complete genome
# Database: db/blast_M0998-1F-1A_S25.faa
# 0 hits found
# BLASTN 2.9.0+
# Query: NC_011593.1:c2611458-2610496 Bifidobacterium longum subsp. infantis ATCC 15697, complete genome
# Database: db/blast_M0998-1F-1A_S25.faa
# 0 hits found
# BLASTN 2.9.0+
# Query: NC_011593.1:c2612430-2611477 Bifidobacterium longum subsp. infantis ATCC 15697, complete genome
# Database: db/blast_M0998-1F-1A_S25.faa
# 0 hits found
# BLASTN 2.9.0+
# Query: NC_011593.1:c2614109-2612517 Bifidobacterium longum subsp. infantis ATCC 15697, complete genome
# Database: db/blast_M0998-1F-1A_S25.faa
# 0 hits found
# BLASTN 2.9.0+
# Query: NC_011593.1:c2615274-2614312 Bifidobacterium longum subsp. infantis ATCC 15697, complete genome
# Database: db/blast_M0998-1F-1A_S25.faa
# 0 hits found
# BLASTN 2.9.0+
# Query: NC_011593.1:c2616246-2615293 Bifidobacterium longum subsp. infantis ATCC 15697, complete genome
# Database: db/blast_M0998-1F-1A_S25.faa
# 0 hits found
# BLASTN 2.9.0+
# Query: NC_011593.1:c2617928-2616333 Bifidobacterium longum subsp. infantis ATCC 15697, complete genome
# Database: db/blast_M0998-1F-1A_S25.faa
# 0 hits found
# BLASTN 2.9.0+
# Query: NC_011593.1:c2619247-2618063 Bifidobacterium longum subsp. infantis ATCC 15697, complete genome
# Database: db/blast_M0998-1F-1A_S25.faa
# 0 hits found
# BLASTN 2.9.0+
# Query: NC_011593.1:c2620369-2619413 Bifidobacterium longum subsp. infantis ATCC 15697, complete genome
# Database: db/blast_M0998-1F-1A_S25.faa
# 0 hits found
# BLASTN 2.9.0+
# Query: NC_011593.1:c2622143-2620551 Bifidobacterium longum subsp. infantis ATCC 15697, complete genome
# Database: db/blast_M0998-1F-1A_S25.faa
# 0 hits found
# BLASTN 2.9.0+
# Query: NC_011593.1:c2624124-2622520 Bifidobacterium longum subsp. infantis ATCC 15697, complete genome
# Database: db/blast_M0998-1F-1A_S25.faa
# 0 hits found
# BLASTN 2.9.0+
# Query: NC_011593.1:c2626110-2624512 Bifidobacterium longum subsp. infantis ATCC 15697, complete genome
# Database: db/blast_M0998-1F-1A_S25.faa
# 0 hits found
# BLASTN 2.9.0+
# Query: NC_011593.1:c2626386-2626264 Bifidobacterium longum subsp. infantis ATCC 15697, complete genome
# Database: db/blast_M0998-1F-1A_S25.faa
# 0 hits found
# BLASTN 2.9.0+
# Query: NC_011593.1:c2628158-2626563 Bifidobacterium longum subsp. infantis ATCC 15697, complete genome
# Database: db/blast_M0998-1F-1A_S25.faa
# 0 hits found
# BLASTN 2.9.0+
# Query: NC_011593.1:c2630269-2628314 Bifidobacterium longum subsp. infantis ATCC 15697, complete genome
# Database: db/blast_M0998-1F-1A_S25.faa
# 0 hits found
# BLASTN 2.9.0+
# Query: NC_011593.1:c2631106-2630366 Bifidobacterium longum subsp. infantis ATCC 15697, complete genome
# Database: db/blast_M0998-1F-1A_S25.faa
# 0 hits found
# BLASTN 2.9.0+
# Query: NC_011593.1:c2632432-2631140 Bifidobacterium longum subsp. infantis ATCC 15697, complete genome
# Database: db/blast_M0998-1F-1A_S25.faa
# 0 hits found
# BLASTN 2.9.0+
# Query: NC_011593.1:c2633881-2632562 Bifidobacterium longum subsp. infantis ATCC 15697, complete genome
# Database: db/blast_M0998-1F-1A_S25.faa
# 0 hits found
# BLASTN 2.9.0+
# Query: NC_011593.1:c2634683-2633865 Bifidobacterium longum subsp. infantis ATCC 15697, complete genome
# Database: db/blast_M0998-1F-1A_S25.faa
# 0 hits found
# BLASTN 2.9.0+
# Query: NC_011593.1:c2635627-2634680 Bifidobacterium longum subsp. infantis ATCC 15697, complete genome
# Database: db/blast_M0998-1F-1A_S25.faa
# 0 hits found
# BLASTN 2.9.0+
# Query: NC_011593.1:c2636747-2635629 Bifidobacterium longum subsp. infantis ATCC 15697, complete genome
# Database: db/blast_M0998-1F-1A_S25.faa
# 0 hits found
# BLAST processed 31 queries
