# BLASTN 2.9.0+
# Query: NC_011593.1:c2595355-2593832 Bifidobacterium longum subsp. infantis ATCC 15697, complete genome
# Database: db/blast_M1015-1F-1A_S45.faa
# Fields: query acc.ver, subject acc.ver, % identity, alignment length, mismatches, gap opens, q. start, q. end, s. start, s. end, evalue, bit score
# 140 hits found
NC_011593.1:c2595355-2593832	NB551033:151:HCYCWBGXB:1:13102:15363:11527#0/2	99.338	151	1	0	727	877	1	151	3.57e-71	274
NC_011593.1:c2595355-2593832	NB551033:151:HCYCWBGXB:1:13108:24306:1130#0/1	99.338	151	1	0	356	506	1	151	3.57e-71	274
NC_011593.1:c2595355-2593832	NB551033:151:HCYCWBGXB:2:12311:5169:14595#0/2	99.333	150	1	0	365	514	150	1	1.28e-70	272
NC_011593.1:c2595355-2593832	NB551033:151:HCYCWBGXB:2:11305:14614:3681#0/2	99.333	150	1	0	989	1138	150	1	1.28e-70	272
NC_011593.1:c2595355-2593832	NB551033:151:HCYCWBGXB:1:22303:10490:17738#0/1	99.333	150	1	0	949	1098	150	1	1.28e-70	272
NC_011593.1:c2595355-2593832	NB551033:151:HCYCWBGXB:4:21411:21003:2859#0/1	99.329	149	1	0	732	880	1	149	4.62e-70	270
NC_011593.1:c2595355-2593832	NB551033:151:HCYCWBGXB:4:23502:9049:14794#0/2	98.675	151	2	0	479	629	151	1	1.66e-69	268
NC_011593.1:c2595355-2593832	NB551033:151:HCYCWBGXB:4:21411:21003:2859#0/2	98.675	151	2	0	744	894	151	1	1.66e-69	268
NC_011593.1:c2595355-2593832	NB551033:151:HCYCWBGXB:1:12211:8412:8686#0/1	98.675	151	2	0	369	519	151	1	1.66e-69	268
NC_011593.1:c2595355-2593832	NB551033:151:HCYCWBGXB:2:21211:8110:3377#0/2	98.667	150	2	0	429	578	1	150	5.97e-69	267
NC_011593.1:c2595355-2593832	NB551033:151:HCYCWBGXB:4:23502:9049:14794#0/1	98.667	150	2	0	429	578	1	150	5.97e-69	267
NC_011593.1:c2595355-2593832	NB551033:151:HCYCWBGXB:2:21211:8110:3377#0/1	98.667	150	2	0	460	609	150	1	5.97e-69	267
NC_011593.1:c2595355-2593832	NB551033:151:HCYCWBGXB:1:13110:26163:14625#0/1	98.667	150	2	0	501	650	1	150	5.97e-69	267
NC_011593.1:c2595355-2593832	NB551033:151:HCYCWBGXB:3:21501:26013:16805#0/1	98.658	149	2	0	971	1119	1	149	2.15e-68	265
NC_011593.1:c2595355-2593832	NB551033:151:HCYCWBGXB:2:11305:19557:15003#0/1	98.658	149	2	0	530	678	1	149	2.15e-68	265
NC_011593.1:c2595355-2593832	NB551033:151:HCYCWBGXB:4:12404:12079:18696#0/2	98.013	151	3	0	347	497	1	151	7.72e-68	263
NC_011593.1:c2595355-2593832	NB551033:151:HCYCWBGXB:4:11412:22109:11547#0/2	98.013	151	3	0	705	855	151	1	7.72e-68	263
NC_011593.1:c2595355-2593832	NB551033:151:HCYCWBGXB:3:12410:21617:2666#0/1	98.013	151	3	0	807	957	151	1	7.72e-68	263
NC_011593.1:c2595355-2593832	NB551033:151:HCYCWBGXB:3:11608:23430:11595#0/1	98.013	151	3	0	1115	1265	151	1	7.72e-68	263
NC_011593.1:c2595355-2593832	NB551033:151:HCYCWBGXB:2:11305:14614:3681#0/1	98.013	151	3	0	801	951	1	151	7.72e-68	263
NC_011593.1:c2595355-2593832	NB551033:151:HCYCWBGXB:3:21501:26013:16805#0/2	98.000	150	3	0	1035	1184	150	1	2.78e-67	261
NC_011593.1:c2595355-2593832	NB551033:151:HCYCWBGXB:3:21401:17148:8761#0/2	98.000	150	3	0	975	1124	150	1	2.78e-67	261
NC_011593.1:c2595355-2593832	NB551033:151:HCYCWBGXB:3:12410:21617:2666#0/2	98.000	150	3	0	768	917	1	150	2.78e-67	261
NC_011593.1:c2595355-2593832	NB551033:151:HCYCWBGXB:3:12409:2289:10865#0/2	98.000	150	3	0	501	650	1	150	2.78e-67	261
NC_011593.1:c2595355-2593832	NB551033:151:HCYCWBGXB:3:11608:23430:11595#0/2	98.000	150	3	0	1069	1218	1	150	2.78e-67	261
NC_011593.1:c2595355-2593832	NB551033:151:HCYCWBGXB:2:23211:4330:18235#0/2	98.000	150	3	0	1116	1265	150	1	2.78e-67	261
NC_011593.1:c2595355-2593832	NB551033:151:HCYCWBGXB:2:21211:8476:5925#0/2	98.000	150	3	0	798	947	150	1	2.78e-67	261
NC_011593.1:c2595355-2593832	NB551033:151:HCYCWBGXB:1:22109:4717:6547#0/2	98.000	150	3	0	793	942	150	1	2.78e-67	261
NC_011593.1:c2595355-2593832	NB551033:151:HCYCWBGXB:1:11208:2602:15291#0/2	98.000	150	3	0	1136	1285	1	150	2.78e-67	261
NC_011593.1:c2595355-2593832	NB551033:151:HCYCWBGXB:4:11601:26191:14340#0/1	98.000	150	3	0	114	263	1	150	2.78e-67	261
NC_011593.1:c2595355-2593832	NB551033:151:HCYCWBGXB:2:23211:4330:18235#0/1	98.000	150	3	0	1063	1212	1	150	2.78e-67	261
NC_011593.1:c2595355-2593832	NB551033:151:HCYCWBGXB:2:21211:8476:5925#0/1	98.639	147	2	0	711	857	3	149	2.78e-67	261
NC_011593.1:c2595355-2593832	NB551033:151:HCYCWBGXB:1:22109:4717:6547#0/1	98.000	150	3	0	768	917	1	150	2.78e-67	261
NC_011593.1:c2595355-2593832	NB551033:151:HCYCWBGXB:1:12211:23164:17633#0/1	98.000	150	3	0	786	935	1	150	2.78e-67	261
NC_011593.1:c2595355-2593832	NB551033:151:HCYCWBGXB:4:23502:7271:5430#0/2	97.987	149	3	0	115	263	150	2	9.99e-67	259
NC_011593.1:c2595355-2593832	NB551033:151:HCYCWBGXB:1:22303:10490:17738#0/2	97.987	149	3	0	803	951	1	149	9.99e-67	259
NC_011593.1:c2595355-2593832	NB551033:151:HCYCWBGXB:4:11601:26191:14340#0/2	97.351	151	4	0	130	280	151	1	3.59e-66	257
NC_011593.1:c2595355-2593832	NB551033:151:HCYCWBGXB:1:23105:13956:16594#0/2	97.351	151	4	0	132	282	151	1	3.59e-66	257
NC_011593.1:c2595355-2593832	NB551033:151:HCYCWBGXB:4:23502:7271:5430#0/1	97.351	151	4	0	101	251	1	151	3.59e-66	257
NC_011593.1:c2595355-2593832	NB551033:151:HCYCWBGXB:3:13605:11747:2063#0/1	97.351	151	4	0	80	230	1	151	3.59e-66	257
NC_011593.1:c2595355-2593832	NB551033:151:HCYCWBGXB:3:11508:1944:11323#0/1	98.621	145	2	0	479	623	145	1	3.59e-66	257
NC_011593.1:c2595355-2593832	NB551033:151:HCYCWBGXB:1:13102:15363:11527#0/1	97.351	151	4	0	855	1005	151	1	3.59e-66	257
NC_011593.1:c2595355-2593832	NB551033:151:HCYCWBGXB:3:22509:14326:9305#0/2	97.333	150	4	0	53	202	150	1	1.29e-65	255
NC_011593.1:c2595355-2593832	NB551033:151:HCYCWBGXB:2:23103:8361:14826#0/2	97.333	150	4	0	793	942	150	1	1.29e-65	255
NC_011593.1:c2595355-2593832	NB551033:151:HCYCWBGXB:2:13309:15747:7893#0/2	97.959	147	3	0	801	947	147	1	1.29e-65	255
NC_011593.1:c2595355-2593832	NB551033:151:HCYCWBGXB:2:11101:24571:12074#0/2	97.959	147	3	0	704	850	1	147	1.29e-65	255
NC_011593.1:c2595355-2593832	NB551033:151:HCYCWBGXB:2:13309:15747:7893#0/1	97.959	147	3	0	801	947	1	147	1.29e-65	255
NC_011593.1:c2595355-2593832	NB551033:151:HCYCWBGXB:4:22610:18891:14864#0/2	97.315	149	4	0	1171	1319	1	149	4.65e-65	254
NC_011593.1:c2595355-2593832	NB551033:151:HCYCWBGXB:1:12112:19081:9265#0/2	97.315	149	4	0	334	482	149	1	4.65e-65	254
NC_011593.1:c2595355-2593832	NB551033:151:HCYCWBGXB:2:11305:19557:15003#0/2	96.689	151	5	0	585	735	151	1	1.67e-64	252
NC_011593.1:c2595355-2593832	NB551033:151:HCYCWBGXB:2:12211:20115:11250#0/1	96.689	151	5	0	1311	1461	1	151	1.67e-64	252
NC_011593.1:c2595355-2593832	NB551033:151:HCYCWBGXB:2:11101:24571:12074#0/1	97.931	145	3	0	706	850	145	1	1.67e-64	252
NC_011593.1:c2595355-2593832	NB551033:151:HCYCWBGXB:1:22103:24373:5535#0/1	96.689	151	5	0	176	326	151	1	1.67e-64	252
NC_011593.1:c2595355-2593832	NB551033:151:HCYCWBGXB:2:12311:8984:19765#0/2	96.667	150	5	0	1317	1466	1	150	6.01e-64	250
NC_011593.1:c2595355-2593832	NB551033:151:HCYCWBGXB:1:12211:8412:8686#0/2	96.667	150	5	0	318	467	1	150	6.01e-64	250
NC_011593.1:c2595355-2593832	NB551033:151:HCYCWBGXB:2:23103:8361:14826#0/1	97.279	147	4	0	756	902	1	147	6.01e-64	250
NC_011593.1:c2595355-2593832	NB551033:151:HCYCWBGXB:1:22206:2494:10555#0/1	96.667	150	5	0	586	735	150	1	6.01e-64	250
NC_011593.1:c2595355-2593832	NB551033:151:HCYCWBGXB:1:13108:24306:1130#0/2	98.571	140	2	0	429	568	140	1	2.16e-63	248
NC_011593.1:c2595355-2593832	NB551033:151:HCYCWBGXB:4:22602:18536:7029#0/1	96.622	148	5	0	611	758	1	148	7.78e-63	246
NC_011593.1:c2595355-2593832	NB551033:151:HCYCWBGXB:4:22602:18536:7029#0/2	96.000	150	6	0	660	809	150	1	2.80e-62	244
NC_011593.1:c2595355-2593832	NB551033:151:HCYCWBGXB:3:21601:12619:18355#0/2	96.000	150	6	0	660	809	150	1	2.80e-62	244
NC_011593.1:c2595355-2593832	NB551033:151:HCYCWBGXB:3:13606:17180:8317#0/2	96.000	150	6	0	288	437	150	1	2.80e-62	244
NC_011593.1:c2595355-2593832	NB551033:151:HCYCWBGXB:3:13605:11747:2063#0/2	96.000	150	6	0	288	437	150	1	2.80e-62	244
NC_011593.1:c2595355-2593832	NB551033:151:HCYCWBGXB:3:11508:1944:11323#0/2	96.000	150	6	0	267	416	1	150	2.80e-62	244
NC_011593.1:c2595355-2593832	NB551033:151:HCYCWBGXB:2:21106:24998:8760#0/2	96.000	150	6	0	1296	1445	1	150	2.80e-62	244
NC_011593.1:c2595355-2593832	NB551033:151:HCYCWBGXB:1:13110:26163:14625#0/2	96.000	150	6	0	627	776	150	1	2.80e-62	244
NC_011593.1:c2595355-2593832	NB551033:151:HCYCWBGXB:4:11412:22109:11547#0/1	96.000	150	6	0	634	783	1	150	2.80e-62	244
NC_011593.1:c2595355-2593832	NB551033:151:HCYCWBGXB:3:21601:12619:18355#0/1	96.000	150	6	0	634	783	1	150	2.80e-62	244
NC_011593.1:c2595355-2593832	NB551033:151:HCYCWBGXB:3:13606:17180:8317#0/1	96.000	150	6	0	245	394	2	151	2.80e-62	244
NC_011593.1:c2595355-2593832	NB551033:151:HCYCWBGXB:1:23201:20257:3419#0/1	96.000	150	6	0	42	191	1	150	2.80e-62	244
NC_011593.1:c2595355-2593832	NB551033:151:HCYCWBGXB:2:12311:5169:14595#0/1	95.973	149	6	0	272	420	1	149	1.01e-61	243
NC_011593.1:c2595355-2593832	NB551033:151:HCYCWBGXB:4:12604:11136:18319#0/2	95.364	151	7	0	33	183	151	1	3.62e-61	241
NC_011593.1:c2595355-2593832	NB551033:151:HCYCWBGXB:3:11405:22655:3270#0/2	95.364	151	7	0	394	544	1	151	3.62e-61	241
NC_011593.1:c2595355-2593832	NB551033:151:HCYCWBGXB:1:22206:2494:10555#0/2	95.364	151	7	0	256	406	1	151	3.62e-61	241
NC_011593.1:c2595355-2593832	NB551033:151:HCYCWBGXB:4:12404:12079:18696#0/1	97.842	139	3	0	717	855	139	1	3.62e-61	241
NC_011593.1:c2595355-2593832	NB551033:151:HCYCWBGXB:2:23203:10238:5982#0/1	95.364	151	7	0	671	821	151	1	3.62e-61	241
NC_011593.1:c2595355-2593832	NB551033:151:HCYCWBGXB:4:11409:1987:2345#0/2	95.333	150	7	0	441	590	150	1	1.30e-60	239
NC_011593.1:c2595355-2593832	NB551033:151:HCYCWBGXB:2:21304:25690:5638#0/2	95.333	150	7	0	370	519	150	1	1.30e-60	239
NC_011593.1:c2595355-2593832	NB551033:151:HCYCWBGXB:1:23201:20257:3419#0/2	95.333	150	7	0	231	380	150	1	1.30e-60	239
NC_011593.1:c2595355-2593832	NB551033:151:HCYCWBGXB:4:11409:1987:2345#0/1	95.333	150	7	0	377	526	1	150	1.30e-60	239
NC_011593.1:c2595355-2593832	NB551033:151:HCYCWBGXB:1:12201:21810:6515#0/2	95.302	149	7	0	416	564	149	1	4.68e-60	237
NC_011593.1:c2595355-2593832	NB551033:151:HCYCWBGXB:4:23411:20279:3783#0/2	96.269	134	5	0	697	830	1	134	4.72e-55	220
NC_011593.1:c2595355-2593832	NB551033:151:HCYCWBGXB:1:23107:12602:9365#0/2	96.923	130	4	0	429	558	1	130	1.70e-54	219
NC_011593.1:c2595355-2593832	NB551033:151:HCYCWBGXB:3:11501:25913:6037#0/2	98.374	123	2	0	399	521	1	123	6.10e-54	217
NC_011593.1:c2595355-2593832	NB551033:151:HCYCWBGXB:3:12409:2289:10865#0/1	96.875	128	4	0	586	713	128	1	2.19e-53	215
NC_011593.1:c2595355-2593832	NB551033:151:HCYCWBGXB:2:13312:8181:12286#0/1	98.361	122	2	0	366	487	122	1	2.19e-53	215
NC_011593.1:c2595355-2593832	NB551033:151:HCYCWBGXB:3:12410:13042:4272#0/2	96.825	126	4	0	155	280	126	1	2.84e-52	211
NC_011593.1:c2595355-2593832	NB551033:151:HCYCWBGXB:3:12410:13042:4272#0/1	96.825	126	4	0	155	280	1	126	2.84e-52	211
NC_011593.1:c2595355-2593832	NB551033:151:HCYCWBGXB:2:23307:20008:5295#0/2	96.032	126	5	0	705	830	1	126	1.32e-50	206
NC_011593.1:c2595355-2593832	NB551033:151:HCYCWBGXB:4:23609:25862:5702#0/1	96.694	121	4	0	438	558	125	5	1.71e-49	202
NC_011593.1:c2595355-2593832	NB551033:151:HCYCWBGXB:1:22111:7933:20349#0/1	95.968	124	5	0	707	830	1	124	1.71e-49	202
NC_011593.1:c2595355-2593832	NB551033:151:HCYCWBGXB:3:21406:17225:5053#0/2	96.667	120	4	0	1351	1470	135	16	6.14e-49	200
NC_011593.1:c2595355-2593832	NB551033:151:HCYCWBGXB:3:11501:25913:6037#0/1	95.902	122	5	0	400	521	122	1	2.21e-48	198
NC_011593.1:c2595355-2593832	NB551033:151:HCYCWBGXB:4:13611:15612:15319#0/2	96.581	117	4	0	1178	1294	1	117	2.86e-47	195
NC_011593.1:c2595355-2593832	NB551033:151:HCYCWBGXB:2:12311:8984:19765#0/1	96.581	117	4	0	1354	1470	151	35	2.86e-47	195
NC_011593.1:c2595355-2593832	NB551033:151:HCYCWBGXB:3:13411:4974:9513#0/1	95.082	122	6	0	30	151	122	1	1.03e-46	193
NC_011593.1:c2595355-2593832	NB551033:151:HCYCWBGXB:1:12211:23164:17633#0/2	97.321	112	3	0	846	957	112	1	3.70e-46	191
NC_011593.1:c2595355-2593832	NB551033:151:HCYCWBGXB:2:21212:22255:17173#0/2	96.460	113	4	0	1358	1470	1	113	4.78e-45	187
NC_011593.1:c2595355-2593832	NB551033:151:HCYCWBGXB:3:12501:26039:4194#0/1	97.196	107	3	0	1137	1243	107	1	2.23e-43	182
NC_011593.1:c2595355-2593832	NB551033:151:HCYCWBGXB:2:12309:18946:8968#0/2	99.000	100	1	0	978	1077	1	100	8.00e-43	180
NC_011593.1:c2595355-2593832	NB551033:151:HCYCWBGXB:2:12309:18946:8968#0/1	99.000	100	1	0	978	1077	100	1	8.00e-43	180
NC_011593.1:c2595355-2593832	NB551033:151:HCYCWBGXB:1:22203:26406:7246#0/2	96.296	108	4	0	1363	1470	1	108	2.88e-42	178
NC_011593.1:c2595355-2593832	NB551033:151:HCYCWBGXB:3:12501:26039:4194#0/2	100.000	92	0	0	1006	1097	1	92	4.82e-40	171
NC_011593.1:c2595355-2593832	NB551033:151:HCYCWBGXB:1:11208:2602:15291#0/1	97.849	93	2	0	1274	1366	93	1	2.90e-37	161
NC_011593.1:c2595355-2593832	NB551033:151:HCYCWBGXB:2:23306:2994:8164#0/1	97.753	89	2	0	1182	1270	1	89	4.85e-35	154
NC_011593.1:c2595355-2593832	NB551033:151:HCYCWBGXB:4:21406:13919:8074#0/2	95.604	91	4	0	1380	1470	1	91	8.12e-33	147
NC_011593.1:c2595355-2593832	NB551033:151:HCYCWBGXB:3:13506:2233:5158#0/1	95.604	91	4	0	1094	1184	92	2	8.12e-33	147
NC_011593.1:c2595355-2593832	NB551033:151:HCYCWBGXB:3:13412:20655:16919#0/1	95.604	91	4	0	1380	1470	1	91	8.12e-33	147
NC_011593.1:c2595355-2593832	NB551033:151:HCYCWBGXB:1:12201:15672:6974#0/1	95.604	91	4	0	1380	1470	1	91	8.12e-33	147
NC_011593.1:c2595355-2593832	NB551033:151:HCYCWBGXB:3:21401:17148:8761#0/1	97.500	80	2	0	883	962	1	80	4.89e-30	137
NC_011593.1:c2595355-2593832	NB551033:151:HCYCWBGXB:1:22203:26406:7246#0/1	95.238	84	4	0	1387	1470	149	66	6.32e-29	134
NC_011593.1:c2595355-2593832	NB551033:151:HCYCWBGXB:3:12404:5686:5254#0/1	96.154	78	3	0	1393	1470	1	78	2.94e-27	128
NC_011593.1:c2595355-2593832	NB551033:151:HCYCWBGXB:2:21106:24998:8760#0/1	96.154	78	3	0	1393	1470	148	71	2.94e-27	128
NC_011593.1:c2595355-2593832	NB551033:151:HCYCWBGXB:1:21206:19940:12527#0/1	96.154	78	3	0	1393	1470	3	80	2.94e-27	128
NC_011593.1:c2595355-2593832	NB551033:151:HCYCWBGXB:2:13103:7802:18577#0/1	97.222	72	2	0	127	198	72	1	1.37e-25	122
NC_011593.1:c2595355-2593832	NB551033:151:HCYCWBGXB:2:12209:4068:7404#0/2	97.059	68	2	0	763	830	1	68	2.29e-23	115
NC_011593.1:c2595355-2593832	NB551033:151:HCYCWBGXB:3:22501:3703:7678#0/2	97.015	67	2	0	1106	1172	1	67	8.23e-23	113
NC_011593.1:c2595355-2593832	NB551033:151:HCYCWBGXB:3:22408:11935:19545#0/2	98.438	64	1	0	977	1040	1	64	8.23e-23	113
NC_011593.1:c2595355-2593832	NB551033:151:HCYCWBGXB:3:22501:3703:7678#0/1	97.015	67	2	0	1106	1172	67	1	8.23e-23	113
NC_011593.1:c2595355-2593832	NB551033:151:HCYCWBGXB:3:22408:11935:19545#0/1	98.413	63	1	0	977	1039	64	2	2.96e-22	111
NC_011593.1:c2595355-2593832	NB551033:151:HCYCWBGXB:1:23209:22682:9220#0/1	98.361	61	1	0	901	961	1	61	3.83e-21	108
NC_011593.1:c2595355-2593832	NB551033:151:HCYCWBGXB:3:11605:13322:14456#0/2	100.000	55	0	0	796	850	1	55	1.78e-19	102
NC_011593.1:c2595355-2593832	NB551033:151:HCYCWBGXB:2:12311:1793:3013#0/2	96.721	61	2	0	1410	1470	1	61	1.78e-19	102
NC_011593.1:c2595355-2593832	NB551033:151:HCYCWBGXB:1:22206:25183:19021#0/2	96.667	60	2	0	692	751	1	60	6.41e-19	100
NC_011593.1:c2595355-2593832	NB551033:151:HCYCWBGXB:1:22206:25183:19021#0/1	96.667	60	2	0	692	751	60	1	6.41e-19	100
NC_011593.1:c2595355-2593832	NB551033:151:HCYCWBGXB:2:21110:15905:20213#0/1	96.610	59	2	0	1412	1470	1	59	2.31e-18	99.0
NC_011593.1:c2595355-2593832	NB551033:151:HCYCWBGXB:2:21110:15905:20213#0/2	96.552	58	2	0	1413	1470	92	35	8.29e-18	97.1
NC_011593.1:c2595355-2593832	NB551033:151:HCYCWBGXB:3:11406:7997:2705#0/2	98.113	53	1	0	530	582	53	1	1.07e-16	93.5
NC_011593.1:c2595355-2593832	NB551033:151:HCYCWBGXB:3:11406:7997:2705#0/1	98.113	53	1	0	530	582	1	53	1.07e-16	93.5
NC_011593.1:c2595355-2593832	NB551033:151:HCYCWBGXB:3:21610:24641:14696#0/2	98.077	52	1	0	1352	1403	1	52	3.86e-16	91.6
NC_011593.1:c2595355-2593832	NB551033:151:HCYCWBGXB:1:23209:22682:9220#0/2	100.000	49	0	0	992	1040	49	1	3.86e-16	91.6
NC_011593.1:c2595355-2593832	NB551033:151:HCYCWBGXB:2:12211:20115:11250#0/2	100.000	44	0	0	1427	1470	150	107	2.32e-13	82.4
NC_011593.1:c2595355-2593832	NB551033:151:HCYCWBGXB:4:22509:15284:6222#0/1	100.000	42	0	0	1253	1294	1	42	3.00e-12	78.7
NC_011593.1:c2595355-2593832	NB551033:151:HCYCWBGXB:3:23605:7680:14235#0/1	97.619	42	1	0	256	297	1	42	1.40e-10	73.1
NC_011593.1:c2595355-2593832	NB551033:151:HCYCWBGXB:3:21406:17225:5053#0/1	100.000	37	0	0	1351	1387	1	37	1.81e-09	69.4
NC_011593.1:c2595355-2593832	NB551033:151:HCYCWBGXB:2:13312:8181:12286#0/2	100.000	32	0	0	366	397	1	32	1.09e-06	60.2
NC_011593.1:c2595355-2593832	NB551033:151:HCYCWBGXB:4:22610:18891:14864#0/1	100.000	32	0	0	1420	1451	32	1	1.09e-06	60.2
NC_011593.1:c2595355-2593832	NB551033:151:HCYCWBGXB:3:12502:14624:15751#0/1	100.000	32	0	0	1439	1470	1	32	1.09e-06	60.2
NC_011593.1:c2595355-2593832	NB551033:151:HCYCWBGXB:3:23605:7680:14235#0/2	100.000	30	0	0	445	474	30	1	1.41e-05	56.5
NC_011593.1:c2595355-2593832	NB551033:151:HCYCWBGXB:3:11605:13322:14456#0/1	100.000	30	0	0	821	850	30	1	1.41e-05	56.5
# BLASTN 2.9.0+
# Query: NC_011593.1:c2597106-2595574 Bifidobacterium longum subsp. infantis ATCC 15697, complete genome
# Database: db/blast_M1015-1F-1A_S45.faa
# Fields: query acc.ver, subject acc.ver, % identity, alignment length, mismatches, gap opens, q. start, q. end, s. start, s. end, evalue, bit score
# 34 hits found
NC_011593.1:c2597106-2595574	NB551033:151:HCYCWBGXB:3:11405:22655:3270#0/2	95.804	143	6	0	398	540	5	147	2.19e-58	231
NC_011593.1:c2597106-2595574	NB551033:151:HCYCWBGXB:3:11501:25913:6037#0/2	96.694	121	4	0	399	519	1	121	1.72e-49	202
NC_011593.1:c2597106-2595574	NB551033:151:HCYCWBGXB:1:23107:12602:9365#0/2	95.276	127	6	0	429	555	1	127	1.72e-49	202
NC_011593.1:c2597106-2595574	NB551033:151:HCYCWBGXB:1:22304:10009:17051#0/1	95.798	119	5	0	1	119	119	1	1.03e-46	193
NC_011593.1:c2597106-2595574	NB551033:151:HCYCWBGXB:3:13411:4974:9513#0/2	95.763	118	5	0	1	118	34	151	3.72e-46	191
NC_011593.1:c2597106-2595574	NB551033:151:HCYCWBGXB:4:11410:19155:2659#0/2	95.098	102	5	0	1	102	102	1	2.92e-37	161
NC_011593.1:c2597106-2595574	NB551033:151:HCYCWBGXB:4:11410:19155:2659#0/1	95.098	102	5	0	1	102	22	123	2.92e-37	161
NC_011593.1:c2597106-2595574	NB551033:151:HCYCWBGXB:1:23202:7211:10414#0/1	95.050	101	3	2	1	100	34	133	3.77e-36	158
NC_011593.1:c2597106-2595574	NB551033:151:HCYCWBGXB:2:22310:26810:8787#0/1	96.591	88	3	0	147	234	1	88	8.17e-33	147
NC_011593.1:c2597106-2595574	NB551033:151:HCYCWBGXB:2:21202:22814:18401#0/2	95.294	85	4	0	420	504	85	1	1.77e-29	135
NC_011593.1:c2597106-2595574	NB551033:151:HCYCWBGXB:3:12404:5686:5254#0/1	96.154	78	3	0	1393	1470	1	78	2.96e-27	128
NC_011593.1:c2597106-2595574	NB551033:151:HCYCWBGXB:2:21106:24998:8760#0/1	96.154	78	3	0	1393	1470	148	71	2.96e-27	128
NC_011593.1:c2597106-2595574	NB551033:151:HCYCWBGXB:1:22203:26406:7246#0/1	96.154	78	3	0	1393	1470	143	66	2.96e-27	128
NC_011593.1:c2597106-2595574	NB551033:151:HCYCWBGXB:1:21206:19940:12527#0/1	96.154	78	3	0	1393	1470	3	80	2.96e-27	128
NC_011593.1:c2597106-2595574	NB551033:151:HCYCWBGXB:1:11208:20824:13172#0/2	100.000	68	0	0	1	68	68	1	1.06e-26	126
NC_011593.1:c2597106-2595574	NB551033:151:HCYCWBGXB:1:11208:20824:13172#0/1	100.000	68	0	0	1	68	32	99	1.06e-26	126
NC_011593.1:c2597106-2595574	NB551033:151:HCYCWBGXB:4:12504:18365:9895#0/1	97.101	69	2	0	147	215	1	69	6.40e-24	117
NC_011593.1:c2597106-2595574	NB551033:151:HCYCWBGXB:2:13109:1981:2609#0/1	95.385	65	3	0	159	223	65	1	4.98e-20	104
NC_011593.1:c2597106-2595574	NB551033:151:HCYCWBGXB:2:12311:1793:3013#0/2	96.721	61	2	0	1410	1470	1	61	1.79e-19	102
NC_011593.1:c2597106-2595574	NB551033:151:HCYCWBGXB:3:22510:23958:9873#0/1	100.000	55	0	0	1	55	55	1	1.79e-19	102
NC_011593.1:c2597106-2595574	NB551033:151:HCYCWBGXB:1:12303:20382:5721#0/2	95.238	63	3	0	190	252	63	1	6.45e-19	100
NC_011593.1:c2597106-2595574	NB551033:151:HCYCWBGXB:1:12303:20382:5721#0/1	95.238	63	3	0	190	252	3	65	6.45e-19	100
NC_011593.1:c2597106-2595574	NB551033:151:HCYCWBGXB:2:21110:15905:20213#0/1	96.610	59	2	0	1412	1470	1	59	2.32e-18	99.0
NC_011593.1:c2597106-2595574	NB551033:151:HCYCWBGXB:4:23608:25833:17404#0/2	98.182	55	1	0	1	55	55	1	8.34e-18	97.1
NC_011593.1:c2597106-2595574	NB551033:151:HCYCWBGXB:2:21110:15905:20213#0/2	96.552	58	2	0	1413	1470	92	35	8.34e-18	97.1
NC_011593.1:c2597106-2595574	NB551033:151:HCYCWBGXB:2:21204:16483:2299#0/2	100.000	50	0	0	6	55	50	1	1.08e-16	93.5
NC_011593.1:c2597106-2595574	NB551033:151:HCYCWBGXB:3:22501:3703:7678#0/1	98.113	53	1	0	1120	1172	53	1	1.08e-16	93.5
NC_011593.1:c2597106-2595574	NB551033:151:HCYCWBGXB:2:12211:20115:11250#0/2	100.000	44	0	0	1427	1470	150	107	2.34e-13	82.4
NC_011593.1:c2597106-2595574	NB551033:151:HCYCWBGXB:4:21504:7693:3673#0/2	100.000	36	0	0	1	36	36	1	6.54e-09	67.6
NC_011593.1:c2597106-2595574	NB551033:151:HCYCWBGXB:4:21504:7693:3673#0/1	100.000	36	0	0	1	36	89	124	6.54e-09	67.6
NC_011593.1:c2597106-2595574	NB551033:151:HCYCWBGXB:4:22610:18891:14864#0/1	100.000	32	0	0	1420	1451	32	1	1.09e-06	60.2
NC_011593.1:c2597106-2595574	NB551033:151:HCYCWBGXB:3:12502:14624:15751#0/1	100.000	32	0	0	1439	1470	1	32	1.09e-06	60.2
NC_011593.1:c2597106-2595574	NB551033:151:HCYCWBGXB:3:23605:7680:14235#0/2	100.000	30	0	0	445	474	30	1	1.42e-05	56.5
NC_011593.1:c2597106-2595574	NB551033:151:HCYCWBGXB:1:13308:6328:15196#0/2	100.000	30	0	0	1	30	30	1	1.42e-05	56.5
# BLASTN 2.9.0+
# Query: NC_011593.1:c2598562-2597207 Bifidobacterium longum subsp. infantis ATCC 15697, complete genome
# Database: db/blast_M1015-1F-1A_S45.faa
# Fields: query acc.ver, subject acc.ver, % identity, alignment length, mismatches, gap opens, q. start, q. end, s. start, s. end, evalue, bit score
# 192 hits found
NC_011593.1:c2598562-2597207	NB551033:151:HCYCWBGXB:4:23608:16212:7056#0/2	100.000	151	0	0	452	602	1	151	6.81e-73	279
NC_011593.1:c2598562-2597207	NB551033:151:HCYCWBGXB:4:11506:18361:2540#0/2	100.000	151	0	0	602	752	1	151	6.81e-73	279
NC_011593.1:c2598562-2597207	NB551033:151:HCYCWBGXB:3:11608:9222:4224#0/2	100.000	151	0	0	600	750	1	151	6.81e-73	279
NC_011593.1:c2598562-2597207	NB551033:151:HCYCWBGXB:2:23301:18652:16377#0/2	100.000	151	0	0	216	366	1	151	6.81e-73	279
NC_011593.1:c2598562-2597207	NB551033:151:HCYCWBGXB:2:21311:14164:14292#0/2	100.000	151	0	0	211	361	1	151	6.81e-73	279
NC_011593.1:c2598562-2597207	NB551033:151:HCYCWBGXB:2:21105:11843:10014#0/2	100.000	151	0	0	514	664	1	151	6.81e-73	279
NC_011593.1:c2598562-2597207	NB551033:151:HCYCWBGXB:2:13101:25668:19238#0/2	100.000	151	0	0	514	664	1	151	6.81e-73	279
NC_011593.1:c2598562-2597207	NB551033:151:HCYCWBGXB:2:11310:24077:20061#0/2	100.000	151	0	0	158	308	1	151	6.81e-73	279
NC_011593.1:c2598562-2597207	NB551033:151:HCYCWBGXB:2:11206:5238:9182#0/2	100.000	151	0	0	154	304	1	151	6.81e-73	279
NC_011593.1:c2598562-2597207	NB551033:151:HCYCWBGXB:4:21408:6562:11328#0/1	100.000	151	0	0	211	361	1	151	6.81e-73	279
NC_011593.1:c2598562-2597207	NB551033:151:HCYCWBGXB:4:12505:8464:5633#0/1	100.000	151	0	0	1195	1345	151	1	6.81e-73	279
NC_011593.1:c2598562-2597207	NB551033:151:HCYCWBGXB:3:12510:23089:10561#0/1	100.000	151	0	0	897	1047	151	1	6.81e-73	279
NC_011593.1:c2598562-2597207	NB551033:151:HCYCWBGXB:3:11409:11062:15356#0/1	100.000	151	0	0	1090	1240	1	151	6.81e-73	279
NC_011593.1:c2598562-2597207	NB551033:151:HCYCWBGXB:3:11409:4914:13834#0/1	100.000	151	0	0	533	683	1	151	6.81e-73	279
NC_011593.1:c2598562-2597207	NB551033:151:HCYCWBGXB:2:13101:25668:19238#0/1	100.000	151	0	0	688	838	151	1	6.81e-73	279
NC_011593.1:c2598562-2597207	NB551033:151:HCYCWBGXB:2:12105:25573:14957#0/1	100.000	151	0	0	862	1012	151	1	6.81e-73	279
NC_011593.1:c2598562-2597207	NB551033:151:HCYCWBGXB:1:23204:11237:8454#0/1	100.000	151	0	0	563	713	1	151	6.81e-73	279
NC_011593.1:c2598562-2597207	NB551033:151:HCYCWBGXB:1:13305:4174:6392#0/1	100.000	151	0	0	254	404	1	151	6.81e-73	279
NC_011593.1:c2598562-2597207	NB551033:151:HCYCWBGXB:1:13209:4901:14503#0/1	100.000	151	0	0	566	716	1	151	6.81e-73	279
NC_011593.1:c2598562-2597207	NB551033:151:HCYCWBGXB:4:21409:4384:3725#0/2	100.000	150	0	0	1074	1223	150	1	2.45e-72	278
NC_011593.1:c2598562-2597207	NB551033:151:HCYCWBGXB:4:12505:8464:5633#0/2	100.000	150	0	0	1136	1285	1	150	2.45e-72	278
NC_011593.1:c2598562-2597207	NB551033:151:HCYCWBGXB:4:12409:23727:5542#0/2	100.000	150	0	0	417	566	1	150	2.45e-72	278
NC_011593.1:c2598562-2597207	NB551033:151:HCYCWBGXB:3:23510:19842:4428#0/2	100.000	150	0	0	689	838	150	1	2.45e-72	278
NC_011593.1:c2598562-2597207	NB551033:151:HCYCWBGXB:3:13602:4939:19637#0/2	100.000	150	0	0	351	500	1	150	2.45e-72	278
NC_011593.1:c2598562-2597207	NB551033:151:HCYCWBGXB:3:12510:23089:10561#0/2	100.000	150	0	0	810	959	1	150	2.45e-72	278
NC_011593.1:c2598562-2597207	NB551033:151:HCYCWBGXB:3:11409:11062:15356#0/2	100.000	150	0	0	1175	1324	150	1	2.45e-72	278
NC_011593.1:c2598562-2597207	NB551033:151:HCYCWBGXB:2:23311:12103:12686#0/2	100.000	150	0	0	1070	1219	150	1	2.45e-72	278
NC_011593.1:c2598562-2597207	NB551033:151:HCYCWBGXB:2:21307:22294:8724#0/2	100.000	150	0	0	615	764	150	1	2.45e-72	278
NC_011593.1:c2598562-2597207	NB551033:151:HCYCWBGXB:2:12105:25573:14957#0/2	100.000	150	0	0	738	887	1	150	2.45e-72	278
NC_011593.1:c2598562-2597207	NB551033:151:HCYCWBGXB:1:23311:19084:9304#0/2	100.000	150	0	0	1185	1334	150	1	2.45e-72	278
NC_011593.1:c2598562-2597207	NB551033:151:HCYCWBGXB:1:23204:11237:8454#0/2	100.000	150	0	0	705	854	150	1	2.45e-72	278
NC_011593.1:c2598562-2597207	NB551033:151:HCYCWBGXB:1:13305:4174:6392#0/2	100.000	150	0	0	504	653	150	1	2.45e-72	278
NC_011593.1:c2598562-2597207	NB551033:151:HCYCWBGXB:4:23612:6781:17738#0/1	100.000	150	0	0	709	858	1	150	2.45e-72	278
NC_011593.1:c2598562-2597207	NB551033:151:HCYCWBGXB:4:22504:6250:5458#0/1	100.000	150	0	0	907	1056	1	150	2.45e-72	278
NC_011593.1:c2598562-2597207	NB551033:151:HCYCWBGXB:4:11610:19309:2269#0/1	100.000	150	0	0	862	1011	1	150	2.45e-72	278
NC_011593.1:c2598562-2597207	NB551033:151:HCYCWBGXB:3:13602:4939:19637#0/1	100.000	150	0	0	504	653	150	1	2.45e-72	278
NC_011593.1:c2598562-2597207	NB551033:151:HCYCWBGXB:3:12407:12788:10240#0/1	100.000	150	0	0	894	1043	1	150	2.45e-72	278
NC_011593.1:c2598562-2597207	NB551033:151:HCYCWBGXB:2:23311:17271:16209#0/1	100.000	150	0	0	595	744	1	150	2.45e-72	278
NC_011593.1:c2598562-2597207	NB551033:151:HCYCWBGXB:2:21311:14164:14292#0/1	100.000	150	0	0	593	742	150	1	2.45e-72	278
NC_011593.1:c2598562-2597207	NB551033:151:HCYCWBGXB:2:21307:22294:8724#0/1	100.000	150	0	0	353	502	1	150	2.45e-72	278
NC_011593.1:c2598562-2597207	NB551033:151:HCYCWBGXB:4:23612:6781:17738#0/2	100.000	149	0	0	729	877	149	1	8.81e-72	276
NC_011593.1:c2598562-2597207	NB551033:151:HCYCWBGXB:4:12606:8113:14382#0/2	100.000	149	0	0	147	295	1	149	8.81e-72	276
NC_011593.1:c2598562-2597207	NB551033:151:HCYCWBGXB:2:23311:17271:16209#0/2	100.000	149	0	0	888	1036	149	1	8.81e-72	276
NC_011593.1:c2598562-2597207	NB551033:151:HCYCWBGXB:2:21210:23075:11708#0/2	100.000	149	0	0	860	1008	1	149	8.81e-72	276
NC_011593.1:c2598562-2597207	NB551033:151:HCYCWBGXB:4:11506:18361:2540#0/1	100.000	149	0	0	820	968	149	1	8.81e-72	276
NC_011593.1:c2598562-2597207	NB551033:151:HCYCWBGXB:3:23510:19842:4428#0/1	100.000	149	0	0	555	703	1	149	8.81e-72	276
NC_011593.1:c2598562-2597207	NB551033:151:HCYCWBGXB:1:23211:21385:10984#0/1	100.000	149	0	0	738	886	1	149	8.81e-72	276
NC_011593.1:c2598562-2597207	NB551033:151:HCYCWBGXB:1:12204:24087:14364#0/2	99.333	150	1	0	674	823	150	1	1.14e-70	272
NC_011593.1:c2598562-2597207	NB551033:151:HCYCWBGXB:1:11112:5165:5171#0/2	100.000	147	0	0	138	284	4	150	1.14e-70	272
NC_011593.1:c2598562-2597207	NB551033:151:HCYCWBGXB:1:12204:24087:14364#0/1	99.329	149	1	0	656	804	1	149	4.10e-70	270
NC_011593.1:c2598562-2597207	NB551033:151:HCYCWBGXB:2:23311:12103:12686#0/1	100.000	145	0	0	1058	1202	6	150	1.47e-69	268
NC_011593.1:c2598562-2597207	NB551033:151:HCYCWBGXB:2:22203:23602:11472#0/1	100.000	144	0	0	295	438	1	144	5.30e-69	267
NC_011593.1:c2598562-2597207	NB551033:151:HCYCWBGXB:3:13404:2154:7159#0/2	100.000	140	0	0	1206	1345	140	1	8.87e-67	259
NC_011593.1:c2598562-2597207	NB551033:151:HCYCWBGXB:3:12602:6209:15815#0/1	99.301	143	1	0	1098	1240	143	1	8.87e-67	259
NC_011593.1:c2598562-2597207	NB551033:151:HCYCWBGXB:2:12105:9295:6235#0/2	100.000	139	0	0	283	421	139	1	3.19e-66	257
NC_011593.1:c2598562-2597207	NB551033:151:HCYCWBGXB:2:12105:9295:6235#0/1	100.000	138	0	0	283	420	1	138	1.15e-65	255
NC_011593.1:c2598562-2597207	NB551033:151:HCYCWBGXB:2:21105:11843:10014#0/1	100.000	136	0	0	562	697	136	1	1.48e-64	252
NC_011593.1:c2598562-2597207	NB551033:151:HCYCWBGXB:1:13204:3458:3604#0/2	100.000	135	0	0	138	272	4	138	5.34e-64	250
NC_011593.1:c2598562-2597207	NB551033:151:HCYCWBGXB:1:21204:15798:5036#0/2	100.000	133	0	0	889	1021	1	133	6.91e-63	246
NC_011593.1:c2598562-2597207	NB551033:151:HCYCWBGXB:1:21204:15798:5036#0/1	100.000	133	0	0	889	1021	133	1	6.91e-63	246
NC_011593.1:c2598562-2597207	NB551033:151:HCYCWBGXB:3:23612:7552:11507#0/2	100.000	132	0	0	771	902	132	1	2.48e-62	244
NC_011593.1:c2598562-2597207	NB551033:151:HCYCWBGXB:3:23612:7552:11507#0/1	100.000	132	0	0	771	902	1	132	2.48e-62	244
NC_011593.1:c2598562-2597207	NB551033:151:HCYCWBGXB:4:21510:6521:5544#0/1	100.000	130	0	0	1090	1219	1	130	3.21e-61	241
NC_011593.1:c2598562-2597207	NB551033:151:HCYCWBGXB:4:23403:14262:12648#0/2	100.000	129	0	0	764	892	129	1	1.16e-60	239
NC_011593.1:c2598562-2597207	NB551033:151:HCYCWBGXB:4:13407:19859:5414#0/2	100.000	129	0	0	359	487	129	1	1.16e-60	239
NC_011593.1:c2598562-2597207	NB551033:151:HCYCWBGXB:3:12602:6209:15815#0/2	100.000	129	0	0	1058	1186	23	151	1.16e-60	239
NC_011593.1:c2598562-2597207	NB551033:151:HCYCWBGXB:4:23403:14262:12648#0/1	100.000	129	0	0	764	892	1	129	1.16e-60	239
NC_011593.1:c2598562-2597207	NB551033:151:HCYCWBGXB:4:13407:19859:5414#0/1	100.000	129	0	0	359	487	1	129	1.16e-60	239
NC_011593.1:c2598562-2597207	NB551033:151:HCYCWBGXB:2:12207:13931:2467#0/2	100.000	128	0	0	909	1036	1	128	4.16e-60	237
NC_011593.1:c2598562-2597207	NB551033:151:HCYCWBGXB:2:12207:13931:2467#0/1	100.000	128	0	0	909	1036	128	1	4.16e-60	237
NC_011593.1:c2598562-2597207	NB551033:151:HCYCWBGXB:3:11608:9222:4224#0/1	100.000	127	0	0	938	1064	150	24	1.49e-59	235
NC_011593.1:c2598562-2597207	NB551033:151:HCYCWBGXB:3:21502:21514:2050#0/2	100.000	125	0	0	138	262	9	133	1.93e-58	231
NC_011593.1:c2598562-2597207	NB551033:151:HCYCWBGXB:1:12207:7484:20100#0/2	100.000	125	0	0	1058	1182	125	1	1.93e-58	231
NC_011593.1:c2598562-2597207	NB551033:151:HCYCWBGXB:1:23303:21371:4927#0/2	100.000	122	0	0	756	877	1	122	9.00e-57	226
NC_011593.1:c2598562-2597207	NB551033:151:HCYCWBGXB:1:23303:21371:4927#0/1	100.000	122	0	0	756	877	122	1	9.00e-57	226
NC_011593.1:c2598562-2597207	NB551033:151:HCYCWBGXB:4:11609:9031:17770#0/2	98.333	120	2	0	270	389	120	1	2.52e-52	211
NC_011593.1:c2598562-2597207	NB551033:151:HCYCWBGXB:2:21206:26690:15439#0/2	100.000	112	0	0	336	447	1	112	3.26e-51	207
NC_011593.1:c2598562-2597207	NB551033:151:HCYCWBGXB:2:22208:11757:1398#0/2	100.000	110	0	0	663	772	110	1	4.22e-50	204
NC_011593.1:c2598562-2597207	NB551033:151:HCYCWBGXB:3:22507:25480:2723#0/1	100.000	110	0	0	312	421	110	1	4.22e-50	204
NC_011593.1:c2598562-2597207	NB551033:151:HCYCWBGXB:2:22208:11757:1398#0/1	100.000	110	0	0	663	772	1	110	4.22e-50	204
NC_011593.1:c2598562-2597207	NB551033:151:HCYCWBGXB:3:11407:3516:9832#0/2	100.000	109	0	0	156	264	1	109	1.52e-49	202
NC_011593.1:c2598562-2597207	NB551033:151:HCYCWBGXB:3:23506:25512:3484#0/1	100.000	109	0	0	211	319	109	1	1.52e-49	202
NC_011593.1:c2598562-2597207	NB551033:151:HCYCWBGXB:2:21205:1221:15439#0/2	100.000	107	0	0	336	442	1	107	1.96e-48	198
NC_011593.1:c2598562-2597207	NB551033:151:HCYCWBGXB:4:23411:24252:14390#0/1	100.000	107	0	0	1118	1224	1	107	1.96e-48	198
NC_011593.1:c2598562-2597207	NB551033:151:HCYCWBGXB:3:23506:25512:3484#0/2	99.083	109	1	0	211	319	1	109	7.05e-48	196
NC_011593.1:c2598562-2597207	NB551033:151:HCYCWBGXB:4:13501:16021:12876#0/1	100.000	106	0	0	1251	1356	150	45	7.05e-48	196
NC_011593.1:c2598562-2597207	NB551033:151:HCYCWBGXB:4:22605:25433:9989#0/2	100.000	105	0	0	276	380	105	1	2.54e-47	195
NC_011593.1:c2598562-2597207	NB551033:151:HCYCWBGXB:1:21301:8280:1376#0/2	100.000	105	0	0	960	1064	1	105	2.54e-47	195
NC_011593.1:c2598562-2597207	NB551033:151:HCYCWBGXB:4:22605:25433:9989#0/1	100.000	105	0	0	276	380	1	105	2.54e-47	195
NC_011593.1:c2598562-2597207	NB551033:151:HCYCWBGXB:4:13402:25188:6629#0/1	100.000	105	0	0	960	1064	1	105	2.54e-47	195
NC_011593.1:c2598562-2597207	NB551033:151:HCYCWBGXB:2:22107:8458:3548#0/1	100.000	105	0	0	960	1064	1	105	2.54e-47	195
NC_011593.1:c2598562-2597207	NB551033:151:HCYCWBGXB:2:21207:16679:7640#0/1	100.000	105	0	0	960	1064	1	105	2.54e-47	195
NC_011593.1:c2598562-2597207	NB551033:151:HCYCWBGXB:4:23411:24252:14390#0/2	99.065	107	1	0	1118	1224	107	1	9.12e-47	193
NC_011593.1:c2598562-2597207	NB551033:151:HCYCWBGXB:2:23202:17466:19331#0/1	100.000	104	0	0	138	241	48	151	9.12e-47	193
NC_011593.1:c2598562-2597207	NB551033:151:HCYCWBGXB:1:13209:4901:14503#0/2	100.000	103	0	0	962	1064	151	49	3.28e-46	191
NC_011593.1:c2598562-2597207	NB551033:151:HCYCWBGXB:3:23505:8339:18042#0/1	99.048	105	1	0	147	251	1	105	1.18e-45	189
NC_011593.1:c2598562-2597207	NB551033:151:HCYCWBGXB:2:21303:6210:11687#0/2	100.000	101	0	0	1058	1158	101	1	4.25e-45	187
NC_011593.1:c2598562-2597207	NB551033:151:HCYCWBGXB:3:23407:14400:8282#0/2	100.000	100	0	0	509	608	1	100	1.53e-44	185
NC_011593.1:c2598562-2597207	NB551033:151:HCYCWBGXB:4:12609:26420:7633#0/1	98.113	106	2	0	1251	1356	138	33	1.53e-44	185
NC_011593.1:c2598562-2597207	NB551033:151:HCYCWBGXB:2:12206:11137:2657#0/1	100.000	98	0	0	960	1057	1	98	1.98e-43	182
NC_011593.1:c2598562-2597207	NB551033:151:HCYCWBGXB:2:12206:11137:2657#0/2	100.000	97	0	0	961	1057	97	1	7.10e-43	180
NC_011593.1:c2598562-2597207	NB551033:151:HCYCWBGXB:1:23211:21385:10984#0/2	100.000	94	0	0	971	1064	134	41	3.31e-41	174
NC_011593.1:c2598562-2597207	NB551033:151:HCYCWBGXB:3:11604:18612:17451#0/2	100.000	92	0	0	562	653	92	1	4.28e-40	171
NC_011593.1:c2598562-2597207	NB551033:151:HCYCWBGXB:2:11201:3869:2327#0/2	100.000	92	0	0	1265	1356	1	92	4.28e-40	171
NC_011593.1:c2598562-2597207	NB551033:151:HCYCWBGXB:3:11604:18612:17451#0/1	100.000	92	0	0	562	653	1	92	4.28e-40	171
NC_011593.1:c2598562-2597207	NB551033:151:HCYCWBGXB:4:11507:2006:1236#0/2	100.000	91	0	0	138	228	60	150	1.54e-39	169
NC_011593.1:c2598562-2597207	NB551033:151:HCYCWBGXB:3:22507:25480:2723#0/2	100.000	91	0	0	138	228	60	150	1.54e-39	169
NC_011593.1:c2598562-2597207	NB551033:151:HCYCWBGXB:1:13307:14325:5107#0/1	98.936	94	1	0	1058	1151	94	1	1.54e-39	169
NC_011593.1:c2598562-2597207	NB551033:151:HCYCWBGXB:4:23608:16212:7056#0/1	100.000	87	0	0	535	621	87	1	2.57e-37	161
NC_011593.1:c2598562-2597207	NB551033:151:HCYCWBGXB:2:11206:5238:9182#0/1	100.000	87	0	0	228	314	87	1	2.57e-37	161
NC_011593.1:c2598562-2597207	NB551033:151:HCYCWBGXB:4:22612:13714:17501#0/1	98.851	87	1	0	978	1064	148	62	1.20e-35	156
NC_011593.1:c2598562-2597207	NB551033:151:HCYCWBGXB:3:23505:8339:18042#0/2	100.000	83	0	0	358	440	83	1	4.31e-35	154
NC_011593.1:c2598562-2597207	NB551033:151:HCYCWBGXB:2:21206:26690:15439#0/1	100.000	83	0	0	411	493	83	1	4.31e-35	154
NC_011593.1:c2598562-2597207	NB551033:151:HCYCWBGXB:1:12108:6820:16860#0/1	100.000	83	0	0	457	539	1	83	4.31e-35	154
NC_011593.1:c2598562-2597207	NB551033:151:HCYCWBGXB:4:23408:4614:4256#0/2	100.000	82	0	0	138	219	82	1	1.55e-34	152
NC_011593.1:c2598562-2597207	NB551033:151:HCYCWBGXB:1:12108:6820:16860#0/2	100.000	81	0	0	462	542	81	1	5.57e-34	150
NC_011593.1:c2598562-2597207	NB551033:151:HCYCWBGXB:3:12612:12575:17877#0/2	100.000	80	0	0	314	393	1	80	2.00e-33	148
NC_011593.1:c2598562-2597207	NB551033:151:HCYCWBGXB:2:23202:17466:19331#0/2	100.000	80	0	0	211	290	80	1	2.00e-33	148
NC_011593.1:c2598562-2597207	NB551033:151:HCYCWBGXB:2:21108:20328:17026#0/2	98.795	83	1	0	138	220	60	142	2.00e-33	148
NC_011593.1:c2598562-2597207	NB551033:151:HCYCWBGXB:2:11201:3869:2327#0/1	100.000	80	0	0	1277	1356	112	33	2.00e-33	148
NC_011593.1:c2598562-2597207	NB551033:151:HCYCWBGXB:4:12409:23727:5542#0/1	100.000	79	0	0	498	576	79	1	7.20e-33	147
NC_011593.1:c2598562-2597207	NB551033:151:HCYCWBGXB:2:23301:18652:16377#0/1	100.000	79	0	0	297	375	79	1	7.20e-33	147
NC_011593.1:c2598562-2597207	NB551033:151:HCYCWBGXB:2:13201:12995:9230#0/1	100.000	79	0	0	766	844	1	79	7.20e-33	147
NC_011593.1:c2598562-2597207	NB551033:151:HCYCWBGXB:4:22410:5115:6231#0/2	100.000	78	0	0	987	1064	1	78	2.59e-32	145
NC_011593.1:c2598562-2597207	NB551033:151:HCYCWBGXB:4:12603:12724:16878#0/2	98.765	81	1	0	1143	1223	81	1	2.59e-32	145
NC_011593.1:c2598562-2597207	NB551033:151:HCYCWBGXB:3:12612:12575:17877#0/1	100.000	78	0	0	316	393	80	3	2.59e-32	145
NC_011593.1:c2598562-2597207	NB551033:151:HCYCWBGXB:2:11110:25470:9920#0/2	100.000	76	0	0	138	213	75	150	3.35e-31	141
NC_011593.1:c2598562-2597207	NB551033:151:HCYCWBGXB:3:13404:2154:7159#0/1	100.000	76	0	0	1058	1133	76	151	3.35e-31	141
NC_011593.1:c2598562-2597207	NB551033:151:HCYCWBGXB:2:11307:3156:5396#0/1	100.000	76	0	0	138	213	76	1	3.35e-31	141
NC_011593.1:c2598562-2597207	NB551033:151:HCYCWBGXB:1:12207:7484:20100#0/1	100.000	76	0	0	1058	1133	76	151	3.35e-31	141
NC_011593.1:c2598562-2597207	NB551033:151:HCYCWBGXB:2:21108:20328:17026#0/1	98.684	76	1	0	412	487	76	1	1.56e-29	135
NC_011593.1:c2598562-2597207	NB551033:151:HCYCWBGXB:1:11112:5165:5171#0/1	100.000	73	0	0	225	297	73	1	1.56e-29	135
NC_011593.1:c2598562-2597207	NB551033:151:HCYCWBGXB:4:11507:2006:1236#0/1	97.297	74	2	0	228	301	74	1	9.39e-27	126
NC_011593.1:c2598562-2597207	NB551033:151:HCYCWBGXB:3:12604:3956:14855#0/1	100.000	68	0	0	231	298	68	1	9.39e-27	126
NC_011593.1:c2598562-2597207	NB551033:151:HCYCWBGXB:1:12109:26021:15006#0/1	100.000	66	0	0	817	882	66	1	1.21e-25	122
NC_011593.1:c2598562-2597207	NB551033:151:HCYCWBGXB:4:21510:6521:5544#0/2	100.000	65	0	0	1292	1356	113	49	4.37e-25	121
NC_011593.1:c2598562-2597207	NB551033:151:HCYCWBGXB:4:12606:8113:14382#0/1	100.000	65	0	0	231	295	65	1	4.37e-25	121
NC_011593.1:c2598562-2597207	NB551033:151:HCYCWBGXB:4:13605:7737:15923#0/2	100.000	62	0	0	645	706	62	1	2.03e-23	115
NC_011593.1:c2598562-2597207	NB551033:151:HCYCWBGXB:4:21409:4384:3725#0/1	100.000	62	0	0	1058	1119	87	148	2.03e-23	115
NC_011593.1:c2598562-2597207	NB551033:151:HCYCWBGXB:4:13605:7737:15923#0/1	100.000	62	0	0	645	706	1	62	2.03e-23	115
NC_011593.1:c2598562-2597207	NB551033:151:HCYCWBGXB:3:13505:16289:7835#0/2	100.000	61	0	0	1173	1233	61	1	7.31e-23	113
NC_011593.1:c2598562-2597207	NB551033:151:HCYCWBGXB:2:22203:23602:11472#0/2	100.000	58	0	0	407	464	58	1	3.40e-21	108
NC_011593.1:c2598562-2597207	NB551033:151:HCYCWBGXB:3:21611:8207:4127#0/1	100.000	58	0	0	1299	1356	1	58	3.40e-21	108
NC_011593.1:c2598562-2597207	NB551033:151:HCYCWBGXB:2:21205:1221:15439#0/1	100.000	57	0	0	437	493	57	1	1.22e-20	106
NC_011593.1:c2598562-2597207	NB551033:151:HCYCWBGXB:1:13307:14325:5107#0/2	100.000	56	0	0	1058	1113	94	149	4.40e-20	104
NC_011593.1:c2598562-2597207	NB551033:151:HCYCWBGXB:4:23501:17384:19637#0/2	100.000	54	0	0	1011	1064	1	54	5.69e-19	100
NC_011593.1:c2598562-2597207	NB551033:151:HCYCWBGXB:4:21408:6562:11328#0/2	100.000	53	0	0	498	550	53	1	2.05e-18	99.0
NC_011593.1:c2598562-2597207	NB551033:151:HCYCWBGXB:2:21210:23075:11708#0/1	100.000	53	0	0	991	1043	53	1	2.05e-18	99.0
NC_011593.1:c2598562-2597207	NB551033:151:HCYCWBGXB:4:23403:6407:6080#0/2	100.000	52	0	0	319	370	52	1	7.36e-18	97.1
NC_011593.1:c2598562-2597207	NB551033:151:HCYCWBGXB:3:21611:8207:4127#0/2	100.000	51	0	0	1306	1356	111	61	2.65e-17	95.3
NC_011593.1:c2598562-2597207	NB551033:151:HCYCWBGXB:2:13108:14216:13432#0/1	100.000	51	0	0	1306	1356	1	51	2.65e-17	95.3
NC_011593.1:c2598562-2597207	NB551033:151:HCYCWBGXB:1:13204:3458:3604#0/1	96.429	56	2	0	217	272	56	1	9.52e-17	93.5
NC_011593.1:c2598562-2597207	NB551033:151:HCYCWBGXB:2:22107:8458:3548#0/2	100.000	49	0	0	1016	1064	150	102	3.42e-16	91.6
NC_011593.1:c2598562-2597207	NB551033:151:HCYCWBGXB:4:23501:17384:19637#0/1	100.000	49	0	0	1016	1064	150	102	3.42e-16	91.6
NC_011593.1:c2598562-2597207	NB551033:151:HCYCWBGXB:1:12109:26021:15006#0/2	100.000	48	0	0	689	736	1	48	1.23e-15	89.8
NC_011593.1:c2598562-2597207	NB551033:151:HCYCWBGXB:1:22206:18361:8472#0/2	100.000	47	0	0	1193	1239	1	47	4.43e-15	87.9
NC_011593.1:c2598562-2597207	NB551033:151:HCYCWBGXB:1:22206:18361:8472#0/1	100.000	47	0	0	1193	1239	47	1	4.43e-15	87.9
NC_011593.1:c2598562-2597207	NB551033:151:HCYCWBGXB:1:11112:17237:17313#0/2	100.000	46	0	0	645	690	1	46	1.59e-14	86.1
NC_011593.1:c2598562-2597207	NB551033:151:HCYCWBGXB:1:12203:22144:8842#0/1	100.000	46	0	0	1058	1103	46	1	1.59e-14	86.1
NC_011593.1:c2598562-2597207	NB551033:151:HCYCWBGXB:1:11112:17237:17313#0/1	100.000	46	0	0	645	690	46	1	1.59e-14	86.1
NC_011593.1:c2598562-2597207	NB551033:151:HCYCWBGXB:1:22107:20543:13968#0/2	100.000	45	0	0	726	770	1	45	5.73e-14	84.2
NC_011593.1:c2598562-2597207	NB551033:151:HCYCWBGXB:4:21502:22638:8697#0/1	100.000	45	0	0	1180	1224	45	1	5.73e-14	84.2
NC_011593.1:c2598562-2597207	NB551033:151:HCYCWBGXB:1:22107:20543:13968#0/1	100.000	45	0	0	726	770	45	1	5.73e-14	84.2
NC_011593.1:c2598562-2597207	NB551033:151:HCYCWBGXB:3:22505:25654:8440#0/2	100.000	42	0	0	1143	1184	1	42	2.67e-12	78.7
NC_011593.1:c2598562-2597207	NB551033:151:HCYCWBGXB:1:23101:3168:9811#0/2	100.000	42	0	0	138	179	60	101	2.67e-12	78.7
NC_011593.1:c2598562-2597207	NB551033:151:HCYCWBGXB:3:22505:25654:8440#0/1	100.000	42	0	0	1143	1184	42	1	2.67e-12	78.7
NC_011593.1:c2598562-2597207	NB551033:151:HCYCWBGXB:1:23101:3168:9811#0/1	100.000	42	0	0	138	179	42	1	2.67e-12	78.7
NC_011593.1:c2598562-2597207	NB551033:151:HCYCWBGXB:4:13402:25188:6629#0/2	100.000	41	0	0	1024	1064	150	110	9.59e-12	76.8
NC_011593.1:c2598562-2597207	NB551033:151:HCYCWBGXB:1:11209:20811:18223#0/2	100.000	41	0	0	1316	1356	1	41	9.59e-12	76.8
NC_011593.1:c2598562-2597207	NB551033:151:HCYCWBGXB:1:11209:20811:18223#0/1	100.000	41	0	0	1316	1356	73	33	9.59e-12	76.8
NC_011593.1:c2598562-2597207	NB551033:151:HCYCWBGXB:4:23610:22368:11959#0/2	100.000	40	0	0	924	963	40	1	3.45e-11	75.0
NC_011593.1:c2598562-2597207	NB551033:151:HCYCWBGXB:3:11409:4914:13834#0/2	100.000	40	0	0	647	686	40	1	3.45e-11	75.0
NC_011593.1:c2598562-2597207	NB551033:151:HCYCWBGXB:4:23610:22368:11959#0/1	100.000	40	0	0	924	963	1	40	3.45e-11	75.0
NC_011593.1:c2598562-2597207	NB551033:151:HCYCWBGXB:4:22410:5115:6231#0/1	100.000	40	0	0	1025	1064	151	112	3.45e-11	75.0
NC_011593.1:c2598562-2597207	NB551033:151:HCYCWBGXB:2:11310:24077:20061#0/1	100.000	39	0	0	428	466	39	1	1.24e-10	73.1
NC_011593.1:c2598562-2597207	NB551033:151:HCYCWBGXB:2:23108:25716:11480#0/2	100.000	37	0	0	138	174	37	1	1.60e-09	69.4
NC_011593.1:c2598562-2597207	NB551033:151:HCYCWBGXB:2:23108:25716:11480#0/1	100.000	37	0	0	138	174	110	146	1.60e-09	69.4
NC_011593.1:c2598562-2597207	NB551033:151:HCYCWBGXB:2:21303:6210:11687#0/1	100.000	37	0	0	1058	1094	115	151	1.60e-09	69.4
NC_011593.1:c2598562-2597207	NB551033:151:HCYCWBGXB:4:22401:13662:17361#0/2	100.000	36	0	0	424	459	36	1	5.77e-09	67.6
NC_011593.1:c2598562-2597207	NB551033:151:HCYCWBGXB:4:21405:3010:9798#0/2	100.000	36	0	0	1321	1356	80	45	5.77e-09	67.6
NC_011593.1:c2598562-2597207	NB551033:151:HCYCWBGXB:3:11607:19212:7944#0/2	100.000	36	0	0	1321	1356	124	89	5.77e-09	67.6
NC_011593.1:c2598562-2597207	NB551033:151:HCYCWBGXB:2:22207:12523:7338#0/2	100.000	36	0	0	1321	1356	84	49	5.77e-09	67.6
NC_011593.1:c2598562-2597207	NB551033:151:HCYCWBGXB:4:21405:3010:9798#0/1	100.000	36	0	0	1321	1356	1	36	5.77e-09	67.6
NC_011593.1:c2598562-2597207	NB551033:151:HCYCWBGXB:3:11607:19212:7944#0/1	100.000	36	0	0	1321	1356	1	36	5.77e-09	67.6
NC_011593.1:c2598562-2597207	NB551033:151:HCYCWBGXB:2:22207:12523:7338#0/1	100.000	36	0	0	1321	1356	1	36	5.77e-09	67.6
NC_011593.1:c2598562-2597207	NB551033:151:HCYCWBGXB:4:22612:13714:17501#0/2	100.000	35	0	0	600	634	1	35	2.08e-08	65.8
NC_011593.1:c2598562-2597207	NB551033:151:HCYCWBGXB:4:21612:16931:8455#0/2	100.000	35	0	0	1058	1092	35	1	2.08e-08	65.8
NC_011593.1:c2598562-2597207	NB551033:151:HCYCWBGXB:3:22410:23335:7053#0/2	100.000	34	0	0	138	171	34	1	7.46e-08	63.9
NC_011593.1:c2598562-2597207	NB551033:151:HCYCWBGXB:3:11407:3516:9832#0/1	100.000	34	0	0	231	264	34	1	7.46e-08	63.9
NC_011593.1:c2598562-2597207	NB551033:151:HCYCWBGXB:2:11110:25470:9920#0/1	100.000	33	0	0	229	261	33	1	2.68e-07	62.1
NC_011593.1:c2598562-2597207	NB551033:151:HCYCWBGXB:3:21502:21514:2050#0/1	100.000	31	0	0	232	262	31	1	3.47e-06	58.4
NC_011593.1:c2598562-2597207	NB551033:151:HCYCWBGXB:2:13109:1470:9578#0/1	100.000	28	0	0	1329	1356	1	28	1.62e-04	52.8
# BLASTN 2.9.0+
# Query: NC_011593.1:2598858-2601929 Bifidobacterium longum subsp. infantis ATCC 15697, complete genome
# Database: db/blast_M1015-1F-1A_S45.faa
# Fields: query acc.ver, subject acc.ver, % identity, alignment length, mismatches, gap opens, q. start, q. end, s. start, s. end, evalue, bit score
# 346 hits found
NC_011593.1:2598858-2601929	NB551033:151:HCYCWBGXB:3:23406:19161:17096#0/2	100.000	151	0	0	1589	1739	1	151	1.54e-72	279
NC_011593.1:2598858-2601929	NB551033:151:HCYCWBGXB:3:21606:3310:20008#0/2	100.000	151	0	0	919	1069	1	151	1.54e-72	279
NC_011593.1:2598858-2601929	NB551033:151:HCYCWBGXB:2:23208:6341:14047#0/2	100.000	151	0	0	1717	1867	151	1	1.54e-72	279
NC_011593.1:2598858-2601929	NB551033:151:HCYCWBGXB:2:22311:9099:13545#0/2	100.000	151	0	0	1716	1866	151	1	1.54e-72	279
NC_011593.1:2598858-2601929	NB551033:151:HCYCWBGXB:2:22311:1140:10408#0/2	100.000	151	0	0	921	1071	1	151	1.54e-72	279
NC_011593.1:2598858-2601929	NB551033:151:HCYCWBGXB:1:12202:5107:19988#0/2	100.000	151	0	0	1952	2102	1	151	1.54e-72	279
NC_011593.1:2598858-2601929	NB551033:151:HCYCWBGXB:3:23406:19161:17096#0/1	100.000	151	0	0	1736	1886	151	1	1.54e-72	279
NC_011593.1:2598858-2601929	NB551033:151:HCYCWBGXB:3:22611:24286:10792#0/1	100.000	151	0	0	192	342	1	151	1.54e-72	279
NC_011593.1:2598858-2601929	NB551033:151:HCYCWBGXB:3:12508:17930:1930#0/1	100.000	151	0	0	1718	1868	151	1	1.54e-72	279
NC_011593.1:2598858-2601929	NB551033:151:HCYCWBGXB:2:23102:14484:3307#0/1	100.000	151	0	0	1904	2054	151	1	1.54e-72	279
NC_011593.1:2598858-2601929	NB551033:151:HCYCWBGXB:1:11205:15070:5452#0/1	100.000	151	0	0	1610	1760	151	1	1.54e-72	279
NC_011593.1:2598858-2601929	NB551033:151:HCYCWBGXB:4:12607:7361:9922#0/2	100.000	150	0	0	900	1049	150	1	5.55e-72	278
NC_011593.1:2598858-2601929	NB551033:151:HCYCWBGXB:4:12402:14445:19048#0/2	100.000	150	0	0	1606	1755	150	1	5.55e-72	278
NC_011593.1:2598858-2601929	NB551033:151:HCYCWBGXB:3:21411:25186:3090#0/2	100.000	150	0	0	1666	1815	150	1	5.55e-72	278
NC_011593.1:2598858-2601929	NB551033:151:HCYCWBGXB:1:22102:21370:1261#0/2	100.000	150	0	0	1623	1772	1	150	5.55e-72	278
NC_011593.1:2598858-2601929	NB551033:151:HCYCWBGXB:1:21203:13644:10136#0/2	100.000	150	0	0	1599	1748	150	1	5.55e-72	278
NC_011593.1:2598858-2601929	NB551033:151:HCYCWBGXB:1:13312:12052:6081#0/2	100.000	150	0	0	1700	1849	150	1	5.55e-72	278
NC_011593.1:2598858-2601929	NB551033:151:HCYCWBGXB:1:11205:15070:5452#0/2	100.000	150	0	0	1599	1748	1	150	5.55e-72	278
NC_011593.1:2598858-2601929	NB551033:151:HCYCWBGXB:4:12402:14445:19048#0/1	100.000	150	0	0	1599	1748	1	150	5.55e-72	278
NC_011593.1:2598858-2601929	NB551033:151:HCYCWBGXB:3:21503:4646:13600#0/1	100.000	150	0	0	904	1053	150	1	5.55e-72	278
NC_011593.1:2598858-2601929	NB551033:151:HCYCWBGXB:3:21411:25186:3090#0/1	100.000	150	0	0	1649	1798	1	150	5.55e-72	278
NC_011593.1:2598858-2601929	NB551033:151:HCYCWBGXB:2:21201:26276:6569#0/1	100.000	150	0	0	177	326	150	1	5.55e-72	278
NC_011593.1:2598858-2601929	NB551033:151:HCYCWBGXB:1:22102:21370:1261#0/1	100.000	150	0	0	1624	1773	150	1	5.55e-72	278
NC_011593.1:2598858-2601929	NB551033:151:HCYCWBGXB:1:21207:10643:14624#0/1	100.000	150	0	0	922	1071	150	1	5.55e-72	278
NC_011593.1:2598858-2601929	NB551033:151:HCYCWBGXB:1:21203:13644:10136#0/1	100.000	150	0	0	1569	1718	1	150	5.55e-72	278
NC_011593.1:2598858-2601929	NB551033:151:HCYCWBGXB:1:13312:12052:6081#0/1	100.000	150	0	0	1601	1750	1	150	5.55e-72	278
NC_011593.1:2598858-2601929	NB551033:151:HCYCWBGXB:4:22503:11419:5746#0/2	100.000	149	0	0	1684	1832	149	1	2.00e-71	276
NC_011593.1:2598858-2601929	NB551033:151:HCYCWBGXB:3:22611:24286:10792#0/2	100.000	149	0	0	206	354	149	1	2.00e-71	276
NC_011593.1:2598858-2601929	NB551033:151:HCYCWBGXB:3:13402:25208:14758#0/2	100.000	149	0	0	1558	1706	149	1	2.00e-71	276
NC_011593.1:2598858-2601929	NB551033:151:HCYCWBGXB:3:12508:17930:1930#0/2	100.000	149	0	0	1717	1865	1	149	2.00e-71	276
NC_011593.1:2598858-2601929	NB551033:151:HCYCWBGXB:4:22503:11419:5746#0/1	100.000	149	0	0	1617	1765	1	149	2.00e-71	276
NC_011593.1:2598858-2601929	NB551033:151:HCYCWBGXB:4:11611:22041:4849#0/1	100.000	149	0	0	1576	1724	149	1	2.00e-71	276
NC_011593.1:2598858-2601929	NB551033:151:HCYCWBGXB:3:12604:24200:4200#0/1	100.000	149	0	0	1981	2129	1	149	2.00e-71	276
NC_011593.1:2598858-2601929	NB551033:151:HCYCWBGXB:2:12304:25123:10610#0/1	100.000	149	0	0	177	325	149	1	2.00e-71	276
NC_011593.1:2598858-2601929	NB551033:151:HCYCWBGXB:3:22612:1736:7331#0/2	100.000	148	0	0	1717	1864	1	148	7.18e-71	274
NC_011593.1:2598858-2601929	NB551033:151:HCYCWBGXB:2:23102:5374:16469#0/2	99.338	151	1	0	1812	1962	1	151	7.18e-71	274
NC_011593.1:2598858-2601929	NB551033:151:HCYCWBGXB:2:22105:15084:14812#0/2	99.338	151	1	0	337	487	151	1	7.18e-71	274
NC_011593.1:2598858-2601929	NB551033:151:HCYCWBGXB:2:21312:17630:11082#0/2	99.338	151	1	0	1852	2002	1	151	7.18e-71	274
NC_011593.1:2598858-2601929	NB551033:151:HCYCWBGXB:4:23501:4527:17047#0/1	99.338	151	1	0	1875	2025	151	1	7.18e-71	274
NC_011593.1:2598858-2601929	NB551033:151:HCYCWBGXB:2:21312:17630:11082#0/1	99.338	151	1	0	1875	2025	151	1	7.18e-71	274
NC_011593.1:2598858-2601929	NB551033:151:HCYCWBGXB:1:13309:17594:10814#0/1	99.338	151	1	0	168	318	1	151	7.18e-71	274
NC_011593.1:2598858-2601929	NB551033:151:HCYCWBGXB:1:11303:2128:4309#0/1	99.338	151	1	0	1971	2121	1	151	7.18e-71	274
NC_011593.1:2598858-2601929	NB551033:151:HCYCWBGXB:4:23501:4527:17047#0/2	99.333	150	1	0	1617	1766	1	150	2.58e-70	272
NC_011593.1:2598858-2601929	NB551033:151:HCYCWBGXB:4:22402:21627:7780#0/2	99.333	150	1	0	1009	1158	1	150	2.58e-70	272
NC_011593.1:2598858-2601929	NB551033:151:HCYCWBGXB:1:13309:17594:10814#0/2	99.333	150	1	0	330	479	150	1	2.58e-70	272
NC_011593.1:2598858-2601929	NB551033:151:HCYCWBGXB:1:11309:7777:17694#0/2	99.333	150	1	0	1994	2143	150	1	2.58e-70	272
NC_011593.1:2598858-2601929	NB551033:151:HCYCWBGXB:1:11303:2128:4309#0/2	99.333	150	1	0	2006	2155	150	1	2.58e-70	272
NC_011593.1:2598858-2601929	NB551033:151:HCYCWBGXB:2:23208:6341:14047#0/1	99.333	150	1	0	1675	1824	1	150	2.58e-70	272
NC_011593.1:2598858-2601929	NB551033:151:HCYCWBGXB:2:22204:24225:16644#0/1	99.333	150	1	0	1923	2072	1	150	2.58e-70	272
NC_011593.1:2598858-2601929	NB551033:151:HCYCWBGXB:2:22105:15084:14812#0/1	99.333	150	1	0	270	419	1	150	2.58e-70	272
NC_011593.1:2598858-2601929	NB551033:151:HCYCWBGXB:1:23108:8514:1230#0/1	99.333	150	1	0	1846	1995	1	150	2.58e-70	272
NC_011593.1:2598858-2601929	NB551033:151:HCYCWBGXB:4:13608:9140:11546#0/2	99.329	149	1	0	168	316	1	149	9.29e-70	270
NC_011593.1:2598858-2601929	NB551033:151:HCYCWBGXB:4:13508:4438:18754#0/2	99.329	149	1	0	895	1043	2	150	9.29e-70	270
NC_011593.1:2598858-2601929	NB551033:151:HCYCWBGXB:2:23102:14484:3307#0/2	99.329	149	1	0	1683	1831	1	149	9.29e-70	270
NC_011593.1:2598858-2601929	NB551033:151:HCYCWBGXB:4:23608:8096:19385#0/1	99.329	149	1	0	985	1133	149	1	9.29e-70	270
NC_011593.1:2598858-2601929	NB551033:151:HCYCWBGXB:2:23102:5374:16469#0/1	99.329	149	1	0	1853	2001	149	1	9.29e-70	270
NC_011593.1:2598858-2601929	NB551033:151:HCYCWBGXB:4:12407:9392:9135#0/2	98.675	151	2	0	1026	1176	1	151	3.34e-69	268
NC_011593.1:2598858-2601929	NB551033:151:HCYCWBGXB:3:21406:18008:15998#0/2	98.675	151	2	0	1065	1215	151	1	3.34e-69	268
NC_011593.1:2598858-2601929	NB551033:151:HCYCWBGXB:2:23212:5762:3232#0/2	98.675	151	2	0	1244	1394	151	1	3.34e-69	268
NC_011593.1:2598858-2601929	NB551033:151:HCYCWBGXB:2:12302:16633:10884#0/2	98.675	151	2	0	95	245	151	1	3.34e-69	268
NC_011593.1:2598858-2601929	NB551033:151:HCYCWBGXB:1:23207:3897:5562#0/2	98.675	151	2	0	652	802	151	1	3.34e-69	268
NC_011593.1:2598858-2601929	NB551033:151:HCYCWBGXB:1:21110:16229:11805#0/2	98.675	151	2	0	723	873	151	1	3.34e-69	268
NC_011593.1:2598858-2601929	NB551033:151:HCYCWBGXB:4:23408:7710:11616#0/1	98.675	151	2	0	1406	1556	151	1	3.34e-69	268
NC_011593.1:2598858-2601929	NB551033:151:HCYCWBGXB:3:21406:18008:15998#0/1	98.675	151	2	0	971	1121	1	151	3.34e-69	268
NC_011593.1:2598858-2601929	NB551033:151:HCYCWBGXB:3:11611:24251:7355#0/1	98.675	151	2	0	1503	1653	151	1	3.34e-69	268
NC_011593.1:2598858-2601929	NB551033:151:HCYCWBGXB:2:23303:9341:5411#0/1	98.675	151	2	0	1067	1217	151	1	3.34e-69	268
NC_011593.1:2598858-2601929	NB551033:151:HCYCWBGXB:2:12302:16633:10884#0/1	99.324	148	1	0	1	148	3	150	3.34e-69	268
NC_011593.1:2598858-2601929	NB551033:151:HCYCWBGXB:2:12203:11030:7483#0/1	98.675	151	2	0	2795	2945	1	151	3.34e-69	268
NC_011593.1:2598858-2601929	NB551033:151:HCYCWBGXB:1:23109:25573:18956#0/1	98.675	151	2	0	1076	1226	1	151	3.34e-69	268
NC_011593.1:2598858-2601929	NB551033:151:HCYCWBGXB:4:13612:14557:11891#0/2	98.667	150	2	0	2819	2968	150	1	1.20e-68	267
NC_011593.1:2598858-2601929	NB551033:151:HCYCWBGXB:4:12605:13537:9916#0/2	98.667	150	2	0	1319	1468	150	1	1.20e-68	267
NC_011593.1:2598858-2601929	NB551033:151:HCYCWBGXB:4:11404:17795:14434#0/2	98.667	150	2	0	2525	2674	1	150	1.20e-68	267
NC_011593.1:2598858-2601929	NB551033:151:HCYCWBGXB:3:22611:23763:1943#0/2	98.667	150	2	0	682	831	1	150	1.20e-68	267
NC_011593.1:2598858-2601929	NB551033:151:HCYCWBGXB:2:23305:18466:17936#0/2	98.667	150	2	0	721	870	150	1	1.20e-68	267
NC_011593.1:2598858-2601929	NB551033:151:HCYCWBGXB:2:23303:9341:5411#0/2	98.667	150	2	0	1018	1167	1	150	1.20e-68	267
NC_011593.1:2598858-2601929	NB551033:151:HCYCWBGXB:1:13209:6800:19082#0/2	98.667	150	2	0	1313	1462	150	1	1.20e-68	267
NC_011593.1:2598858-2601929	NB551033:151:HCYCWBGXB:4:12608:14953:4339#0/1	98.667	150	2	0	2147	2296	1	150	1.20e-68	267
NC_011593.1:2598858-2601929	NB551033:151:HCYCWBGXB:3:23605:4739:14799#0/1	98.667	150	2	0	2147	2296	1	150	1.20e-68	267
NC_011593.1:2598858-2601929	NB551033:151:HCYCWBGXB:3:21606:3310:20008#0/1	98.667	150	2	0	1068	1217	150	1	1.20e-68	267
NC_011593.1:2598858-2601929	NB551033:151:HCYCWBGXB:3:13402:25208:14758#0/1	98.667	150	2	0	1329	1478	1	150	1.20e-68	267
NC_011593.1:2598858-2601929	NB551033:151:HCYCWBGXB:3:11503:17212:4470#0/1	99.320	147	1	0	1765	1911	1	147	1.20e-68	267
NC_011593.1:2598858-2601929	NB551033:151:HCYCWBGXB:2:23212:5762:3232#0/1	98.667	150	2	0	1045	1194	1	150	1.20e-68	267
NC_011593.1:2598858-2601929	NB551033:151:HCYCWBGXB:2:21306:8153:5282#0/1	98.667	150	2	0	2458	2607	1	150	1.20e-68	267
NC_011593.1:2598858-2601929	NB551033:151:HCYCWBGXB:2:12107:22714:13724#0/1	98.667	150	2	0	1045	1194	150	1	1.20e-68	267
NC_011593.1:2598858-2601929	NB551033:151:HCYCWBGXB:1:23211:10638:4097#0/1	98.667	150	2	0	2784	2933	1	150	1.20e-68	267
NC_011593.1:2598858-2601929	NB551033:151:HCYCWBGXB:1:21110:16229:11805#0/1	98.667	150	2	0	647	796	1	150	1.20e-68	267
NC_011593.1:2598858-2601929	NB551033:151:HCYCWBGXB:4:23508:10420:8249#0/2	98.658	149	2	0	565	713	149	1	4.32e-68	265
NC_011593.1:2598858-2601929	NB551033:151:HCYCWBGXB:4:11606:14463:14721#0/2	99.315	146	1	0	300	445	146	1	4.32e-68	265
NC_011593.1:2598858-2601929	NB551033:151:HCYCWBGXB:3:23611:6131:7237#0/2	98.658	149	2	0	1246	1394	1	149	4.32e-68	265
NC_011593.1:2598858-2601929	NB551033:151:HCYCWBGXB:3:21503:4646:13600#0/2	98.658	149	2	0	651	799	1	149	4.32e-68	265
NC_011593.1:2598858-2601929	NB551033:151:HCYCWBGXB:3:11611:24251:7355#0/2	98.658	149	2	0	1480	1628	2	150	4.32e-68	265
NC_011593.1:2598858-2601929	NB551033:151:HCYCWBGXB:2:12304:25123:10610#0/2	98.658	149	2	0	50	198	1	149	4.32e-68	265
NC_011593.1:2598858-2601929	NB551033:151:HCYCWBGXB:4:21411:11059:9983#0/1	98.658	149	2	0	137	285	1	149	4.32e-68	265
NC_011593.1:2598858-2601929	NB551033:151:HCYCWBGXB:3:23611:6131:7237#0/1	98.658	149	2	0	1246	1394	149	1	4.32e-68	265
NC_011593.1:2598858-2601929	NB551033:151:HCYCWBGXB:1:22102:20819:16191#0/1	98.658	149	2	0	565	713	149	1	4.32e-68	265
NC_011593.1:2598858-2601929	NB551033:151:HCYCWBGXB:4:23611:21013:9488#0/2	98.013	151	3	0	2544	2694	151	1	1.55e-67	263
NC_011593.1:2598858-2601929	NB551033:151:HCYCWBGXB:4:22405:6405:6756#0/2	98.013	151	3	0	1461	1611	151	1	1.55e-67	263
NC_011593.1:2598858-2601929	NB551033:151:HCYCWBGXB:4:21611:21678:7536#0/2	98.013	151	3	0	2331	2481	151	1	1.55e-67	263
NC_011593.1:2598858-2601929	NB551033:151:HCYCWBGXB:4:12404:10693:15665#0/2	99.310	145	1	0	690	834	1	145	1.55e-67	263
NC_011593.1:2598858-2601929	NB551033:151:HCYCWBGXB:2:21306:8153:5282#0/2	98.013	151	3	0	2535	2685	151	1	1.55e-67	263
NC_011593.1:2598858-2601929	NB551033:151:HCYCWBGXB:2:12203:6772:19926#0/2	98.013	151	3	0	2919	3069	151	1	1.55e-67	263
NC_011593.1:2598858-2601929	NB551033:151:HCYCWBGXB:1:23109:25573:18956#0/2	98.649	148	2	0	1247	1394	150	3	1.55e-67	263
NC_011593.1:2598858-2601929	NB551033:151:HCYCWBGXB:1:13301:7110:11480#0/2	98.649	148	2	0	728	875	150	3	1.55e-67	263
NC_011593.1:2598858-2601929	NB551033:151:HCYCWBGXB:4:23607:9384:9788#0/1	98.013	151	3	0	333	483	151	1	1.55e-67	263
NC_011593.1:2598858-2601929	NB551033:151:HCYCWBGXB:4:13408:4580:18785#0/1	98.013	151	3	0	1341	1491	1	151	1.55e-67	263
NC_011593.1:2598858-2601929	NB551033:151:HCYCWBGXB:4:12404:10693:15665#0/1	99.310	145	1	0	690	834	145	1	1.55e-67	263
NC_011593.1:2598858-2601929	NB551033:151:HCYCWBGXB:4:11606:14463:14721#0/1	99.310	145	1	0	300	444	1	145	1.55e-67	263
NC_011593.1:2598858-2601929	NB551033:151:HCYCWBGXB:3:21502:11172:17657#0/1	98.013	151	3	0	2347	2497	151	1	1.55e-67	263
NC_011593.1:2598858-2601929	NB551033:151:HCYCWBGXB:2:22311:9099:13545#0/1	98.013	151	3	0	1444	1594	1	151	1.55e-67	263
NC_011593.1:2598858-2601929	NB551033:151:HCYCWBGXB:2:12203:6772:19926#0/1	98.649	148	2	0	2851	2998	3	150	1.55e-67	263
NC_011593.1:2598858-2601929	NB551033:151:HCYCWBGXB:1:13209:6800:19082#0/1	98.013	151	3	0	880	1030	1	151	1.55e-67	263
NC_011593.1:2598858-2601929	NB551033:151:HCYCWBGXB:1:11309:7777:17694#0/1	99.310	145	1	0	1886	2030	1	145	1.55e-67	263
NC_011593.1:2598858-2601929	NB551033:151:HCYCWBGXB:4:13408:4580:18785#0/2	98.000	150	3	0	1415	1564	150	1	5.59e-67	261
NC_011593.1:2598858-2601929	NB551033:151:HCYCWBGXB:4:12608:14953:4339#0/2	98.000	150	3	0	2331	2480	150	1	5.59e-67	261
NC_011593.1:2598858-2601929	NB551033:151:HCYCWBGXB:4:11411:16602:7922#0/2	98.639	147	2	0	2772	2918	1	147	5.59e-67	261
NC_011593.1:2598858-2601929	NB551033:151:HCYCWBGXB:3:23605:4739:14799#0/2	98.000	150	3	0	2329	2478	150	1	5.59e-67	261
NC_011593.1:2598858-2601929	NB551033:151:HCYCWBGXB:3:12604:24200:4200#0/2	98.000	150	3	0	2083	2232	150	1	5.59e-67	261
NC_011593.1:2598858-2601929	NB551033:151:HCYCWBGXB:3:11601:23038:15824#0/2	98.000	150	3	0	2318	2467	1	150	5.59e-67	261
NC_011593.1:2598858-2601929	NB551033:151:HCYCWBGXB:2:21203:9745:6887#0/2	98.000	150	3	0	1140	1289	1	150	5.59e-67	261
NC_011593.1:2598858-2601929	NB551033:151:HCYCWBGXB:1:23108:8514:1230#0/2	98.000	150	3	0	2078	2227	150	1	5.59e-67	261
NC_011593.1:2598858-2601929	NB551033:151:HCYCWBGXB:1:22311:6785:3672#0/2	98.000	150	3	0	2229	2378	1	150	5.59e-67	261
NC_011593.1:2598858-2601929	NB551033:151:HCYCWBGXB:1:22111:25127:4899#0/2	98.639	147	2	0	2910	3056	1	147	5.59e-67	261
NC_011593.1:2598858-2601929	NB551033:151:HCYCWBGXB:1:13303:8272:12977#0/2	98.000	150	3	0	2318	2467	1	150	5.59e-67	261
NC_011593.1:2598858-2601929	NB551033:151:HCYCWBGXB:4:23510:25642:7827#0/1	98.000	150	3	0	2841	2990	1	150	5.59e-67	261
NC_011593.1:2598858-2601929	NB551033:151:HCYCWBGXB:4:22402:21627:7780#0/1	98.000	150	3	0	1139	1288	150	1	5.59e-67	261
NC_011593.1:2598858-2601929	NB551033:151:HCYCWBGXB:4:13612:14557:11891#0/1	98.000	150	3	0	2773	2922	1	150	5.59e-67	261
NC_011593.1:2598858-2601929	NB551033:151:HCYCWBGXB:4:12605:13537:9916#0/1	98.000	150	3	0	1281	1430	1	150	5.59e-67	261
NC_011593.1:2598858-2601929	NB551033:151:HCYCWBGXB:4:12407:9392:9135#0/1	98.000	150	3	0	1134	1283	150	1	5.59e-67	261
NC_011593.1:2598858-2601929	NB551033:151:HCYCWBGXB:4:11411:16602:7922#0/1	98.639	147	2	0	2772	2918	147	1	5.59e-67	261
NC_011593.1:2598858-2601929	NB551033:151:HCYCWBGXB:4:11404:17795:14434#0/1	98.000	150	3	0	2531	2680	150	1	5.59e-67	261
NC_011593.1:2598858-2601929	NB551033:151:HCYCWBGXB:3:12603:16561:5124#0/1	98.000	150	3	0	2348	2497	150	1	5.59e-67	261
NC_011593.1:2598858-2601929	NB551033:151:HCYCWBGXB:2:21203:9745:6887#0/1	98.000	150	3	0	1151	1300	150	1	5.59e-67	261
NC_011593.1:2598858-2601929	NB551033:151:HCYCWBGXB:2:11211:20384:18539#0/1	98.000	150	3	0	2905	3054	1	150	5.59e-67	261
NC_011593.1:2598858-2601929	NB551033:151:HCYCWBGXB:1:12202:5107:19988#0/1	98.000	150	3	0	2016	2165	150	1	5.59e-67	261
NC_011593.1:2598858-2601929	NB551033:151:HCYCWBGXB:3:23508:22873:3302#0/2	97.987	149	3	0	2724	2872	149	1	2.01e-66	259
NC_011593.1:2598858-2601929	NB551033:151:HCYCWBGXB:4:23510:25642:7827#0/2	97.973	148	3	0	2917	3064	148	1	7.23e-66	257
NC_011593.1:2598858-2601929	NB551033:151:HCYCWBGXB:4:23408:7710:11616#0/2	97.973	148	3	0	1214	1361	1	148	7.23e-66	257
NC_011593.1:2598858-2601929	NB551033:151:HCYCWBGXB:3:13502:7098:4749#0/2	97.351	151	4	0	867	1017	151	1	7.23e-66	257
NC_011593.1:2598858-2601929	NB551033:151:HCYCWBGXB:1:22107:5727:7329#0/2	97.973	148	3	0	2724	2871	2	149	7.23e-66	257
NC_011593.1:2598858-2601929	NB551033:151:HCYCWBGXB:1:22102:9932:10225#0/2	97.351	151	4	0	2638	2788	1	151	7.23e-66	257
NC_011593.1:2598858-2601929	NB551033:151:HCYCWBGXB:4:22405:6405:6756#0/1	97.973	148	3	0	1152	1299	3	150	7.23e-66	257
NC_011593.1:2598858-2601929	NB551033:151:HCYCWBGXB:3:22606:11721:12951#0/1	97.351	151	4	0	2255	2405	1	151	7.23e-66	257
NC_011593.1:2598858-2601929	NB551033:151:HCYCWBGXB:3:11601:23038:15824#0/1	97.351	151	4	0	2648	2798	151	1	7.23e-66	257
NC_011593.1:2598858-2601929	NB551033:151:HCYCWBGXB:2:21310:19127:16800#0/1	97.351	151	4	0	2331	2481	151	1	7.23e-66	257
NC_011593.1:2598858-2601929	NB551033:151:HCYCWBGXB:2:11201:8579:10111#0/1	97.351	151	4	0	2716	2866	1	151	7.23e-66	257
NC_011593.1:2598858-2601929	NB551033:151:HCYCWBGXB:1:23104:23318:6879#0/1	98.621	145	2	0	1054	1198	1	145	7.23e-66	257
NC_011593.1:2598858-2601929	NB551033:151:HCYCWBGXB:1:13303:8272:12977#0/1	97.351	151	4	0	2636	2786	151	1	7.23e-66	257
NC_011593.1:2598858-2601929	NB551033:151:HCYCWBGXB:4:23607:9384:9788#0/2	97.333	150	4	0	99	248	1	150	2.60e-65	255
NC_011593.1:2598858-2601929	NB551033:151:HCYCWBGXB:4:22508:18195:15669#0/2	97.333	150	4	0	2279	2428	1	150	2.60e-65	255
NC_011593.1:2598858-2601929	NB551033:151:HCYCWBGXB:3:21502:11172:17657#0/2	97.333	150	4	0	2279	2428	1	150	2.60e-65	255
NC_011593.1:2598858-2601929	NB551033:151:HCYCWBGXB:3:12603:16561:5124#0/2	97.333	150	4	0	2295	2444	1	150	2.60e-65	255
NC_011593.1:2598858-2601929	NB551033:151:HCYCWBGXB:2:22204:24225:16644#0/2	97.333	150	4	0	2261	2410	150	1	2.60e-65	255
NC_011593.1:2598858-2601929	NB551033:151:HCYCWBGXB:2:21310:19127:16800#0/2	97.333	150	4	0	2318	2467	1	150	2.60e-65	255
NC_011593.1:2598858-2601929	NB551033:151:HCYCWBGXB:1:21207:10643:14624#0/2	97.333	150	4	0	867	1016	1	150	2.60e-65	255
NC_011593.1:2598858-2601929	NB551033:151:HCYCWBGXB:4:23611:21013:9488#0/1	97.333	150	4	0	2273	2422	1	150	2.60e-65	255
NC_011593.1:2598858-2601929	NB551033:151:HCYCWBGXB:4:22609:24923:3940#0/1	97.333	150	4	0	2718	2867	150	1	2.60e-65	255
NC_011593.1:2598858-2601929	NB551033:151:HCYCWBGXB:4:22508:18195:15669#0/1	97.333	150	4	0	2297	2446	150	1	2.60e-65	255
NC_011593.1:2598858-2601929	NB551033:151:HCYCWBGXB:3:23508:22873:3302#0/1	97.333	150	4	0	2554	2703	1	150	2.60e-65	255
NC_011593.1:2598858-2601929	NB551033:151:HCYCWBGXB:3:22612:1736:7331#0/1	97.333	150	4	0	2297	2446	150	1	2.60e-65	255
NC_011593.1:2598858-2601929	NB551033:151:HCYCWBGXB:1:22102:9932:10225#0/1	97.333	150	4	0	2654	2803	150	1	2.60e-65	255
NC_011593.1:2598858-2601929	NB551033:151:HCYCWBGXB:3:22606:11721:12951#0/2	97.315	149	4	0	2295	2443	149	1	9.35e-65	254
NC_011593.1:2598858-2601929	NB551033:151:HCYCWBGXB:4:22609:24923:3940#0/2	97.931	145	3	0	2686	2830	1	145	3.36e-64	252
NC_011593.1:2598858-2601929	NB551033:151:HCYCWBGXB:3:21411:12341:16705#0/2	100.000	136	0	0	2402	2537	136	1	3.36e-64	252
NC_011593.1:2598858-2601929	NB551033:151:HCYCWBGXB:3:12608:12543:12951#0/2	97.297	148	4	0	2295	2442	148	1	3.36e-64	252
NC_011593.1:2598858-2601929	NB551033:151:HCYCWBGXB:2:12203:11030:7483#0/2	97.297	148	4	0	2917	3064	148	1	3.36e-64	252
NC_011593.1:2598858-2601929	NB551033:151:HCYCWBGXB:1:22102:20819:16191#0/2	96.689	151	5	0	474	624	1	151	3.36e-64	252
NC_011593.1:2598858-2601929	NB551033:151:HCYCWBGXB:4:21611:21678:7536#0/1	96.689	151	5	0	2297	2447	1	151	3.36e-64	252
NC_011593.1:2598858-2601929	NB551033:151:HCYCWBGXB:3:21411:12341:16705#0/1	100.000	136	0	0	2402	2537	1	136	3.36e-64	252
NC_011593.1:2598858-2601929	NB551033:151:HCYCWBGXB:2:22311:1140:10408#0/1	99.281	139	1	0	996	1134	139	1	3.36e-64	252
NC_011593.1:2598858-2601929	NB551033:151:HCYCWBGXB:2:22301:7524:15595#0/1	96.689	151	5	0	1312	1462	151	1	3.36e-64	252
NC_011593.1:2598858-2601929	NB551033:151:HCYCWBGXB:4:23608:8096:19385#0/2	96.667	150	5	0	782	931	1	150	1.21e-63	250
NC_011593.1:2598858-2601929	NB551033:151:HCYCWBGXB:4:23408:24879:5254#0/2	99.275	138	1	0	2219	2356	138	1	1.21e-63	250
NC_011593.1:2598858-2601929	NB551033:151:HCYCWBGXB:3:23412:26328:15081#0/2	99.275	138	1	0	1842	1979	1	138	1.21e-63	250
NC_011593.1:2598858-2601929	NB551033:151:HCYCWBGXB:3:13407:25380:19425#0/2	96.667	150	5	0	830	979	150	1	1.21e-63	250
NC_011593.1:2598858-2601929	NB551033:151:HCYCWBGXB:3:11503:17212:4470#0/2	96.667	150	5	0	2122	2271	150	1	1.21e-63	250
NC_011593.1:2598858-2601929	NB551033:151:HCYCWBGXB:2:21201:26276:6569#0/2	99.275	138	1	0	1	138	13	150	1.21e-63	250
NC_011593.1:2598858-2601929	NB551033:151:HCYCWBGXB:2:12107:22714:13724#0/2	96.667	150	5	0	799	948	1	150	1.21e-63	250
NC_011593.1:2598858-2601929	NB551033:151:HCYCWBGXB:2:11211:20384:18539#0/2	97.917	144	3	0	2929	3072	151	8	1.21e-63	250
NC_011593.1:2598858-2601929	NB551033:151:HCYCWBGXB:1:21202:13985:7212#0/2	96.667	150	5	0	489	638	150	1	1.21e-63	250
NC_011593.1:2598858-2601929	NB551033:151:HCYCWBGXB:4:23508:10420:8249#0/1	96.667	150	5	0	527	676	1	150	1.21e-63	250
NC_011593.1:2598858-2601929	NB551033:151:HCYCWBGXB:4:23408:24879:5254#0/1	99.275	138	1	0	2219	2356	1	138	1.21e-63	250
NC_011593.1:2598858-2601929	NB551033:151:HCYCWBGXB:4:13608:9140:11546#0/1	99.275	138	1	0	253	390	138	1	1.21e-63	250
NC_011593.1:2598858-2601929	NB551033:151:HCYCWBGXB:4:12607:7361:9922#0/1	96.667	150	5	0	799	948	1	150	1.21e-63	250
NC_011593.1:2598858-2601929	NB551033:151:HCYCWBGXB:3:23412:26328:15081#0/1	99.275	138	1	0	1842	1979	138	1	1.21e-63	250
NC_011593.1:2598858-2601929	NB551033:151:HCYCWBGXB:3:13502:7098:4749#0/1	96.667	150	5	0	545	694	1	150	1.21e-63	250
NC_011593.1:2598858-2601929	NB551033:151:HCYCWBGXB:1:23207:3897:5562#0/1	96.667	150	5	0	521	670	1	150	1.21e-63	250
NC_011593.1:2598858-2601929	NB551033:151:HCYCWBGXB:1:21202:13985:7212#0/1	96.667	150	5	0	453	602	1	150	1.21e-63	250
NC_011593.1:2598858-2601929	NB551033:151:HCYCWBGXB:3:22611:23763:1943#0/1	97.902	143	3	0	750	892	151	9	4.35e-63	248
NC_011593.1:2598858-2601929	NB551033:151:HCYCWBGXB:3:12511:5637:8013#0/1	96.644	149	5	0	836	984	149	1	4.35e-63	248
NC_011593.1:2598858-2601929	NB551033:151:HCYCWBGXB:3:11511:13922:19213#0/2	96.026	151	6	0	769	919	151	1	1.57e-62	246
NC_011593.1:2598858-2601929	NB551033:151:HCYCWBGXB:3:21606:23824:13924#0/2	96.599	147	5	0	442	588	147	1	5.63e-62	244
NC_011593.1:2598858-2601929	NB551033:151:HCYCWBGXB:2:21108:10640:17097#0/2	97.872	141	3	0	1437	1577	141	1	5.63e-62	244
NC_011593.1:2598858-2601929	NB551033:151:HCYCWBGXB:1:23211:10638:4097#0/2	98.551	138	2	0	2796	2933	138	1	5.63e-62	244
NC_011593.1:2598858-2601929	NB551033:151:HCYCWBGXB:3:21606:23824:13924#0/1	96.599	147	5	0	442	588	1	147	5.63e-62	244
NC_011593.1:2598858-2601929	NB551033:151:HCYCWBGXB:3:13407:25380:19425#0/1	96.000	150	6	0	647	796	1	150	5.63e-62	244
NC_011593.1:2598858-2601929	NB551033:151:HCYCWBGXB:2:23305:18466:17936#0/1	96.000	150	6	0	437	586	1	150	5.63e-62	244
NC_011593.1:2598858-2601929	NB551033:151:HCYCWBGXB:2:21108:10640:17097#0/1	97.872	141	3	0	1437	1577	1	141	5.63e-62	244
NC_011593.1:2598858-2601929	NB551033:151:HCYCWBGXB:4:21408:24699:18272#0/2	99.254	134	1	0	2402	2535	1	134	2.02e-61	243
NC_011593.1:2598858-2601929	NB551033:151:HCYCWBGXB:2:21108:14718:16807#0/1	98.540	137	2	0	2385	2521	1	137	2.02e-61	243
NC_011593.1:2598858-2601929	NB551033:151:HCYCWBGXB:2:21108:14718:16807#0/2	100.000	130	0	0	2392	2521	130	1	7.28e-61	241
NC_011593.1:2598858-2601929	NB551033:151:HCYCWBGXB:3:12608:12543:12951#0/1	97.183	142	4	0	2140	2281	1	142	7.28e-61	241
NC_011593.1:2598858-2601929	NB551033:151:HCYCWBGXB:1:13301:7110:11480#0/1	98.529	136	2	0	600	735	1	136	7.28e-61	241
NC_011593.1:2598858-2601929	NB551033:151:HCYCWBGXB:3:11408:15592:18019#0/2	99.242	132	1	0	1	132	132	1	2.62e-60	239
NC_011593.1:2598858-2601929	NB551033:151:HCYCWBGXB:2:12107:23327:20263#0/2	97.826	138	3	0	2730	2867	138	1	2.62e-60	239
NC_011593.1:2598858-2601929	NB551033:151:HCYCWBGXB:3:12512:7940:7134#0/1	95.333	150	7	0	505	654	150	1	2.62e-60	239
NC_011593.1:2598858-2601929	NB551033:151:HCYCWBGXB:2:12107:23327:20263#0/1	97.826	138	3	0	2730	2867	1	138	2.62e-60	239
NC_011593.1:2598858-2601929	NB551033:151:HCYCWBGXB:1:22107:5727:7329#0/1	97.826	138	3	0	2935	3072	150	13	2.62e-60	239
NC_011593.1:2598858-2601929	NB551033:151:HCYCWBGXB:1:21204:24190:3260#0/1	95.333	150	7	0	2017	2166	1	150	2.62e-60	239
NC_011593.1:2598858-2601929	NB551033:151:HCYCWBGXB:2:13203:23043:9545#0/2	97.080	137	4	0	2721	2857	1	137	4.38e-58	231
NC_011593.1:2598858-2601929	NB551033:151:HCYCWBGXB:2:13203:23043:9545#0/1	97.761	134	3	0	2724	2857	134	1	4.38e-58	231
NC_011593.1:2598858-2601929	NB551033:151:HCYCWBGXB:2:22301:7524:15595#0/2	97.744	133	3	0	877	1009	3	135	1.58e-57	230
NC_011593.1:2598858-2601929	NB551033:151:HCYCWBGXB:3:22503:22716:7873#0/2	96.377	138	5	0	845	982	1	138	5.67e-57	228
NC_011593.1:2598858-2601929	NB551033:151:HCYCWBGXB:3:12609:11712:2816#0/2	99.206	126	1	0	229	354	1	126	5.67e-57	228
NC_011593.1:2598858-2601929	NB551033:151:HCYCWBGXB:3:22503:22716:7873#0/1	96.377	138	5	0	845	982	138	1	5.67e-57	228
NC_011593.1:2598858-2601929	NB551033:151:HCYCWBGXB:3:12609:11712:2816#0/1	99.206	126	1	0	229	354	126	1	5.67e-57	228
NC_011593.1:2598858-2601929	NB551033:151:HCYCWBGXB:1:12201:25139:8316#0/1	96.377	138	5	0	2147	2284	1	138	5.67e-57	228
NC_011593.1:2598858-2601929	NB551033:151:HCYCWBGXB:2:12207:23298:14010#0/2	98.425	127	2	0	1341	1467	127	1	7.33e-56	224
NC_011593.1:2598858-2601929	NB551033:151:HCYCWBGXB:2:12207:23298:14010#0/1	98.425	127	2	0	1341	1467	1	127	7.33e-56	224
NC_011593.1:2598858-2601929	NB551033:151:HCYCWBGXB:3:12511:5637:8013#0/2	99.187	123	1	0	705	827	1	123	2.64e-55	222
NC_011593.1:2598858-2601929	NB551033:151:HCYCWBGXB:3:22607:10129:19782#0/1	99.187	123	1	0	1	123	123	1	2.64e-55	222
NC_011593.1:2598858-2601929	NB551033:151:HCYCWBGXB:3:23402:11865:6606#0/2	99.180	122	1	0	124	245	1	122	9.49e-55	220
NC_011593.1:2598858-2601929	NB551033:151:HCYCWBGXB:3:12612:17170:9292#0/2	98.400	125	2	0	2472	2596	1	125	9.49e-55	220
NC_011593.1:2598858-2601929	NB551033:151:HCYCWBGXB:3:23402:11865:6606#0/1	99.180	122	1	0	124	245	122	1	9.49e-55	220
NC_011593.1:2598858-2601929	NB551033:151:HCYCWBGXB:3:12612:17170:9292#0/1	98.400	125	2	0	2472	2596	125	1	9.49e-55	220
NC_011593.1:2598858-2601929	NB551033:151:HCYCWBGXB:4:23503:15955:13801#0/2	100.000	118	0	0	2404	2521	1	118	3.41e-54	219
NC_011593.1:2598858-2601929	NB551033:151:HCYCWBGXB:4:23409:18497:11308#0/2	98.387	124	2	0	2898	3021	124	1	3.41e-54	219
NC_011593.1:2598858-2601929	NB551033:151:HCYCWBGXB:3:23504:8531:13746#0/2	98.387	124	2	0	50	173	1	124	3.41e-54	219
NC_011593.1:2598858-2601929	NB551033:151:HCYCWBGXB:4:23503:15955:13801#0/1	100.000	118	0	0	2404	2521	118	1	3.41e-54	219
NC_011593.1:2598858-2601929	NB551033:151:HCYCWBGXB:2:11201:8579:10111#0/2	99.167	120	1	0	2766	2885	120	1	1.23e-53	217
NC_011593.1:2598858-2601929	NB551033:151:HCYCWBGXB:4:23409:18497:11308#0/1	98.374	123	2	0	2898	3020	1	123	1.23e-53	217
NC_011593.1:2598858-2601929	NB551033:151:HCYCWBGXB:3:22601:16055:14996#0/2	97.561	123	3	0	2943	3065	1	123	5.71e-52	211
NC_011593.1:2598858-2601929	NB551033:151:HCYCWBGXB:3:21606:8726:11227#0/2	100.000	114	0	0	1985	2098	114	1	5.71e-52	211
NC_011593.1:2598858-2601929	NB551033:151:HCYCWBGXB:3:22601:16055:14996#0/1	97.561	123	3	0	2943	3065	123	1	5.71e-52	211
NC_011593.1:2598858-2601929	NB551033:151:HCYCWBGXB:3:21606:8726:11227#0/1	100.000	114	0	0	1985	2098	1	114	5.71e-52	211
NC_011593.1:2598858-2601929	NB551033:151:HCYCWBGXB:2:23205:2460:4191#0/1	98.319	119	2	0	595	713	119	1	2.05e-51	209
NC_011593.1:2598858-2601929	NB551033:151:HCYCWBGXB:4:11611:22041:4849#0/2	96.774	124	4	0	1341	1464	1	124	7.39e-51	207
NC_011593.1:2598858-2601929	NB551033:151:HCYCWBGXB:3:11412:19012:18917#0/2	99.130	115	1	0	1240	1354	115	1	7.39e-51	207
NC_011593.1:2598858-2601929	NB551033:151:HCYCWBGXB:1:11104:23814:9034#0/2	100.000	111	0	0	2392	2502	111	1	2.66e-50	206
NC_011593.1:2598858-2601929	NB551033:151:HCYCWBGXB:1:11104:23814:9034#0/1	100.000	111	0	0	2392	2502	3	113	2.66e-50	206
NC_011593.1:2598858-2601929	NB551033:151:HCYCWBGXB:2:22309:7136:4502#0/2	99.107	112	1	0	36	147	1	112	3.44e-49	202
NC_011593.1:2598858-2601929	NB551033:151:HCYCWBGXB:3:11511:13922:19213#0/1	99.107	112	1	0	705	816	1	112	3.44e-49	202
NC_011593.1:2598858-2601929	NB551033:151:HCYCWBGXB:2:22309:7136:4502#0/1	99.107	112	1	0	36	147	112	1	3.44e-49	202
NC_011593.1:2598858-2601929	NB551033:151:HCYCWBGXB:2:23205:2460:4191#0/2	98.214	112	2	0	595	706	1	112	1.60e-47	196
NC_011593.1:2598858-2601929	NB551033:151:HCYCWBGXB:3:12512:7940:7134#0/2	100.000	104	0	0	248	351	1	104	2.07e-46	193
NC_011593.1:2598858-2601929	NB551033:151:HCYCWBGXB:4:21401:18615:4746#0/2	96.491	114	4	0	2297	2410	114	1	2.68e-45	189
NC_011593.1:2598858-2601929	NB551033:151:HCYCWBGXB:4:13511:15980:13858#0/2	97.297	111	3	0	2682	2792	1	111	2.68e-45	189
NC_011593.1:2598858-2601929	NB551033:151:HCYCWBGXB:3:23405:9789:13905#0/2	99.048	105	1	0	1824	1928	105	1	2.68e-45	189
NC_011593.1:2598858-2601929	NB551033:151:HCYCWBGXB:4:21401:18615:4746#0/1	96.491	114	4	0	2297	2410	1	114	2.68e-45	189
NC_011593.1:2598858-2601929	NB551033:151:HCYCWBGXB:4:13511:15980:13858#0/1	97.297	111	3	0	2682	2792	111	1	2.68e-45	189
NC_011593.1:2598858-2601929	NB551033:151:HCYCWBGXB:3:23405:9789:13905#0/1	99.048	105	1	0	1824	1928	1	105	2.68e-45	189
NC_011593.1:2598858-2601929	NB551033:151:HCYCWBGXB:2:13212:24519:1260#0/2	96.396	111	4	0	867	977	1	111	1.24e-43	183
NC_011593.1:2598858-2601929	NB551033:151:HCYCWBGXB:1:22108:11857:2533#0/2	99.020	102	1	0	125	226	102	1	1.24e-43	183
NC_011593.1:2598858-2601929	NB551033:151:HCYCWBGXB:2:13212:24519:1260#0/1	96.396	111	4	0	867	977	111	1	1.24e-43	183
NC_011593.1:2598858-2601929	NB551033:151:HCYCWBGXB:1:22108:11857:2533#0/1	99.020	102	1	0	125	226	1	102	1.24e-43	183
NC_011593.1:2598858-2601929	NB551033:151:HCYCWBGXB:4:13502:21835:9483#0/2	98.058	103	2	0	555	657	103	1	1.61e-42	180
NC_011593.1:2598858-2601929	NB551033:151:HCYCWBGXB:4:13508:4438:18754#0/1	100.000	97	0	0	957	1053	97	1	1.61e-42	180
NC_011593.1:2598858-2601929	NB551033:151:HCYCWBGXB:4:13502:21835:9483#0/1	98.058	103	2	0	555	657	1	103	1.61e-42	180
NC_011593.1:2598858-2601929	NB551033:151:HCYCWBGXB:4:12608:21296:19857#0/1	97.170	106	3	0	2967	3072	1	106	1.61e-42	180
NC_011593.1:2598858-2601929	NB551033:151:HCYCWBGXB:2:11109:2235:8352#0/2	100.000	95	0	0	1721	1815	1	95	2.08e-41	176
NC_011593.1:2598858-2601929	NB551033:151:HCYCWBGXB:2:11109:2235:8352#0/1	100.000	95	0	0	1721	1815	95	1	2.08e-41	176
NC_011593.1:2598858-2601929	NB551033:151:HCYCWBGXB:4:23606:12588:17349#0/2	96.226	106	4	0	1214	1319	106	1	7.49e-41	174
NC_011593.1:2598858-2601929	NB551033:151:HCYCWBGXB:4:23606:12588:17349#0/1	96.226	106	4	0	1214	1319	1	106	7.49e-41	174
NC_011593.1:2598858-2601929	NB551033:151:HCYCWBGXB:3:23506:4869:11957#0/2	98.958	96	1	0	1888	1983	1	96	2.69e-40	172
NC_011593.1:2598858-2601929	NB551033:151:HCYCWBGXB:3:23506:4869:11957#0/1	98.958	96	1	0	1888	1983	96	1	2.69e-40	172
NC_011593.1:2598858-2601929	NB551033:151:HCYCWBGXB:3:12405:19165:6321#0/2	96.078	102	4	0	2297	2398	102	1	1.25e-38	167
NC_011593.1:2598858-2601929	NB551033:151:HCYCWBGXB:3:12405:19165:6321#0/1	96.078	102	4	0	2297	2398	1	102	1.25e-38	167
NC_011593.1:2598858-2601929	NB551033:151:HCYCWBGXB:3:21604:13565:16835#0/2	98.901	91	1	0	115	205	91	1	1.62e-37	163
NC_011593.1:2598858-2601929	NB551033:151:HCYCWBGXB:3:21604:13565:16835#0/1	98.901	91	1	0	115	205	1	91	1.62e-37	163
NC_011593.1:2598858-2601929	NB551033:151:HCYCWBGXB:4:21411:11059:9983#0/2	98.889	90	1	0	203	292	90	1	5.83e-37	161
NC_011593.1:2598858-2601929	NB551033:151:HCYCWBGXB:4:13507:8161:3787#0/1	97.849	93	2	0	1525	1617	93	1	5.83e-37	161
NC_011593.1:2598858-2601929	NB551033:151:HCYCWBGXB:2:11110:8393:19483#0/1	97.849	93	2	0	598	690	93	1	5.83e-37	161
NC_011593.1:2598858-2601929	NB551033:151:HCYCWBGXB:4:13504:17612:14908#0/2	98.851	87	1	0	2283	2369	1	87	2.71e-35	156
NC_011593.1:2598858-2601929	NB551033:151:HCYCWBGXB:3:22506:11922:8893#0/2	100.000	84	0	0	2749	2832	1	84	2.71e-35	156
NC_011593.1:2598858-2601929	NB551033:151:HCYCWBGXB:4:13504:17612:14908#0/1	98.851	87	1	0	2283	2369	87	1	2.71e-35	156
NC_011593.1:2598858-2601929	NB551033:151:HCYCWBGXB:3:12402:15731:13869#0/2	100.000	83	0	0	2446	2528	83	1	9.76e-35	154
NC_011593.1:2598858-2601929	NB551033:151:HCYCWBGXB:3:13407:12589:8200#0/2	98.824	85	1	0	2883	2967	85	1	3.51e-34	152
NC_011593.1:2598858-2601929	NB551033:151:HCYCWBGXB:3:13407:12589:8200#0/1	98.824	85	1	0	2883	2967	1	85	3.51e-34	152
NC_011593.1:2598858-2601929	NB551033:151:HCYCWBGXB:3:12402:15731:13869#0/1	100.000	82	0	0	2446	2527	1	82	3.51e-34	152
NC_011593.1:2598858-2601929	NB551033:151:HCYCWBGXB:4:21508:22266:5446#0/2	97.701	87	2	0	2986	3072	1	87	1.26e-33	150
NC_011593.1:2598858-2601929	NB551033:151:HCYCWBGXB:1:22106:3477:17827#0/2	100.000	81	0	0	206	286	81	1	1.26e-33	150
NC_011593.1:2598858-2601929	NB551033:151:HCYCWBGXB:3:22406:8498:1242#0/1	97.701	87	2	0	1182	1268	87	1	1.26e-33	150
NC_011593.1:2598858-2601929	NB551033:151:HCYCWBGXB:3:23409:14545:2509#0/2	98.780	82	1	0	2271	2352	82	1	1.63e-32	147
NC_011593.1:2598858-2601929	NB551033:151:HCYCWBGXB:2:22209:4841:7508#0/2	97.647	85	2	0	343	427	85	1	1.63e-32	147
NC_011593.1:2598858-2601929	NB551033:151:HCYCWBGXB:3:23409:14545:2509#0/1	98.780	82	1	0	2271	2352	1	82	1.63e-32	147
NC_011593.1:2598858-2601929	NB551033:151:HCYCWBGXB:2:11110:8393:19483#0/2	95.402	87	4	0	527	613	1	87	2.73e-30	139
NC_011593.1:2598858-2601929	NB551033:151:HCYCWBGXB:3:12410:25275:13240#0/2	100.000	74	0	0	11	84	74	1	9.83e-30	137
NC_011593.1:2598858-2601929	NB551033:151:HCYCWBGXB:3:12410:25275:13240#0/1	100.000	74	0	0	11	84	1	74	9.83e-30	137
NC_011593.1:2598858-2601929	NB551033:151:HCYCWBGXB:1:11209:13562:3097#0/2	95.294	85	4	0	2714	2798	85	1	3.53e-29	135
NC_011593.1:2598858-2601929	NB551033:151:HCYCWBGXB:4:23502:6632:16923#0/1	100.000	72	0	0	2458	2529	1	72	1.27e-28	134
NC_011593.1:2598858-2601929	NB551033:151:HCYCWBGXB:4:12510:20528:11696#0/2	100.000	69	0	0	898	966	69	1	5.92e-27	128
NC_011593.1:2598858-2601929	NB551033:151:HCYCWBGXB:4:12510:20528:11696#0/1	98.611	72	1	0	895	966	4	75	5.92e-27	128
NC_011593.1:2598858-2601929	NB551033:151:HCYCWBGXB:2:13211:23309:19206#0/2	98.592	71	1	0	1239	1309	1	71	2.13e-26	126
NC_011593.1:2598858-2601929	NB551033:151:HCYCWBGXB:4:21408:24699:18272#0/1	97.297	74	2	0	2523	2596	74	1	2.13e-26	126
NC_011593.1:2598858-2601929	NB551033:151:HCYCWBGXB:3:22406:8498:1242#0/2	100.000	65	0	0	799	863	1	65	9.90e-25	121
NC_011593.1:2598858-2601929	NB551033:151:HCYCWBGXB:3:21406:11693:10857#0/2	95.890	73	3	0	545	617	1	73	3.56e-24	119
NC_011593.1:2598858-2601929	NB551033:151:HCYCWBGXB:3:13402:4316:10577#0/2	98.507	67	1	0	729	795	1	67	3.56e-24	119
NC_011593.1:2598858-2601929	NB551033:151:HCYCWBGXB:4:11602:22834:11833#0/1	100.000	64	0	0	248	311	1	64	3.56e-24	119
NC_011593.1:2598858-2601929	NB551033:151:HCYCWBGXB:1:11203:18265:4431#0/2	97.101	69	2	0	2288	2356	69	1	1.28e-23	117
NC_011593.1:2598858-2601929	NB551033:151:HCYCWBGXB:3:21406:11693:10857#0/1	95.833	72	3	0	546	617	72	1	1.28e-23	117
NC_011593.1:2598858-2601929	NB551033:151:HCYCWBGXB:1:11209:13562:3097#0/1	95.833	72	3	0	2529	2600	1	72	1.28e-23	117
NC_011593.1:2598858-2601929	NB551033:151:HCYCWBGXB:1:11203:18265:4431#0/1	97.101	69	2	0	2288	2356	1	69	1.28e-23	117
NC_011593.1:2598858-2601929	NB551033:151:HCYCWBGXB:2:13211:23309:19206#0/1	97.059	68	2	0	1473	1540	68	1	4.61e-23	115
NC_011593.1:2598858-2601929	NB551033:151:HCYCWBGXB:1:22207:15835:18221#0/2	98.438	64	1	0	1319	1382	64	1	1.66e-22	113
NC_011593.1:2598858-2601929	NB551033:151:HCYCWBGXB:1:21310:18090:9329#0/2	97.015	67	2	0	826	892	1	67	1.66e-22	113
NC_011593.1:2598858-2601929	NB551033:151:HCYCWBGXB:1:22106:3477:17827#0/1	100.000	61	0	0	197	257	1	61	1.66e-22	113
NC_011593.1:2598858-2601929	NB551033:151:HCYCWBGXB:1:21310:18090:9329#0/1	97.015	67	2	0	826	892	75	9	1.66e-22	113
NC_011593.1:2598858-2601929	NB551033:151:HCYCWBGXB:4:11602:22834:11833#0/2	98.413	63	1	0	249	311	63	1	5.96e-22	111
NC_011593.1:2598858-2601929	NB551033:151:HCYCWBGXB:3:12504:3714:16988#0/2	96.970	66	2	0	2383	2448	1	66	5.96e-22	111
NC_011593.1:2598858-2601929	NB551033:151:HCYCWBGXB:3:21603:23590:3482#0/2	100.000	59	0	0	776	834	59	1	2.14e-21	110
NC_011593.1:2598858-2601929	NB551033:151:HCYCWBGXB:3:13510:19267:6970#0/2	100.000	59	0	0	2408	2466	59	1	2.14e-21	110
NC_011593.1:2598858-2601929	NB551033:151:HCYCWBGXB:3:21603:23590:3482#0/1	96.923	65	2	0	632	696	1	65	2.14e-21	110
NC_011593.1:2598858-2601929	NB551033:151:HCYCWBGXB:3:13510:19267:6970#0/1	100.000	59	0	0	2408	2466	1	59	2.14e-21	110
NC_011593.1:2598858-2601929	NB551033:151:HCYCWBGXB:3:12504:3714:16988#0/1	96.923	65	2	0	2384	2448	65	1	2.14e-21	110
NC_011593.1:2598858-2601929	NB551033:151:HCYCWBGXB:1:13205:8180:6083#0/1	100.000	59	0	0	8	66	59	1	2.14e-21	110
NC_011593.1:2598858-2601929	NB551033:151:HCYCWBGXB:4:13507:8161:3787#0/2	96.825	63	2	0	1525	1587	1	63	2.77e-20	106
NC_011593.1:2598858-2601929	NB551033:151:HCYCWBGXB:1:23311:3212:12184#0/2	98.333	60	1	0	86	145	60	1	2.77e-20	106
NC_011593.1:2598858-2601929	NB551033:151:HCYCWBGXB:1:23311:3212:12184#0/1	98.333	60	1	0	86	145	1	60	2.77e-20	106
NC_011593.1:2598858-2601929	NB551033:151:HCYCWBGXB:3:23407:6806:2013#0/2	100.000	55	0	0	242	296	55	1	3.59e-19	102
NC_011593.1:2598858-2601929	NB551033:151:HCYCWBGXB:3:12608:20241:17202#0/2	98.276	58	1	0	1668	1725	58	1	3.59e-19	102
NC_011593.1:2598858-2601929	NB551033:151:HCYCWBGXB:3:12608:20241:17202#0/1	98.276	58	1	0	1668	1725	1	58	3.59e-19	102
NC_011593.1:2598858-2601929	NB551033:151:HCYCWBGXB:3:22502:21850:6083#0/2	100.000	54	0	0	1970	2023	54	1	1.29e-18	100
NC_011593.1:2598858-2601929	NB551033:151:HCYCWBGXB:3:23407:6806:2013#0/1	100.000	54	0	0	242	295	1	54	1.29e-18	100
NC_011593.1:2598858-2601929	NB551033:151:HCYCWBGXB:2:21308:17857:13380#0/2	100.000	53	0	0	1824	1876	1	53	4.64e-18	99.0
NC_011593.1:2598858-2601929	NB551033:151:HCYCWBGXB:2:21308:17857:13380#0/1	100.000	53	0	0	1824	1876	53	1	4.64e-18	99.0
NC_011593.1:2598858-2601929	NB551033:151:HCYCWBGXB:3:13612:25672:14898#0/2	98.148	54	1	0	1341	1394	56	3	6.00e-17	95.3
NC_011593.1:2598858-2601929	NB551033:151:HCYCWBGXB:3:13612:25672:14898#0/1	98.148	54	1	0	1341	1394	1	54	6.00e-17	95.3
NC_011593.1:2598858-2601929	NB551033:151:HCYCWBGXB:3:13402:4316:10577#0/1	100.000	51	0	0	810	860	51	1	6.00e-17	95.3
NC_011593.1:2598858-2601929	NB551033:151:HCYCWBGXB:4:12611:21235:4535#0/1	96.364	55	2	0	2572	2626	1	55	7.76e-16	91.6
NC_011593.1:2598858-2601929	NB551033:151:HCYCWBGXB:3:23609:10225:9088#0/1	98.077	52	1	0	1492	1543	1	52	7.76e-16	91.6
NC_011593.1:2598858-2601929	NB551033:151:HCYCWBGXB:1:12201:25139:8316#0/2	100.000	48	0	0	2530	2577	48	1	2.79e-15	89.8
NC_011593.1:2598858-2601929	NB551033:151:HCYCWBGXB:4:13407:15579:1814#0/1	100.000	48	0	0	2044	2091	48	1	2.79e-15	89.8
NC_011593.1:2598858-2601929	NB551033:151:HCYCWBGXB:1:22207:15835:18221#0/1	98.039	51	1	0	1319	1369	1	51	2.79e-15	89.8
NC_011593.1:2598858-2601929	NB551033:151:HCYCWBGXB:1:13307:9177:7185#0/1	96.226	53	2	0	3020	3072	1	53	1.00e-14	87.9
NC_011593.1:2598858-2601929	NB551033:151:HCYCWBGXB:2:22209:4841:7508#0/1	97.959	49	1	0	273	321	1	49	3.61e-14	86.1
NC_011593.1:2598858-2601929	NB551033:151:HCYCWBGXB:2:21303:6886:16121#0/1	100.000	45	0	0	50	94	1	45	1.30e-13	84.2
NC_011593.1:2598858-2601929	NB551033:151:HCYCWBGXB:2:21303:6886:16121#0/2	100.000	44	0	0	51	94	44	1	4.67e-13	82.4
NC_011593.1:2598858-2601929	NB551033:151:HCYCWBGXB:2:12203:21131:7699#0/1	100.000	44	0	0	175	218	44	1	4.67e-13	82.4
NC_011593.1:2598858-2601929	NB551033:151:HCYCWBGXB:4:22405:5500:16000#0/2	100.000	42	0	0	1692	1733	42	1	6.04e-12	78.7
NC_011593.1:2598858-2601929	NB551033:151:HCYCWBGXB:4:22405:5500:16000#0/1	100.000	42	0	0	1692	1733	1	42	6.04e-12	78.7
NC_011593.1:2598858-2601929	NB551033:151:HCYCWBGXB:1:22311:6785:3672#0/1	100.000	42	0	0	2797	2838	42	1	6.04e-12	78.7
NC_011593.1:2598858-2601929	NB551033:151:HCYCWBGXB:2:21205:23876:10229#0/2	97.727	44	1	0	592	635	1	44	2.17e-11	76.8
NC_011593.1:2598858-2601929	NB551033:151:HCYCWBGXB:3:11412:19012:18917#0/1	100.000	40	0	0	1240	1279	1	40	7.82e-11	75.0
NC_011593.1:2598858-2601929	NB551033:151:HCYCWBGXB:4:12611:21235:4535#0/2	100.000	39	0	0	3009	3047	39	1	2.81e-10	73.1
NC_011593.1:2598858-2601929	NB551033:151:HCYCWBGXB:3:22502:21850:6083#0/1	100.000	30	0	0	1675	1704	1	30	2.83e-05	56.5
NC_011593.1:2598858-2601929	NB551033:151:HCYCWBGXB:2:13111:14084:4049#0/2	100.000	28	0	0	1028	1055	28	1	3.66e-04	52.8
NC_011593.1:2598858-2601929	NB551033:151:HCYCWBGXB:2:13111:14084:4049#0/1	100.000	28	0	0	1028	1055	113	140	3.66e-04	52.8
# BLASTN 2.9.0+
# Query: NC_011593.1:c2604454-2602106 Bifidobacterium longum subsp. infantis ATCC 15697, complete genome
# Database: db/blast_M1015-1F-1A_S45.faa
# 0 hits found
# BLASTN 2.9.0+
# Query: NC_011593.1:c2605922-2604486 Bifidobacterium longum subsp. infantis ATCC 15697, complete genome
# Database: db/blast_M1015-1F-1A_S45.faa
# 0 hits found
# BLASTN 2.9.0+
# Query: NC_011593.1:c2606381-2605944 Bifidobacterium longum subsp. infantis ATCC 15697, complete genome
# Database: db/blast_M1015-1F-1A_S45.faa
# 0 hits found
# BLASTN 2.9.0+
# Query: NC_011593.1:c2607314-2606418 Bifidobacterium longum subsp. infantis ATCC 15697, complete genome
# Database: db/blast_M1015-1F-1A_S45.faa
# 0 hits found
# BLASTN 2.9.0+
# Query: NC_011593.1:c2608249-2607458 Bifidobacterium longum subsp. infantis ATCC 15697, complete genome
# Database: db/blast_M1015-1F-1A_S45.faa
# 0 hits found
# BLASTN 2.9.0+
# Query: NC_011593.1:c2609546-2608269 Bifidobacterium longum subsp. infantis ATCC 15697, complete genome
# Database: db/blast_M1015-1F-1A_S45.faa
# 0 hits found
# BLASTN 2.9.0+
# Query: NC_011593.1:c2610356-2609697 Bifidobacterium longum subsp. infantis ATCC 15697, complete genome
# Database: db/blast_M1015-1F-1A_S45.faa
# 0 hits found
# BLASTN 2.9.0+
# Query: NC_011593.1:c2611458-2610496 Bifidobacterium longum subsp. infantis ATCC 15697, complete genome
# Database: db/blast_M1015-1F-1A_S45.faa
# 0 hits found
# BLASTN 2.9.0+
# Query: NC_011593.1:c2612430-2611477 Bifidobacterium longum subsp. infantis ATCC 15697, complete genome
# Database: db/blast_M1015-1F-1A_S45.faa
# 0 hits found
# BLASTN 2.9.0+
# Query: NC_011593.1:c2614109-2612517 Bifidobacterium longum subsp. infantis ATCC 15697, complete genome
# Database: db/blast_M1015-1F-1A_S45.faa
# Fields: query acc.ver, subject acc.ver, % identity, alignment length, mismatches, gap opens, q. start, q. end, s. start, s. end, evalue, bit score
# 4 hits found
NC_011593.1:c2614109-2612517	NB551033:151:HCYCWBGXB:2:22206:6210:5314#0/1	97.959	49	1	0	585	633	7	55	1.88e-14	86.1
NC_011593.1:c2614109-2612517	NB551033:151:HCYCWBGXB:1:22209:1690:18233#0/1	97.826	46	1	0	585	630	21	66	8.74e-13	80.5
NC_011593.1:c2614109-2612517	NB551033:151:HCYCWBGXB:4:21512:7830:18347#0/1	100.000	31	0	0	603	633	1	31	4.09e-06	58.4
NC_011593.1:c2614109-2612517	NB551033:151:HCYCWBGXB:4:13605:10741:6879#0/1	100.000	31	0	0	603	633	1	31	4.09e-06	58.4
# BLASTN 2.9.0+
# Query: NC_011593.1:c2615274-2614312 Bifidobacterium longum subsp. infantis ATCC 15697, complete genome
# Database: db/blast_M1015-1F-1A_S45.faa
# 0 hits found
# BLASTN 2.9.0+
# Query: NC_011593.1:c2616246-2615293 Bifidobacterium longum subsp. infantis ATCC 15697, complete genome
# Database: db/blast_M1015-1F-1A_S45.faa
# 0 hits found
# BLASTN 2.9.0+
# Query: NC_011593.1:c2617928-2616333 Bifidobacterium longum subsp. infantis ATCC 15697, complete genome
# Database: db/blast_M1015-1F-1A_S45.faa
# Fields: query acc.ver, subject acc.ver, % identity, alignment length, mismatches, gap opens, q. start, q. end, s. start, s. end, evalue, bit score
# 4 hits found
NC_011593.1:c2617928-2616333	NB551033:151:HCYCWBGXB:2:22206:6210:5314#0/1	98.077	52	0	1	585	636	5	55	1.45e-15	89.8
NC_011593.1:c2617928-2616333	NB551033:151:HCYCWBGXB:1:22209:1690:18233#0/1	97.959	49	0	1	585	633	19	66	6.77e-14	84.2
NC_011593.1:c2617928-2616333	NB551033:151:HCYCWBGXB:4:21512:7830:18347#0/1	100.000	31	0	0	606	636	1	31	4.10e-06	58.4
NC_011593.1:c2617928-2616333	NB551033:151:HCYCWBGXB:4:13605:10741:6879#0/1	100.000	31	0	0	606	636	1	31	4.10e-06	58.4
# BLASTN 2.9.0+
# Query: NC_011593.1:c2619247-2618063 Bifidobacterium longum subsp. infantis ATCC 15697, complete genome
# Database: db/blast_M1015-1F-1A_S45.faa
# 0 hits found
# BLASTN 2.9.0+
# Query: NC_011593.1:c2620369-2619413 Bifidobacterium longum subsp. infantis ATCC 15697, complete genome
# Database: db/blast_M1015-1F-1A_S45.faa
# 0 hits found
# BLASTN 2.9.0+
# Query: NC_011593.1:c2622143-2620551 Bifidobacterium longum subsp. infantis ATCC 15697, complete genome
# Database: db/blast_M1015-1F-1A_S45.faa
# Fields: query acc.ver, subject acc.ver, % identity, alignment length, mismatches, gap opens, q. start, q. end, s. start, s. end, evalue, bit score
# 4 hits found
NC_011593.1:c2622143-2620551	NB551033:151:HCYCWBGXB:2:22206:6210:5314#0/1	100.000	49	0	0	588	636	7	55	4.04e-16	91.6
NC_011593.1:c2622143-2620551	NB551033:151:HCYCWBGXB:1:22209:1690:18233#0/1	100.000	46	0	0	588	633	21	66	1.88e-14	86.1
NC_011593.1:c2622143-2620551	NB551033:151:HCYCWBGXB:4:21512:7830:18347#0/1	100.000	31	0	0	606	636	1	31	4.09e-06	58.4
NC_011593.1:c2622143-2620551	NB551033:151:HCYCWBGXB:4:13605:10741:6879#0/1	100.000	31	0	0	606	636	1	31	4.09e-06	58.4
# BLASTN 2.9.0+
# Query: NC_011593.1:c2624124-2622520 Bifidobacterium longum subsp. infantis ATCC 15697, complete genome
# Database: db/blast_M1015-1F-1A_S45.faa
# 0 hits found
# BLASTN 2.9.0+
# Query: NC_011593.1:c2626110-2624512 Bifidobacterium longum subsp. infantis ATCC 15697, complete genome
# Database: db/blast_M1015-1F-1A_S45.faa
# Fields: query acc.ver, subject acc.ver, % identity, alignment length, mismatches, gap opens, q. start, q. end, s. start, s. end, evalue, bit score
# 12 hits found
NC_011593.1:c2626110-2624512	NB551033:151:HCYCWBGXB:2:22206:6210:5314#0/1	100.000	48	0	0	588	635	7	54	1.46e-15	89.8
NC_011593.1:c2626110-2624512	NB551033:151:HCYCWBGXB:1:22209:1690:18233#0/1	100.000	46	0	0	588	633	21	66	1.88e-14	86.1
NC_011593.1:c2626110-2624512	NB551033:151:HCYCWBGXB:3:23506:24223:7860#0/2	100.000	30	0	0	1555	1584	79	108	1.48e-05	56.5
NC_011593.1:c2626110-2624512	NB551033:151:HCYCWBGXB:3:21404:18385:10817#0/2	100.000	30	0	0	1555	1584	39	68	1.48e-05	56.5
NC_011593.1:c2626110-2624512	NB551033:151:HCYCWBGXB:2:12306:23465:15876#0/2	100.000	30	0	0	1555	1584	56	27	1.48e-05	56.5
NC_011593.1:c2626110-2624512	NB551033:151:HCYCWBGXB:2:12105:23549:15632#0/2	100.000	30	0	0	1555	1584	56	85	1.48e-05	56.5
NC_011593.1:c2626110-2624512	NB551033:151:HCYCWBGXB:4:21512:7830:18347#0/1	100.000	30	0	0	606	635	1	30	1.48e-05	56.5
NC_011593.1:c2626110-2624512	NB551033:151:HCYCWBGXB:4:21506:17853:16832#0/1	100.000	30	0	0	1555	1584	39	68	1.48e-05	56.5
NC_011593.1:c2626110-2624512	NB551033:151:HCYCWBGXB:4:13605:10741:6879#0/1	100.000	30	0	0	606	635	1	30	1.48e-05	56.5
NC_011593.1:c2626110-2624512	NB551033:151:HCYCWBGXB:3:22606:15918:9473#0/1	100.000	30	0	0	1555	1584	61	90	1.48e-05	56.5
NC_011593.1:c2626110-2624512	NB551033:151:HCYCWBGXB:3:21404:18385:10817#0/1	100.000	30	0	0	1555	1584	96	67	1.48e-05	56.5
NC_011593.1:c2626110-2624512	NB551033:151:HCYCWBGXB:2:12105:23549:15632#0/1	100.000	30	0	0	1555	1584	73	44	1.48e-05	56.5
# BLASTN 2.9.0+
# Query: NC_011593.1:c2626386-2626264 Bifidobacterium longum subsp. infantis ATCC 15697, complete genome
# Database: db/blast_M1015-1F-1A_S45.faa
# 0 hits found
# BLASTN 2.9.0+
# Query: NC_011593.1:c2628158-2626563 Bifidobacterium longum subsp. infantis ATCC 15697, complete genome
# Database: db/blast_M1015-1F-1A_S45.faa
# 0 hits found
# BLASTN 2.9.0+
# Query: NC_011593.1:c2630269-2628314 Bifidobacterium longum subsp. infantis ATCC 15697, complete genome
# Database: db/blast_M1015-1F-1A_S45.faa
# 0 hits found
# BLASTN 2.9.0+
# Query: NC_011593.1:c2631106-2630366 Bifidobacterium longum subsp. infantis ATCC 15697, complete genome
# Database: db/blast_M1015-1F-1A_S45.faa
# 0 hits found
# BLASTN 2.9.0+
# Query: NC_011593.1:c2632432-2631140 Bifidobacterium longum subsp. infantis ATCC 15697, complete genome
# Database: db/blast_M1015-1F-1A_S45.faa
# 0 hits found
# BLASTN 2.9.0+
# Query: NC_011593.1:c2633881-2632562 Bifidobacterium longum subsp. infantis ATCC 15697, complete genome
# Database: db/blast_M1015-1F-1A_S45.faa
# 0 hits found
# BLASTN 2.9.0+
# Query: NC_011593.1:c2634683-2633865 Bifidobacterium longum subsp. infantis ATCC 15697, complete genome
# Database: db/blast_M1015-1F-1A_S45.faa
# 0 hits found
# BLASTN 2.9.0+
# Query: NC_011593.1:c2635627-2634680 Bifidobacterium longum subsp. infantis ATCC 15697, complete genome
# Database: db/blast_M1015-1F-1A_S45.faa
# 0 hits found
# BLASTN 2.9.0+
# Query: NC_011593.1:c2636747-2635629 Bifidobacterium longum subsp. infantis ATCC 15697, complete genome
# Database: db/blast_M1015-1F-1A_S45.faa
# 0 hits found
# BLAST processed 31 queries
