# BLASTN 2.9.0+
# Query: NC_011593.1:c2595355-2593832 Bifidobacterium longum subsp. infantis ATCC 15697, complete genome
# Database: db/blast_M1015-2F-1A_S82.faa
# Fields: query acc.ver, subject acc.ver, % identity, alignment length, mismatches, gap opens, q. start, q. end, s. start, s. end, evalue, bit score
# 82 hits found
NC_011593.1:c2595355-2593832	NB551033:151:HCYCWBGXB:1:23102:4706:13845#0/2	99.338	151	1	0	942	1092	1	151	2.55e-71	274
NC_011593.1:c2595355-2593832	NB551033:151:HCYCWBGXB:1:11305:12095:8924#0/1	99.338	151	1	0	904	1054	151	1	2.55e-71	274
NC_011593.1:c2595355-2593832	NB551033:151:HCYCWBGXB:1:11108:24182:6300#0/1	99.338	151	1	0	931	1081	151	1	2.55e-71	274
NC_011593.1:c2595355-2593832	NB551033:151:HCYCWBGXB:4:22411:18866:18437#0/2	99.333	150	1	0	360	509	150	1	9.19e-71	272
NC_011593.1:c2595355-2593832	NB551033:151:HCYCWBGXB:2:23210:3213:16911#0/2	98.675	151	2	0	406	556	151	1	1.19e-69	268
NC_011593.1:c2595355-2593832	NB551033:151:HCYCWBGXB:2:11203:15329:15014#0/1	98.675	151	2	0	468	618	151	1	1.19e-69	268
NC_011593.1:c2595355-2593832	NB551033:151:HCYCWBGXB:2:23201:2639:16242#0/2	98.667	150	2	0	996	1145	1	150	4.27e-69	267
NC_011593.1:c2595355-2593832	NB551033:151:HCYCWBGXB:2:13203:2883:20127#0/2	98.667	150	2	0	474	623	150	1	4.27e-69	267
NC_011593.1:c2595355-2593832	NB551033:151:HCYCWBGXB:4:13609:11788:15692#0/1	98.667	150	2	0	470	619	150	1	4.27e-69	267
NC_011593.1:c2595355-2593832	NB551033:151:HCYCWBGXB:2:13203:2883:20127#0/1	98.667	150	2	0	429	578	1	150	4.27e-69	267
NC_011593.1:c2595355-2593832	NB551033:151:HCYCWBGXB:1:23302:17356:7892#0/2	98.649	148	2	0	404	551	148	1	5.53e-68	263
NC_011593.1:c2595355-2593832	NB551033:151:HCYCWBGXB:1:11108:24182:6300#0/2	98.013	151	3	0	801	951	1	151	5.53e-68	263
NC_011593.1:c2595355-2593832	NB551033:151:HCYCWBGXB:2:23201:2639:16242#0/1	98.013	151	3	0	1044	1194	151	1	5.53e-68	263
NC_011593.1:c2595355-2593832	NB551033:151:HCYCWBGXB:2:21210:24560:13086#0/1	98.649	148	2	0	896	1043	148	1	5.53e-68	263
NC_011593.1:c2595355-2593832	NB551033:151:HCYCWBGXB:3:23503:4970:19627#0/2	98.000	150	3	0	796	945	1	150	1.99e-67	261
NC_011593.1:c2595355-2593832	NB551033:151:HCYCWBGXB:2:21210:24560:13086#0/2	98.000	150	3	0	818	967	1	150	1.99e-67	261
NC_011593.1:c2595355-2593832	NB551033:151:HCYCWBGXB:1:11305:12095:8924#0/2	98.000	150	3	0	891	1040	1	150	1.99e-67	261
NC_011593.1:c2595355-2593832	NB551033:151:HCYCWBGXB:2:11211:22956:12039#0/1	98.000	150	3	0	701	850	150	1	1.99e-67	261
NC_011593.1:c2595355-2593832	NB551033:151:HCYCWBGXB:1:21110:8710:4140#0/1	98.000	150	3	0	1149	1298	1	150	1.99e-67	261
NC_011593.1:c2595355-2593832	NB551033:151:HCYCWBGXB:1:23109:1941:13632#0/1	97.973	148	3	0	96	243	1	148	2.57e-66	257
NC_011593.1:c2595355-2593832	NB551033:151:HCYCWBGXB:4:13602:7956:3496#0/2	97.333	150	4	0	1258	1407	1	150	9.25e-66	255
NC_011593.1:c2595355-2593832	NB551033:151:HCYCWBGXB:2:12302:21261:11714#0/2	98.611	144	2	0	441	584	1	144	9.25e-66	255
NC_011593.1:c2595355-2593832	NB551033:151:HCYCWBGXB:1:21305:7411:8018#0/2	97.333	150	4	0	1105	1254	150	1	9.25e-66	255
NC_011593.1:c2595355-2593832	NB551033:151:HCYCWBGXB:4:22411:18866:18437#0/1	97.333	150	4	0	159	308	1	150	9.25e-66	255
NC_011593.1:c2595355-2593832	NB551033:151:HCYCWBGXB:4:21505:3769:1598#0/1	97.333	150	4	0	1077	1226	1	150	9.25e-66	255
NC_011593.1:c2595355-2593832	NB551033:151:HCYCWBGXB:1:21305:7411:8018#0/1	97.333	150	4	0	1087	1236	1	150	9.25e-66	255
NC_011593.1:c2595355-2593832	NB551033:151:HCYCWBGXB:1:13311:6239:12725#0/1	97.333	150	4	0	165	314	1	150	9.25e-66	255
NC_011593.1:c2595355-2593832	NB551033:151:HCYCWBGXB:4:22502:18393:15916#0/2	97.297	148	4	0	62	209	1	148	1.20e-64	252
NC_011593.1:c2595355-2593832	NB551033:151:HCYCWBGXB:3:13405:22171:17640#0/1	96.689	151	5	0	64	214	1	151	1.20e-64	252
NC_011593.1:c2595355-2593832	NB551033:151:HCYCWBGXB:1:23302:17356:7892#0/1	96.689	151	5	0	316	466	1	151	1.20e-64	252
NC_011593.1:c2595355-2593832	NB551033:151:HCYCWBGXB:2:11211:22956:12039#0/2	96.667	150	5	0	672	821	1	150	4.30e-64	250
NC_011593.1:c2595355-2593832	NB551033:151:HCYCWBGXB:2:11203:15329:15014#0/2	96.667	150	5	0	327	476	1	150	4.30e-64	250
NC_011593.1:c2595355-2593832	NB551033:151:HCYCWBGXB:4:22502:18393:15916#0/1	96.667	150	5	0	63	212	150	1	4.30e-64	250
NC_011593.1:c2595355-2593832	NB551033:151:HCYCWBGXB:2:23210:3213:16911#0/1	96.667	150	5	0	323	472	1	150	4.30e-64	250
NC_011593.1:c2595355-2593832	NB551033:151:HCYCWBGXB:2:12302:21261:11714#0/1	96.644	149	5	0	616	764	149	1	1.55e-63	248
NC_011593.1:c2595355-2593832	NB551033:151:HCYCWBGXB:4:13602:7956:3496#0/1	96.026	151	6	0	1292	1442	151	1	5.57e-63	246
NC_011593.1:c2595355-2593832	NB551033:151:HCYCWBGXB:1:23109:1941:13632#0/2	96.000	150	6	0	278	427	150	1	2.00e-62	244
NC_011593.1:c2595355-2593832	NB551033:151:HCYCWBGXB:3:22409:24295:18996#0/1	96.000	150	6	0	42	191	1	150	2.00e-62	244
NC_011593.1:c2595355-2593832	NB551033:151:HCYCWBGXB:1:21103:6756:4837#0/1	96.575	146	5	0	1325	1470	1	146	7.20e-62	243
NC_011593.1:c2595355-2593832	NB551033:151:HCYCWBGXB:4:13609:11788:15692#0/2	95.364	151	7	0	223	373	1	151	2.59e-61	241
NC_011593.1:c2595355-2593832	NB551033:151:HCYCWBGXB:3:11411:15087:19705#0/2	97.183	142	4	0	1146	1287	1	142	2.59e-61	241
NC_011593.1:c2595355-2593832	NB551033:151:HCYCWBGXB:1:13311:6239:12725#0/2	95.364	151	7	0	214	364	151	1	2.59e-61	241
NC_011593.1:c2595355-2593832	NB551033:151:HCYCWBGXB:1:13203:12761:4002#0/2	95.364	151	7	0	389	539	1	151	2.59e-61	241
NC_011593.1:c2595355-2593832	NB551033:151:HCYCWBGXB:2:11304:10031:18624#0/1	95.364	151	7	0	406	556	151	1	2.59e-61	241
NC_011593.1:c2595355-2593832	NB551033:151:HCYCWBGXB:1:23102:25746:8241#0/1	99.248	133	1	0	934	1066	133	1	2.59e-61	241
NC_011593.1:c2595355-2593832	NB551033:151:HCYCWBGXB:2:23203:7327:17586#0/2	95.333	150	7	0	402	551	150	1	9.32e-61	239
NC_011593.1:c2595355-2593832	NB551033:151:HCYCWBGXB:2:11112:9869:12097#0/1	95.333	150	7	0	24	173	150	1	9.32e-61	239
NC_011593.1:c2595355-2593832	NB551033:151:HCYCWBGXB:2:11108:9176:17694#0/1	95.238	147	7	0	670	816	147	1	4.33e-59	233
NC_011593.1:c2595355-2593832	NB551033:151:HCYCWBGXB:1:23302:25167:15914#0/2	99.219	128	1	0	954	1081	128	1	1.56e-58	231
NC_011593.1:c2595355-2593832	NB551033:151:HCYCWBGXB:1:23302:25167:15914#0/1	99.219	128	1	0	954	1081	1	128	1.56e-58	231
NC_011593.1:c2595355-2593832	NB551033:151:HCYCWBGXB:1:23102:4706:13845#0/1	97.080	137	4	0	1334	1470	149	13	1.56e-58	231
NC_011593.1:c2595355-2593832	NB551033:151:HCYCWBGXB:1:21103:6756:4837#0/2	97.059	136	4	0	1335	1470	151	16	5.61e-58	230
NC_011593.1:c2595355-2593832	NB551033:151:HCYCWBGXB:1:22303:20061:18054#0/1	97.015	134	4	0	1337	1470	1	134	7.25e-57	226
NC_011593.1:c2595355-2593832	NB551033:151:HCYCWBGXB:3:13405:22171:17640#0/2	96.992	133	4	0	84	216	133	1	2.61e-56	224
NC_011593.1:c2595355-2593832	NB551033:151:HCYCWBGXB:4:11408:15622:19376#0/2	95.556	135	6	0	1296	1430	135	1	4.37e-54	217
NC_011593.1:c2595355-2593832	NB551033:151:HCYCWBGXB:1:21110:8710:4140#0/2	97.619	126	3	0	1274	1399	126	1	4.37e-54	217
NC_011593.1:c2595355-2593832	NB551033:151:HCYCWBGXB:4:11408:15622:19376#0/1	95.556	135	6	0	1296	1430	1	135	4.37e-54	217
NC_011593.1:c2595355-2593832	NB551033:151:HCYCWBGXB:3:23503:4970:19627#0/1	96.875	128	4	0	838	965	128	1	1.57e-53	215
NC_011593.1:c2595355-2593832	NB551033:151:HCYCWBGXB:4:21505:3769:1598#0/2	98.276	116	2	0	1273	1388	116	1	3.40e-50	204
NC_011593.1:c2595355-2593832	NB551033:151:HCYCWBGXB:4:13405:22833:1126#0/1	98.230	113	2	0	1258	1370	1	113	1.58e-48	198
NC_011593.1:c2595355-2593832	NB551033:151:HCYCWBGXB:2:11212:22522:8979#0/2	95.536	112	5	0	1311	1422	1	112	5.73e-43	180
NC_011593.1:c2595355-2593832	NB551033:151:HCYCWBGXB:4:11608:12280:8090#0/1	97.170	106	3	0	801	906	106	1	5.73e-43	180
NC_011593.1:c2595355-2593832	NB551033:151:HCYCWBGXB:2:11212:22522:8979#0/1	95.536	112	5	0	1311	1422	112	1	5.73e-43	180
NC_011593.1:c2595355-2593832	NB551033:151:HCYCWBGXB:4:11608:12280:8090#0/2	96.226	106	4	0	801	906	1	106	2.66e-41	174
NC_011593.1:c2595355-2593832	NB551033:151:HCYCWBGXB:3:22409:24295:18996#0/2	95.413	109	5	0	266	374	109	1	2.66e-41	174
NC_011593.1:c2595355-2593832	NB551033:151:HCYCWBGXB:3:11411:15087:19705#0/1	96.190	105	4	0	1366	1470	150	46	9.58e-41	172
NC_011593.1:c2595355-2593832	NB551033:151:HCYCWBGXB:2:12101:23056:2151#0/2	98.925	93	1	0	922	1014	1	93	4.46e-39	167
NC_011593.1:c2595355-2593832	NB551033:151:HCYCWBGXB:2:12101:23056:2151#0/1	98.925	93	1	0	922	1014	93	1	4.46e-39	167
NC_011593.1:c2595355-2593832	NB551033:151:HCYCWBGXB:3:13611:20126:15767#0/2	95.960	99	4	0	732	830	1	99	2.07e-37	161
NC_011593.1:c2595355-2593832	NB551033:151:HCYCWBGXB:1:23102:25746:8241#0/2	95.050	101	5	0	626	726	2	102	7.46e-37	159
NC_011593.1:c2595355-2593832	NB551033:151:HCYCWBGXB:1:23311:24415:9322#0/2	95.789	95	4	0	715	809	95	1	3.47e-35	154
NC_011593.1:c2595355-2593832	NB551033:151:HCYCWBGXB:4:13509:25781:10294#0/2	98.810	84	1	0	1021	1104	84	1	4.49e-34	150
NC_011593.1:c2595355-2593832	NB551033:151:HCYCWBGXB:4:13509:25781:10294#0/1	98.810	84	1	0	1021	1104	1	84	4.49e-34	150
NC_011593.1:c2595355-2593832	NB551033:151:HCYCWBGXB:1:22303:20061:18054#0/2	95.506	89	4	0	1382	1470	150	62	7.51e-32	143
NC_011593.1:c2595355-2593832	NB551033:151:HCYCWBGXB:4:21607:24304:2340#0/2	96.341	82	3	0	194	275	1	82	1.26e-29	135
NC_011593.1:c2595355-2593832	NB551033:151:HCYCWBGXB:4:21607:24304:2340#0/1	96.341	82	3	0	194	275	82	1	1.26e-29	135
NC_011593.1:c2595355-2593832	NB551033:151:HCYCWBGXB:4:21606:12325:15643#0/2	96.250	80	3	0	730	809	80	1	1.63e-28	132
NC_011593.1:c2595355-2593832	NB551033:151:HCYCWBGXB:4:22504:19860:10839#0/2	97.333	75	2	0	183	257	75	1	2.10e-27	128
NC_011593.1:c2595355-2593832	NB551033:151:HCYCWBGXB:1:12205:3070:13368#0/1	95.775	71	3	0	1400	1470	1	71	1.64e-23	115
NC_011593.1:c2595355-2593832	NB551033:151:HCYCWBGXB:2:11205:14100:6332#0/2	98.333	60	1	0	771	830	69	10	9.86e-21	106
NC_011593.1:c2595355-2593832	NB551033:151:HCYCWBGXB:2:11205:14100:6332#0/1	98.333	60	1	0	771	830	8	67	9.86e-21	106
NC_011593.1:c2595355-2593832	NB551033:151:HCYCWBGXB:1:12205:3070:13368#0/2	100.000	51	0	0	1420	1470	145	95	2.13e-17	95.3
# BLASTN 2.9.0+
# Query: NC_011593.1:c2597106-2595574 Bifidobacterium longum subsp. infantis ATCC 15697, complete genome
# Database: db/blast_M1015-2F-1A_S82.faa
# Fields: query acc.ver, subject acc.ver, % identity, alignment length, mismatches, gap opens, q. start, q. end, s. start, s. end, evalue, bit score
# 10 hits found
NC_011593.1:c2597106-2595574	NB551033:151:HCYCWBGXB:1:11209:6225:14884#0/2	95.833	120	5	0	1	120	120	1	2.06e-47	195
NC_011593.1:c2597106-2595574	NB551033:151:HCYCWBGXB:1:13311:6239:12725#0/2	95.000	120	6	0	214	333	151	32	9.57e-46	189
NC_011593.1:c2597106-2595574	NB551033:151:HCYCWBGXB:4:22609:14714:2618#0/1	95.000	100	5	0	3	102	100	1	2.70e-36	158
NC_011593.1:c2597106-2595574	NB551033:151:HCYCWBGXB:1:23305:12295:10030#0/1	95.604	91	4	0	1	91	61	151	5.84e-33	147
NC_011593.1:c2597106-2595574	NB551033:151:HCYCWBGXB:1:11209:6225:14884#0/1	98.765	81	1	0	1	81	66	146	2.10e-32	145
NC_011593.1:c2597106-2595574	NB551033:151:HCYCWBGXB:2:11205:14100:6332#0/2	97.101	69	2	0	771	839	69	1	4.58e-24	117
NC_011593.1:c2597106-2595574	NB551033:151:HCYCWBGXB:2:11205:14100:6332#0/1	97.101	69	2	0	771	839	8	76	4.58e-24	117
NC_011593.1:c2597106-2595574	NB551033:151:HCYCWBGXB:1:12205:3070:13368#0/1	95.775	71	3	0	1400	1470	1	71	1.65e-23	115
NC_011593.1:c2597106-2595574	NB551033:151:HCYCWBGXB:2:11207:20397:8773#0/1	100.000	55	0	0	1	55	55	1	1.28e-19	102
NC_011593.1:c2597106-2595574	NB551033:151:HCYCWBGXB:1:12205:3070:13368#0/2	100.000	51	0	0	1420	1470	145	95	2.15e-17	95.3
# BLASTN 2.9.0+
# Query: NC_011593.1:c2598562-2597207 Bifidobacterium longum subsp. infantis ATCC 15697, complete genome
# Database: db/blast_M1015-2F-1A_S82.faa
# Fields: query acc.ver, subject acc.ver, % identity, alignment length, mismatches, gap opens, q. start, q. end, s. start, s. end, evalue, bit score
# 51 hits found
NC_011593.1:c2598562-2597207	NB551033:151:HCYCWBGXB:2:23304:12208:19365#0/2	100.000	151	0	0	282	432	1	151	4.87e-73	279
NC_011593.1:c2598562-2597207	NB551033:151:HCYCWBGXB:1:21108:15974:16561#0/2	100.000	151	0	0	261	411	1	151	4.87e-73	279
NC_011593.1:c2598562-2597207	NB551033:151:HCYCWBGXB:4:23509:5028:7238#0/1	100.000	151	0	0	888	1038	151	1	4.87e-73	279
NC_011593.1:c2598562-2597207	NB551033:151:HCYCWBGXB:3:23506:5344:10167#0/1	100.000	151	0	0	883	1033	1	151	4.87e-73	279
NC_011593.1:c2598562-2597207	NB551033:151:HCYCWBGXB:2:13210:12612:9457#0/1	100.000	151	0	0	315	465	151	1	4.87e-73	279
NC_011593.1:c2598562-2597207	NB551033:151:HCYCWBGXB:1:22301:20058:7227#0/1	100.000	151	0	0	754	904	1	151	4.87e-73	279
NC_011593.1:c2598562-2597207	NB551033:151:HCYCWBGXB:4:23509:5028:7238#0/2	100.000	150	0	0	645	794	1	150	1.75e-72	278
NC_011593.1:c2598562-2597207	NB551033:151:HCYCWBGXB:4:23504:25222:13759#0/2	100.000	150	0	0	915	1064	1	150	1.75e-72	278
NC_011593.1:c2598562-2597207	NB551033:151:HCYCWBGXB:4:21507:10682:18113#0/2	100.000	150	0	0	477	626	1	150	1.75e-72	278
NC_011593.1:c2598562-2597207	NB551033:151:HCYCWBGXB:3:22604:14779:7154#0/2	100.000	150	0	0	689	838	1	150	1.75e-72	278
NC_011593.1:c2598562-2597207	NB551033:151:HCYCWBGXB:3:12407:23489:5839#0/2	100.000	150	0	0	138	287	2	151	1.75e-72	278
NC_011593.1:c2598562-2597207	NB551033:151:HCYCWBGXB:2:13212:6425:1748#0/2	100.000	150	0	0	675	824	1	150	1.75e-72	278
NC_011593.1:c2598562-2597207	NB551033:151:HCYCWBGXB:2:13211:15393:2276#0/2	100.000	150	0	0	898	1047	1	150	1.75e-72	278
NC_011593.1:c2598562-2597207	NB551033:151:HCYCWBGXB:2:13210:12612:9457#0/2	100.000	150	0	0	199	348	1	150	1.75e-72	278
NC_011593.1:c2598562-2597207	NB551033:151:HCYCWBGXB:2:23304:12208:19365#0/1	100.000	150	0	0	332	481	150	1	1.75e-72	278
NC_011593.1:c2598562-2597207	NB551033:151:HCYCWBGXB:2:13212:6425:1748#0/1	100.000	150	0	0	788	937	150	1	1.75e-72	278
NC_011593.1:c2598562-2597207	NB551033:151:HCYCWBGXB:1:23305:23537:14049#0/1	100.000	150	0	0	628	777	150	1	1.75e-72	278
NC_011593.1:c2598562-2597207	NB551033:151:HCYCWBGXB:1:22207:3075:9245#0/1	100.000	150	0	0	1133	1282	150	1	1.75e-72	278
NC_011593.1:c2598562-2597207	NB551033:151:HCYCWBGXB:3:21502:13131:17162#0/1	100.000	148	0	0	770	917	1	148	2.27e-71	274
NC_011593.1:c2598562-2597207	NB551033:151:HCYCWBGXB:3:21502:13131:17162#0/2	99.333	150	1	0	790	939	150	1	8.15e-71	272
NC_011593.1:c2598562-2597207	NB551033:151:HCYCWBGXB:2:21203:6636:15915#0/2	99.333	150	1	0	381	530	1	150	8.15e-71	272
NC_011593.1:c2598562-2597207	NB551033:151:HCYCWBGXB:3:22604:14779:7154#0/1	100.000	144	0	0	730	873	144	1	3.79e-69	267
NC_011593.1:c2598562-2597207	NB551033:151:HCYCWBGXB:4:21507:10682:18113#0/1	100.000	143	0	0	543	685	143	1	1.36e-68	265
NC_011593.1:c2598562-2597207	NB551033:151:HCYCWBGXB:2:22109:12490:12599#0/2	100.000	140	0	0	689	828	1	140	6.35e-67	259
NC_011593.1:c2598562-2597207	NB551033:151:HCYCWBGXB:2:12206:16907:1077#0/2	99.296	142	1	0	1215	1356	1	142	2.28e-66	257
NC_011593.1:c2598562-2597207	NB551033:151:HCYCWBGXB:1:21108:15974:16561#0/1	99.296	142	1	0	318	459	142	1	2.28e-66	257
NC_011593.1:c2598562-2597207	NB551033:151:HCYCWBGXB:4:23603:14652:1881#0/2	100.000	137	0	0	138	274	14	150	2.95e-65	254
NC_011593.1:c2598562-2597207	NB551033:151:HCYCWBGXB:2:22109:12490:12599#0/1	99.286	140	1	0	689	828	140	1	2.95e-65	254
NC_011593.1:c2598562-2597207	NB551033:151:HCYCWBGXB:4:23504:25222:13759#0/1	100.000	121	0	0	944	1064	151	31	2.32e-56	224
NC_011593.1:c2598562-2597207	NB551033:151:HCYCWBGXB:3:23506:5344:10167#0/2	100.000	119	0	0	946	1064	150	32	3.00e-55	220
NC_011593.1:c2598562-2597207	NB551033:151:HCYCWBGXB:2:21203:6636:15915#0/1	100.000	113	0	0	496	608	113	1	6.48e-52	209
NC_011593.1:c2598562-2597207	NB551033:151:HCYCWBGXB:4:23603:14652:1881#0/1	99.115	113	1	0	309	421	113	1	3.02e-50	204
NC_011593.1:c2598562-2597207	NB551033:151:HCYCWBGXB:1:23305:23537:14049#0/2	100.000	109	0	0	607	715	1	109	1.08e-49	202
NC_011593.1:c2598562-2597207	NB551033:151:HCYCWBGXB:3:12407:23489:5839#0/1	99.107	112	1	0	232	343	112	1	1.08e-49	202
NC_011593.1:c2598562-2597207	NB551033:151:HCYCWBGXB:2:13202:8932:10391#0/2	100.000	103	0	0	560	662	1	103	2.35e-46	191
NC_011593.1:c2598562-2597207	NB551033:151:HCYCWBGXB:1:22301:20058:7227#0/2	100.000	100	0	0	965	1064	150	51	1.09e-44	185
NC_011593.1:c2598562-2597207	NB551033:151:HCYCWBGXB:1:21110:24705:1113#0/2	98.077	104	2	0	652	755	104	1	1.41e-43	182
NC_011593.1:c2598562-2597207	NB551033:151:HCYCWBGXB:3:12503:4205:1060#0/1	100.000	93	0	0	1264	1356	1	93	8.51e-41	172
NC_011593.1:c2598562-2597207	NB551033:151:HCYCWBGXB:2:23311:7689:17625#0/2	100.000	92	0	0	1058	1149	92	1	3.06e-40	171
NC_011593.1:c2598562-2597207	NB551033:151:HCYCWBGXB:1:21110:24705:1113#0/1	100.000	92	0	0	452	543	1	92	3.06e-40	171
NC_011593.1:c2598562-2597207	NB551033:151:HCYCWBGXB:2:13202:8932:10391#0/1	100.000	89	0	0	574	662	89	1	1.42e-38	165
NC_011593.1:c2598562-2597207	NB551033:151:HCYCWBGXB:1:22207:3075:9245#0/2	100.000	76	0	0	1058	1133	76	151	2.40e-31	141
NC_011593.1:c2598562-2597207	NB551033:151:HCYCWBGXB:2:13109:11276:10566#0/1	100.000	57	0	0	138	194	57	1	8.75e-21	106
NC_011593.1:c2598562-2597207	NB551033:151:HCYCWBGXB:3:12507:24837:18295#0/1	100.000	54	0	0	1011	1064	1	54	4.07e-19	100
NC_011593.1:c2598562-2597207	NB551033:151:HCYCWBGXB:4:23405:17779:6350#0/2	100.000	46	0	0	1019	1064	1	46	1.14e-14	86.1
NC_011593.1:c2598562-2597207	NB551033:151:HCYCWBGXB:4:23405:17779:6350#0/1	100.000	41	0	0	1024	1064	150	110	6.86e-12	76.8
NC_011593.1:c2598562-2597207	NB551033:151:HCYCWBGXB:3:11408:4806:19357#0/2	100.000	38	0	0	1319	1356	1	38	3.19e-10	71.3
NC_011593.1:c2598562-2597207	NB551033:151:HCYCWBGXB:3:13409:2532:4525#0/2	100.000	36	0	0	1321	1356	80	45	4.13e-09	67.6
NC_011593.1:c2598562-2597207	NB551033:151:HCYCWBGXB:3:13409:2532:4525#0/1	100.000	36	0	0	1321	1356	1	36	4.13e-09	67.6
NC_011593.1:c2598562-2597207	NB551033:151:HCYCWBGXB:3:12406:10953:3038#0/1	100.000	36	0	0	1321	1356	1	36	4.13e-09	67.6
NC_011593.1:c2598562-2597207	NB551033:151:HCYCWBGXB:2:12211:23652:5575#0/2	100.000	29	0	0	138	166	29	1	3.21e-05	54.7
# BLASTN 2.9.0+
# Query: NC_011593.1:2598858-2601929 Bifidobacterium longum subsp. infantis ATCC 15697, complete genome
# Database: db/blast_M1015-2F-1A_S82.faa
# Fields: query acc.ver, subject acc.ver, % identity, alignment length, mismatches, gap opens, q. start, q. end, s. start, s. end, evalue, bit score
# 145 hits found
NC_011593.1:2598858-2601929	NB551033:151:HCYCWBGXB:4:13409:4249:8348#0/2	100.000	150	0	0	1727	1876	150	1	3.98e-72	278
NC_011593.1:2598858-2601929	NB551033:151:HCYCWBGXB:3:21409:1270:6586#0/2	100.000	150	0	0	1617	1766	1	150	3.98e-72	278
NC_011593.1:2598858-2601929	NB551033:151:HCYCWBGXB:2:22105:8782:11939#0/2	100.000	150	0	0	1740	1889	1	150	3.98e-72	278
NC_011593.1:2598858-2601929	NB551033:151:HCYCWBGXB:3:23606:10050:14220#0/1	100.000	150	0	0	1726	1875	1	150	3.98e-72	278
NC_011593.1:2598858-2601929	NB551033:151:HCYCWBGXB:2:22206:1473:8439#0/1	100.000	150	0	0	175	324	150	1	3.98e-72	278
NC_011593.1:2598858-2601929	NB551033:151:HCYCWBGXB:1:11102:17210:12534#0/1	100.000	150	0	0	911	1060	1	150	3.98e-72	278
NC_011593.1:2598858-2601929	NB551033:151:HCYCWBGXB:4:22501:16523:2770#0/2	99.338	151	1	0	1860	2010	1	151	5.15e-71	274
NC_011593.1:2598858-2601929	NB551033:151:HCYCWBGXB:2:22207:19070:1362#0/2	99.338	151	1	0	2402	2552	1	151	5.15e-71	274
NC_011593.1:2598858-2601929	NB551033:151:HCYCWBGXB:2:13207:21849:17933#0/2	100.000	148	0	0	1897	2044	148	1	5.15e-71	274
NC_011593.1:2598858-2601929	NB551033:151:HCYCWBGXB:2:12308:21371:13142#0/2	99.338	151	1	0	1880	2030	151	1	5.15e-71	274
NC_011593.1:2598858-2601929	NB551033:151:HCYCWBGXB:2:11209:18156:5239#0/2	99.338	151	1	0	197	347	1	151	5.15e-71	274
NC_011593.1:2598858-2601929	NB551033:151:HCYCWBGXB:1:23210:10795:20206#0/2	99.338	151	1	0	1888	2038	151	1	5.15e-71	274
NC_011593.1:2598858-2601929	NB551033:151:HCYCWBGXB:1:22101:4511:14370#0/2	99.338	151	1	0	158	308	1	151	5.15e-71	274
NC_011593.1:2598858-2601929	NB551033:151:HCYCWBGXB:4:23511:17535:9051#0/1	99.338	151	1	0	2218	2368	1	151	5.15e-71	274
NC_011593.1:2598858-2601929	NB551033:151:HCYCWBGXB:4:21603:19809:7361#0/1	99.338	151	1	0	965	1115	151	1	5.15e-71	274
NC_011593.1:2598858-2601929	NB551033:151:HCYCWBGXB:4:12405:25981:11695#0/1	100.000	148	0	0	2402	2549	148	1	5.15e-71	274
NC_011593.1:2598858-2601929	NB551033:151:HCYCWBGXB:2:22207:19070:1362#0/1	99.338	151	1	0	2403	2553	151	1	5.15e-71	274
NC_011593.1:2598858-2601929	NB551033:151:HCYCWBGXB:2:13207:21849:17933#0/1	99.338	151	1	0	1872	2022	1	151	5.15e-71	274
NC_011593.1:2598858-2601929	NB551033:151:HCYCWBGXB:2:12308:21371:13142#0/1	99.338	151	1	0	1852	2002	1	151	5.15e-71	274
NC_011593.1:2598858-2601929	NB551033:151:HCYCWBGXB:1:23210:10795:20206#0/1	99.338	151	1	0	1860	2010	1	151	5.15e-71	274
NC_011593.1:2598858-2601929	NB551033:151:HCYCWBGXB:1:11104:25441:19419#0/1	99.338	151	1	0	295	445	151	1	5.15e-71	274
NC_011593.1:2598858-2601929	NB551033:151:HCYCWBGXB:4:12405:25981:11695#0/2	100.000	147	0	0	2402	2548	1	147	1.85e-70	272
NC_011593.1:2598858-2601929	NB551033:151:HCYCWBGXB:3:22608:12871:15435#0/2	99.333	150	1	0	1005	1154	150	1	1.85e-70	272
NC_011593.1:2598858-2601929	NB551033:151:HCYCWBGXB:2:21212:20176:15933#0/2	99.333	150	1	0	124	273	1	150	1.85e-70	272
NC_011593.1:2598858-2601929	NB551033:151:HCYCWBGXB:1:11104:25441:19419#0/2	99.333	150	1	0	248	397	1	150	1.85e-70	272
NC_011593.1:2598858-2601929	NB551033:151:HCYCWBGXB:4:22501:16523:2770#0/1	99.333	150	1	0	2192	2341	150	1	1.85e-70	272
NC_011593.1:2598858-2601929	NB551033:151:HCYCWBGXB:4:22404:6909:7864#0/1	99.333	150	1	0	300	449	1	150	1.85e-70	272
NC_011593.1:2598858-2601929	NB551033:151:HCYCWBGXB:4:21502:13604:4677#0/1	99.333	150	1	0	332	481	1	150	1.85e-70	272
NC_011593.1:2598858-2601929	NB551033:151:HCYCWBGXB:2:22105:8782:11939#0/1	99.333	150	1	0	1809	1958	150	1	1.85e-70	272
NC_011593.1:2598858-2601929	NB551033:151:HCYCWBGXB:1:22101:4511:14370#0/1	99.333	150	1	0	168	317	150	1	1.85e-70	272
NC_011593.1:2598858-2601929	NB551033:151:HCYCWBGXB:2:21212:20176:15933#0/1	99.329	149	1	0	250	398	149	1	6.66e-70	270
NC_011593.1:2598858-2601929	NB551033:151:HCYCWBGXB:1:13110:18129:17620#0/2	98.675	151	2	0	2861	3011	151	1	2.39e-69	268
NC_011593.1:2598858-2601929	NB551033:151:HCYCWBGXB:4:13610:21328:5686#0/1	98.675	151	2	0	1	151	151	1	2.39e-69	268
NC_011593.1:2598858-2601929	NB551033:151:HCYCWBGXB:3:23501:8009:19831#0/1	98.675	151	2	0	976	1126	1	151	2.39e-69	268
NC_011593.1:2598858-2601929	NB551033:151:HCYCWBGXB:2:12209:13385:5280#0/1	98.675	151	2	0	2741	2891	151	1	2.39e-69	268
NC_011593.1:2598858-2601929	NB551033:151:HCYCWBGXB:1:11210:24209:18931#0/1	98.675	151	2	0	1045	1195	1	151	2.39e-69	268
NC_011593.1:2598858-2601929	NB551033:151:HCYCWBGXB:4:23610:7753:5018#0/2	98.667	150	2	0	588	737	150	1	8.61e-69	267
NC_011593.1:2598858-2601929	NB551033:151:HCYCWBGXB:3:11407:17553:19203#0/2	98.667	150	2	0	2455	2604	150	1	8.61e-69	267
NC_011593.1:2598858-2601929	NB551033:151:HCYCWBGXB:2:22206:1473:8439#0/2	98.667	150	2	0	65	214	1	150	8.61e-69	267
NC_011593.1:2598858-2601929	NB551033:151:HCYCWBGXB:1:21301:23605:12464#0/2	98.667	150	2	0	996	1145	150	1	8.61e-69	267
NC_011593.1:2598858-2601929	NB551033:151:HCYCWBGXB:1:12203:6602:11001#0/2	98.667	150	2	0	27	176	150	1	8.61e-69	267
NC_011593.1:2598858-2601929	NB551033:151:HCYCWBGXB:1:12103:4791:14375#0/2	98.667	150	2	0	1923	2072	1	150	8.61e-69	267
NC_011593.1:2598858-2601929	NB551033:151:HCYCWBGXB:1:13110:18129:17620#0/1	98.667	150	2	0	2778	2927	1	150	8.61e-69	267
NC_011593.1:2598858-2601929	NB551033:151:HCYCWBGXB:1:12103:4791:14375#0/1	98.667	150	2	0	2462	2611	150	1	8.61e-69	267
NC_011593.1:2598858-2601929	NB551033:151:HCYCWBGXB:3:23501:8009:19831#0/2	98.658	149	2	0	1058	1206	149	1	3.10e-68	265
NC_011593.1:2598858-2601929	NB551033:151:HCYCWBGXB:2:12209:13385:5280#0/2	98.658	149	2	0	2529	2677	1	149	3.10e-68	265
NC_011593.1:2598858-2601929	NB551033:151:HCYCWBGXB:1:13107:5428:3311#0/2	98.658	149	2	0	2239	2387	1	149	3.10e-68	265
NC_011593.1:2598858-2601929	NB551033:151:HCYCWBGXB:1:22112:2332:14572#0/1	98.658	149	2	0	2529	2677	1	149	3.10e-68	265
NC_011593.1:2598858-2601929	NB551033:151:HCYCWBGXB:4:23511:17535:9051#0/2	98.013	151	3	0	2316	2466	151	1	1.11e-67	263
NC_011593.1:2598858-2601929	NB551033:151:HCYCWBGXB:4:13409:24184:12087#0/2	98.013	151	3	0	1174	1324	151	1	1.11e-67	263
NC_011593.1:2598858-2601929	NB551033:151:HCYCWBGXB:3:22608:21180:7913#0/2	98.013	151	3	0	2544	2694	151	1	1.11e-67	263
NC_011593.1:2598858-2601929	NB551033:151:HCYCWBGXB:3:13605:6400:4345#0/2	98.013	151	3	0	2315	2465	151	1	1.11e-67	263
NC_011593.1:2598858-2601929	NB551033:151:HCYCWBGXB:1:22112:2332:14572#0/2	98.013	151	3	0	2540	2690	151	1	1.11e-67	263
NC_011593.1:2598858-2601929	NB551033:151:HCYCWBGXB:1:11210:24209:18931#0/2	98.013	151	3	0	1109	1259	151	1	1.11e-67	263
NC_011593.1:2598858-2601929	NB551033:151:HCYCWBGXB:2:22112:4395:18256#0/1	98.013	151	3	0	2078	2228	1	151	1.11e-67	263
NC_011593.1:2598858-2601929	NB551033:151:HCYCWBGXB:1:13107:5428:3311#0/1	98.013	151	3	0	2364	2514	151	1	1.11e-67	263
NC_011593.1:2598858-2601929	NB551033:151:HCYCWBGXB:4:11406:1278:17930#0/2	98.639	147	2	0	1396	1542	147	1	4.01e-67	261
NC_011593.1:2598858-2601929	NB551033:151:HCYCWBGXB:3:11502:24654:14559#0/2	98.000	150	3	0	877	1026	150	1	4.01e-67	261
NC_011593.1:2598858-2601929	NB551033:151:HCYCWBGXB:2:23108:25060:17215#0/2	98.000	150	3	0	36	185	1	150	4.01e-67	261
NC_011593.1:2598858-2601929	NB551033:151:HCYCWBGXB:4:13604:15547:4714#0/1	98.000	150	3	0	1367	1516	150	1	4.01e-67	261
NC_011593.1:2598858-2601929	NB551033:151:HCYCWBGXB:4:13409:24184:12087#0/1	98.000	150	3	0	1092	1241	1	150	4.01e-67	261
NC_011593.1:2598858-2601929	NB551033:151:HCYCWBGXB:4:11406:1278:17930#0/1	98.000	150	3	0	1393	1542	1	150	4.01e-67	261
NC_011593.1:2598858-2601929	NB551033:151:HCYCWBGXB:4:11405:26751:17935#0/1	98.000	150	3	0	1393	1542	1	150	4.01e-67	261
NC_011593.1:2598858-2601929	NB551033:151:HCYCWBGXB:3:22608:21180:7913#0/1	98.639	147	2	0	2489	2635	1	147	4.01e-67	261
NC_011593.1:2598858-2601929	NB551033:151:HCYCWBGXB:3:23606:10050:14220#0/2	99.301	143	1	0	2161	2303	143	1	1.44e-66	259
NC_011593.1:2598858-2601929	NB551033:151:HCYCWBGXB:2:22112:4395:18256#0/2	99.301	143	1	0	2161	2303	143	1	1.44e-66	259
NC_011593.1:2598858-2601929	NB551033:151:HCYCWBGXB:2:11206:25265:1912#0/2	99.296	142	1	0	248	389	142	1	5.18e-66	257
NC_011593.1:2598858-2601929	NB551033:151:HCYCWBGXB:1:21202:18441:16377#0/2	97.351	151	4	0	1295	1445	151	1	5.18e-66	257
NC_011593.1:2598858-2601929	NB551033:151:HCYCWBGXB:1:21111:7313:9795#0/2	97.973	148	3	0	2917	3064	148	1	5.18e-66	257
NC_011593.1:2598858-2601929	NB551033:151:HCYCWBGXB:2:13301:8677:7768#0/1	99.296	142	1	0	2016	2157	1	142	5.18e-66	257
NC_011593.1:2598858-2601929	NB551033:151:HCYCWBGXB:2:11209:18156:5239#0/1	97.351	151	4	0	408	558	151	1	5.18e-66	257
NC_011593.1:2598858-2601929	NB551033:151:HCYCWBGXB:2:11206:25265:1912#0/1	99.296	142	1	0	248	389	1	142	5.18e-66	257
NC_011593.1:2598858-2601929	NB551033:151:HCYCWBGXB:1:21202:18441:16377#0/1	97.333	150	4	0	1218	1367	1	150	1.86e-65	255
NC_011593.1:2598858-2601929	NB551033:151:HCYCWBGXB:1:21111:7313:9795#0/1	97.333	150	4	0	2643	2792	1	150	1.86e-65	255
NC_011593.1:2598858-2601929	NB551033:151:HCYCWBGXB:3:12510:11187:1671#0/2	98.601	143	2	0	1239	1381	143	1	6.71e-65	254
NC_011593.1:2598858-2601929	NB551033:151:HCYCWBGXB:3:12510:11187:1671#0/1	98.601	143	2	0	1239	1381	1	143	6.71e-65	254
NC_011593.1:2598858-2601929	NB551033:151:HCYCWBGXB:1:21301:23605:12464#0/1	97.315	149	4	0	866	1014	2	150	6.71e-65	254
NC_011593.1:2598858-2601929	NB551033:151:HCYCWBGXB:2:12106:22148:2503#0/2	99.281	139	1	0	346	484	139	1	2.41e-64	252
NC_011593.1:2598858-2601929	NB551033:151:HCYCWBGXB:4:23403:10334:20074#0/1	96.689	151	5	0	785	935	151	1	2.41e-64	252
NC_011593.1:2598858-2601929	NB551033:151:HCYCWBGXB:4:21504:10703:14302#0/1	96.689	151	5	0	486	636	1	151	2.41e-64	252
NC_011593.1:2598858-2601929	NB551033:151:HCYCWBGXB:4:22404:6909:7864#0/2	96.667	150	5	0	451	600	150	1	8.67e-64	250
NC_011593.1:2598858-2601929	NB551033:151:HCYCWBGXB:4:21502:13604:4677#0/2	96.667	150	5	0	484	633	150	1	8.67e-64	250
NC_011593.1:2598858-2601929	NB551033:151:HCYCWBGXB:4:13604:15547:4714#0/2	96.667	150	5	0	1280	1429	1	150	8.67e-64	250
NC_011593.1:2598858-2601929	NB551033:151:HCYCWBGXB:4:23610:7753:5018#0/1	96.667	150	5	0	419	568	1	150	8.67e-64	250
NC_011593.1:2598858-2601929	NB551033:151:HCYCWBGXB:3:11502:24654:14559#0/1	96.667	150	5	0	784	933	1	150	8.67e-64	250
NC_011593.1:2598858-2601929	NB551033:151:HCYCWBGXB:2:13301:8677:7768#0/2	99.270	137	1	0	2021	2157	140	4	3.12e-63	248
NC_011593.1:2598858-2601929	NB551033:151:HCYCWBGXB:4:23403:10334:20074#0/2	97.887	142	3	0	751	892	1	142	1.12e-62	246
NC_011593.1:2598858-2601929	NB551033:151:HCYCWBGXB:1:21106:26532:6356#0/2	99.265	136	1	0	2915	3050	1	136	1.12e-62	246
NC_011593.1:2598858-2601929	NB551033:151:HCYCWBGXB:3:11407:17553:19203#0/1	100.000	133	0	0	2427	2559	1	133	1.12e-62	246
NC_011593.1:2598858-2601929	NB551033:151:HCYCWBGXB:1:21106:26532:6356#0/1	99.265	136	1	0	2915	3050	138	3	1.12e-62	246
NC_011593.1:2598858-2601929	NB551033:151:HCYCWBGXB:4:21603:19809:7361#0/2	96.000	150	6	0	759	908	1	150	4.04e-62	244
NC_011593.1:2598858-2601929	NB551033:151:HCYCWBGXB:4:21504:10703:14302#0/2	96.000	150	6	0	510	659	150	1	4.04e-62	244
NC_011593.1:2598858-2601929	NB551033:151:HCYCWBGXB:1:11102:17210:12534#0/2	97.857	140	3	0	1055	1194	140	1	1.45e-61	243
NC_011593.1:2598858-2601929	NB551033:151:HCYCWBGXB:2:23111:25825:1561#0/1	100.000	130	0	0	190	319	130	1	5.22e-61	241
NC_011593.1:2598858-2601929	NB551033:151:HCYCWBGXB:4:22606:1386:12853#0/2	97.826	138	3	0	2030	2167	1	138	1.88e-60	239
NC_011593.1:2598858-2601929	NB551033:151:HCYCWBGXB:2:23304:11701:9522#0/2	97.826	138	3	0	2935	3072	145	8	1.88e-60	239
NC_011593.1:2598858-2601929	NB551033:151:HCYCWBGXB:2:23304:11701:9522#0/1	97.826	138	3	0	2935	3072	1	138	1.88e-60	239
NC_011593.1:2598858-2601929	NB551033:151:HCYCWBGXB:1:12206:16328:15747#0/1	97.826	138	3	0	1224	1361	1	138	1.88e-60	239
NC_011593.1:2598858-2601929	NB551033:151:HCYCWBGXB:2:23111:25825:1561#0/2	97.080	137	4	0	31	167	1	137	3.14e-58	231
NC_011593.1:2598858-2601929	NB551033:151:HCYCWBGXB:2:23108:25060:17215#0/1	99.206	126	1	0	325	450	126	1	4.06e-57	228
NC_011593.1:2598858-2601929	NB551033:151:HCYCWBGXB:3:13605:6400:4345#0/1	99.200	125	1	0	2017	2141	1	125	1.46e-56	226
NC_011593.1:2598858-2601929	NB551033:151:HCYCWBGXB:2:21111:12698:15534#0/2	97.674	129	3	0	2072	2200	129	1	1.89e-55	222
NC_011593.1:2598858-2601929	NB551033:151:HCYCWBGXB:2:21111:12698:15534#0/1	97.674	129	3	0	2072	2200	1	129	1.89e-55	222
NC_011593.1:2598858-2601929	NB551033:151:HCYCWBGXB:4:11405:26751:17935#0/2	98.374	123	2	0	1420	1542	123	1	8.80e-54	217
NC_011593.1:2598858-2601929	NB551033:151:HCYCWBGXB:2:21112:23155:9592#0/2	100.000	115	0	0	1607	1721	115	1	1.14e-52	213
NC_011593.1:2598858-2601929	NB551033:151:HCYCWBGXB:2:21112:23155:9592#0/1	100.000	115	0	0	1607	1721	1	115	1.14e-52	213
NC_011593.1:2598858-2601929	NB551033:151:HCYCWBGXB:4:12607:23023:10996#0/2	100.000	113	0	0	237	349	1	113	1.47e-51	209
NC_011593.1:2598858-2601929	NB551033:151:HCYCWBGXB:4:12607:23023:10996#0/1	100.000	113	0	0	237	349	113	1	1.47e-51	209
NC_011593.1:2598858-2601929	NB551033:151:HCYCWBGXB:4:13409:4249:8348#0/1	100.000	110	0	0	1635	1744	1	110	6.85e-50	204
NC_011593.1:2598858-2601929	NB551033:151:HCYCWBGXB:2:12106:22148:2503#0/1	99.107	112	1	0	346	457	1	112	2.46e-49	202
NC_011593.1:2598858-2601929	NB551033:151:HCYCWBGXB:3:22608:12871:15435#0/1	95.902	122	5	0	527	648	1	122	3.19e-48	198
NC_011593.1:2598858-2601929	NB551033:151:HCYCWBGXB:4:12401:19889:16203#0/2	99.065	107	1	0	1873	1979	107	1	1.48e-46	193
NC_011593.1:2598858-2601929	NB551033:151:HCYCWBGXB:1:11309:17033:1754#0/2	98.182	110	2	0	2383	2492	1	110	1.48e-46	193
NC_011593.1:2598858-2601929	NB551033:151:HCYCWBGXB:4:12401:19889:16203#0/1	99.065	107	1	0	1873	1979	1	107	1.48e-46	193
NC_011593.1:2598858-2601929	NB551033:151:HCYCWBGXB:1:11309:17033:1754#0/1	98.182	110	2	0	2383	2492	110	1	1.48e-46	193
NC_011593.1:2598858-2601929	NB551033:151:HCYCWBGXB:4:21412:24201:4587#0/2	100.000	103	0	0	1	103	49	151	5.33e-46	191
NC_011593.1:2598858-2601929	NB551033:151:HCYCWBGXB:4:12407:24050:8205#0/2	98.148	108	2	0	2546	2653	108	1	1.92e-45	189
NC_011593.1:2598858-2601929	NB551033:151:HCYCWBGXB:4:12407:24050:8205#0/1	98.148	108	2	0	2546	2653	1	108	1.92e-45	189
NC_011593.1:2598858-2601929	NB551033:151:HCYCWBGXB:1:12212:23042:6195#0/2	98.095	105	2	0	2283	2387	1	105	8.92e-44	183
NC_011593.1:2598858-2601929	NB551033:151:HCYCWBGXB:1:12212:23042:6195#0/1	97.222	108	3	0	2283	2390	109	2	8.92e-44	183
NC_011593.1:2598858-2601929	NB551033:151:HCYCWBGXB:4:11503:4459:12447#0/2	97.143	105	3	0	880	984	1	105	4.15e-42	178
NC_011593.1:2598858-2601929	NB551033:151:HCYCWBGXB:3:13404:24599:8122#0/2	98.039	102	2	0	759	860	102	1	4.15e-42	178
NC_011593.1:2598858-2601929	NB551033:151:HCYCWBGXB:4:11503:4459:12447#0/1	97.143	105	3	0	880	984	105	1	4.15e-42	178
NC_011593.1:2598858-2601929	NB551033:151:HCYCWBGXB:3:13404:24599:8122#0/1	98.969	97	1	0	685	781	2	98	5.37e-41	174
NC_011593.1:2598858-2601929	NB551033:151:HCYCWBGXB:4:22606:1386:12853#0/1	96.154	104	4	0	2116	2219	104	1	6.95e-40	171
NC_011593.1:2598858-2601929	NB551033:151:HCYCWBGXB:2:12209:24317:7994#0/2	100.000	91	0	0	1918	2008	1	91	2.50e-39	169
NC_011593.1:2598858-2601929	NB551033:151:HCYCWBGXB:2:12209:24317:7994#0/1	100.000	91	0	0	1918	2008	91	1	2.50e-39	169
NC_011593.1:2598858-2601929	NB551033:151:HCYCWBGXB:2:23204:6994:1585#0/2	100.000	87	0	0	1609	1695	87	1	4.18e-37	161
NC_011593.1:2598858-2601929	NB551033:151:HCYCWBGXB:2:23204:6994:1585#0/1	100.000	87	0	0	1609	1695	1	87	4.18e-37	161
NC_011593.1:2598858-2601929	NB551033:151:HCYCWBGXB:3:21409:1270:6586#0/1	98.864	88	1	0	1815	1902	88	1	5.41e-36	158
NC_011593.1:2598858-2601929	NB551033:151:HCYCWBGXB:1:23312:3930:13506#0/2	100.000	83	0	0	400	482	1	83	7.00e-35	154
NC_011593.1:2598858-2601929	NB551033:151:HCYCWBGXB:1:22211:5765:13143#0/2	100.000	83	0	0	2439	2521	83	1	7.00e-35	154
NC_011593.1:2598858-2601929	NB551033:151:HCYCWBGXB:1:22211:5765:13143#0/1	100.000	83	0	0	2439	2521	1	83	7.00e-35	154
NC_011593.1:2598858-2601929	NB551033:151:HCYCWBGXB:2:11308:18940:2081#0/1	100.000	82	0	0	179	260	82	1	2.52e-34	152
NC_011593.1:2598858-2601929	NB551033:151:HCYCWBGXB:1:23312:3930:13506#0/1	100.000	82	0	0	401	482	82	1	2.52e-34	152
NC_011593.1:2598858-2601929	NB551033:151:HCYCWBGXB:3:11504:17063:4729#0/2	98.750	80	1	0	2778	2857	1	80	1.51e-31	143
NC_011593.1:2598858-2601929	NB551033:151:HCYCWBGXB:1:11202:22794:19040#0/2	100.000	77	0	0	1	77	77	1	1.51e-31	143
NC_011593.1:2598858-2601929	NB551033:151:HCYCWBGXB:3:11504:17063:4729#0/1	98.750	80	1	0	2778	2857	80	1	1.51e-31	143
NC_011593.1:2598858-2601929	NB551033:151:HCYCWBGXB:2:11308:18940:2081#0/2	98.734	79	1	0	164	242	1	79	5.45e-31	141
NC_011593.1:2598858-2601929	NB551033:151:HCYCWBGXB:4:21412:24201:4587#0/1	100.000	76	0	0	33	108	76	1	5.45e-31	141
NC_011593.1:2598858-2601929	NB551033:151:HCYCWBGXB:4:11403:24879:8791#0/1	100.000	74	0	0	1	74	74	1	7.05e-30	137
NC_011593.1:2598858-2601929	NB551033:151:HCYCWBGXB:1:12206:16328:15747#0/2	97.368	76	2	0	1358	1433	76	1	1.18e-27	130
NC_011593.1:2598858-2601929	NB551033:151:HCYCWBGXB:1:11202:22794:19040#0/1	100.000	45	0	0	1	45	106	150	9.31e-14	84.2
NC_011593.1:2598858-2601929	NB551033:151:HCYCWBGXB:4:13610:21328:5686#0/2	100.000	41	0	0	1	41	111	151	1.56e-11	76.8
NC_011593.1:2598858-2601929	NB551033:151:HCYCWBGXB:4:11403:24879:8791#0/2	100.000	36	0	0	1	36	116	151	9.38e-09	67.6
# BLASTN 2.9.0+
# Query: NC_011593.1:c2604454-2602106 Bifidobacterium longum subsp. infantis ATCC 15697, complete genome
# Database: db/blast_M1015-2F-1A_S82.faa
# 0 hits found
# BLASTN 2.9.0+
# Query: NC_011593.1:c2605922-2604486 Bifidobacterium longum subsp. infantis ATCC 15697, complete genome
# Database: db/blast_M1015-2F-1A_S82.faa
# 0 hits found
# BLASTN 2.9.0+
# Query: NC_011593.1:c2606381-2605944 Bifidobacterium longum subsp. infantis ATCC 15697, complete genome
# Database: db/blast_M1015-2F-1A_S82.faa
# 0 hits found
# BLASTN 2.9.0+
# Query: NC_011593.1:c2607314-2606418 Bifidobacterium longum subsp. infantis ATCC 15697, complete genome
# Database: db/blast_M1015-2F-1A_S82.faa
# 0 hits found
# BLASTN 2.9.0+
# Query: NC_011593.1:c2608249-2607458 Bifidobacterium longum subsp. infantis ATCC 15697, complete genome
# Database: db/blast_M1015-2F-1A_S82.faa
# 0 hits found
# BLASTN 2.9.0+
# Query: NC_011593.1:c2609546-2608269 Bifidobacterium longum subsp. infantis ATCC 15697, complete genome
# Database: db/blast_M1015-2F-1A_S82.faa
# 0 hits found
# BLASTN 2.9.0+
# Query: NC_011593.1:c2610356-2609697 Bifidobacterium longum subsp. infantis ATCC 15697, complete genome
# Database: db/blast_M1015-2F-1A_S82.faa
# 0 hits found
# BLASTN 2.9.0+
# Query: NC_011593.1:c2611458-2610496 Bifidobacterium longum subsp. infantis ATCC 15697, complete genome
# Database: db/blast_M1015-2F-1A_S82.faa
# 0 hits found
# BLASTN 2.9.0+
# Query: NC_011593.1:c2612430-2611477 Bifidobacterium longum subsp. infantis ATCC 15697, complete genome
# Database: db/blast_M1015-2F-1A_S82.faa
# 0 hits found
# BLASTN 2.9.0+
# Query: NC_011593.1:c2614109-2612517 Bifidobacterium longum subsp. infantis ATCC 15697, complete genome
# Database: db/blast_M1015-2F-1A_S82.faa
# Fields: query acc.ver, subject acc.ver, % identity, alignment length, mismatches, gap opens, q. start, q. end, s. start, s. end, evalue, bit score
# 2 hits found
NC_011593.1:c2614109-2612517	NB551033:151:HCYCWBGXB:4:22502:2856:1716#0/2	97.959	49	1	0	585	633	123	75	1.34e-14	86.1
NC_011593.1:c2614109-2612517	NB551033:151:HCYCWBGXB:2:11309:7277:16790#0/2	97.959	49	1	0	585	633	24	72	1.34e-14	86.1
# BLASTN 2.9.0+
# Query: NC_011593.1:c2615274-2614312 Bifidobacterium longum subsp. infantis ATCC 15697, complete genome
# Database: db/blast_M1015-2F-1A_S82.faa
# 0 hits found
# BLASTN 2.9.0+
# Query: NC_011593.1:c2616246-2615293 Bifidobacterium longum subsp. infantis ATCC 15697, complete genome
# Database: db/blast_M1015-2F-1A_S82.faa
# 0 hits found
# BLASTN 2.9.0+
# Query: NC_011593.1:c2617928-2616333 Bifidobacterium longum subsp. infantis ATCC 15697, complete genome
# Database: db/blast_M1015-2F-1A_S82.faa
# Fields: query acc.ver, subject acc.ver, % identity, alignment length, mismatches, gap opens, q. start, q. end, s. start, s. end, evalue, bit score
# 2 hits found
NC_011593.1:c2617928-2616333	NB551033:151:HCYCWBGXB:4:22502:2856:1716#0/2	98.077	52	0	1	585	636	125	75	1.04e-15	89.8
NC_011593.1:c2617928-2616333	NB551033:151:HCYCWBGXB:2:11309:7277:16790#0/2	98.077	52	0	1	585	636	22	72	1.04e-15	89.8
# BLASTN 2.9.0+
# Query: NC_011593.1:c2619247-2618063 Bifidobacterium longum subsp. infantis ATCC 15697, complete genome
# Database: db/blast_M1015-2F-1A_S82.faa
# 0 hits found
# BLASTN 2.9.0+
# Query: NC_011593.1:c2620369-2619413 Bifidobacterium longum subsp. infantis ATCC 15697, complete genome
# Database: db/blast_M1015-2F-1A_S82.faa
# 0 hits found
# BLASTN 2.9.0+
# Query: NC_011593.1:c2622143-2620551 Bifidobacterium longum subsp. infantis ATCC 15697, complete genome
# Database: db/blast_M1015-2F-1A_S82.faa
# Fields: query acc.ver, subject acc.ver, % identity, alignment length, mismatches, gap opens, q. start, q. end, s. start, s. end, evalue, bit score
# 2 hits found
NC_011593.1:c2622143-2620551	NB551033:151:HCYCWBGXB:4:22502:2856:1716#0/2	100.000	49	0	0	588	636	123	75	2.89e-16	91.6
NC_011593.1:c2622143-2620551	NB551033:151:HCYCWBGXB:2:11309:7277:16790#0/2	100.000	49	0	0	588	636	24	72	2.89e-16	91.6
# BLASTN 2.9.0+
# Query: NC_011593.1:c2624124-2622520 Bifidobacterium longum subsp. infantis ATCC 15697, complete genome
# Database: db/blast_M1015-2F-1A_S82.faa
# 0 hits found
# BLASTN 2.9.0+
# Query: NC_011593.1:c2626110-2624512 Bifidobacterium longum subsp. infantis ATCC 15697, complete genome
# Database: db/blast_M1015-2F-1A_S82.faa
# Fields: query acc.ver, subject acc.ver, % identity, alignment length, mismatches, gap opens, q. start, q. end, s. start, s. end, evalue, bit score
# 7 hits found
NC_011593.1:c2626110-2624512	NB551033:151:HCYCWBGXB:4:22502:2856:1716#0/2	100.000	48	0	0	588	635	123	76	1.04e-15	89.8
NC_011593.1:c2626110-2624512	NB551033:151:HCYCWBGXB:2:11309:7277:16790#0/2	100.000	48	0	0	588	635	24	71	1.04e-15	89.8
NC_011593.1:c2626110-2624512	NB551033:151:HCYCWBGXB:4:23609:5095:10671#0/2	100.000	30	0	0	1555	1584	91	62	1.06e-05	56.5
NC_011593.1:c2626110-2624512	NB551033:151:HCYCWBGXB:1:22303:16788:2605#0/2	100.000	30	0	0	1555	1584	46	75	1.06e-05	56.5
NC_011593.1:c2626110-2624512	NB551033:151:HCYCWBGXB:1:21204:14802:20248#0/2	100.000	30	0	0	1555	1584	56	27	1.06e-05	56.5
NC_011593.1:c2626110-2624512	NB551033:151:HCYCWBGXB:4:23609:5095:10671#0/1	100.000	30	0	0	1555	1584	52	81	1.06e-05	56.5
NC_011593.1:c2626110-2624512	NB551033:151:HCYCWBGXB:1:22303:16788:2605#0/1	100.000	30	0	0	1555	1584	141	112	1.06e-05	56.5
# BLASTN 2.9.0+
# Query: NC_011593.1:c2626386-2626264 Bifidobacterium longum subsp. infantis ATCC 15697, complete genome
# Database: db/blast_M1015-2F-1A_S82.faa
# 0 hits found
# BLASTN 2.9.0+
# Query: NC_011593.1:c2628158-2626563 Bifidobacterium longum subsp. infantis ATCC 15697, complete genome
# Database: db/blast_M1015-2F-1A_S82.faa
# 0 hits found
# BLASTN 2.9.0+
# Query: NC_011593.1:c2630269-2628314 Bifidobacterium longum subsp. infantis ATCC 15697, complete genome
# Database: db/blast_M1015-2F-1A_S82.faa
# 0 hits found
# BLASTN 2.9.0+
# Query: NC_011593.1:c2631106-2630366 Bifidobacterium longum subsp. infantis ATCC 15697, complete genome
# Database: db/blast_M1015-2F-1A_S82.faa
# 0 hits found
# BLASTN 2.9.0+
# Query: NC_011593.1:c2632432-2631140 Bifidobacterium longum subsp. infantis ATCC 15697, complete genome
# Database: db/blast_M1015-2F-1A_S82.faa
# 0 hits found
# BLASTN 2.9.0+
# Query: NC_011593.1:c2633881-2632562 Bifidobacterium longum subsp. infantis ATCC 15697, complete genome
# Database: db/blast_M1015-2F-1A_S82.faa
# 0 hits found
# BLASTN 2.9.0+
# Query: NC_011593.1:c2634683-2633865 Bifidobacterium longum subsp. infantis ATCC 15697, complete genome
# Database: db/blast_M1015-2F-1A_S82.faa
# 0 hits found
# BLASTN 2.9.0+
# Query: NC_011593.1:c2635627-2634680 Bifidobacterium longum subsp. infantis ATCC 15697, complete genome
# Database: db/blast_M1015-2F-1A_S82.faa
# 0 hits found
# BLASTN 2.9.0+
# Query: NC_011593.1:c2636747-2635629 Bifidobacterium longum subsp. infantis ATCC 15697, complete genome
# Database: db/blast_M1015-2F-1A_S82.faa
# 0 hits found
# BLAST processed 31 queries
