# BLASTN 2.3.0+
# Query: NC_011593.1:c2595355-2593832 Bifidobacterium longum subsp. infantis ATCC 15697, complete genome
# Database: db/blast_all_longum_genomes.faa
# Fields: query id, subject id, % identity, alignment length, mismatches, gap opens, q. start, q. end, s. start, s. end, evalue, bit score
# 151 hits found
NC_011593.1:c2595355-2593832	NZ_SHPM01000016.1	97.823	1470	32	0	1	1470	78527	77058	0.0	2538
NC_011593.1:c2595355-2593832	NZ_SHRT01000007.1	97.823	1470	32	0	1	1470	10654	12123	0.0	2538
NC_011593.1:c2595355-2593832	NZ_SHPW01000017.1	97.823	1470	32	0	1	1470	94567	93098	0.0	2538
NC_011593.1:c2595355-2593832	NZ_SHRC01000011.1	97.823	1470	32	0	1	1470	87880	86411	0.0	2538
NC_011593.1:c2595355-2593832	NZ_SHRS01000008.1	97.823	1470	32	0	1	1470	21871	20402	0.0	2538
NC_011593.1:c2595355-2593832	NZ_SHSC01000016.1	97.823	1470	32	0	1	1470	66661	68130	0.0	2538
NC_011593.1:c2595355-2593832	NZ_BCYJ01000060.1	97.823	1470	32	0	1	1470	144430	145899	0.0	2538
NC_011593.1:c2595355-2593832	NZ_SHRD01000011.1	97.755	1470	33	0	1	1470	21234	22703	0.0	2532
NC_011593.1:c2595355-2593832	NZ_SHRW01000011.1	97.755	1470	33	0	1	1470	24965	26434	0.0	2532
NC_011593.1:c2595355-2593832	NZ_SHTU01000011.1	97.619	1470	35	0	1	1470	24057	22588	0.0	2521
NC_011593.1:c2595355-2593832	NZ_SHRE01000013.1	97.619	1470	35	0	1	1470	19694	21163	0.0	2521
NC_011593.1:c2595355-2593832	NZ_SHRV01000014.1	97.619	1470	35	0	1	1470	202514	201045	0.0	2521
NC_011593.1:c2595355-2593832	NZ_SHPQ01000014.1	97.619	1470	35	0	1	1470	24827	26296	0.0	2521
NC_011593.1:c2595355-2593832	NZ_BCYI01000006.1	97.619	1470	35	0	1	1470	9162	7693	0.0	2521
NC_011593.1:c2595355-2593832	NZ_SHRI01000010.1	97.551	1470	36	0	1	1470	15354	16823	0.0	2516
NC_011593.1:c2595355-2593832	NZ_SHTJ01000005.1	97.483	1470	37	0	1	1470	165811	164342	0.0	2510
NC_011593.1:c2595355-2593832	NZ_SHQQ01000008.1	97.483	1470	37	0	1	1470	165794	164325	0.0	2510
NC_011593.1:c2595355-2593832	NZ_SHPR01000018.1	97.483	1470	37	0	1	1470	129398	127929	0.0	2510
NC_011593.1:c2595355-2593832	NZ_SHQD01000010.1	97.483	1470	37	0	1	1470	22376	20907	0.0	2510
NC_011593.1:c2595355-2593832	NZ_SHSM01000016.1	97.483	1470	37	0	1	1470	23947	22478	0.0	2510
NC_011593.1:c2595355-2593832	NZ_CP031133.1	97.483	1470	37	0	1	1470	853620	855089	0.0	2510
NC_011593.1:c2595355-2593832	NZ_MRBG01000007.1	97.483	1470	37	0	1	1470	22349	20880	0.0	2510
NC_011593.1:c2595355-2593832	NZ_KE145393.1	97.483	1470	37	0	1	1470	72150	70681	0.0	2510
NC_011593.1:c2595355-2593832	NC_014169.1	97.483	1470	37	0	1	1470	912218	913687	0.0	2510
NC_011593.1:c2595355-2593832	NZ_SHRA01000007.1	97.415	1470	38	0	1	1470	21979	20510	0.0	2505
NC_011593.1:c2595355-2593832	NZ_JNVY01000016.1	97.415	1470	38	0	1	1470	482103	480634	0.0	2505
NC_011593.1:c2595355-2593832	NZ_SHQT01000014.1	97.347	1470	39	0	1	1470	75189	73720	0.0	2499
NC_011593.1:c2595355-2593832	NZ_SHRL01000012.1	97.347	1470	39	0	1	1470	164394	162925	0.0	2499
NC_011593.1:c2595355-2593832	NZ_SHRU01000008.1	97.347	1470	39	0	1	1470	66	1535	0.0	2499
NC_011593.1:c2595355-2593832	NZ_SHSE01000010.1	97.347	1470	39	0	1	1470	219757	221226	0.0	2499
NC_011593.1:c2595355-2593832	NZ_SHSH01000012.1	97.347	1470	39	0	1	1470	15374	16843	0.0	2499
NC_011593.1:c2595355-2593832	NZ_SHTB01000018.1	97.347	1470	39	0	1	1470	22072	20603	0.0	2499
NC_011593.1:c2595355-2593832	NZ_SHSQ01000013.1	97.347	1470	39	0	1	1470	120705	122174	0.0	2499
NC_011593.1:c2595355-2593832	NZ_SHTP01000004.1	97.279	1470	40	0	1	1470	633477	632008	0.0	2494
NC_011593.1:c2595355-2593832	NZ_SHTN01000012.1	97.279	1470	40	0	1	1470	131572	130103	0.0	2494
NC_011593.1:c2595355-2593832	NZ_SHTQ01000002.1	97.279	1470	40	0	1	1470	702834	704303	0.0	2494
NC_011593.1:c2595355-2593832	NZ_SHPU01000007.1	97.279	1470	40	0	1	1470	214481	215950	0.0	2494
NC_011593.1:c2595355-2593832	NZ_SHPY01000019.1	97.279	1470	40	0	1	1470	5841	4372	0.0	2494
NC_011593.1:c2595355-2593832	NZ_SHSD01000016.1	97.279	1470	40	0	1	1470	21603	23072	0.0	2494
NC_011593.1:c2595355-2593832	NZ_SHPX01000016.1	97.279	1470	40	0	1	1470	16510	17979	0.0	2494
NC_011593.1:c2595355-2593832	NZ_SHQE01000011.1	97.279	1470	40	0	1	1470	33592	32123	0.0	2494
NC_011593.1:c2595355-2593832	NZ_SHQI01000014.1	97.279	1470	40	0	1	1470	22438	20969	0.0	2494
NC_011593.1:c2595355-2593832	NZ_SHQL01000008.1	97.279	1470	40	0	1	1470	24613	23144	0.0	2494
NC_011593.1:c2595355-2593832	NZ_SHRF01000017.1	97.279	1470	40	0	1	1470	14663	16132	0.0	2494
NC_011593.1:c2595355-2593832	NZ_SHRQ01000013.1	97.279	1470	40	0	1	1470	21562	20093	0.0	2494
NC_011593.1:c2595355-2593832	NZ_SHRZ01000020.1	97.279	1470	40	0	1	1470	15376	16845	0.0	2494
NC_011593.1:c2595355-2593832	NZ_SHSB01000015.1	97.279	1470	40	0	1	1470	21602	23071	0.0	2494
NC_011593.1:c2595355-2593832	NZ_SHSI01000008.1	97.279	1470	40	0	1	1470	39791	41260	0.0	2494
NC_011593.1:c2595355-2593832	NZ_SHSN01000002.1	97.279	1470	40	0	1	1470	21920	20451	0.0	2494
NC_011593.1:c2595355-2593832	NZ_SHSY01000009.1	97.279	1470	40	0	1	1470	23728	22259	0.0	2494
NC_011593.1:c2595355-2593832	NZ_BCYK01000030.1	97.279	1470	40	0	1	1470	168151	166682	0.0	2494
NC_011593.1:c2595355-2593832	NZ_LKSU01000021.1	97.279	1470	40	0	1	1470	3456	4925	0.0	2494
NC_011593.1:c2595355-2593832	NZ_LKSV01000019.1	97.279	1470	40	0	1	1470	3456	4925	0.0	2494
NC_011593.1:c2595355-2593832	NZ_SHTI01000014.1	97.211	1470	41	0	1	1470	15312	16781	0.0	2488
NC_011593.1:c2595355-2593832	NZ_SHTT01000013.1	97.211	1470	41	0	1	1470	105950	107419	0.0	2488
NC_011593.1:c2595355-2593832	NZ_SHTK01000009.1	97.211	1470	41	0	1	1470	22558	21089	0.0	2488
NC_011593.1:c2595355-2593832	NZ_SHTM01000012.1	97.211	1470	41	0	1	1470	223078	224547	0.0	2488
NC_011593.1:c2595355-2593832	NZ_SHTO01000008.1	97.211	1470	41	0	1	1470	21640	20171	0.0	2488
NC_011593.1:c2595355-2593832	NZ_SHTH01000007.1	97.211	1470	41	0	1	1470	21983	20514	0.0	2488
NC_011593.1:c2595355-2593832	NZ_SHTL01000013.1	97.211	1470	41	0	1	1470	168027	166558	0.0	2488
NC_011593.1:c2595355-2593832	NZ_SHTS01000008.1	97.211	1470	41	0	1	1470	189237	190706	0.0	2488
NC_011593.1:c2595355-2593832	NZ_SHPP01000019.1	97.211	1470	41	0	1	1470	15189	16658	0.0	2488
NC_011593.1:c2595355-2593832	NZ_SHPS01000014.1	97.211	1470	41	0	1	1470	22132	20663	0.0	2488
NC_011593.1:c2595355-2593832	NZ_SHQG01000014.1	97.211	1470	41	0	1	1470	15395	16864	0.0	2488
NC_011593.1:c2595355-2593832	NZ_SHQB01000010.1	97.211	1470	41	0	1	1470	21347	19878	0.0	2488
NC_011593.1:c2595355-2593832	NZ_SHQH01000008.1	97.211	1470	41	0	1	1470	60507	59038	0.0	2488
NC_011593.1:c2595355-2593832	NZ_SHQJ01000013.1	97.211	1470	41	0	1	1470	17366	18835	0.0	2488
NC_011593.1:c2595355-2593832	NZ_SHQR01000010.1	97.211	1470	41	0	1	1470	16133	17602	0.0	2488
NC_011593.1:c2595355-2593832	NZ_SHQY01000018.1	97.211	1470	41	0	1	1470	22063	20594	0.0	2488
NC_011593.1:c2595355-2593832	NZ_SHRB01000010.1	97.211	1470	41	0	1	1470	12240	13709	0.0	2488
NC_011593.1:c2595355-2593832	NZ_SHRH01000018.1	97.211	1470	41	0	1	1470	22458	20989	0.0	2488
NC_011593.1:c2595355-2593832	NZ_SHRJ01000012.1	97.211	1470	41	0	1	1470	163719	162250	0.0	2488
NC_011593.1:c2595355-2593832	NZ_SHRY01000008.1	97.211	1470	41	0	1	1470	15398	16867	0.0	2488
NC_011593.1:c2595355-2593832	NZ_SHPT01000021.1	97.211	1470	41	0	1	1470	9125	7656	0.0	2488
NC_011593.1:c2595355-2593832	NZ_SHPV01000027.1	97.211	1470	41	0	1	1470	21876	20407	0.0	2488
NC_011593.1:c2595355-2593832	NZ_SHPZ01000016.1	97.211	1470	41	0	1	1470	21738	20269	0.0	2488
NC_011593.1:c2595355-2593832	NZ_SHQA01000009.1	97.211	1470	41	0	1	1470	165966	164497	0.0	2488
NC_011593.1:c2595355-2593832	NZ_SHQF01000022.1	97.211	1470	41	0	1	1470	168805	167336	0.0	2488
NC_011593.1:c2595355-2593832	NZ_SHQK01000014.1	97.211	1470	41	0	1	1470	168019	166550	0.0	2488
NC_011593.1:c2595355-2593832	NZ_SHQN01000009.1	97.211	1470	41	0	1	1470	15467	16936	0.0	2488
NC_011593.1:c2595355-2593832	NZ_SHQV01000009.1	97.211	1470	41	0	1	1470	96848	95379	0.0	2488
NC_011593.1:c2595355-2593832	NZ_SHQU01000014.1	97.211	1470	41	0	1	1470	15371	16840	0.0	2488
NC_011593.1:c2595355-2593832	NZ_SHQW01000019.1	97.211	1470	41	0	1	1470	4250	5719	0.0	2488
NC_011593.1:c2595355-2593832	NZ_SHQX01000021.1	97.211	1470	41	0	1	1470	15490	16959	0.0	2488
NC_011593.1:c2595355-2593832	NZ_SHQZ01000017.1	97.211	1470	41	0	1	1470	21712	20243	0.0	2488
NC_011593.1:c2595355-2593832	NZ_SHRK01000019.1	97.211	1470	41	0	1	1470	18986	17517	0.0	2488
NC_011593.1:c2595355-2593832	NZ_SHRM01000012.1	97.211	1470	41	0	1	1470	165979	164510	0.0	2488
NC_011593.1:c2595355-2593832	NZ_SHRN01000013.1	97.211	1470	41	0	1	1470	15397	16866	0.0	2488
NC_011593.1:c2595355-2593832	NZ_SHRO01000013.1	97.211	1470	41	0	1	1470	21712	20243	0.0	2488
NC_011593.1:c2595355-2593832	NZ_SHRP01000011.1	97.211	1470	41	0	1	1470	16811	15342	0.0	2488
NC_011593.1:c2595355-2593832	NZ_SHRR01000008.1	97.211	1470	41	0	1	1470	123054	124523	0.0	2488
NC_011593.1:c2595355-2593832	NZ_SHRX01000011.1	97.211	1470	41	0	1	1470	16665	18134	0.0	2488
NC_011593.1:c2595355-2593832	NZ_SHSA01000024.1	97.211	1470	41	0	1	1470	17010	18479	0.0	2488
NC_011593.1:c2595355-2593832	NZ_SHSP01000006.1	97.211	1470	41	0	1	1470	367291	368760	0.0	2488
NC_011593.1:c2595355-2593832	NZ_SHSJ01000011.1	97.211	1470	41	0	1	1470	15375	16844	0.0	2488
NC_011593.1:c2595355-2593832	NZ_SHSK01000014.1	97.211	1470	41	0	1	1470	15395	16864	0.0	2488
NC_011593.1:c2595355-2593832	NZ_SHSW01000006.1	97.211	1470	41	0	1	1470	118096	119565	0.0	2488
NC_011593.1:c2595355-2593832	NZ_SHST01000021.1	97.211	1470	41	0	1	1470	123463	121994	0.0	2488
NC_011593.1:c2595355-2593832	NZ_SHSR01000015.1	97.211	1470	41	0	1	1470	21281	19812	0.0	2488
NC_011593.1:c2595355-2593832	NZ_SHSV01000011.1	97.211	1470	41	0	1	1470	15378	16847	0.0	2488
NC_011593.1:c2595355-2593832	NZ_SHSS01000014.1	97.211	1470	41	0	1	1470	15351	16820	0.0	2488
NC_011593.1:c2595355-2593832	NZ_SHSX01000018.1	97.211	1470	41	0	1	1470	22376	20907	0.0	2488
NC_011593.1:c2595355-2593832	NZ_SHSU01000013.1	97.211	1470	41	0	1	1470	21758	20289	0.0	2488
NC_011593.1:c2595355-2593832	NZ_SHSZ01000014.1	97.211	1470	41	0	1	1470	21737	20268	0.0	2488
NC_011593.1:c2595355-2593832	NZ_SHTA01000011.1	97.211	1470	41	0	1	1470	163718	162249	0.0	2488
NC_011593.1:c2595355-2593832	NZ_SHTE01000013.1	97.211	1470	41	0	1	1470	33734	35203	0.0	2488
NC_011593.1:c2595355-2593832	NZ_SHTC01000012.1	97.211	1470	41	0	1	1470	15355	16824	0.0	2488
NC_011593.1:c2595355-2593832	NZ_SHTD01000019.1	97.211	1470	41	0	1	1470	21622	20153	0.0	2488
NC_011593.1:c2595355-2593832	NZ_QKOJ01000016.1	97.211	1470	41	0	1	1470	33947	35416	0.0	2488
NC_011593.1:c2595355-2593832	NZ_RZHL01000001.1	97.211	1470	41	0	1	1470	190564	189095	0.0	2488
NC_011593.1:c2595355-2593832	NZ_QDIY01000004.1	97.211	1470	41	0	1	1470	165939	164470	0.0	2488
NC_011593.1:c2595355-2593832	NZ_CP016019.1	97.211	1470	41	0	1	1470	1313451	1311982	0.0	2488
NC_011593.1:c2595355-2593832	NZ_BCYM01000006.1	97.211	1470	41	0	1	1470	209491	210960	0.0	2488
NC_011593.1:c2595355-2593832	NZ_BCYL01000021.1	97.211	1470	41	0	1	1470	22787	21318	0.0	2488
NC_011593.1:c2595355-2593832	NZ_BCYH01000038.1	97.211	1470	41	0	1	1470	11055	12524	0.0	2488
NC_011593.1:c2595355-2593832	NZ_CP011964.1	97.211	1470	41	0	1	1470	797662	799131	0.0	2488
NC_011593.1:c2595355-2593832	NZ_LFDU01000007.1	97.211	1470	41	0	1	1470	57630	56161	0.0	2488
NC_011593.1:c2595355-2593832	NZ_JRWN01000001.1	97.211	1470	41	0	1	1470	338069	339538	0.0	2488
NC_011593.1:c2595355-2593832	NZ_CP006741.1	97.211	1470	41	0	1	1470	976091	977560	0.0	2488
NC_011593.1:c2595355-2593832	NZ_JNWD01000023.1	97.211	1470	41	0	1	1470	338795	340264	0.0	2488
NC_011593.1:c2595355-2593832	NZ_JNVX01000003.1	97.211	1470	41	0	1	1470	205689	204220	0.0	2488
NC_011593.1:c2595355-2593832	NZ_JNWA01000025.1	97.211	1470	41	0	1	1470	21982	20513	0.0	2488
NC_011593.1:c2595355-2593832	NZ_JNWC01000004.1	97.211	1470	41	0	1	1470	22407	20938	0.0	2488
NC_011593.1:c2595355-2593832	NZ_AJTM01000051.1	97.211	1470	41	0	1	1470	72969	74438	0.0	2488
NC_011593.1:c2595355-2593832	NZ_AJTF01000061.1	97.211	1470	41	0	1	1470	21254	19785	0.0	2488
NC_011593.1:c2595355-2593832	NC_017221.1	97.211	1470	41	0	1	1470	1442383	1440914	0.0	2488
NC_011593.1:c2595355-2593832	NC_021008.1	97.211	1470	41	0	1	1470	1405612	1404143	0.0	2488
NC_011593.1:c2595355-2593832	NZ_GG666849.1	97.211	1470	41	0	1	1470	202215	200746	0.0	2488
NC_011593.1:c2595355-2593832	NZ_SHTR01000016.1	97.143	1470	42	0	1	1470	14621	16090	0.0	2483
NC_011593.1:c2595355-2593832	NZ_SHQP01000008.1	97.143	1470	42	0	1	1470	41951	40482	0.0	2483
NC_011593.1:c2595355-2593832	NZ_SHSF01000016.1	97.143	1470	42	0	1	1470	14621	16090	0.0	2483
NC_011593.1:c2595355-2593832	NZ_SHPN01000012.1	97.143	1470	42	0	1	1470	21431	22900	0.0	2483
NC_011593.1:c2595355-2593832	NZ_SHPO01000012.1	97.143	1470	42	0	1	1470	23002	21533	0.0	2483
NC_011593.1:c2595355-2593832	NZ_SHQC01000020.1	97.143	1470	42	0	1	1470	22112	20643	0.0	2483
NC_011593.1:c2595355-2593832	NZ_SHQS01000015.1	97.143	1470	42	0	1	1470	32633	34102	0.0	2483
NC_011593.1:c2595355-2593832	NZ_SHSG01000010.1	97.143	1470	42	0	1	1470	21902	20433	0.0	2483
NC_011593.1:c2595355-2593832	NZ_SHTF01000008.1	97.143	1470	42	0	1	1470	36571	38040	0.0	2483
NC_011593.1:c2595355-2593832	NZ_SHSO01000019.1	97.143	1470	42	0	1	1470	17118	15649	0.0	2483
NC_011593.1:c2595355-2593832	NZ_LNCM01000001.1	97.143	1470	42	0	1	1470	310285	311754	0.0	2483
NC_011593.1:c2595355-2593832	NZ_CP011965.1	97.143	1470	42	0	1	1470	834898	836367	0.0	2483
NC_011593.1:c2595355-2593832	NZ_CALH01000048.1	97.143	1470	42	0	1	1470	1094	2563	0.0	2483
NC_011593.1:c2595355-2593832	NZ_JNVZ01000014.1	97.143	1470	42	0	1	1470	207108	208577	0.0	2483
NC_011593.1:c2595355-2593832	NZ_AJTI01000106.1	97.143	1470	42	0	1	1470	14338	15807	0.0	2483
NC_011593.1:c2595355-2593832	NZ_AJTJ01000017.1	97.143	1470	42	0	1	1470	9152	7683	0.0	2483
NC_011593.1:c2595355-2593832	NZ_SHTG01000008.1	97.075	1470	43	0	1	1470	94541	96010	0.0	2477
NC_011593.1:c2595355-2593832	NZ_SHSL01000026.1	97.007	1470	44	0	1	1470	4228	5697	0.0	2471
NC_011593.1:c2595355-2593832	NZ_SHQO01000005.1	96.939	1470	43	1	1	1470	201678	200211	0.0	2464
NC_011593.1:c2595355-2593832	NZ_SHRG01000014.1	97.297	1295	35	0	1	1295	79146	80440	0.0	2198
NC_011593.1:c2595355-2593832	NZ_SHQM01000020.1	97.220	1295	36	0	1	1295	1295	1	0.0	2193
NC_011593.1:c2595355-2593832	NZ_SHQM01000022.1	97.664	214	5	0	1257	1470	1	214	5.98e-100	368
NC_011593.1:c2595355-2593832	NZ_SHRG01000015.1	97.664	214	5	0	1257	1470	1	214	5.98e-100	368
# BLASTN 2.3.0+
# Query: NC_011593.1:c2597106-2595574 Bifidobacterium longum subsp. infantis ATCC 15697, complete genome
# Database: db/blast_all_longum_genomes.faa
# Fields: query id, subject id, % identity, alignment length, mismatches, gap opens, q. start, q. end, s. start, s. end, evalue, bit score
# 2 hits found
NC_011593.1:c2597106-2595574	NZ_KE145393.1	99.217	1533	12	0	1	1533	73897	72365	0.0	2765
NC_011593.1:c2597106-2595574	NC_014169.1	99.217	1533	12	0	1	1533	910471	912003	0.0	2765
# BLASTN 2.3.0+
# Query: NC_011593.1:c2598562-2597207 Bifidobacterium longum subsp. infantis ATCC 15697, complete genome
# Database: db/blast_all_longum_genomes.faa
# Fields: query id, subject id, % identity, alignment length, mismatches, gap opens, q. start, q. end, s. start, s. end, evalue, bit score
# 243 hits found
NC_011593.1:c2598562-2597207	NZ_SHTL01000043.1	100.000	1356	0	0	1	1356	51	1406	0.0	2505
NC_011593.1:c2598562-2597207	NZ_SHQM01000006.1	99.926	1356	1	0	1	1356	1382	27	0.0	2499
NC_011593.1:c2598562-2597207	NZ_SHSB01000016.1	99.853	1356	2	0	1	1356	3235	1880	0.0	2494
NC_011593.1:c2598562-2597207	NC_014169.1	99.853	1356	2	0	1	1356	175694	174339	0.0	2494
NC_011593.1:c2598562-2597207	NC_014169.1	99.853	1356	2	0	1	1356	1347979	1346624	0.0	2494
NC_011593.1:c2598562-2597207	NZ_SHTU01000002.1	100.000	1219	0	0	138	1356	23964	22746	0.0	2252
NC_011593.1:c2598562-2597207	NZ_SHTQ01000001.1	100.000	1219	0	0	138	1356	124531	123313	0.0	2252
NC_011593.1:c2598562-2597207	NZ_SHRV01000002.1	100.000	1219	0	0	138	1356	67878	66660	0.0	2252
NC_011593.1:c2598562-2597207	NZ_SHPN01000003.1	100.000	1219	0	0	138	1356	22752	21534	0.0	2252
NC_011593.1:c2598562-2597207	NZ_SHPZ01000007.1	100.000	1219	0	0	138	1356	14973	13755	0.0	2252
NC_011593.1:c2598562-2597207	NZ_SHQD01000001.1	100.000	1219	0	0	138	1356	336242	337460	0.0	2252
NC_011593.1:c2598562-2597207	NZ_SHQU01000004.1	100.000	1219	0	0	138	1356	19007	17789	0.0	2252
NC_011593.1:c2598562-2597207	NZ_SHQZ01000004.1	100.000	1219	0	0	138	1356	19007	17789	0.0	2252
NC_011593.1:c2598562-2597207	NZ_SHRO01000003.1	100.000	1219	0	0	138	1356	70607	71825	0.0	2252
NC_011593.1:c2598562-2597207	NZ_SHRP01000003.1	100.000	1219	0	0	138	1356	19007	17789	0.0	2252
NC_011593.1:c2598562-2597207	NZ_SHRW01000001.1	100.000	1219	0	0	138	1356	78490	79708	0.0	2252
NC_011593.1:c2598562-2597207	NZ_SHSA01000007.1	100.000	1219	0	0	138	1356	35740	34522	0.0	2252
NC_011593.1:c2598562-2597207	NZ_SHSC01000001.1	100.000	1219	0	0	138	1356	122206	120988	0.0	2252
NC_011593.1:c2598562-2597207	NZ_SHSG01000001.1	100.000	1219	0	0	138	1356	114612	113394	0.0	2252
NC_011593.1:c2598562-2597207	NZ_SHSZ01000003.1	100.000	1219	0	0	138	1356	207935	209153	0.0	2252
NC_011593.1:c2598562-2597207	NZ_QKOJ01000001.1	100.000	1219	0	0	138	1356	79782	81000	0.0	2252
NC_011593.1:c2598562-2597207	NZ_BCYK01000007.1	100.000	1219	0	0	138	1356	1666	2884	0.0	2252
NC_011593.1:c2598562-2597207	NZ_BCYH01000072.1	100.000	1219	0	0	138	1356	260738	261956	0.0	2252
NC_011593.1:c2598562-2597207	NZ_JNVY01000020.1	100.000	1219	0	0	138	1356	80300	79082	0.0	2252
NC_011593.1:c2598562-2597207	NZ_JNVZ01000007.1	100.000	1219	0	0	138	1356	93652	94870	0.0	2252
NC_011593.1:c2598562-2597207	NZ_SHRF01000002.1	99.918	1219	1	0	138	1356	139507	140725	0.0	2246
NC_011593.1:c2598562-2597207	NZ_SHRL01000005.1	99.918	1219	1	0	138	1356	257820	259038	0.0	2246
NC_011593.1:c2598562-2597207	NZ_SHRQ01000004.1	99.918	1219	1	0	138	1356	37486	36268	0.0	2246
NC_011593.1:c2598562-2597207	NZ_SHRS01000003.1	99.918	1219	1	0	138	1356	19131	17913	0.0	2246
NC_011593.1:c2598562-2597207	NZ_SHST01000010.1	99.918	1219	1	0	138	1356	80812	79594	0.0	2246
NC_011593.1:c2598562-2597207	NZ_SHTF01000001.1	99.918	1219	1	0	138	1356	64463	65681	0.0	2246
NC_011593.1:c2598562-2597207	NZ_SHPW01000003.1	99.918	1219	0	1	138	1356	83381	82164	0.0	2244
NC_011593.1:c2598562-2597207	NZ_SHQV01000004.1	99.918	1219	0	1	138	1356	36479	35262	0.0	2244
NC_011593.1:c2598562-2597207	NZ_SHTH01000001.1	99.836	1219	2	0	138	1356	207628	208846	0.0	2241
NC_011593.1:c2598562-2597207	NZ_SHRI01000002.1	99.836	1219	2	0	138	1356	85545	84327	0.0	2241
NC_011593.1:c2598562-2597207	NZ_SHSW01000001.1	99.836	1219	2	0	138	1356	141377	140159	0.0	2241
NC_011593.1:c2598562-2597207	NZ_JGYZ01000001.1	99.836	1219	2	0	138	1356	137251	136033	0.0	2241
NC_011593.1:c2598562-2597207	NC_015067.1	99.836	1219	2	0	138	1356	137247	136029	0.0	2241
NC_011593.1:c2598562-2597207	NZ_SHQR01000001.1	99.754	1219	3	0	138	1356	188710	187492	0.0	2235
NC_011593.1:c2598562-2597207	NZ_JNWC01000010.1	99.590	1219	2	1	138	1356	1	1216	0.0	2220
NC_011593.1:c2598562-2597207	NZ_SHSS01000003.1	99.913	1151	1	0	206	1356	1	1151	0.0	2121
NC_011593.1:c2598562-2597207	NZ_SHPP01000003.1	99.913	1145	1	0	138	1282	1183	39	0.0	2109
NC_011593.1:c2598562-2597207	NZ_SHPT01000004.1	99.913	1145	1	0	138	1282	1183	39	0.0	2109
NC_011593.1:c2598562-2597207	NZ_SHPM01000009.1	100.000	1064	0	0	1	1064	1064	1	0.0	1965
NC_011593.1:c2598562-2597207	NZ_SHRM01000004.1	100.000	1064	0	0	1	1064	90865	91928	0.0	1965
NC_011593.1:c2598562-2597207	NZ_SHRM01000004.1	100.000	299	0	0	1058	1356	95395	95693	1.37e-155	553
NC_011593.1:c2598562-2597207	NZ_SHSJ01000003.1	100.000	1064	0	0	1	1064	67365	68428	0.0	1965
NC_011593.1:c2598562-2597207	NZ_SHSJ01000003.1	100.000	299	0	0	1058	1356	71895	72193	1.37e-155	553
NC_011593.1:c2598562-2597207	NZ_SHSX01000005.1	100.000	1064	0	0	1	1064	1096	33	0.0	1965
NC_011593.1:c2598562-2597207	NZ_BCYL01000028.1	100.000	1064	0	0	1	1064	1158	95	0.0	1965
NC_011593.1:c2598562-2597207	NZ_JRWN01000032.1	99.809	1046	2	0	138	1183	1046	1	0.0	1921
NC_011593.1:c2598562-2597207	NZ_KE145449.1	100.000	1021	0	0	48	1068	1021	1	0.0	1886
NC_011593.1:c2598562-2597207	NZ_SHTT01000004.1	100.000	927	0	0	138	1064	32074	33000	0.0	1712
NC_011593.1:c2598562-2597207	NZ_SHTK01000002.1	100.000	927	0	0	138	1064	976	50	0.0	1712
NC_011593.1:c2598562-2597207	NZ_SHTO01000001.1	100.000	927	0	0	138	1064	289	1215	0.0	1712
NC_011593.1:c2598562-2597207	NZ_SHTO01000001.1	100.000	299	0	0	1058	1356	4680	4978	1.37e-155	553
NC_011593.1:c2598562-2597207	NZ_SHTP01000001.1	100.000	927	0	0	138	1064	316156	317082	0.0	1712
NC_011593.1:c2598562-2597207	NZ_SHTP01000001.1	100.000	297	0	0	1060	1356	320552	320848	1.77e-154	549
NC_011593.1:c2598562-2597207	NZ_SHTR01000002.1	100.000	927	0	0	138	1064	30255	31181	0.0	1712
NC_011593.1:c2598562-2597207	NZ_SHTS01000002.1	100.000	927	0	0	138	1064	1963	1037	0.0	1712
NC_011593.1:c2598562-2597207	NZ_SHPU01000002.1	100.000	927	0	0	138	1064	170679	171605	0.0	1712
NC_011593.1:c2598562-2597207	NZ_SHPU01000002.1	100.000	297	0	0	1060	1356	175074	175370	1.77e-154	549
NC_011593.1:c2598562-2597207	NZ_SHQB01000004.1	100.000	927	0	0	138	1064	927	1	0.0	1712
NC_011593.1:c2598562-2597207	NZ_SHRB01000004.1	100.000	927	0	0	138	1064	957	31	0.0	1712
NC_011593.1:c2598562-2597207	NZ_SHRH01000004.1	100.000	927	0	0	138	1064	40557	41483	0.0	1712
NC_011593.1:c2598562-2597207	NZ_SHRH01000004.1	100.000	176	0	0	1	176	176	1	3.24e-87	326
NC_011593.1:c2598562-2597207	NZ_SHRJ01000003.1	100.000	927	0	0	138	1064	274	1200	0.0	1712
NC_011593.1:c2598562-2597207	NZ_SHSF01000002.1	100.000	927	0	0	138	1064	30269	31195	0.0	1712
NC_011593.1:c2598562-2597207	NZ_SHPV01000012.1	100.000	927	0	0	138	1064	79619	80545	0.0	1712
NC_011593.1:c2598562-2597207	NZ_SHPX01000002.1	100.000	927	0	0	138	1064	207926	208852	0.0	1712
NC_011593.1:c2598562-2597207	NZ_SHPX01000002.1	100.000	299	0	0	1058	1356	212319	212617	1.37e-155	553
NC_011593.1:c2598562-2597207	NZ_SHQC01000005.1	100.000	927	0	0	138	1064	47393	48319	0.0	1712
NC_011593.1:c2598562-2597207	NZ_SHQC01000005.1	99.663	297	1	0	1060	1356	51789	52085	8.22e-153	544
NC_011593.1:c2598562-2597207	NZ_SHQE01000001.1	100.000	927	0	0	138	1064	157701	158627	0.0	1712
NC_011593.1:c2598562-2597207	NZ_SHQE01000001.1	100.000	294	0	0	1063	1356	162100	162393	8.22e-153	544
NC_011593.1:c2598562-2597207	NZ_SHQF01000005.1	100.000	927	0	0	138	1064	976	50	0.0	1712
NC_011593.1:c2598562-2597207	NZ_SHQL01000003.1	100.000	927	0	0	138	1064	78314	79240	0.0	1712
NC_011593.1:c2598562-2597207	NZ_SHQN01000003.1	100.000	927	0	0	138	1064	21945	21019	0.0	1712
NC_011593.1:c2598562-2597207	NZ_SHQN01000003.1	100.000	297	0	0	1060	1356	17550	17254	1.77e-154	549
NC_011593.1:c2598562-2597207	NZ_SHQX01000006.1	100.000	927	0	0	138	1064	959	33	0.0	1712
NC_011593.1:c2598562-2597207	NZ_SHRC01000003.1	100.000	927	0	0	138	1064	1199	2125	0.0	1712
NC_011593.1:c2598562-2597207	NZ_SHRD01000002.1	100.000	927	0	0	138	1064	64470	65396	0.0	1712
NC_011593.1:c2598562-2597207	NZ_SHRK01000004.1	100.000	927	0	0	138	1064	1	927	0.0	1712
NC_011593.1:c2598562-2597207	NZ_SHRN01000001.1	100.000	927	0	0	138	1064	57736	58662	0.0	1712
NC_011593.1:c2598562-2597207	NZ_SHRN01000001.1	100.000	299	0	0	1058	1356	62130	62428	1.37e-155	553
NC_011593.1:c2598562-2597207	NZ_SHSI01000001.1	100.000	927	0	0	138	1064	322018	322944	0.0	1712
NC_011593.1:c2598562-2597207	NZ_SHSI01000001.1	100.000	294	0	0	1063	1356	326417	326710	8.22e-153	544
NC_011593.1:c2598562-2597207	NZ_SHSK01000005.1	100.000	927	0	0	138	1064	69133	70059	0.0	1712
NC_011593.1:c2598562-2597207	NZ_SHSL01000003.1	100.000	927	0	0	138	1064	956	30	0.0	1712
NC_011593.1:c2598562-2597207	NZ_SHSO01000006.1	100.000	927	0	0	138	1064	267	1193	0.0	1712
NC_011593.1:c2598562-2597207	NZ_SHSO01000006.1	99.663	297	1	0	1060	1356	4662	4958	8.22e-153	544
NC_011593.1:c2598562-2597207	NZ_SHSR01000004.1	100.000	927	0	0	138	1064	959	33	0.0	1712
NC_011593.1:c2598562-2597207	NZ_SHSU01000006.1	100.000	927	0	0	138	1064	976	50	0.0	1712
NC_011593.1:c2598562-2597207	NZ_SHTA01000003.1	100.000	927	0	0	138	1064	958	32	0.0	1712
NC_011593.1:c2598562-2597207	NZ_SHTE01000002.1	100.000	927	0	0	138	1064	957	31	0.0	1712
NC_011593.1:c2598562-2597207	NZ_SHTC01000003.1	100.000	927	0	0	138	1064	1018	92	0.0	1712
NC_011593.1:c2598562-2597207	NZ_SHTD01000007.1	100.000	927	0	0	138	1064	31162	30236	0.0	1712
NC_011593.1:c2598562-2597207	NZ_SHTD01000007.1	100.000	297	0	0	1060	1356	26767	26471	1.77e-154	549
NC_011593.1:c2598562-2597207	NZ_RZHL01000010.1	100.000	927	0	0	138	1064	86012	86938	0.0	1712
NC_011593.1:c2598562-2597207	NZ_BCYL01000029.1	100.000	927	0	0	138	1064	1021	95	0.0	1712
NC_011593.1:c2598562-2597207	NZ_BCYL01000029.1	99.660	294	1	0	1063	1356	69992	69699	3.82e-151	538
NC_011593.1:c2598562-2597207	NZ_BCYL01000027.1	100.000	927	0	0	138	1064	1	927	0.0	1712
NC_011593.1:c2598562-2597207	NZ_BCYI01000067.1	100.000	927	0	0	138	1064	364	1290	0.0	1712
NC_011593.1:c2598562-2597207	NZ_LNCM01000024.1	100.000	927	0	0	138	1064	63915	62989	0.0	1712
NC_011593.1:c2598562-2597207	NZ_LNCM01000024.1	98.596	285	4	0	1072	1356	59509	59225	3.88e-141	505
NC_011593.1:c2598562-2597207	NZ_LKSU01000005.1	100.000	927	0	0	138	1064	194521	195447	0.0	1712
NC_011593.1:c2598562-2597207	NZ_LKSV01000031.1	100.000	927	0	0	138	1064	194521	195447	0.0	1712
NC_011593.1:c2598562-2597207	NZ_CP011965.1	100.000	927	0	0	138	1064	124602	123676	0.0	1712
NC_011593.1:c2598562-2597207	NZ_CP011965.1	99.666	299	1	0	1058	1356	117613	117315	6.35e-154	547
NC_011593.1:c2598562-2597207	NZ_CALH01000017.1	100.000	927	0	0	138	1064	52122	51196	0.0	1712
NC_011593.1:c2598562-2597207	NZ_CALH01000017.1	99.666	299	1	0	1058	1356	47729	47431	6.35e-154	547
NC_011593.1:c2598562-2597207	NC_017221.1	100.000	927	0	0	138	1064	2147461	2148387	0.0	1712
NC_011593.1:c2598562-2597207	NC_017221.1	100.000	299	0	0	1058	1356	2151854	2152152	1.37e-155	553
NC_011593.1:c2598562-2597207	NZ_AJTM01000025.1	100.000	925	0	0	138	1062	925	1	0.0	1709
NC_011593.1:c2598562-2597207	NZ_AJTF01000075.1	100.000	925	0	0	138	1062	925	1	0.0	1709
NC_011593.1:c2598562-2597207	NZ_SHTJ01000002.1	99.892	927	1	0	138	1064	373390	374316	0.0	1707
NC_011593.1:c2598562-2597207	NZ_SHTJ01000002.1	100.000	294	0	0	1063	1356	377788	378081	8.22e-153	544
NC_011593.1:c2598562-2597207	NZ_SHPY01000006.1	99.892	927	1	0	138	1064	959	33	0.0	1707
NC_011593.1:c2598562-2597207	NZ_SHQQ01000001.1	99.892	927	1	0	138	1064	106035	105109	0.0	1707
NC_011593.1:c2598562-2597207	NZ_SHQQ01000001.1	100.000	294	0	0	1063	1356	101637	101344	8.22e-153	544
NC_011593.1:c2598562-2597207	NZ_SHPO01000004.1	99.892	927	1	0	138	1064	12940	13866	0.0	1707
NC_011593.1:c2598562-2597207	NZ_SHPQ01000002.1	99.892	927	1	0	138	1064	959	33	0.0	1707
NC_011593.1:c2598562-2597207	NZ_SHQO01000002.1	99.892	927	1	0	138	1064	361459	362385	0.0	1707
NC_011593.1:c2598562-2597207	NZ_SHRR01000002.1	99.892	927	1	0	138	1064	176882	177808	0.0	1707
NC_011593.1:c2598562-2597207	NZ_SHRR01000002.1	100.000	299	0	0	1058	1356	181275	181573	1.37e-155	553
NC_011593.1:c2598562-2597207	NZ_SHRU01000004.1	99.892	927	1	0	138	1064	21928	21002	0.0	1707
NC_011593.1:c2598562-2597207	NZ_SHRU01000004.1	100.000	299	0	0	1058	1356	17535	17237	1.37e-155	553
NC_011593.1:c2598562-2597207	NZ_MRBG01000009.1	99.892	927	1	0	138	1064	345990	346916	0.0	1707
NC_011593.1:c2598562-2597207	NZ_BCYJ01000071.1	99.892	928	0	1	138	1064	93021	92094	0.0	1707
NC_011593.1:c2598562-2597207	NZ_BCYJ01000071.1	100.000	294	0	0	1063	1356	88622	88329	8.22e-153	544
NC_011593.1:c2598562-2597207	NZ_JNWD01000038.1	99.892	927	1	0	138	1064	21622	22548	0.0	1707
NC_011593.1:c2598562-2597207	NZ_JNWD01000038.1	100.000	297	0	0	1060	1356	26018	26314	1.77e-154	549
NC_011593.1:c2598562-2597207	NZ_JNVX01000007.1	99.892	927	1	0	138	1064	1016	90	0.0	1707
NC_011593.1:c2598562-2597207	NZ_AJTI01000111.1	99.892	927	1	0	138	1064	59080	60006	0.0	1707
NC_011593.1:c2598562-2597207	NZ_AJTJ01000018.1	99.892	927	1	0	138	1064	58962	59888	0.0	1707
NC_011593.1:c2598562-2597207	NZ_CP031133.1	99.784	927	2	0	138	1064	135131	134205	0.0	1701
NC_011593.1:c2598562-2597207	NZ_CP031133.1	100.000	297	0	0	1060	1356	128170	127874	1.77e-154	549
NC_011593.1:c2598562-2597207	NZ_SHQP01000003.1	99.676	927	3	0	138	1064	117376	118302	0.0	1696
NC_011593.1:c2598562-2597207	NZ_SHSM01000005.1	99.676	927	3	0	138	1064	40782	39856	0.0	1696
NC_011593.1:c2598562-2597207	NZ_SHSM01000005.1	97.315	298	6	2	1060	1356	36387	36091	3.88e-141	505
NC_011593.1:c2598562-2597207	NZ_GG666856.1	100.000	917	0	0	138	1054	917	1	0.0	1694
NC_011593.1:c2598562-2597207	NZ_SHRT01000001.1	99.569	927	4	0	138	1064	139232	138306	0.0	1690
NC_011593.1:c2598562-2597207	NZ_SHRT01000001.1	100.000	297	0	0	1060	1356	134837	134541	1.77e-154	549
NC_011593.1:c2598562-2597207	NZ_SHQA01000003.1	99.245	927	7	0	138	1064	1021	95	0.0	1674
NC_011593.1:c2598562-2597207	NZ_SHQY01000003.1	99.029	927	9	0	138	1064	40400	41326	0.0	1663
NC_011593.1:c2598562-2597207	NZ_LFDU01000024.1	97.183	923	22	4	138	1058	9970	10890	0.0	1557
NC_011593.1:c2598562-2597207	NZ_SHTG01000002.1	100.000	842	0	0	138	979	842	1	0.0	1555
NC_011593.1:c2598562-2597207	NZ_SHRX01000002.1	99.723	723	2	0	342	1064	755	33	0.0	1325
NC_011593.1:c2598562-2597207	NZ_SHQW01000004.1	100.000	677	0	0	388	1064	51842	51166	0.0	1251
NC_011593.1:c2598562-2597207	NZ_SHQW01000004.1	100.000	297	0	0	1060	1356	47697	47401	1.77e-154	549
NC_011593.1:c2598562-2597207	NZ_SHSE01000005.1	100.000	625	0	0	138	762	661	37	0.0	1155
NC_011593.1:c2598562-2597207	NZ_SHTG01000021.1	98.580	634	9	0	687	1320	47717	48350	0.0	1122
NC_011593.1:c2598562-2597207	NZ_SHTG01000021.1	95.870	460	18	1	1	459	47267	47726	0.0	743
NC_011593.1:c2598562-2597207	NZ_SHRZ01000004.1	100.000	378	0	0	138	515	415	38	0.0	699
NC_011593.1:c2598562-2597207	NZ_SHRX01000006.1	100.000	348	0	0	1	348	155108	155455	0.0	643
NC_011593.1:c2598562-2597207	NZ_SHPM01000010.1	100.000	331	0	0	1026	1356	1	331	2.22e-173	612
NC_011593.1:c2598562-2597207	NZ_SHQB01000019.1	99.698	331	1	0	1026	1356	1	331	1.03e-171	606
NC_011593.1:c2598562-2597207	NZ_SHRB01000018.1	99.698	331	1	0	1026	1356	1	331	1.03e-171	606
NC_011593.1:c2598562-2597207	NZ_SHTR01000001.1	100.000	299	0	0	1058	1356	144526	144228	1.37e-155	553
NC_011593.1:c2598562-2597207	NZ_SHPY01000005.1	100.000	299	0	0	1058	1356	11340	11042	1.37e-155	553
NC_011593.1:c2598562-2597207	NZ_SHRJ01000002.1	100.000	299	0	0	1058	1356	120	418	1.37e-155	553
NC_011593.1:c2598562-2597207	NZ_SHSF01000001.1	100.000	299	0	0	1058	1356	144527	144229	1.37e-155	553
NC_011593.1:c2598562-2597207	NZ_SHPO01000003.1	100.000	299	0	0	1058	1356	37126	36828	1.37e-155	553
NC_011593.1:c2598562-2597207	NZ_SHPQ01000001.1	100.000	299	0	0	1058	1356	63	361	1.37e-155	553
NC_011593.1:c2598562-2597207	NZ_SHPV01000011.1	100.000	299	0	0	1058	1356	16859	16561	1.37e-155	553
NC_011593.1:c2598562-2597207	NZ_SHQX01000005.1	100.000	299	0	0	1058	1356	32	330	1.37e-155	553
NC_011593.1:c2598562-2597207	NZ_SHSR01000003.1	100.000	299	0	0	1058	1356	29378	29080	1.37e-155	553
NC_011593.1:c2598562-2597207	NZ_SHSS01000002.1	100.000	299	0	0	1058	1356	62240	61942	1.37e-155	553
NC_011593.1:c2598562-2597207	NZ_SHTA01000002.1	100.000	299	0	0	1058	1356	50	348	1.37e-155	553
NC_011593.1:c2598562-2597207	NZ_SHTC01000002.1	100.000	299	0	0	1058	1356	50	348	1.37e-155	553
NC_011593.1:c2598562-2597207	NZ_RZHL01000021.1	100.000	299	0	0	1058	1356	16295	15997	1.37e-155	553
NC_011593.1:c2598562-2597207	NZ_CP006741.1	100.000	299	0	0	1058	1356	199237	198939	1.37e-155	553
NC_011593.1:c2598562-2597207	NZ_CP006741.1	100.000	299	0	0	1058	1356	202729	203027	1.37e-155	553
NC_011593.1:c2598562-2597207	NZ_SHTK01000001.1	100.000	297	0	0	1060	1356	77	373	1.77e-154	549
NC_011593.1:c2598562-2597207	NZ_SHQB01000003.1	100.000	297	0	0	1060	1356	65	361	1.77e-154	549
NC_011593.1:c2598562-2597207	NZ_SHQP01000002.1	100.000	297	0	0	1060	1356	79083	78787	1.77e-154	549
NC_011593.1:c2598562-2597207	NZ_SHQY01000002.1	100.000	297	0	0	1060	1356	104460	104164	1.77e-154	549
NC_011593.1:c2598562-2597207	NZ_SHRB01000003.1	100.000	297	0	0	1060	1356	16729	16433	1.77e-154	549
NC_011593.1:c2598562-2597207	NZ_SHRD01000001.1	100.000	297	0	0	1060	1356	106436	106140	1.77e-154	549
NC_011593.1:c2598562-2597207	NZ_SHRX01000001.1	100.000	297	0	0	1060	1356	3398	3694	1.77e-154	549
NC_011593.1:c2598562-2597207	NZ_SHRZ01000003.1	100.000	297	0	0	1060	1356	1979	2275	1.77e-154	549
NC_011593.1:c2598562-2597207	NZ_SHSB01000004.1	100.000	297	0	0	1060	1356	24591	24295	1.77e-154	549
NC_011593.1:c2598562-2597207	NZ_SHSK01000004.1	100.000	297	0	0	1060	1356	203	499	1.77e-154	549
NC_011593.1:c2598562-2597207	NZ_SHSU01000005.1	100.000	297	0	0	1060	1356	14051	13755	1.77e-154	549
NC_011593.1:c2598562-2597207	NZ_LKSU01000033.1	100.000	297	0	0	1060	1356	169325	169029	1.77e-154	549
NC_011593.1:c2598562-2597207	NZ_LKSV01000001.1	100.000	297	0	0	1060	1356	169325	169029	1.77e-154	549
NC_011593.1:c2598562-2597207	NZ_JNVX01000008.1	100.000	297	0	0	1060	1356	317	21	1.77e-154	549
NC_011593.1:c2598562-2597207	NZ_GG666854.1	100.000	297	0	0	1060	1356	23	319	1.77e-154	549
NC_011593.1:c2598562-2597207	NZ_SHQA01000002.1	99.666	299	1	0	1058	1356	29304	29006	6.35e-154	547
NC_011593.1:c2598562-2597207	NZ_LFDU01000025.1	99.666	299	1	0	1058	1356	3441	3739	6.35e-154	547
NC_011593.1:c2598562-2597207	NZ_SHQT01000004.1	99.666	299	0	1	1058	1356	60	357	2.29e-153	545
NC_011593.1:c2598562-2597207	NZ_SHSD01000003.1	100.000	294	0	0	1063	1356	24579	24286	8.22e-153	544
NC_011593.1:c2598562-2597207	NZ_SHQS01000003.1	100.000	294	0	0	1063	1356	492	785	8.22e-153	544
NC_011593.1:c2598562-2597207	NZ_SHRA01000003.1	100.000	294	0	0	1063	1356	50543	50250	8.22e-153	544
NC_011593.1:c2598562-2597207	NZ_SHRG01000002.1	100.000	294	0	0	1063	1356	6167	5874	8.22e-153	544
NC_011593.1:c2598562-2597207	NZ_SHSL01000002.1	100.000	294	0	0	1063	1356	14496	14203	8.22e-153	544
NC_011593.1:c2598562-2597207	NZ_MRBG01000010.1	100.000	294	0	0	1063	1356	48393	48686	8.22e-153	544
NC_011593.1:c2598562-2597207	NZ_BCYI01000019.1	99.663	297	1	0	1060	1356	24169	23873	8.22e-153	544
NC_011593.1:c2598562-2597207	NZ_JRWN01000034.1	100.000	294	0	0	1063	1356	320	27	8.22e-153	544
NC_011593.1:c2598562-2597207	NZ_AJTM01000007.1	100.000	294	0	0	1063	1356	160	453	8.22e-153	544
NC_011593.1:c2598562-2597207	NZ_SHQF01000004.1	99.331	299	2	0	1058	1356	1363	1065	2.96e-152	542
NC_011593.1:c2598562-2597207	NZ_SHTB01000005.1	99.331	299	2	0	1058	1356	186	484	2.96e-152	542
NC_011593.1:c2598562-2597207	NZ_SHSQ01000005.1	99.331	299	2	0	1058	1356	75	373	2.96e-152	542
NC_011593.1:c2598562-2597207	NZ_SHQL01000002.1	99.331	299	1	1	1058	1356	81342	81045	1.06e-151	540
NC_011593.1:c2598562-2597207	NZ_AJTF01000115.1	100.000	292	0	0	1065	1356	1	292	1.06e-151	540
NC_011593.1:c2598562-2597207	NZ_SHTS01000001.1	99.327	297	2	0	1060	1356	2518	2814	3.82e-151	538
NC_011593.1:c2598562-2597207	NZ_SHQT01000002.1	99.660	294	1	0	1063	1356	24686	24393	3.82e-151	538
NC_011593.1:c2598562-2597207	NZ_SHSX01000004.1	99.660	294	1	0	1063	1356	7364	7657	3.82e-151	538
NC_011593.1:c2598562-2597207	NZ_BCYL01000034.1	99.660	294	1	0	1063	1356	1	294	3.82e-151	538
NC_011593.1:c2598562-2597207	NZ_BCYL01000033.1	99.660	294	1	0	1063	1356	315	22	3.82e-151	538
NC_011593.1:c2598562-2597207	NZ_AJTI01000122.1	99.327	297	2	0	1060	1356	468	764	3.82e-151	538
NC_011593.1:c2598562-2597207	NZ_AJTJ01000022.1	99.327	297	2	0	1060	1356	19046	18750	3.82e-151	538
NC_011593.1:c2598562-2597207	NZ_SHSD01000004.1	99.320	294	2	0	1063	1356	1	294	1.78e-149	532
NC_011593.1:c2598562-2597207	NZ_SHQO01000001.1	98.662	299	4	0	1058	1356	63	361	6.40e-149	531
NC_011593.1:c2598562-2597207	NZ_JNVY01000024.1	99.306	288	2	0	1069	1356	7304	7017	3.85e-146	521
NC_011593.1:c2598562-2597207	NZ_SHRC01000002.1	96.309	298	9	2	1060	1356	9050	9346	3.91e-136	488
NC_011593.1:c2598562-2597207	NZ_SHTT01000003.1	96.296	297	0	1	1060	1356	80409	80124	8.46e-133	477
NC_011593.1:c2598562-2597207	NZ_SHQW01000005.1	100.000	258	0	0	138	395	26966	27223	8.46e-133	477
NC_011593.1:c2598562-2597207	NZ_SHRX01000003.1	99.177	243	2	0	138	380	3039	3281	3.99e-121	438
NC_011593.1:c2598562-2597207	NZ_JRWN01000014.1	100.000	209	0	0	138	346	181505	181713	1.47e-105	387
NC_011593.1:c2598562-2597207	NZ_SHTQ01000003.1	100.000	176	0	0	1	176	50591	50766	3.24e-87	326
NC_011593.1:c2598562-2597207	NZ_SHQB01000020.1	100.000	176	0	0	1	176	176	1	3.24e-87	326
NC_011593.1:c2598562-2597207	NZ_SHRB01000019.1	100.000	176	0	0	1	176	137250	137425	3.24e-87	326
NC_011593.1:c2598562-2597207	NZ_SHRK01000020.1	100.000	176	0	0	1	176	50444	50619	3.24e-87	326
NC_011593.1:c2598562-2597207	NZ_SHTE01000003.1	100.000	176	0	0	1	176	40492	40667	3.24e-87	326
NC_011593.1:c2598562-2597207	NZ_SHTE01000003.1	100.000	138	0	0	138	275	138	1	4.31e-66	255
NC_011593.1:c2598562-2597207	NZ_JNVX01000016.1	100.000	160	0	0	1	160	202850	203009	2.54e-78	296
NC_011593.1:c2598562-2597207	NZ_BCYL01000032.1	100.000	130	0	0	1060	1189	130	1	1.21e-61	241
NC_011593.1:c2598562-2597207	NZ_SHSE01000004.1	100.000	108	0	0	1249	1356	6486	6379	2.05e-49	200
NC_011593.1:c2598562-2597207	NZ_SHSS01000004.1	99.065	107	1	0	138	244	33210	33316	3.43e-47	193
NC_011593.1:c2598562-2597207	NZ_SHPP01000002.1	100.000	82	0	0	1275	1356	39	120	5.82e-35	152
NC_011593.1:c2598562-2597207	NZ_SHPT01000003.1	100.000	82	0	0	1275	1356	39	120	5.82e-35	152
NC_011593.1:c2598562-2597207	NZ_JRWN01000009.1	100.000	79	0	0	1	79	15915	15993	2.71e-33	147
NC_011593.1:c2598562-2597207	NZ_SHTG01000001.1	100.000	75	0	0	1282	1356	183918	183844	4.53e-31	139
NC_011593.1:c2598562-2597207	NZ_SHRK01000051.1	100.000	59	0	0	1006	1064	3559	3501	3.55e-22	110
NC_011593.1:c2598562-2597207	NZ_JRWN01000024.1	100.000	59	0	0	1006	1064	1	59	3.55e-22	110
NC_011593.1:c2598562-2597207	NZ_SHTQ01000002.1	100.000	39	0	0	138	176	39	1	4.66e-11	73.1
NC_011593.1:c2598562-2597207	NZ_SHRB01000005.1	100.000	39	0	0	138	176	39	1	4.66e-11	73.1
NC_011593.1:c2598562-2597207	NZ_SHRK01000005.1	100.000	39	0	0	138	176	89737	89775	4.66e-11	73.1
NC_011593.1:c2598562-2597207	NZ_SHRX01000043.1	100.000	39	0	0	342	380	2592	2630	4.66e-11	73.1
NC_011593.1:c2598562-2597207	NZ_SHSS01000066.1	100.000	39	0	0	1026	1064	1	39	4.66e-11	73.1
NC_011593.1:c2598562-2597207	NZ_BCYL01000001.1	100.000	33	0	0	1032	1064	1	33	1.01e-07	62.1
NC_011593.1:c2598562-2597207	NZ_SHPM01000004.1	100.000	31	0	0	1326	1356	24886	24856	1.31e-06	58.4
# BLASTN 2.3.0+
# Query: NC_011593.1:2598858-2601929 Bifidobacterium longum subsp. infantis ATCC 15697, complete genome
# Database: db/blast_all_longum_genomes.faa
# Fields: query id, subject id, % identity, alignment length, mismatches, gap opens, q. start, q. end, s. start, s. end, evalue, bit score
# 152 hits found
NC_011593.1:2598858-2601929	NZ_KE145393.1	98.796	3072	37	0	1	3072	74214	77285	0.0	5469
NC_011593.1:2598858-2601929	NC_014169.1	98.796	3072	37	0	1	3072	910154	907083	0.0	5469
NC_011593.1:2598858-2601929	NZ_SHSD01000016.1	98.698	3072	40	0	1	3072	21260	18189	0.0	5452
NC_011593.1:2598858-2601929	NZ_SHSB01000015.1	98.698	3072	40	0	1	3072	21259	18188	0.0	5452
NC_011593.1:2598858-2601929	NZ_SHQX01000021.1	98.665	3072	41	0	1	3072	15010	11939	0.0	5446
NC_011593.1:2598858-2601929	NZ_SHSL01000026.1	98.665	3072	41	0	1	3072	3886	815	0.0	5446
NC_011593.1:2598858-2601929	NZ_SHSR01000015.1	98.665	3072	41	0	1	3072	21738	24809	0.0	5446
NC_011593.1:2598858-2601929	NZ_BCYK01000023.1	98.665	3072	41	0	1	3072	950	4021	0.0	5446
NC_011593.1:2598858-2601929	NZ_CP006741.1	98.665	3072	41	0	1	3072	975749	972678	0.0	5446
NC_011593.1:2598858-2601929	NZ_SHTT01000013.1	98.633	3072	42	0	1	3072	105607	102536	0.0	5441
NC_011593.1:2598858-2601929	NZ_SHTP01000004.1	98.633	3072	42	0	1	3072	633797	636868	0.0	5441
NC_011593.1:2598858-2601929	NZ_SHPM01000016.1	98.633	3072	42	0	1	3072	78845	81916	0.0	5441
NC_011593.1:2598858-2601929	NZ_SHPS01000014.1	98.633	3072	42	0	1	3072	22497	25568	0.0	5441
NC_011593.1:2598858-2601929	NZ_SHPU01000007.1	98.633	3072	42	0	1	3072	214138	211067	0.0	5441
NC_011593.1:2598858-2601929	NZ_SHQH01000008.1	98.633	3072	42	0	1	3072	60850	63921	0.0	5441
NC_011593.1:2598858-2601929	NZ_SHQJ01000013.1	98.633	3072	42	0	1	3072	17001	13930	0.0	5441
NC_011593.1:2598858-2601929	NZ_SHQD01000010.1	98.633	3072	42	0	1	3072	22741	25812	0.0	5441
NC_011593.1:2598858-2601929	NZ_SHQN01000009.1	98.633	3072	42	0	1	3072	15009	11938	0.0	5441
NC_011593.1:2598858-2601929	NZ_SHQT01000014.1	98.633	3072	42	0	1	3072	75532	78603	0.0	5441
NC_011593.1:2598858-2601929	NZ_SHRC01000011.1	98.633	3072	42	0	1	3072	88198	91269	0.0	5441
NC_011593.1:2598858-2601929	NZ_SHRF01000017.1	98.633	3072	42	0	1	3072	14320	11249	0.0	5441
NC_011593.1:2598858-2601929	NZ_SHRL01000012.1	98.633	3072	42	0	1	3072	164805	167876	0.0	5441
NC_011593.1:2598858-2601929	NZ_SHRS01000008.1	98.633	3072	42	0	1	3072	22189	25260	0.0	5441
NC_011593.1:2598858-2601929	NZ_SHSN01000002.1	98.633	3072	42	0	1	3072	22263	25334	0.0	5441
NC_011593.1:2598858-2601929	NZ_BCYJ01000060.1	98.633	3072	42	0	1	3072	144112	141041	0.0	5441
NC_011593.1:2598858-2601929	NZ_SHTK01000008.1	98.600	3072	43	0	1	3072	209101	206030	0.0	5435
NC_011593.1:2598858-2601929	NZ_SHTO01000008.1	98.600	3072	43	0	1	3072	21982	25053	0.0	5435
NC_011593.1:2598858-2601929	NZ_SHTU01000011.1	98.600	3072	43	0	1	3072	24375	27446	0.0	5435
NC_011593.1:2598858-2601929	NZ_SHTN01000011.1	98.600	3072	43	0	1	3072	377	3448	0.0	5435
NC_011593.1:2598858-2601929	NZ_SHQY01000018.1	98.600	3072	43	0	1	3072	22428	25499	0.0	5435
NC_011593.1:2598858-2601929	NZ_SHRV01000014.1	98.600	3072	43	0	1	3072	202832	205903	0.0	5435
NC_011593.1:2598858-2601929	NZ_SHRM01000012.1	98.600	3072	43	0	1	3072	166367	169438	0.0	5435
NC_011593.1:2598858-2601929	NZ_SHRZ01000020.1	98.600	3072	43	0	1	3072	15011	11940	0.0	5435
NC_011593.1:2598858-2601929	NZ_SHSE01000010.1	98.600	3072	43	0	1	3072	219369	216298	0.0	5435
NC_011593.1:2598858-2601929	NZ_SHSW01000006.1	98.600	3072	43	0	1	3072	117754	114683	0.0	5435
NC_011593.1:2598858-2601929	NZ_SHTB01000018.1	98.600	3072	43	0	1	3072	22415	25486	0.0	5435
NC_011593.1:2598858-2601929	NZ_SHSQ01000013.1	98.600	3072	43	0	1	3072	120362	117291	0.0	5435
NC_011593.1:2598858-2601929	NZ_SHTD01000019.1	98.600	3072	43	0	1	3072	22010	25081	0.0	5435
NC_011593.1:2598858-2601929	NZ_SHTJ01000005.1	98.568	3072	44	0	1	3072	166131	169202	0.0	5430
NC_011593.1:2598858-2601929	NZ_SHTR01000016.1	98.568	3072	44	0	1	3072	14256	11185	0.0	5430
NC_011593.1:2598858-2601929	NZ_SHTQ01000002.1	98.568	3072	44	0	1	3072	702469	699398	0.0	5430
NC_011593.1:2598858-2601929	NZ_SHQQ01000008.1	98.568	3072	44	0	1	3072	166114	169185	0.0	5430
NC_011593.1:2598858-2601929	NZ_SHSF01000016.1	98.568	3072	44	0	1	3072	14256	11185	0.0	5430
NC_011593.1:2598858-2601929	NZ_SHPN01000012.1	98.568	3072	44	0	1	3072	21066	17995	0.0	5430
NC_011593.1:2598858-2601929	NZ_SHPO01000012.1	98.568	3072	44	0	1	3072	23367	26438	0.0	5430
NC_011593.1:2598858-2601929	NZ_SHPQ01000014.1	98.568	3072	44	0	1	3072	24509	21438	0.0	5430
NC_011593.1:2598858-2601929	NZ_SHQA01000009.1	98.568	3072	44	0	1	3072	166354	169425	0.0	5430
NC_011593.1:2598858-2601929	NZ_SHQE01000011.1	98.568	3072	44	0	1	3072	33912	36983	0.0	5430
NC_011593.1:2598858-2601929	NZ_SHRW01000011.1	98.568	3072	44	0	1	3072	24647	21576	0.0	5430
NC_011593.1:2598858-2601929	NZ_SHRX01000011.1	98.568	3072	44	0	1	3072	16277	13206	0.0	5430
NC_011593.1:2598858-2601929	NZ_SHSJ01000011.1	98.568	3072	44	0	1	3072	15010	11939	0.0	5430
NC_011593.1:2598858-2601929	NZ_SHST01000021.1	98.568	3072	44	0	1	3072	123851	126922	0.0	5430
NC_011593.1:2598858-2601929	NZ_SHTF01000008.1	98.568	3072	44	0	1	3072	36251	33180	0.0	5430
NC_011593.1:2598858-2601929	NZ_CP016019.1	98.568	3072	44	0	1	3072	1313793	1316864	0.0	5430
NC_011593.1:2598858-2601929	NZ_BCYI01000006.1	98.568	3072	44	0	1	3072	9480	12551	0.0	5430
NC_011593.1:2598858-2601929	NZ_AJTM01000051.1	98.568	3072	44	0	1	3072	72604	69533	0.0	5430
NC_011593.1:2598858-2601929	NZ_AJTF01000061.1	98.568	3072	44	0	1	3072	21619	24690	0.0	5430
NC_011593.1:2598858-2601929	NC_021008.1	98.568	3072	44	0	1	3072	1406000	1409071	0.0	5430
NC_011593.1:2598858-2601929	NZ_SHTH01000007.1	98.535	3072	45	0	1	3072	22348	25419	0.0	5424
NC_011593.1:2598858-2601929	NZ_SHTS01000008.1	98.535	3072	45	0	1	3072	188849	185778	0.0	5424
NC_011593.1:2598858-2601929	NZ_SHPP01000019.1	98.535	3072	45	0	1	3072	14778	11707	0.0	5424
NC_011593.1:2598858-2601929	NZ_SHPY01000019.1	98.535	3072	45	0	1	3072	6206	9277	0.0	5424
NC_011593.1:2598858-2601929	NZ_SHQG01000014.1	98.535	3072	45	0	1	3072	15007	11936	0.0	5424
NC_011593.1:2598858-2601929	NZ_SHQB01000010.1	98.535	3072	45	0	1	3072	21690	24761	0.0	5424
NC_011593.1:2598858-2601929	NZ_SHQP01000008.1	98.535	3072	45	0	1	3072	42294	45365	0.0	5424
NC_011593.1:2598858-2601929	NZ_SHQR01000010.1	98.535	3072	45	0	1	3072	15791	12720	0.0	5424
NC_011593.1:2598858-2601929	NZ_SHRB01000010.1	98.535	3072	45	0	1	3072	11897	8826	0.0	5424
NC_011593.1:2598858-2601929	NZ_SHRH01000018.1	98.535	3072	45	0	1	3072	22846	25917	0.0	5424
NC_011593.1:2598858-2601929	NZ_SHRI01000010.1	98.535	3072	45	0	1	3072	15011	11940	0.0	5424
NC_011593.1:2598858-2601929	NZ_SHPT01000021.1	98.535	3072	45	0	1	3072	9536	12607	0.0	5424
NC_011593.1:2598858-2601929	NZ_SHPW01000017.1	98.535	3072	45	0	1	3072	94931	98002	0.0	5424
NC_011593.1:2598858-2601929	NZ_SHPZ01000016.1	98.535	3072	45	0	1	3072	22080	25151	0.0	5424
NC_011593.1:2598858-2601929	NZ_SHQC01000020.1	98.535	3072	45	0	1	3072	22477	25548	0.0	5424
NC_011593.1:2598858-2601929	NZ_SHQM01000020.1	98.535	3072	45	0	1	3072	1683	4754	0.0	5424
NC_011593.1:2598858-2601929	NZ_SHQV01000009.1	98.535	3072	45	0	1	3072	97213	100284	0.0	5424
NC_011593.1:2598858-2601929	NZ_SHQU01000014.1	98.535	3072	45	0	1	3072	15029	11958	0.0	5424
NC_011593.1:2598858-2601929	NZ_SHQW01000019.1	98.535	3072	45	0	1	3072	3908	837	0.0	5424
NC_011593.1:2598858-2601929	NZ_SHQZ01000017.1	98.535	3072	45	0	1	3072	22054	25125	0.0	5424
NC_011593.1:2598858-2601929	NZ_SHRG01000014.1	98.535	3072	45	0	1	3072	78804	75733	0.0	5424
NC_011593.1:2598858-2601929	NZ_SHRK01000018.1	98.535	3072	45	0	1	3072	50405	47334	0.0	5424
NC_011593.1:2598858-2601929	NZ_SHRO01000013.1	98.535	3072	45	0	1	3072	22054	25125	0.0	5424
NC_011593.1:2598858-2601929	NZ_SHRR01000008.1	98.535	3072	45	0	1	3072	122689	119618	0.0	5424
NC_011593.1:2598858-2601929	NZ_SHRU01000007.1	98.535	3072	45	0	1	3072	310368	307297	0.0	5424
NC_011593.1:2598858-2601929	NZ_SHSA01000024.1	98.535	3072	45	0	1	3072	16645	13574	0.0	5424
NC_011593.1:2598858-2601929	NZ_SHSH01000012.1	98.535	3072	45	0	1	3072	15008	11937	0.0	5424
NC_011593.1:2598858-2601929	NZ_SHSP01000006.1	98.535	3072	45	0	1	3072	366949	363878	0.0	5424
NC_011593.1:2598858-2601929	NZ_SHSK01000014.1	98.535	3072	45	0	1	3072	15007	11936	0.0	5424
NC_011593.1:2598858-2601929	NZ_SHSM01000016.1	98.535	3072	45	0	1	3072	24266	27337	0.0	5424
NC_011593.1:2598858-2601929	NZ_SHSV01000011.1	98.535	3072	45	0	1	3072	14990	11919	0.0	5424
NC_011593.1:2598858-2601929	NZ_SHSS01000014.1	98.535	3072	45	0	1	3072	15009	11938	0.0	5424
NC_011593.1:2598858-2601929	NZ_SHSX01000018.1	98.535	3072	45	0	1	3072	22810	25881	0.0	5424
NC_011593.1:2598858-2601929	NZ_SHSZ01000014.1	98.535	3072	45	0	1	3072	22102	25173	0.0	5424
NC_011593.1:2598858-2601929	NZ_SHTE01000013.1	98.535	3072	45	0	1	3072	33323	30252	0.0	5424
NC_011593.1:2598858-2601929	NZ_QKOJ01000016.1	98.535	3072	45	0	1	3072	33605	30534	0.0	5424
NC_011593.1:2598858-2601929	NZ_RZHL01000001.1	98.535	3072	45	0	1	3072	190929	194000	0.0	5424
NC_011593.1:2598858-2601929	NZ_QDIY01000004.1	98.535	3072	45	0	1	3072	166304	169375	0.0	5424
NC_011593.1:2598858-2601929	NZ_MRBG01000007.1	98.535	3072	45	0	1	3072	22669	25740	0.0	5424
NC_011593.1:2598858-2601929	NZ_BCYH01000038.1	98.535	3072	45	0	1	3072	10690	7619	0.0	5424
NC_011593.1:2598858-2601929	NZ_LNCM01000001.1	98.535	3072	45	0	1	3072	309897	306826	0.0	5424
NC_011593.1:2598858-2601929	NZ_LKSU01000021.1	98.535	3072	45	0	1	3072	3113	42	0.0	5424
NC_011593.1:2598858-2601929	NZ_LKSV01000019.1	98.535	3072	45	0	1	3072	3113	42	0.0	5424
NC_011593.1:2598858-2601929	NZ_LFDU01000008.1	98.535	3072	45	0	1	3072	357	3428	0.0	5424
NC_011593.1:2598858-2601929	NZ_JRWN01000001.1	98.535	3072	45	0	1	3072	337704	334633	0.0	5424
NC_011593.1:2598858-2601929	NZ_JNWD01000023.1	98.535	3072	45	0	1	3072	338476	335405	0.0	5424
NC_011593.1:2598858-2601929	NZ_JNVY01000016.1	98.535	3072	45	0	1	3072	482468	485539	0.0	5424
NC_011593.1:2598858-2601929	NZ_JNWA01000025.1	98.535	3072	45	0	1	3072	22370	25441	0.0	5424
NC_011593.1:2598858-2601929	NZ_JNVZ01000014.1	98.535	3072	45	0	1	3072	206765	203694	0.0	5424
NC_011593.1:2598858-2601929	NC_017221.1	98.535	3072	45	0	1	3072	1442771	1445842	0.0	5424
NC_011593.1:2598858-2601929	NZ_SHTI01000014.1	98.503	3072	46	0	1	3072	14947	11876	0.0	5419
NC_011593.1:2598858-2601929	NZ_SHTM01000012.1	98.503	3072	46	0	1	3072	222736	219665	0.0	5419
NC_011593.1:2598858-2601929	NZ_SHTL01000013.1	98.503	3072	46	0	1	3072	168369	171440	0.0	5419
NC_011593.1:2598858-2601929	NZ_SHRJ01000012.1	98.503	3072	46	0	1	3072	164062	167133	0.0	5419
NC_011593.1:2598858-2601929	NZ_SHRT01000007.1	98.503	3072	46	0	1	3072	10336	7265	0.0	5419
NC_011593.1:2598858-2601929	NZ_SHRY01000008.1	98.503	3072	46	0	1	3072	15010	11939	0.0	5419
NC_011593.1:2598858-2601929	NZ_SHPX01000016.1	98.503	3072	46	0	1	3072	16167	13096	0.0	5419
NC_011593.1:2598858-2601929	NZ_SHQF01000022.1	98.503	3072	46	0	1	3072	169194	172265	0.0	5419
NC_011593.1:2598858-2601929	NZ_SHQI01000014.1	98.503	3072	46	0	1	3072	22803	25874	0.0	5419
NC_011593.1:2598858-2601929	NZ_SHQK01000014.1	98.503	3072	46	0	1	3072	168361	171432	0.0	5419
NC_011593.1:2598858-2601929	NZ_SHQL01000008.1	98.503	3072	46	0	1	3072	24978	28049	0.0	5419
NC_011593.1:2598858-2601929	NZ_SHQO01000005.1	98.503	3072	46	0	1	3072	201987	205058	0.0	5419
NC_011593.1:2598858-2601929	NZ_SHRA01000007.1	98.503	3072	46	0	1	3072	22299	25370	0.0	5419
NC_011593.1:2598858-2601929	NZ_SHRD01000011.1	98.503	3072	46	0	1	3072	20916	17845	0.0	5419
NC_011593.1:2598858-2601929	NZ_SHRN01000013.1	98.503	3072	46	0	1	3072	15009	11938	0.0	5419
NC_011593.1:2598858-2601929	NZ_SHRP01000011.1	98.503	3072	46	0	1	3072	17153	20224	0.0	5419
NC_011593.1:2598858-2601929	NZ_SHRQ01000013.1	98.503	3072	46	0	1	3072	21950	25021	0.0	5419
NC_011593.1:2598858-2601929	NZ_SHSC01000016.1	98.503	3072	46	0	1	3072	66343	63272	0.0	5419
NC_011593.1:2598858-2601929	NZ_SHSG01000010.1	98.503	3072	46	0	1	3072	22313	25384	0.0	5419
NC_011593.1:2598858-2601929	NZ_SHSI01000008.1	98.503	3072	46	0	1	3072	39471	36400	0.0	5419
NC_011593.1:2598858-2601929	NZ_SHSY01000009.1	98.503	3072	46	0	1	3072	24093	27164	0.0	5419
NC_011593.1:2598858-2601929	NZ_SHSU01000013.1	98.503	3072	46	0	1	3072	22101	25172	0.0	5419
NC_011593.1:2598858-2601929	NZ_SHTA01000011.1	98.503	3072	46	0	1	3072	164061	167132	0.0	5419
NC_011593.1:2598858-2601929	NZ_SHTC01000012.1	98.503	3072	46	0	1	3072	15012	11941	0.0	5419
NC_011593.1:2598858-2601929	NZ_BCYL01000021.1	98.503	3072	46	0	1	3072	23152	26223	0.0	5419
NC_011593.1:2598858-2601929	NZ_CP011964.1	98.503	3072	46	0	1	3072	797297	794226	0.0	5419
NC_011593.1:2598858-2601929	NZ_JNVX01000003.1	98.503	3072	46	0	1	3072	206054	209125	0.0	5419
NC_011593.1:2598858-2601929	NZ_JNWC01000004.1	98.503	3072	46	0	1	3072	22749	25820	0.0	5419
NC_011593.1:2598858-2601929	NZ_GG666849.1	98.503	3072	46	0	1	3072	202603	205674	0.0	5419
NC_011593.1:2598858-2601929	NZ_SHPV01000027.1	98.470	3072	47	0	1	3072	22241	25312	0.0	5413
NC_011593.1:2598858-2601929	NZ_CP031133.1	98.470	3072	47	0	1	3072	853300	850229	0.0	5413
NC_011593.1:2598858-2601929	NZ_BCYM01000006.1	98.470	3072	47	0	1	3072	209103	206032	0.0	5413
NC_011593.1:2598858-2601929	NZ_CP011965.1	98.470	3072	47	0	1	3072	834511	831440	0.0	5413
NC_011593.1:2598858-2601929	NZ_AJTI01000106.1	98.470	3072	47	0	1	3072	13995	10924	0.0	5413
NC_011593.1:2598858-2601929	NZ_AJTJ01000017.1	98.470	3072	47	0	1	3072	9495	12566	0.0	5413
NC_011593.1:2598858-2601929	NZ_SHTG01000008.1	98.438	3072	48	0	1	3072	94198	91127	0.0	5408
NC_011593.1:2598858-2601929	NZ_SHQS01000015.1	98.405	3072	49	0	1	3072	32317	29246	0.0	5402
NC_011593.1:2598858-2601929	NZ_SHRE01000013.1	98.372	3072	50	0	1	3072	19351	16280	0.0	5397
NC_011593.1:2598858-2601929	NZ_SHPR01000018.1	98.372	3072	50	0	1	3072	129810	132881	0.0	5397
NC_011593.1:2598858-2601929	NZ_SHSO01000019.1	98.570	2307	33	0	1	2307	17461	19767	0.0	4078
NC_011593.1:2598858-2601929	NZ_CALH01000047.1	98.738	1347	17	0	804	2150	1347	1	0.0	2394
NC_011593.1:2598858-2601929	NZ_SHSO01000018.1	97.808	958	21	0	2115	3072	181158	180201	0.0	1653
NC_011593.1:2598858-2601929	NZ_CALH01000046.1	98.326	896	15	0	2177	3072	9354	8459	0.0	1572
NC_011593.1:2598858-2601929	NZ_CALH01000048.1	98.628	729	10	0	1	729	729	1	0.0	1291
# BLASTN 2.3.0+
# Query: NC_011593.1:c2604454-2602106 Bifidobacterium longum subsp. infantis ATCC 15697, complete genome
# Database: db/blast_all_longum_genomes.faa
# 0 hits found
# BLASTN 2.3.0+
# Query: NC_011593.1:c2605922-2604486 Bifidobacterium longum subsp. infantis ATCC 15697, complete genome
# Database: db/blast_all_longum_genomes.faa
# 0 hits found
# BLASTN 2.3.0+
# Query: NC_011593.1:c2606381-2605944 Bifidobacterium longum subsp. infantis ATCC 15697, complete genome
# Database: db/blast_all_longum_genomes.faa
# 0 hits found
# BLASTN 2.3.0+
# Query: NC_011593.1:c2607314-2606418 Bifidobacterium longum subsp. infantis ATCC 15697, complete genome
# Database: db/blast_all_longum_genomes.faa
# 0 hits found
# BLASTN 2.3.0+
# Query: NC_011593.1:c2608249-2607458 Bifidobacterium longum subsp. infantis ATCC 15697, complete genome
# Database: db/blast_all_longum_genomes.faa
# 0 hits found
# BLASTN 2.3.0+
# Query: NC_011593.1:c2609546-2608269 Bifidobacterium longum subsp. infantis ATCC 15697, complete genome
# Database: db/blast_all_longum_genomes.faa
# 0 hits found
# BLASTN 2.3.0+
# Query: NC_011593.1:c2610356-2609697 Bifidobacterium longum subsp. infantis ATCC 15697, complete genome
# Database: db/blast_all_longum_genomes.faa
# 0 hits found
# BLASTN 2.3.0+
# Query: NC_011593.1:c2611458-2610496 Bifidobacterium longum subsp. infantis ATCC 15697, complete genome
# Database: db/blast_all_longum_genomes.faa
# 0 hits found
# BLASTN 2.3.0+
# Query: NC_011593.1:c2612430-2611477 Bifidobacterium longum subsp. infantis ATCC 15697, complete genome
# Database: db/blast_all_longum_genomes.faa
# 0 hits found
# BLASTN 2.3.0+
# Query: NC_011593.1:c2614109-2612517 Bifidobacterium longum subsp. infantis ATCC 15697, complete genome
# Database: db/blast_all_longum_genomes.faa
# 0 hits found
# BLASTN 2.3.0+
# Query: NC_011593.1:c2615274-2614312 Bifidobacterium longum subsp. infantis ATCC 15697, complete genome
# Database: db/blast_all_longum_genomes.faa
# 0 hits found
# BLASTN 2.3.0+
# Query: NC_011593.1:c2616246-2615293 Bifidobacterium longum subsp. infantis ATCC 15697, complete genome
# Database: db/blast_all_longum_genomes.faa
# 0 hits found
# BLASTN 2.3.0+
# Query: NC_011593.1:c2617928-2616333 Bifidobacterium longum subsp. infantis ATCC 15697, complete genome
# Database: db/blast_all_longum_genomes.faa
# 0 hits found
# BLASTN 2.3.0+
# Query: NC_011593.1:c2619247-2618063 Bifidobacterium longum subsp. infantis ATCC 15697, complete genome
# Database: db/blast_all_longum_genomes.faa
# 0 hits found
# BLASTN 2.3.0+
# Query: NC_011593.1:c2620369-2619413 Bifidobacterium longum subsp. infantis ATCC 15697, complete genome
# Database: db/blast_all_longum_genomes.faa
# 0 hits found
# BLASTN 2.3.0+
# Query: NC_011593.1:c2622143-2620551 Bifidobacterium longum subsp. infantis ATCC 15697, complete genome
# Database: db/blast_all_longum_genomes.faa
# 0 hits found
# BLASTN 2.3.0+
# Query: NC_011593.1:c2624124-2622520 Bifidobacterium longum subsp. infantis ATCC 15697, complete genome
# Database: db/blast_all_longum_genomes.faa
# 0 hits found
# BLASTN 2.3.0+
# Query: NC_011593.1:c2626110-2624512 Bifidobacterium longum subsp. infantis ATCC 15697, complete genome
# Database: db/blast_all_longum_genomes.faa
# Fields: query id, subject id, % identity, alignment length, mismatches, gap opens, q. start, q. end, s. start, s. end, evalue, bit score
# 14 hits found
NC_011593.1:c2626110-2624512	NZ_SHPU01000006.1	100.000	30	0	0	1555	1584	29708	29737	5.55e-06	56.5
NC_011593.1:c2626110-2624512	NZ_SHPO01000008.1	100.000	30	0	0	1555	1584	29486	29515	5.55e-06	56.5
NC_011593.1:c2626110-2624512	NZ_SHPR01000009.1	100.000	30	0	0	1555	1584	61001	60972	5.55e-06	56.5
NC_011593.1:c2626110-2624512	NZ_SHPV01000020.1	100.000	30	0	0	1555	1584	22402	22431	5.55e-06	56.5
NC_011593.1:c2626110-2624512	NZ_SHQA01000005.1	100.000	30	0	0	1555	1584	30558	30587	5.55e-06	56.5
NC_011593.1:c2626110-2624512	NZ_SHQI01000009.1	100.000	30	0	0	1555	1584	93607	93578	5.55e-06	56.5
NC_011593.1:c2626110-2624512	NZ_SHSB01000010.1	100.000	30	0	0	1555	1584	73406	73377	5.55e-06	56.5
NC_011593.1:c2626110-2624512	NZ_SHSG01000005.1	100.000	30	0	0	1555	1584	93592	93563	5.55e-06	56.5
NC_011593.1:c2626110-2624512	NZ_SHSV01000006.1	100.000	30	0	0	1555	1584	82247	82218	5.55e-06	56.5
NC_011593.1:c2626110-2624512	NZ_SHTD01000011.1	100.000	30	0	0	1555	1584	65003	64974	5.55e-06	56.5
NC_011593.1:c2626110-2624512	NZ_BCYI01000017.1	100.000	30	0	0	1555	1584	3522	3493	5.55e-06	56.5
NC_011593.1:c2626110-2624512	NZ_BCYH01000011.1	100.000	30	0	0	1555	1584	105055	105026	5.55e-06	56.5
NC_011593.1:c2626110-2624512	NZ_KE145402.1	100.000	30	0	0	1555	1584	19131	19102	5.55e-06	56.5
NC_011593.1:c2626110-2624512	NC_014169.1	100.000	30	0	0	1555	1584	554652	554681	5.55e-06	56.5
# BLASTN 2.3.0+
# Query: NC_011593.1:c2626386-2626264 Bifidobacterium longum subsp. infantis ATCC 15697, complete genome
# Database: db/blast_all_longum_genomes.faa
# 0 hits found
# BLASTN 2.3.0+
# Query: NC_011593.1:c2628158-2626563 Bifidobacterium longum subsp. infantis ATCC 15697, complete genome
# Database: db/blast_all_longum_genomes.faa
# 0 hits found
# BLASTN 2.3.0+
# Query: NC_011593.1:c2630269-2628314 Bifidobacterium longum subsp. infantis ATCC 15697, complete genome
# Database: db/blast_all_longum_genomes.faa
# 0 hits found
# BLASTN 2.3.0+
# Query: NC_011593.1:c2631106-2630366 Bifidobacterium longum subsp. infantis ATCC 15697, complete genome
# Database: db/blast_all_longum_genomes.faa
# 0 hits found
# BLASTN 2.3.0+
# Query: NC_011593.1:c2632432-2631140 Bifidobacterium longum subsp. infantis ATCC 15697, complete genome
# Database: db/blast_all_longum_genomes.faa
# 0 hits found
# BLASTN 2.3.0+
# Query: NC_011593.1:c2633881-2632562 Bifidobacterium longum subsp. infantis ATCC 15697, complete genome
# Database: db/blast_all_longum_genomes.faa
# 0 hits found
# BLASTN 2.3.0+
# Query: NC_011593.1:c2634683-2633865 Bifidobacterium longum subsp. infantis ATCC 15697, complete genome
# Database: db/blast_all_longum_genomes.faa
# 0 hits found
# BLASTN 2.3.0+
# Query: NC_011593.1:c2635627-2634680 Bifidobacterium longum subsp. infantis ATCC 15697, complete genome
# Database: db/blast_all_longum_genomes.faa
# 0 hits found
# BLASTN 2.3.0+
# Query: NC_011593.1:c2636747-2635629 Bifidobacterium longum subsp. infantis ATCC 15697, complete genome
# Database: db/blast_all_longum_genomes.faa
# 0 hits found
# BLAST processed 31 queries
